alfheim:altWood1
12
-128 176 -48
-128 176 -47
-128 177 -48
-128 177 -47
-128 177 -46
-128 177 -45
-128 178 -48
-128 178 -47
-128 178 -46
-128 178 -45
-128 179 -48
-128 179 -47
-128 179 -46
-128 179 -45
-128 179 -44
-128 180 -48
-128 180 -47
-128 180 -46
-128 180 -45
-128 180 -44
-128 180 -43
-128 181 -48
-128 181 -47
-128 181 -46
-128 181 -45
-128 181 -44
-128 181 -43
-128 181 -33
-128 182 -48
-128 182 -47
-128 182 -46
-128 182 -45
-128 182 -44
-128 182 -43
-128 182 -34
-128 182 -33
-128 183 -48
-128 183 -47
-128 183 -46
-128 183 -45
-128 183 -44
-128 183 -35
-128 183 -34
-128 183 -33
-128 184 -48
-128 184 -47
-128 184 -46
-128 184 -45
-128 184 -35
-128 184 -34
-128 184 -33
-128 185 -48
-128 185 -47
-128 185 -46
-128 185 -45
-128 185 -36
-128 185 -35
-128 185 -34
-128 185 -33
-128 186 -48
-128 186 -47
-128 186 -36
-128 186 -35
-128 186 -34
-128 186 -33
-128 187 -48
-128 187 -36
-128 187 -35
-128 187 -34
-128 187 -33
-128 188 -37
-128 188 -36
-128 188 -35
-128 188 -34
-128 188 -33
-128 189 -38
-128 189 -37
-128 189 -36
-128 189 -35
-128 189 -34
-128 189 -33
-128 190 -38
-128 190 -37
-128 190 -36
-128 190 -35
-128 190 -34
-128 190 -33
-128 191 -38
-128 191 -37
-128 191 -36
-128 191 -35
-128 191 -34
-128 191 -33
-128 192 -38
-128 192 -37
-128 192 -36
-128 192 -35
-128 192 -34
-128 192 -33
-127 176 -48
-127 176 -47
-127 176 -46
-127 177 -48
-127 177 -47
-127 177 -46
-127 177 -45
-127 178 -48
-127 178 -47
-127 178 -46
-127 178 -45
-127 178 -44
-127 179 -48
-127 179 -47
-127 179 -46
-127 179 -45
-127 179 -44
-127 179 -43
-127 179 -42
-127 180 -48
-127 180 -47
-127 180 -46
-127 180 -45
-127 180 -44
-127 180 -43
-127 180 -42
-127 181 -48
-127 181 -47
-127 181 -46
-127 181 -45
-127 181 -44
-127 181 -43
-127 181 -42
-127 181 -33
-127 182 -48
-127 182 -47
-127 182 -46
-127 182 -45
-127 182 -44
-127 182 -43
-127 182 -42
-127 182 -34
-127 182 -33
-127 183 -48
-127 183 -47
-127 183 -46
-127 183 -45
-127 183 -44
-127 183 -43
-127 183 -42
-127 183 -35
-127 183 -34
-127 183 -33
-127 184 -48
-127 184 -47
-127 184 -46
-127 184 -45
-127 184 -44
-127 184 -35
-127 184 -34
-127 184 -33
-127 185 -48
-127 185 -47
-127 185 -46
-127 185 -45
-127 185 -35
-127 185 -34
-127 185 -33
-127 186 -48
-127 186 -47
-127 186 -46
-127 186 -36
-127 186 -35
-127 186 -34
-127 186 -33
-127 187 -36
-127 187 -35
-127 187 -34
-127 187 -33
-127 188 -37
-127 188 -36
-127 188 -35
-127 188 -34
-127 188 -33
-127 189 -38
-127 189 -37
-127 189 -36
-127 189 -35
-127 189 -34
-127 189 -33
-127 190 -38
-127 190 -37
-127 190 -36
-127 190 -35
-127 190 -34
-127 190 -33
-127 191 -38
-127 191 -37
-127 191 -36
-127 191 -35
-127 191 -34
-127 191 -33
-127 192 -38
-127 192 -37
-127 192 -36
-127 192 -35
-127 192 -34
-127 192 -33
-126 176 -48
-126 176 -47
-126 176 -46
-126 177 -48
-126 177 -47
-126 177 -46
-126 177 -45
-126 177 -44
-126 177 -43
-126 177 -42
-126 178 -48
-126 178 -47
-126 178 -46
-126 178 -45
-126 178 -44
-126 178 -43
-126 178 -42
-126 179 -48
-126 179 -47
-126 179 -46
-126 179 -45
-126 179 -44
-126 179 -43
-126 179 -42
-126 179 -41
-126 180 -48
-126 180 -47
-126 180 -46
-126 180 -45
-126 180 -44
-126 180 -43
-126 180 -42
-126 180 -41
-126 181 -48
-126 181 -47
-126 181 -46
-126 181 -45
-126 181 -44
-126 181 -43
-126 181 -42
-126 181 -41
-126 181 -33
-126 182 -48
-126 182 -47
-126 182 -46
-126 182 -45
-126 182 -44
-126 182 -43
-126 182 -42
-126 182 -41
-126 182 -34
-126 182 -33
-126 183 -48
-126 183 -47
-126 183 -46
-126 183 -45
-126 183 -44
-126 183 -43
-126 183 -42
-126 183 -41
-126 183 -35
-126 183 -34
-126 183 -33
-126 184 -48
-126 184 -47
-126 184 -46
-126 184 -45
-126 184 -44
-126 184 -43
-126 184 -42
-126 184 -35
-126 184 -34
-126 184 -33
-126 185 -48
-126 185 -47
-126 185 -46
-126 185 -45
-126 185 -44
-126 185 -35
-126 185 -34
-126 185 -33
-126 186 -48
-126 186 -47
-126 186 -46
-126 186 -36
-126 186 -35
-126 186 -34
-126 186 -33
-126 187 -36
-126 187 -35
-126 187 -34
-126 187 -33
-126 188 -37
-126 188 -36
-126 188 -35
-126 188 -34
-126 188 -33
-126 189 -37
-126 189 -36
-126 189 -35
-126 189 -34
-126 189 -33
-126 190 -38
-126 190 -37
-126 190 -36
-126 190 -35
-126 190 -34
-126 190 -33
-126 191 -38
-126 191 -37
-126 191 -36
-126 191 -35
-126 191 -34
-126 191 -33
-126 192 -38
-126 192 -37
-126 192 -36
-126 192 -35
-126 192 -34
-126 192 -33
-125 176 -48
-125 176 -47
-125 176 -46
-125 176 -45
-125 176 -44
-125 176 -43
-125 177 -48
-125 177 -47
-125 177 -46
-125 177 -45
-125 177 -44
-125 177 -43
-125 177 -42
-125 178 -48
-125 178 -47
-125 178 -46
-125 178 -45
-125 178 -44
-125 178 -43
-125 178 -42
-125 178 -41
-125 179 -48
-125 179 -47
-125 179 -46
-125 179 -45
-125 179 -44
-125 179 -43
-125 179 -42
-125 179 -41
-125 179 -40
-125 180 -48
-125 180 -47
-125 180 -46
-125 180 -45
-125 180 -44
-125 180 -43
-125 180 -42
-125 180 -41
-125 180 -40
-125 181 -48
-125 181 -47
-125 181 -46
-125 181 -45
-125 181 -44
-125 181 -43
-125 181 -42
-125 181 -41
-125 181 -40
-125 181 -33
-125 182 -48
-125 182 -47
-125 182 -46
-125 182 -45
-125 182 -44
-125 182 -43
-125 182 -42
-125 182 -41
-125 182 -40
-125 182 -34
-125 182 -33
-125 183 -48
-125 183 -47
-125 183 -46
-125 183 -45
-125 183 -44
-125 183 -43
-125 183 -42
-125 183 -41
-125 183 -40
-125 183 -34
-125 183 -33
-125 184 -48
-125 184 -47
-125 184 -46
-125 184 -45
-125 184 -44
-125 184 -43
-125 184 -42
-125 184 -41
-125 184 -35
-125 184 -34
-125 184 -33
-125 185 -48
-125 185 -47
-125 185 -46
-125 185 -45
-125 185 -44
-125 185 -43
-125 185 -42
-125 185 -35
-125 185 -34
-125 185 -33
-125 186 -48
-125 186 -47
-125 186 -46
-125 186 -45
-125 186 -36
-125 186 -35
-125 186 -34
-125 186 -33
-125 187 -36
-125 187 -35
-125 187 -34
-125 187 -33
-125 188 -37
-125 188 -36
-125 188 -35
-125 188 -34
-125 188 -33
-125 189 -37
-125 189 -36
-125 189 -35
-125 189 -34
-125 189 -33
-125 190 -38
-125 190 -37
-125 190 -36
-125 190 -35
-125 190 -34
-125 190 -33
-125 191 -38
-125 191 -37
-125 191 -36
-125 191 -35
-125 191 -34
-125 191 -33
-125 192 -38
-125 192 -37
-125 192 -36
-125 192 -35
-125 192 -34
-125 192 -33
-124 176 -48
-124 176 -47
-124 176 -46
-124 176 -45
-124 176 -44
-124 176 -43
-124 176 -42
-124 177 -48
-124 177 -47
-124 177 -46
-124 177 -45
-124 177 -44
-124 177 -43
-124 177 -42
-124 178 -48
-124 178 -47
-124 178 -46
-124 178 -45
-124 178 -44
-124 178 -43
-124 178 -42
-124 178 -41
-124 179 -48
-124 179 -47
-124 179 -46
-124 179 -45
-124 179 -44
-124 179 -43
-124 179 -42
-124 179 -41
-124 179 -40
-124 180 -48
-124 180 -47
-124 180 -46
-124 180 -45
-124 180 -44
-124 180 -43
-124 180 -42
-124 180 -41
-124 180 -40
-124 180 -39
-124 181 -48
-124 181 -47
-124 181 -46
-124 181 -45
-124 181 -44
-124 181 -43
-124 181 -42
-124 181 -41
-124 181 -40
-124 181 -39
-124 181 -33
-124 182 -48
-124 182 -47
-124 182 -46
-124 182 -45
-124 182 -44
-124 182 -43
-124 182 -42
-124 182 -41
-124 182 -40
-124 182 -39
-124 182 -34
-124 182 -33
-124 183 -48
-124 183 -47
-124 183 -46
-124 183 -45
-124 183 -44
-124 183 -43
-124 183 -42
-124 183 -41
-124 183 -40
-124 183 -34
-124 183 -33
-124 184 -48
-124 184 -47
-124 184 -46
-124 184 -45
-124 184 -44
-124 184 -43
-124 184 -42
-124 184 -41
-124 184 -40
-124 184 -35
-124 184 -34
-124 184 -33
-124 185 -48
-124 185 -47
-124 185 -46
-124 185 -45
-124 185 -44
-124 185 -43
-124 185 -42
-124 185 -35
-124 185 -34
-124 185 -33
-124 186 -47
-124 186 -46
-124 186 -45
-124 186 -44
-124 186 -43
-124 186 -36
-124 186 -35
-124 186 -34
-124 186 -33
-124 187 -36
-124 187 -35
-124 187 -34
-124 187 -33
-124 188 -36
-124 188 -35
-124 188 -34
-124 188 -33
-124 189 -37
-124 189 -36
-124 189 -35
-124 189 -34
-124 189 -33
-124 190 -37
-124 190 -36
-124 190 -35
-124 190 -34
-124 190 -33
-124 191 -38
-124 191 -37
-124 191 -36
-124 191 -35
-124 191 -34
-124 191 -33
-124 192 -38
-124 192 -37
-124 192 -36
-124 192 -35
-124 192 -34
-124 192 -33
-123 176 -46
-123 176 -45
-123 176 -44
-123 176 -43
-123 176 -42
-123 177 -47
-123 177 -46
-123 177 -45
-123 177 -44
-123 177 -43
-123 177 -42
-123 178 -48
-123 178 -47
-123 178 -46
-123 178 -45
-123 178 -44
-123 178 -43
-123 178 -42
-123 178 -41
-123 178 -40
-123 179 -48
-123 179 -47
-123 179 -46
-123 179 -45
-123 179 -44
-123 179 -43
-123 179 -42
-123 179 -41
-123 179 -40
-123 180 -48
-123 180 -47
-123 180 -46
-123 180 -45
-123 180 -44
-123 180 -43
-123 180 -42
-123 180 -41
-123 180 -40
-123 180 -39
-123 181 -48
-123 181 -47
-123 181 -46
-123 181 -45
-123 181 -44
-123 181 -43
-123 181 -42
-123 181 -41
-123 181 -40
-123 181 -39
-123 181 -33
-123 182 -48
-123 182 -47
-123 182 -46
-123 182 -45
-123 182 -44
-123 182 -43
-123 182 -42
-123 182 -41
-123 182 -40
-123 182 -39
-123 182 -34
-123 182 -33
-123 183 -48
-123 183 -47
-123 183 -46
-123 183 -45
-123 183 -44
-123 183 -43
-123 183 -42
-123 183 -41
-123 183 -40
-123 183 -39
-123 183 -34
-123 183 -33
-123 184 -48
-123 184 -47
-123 184 -46
-123 184 -45
-123 184 -44
-123 184 -43
-123 184 -42
-123 184 -41
-123 184 -40
-123 184 -39
-123 184 -35
-123 184 -34
-123 184 -33
-123 185 -48
-123 185 -47
-123 185 -46
-123 185 -45
-123 185 -44
-123 185 -43
-123 185 -42
-123 185 -41
-123 185 -35
-123 185 -34
-123 185 -33
-123 186 -46
-123 186 -45
-123 186 -44
-123 186 -43
-123 186 -36
-123 186 -35
-123 186 -34
-123 186 -33
-123 187 -36
-123 187 -35
-123 187 -34
-123 187 -33
-123 188 -36
-123 188 -35
-123 188 -34
-123 188 -33
-123 189 -36
-123 189 -35
-123 189 -34
-123 189 -33
-123 190 -37
-123 190 -36
-123 190 -35
-123 190 -34
-123 190 -33
-123 191 -37
-123 191 -36
-123 191 -35
-123 191 -34
-123 191 -33
-123 192 -37
-123 192 -36
-123 192 -35
-123 192 -34
-123 192 -33
-122 176 -46
-122 176 -45
-122 176 -44
-122 176 -43
-122 176 -42
-122 177 -46
-122 177 -45
-122 177 -44
-122 177 -43
-122 177 -42
-122 178 -48
-122 178 -47
-122 178 -46
-122 178 -45
-122 178 -44
-122 178 -43
-122 178 -42
-122 178 -41
-122 178 -40
-122 179 -48
-122 179 -47
-122 179 -46
-122 179 -45
-122 179 -44
-122 179 -43
-122 179 -42
-122 179 -41
-122 179 -40
-122 179 -39
-122 180 -48
-122 180 -47
-122 180 -46
-122 180 -45
-122 180 -44
-122 180 -43
-122 180 -42
-122 180 -41
-122 180 -40
-122 180 -39
-122 180 -38
-122 181 -48
-122 181 -47
-122 181 -46
-122 181 -45
-122 181 -44
-122 181 -43
-122 181 -42
-122 181 -41
-122 181 -40
-122 181 -39
-122 181 -38
-122 181 -33
-122 182 -48
-122 182 -47
-122 182 -46
-122 182 -45
-122 182 -44
-122 182 -43
-122 182 -42
-122 182 -41
-122 182 -40
-122 182 -39
-122 182 -38
-122 182 -34
-122 182 -33
-122 183 -48
-122 183 -47
-122 183 -46
-122 183 -45
-122 183 -44
-122 183 -43
-122 183 -42
-122 183 -41
-122 183 -40
-122 183 -39
-122 183 -38
-122 183 -35
-122 183 -34
-122 183 -33
-122 184 -48
-122 184 -47
-122 184 -46
-122 184 -45
-122 184 -44
-122 184 -43
-122 184 -42
-122 184 -41
-122 184 -40
-122 184 -39
-122 184 -38
-122 184 -35
-122 184 -34
-122 184 -33
-122 185 -48
-122 185 -47
-122 185 -46
-122 185 -45
-122 185 -44
-122 185 -43
-122 185 -42
-122 185 -41
-122 185 -40
-122 185 -39
-122 185 -35
-122 185 -34
-122 185 -33
-122 186 -45
-122 186 -44
-122 186 -43
-122 186 -42
-122 186 -36
-122 186 -35
-122 186 -34
-122 186 -33
-122 187 -36
-122 187 -35
-122 187 -34
-122 187 -33
-122 188 -36
-122 188 -35
-122 188 -34
-122 188 -33
-122 189 -36
-122 189 -35
-122 189 -34
-122 189 -33
-122 190 -37
-122 190 -36
-122 190 -35
-122 190 -34
-122 190 -33
-122 191 -37
-122 191 -36
-122 191 -35
-122 191 -34
-122 191 -33
-122 192 -37
-122 192 -36
-122 192 -35
-122 192 -34
-122 192 -33
-121 176 -45
-121 176 -44
-121 176 -43
-121 177 -46
-121 177 -45
-121 177 -44
-121 177 -43
-121 177 -42
-121 177 -41
-121 178 -47
-121 178 -46
-121 178 -45
-121 178 -44
-121 178 -43
-121 178 -42
-121 178 -41
-121 178 -40
-121 178 -39
-121 178 -38
-121 179 -48
-121 179 -47
-121 179 -46
-121 179 -45
-121 179 -44
-121 179 -43
-121 179 -42
-121 179 -41
-121 179 -40
-121 179 -39
-121 179 -38
-121 179 -37
-121 179 -36
-121 180 -48
-121 180 -47
-121 180 -46
-121 180 -45
-121 180 -44
-121 180 -43
-121 180 -42
-121 180 -41
-121 180 -40
-121 180 -39
-121 180 -38
-121 180 -37
-121 180 -36
-121 180 -35
-121 181 -48
-121 181 -47
-121 181 -46
-121 181 -45
-121 181 -44
-121 181 -43
-121 181 -42
-121 181 -41
-121 181 -40
-121 181 -39
-121 181 -38
-121 181 -37
-121 181 -36
-121 181 -35
-121 181 -33
-121 182 -48
-121 182 -47
-121 182 -46
-121 182 -45
-121 182 -44
-121 182 -43
-121 182 -42
-121 182 -41
-121 182 -40
-121 182 -39
-121 182 -38
-121 182 -37
-121 182 -36
-121 182 -35
-121 182 -34
-121 182 -33
-121 183 -48
-121 183 -47
-121 183 -46
-121 183 -45
-121 183 -44
-121 183 -43
-121 183 -42
-121 183 -41
-121 183 -40
-121 183 -39
-121 183 -38
-121 183 -37
-121 183 -36
-121 183 -35
-121 183 -34
-121 183 -33
-121 184 -48
-121 184 -47
-121 184 -46
-121 184 -45
-121 184 -44
-121 184 -43
-121 184 -42
-121 184 -41
-121 184 -40
-121 184 -39
-121 184 -38
-121 184 -37
-121 184 -36
-121 184 -35
-121 184 -34
-121 184 -33
-121 185 -48
-121 185 -47
-121 185 -46
-121 185 -45
-121 185 -44
-121 185 -43
-121 185 -42
-121 185 -41
-121 185 -40
-121 185 -39
-121 185 -38
-121 185 -37
-121 185 -36
-121 185 -35
-121 185 -34
-121 185 -33
-121 186 -44
-121 186 -43
-121 186 -42
-121 186 -41
-121 186 -40
-121 186 -39
-121 186 -36
-121 186 -35
-121 186 -34
-121 186 -33
-121 187 -36
-121 187 -35
-121 187 -34
-121 187 -33
-121 188 -36
-121 188 -35
-121 188 -34
-121 188 -33
-121 189 -36
-121 189 -35
-121 189 -34
-121 189 -33
-121 190 -36
-121 190 -35
-121 190 -34
-121 190 -33
-121 191 -36
-121 191 -35
-121 191 -34
-121 191 -33
-121 192 -37
-121 192 -36
-121 192 -35
-121 192 -34
-121 192 -33
-120 177 -43
-120 177 -42
-120 177 -41
-120 177 -40
-120 177 -39
-120 178 -46
-120 178 -45
-120 178 -44
-120 178 -43
-120 178 -42
-120 178 -41
-120 178 -40
-120 178 -39
-120 178 -38
-120 178 -37
-120 178 -36
-120 178 -35
-120 179 -47
-120 179 -46
-120 179 -45
-120 179 -44
-120 179 -43
-120 179 -42
-120 179 -41
-120 179 -40
-120 179 -39
-120 179 -38
-120 179 -37
-120 179 -36
-120 179 -35
-120 179 -34
-120 180 -47
-120 180 -46
-120 180 -45
-120 180 -44
-120 180 -43
-120 180 -42
-120 180 -41
-120 180 -40
-120 180 -39
-120 180 -38
-120 180 -37
-120 180 -36
-120 180 -35
-120 180 -34
-120 181 -48
-120 181 -47
-120 181 -46
-120 181 -45
-120 181 -44
-120 181 -43
-120 181 -42
-120 181 -41
-120 181 -40
-120 181 -39
-120 181 -38
-120 181 -37
-120 181 -36
-120 181 -35
-120 181 -34
-120 181 -33
-120 182 -48
-120 182 -47
-120 182 -46
-120 182 -45
-120 182 -44
-120 182 -43
-120 182 -42
-120 182 -41
-120 182 -40
-120 182 -39
-120 182 -38
-120 182 -37
-120 182 -36
-120 182 -35
-120 182 -34
-120 182 -33
-120 183 -48
-120 183 -47
-120 183 -46
-120 183 -45
-120 183 -44
-120 183 -43
-120 183 -42
-120 183 -41
-120 183 -40
-120 183 -39
-120 183 -38
-120 183 -37
-120 183 -36
-120 183 -35
-120 183 -34
-120 183 -33
-120 184 -48
-120 184 -47
-120 184 -46
-120 184 -45
-120 184 -44
-120 184 -43
-120 184 -42
-120 184 -41
-120 184 -40
-120 184 -39
-120 184 -38
-120 184 -37
-120 184 -36
-120 184 -35
-120 184 -34
-120 184 -33
-120 185 -48
-120 185 -47
-120 185 -46
-120 185 -45
-120 185 -44
-120 185 -43
-120 185 -42
-120 185 -41
-120 185 -40
-120 185 -39
-120 185 -38
-120 185 -37
-120 185 -36
-120 185 -35
-120 185 -34
-120 185 -33
-120 186 -43
-120 186 -42
-120 186 -41
-120 186 -40
-120 186 -39
-120 186 -36
-120 186 -35
-120 186 -34
-120 186 -33
-120 187 -42
-120 187 -41
-120 187 -40
-120 187 -36
-120 187 -35
-120 187 -34
-120 187 -33
-120 188 -36
-120 188 -35
-120 188 -34
-120 188 -33
-120 189 -36
-120 189 -35
-120 189 -34
-120 189 -33
-120 190 -36
-120 190 -35
-120 190 -34
-120 190 -33
-120 191 -36
-120 191 -35
-120 191 -34
-120 191 -33
-120 192 -36
-120 192 -35
-120 192 -34
-120 192 -33
-119 177 -42
-119 177 -41
-119 177 -40
-119 177 -39
-119 177 -38
-119 177 -37
-119 177 -36
-119 177 -35
-119 178 -44
-119 178 -43
-119 178 -42
-119 178 -41
-119 178 -40
-119 178 -39
-119 178 -38
-119 178 -37
-119 178 -36
-119 178 -35
-119 178 -34
-119 179 -46
-119 179 -45
-119 179 -44
-119 179 -43
-119 179 -42
-119 179 -41
-119 179 -40
-119 179 -39
-119 179 -38
-119 179 -37
-119 179 -36
-119 179 -35
-119 179 -34
-119 179 -33
-119 180 -46
-119 180 -45
-119 180 -44
-119 180 -43
-119 180 -42
-119 180 -41
-119 180 -40
-119 180 -39
-119 180 -38
-119 180 -37
-119 180 -36
-119 180 -35
-119 180 -34
-119 180 -33
-119 181 -47
-119 181 -46
-119 181 -45
-119 181 -44
-119 181 -43
-119 181 -42
-119 181 -41
-119 181 -40
-119 181 -39
-119 181 -38
-119 181 -37
-119 181 -36
-119 181 -35
-119 181 -34
-119 181 -33
-119 182 -48
-119 182 -47
-119 182 -46
-119 182 -45
-119 182 -44
-119 182 -43
-119 182 -42
-119 182 -41
-119 182 -40
-119 182 -39
-119 182 -38
-119 182 -37
-119 182 -36
-119 182 -35
-119 182 -34
-119 182 -33
-119 183 -48
-119 183 -47
-119 183 -46
-119 183 -45
-119 183 -44
-119 183 -43
-119 183 -42
-119 183 -41
-119 183 -40
-119 183 -39
-119 183 -38
-119 183 -37
-119 183 -36
-119 183 -35
-119 183 -34
-119 183 -33
-119 184 -48
-119 184 -47
-119 184 -46
-119 184 -45
-119 184 -44
-119 184 -43
-119 184 -42
-119 184 -41
-119 184 -40
-119 184 -39
-119 184 -38
-119 184 -37
-119 184 -36
-119 184 -35
-119 184 -34
-119 184 -33
-119 185 -48
-119 185 -47
-119 185 -46
-119 185 -45
-119 185 -44
-119 185 -43
-119 185 -42
-119 185 -41
-119 185 -40
-119 185 -39
-119 185 -38
-119 185 -37
-119 185 -36
-119 185 -35
-119 185 -34
-119 185 -33
-119 186 -43
-119 186 -42
-119 186 -41
-119 186 -40
-119 186 -39
-119 186 -38
-119 186 -37
-119 186 -36
-119 186 -35
-119 186 -34
-119 186 -33
-119 187 -42
-119 187 -41
-119 187 -40
-119 187 -36
-119 187 -35
-119 187 -34
-119 187 -33
-119 188 -36
-119 188 -35
-119 188 -34
-119 188 -33
-119 189 -36
-119 189 -35
-119 189 -34
-119 189 -33
-119 190 -36
-119 190 -35
-119 190 -34
-119 190 -33
-119 191 -36
-119 191 -35
-119 191 -34
-119 191 -33
-119 192 -36
-119 192 -35
-119 192 -34
-119 192 -33
-118 176 -38
-118 176 -37
-118 176 -36
-118 177 -42
-118 177 -41
-118 177 -40
-118 177 -39
-118 177 -38
-118 177 -37
-118 177 -36
-118 177 -35
-118 177 -34
-118 178 -43
-118 178 -42
-118 178 -41
-118 178 -40
-118 178 -39
-118 178 -38
-118 178 -37
-118 178 -36
-118 178 -35
-118 178 -34
-118 178 -33
-118 179 -45
-118 179 -44
-118 179 -43
-118 179 -42
-118 179 -41
-118 179 -40
-118 179 -39
-118 179 -38
-118 179 -37
-118 179 -36
-118 179 -35
-118 179 -34
-118 179 -33
-118 180 -45
-118 180 -44
-118 180 -43
-118 180 -42
-118 180 -41
-118 180 -40
-118 180 -39
-118 180 -38
-118 180 -37
-118 180 -36
-118 180 -35
-118 180 -34
-118 180 -33
-118 181 -46
-118 181 -45
-118 181 -44
-118 181 -43
-118 181 -42
-118 181 -41
-118 181 -40
-118 181 -39
-118 181 -38
-118 181 -37
-118 181 -36
-118 181 -35
-118 181 -34
-118 181 -33
-118 182 -48
-118 182 -47
-118 182 -46
-118 182 -45
-118 182 -44
-118 182 -43
-118 182 -42
-118 182 -41
-118 182 -40
-118 182 -39
-118 182 -38
-118 182 -37
-118 182 -36
-118 182 -35
-118 182 -34
-118 182 -33
-118 183 -48
-118 183 -47
-118 183 -46
-118 183 -45
-118 183 -44
-118 183 -43
-118 183 -42
-118 183 -41
-118 183 -40
-118 183 -39
-118 183 -38
-118 183 -37
-118 183 -36
-118 183 -35
-118 183 -34
-118 183 -33
-118 184 -48
-118 184 -47
-118 184 -46
-118 184 -45
-118 184 -44
-118 184 -43
-118 184 -42
-118 184 -41
-118 184 -40
-118 184 -39
-118 184 -38
-118 184 -37
-118 184 -36
-118 184 -35
-118 184 -34
-118 184 -33
-118 185 -45
-118 185 -44
-118 185 -43
-118 185 -42
-118 185 -41
-118 185 -40
-118 185 -39
-118 185 -38
-118 185 -37
-118 185 -36
-118 185 -35
-118 185 -34
-118 185 -33
-118 186 -43
-118 186 -42
-118 186 -41
-118 186 -40
-118 186 -39
-118 186 -38
-118 186 -37
-118 186 -36
-118 186 -35
-118 186 -34
-118 186 -33
-118 187 -42
-118 187 -41
-118 187 -40
-118 187 -36
-118 187 -35
-118 187 -34
-118 187 -33
-118 188 -36
-118 188 -35
-118 188 -34
-118 188 -33
-118 189 -36
-118 189 -35
-118 189 -34
-118 189 -33
-118 190 -36
-118 190 -35
-118 190 -34
-118 190 -33
-118 191 -36
-118 191 -35
-118 191 -34
-118 191 -33
-118 192 -36
-118 192 -35
-118 192 -34
-118 192 -33
-117 176 -39
-117 176 -38
-117 176 -37
-117 176 -36
-117 176 -35
-117 177 -42
-117 177 -41
-117 177 -40
-117 177 -39
-117 177 -38
-117 177 -37
-117 177 -36
-117 177 -35
-117 177 -34
-117 178 -43
-117 178 -42
-117 178 -41
-117 178 -40
-117 178 -39
-117 178 -38
-117 178 -37
-117 178 -36
-117 178 -35
-117 178 -34
-117 178 -33
-117 179 -44
-117 179 -43
-117 179 -42
-117 179 -41
-117 179 -40
-117 179 -39
-117 179 -38
-117 179 -37
-117 179 -36
-117 179 -35
-117 179 -34
-117 179 -33
-117 180 -45
-117 180 -44
-117 180 -43
-117 180 -42
-117 180 -41
-117 180 -40
-117 180 -39
-117 180 -38
-117 180 -37
-117 180 -36
-117 180 -35
-117 180 -34
-117 180 -33
-117 181 -45
-117 181 -44
-117 181 -43
-117 181 -42
-117 181 -41
-117 181 -40
-117 181 -39
-117 181 -38
-117 181 -37
-117 181 -36
-117 181 -35
-117 181 -34
-117 181 -33
-117 182 -45
-117 182 -44
-117 182 -43
-117 182 -42
-117 182 -41
-117 182 -40
-117 182 -39
-117 182 -38
-117 182 -37
-117 182 -36
-117 182 -35
-117 182 -34
-117 182 -33
-117 183 -45
-117 183 -44
-117 183 -43
-117 183 -42
-117 183 -41
-117 183 -40
-117 183 -39
-117 183 -38
-117 183 -37
-117 183 -36
-117 183 -35
-117 183 -34
-117 183 -33
-117 184 -45
-117 184 -44
-117 184 -43
-117 184 -42
-117 184 -41
-117 184 -40
-117 184 -39
-117 184 -38
-117 184 -37
-117 184 -36
-117 184 -35
-117 184 -34
-117 184 -33
-117 185 -44
-117 185 -43
-117 185 -42
-117 185 -41
-117 185 -40
-117 185 -39
-117 185 -38
-117 185 -37
-117 185 -36
-117 185 -35
-117 185 -34
-117 185 -33
-117 186 -43
-117 186 -42
-117 186 -41
-117 186 -40
-117 186 -39
-117 186 -38
-117 186 -37
-117 186 -36
-117 186 -35
-117 186 -34
-117 186 -33
-117 187 -36
-117 187 -35
-117 187 -34
-117 187 -33
-117 188 -36
-117 188 -35
-117 188 -34
-117 188 -33
-117 189 -36
-117 189 -35
-117 189 -34
-117 189 -33
-117 190 -36
-117 190 -35
-117 190 -34
-117 190 -33
-117 191 -36
-117 191 -35
-117 191 -34
-117 191 -33
-117 192 -36
-117 192 -35
-117 192 -34
-117 192 -33
-116 176 -39
-116 176 -38
-116 176 -37
-116 176 -36
-116 176 -35
-116 177 -41
-116 177 -40
-116 177 -39
-116 177 -38
-116 177 -37
-116 177 -36
-116 177 -35
-116 177 -34
-116 178 -43
-116 178 -42
-116 178 -41
-116 178 -40
-116 178 -39
-116 178 -38
-116 178 -37
-116 178 -36
-116 178 -35
-116 178 -34
-116 178 -33
-116 179 -43
-116 179 -42
-116 179 -41
-116 179 -40
-116 179 -39
-116 179 -38
-116 179 -37
-116 179 -36
-116 179 -35
-116 179 -34
-116 179 -33
-116 180 -44
-116 180 -43
-116 180 -42
-116 180 -41
-116 180 -40
-116 180 -39
-116 180 -38
-116 180 -37
-116 180 -36
-116 180 -35
-116 180 -34
-116 180 -33
-116 181 -44
-116 181 -43
-116 181 -42
-116 181 -41
-116 181 -40
-116 181 -39
-116 181 -38
-116 181 -37
-116 181 -36
-116 181 -35
-116 181 -34
-116 181 -33
-116 182 -44
-116 182 -43
-116 182 -42
-116 182 -41
-116 182 -40
-116 182 -39
-116 182 -38
-116 182 -37
-116 182 -36
-116 182 -35
-116 182 -34
-116 182 -33
-116 183 -44
-116 183 -43
-116 183 -42
-116 183 -41
-116 183 -40
-116 183 -39
-116 183 -38
-116 183 -37
-116 183 -36
-116 183 -35
-116 183 -34
-116 183 -33
-116 184 -44
-116 184 -43
-116 184 -42
-116 184 -41
-116 184 -40
-116 184 -39
-116 184 -38
-116 184 -37
-116 184 -36
-116 184 -35
-116 184 -34
-116 184 -33
-116 185 -43
-116 185 -42
-116 185 -41
-116 185 -40
-116 185 -39
-116 185 -38
-116 185 -37
-116 185 -36
-116 185 -35
-116 185 -34
-116 185 -33
-116 186 -39
-116 186 -38
-116 186 -37
-116 186 -36
-116 186 -35
-116 186 -34
-116 186 -33
-116 187 -36
-116 187 -35
-116 187 -34
-116 187 -33
-116 188 -36
-116 188 -35
-116 188 -34
-116 188 -33
-116 189 -36
-116 189 -35
-116 189 -34
-116 189 -33
-116 190 -36
-116 190 -35
-116 190 -34
-116 190 -33
-116 191 -36
-116 191 -35
-116 191 -34
-116 191 -33
-116 192 -36
-116 192 -35
-116 192 -34
-116 192 -33
-115 176 -39
-115 176 -38
-115 176 -37
-115 176 -36
-115 176 -35
-115 177 -40
-115 177 -39
-115 177 -38
-115 177 -37
-115 177 -36
-115 177 -35
-115 177 -34
-115 178 -41
-115 178 -40
-115 178 -39
-115 178 -38
-115 178 -37
-115 178 -36
-115 178 -35
-115 178 -34
-115 178 -33
-115 179 -42
-115 179 -41
-115 179 -40
-115 179 -39
-115 179 -38
-115 179 -37
-115 179 -36
-115 179 -35
-115 179 -34
-115 179 -33
-115 180 -43
-115 180 -42
-115 180 -41
-115 180 -40
-115 180 -39
-115 180 -38
-115 180 -37
-115 180 -36
-115 180 -35
-115 180 -34
-115 180 -33
-115 181 -43
-115 181 -42
-115 181 -41
-115 181 -40
-115 181 -39
-115 181 -38
-115 181 -37
-115 181 -36
-115 181 -35
-115 181 -34
-115 181 -33
-115 182 -43
-115 182 -42
-115 182 -41
-115 182 -40
-115 182 -39
-115 182 -38
-115 182 -37
-115 182 -36
-115 182 -35
-115 182 -34
-115 182 -33
-115 183 -43
-115 183 -42
-115 183 -41
-115 183 -40
-115 183 -39
-115 183 -38
-115 183 -37
-115 183 -36
-115 183 -35
-115 183 -34
-115 183 -33
-115 184 -43
-115 184 -42
-115 184 -41
-115 184 -40
-115 184 -39
-115 184 -38
-115 184 -37
-115 184 -36
-115 184 -35
-115 184 -34
-115 184 -33
-115 185 -41
-115 185 -40
-115 185 -39
-115 185 -38
-115 185 -37
-115 185 -36
-115 185 -35
-115 185 -34
-115 185 -33
-115 186 -38
-115 186 -37
-115 186 -36
-115 186 -35
-115 186 -34
-115 186 -33
-115 187 -36
-115 187 -35
-115 187 -34
-115 187 -33
-115 188 -36
-115 188 -35
-115 188 -34
-115 188 -33
-115 189 -36
-115 189 -35
-115 189 -34
-115 189 -33
-115 190 -36
-115 190 -35
-115 190 -34
-115 190 -33
-115 191 -36
-115 191 -35
-115 191 -34
-115 191 -33
-115 192 -36
-115 192 -35
-115 192 -34
-115 192 -33
-114 176 -38
-114 176 -37
-114 176 -36
-114 177 -40
-114 177 -39
-114 177 -38
-114 177 -37
-114 177 -36
-114 177 -35
-114 177 -34
-114 178 -41
-114 178 -40
-114 178 -39
-114 178 -38
-114 178 -37
-114 178 -36
-114 178 -35
-114 178 -34
-114 178 -33
-114 179 -41
-114 179 -40
-114 179 -39
-114 179 -38
-114 179 -37
-114 179 -36
-114 179 -35
-114 179 -34
-114 179 -33
-114 180 -42
-114 180 -41
-114 180 -40
-114 180 -39
-114 180 -38
-114 180 -37
-114 180 -36
-114 180 -35
-114 180 -34
-114 180 -33
-114 181 -42
-114 181 -41
-114 181 -40
-114 181 -39
-114 181 -38
-114 181 -37
-114 181 -36
-114 181 -35
-114 181 -34
-114 181 -33
-114 182 -42
-114 182 -41
-114 182 -40
-114 182 -39
-114 182 -38
-114 182 -37
-114 182 -36
-114 182 -35
-114 182 -34
-114 182 -33
-114 183 -41
-114 183 -39
-114 183 -38
-114 183 -37
-114 183 -36
-114 183 -35
-114 183 -34
-114 183 -33
-114 184 -40
-114 184 -39
-114 184 -38
-114 184 -37
-114 184 -36
-114 184 -35
-114 184 -34
-114 184 -33
-114 185 -39
-114 185 -38
-114 185 -37
-114 185 -36
-114 185 -35
-114 185 -34
-114 185 -33
-114 186 -37
-114 186 -36
-114 186 -35
-114 186 -34
-114 186 -33
-114 187 -37
-114 187 -36
-114 187 -35
-114 187 -34
-114 187 -33
-114 188 -36
-114 188 -35
-114 188 -34
-114 188 -33
-114 189 -36
-114 189 -35
-114 189 -34
-114 189 -33
-114 190 -36
-114 190 -35
-114 190 -34
-114 190 -33
-114 191 -36
-114 191 -35
-114 191 -34
-114 191 -33
-114 192 -36
-114 192 -35
-114 192 -34
-114 192 -33
-113 177 -39
-113 177 -38
-113 177 -37
-113 177 -36
-113 177 -35
-113 178 -40
-113 178 -39
-113 178 -38
-113 178 -37
-113 178 -36
-113 178 -35
-113 178 -34
-113 178 -33
-113 179 -40
-113 179 -39
-113 179 -38
-113 179 -37
-113 179 -36
-113 179 -35
-113 179 -34
-113 179 -33
-113 180 -40
-113 180 -39
-113 180 -38
-113 180 -37
-113 180 -36
-113 180 -35
-113 180 -34
-113 180 -33
-113 181 -40
-113 181 -39
-113 181 -38
-113 181 -37
-113 181 -36
-113 181 -35
-113 181 -34
-113 181 -33
-113 182 -40
-113 182 -39
-113 182 -38
-113 182 -37
-113 182 -36
-113 182 -35
-113 182 -34
-113 182 -33
-113 183 -39
-113 183 -38
-113 183 -37
-113 183 -36
-113 183 -35
-113 183 -34
-113 183 -33
-113 184 -39
-113 184 -38
-113 184 -37
-113 184 -36
-113 184 -35
-113 184 -34
-113 184 -33
-113 185 -38
-113 185 -37
-113 185 -36
-113 185 -35
-113 185 -34
-113 185 -33
-113 186 -37
-113 186 -36
-113 186 -35
-113 186 -34
-113 186 -33
-113 187 -37
-113 187 -36
-113 187 -35
-113 187 -34
-113 187 -33
-113 188 -36
-113 188 -35
-113 188 -34
-113 188 -33
-113 189 -36
-113 189 -35
-113 189 -34
-113 189 -33
-113 190 -36
-113 190 -35
-113 190 -34
-113 190 -33
-113 191 -36
-113 191 -35
-113 191 -34
-113 191 -33
-113 192 -36
-113 192 -35
-113 192 -34
-113 192 -33
-128 193 -38
-128 193 -37
-128 193 -36
-128 193 -35
-128 193 -34
-128 193 -33
-128 194 -38
-128 194 -37
-128 194 -36
-128 194 -35
-128 194 -34
-128 194 -33
-128 195 -38
-128 195 -37
-128 195 -36
-128 195 -35
-128 195 -34
-128 195 -33
-128 196 -38
-128 196 -37
-128 196 -36
-128 196 -35
-128 196 -34
-128 196 -33
-128 197 -38
-128 197 -37
-128 197 -36
-128 197 -35
-128 197 -34
-128 197 -33
-128 198 -38
-128 198 -37
-128 198 -36
-128 198 -35
-128 198 -34
-128 198 -33
-128 199 -37
-128 199 -36
-128 199 -35
-128 199 -34
-128 199 -33
-128 200 -35
-128 200 -34
-128 200 -33
-127 193 -38
-127 193 -37
-127 193 -36
-127 193 -35
-127 193 -34
-127 193 -33
-127 194 -38
-127 194 -37
-127 194 -36
-127 194 -35
-127 194 -34
-127 194 -33
-127 195 -38
-127 195 -37
-127 195 -36
-127 195 -35
-127 195 -34
-127 195 -33
-127 196 -38
-127 196 -37
-127 196 -36
-127 196 -35
-127 196 -34
-127 196 -33
-127 197 -38
-127 197 -37
-127 197 -36
-127 197 -35
-127 197 -34
-127 197 -33
-127 198 -37
-127 198 -36
-127 198 -35
-127 198 -34
-127 198 -33
-127 199 -36
-127 199 -35
-127 199 -34
-127 199 -33
-127 200 -35
-127 200 -34
-127 200 -33
-126 193 -38
-126 193 -37
-126 193 -36
-126 193 -35
-126 193 -34
-126 193 -33
-126 194 -38
-126 194 -37
-126 194 -36
-126 194 -35
-126 194 -34
-126 194 -33
-126 195 -38
-126 195 -37
-126 195 -36
-126 195 -35
-126 195 -34
-126 195 -33
-126 196 -38
-126 196 -37
-126 196 -36
-126 196 -35
-126 196 -34
-126 196 -33
-126 197 -38
-126 197 -37
-126 197 -36
-126 197 -35
-126 197 -34
-126 197 -33
-126 198 -37
-126 198 -36
-126 198 -35
-126 198 -34
-126 198 -33
-126 199 -36
-126 199 -35
-126 199 -34
-126 199 -33
-126 200 -35
-126 200 -34
-126 200 -33
-125 193 -38
-125 193 -37
-125 193 -36
-125 193 -35
-125 193 -34
-125 193 -33
-125 194 -38
-125 194 -37
-125 194 -36
-125 194 -35
-125 194 -34
-125 194 -33
-125 195 -38
-125 195 -37
-125 195 -36
-125 195 -35
-125 195 -34
-125 195 -33
-125 196 -38
-125 196 -37
-125 196 -36
-125 196 -35
-125 196 -34
-125 196 -33
-125 197 -37
-125 197 -36
-125 197 -35
-125 197 -34
-125 197 -33
-125 198 -37
-125 198 -36
-125 198 -35
-125 198 -34
-125 198 -33
-125 199 -36
-125 199 -35
-125 199 -34
-125 199 -33
-125 200 -35
-125 200 -34
-125 200 -33
-124 193 -38
-124 193 -37
-124 193 -36
-124 193 -35
-124 193 -34
-124 193 -33
-124 194 -38
-124 194 -37
-124 194 -36
-124 194 -35
-124 194 -34
-124 194 -33
-124 195 -38
-124 195 -37
-124 195 -36
-124 195 -35
-124 195 -34
-124 195 -33
-124 196 -37
-124 196 -36
-124 196 -35
-124 196 -34
-124 196 -33
-124 197 -37
-124 197 -36
-124 197 -35
-124 197 -34
-124 197 -33
-124 198 -37
-124 198 -36
-124 198 -35
-124 198 -34
-124 198 -33
-124 199 -36
-124 199 -35
-124 199 -34
-124 199 -33
-124 200 -35
-124 200 -34
-124 200 -33
-123 193 -37
-123 193 -36
-123 193 -35
-123 193 -34
-123 193 -33
-123 194 -38
-123 194 -37
-123 194 -36
-123 194 -35
-123 194 -34
-123 194 -33
-123 195 -37
-123 195 -36
-123 195 -35
-123 195 -34
-123 195 -33
-123 196 -37
-123 196 -36
-123 196 -35
-123 196 -34
-123 196 -33
-123 197 -37
-123 197 -36
-123 197 -35
-123 197 -34
-123 197 -33
-123 198 -37
-123 198 -36
-123 198 -35
-123 198 -34
-123 198 -33
-123 199 -36
-123 199 -35
-123 199 -34
-123 199 -33
-123 200 -34
-123 200 -33
-123 202 -44
-123 202 -43
-123 202 -42
-123 203 -44
-123 203 -43
-123 203 -42
-123 204 -44
-123 204 -43
-123 204 -42
-122 193 -37
-122 193 -36
-122 193 -35
-122 193 -34
-122 193 -33
-122 194 -37
-122 194 -36
-122 194 -35
-122 194 -34
-122 194 -33
-122 195 -37
-122 195 -36
-122 195 -35
-122 195 -34
-122 195 -33
-122 196 -37
-122 196 -36
-122 196 -35
-122 196 -34
-122 196 -33
-122 197 -37
-122 197 -36
-122 197 -35
-122 197 -34
-122 197 -33
-122 198 -36
-122 198 -35
-122 198 -34
-122 198 -33
-122 199 -35
-122 199 -34
-122 199 -33
-122 200 -34
-122 200 -33
-122 201 -44
-122 201 -43
-122 201 -42
-122 202 -44
-122 202 -43
-122 202 -42
-122 202 -41
-122 203 -44
-122 203 -43
-122 203 -42
-122 203 -41
-122 204 -44
-122 204 -43
-122 204 -42
-122 204 -41
-121 193 -37
-121 193 -36
-121 193 -35
-121 193 -34
-121 193 -33
-121 194 -37
-121 194 -36
-121 194 -35
-121 194 -34
-121 194 -33
-121 195 -37
-121 195 -36
-121 195 -35
-121 195 -34
-121 195 -33
-121 196 -37
-121 196 -36
-121 196 -35
-121 196 -34
-121 196 -33
-121 197 -36
-121 197 -35
-121 197 -34
-121 197 -33
-121 198 -36
-121 198 -35
-121 198 -34
-121 198 -33
-121 199 -35
-121 199 -34
-121 199 -33
-121 200 -33
-121 201 -44
-121 201 -43
-121 201 -42
-121 202 -45
-121 202 -44
-121 202 -43
-121 202 -42
-121 202 -41
-121 203 -45
-121 203 -44
-121 203 -43
-121 203 -42
-121 203 -41
-121 204 -45
-121 204 -44
-121 204 -43
-121 204 -42
-121 204 -41
-121 205 -44
-121 205 -43
-121 205 -42
-120 193 -37
-120 193 -36
-120 193 -35
-120 193 -34
-120 193 -33
-120 194 -37
-120 194 -36
-120 194 -35
-120 194 -34
-120 194 -33
-120 195 -37
-120 195 -36
-120 195 -35
-120 195 -34
-120 195 -33
-120 196 -36
-120 196 -35
-120 196 -34
-120 196 -33
-120 197 -36
-120 197 -35
-120 197 -34
-120 197 -33
-120 198 -35
-120 198 -34
-120 198 -33
-120 199 -34
-120 199 -33
-120 201 -44
-120 201 -43
-120 201 -42
-120 202 -45
-120 202 -44
-120 202 -43
-120 202 -42
-120 202 -41
-120 203 -45
-120 203 -44
-120 203 -43
-120 203 -42
-120 203 -41
-120 204 -45
-120 204 -44
-120 204 -43
-120 204 -42
-120 204 -41
-120 205 -44
-120 205 -43
-120 205 -42
-119 193 -36
-119 193 -35
-119 193 -34
-119 193 -33
-119 194 -36
-119 194 -35
-119 194 -34
-119 194 -33
-119 195 -36
-119 195 -35
-119 195 -34
-119 195 -33
-119 196 -36
-119 196 -35
-119 196 -34
-119 196 -33
-119 197 -35
-119 197 -34
-119 197 -33
-119 198 -34
-119 198 -33
-119 199 -33
-119 201 -45
-119 201 -44
-119 201 -43
-119 201 -42
-119 201 -41
-119 202 -45
-119 202 -44
-119 202 -43
-119 202 -42
-119 202 -41
-119 203 -45
-119 203 -44
-119 203 -43
-119 203 -42
-119 203 -41
-119 204 -45
-119 204 -44
-119 204 -43
-119 204 -42
-119 204 -41
-119 205 -44
-119 205 -43
-119 205 -42
-118 193 -36
-118 193 -35
-118 193 -34
-118 193 -33
-118 194 -36
-118 194 -35
-118 194 -34
-118 194 -33
-118 195 -36
-118 195 -35
-118 195 -34
-118 195 -33
-118 196 -36
-118 196 -35
-118 196 -34
-118 196 -33
-118 197 -35
-118 197 -34
-118 197 -33
-118 198 -34
-118 198 -33
-118 199 -33
-118 200 -45
-118 200 -44
-118 200 -43
-118 201 -45
-118 201 -44
-118 201 -43
-118 201 -42
-118 201 -41
-118 201 -40
-118 202 -45
-118 202 -44
-118 202 -43
-118 202 -42
-118 202 -41
-118 202 -40
-118 203 -45
-118 203 -44
-118 203 -43
-118 203 -42
-118 203 -41
-118 203 -40
-118 204 -44
-118 204 -43
-118 204 -42
-118 204 -41
-117 193 -36
-117 193 -35
-117 193 -34
-117 193 -33
-117 194 -36
-117 194 -35
-117 194 -34
-117 194 -33
-117 195 -36
-117 195 -35
-117 195 -34
-117 195 -33
-117 196 -36
-117 196 -35
-117 196 -34
-117 196 -33
-117 197 -35
-117 197 -34
-117 197 -33
-117 198 -34
-117 198 -33
-117 199 -33
-117 200 -45
-117 200 -44
-117 200 -43
-117 200 -42
-117 200 -41
-117 200 -40
-117 201 -46
-117 201 -45
-117 201 -44
-117 201 -43
-117 201 -42
-117 201 -41
-117 201 -40
-117 201 -39
-117 202 -46
-117 202 -45
-117 202 -44
-117 202 -43
-117 202 -42
-117 202 -41
-117 202 -40
-117 202 -39
-117 203 -46
-117 203 -45
-117 203 -44
-117 203 -43
-117 203 -42
-117 203 -41
-117 203 -40
-117 203 -39
-117 204 -45
-117 204 -44
-117 204 -42
-117 204 -41
-117 204 -40
-116 193 -36
-116 193 -35
-116 193 -34
-116 193 -33
-116 194 -36
-116 194 -35
-116 194 -34
-116 194 -33
-116 195 -36
-116 195 -35
-116 195 -34
-116 195 -33
-116 196 -35
-116 196 -34
-116 196 -33
-116 197 -35
-116 197 -34
-116 197 -33
-116 198 -34
-116 198 -33
-116 199 -45
-116 199 -44
-116 199 -43
-116 199 -34
-116 199 -33
-116 200 -46
-116 200 -45
-116 200 -44
-116 200 -43
-116 200 -42
-116 200 -41
-116 200 -40
-116 201 -48
-116 201 -47
-116 201 -46
-116 201 -45
-116 201 -44
-116 201 -43
-116 201 -42
-116 201 -41
-116 201 -40
-116 201 -39
-116 202 -48
-116 202 -47
-116 202 -46
-116 202 -45
-116 202 -44
-116 202 -43
-116 202 -42
-116 202 -41
-116 202 -40
-116 202 -39
-116 203 -48
-116 203 -47
-116 203 -46
-116 203 -45
-116 203 -44
-116 203 -42
-116 203 -40
-116 203 -39
-116 204 -48
-116 204 -47
-116 204 -46
-116 204 -45
-116 205 -48
-115 193 -36
-115 193 -35
-115 193 -34
-115 193 -33
-115 194 -36
-115 194 -35
-115 194 -34
-115 194 -33
-115 195 -36
-115 195 -35
-115 195 -34
-115 195 -33
-115 196 -35
-115 196 -34
-115 196 -33
-115 197 -35
-115 197 -34
-115 197 -33
-115 198 -34
-115 198 -33
-115 199 -45
-115 199 -44
-115 199 -43
-115 199 -42
-115 199 -41
-115 199 -34
-115 199 -33
-115 200 -47
-115 200 -46
-115 200 -45
-115 200 -44
-115 200 -43
-115 200 -42
-115 200 -41
-115 200 -40
-115 201 -48
-115 201 -47
-115 201 -46
-115 201 -45
-115 201 -44
-115 201 -43
-115 201 -42
-115 201 -41
-115 201 -40
-115 201 -39
-115 202 -48
-115 202 -47
-115 202 -46
-115 202 -44
-115 202 -43
-115 202 -42
-115 202 -41
-115 202 -40
-115 202 -39
-115 203 -48
-115 203 -47
-115 203 -46
-115 203 -45
-115 203 -42
-115 203 -40
-115 203 -39
-115 204 -48
-115 204 -47
-115 204 -46
-115 204 -45
-115 204 -42
-115 204 -40
-115 205 -48
-115 205 -47
-115 206 -48
-114 193 -36
-114 193 -35
-114 193 -34
-114 193 -33
-114 194 -36
-114 194 -35
-114 194 -34
-114 194 -33
-114 195 -35
-114 195 -34
-114 195 -33
-114 196 -35
-114 196 -34
-114 196 -33
-114 197 -34
-114 197 -33
-114 198 -34
-114 198 -33
-114 199 -46
-114 199 -45
-114 199 -44
-114 199 -43
-114 199 -42
-114 199 -41
-114 199 -34
-114 199 -33
-114 200 -48
-114 200 -47
-114 200 -46
-114 200 -45
-114 200 -44
-114 200 -43
-114 200 -42
-114 200 -41
-114 200 -40
-114 201 -48
-114 201 -47
-114 201 -46
-114 201 -44
-114 201 -43
-114 201 -41
-114 201 -40
-114 202 -48
-114 202 -47
-114 202 -46
-114 202 -43
-114 202 -40
-114 203 -48
-114 203 -47
-114 203 -46
-114 203 -45
-114 203 -41
-114 204 -48
-114 205 -48
-114 205 -47
-113 193 -36
-113 193 -35
-113 193 -34
-113 193 -33
-113 194 -35
-113 194 -34
-113 194 -33
-113 195 -35
-113 195 -34
-113 195 -33
-113 196 -35
-113 196 -34
-113 196 -33
-113 197 -34
-113 197 -33
-113 198 -47
-113 198 -46
-113 198 -45
-113 198 -44
-113 198 -43
-113 198 -42
-113 198 -34
-113 198 -33
-113 199 -48
-113 199 -47
-113 199 -46
-113 199 -45
-113 199 -44
-113 199 -43
-113 199 -42
-113 199 -41
-113 199 -34
-113 199 -33
-113 200 -48
-113 200 -47
-113 200 -46
-113 200 -45
-113 200 -44
-113 200 -43
-113 200 -42
-113 200 -41
-113 200 -40
-113 201 -48
-113 201 -47
-113 201 -46
-113 201 -45
-113 201 -44
-113 201 -40
-113 202 -48
-113 202 -47
-113 202 -46
-113 202 -45
-113 203 -48
-113 203 -47
-113 203 -46
-113 203 -45
-113 204 -48
-113 206 -48
alfheim:altLeaves
6
-114 183 -40
-113 183 -41
-113 183 -40
-113 184 -42
-113 184 -41
-113 185 -41
-113 185 -39
-128 201 -33
-128 202 -38
-128 202 -33
-128 203 -42
-128 203 -40
-128 203 -39
-128 203 -38
-128 203 -36
-128 203 -35
-128 203 -34
-128 203 -33
-128 204 -46
-128 204 -44
-128 204 -43
-128 204 -41
-128 204 -40
-128 204 -39
-128 204 -38
-128 204 -37
-128 204 -36
-128 204 -35
-128 204 -34
-128 204 -33
-128 205 -46
-128 205 -45
-128 205 -44
-128 205 -43
-128 205 -42
-128 205 -41
-128 205 -40
-128 205 -39
-128 205 -38
-128 205 -37
-128 205 -36
-128 205 -35
-128 205 -34
-128 205 -33
-128 206 -48
-128 206 -47
-128 206 -46
-128 206 -45
-128 206 -44
-128 206 -43
-128 206 -42
-128 206 -41
-128 206 -40
-128 206 -39
-128 206 -38
-128 206 -37
-128 206 -36
-128 206 -35
-128 206 -34
-128 206 -33
-128 207 -48
-128 207 -47
-128 207 -46
-128 207 -45
-128 207 -44
-128 207 -43
-128 207 -42
-128 207 -41
-128 207 -40
-128 207 -39
-128 207 -38
-128 207 -37
-128 207 -36
-128 207 -35
-128 207 -34
-128 207 -33
-128 208 -48
-128 208 -47
-128 208 -46
-128 208 -45
-128 208 -44
-128 208 -43
-128 208 -42
-128 208 -41
-128 208 -40
-128 208 -39
-128 208 -38
-128 208 -37
-128 208 -36
-128 208 -35
-128 208 -34
-128 208 -33
-128 209 -48
-128 209 -47
-128 209 -46
-128 209 -45
-128 209 -44
-128 209 -43
-128 209 -42
-128 209 -41
-128 209 -40
-128 209 -39
-128 209 -38
-128 209 -37
-128 209 -36
-128 209 -35
-128 209 -34
-128 209 -33
-128 210 -48
-128 210 -47
-128 210 -46
-128 210 -45
-128 210 -44
-128 210 -43
-128 210 -42
-128 210 -41
-128 210 -40
-128 210 -39
-128 210 -38
-128 210 -37
-128 210 -36
-128 210 -35
-128 210 -34
-128 210 -33
-128 211 -48
-128 211 -47
-128 211 -46
-128 211 -45
-128 211 -44
-128 211 -43
-128 211 -42
-128 211 -41
-128 211 -40
-128 211 -39
-128 211 -38
-128 211 -37
-128 211 -36
-128 211 -35
-128 211 -34
-128 211 -33
-128 212 -48
-128 212 -47
-128 212 -46
-128 212 -45
-128 212 -44
-128 212 -43
-128 212 -42
-128 212 -41
-128 212 -40
-128 212 -39
-128 212 -38
-128 212 -37
-128 212 -36
-128 212 -35
-128 212 -34
-128 212 -33
-128 213 -48
-128 213 -47
-128 213 -46
-128 213 -45
-128 213 -44
-128 213 -43
-128 213 -42
-128 213 -41
-128 213 -40
-128 213 -39
-128 213 -38
-128 213 -37
-128 213 -36
-128 213 -35
-128 213 -33
-128 214 -48
-128 214 -47
-128 214 -46
-128 214 -45
-128 214 -44
-128 214 -43
-128 214 -42
-128 214 -41
-128 214 -40
-128 214 -39
-128 214 -36
-128 214 -35
-128 214 -34
-128 214 -33
-128 215 -48
-128 215 -47
-128 215 -46
-128 215 -45
-128 215 -44
-128 215 -43
-128 215 -42
-128 215 -41
-128 215 -40
-128 215 -39
-128 215 -38
-128 215 -37
-128 215 -36
-128 215 -35
-128 215 -34
-128 215 -33
-128 216 -48
-128 216 -47
-128 216 -45
-128 216 -44
-128 216 -43
-128 216 -42
-128 216 -41
-128 216 -40
-128 216 -39
-128 216 -38
-128 216 -37
-128 216 -35
-128 216 -34
-128 216 -33
-128 217 -48
-128 217 -47
-128 217 -46
-128 217 -45
-128 217 -44
-128 217 -43
-128 217 -42
-128 217 -41
-128 217 -40
-128 217 -39
-128 217 -38
-128 217 -37
-128 217 -36
-128 217 -35
-128 217 -34
-128 217 -33
-128 218 -48
-128 218 -47
-128 218 -46
-128 218 -45
-128 218 -44
-128 218 -43
-128 218 -42
-128 218 -41
-128 218 -40
-128 218 -39
-128 218 -38
-128 218 -37
-128 218 -36
-128 218 -34
-128 218 -33
-128 219 -45
-128 219 -42
-128 219 -41
-128 219 -40
-128 219 -39
-128 219 -38
-128 219 -37
-128 219 -36
-128 220 -43
-128 220 -42
-128 220 -40
-128 220 -37
-128 220 -33
-128 221 -41
-128 223 -33
-127 202 -36
-127 202 -33
-127 203 -42
-127 203 -38
-127 203 -37
-127 203 -36
-127 203 -35
-127 203 -34
-127 203 -33
-127 204 -46
-127 204 -45
-127 204 -44
-127 204 -43
-127 204 -42
-127 204 -41
-127 204 -40
-127 204 -39
-127 204 -38
-127 204 -37
-127 204 -36
-127 204 -35
-127 204 -34
-127 205 -46
-127 205 -45
-127 205 -44
-127 205 -43
-127 205 -42
-127 205 -41
-127 205 -40
-127 205 -39
-127 205 -38
-127 205 -37
-127 205 -36
-127 205 -35
-127 205 -34
-127 205 -33
-127 206 -48
-127 206 -47
-127 206 -46
-127 206 -45
-127 206 -44
-127 206 -43
-127 206 -42
-127 206 -41
-127 206 -40
-127 206 -39
-127 206 -38
-127 206 -37
-127 206 -36
-127 206 -35
-127 206 -34
-127 206 -33
-127 207 -48
-127 207 -46
-127 207 -45
-127 207 -44
-127 207 -43
-127 207 -42
-127 207 -41
-127 207 -40
-127 207 -39
-127 207 -38
-127 207 -37
-127 207 -36
-127 207 -35
-127 207 -34
-127 207 -33
-127 208 -47
-127 208 -46
-127 208 -45
-127 208 -44
-127 208 -43
-127 208 -42
-127 208 -41
-127 208 -40
-127 208 -39
-127 208 -38
-127 208 -37
-127 208 -36
-127 208 -35
-127 208 -34
-127 208 -33
-127 209 -48
-127 209 -47
-127 209 -46
-127 209 -45
-127 209 -44
-127 209 -43
-127 209 -42
-127 209 -41
-127 209 -40
-127 209 -39
-127 209 -38
-127 209 -37
-127 209 -36
-127 209 -35
-127 209 -34
-127 209 -33
-127 210 -48
-127 210 -47
-127 210 -46
-127 210 -45
-127 210 -44
-127 210 -43
-127 210 -42
-127 210 -41
-127 210 -40
-127 210 -39
-127 210 -38
-127 210 -37
-127 210 -36
-127 210 -35
-127 210 -34
-127 210 -33
-127 211 -48
-127 211 -47
-127 211 -46
-127 211 -45
-127 211 -44
-127 211 -43
-127 211 -42
-127 211 -41
-127 211 -40
-127 211 -39
-127 211 -38
-127 211 -37
-127 211 -36
-127 211 -35
-127 211 -34
-127 211 -33
-127 212 -48
-127 212 -47
-127 212 -46
-127 212 -45
-127 212 -44
-127 212 -43
-127 212 -42
-127 212 -41
-127 212 -40
-127 212 -39
-127 212 -38
-127 212 -37
-127 212 -36
-127 212 -35
-127 212 -34
-127 212 -33
-127 213 -48
-127 213 -47
-127 213 -46
-127 213 -45
-127 213 -44
-127 213 -43
-127 213 -42
-127 213 -41
-127 213 -40
-127 213 -39
-127 213 -38
-127 213 -37
-127 213 -36
-127 213 -35
-127 213 -34
-127 213 -33
-127 214 -48
-127 214 -47
-127 214 -46
-127 214 -45
-127 214 -44
-127 214 -43
-127 214 -42
-127 214 -41
-127 214 -40
-127 214 -39
-127 214 -37
-127 214 -36
-127 214 -35
-127 214 -34
-127 214 -33
-127 215 -48
-127 215 -47
-127 215 -46
-127 215 -45
-127 215 -44
-127 215 -43
-127 215 -42
-127 215 -41
-127 215 -40
-127 215 -39
-127 215 -36
-127 215 -35
-127 215 -34
-127 215 -33
-127 216 -48
-127 216 -47
-127 216 -46
-127 216 -45
-127 216 -44
-127 216 -43
-127 216 -42
-127 216 -41
-127 216 -40
-127 216 -39
-127 216 -37
-127 216 -36
-127 216 -34
-127 216 -33
-127 217 -47
-127 217 -46
-127 217 -45
-127 217 -44
-127 217 -43
-127 217 -42
-127 217 -41
-127 217 -38
-127 217 -37
-127 217 -36
-127 217 -34
-127 217 -33
-127 218 -46
-127 218 -45
-127 218 -43
-127 218 -42
-127 218 -41
-127 218 -39
-127 218 -38
-127 218 -34
-127 218 -33
-127 219 -42
-127 219 -39
-127 219 -38
-127 219 -37
-127 219 -34
-127 219 -33
-127 220 -33
-126 202 -36
-126 202 -35
-126 203 -45
-126 203 -43
-126 203 -42
-126 203 -38
-126 203 -36
-126 203 -35
-126 203 -34
-126 203 -33
-126 204 -45
-126 204 -44
-126 204 -43
-126 204 -42
-126 204 -39
-126 204 -38
-126 204 -36
-126 204 -35
-126 204 -33
-126 205 -47
-126 205 -46
-126 205 -45
-126 205 -44
-126 205 -43
-126 205 -42
-126 205 -41
-126 205 -40
-126 205 -39
-126 205 -38
-126 205 -37
-126 205 -36
-126 205 -35
-126 205 -34
-126 205 -33
-126 206 -48
-126 206 -47
-126 206 -46
-126 206 -45
-126 206 -44
-126 206 -43
-126 206 -42
-126 206 -41
-126 206 -40
-126 206 -39
-126 206 -38
-126 206 -37
-126 206 -36
-126 206 -35
-126 206 -34
-126 206 -33
-126 207 -46
-126 207 -45
-126 207 -44
-126 207 -43
-126 207 -42
-126 207 -41
-126 207 -40
-126 207 -39
-126 207 -38
-126 207 -37
-126 207 -36
-126 207 -35
-126 207 -34
-126 207 -33
-126 208 -48
-126 208 -47
-126 208 -46
-126 208 -45
-126 208 -44
-126 208 -43
-126 208 -42
-126 208 -41
-126 208 -40
-126 208 -39
-126 208 -38
-126 208 -37
-126 208 -36
-126 208 -35
-126 208 -34
-126 208 -33
-126 209 -48
-126 209 -47
-126 209 -46
-126 209 -45
-126 209 -44
-126 209 -43
-126 209 -42
-126 209 -41
-126 209 -40
-126 209 -39
-126 209 -38
-126 209 -37
-126 209 -36
-126 209 -35
-126 209 -34
-126 209 -33
-126 210 -48
-126 210 -47
-126 210 -46
-126 210 -45
-126 210 -44
-126 210 -43
-126 210 -42
-126 210 -41
-126 210 -40
-126 210 -39
-126 210 -38
-126 210 -37
-126 210 -36
-126 210 -35
-126 210 -34
-126 210 -33
-126 211 -48
-126 211 -47
-126 211 -46
-126 211 -45
-126 211 -44
-126 211 -43
-126 211 -42
-126 211 -41
-126 211 -40
-126 211 -39
-126 211 -38
-126 211 -37
-126 211 -36
-126 211 -35
-126 211 -34
-126 211 -33
-126 212 -48
-126 212 -47
-126 212 -46
-126 212 -45
-126 212 -44
-126 212 -43
-126 212 -42
-126 212 -41
-126 212 -40
-126 212 -39
-126 212 -38
-126 212 -37
-126 212 -36
-126 212 -35
-126 212 -34
-126 212 -33
-126 213 -48
-126 213 -47
-126 213 -46
-126 213 -45
-126 213 -44
-126 213 -43
-126 213 -42
-126 213 -41
-126 213 -40
-126 213 -39
-126 213 -38
-126 213 -37
-126 213 -35
-126 213 -34
-126 213 -33
-126 214 -48
-126 214 -47
-126 214 -46
-126 214 -45
-126 214 -44
-126 214 -43
-126 214 -42
-126 214 -41
-126 214 -40
-126 214 -39
-126 214 -38
-126 214 -37
-126 214 -35
-126 214 -34
-126 214 -33
-126 215 -48
-126 215 -47
-126 215 -46
-126 215 -45
-126 215 -44
-126 215 -43
-126 215 -42
-126 215 -41
-126 215 -40
-126 215 -39
-126 215 -38
-126 215 -36
-126 215 -35
-126 215 -33
-126 216 -48
-126 216 -47
-126 216 -46
-126 216 -44
-126 216 -43
-126 216 -42
-126 216 -41
-126 216 -40
-126 216 -39
-126 216 -36
-126 216 -35
-126 216 -34
-126 216 -33
-126 217 -48
-126 217 -47
-126 217 -46
-126 217 -45
-126 217 -44
-126 217 -43
-126 217 -42
-126 217 -41
-126 217 -40
-126 217 -39
-126 217 -37
-126 217 -34
-126 217 -33
-126 218 -46
-126 218 -45
-126 218 -44
-126 218 -43
-126 218 -42
-126 218 -41
-126 218 -38
-126 218 -34
-126 218 -33
-126 219 -44
-125 201 -36
-125 201 -34
-125 202 -36
-125 202 -35
-125 202 -34
-125 202 -33
-125 203 -38
-125 203 -37
-125 203 -36
-125 203 -35
-125 203 -34
-125 203 -33
-125 204 -39
-125 204 -38
-125 204 -37
-125 204 -36
-125 204 -35
-125 204 -34
-125 204 -33
-125 205 -45
-125 205 -42
-125 205 -41
-125 205 -40
-125 205 -39
-125 205 -38
-125 205 -37
-125 205 -36
-125 205 -35
-125 205 -34
-125 205 -33
-125 206 -47
-125 206 -46
-125 206 -45
-125 206 -44
-125 206 -43
-125 206 -42
-125 206 -41
-125 206 -40
-125 206 -39
-125 206 -38
-125 206 -37
-125 206 -36
-125 206 -35
-125 206 -34
-125 206 -33
-125 207 -48
-125 207 -47
-125 207 -46
-125 207 -45
-125 207 -44
-125 207 -43
-125 207 -42
-125 207 -41
-125 207 -40
-125 207 -39
-125 207 -38
-125 207 -37
-125 207 -36
-125 207 -35
-125 207 -34
-125 207 -33
-125 208 -48
-125 208 -47
-125 208 -46
-125 208 -45
-125 208 -44
-125 208 -43
-125 208 -42
-125 208 -41
-125 208 -40
-125 208 -39
-125 208 -38
-125 208 -37
-125 208 -36
-125 208 -35
-125 208 -34
-125 208 -33
-125 209 -48
-125 209 -47
-125 209 -46
-125 209 -45
-125 209 -44
-125 209 -43
-125 209 -42
-125 209 -41
-125 209 -40
-125 209 -39
-125 209 -38
-125 209 -37
-125 209 -36
-125 209 -35
-125 209 -34
-125 209 -33
-125 210 -48
-125 210 -47
-125 210 -46
-125 210 -45
-125 210 -44
-125 210 -43
-125 210 -42
-125 210 -41
-125 210 -40
-125 210 -39
-125 210 -38
-125 210 -37
-125 210 -36
-125 210 -35
-125 210 -34
-125 210 -33
-125 211 -48
-125 211 -47
-125 211 -46
-125 211 -45
-125 211 -44
-125 211 -43
-125 211 -42
-125 211 -41
-125 211 -40
-125 211 -39
-125 211 -38
-125 211 -37
-125 211 -36
-125 211 -35
-125 211 -34
-125 211 -33
-125 212 -48
-125 212 -47
-125 212 -46
-125 212 -45
-125 212 -44
-125 212 -43
-125 212 -42
-125 212 -41
-125 212 -40
-125 212 -39
-125 212 -38
-125 212 -37
-125 212 -36
-125 212 -35
-125 212 -34
-125 212 -33
-125 213 -48
-125 213 -47
-125 213 -46
-125 213 -45
-125 213 -44
-125 213 -43
-125 213 -42
-125 213 -41
-125 213 -40
-125 213 -39
-125 213 -38
-125 213 -37
-125 213 -36
-125 213 -35
-125 213 -34
-125 213 -33
-125 214 -48
-125 214 -47
-125 214 -46
-125 214 -45
-125 214 -44
-125 214 -43
-125 214 -42
-125 214 -41
-125 214 -40
-125 214 -39
-125 214 -38
-125 214 -37
-125 214 -35
-125 214 -34
-125 214 -33
-125 215 -48
-125 215 -47
-125 215 -46
-125 215 -45
-125 215 -44
-125 215 -43
-125 215 -42
-125 215 -40
-125 215 -39
-125 215 -38
-125 215 -37
-125 215 -36
-125 215 -35
-125 215 -34
-125 215 -33
-125 216 -48
-125 216 -47
-125 216 -45
-125 216 -44
-125 216 -43
-125 216 -42
-125 216 -41
-125 216 -40
-125 216 -39
-125 216 -38
-125 216 -35
-125 216 -34
-125 217 -48
-125 217 -44
-125 217 -43
-125 217 -42
-125 217 -41
-125 217 -40
-125 217 -38
-125 217 -33
-125 218 -48
-125 218 -43
-125 218 -40
-125 218 -33
-125 220 -33
-124 202 -35
-124 202 -34
-124 202 -33
-124 203 -38
-124 203 -37
-124 203 -36
-124 203 -35
-124 203 -34
-124 203 -33
-124 204 -39
-124 204 -38
-124 204 -37
-124 204 -36
-124 204 -35
-124 204 -34
-124 204 -33
-124 205 -42
-124 205 -40
-124 205 -39
-124 205 -38
-124 205 -37
-124 205 -36
-124 205 -35
-124 205 -34
-124 205 -33
-124 206 -48
-124 206 -45
-124 206 -44
-124 206 -43
-124 206 -42
-124 206 -40
-124 206 -39
-124 206 -38
-124 206 -37
-124 206 -36
-124 206 -35
-124 206 -34
-124 206 -33
-124 207 -48
-124 207 -45
-124 207 -44
-124 207 -43
-124 207 -42
-124 207 -41
-124 207 -40
-124 207 -39
-124 207 -38
-124 207 -37
-124 207 -36
-124 207 -35
-124 207 -34
-124 207 -33
-124 208 -48
-124 208 -45
-124 208 -44
-124 208 -43
-124 208 -42
-124 208 -41
-124 208 -40
-124 208 -39
-124 208 -38
-124 208 -37
-124 208 -36
-124 208 -35
-124 208 -34
-124 208 -33
-124 209 -48
-124 209 -47
-124 209 -46
-124 209 -45
-124 209 -44
-124 209 -43
-124 209 -42
-124 209 -41
-124 209 -40
-124 209 -39
-124 209 -38
-124 209 -37
-124 209 -36
-124 209 -35
-124 209 -34
-124 209 -33
-124 210 -48
-124 210 -47
-124 210 -46
-124 210 -45
-124 210 -44
-124 210 -43
-124 210 -42
-124 210 -41
-124 210 -40
-124 210 -39
-124 210 -38
-124 210 -37
-124 210 -36
-124 210 -35
-124 210 -34
-124 210 -33
-124 211 -48
-124 211 -47
-124 211 -46
-124 211 -45
-124 211 -44
-124 211 -43
-124 211 -42
-124 211 -41
-124 211 -40
-124 211 -39
-124 211 -38
-124 211 -37
-124 211 -36
-124 211 -35
-124 211 -34
-124 211 -33
-124 212 -48
-124 212 -47
-124 212 -46
-124 212 -45
-124 212 -44
-124 212 -43
-124 212 -42
-124 212 -41
-124 212 -40
-124 212 -39
-124 212 -38
-124 212 -37
-124 212 -36
-124 212 -35
-124 212 -34
-124 212 -33
-124 213 -48
-124 213 -47
-124 213 -46
-124 213 -44
-124 213 -43
-124 213 -42
-124 213 -41
-124 213 -40
-124 213 -39
-124 213 -38
-124 213 -37
-124 213 -36
-124 213 -35
-124 213 -34
-124 213 -33
-124 214 -48
-124 214 -47
-124 214 -46
-124 214 -45
-124 214 -44
-124 214 -43
-124 214 -42
-124 214 -41
-124 214 -40
-124 214 -39
-124 214 -38
-124 214 -37
-124 214 -36
-124 214 -35
-124 214 -34
-124 214 -33
-124 215 -48
-124 215 -46
-124 215 -45
-124 215 -44
-124 215 -42
-124 215 -41
-124 215 -40
-124 215 -39
-124 215 -38
-124 215 -37
-124 215 -36
-124 215 -35
-124 215 -34
-124 215 -33
-124 216 -48
-124 216 -46
-124 216 -45
-124 216 -44
-124 216 -43
-124 216 -42
-124 216 -41
-124 216 -40
-124 216 -39
-124 216 -38
-124 216 -37
-124 216 -36
-124 216 -35
-124 216 -34
-124 216 -33
-124 217 -42
-124 217 -41
-124 217 -39
-124 217 -38
-124 217 -35
-124 217 -34
-124 217 -33
-124 218 -42
-124 218 -41
-124 218 -34
-123 202 -35
-123 202 -33
-123 203 -36
-123 203 -35
-123 203 -34
-123 203 -33
-123 204 -40
-123 204 -38
-123 204 -36
-123 204 -35
-123 204 -34
-123 204 -33
-123 205 -48
-123 205 -47
-123 205 -40
-123 205 -38
-123 205 -37
-123 205 -36
-123 205 -35
-123 205 -34
-123 205 -33
-123 206 -48
-123 206 -47
-123 206 -42
-123 206 -40
-123 206 -39
-123 206 -38
-123 206 -37
-123 206 -36
-123 206 -35
-123 206 -34
-123 206 -33
-123 207 -48
-123 207 -47
-123 207 -45
-123 207 -42
-123 207 -41
-123 207 -40
-123 207 -39
-123 207 -38
-123 207 -37
-123 207 -36
-123 207 -35
-123 207 -34
-123 207 -33
-123 208 -48
-123 208 -47
-123 208 -46
-123 208 -45
-123 208 -44
-123 208 -43
-123 208 -42
-123 208 -41
-123 208 -40
-123 208 -39
-123 208 -38
-123 208 -37
-123 208 -36
-123 208 -35
-123 208 -34
-123 208 -33
-123 209 -48
-123 209 -47
-123 209 -46
-123 209 -45
-123 209 -44
-123 209 -43
-123 209 -42
-123 209 -41
-123 209 -40
-123 209 -39
-123 209 -38
-123 209 -37
-123 209 -36
-123 209 -35
-123 209 -34
-123 209 -33
-123 210 -48
-123 210 -47
-123 210 -46
-123 210 -45
-123 210 -44
-123 210 -43
-123 210 -42
-123 210 -40
-123 210 -39
-123 210 -38
-123 210 -37
-123 210 -36
-123 210 -35
-123 210 -34
-123 210 -33
-123 211 -48
-123 211 -47
-123 211 -46
-123 211 -45
-123 211 -44
-123 211 -43
-123 211 -42
-123 211 -41
-123 211 -40
-123 211 -39
-123 211 -38
-123 211 -37
-123 211 -36
-123 211 -35
-123 211 -34
-123 211 -33
-123 212 -48
-123 212 -47
-123 212 -46
-123 212 -45
-123 212 -44
-123 212 -43
-123 212 -42
-123 212 -41
-123 212 -40
-123 212 -39
-123 212 -38
-123 212 -37
-123 212 -36
-123 212 -35
-123 212 -34
-123 212 -33
-123 213 -48
-123 213 -47
-123 213 -46
-123 213 -45
-123 213 -44
-123 213 -43
-123 213 -42
-123 213 -41
-123 213 -40
-123 213 -39
-123 213 -38
-123 213 -37
-123 213 -36
-123 213 -35
-123 213 -34
-123 213 -33
-123 214 -48
-123 214 -47
-123 214 -46
-123 214 -45
-123 214 -44
-123 214 -43
-123 214 -42
-123 214 -41
-123 214 -40
-123 214 -39
-123 214 -38
-123 214 -37
-123 214 -36
-123 214 -35
-123 214 -34
-123 214 -33
-123 215 -48
-123 215 -47
-123 215 -46
-123 215 -45
-123 215 -43
-123 215 -42
-123 215 -41
-123 215 -40
-123 215 -39
-123 215 -38
-123 215 -37
-123 215 -36
-123 215 -35
-123 215 -34
-123 215 -33
-123 216 -48
-123 216 -47
-123 216 -45
-123 216 -44
-123 216 -43
-123 216 -42
-123 216 -41
-123 216 -40
-123 216 -39
-123 216 -38
-123 216 -37
-123 216 -35
-123 216 -34
-123 216 -33
-123 217 -47
-123 217 -46
-123 217 -37
-123 217 -34
-123 217 -33
-123 218 -37
-123 218 -34
-123 218 -33
-123 219 -37
-123 219 -33
-123 220 -33
-122 201 -34
-122 201 -33
-122 202 -35
-122 202 -34
-122 202 -33
-122 203 -36
-122 203 -34
-122 203 -33
-122 204 -38
-122 204 -36
-122 204 -35
-122 204 -34
-122 204 -33
-122 205 -39
-122 205 -38
-122 205 -36
-122 205 -35
-122 205 -34
-122 205 -33
-122 206 -47
-122 206 -46
-122 206 -45
-122 206 -40
-122 206 -39
-122 206 -38
-122 206 -37
-122 206 -36
-122 206 -35
-122 206 -34
-122 206 -33
-122 207 -48
-122 207 -47
-122 207 -46
-122 207 -45
-122 207 -44
-122 207 -40
-122 207 -39
-122 207 -38
-122 207 -37
-122 207 -36
-122 207 -35
-122 207 -34
-122 207 -33
-122 208 -48
-122 208 -47
-122 208 -46
-122 208 -45
-122 208 -44
-122 208 -43
-122 208 -42
-122 208 -41
-122 208 -40
-122 208 -39
-122 208 -38
-122 208 -37
-122 208 -36
-122 208 -35
-122 208 -34
-122 208 -33
-122 209 -48
-122 209 -47
-122 209 -46
-122 209 -45
-122 209 -44
-122 209 -43
-122 209 -42
-122 209 -41
-122 209 -40
-122 209 -39
-122 209 -38
-122 209 -37
-122 209 -36
-122 209 -35
-122 209 -34
-122 209 -33
-122 210 -48
-122 210 -47
-122 210 -46
-122 210 -45
-122 210 -44
-122 210 -43
-122 210 -42
-122 210 -41
-122 210 -40
-122 210 -39
-122 210 -38
-122 210 -37
-122 210 -36
-122 210 -35
-122 210 -34
-122 210 -33
-122 211 -48
-122 211 -47
-122 211 -46
-122 211 -45
-122 211 -44
-122 211 -43
-122 211 -42
-122 211 -41
-122 211 -40
-122 211 -39
-122 211 -38
-122 211 -37
-122 211 -36
-122 211 -35
-122 211 -34
-122 211 -33
-122 212 -48
-122 212 -47
-122 212 -46
-122 212 -45
-122 212 -44
-122 212 -43
-122 212 -42
-122 212 -41
-122 212 -40
-122 212 -39
-122 212 -38
-122 212 -37
-122 212 -36
-122 212 -35
-122 212 -34
-122 212 -33
-122 213 -48
-122 213 -47
-122 213 -45
-122 213 -44
-122 213 -43
-122 213 -42
-122 213 -41
-122 213 -40
-122 213 -39
-122 213 -38
-122 213 -37
-122 213 -36
-122 213 -35
-122 213 -34
-122 213 -33
-122 214 -48
-122 214 -47
-122 214 -46
-122 214 -45
-122 214 -44
-122 214 -43
-122 214 -42
-122 214 -41
-122 214 -40
-122 214 -39
-122 214 -38
-122 214 -37
-122 214 -36
-122 214 -35
-122 214 -34
-122 214 -33
-122 215 -48
-122 215 -47
-122 215 -46
-122 215 -45
-122 215 -44
-122 215 -43
-122 215 -42
-122 215 -41
-122 215 -40
-122 215 -39
-122 215 -38
-122 215 -37
-122 215 -36
-122 215 -35
-122 215 -34
-122 215 -33
-122 216 -48
-122 216 -47
-122 216 -46
-122 216 -45
-122 216 -44
-122 216 -42
-122 216 -41
-122 216 -40
-122 216 -39
-122 216 -38
-122 216 -37
-122 216 -36
-122 216 -35
-122 216 -34
-122 216 -33
-122 217 -48
-122 217 -47
-122 217 -46
-122 217 -45
-122 217 -42
-122 217 -39
-122 217 -38
-122 217 -37
-122 217 -36
-122 217 -34
-122 217 -33
-122 218 -45
-122 218 -39
-122 218 -38
-122 218 -37
-122 218 -33
-122 219 -38
-122 219 -37
-122 219 -33
-122 220 -37
-122 220 -33
-122 221 -33
-121 201 -33
-121 202 -35
-121 202 -34
-121 202 -33
-121 203 -35
-121 203 -34
-121 203 -33
-121 204 -39
-121 204 -37
-121 204 -36
-121 204 -35
-121 204 -33
-121 205 -47
-121 205 -46
-121 205 -39
-121 205 -38
-121 205 -37
-121 205 -36
-121 205 -35
-121 205 -34
-121 205 -33
-121 206 -47
-121 206 -46
-121 206 -45
-121 206 -39
-121 206 -38
-121 206 -37
-121 206 -36
-121 206 -35
-121 206 -34
-121 206 -33
-121 207 -48
-121 207 -47
-121 207 -46
-121 207 -45
-121 207 -43
-121 207 -40
-121 207 -39
-121 207 -38
-121 207 -37
-121 207 -36
-121 207 -35
-121 207 -34
-121 207 -33
-121 208 -48
-121 208 -47
-121 208 -45
-121 208 -44
-121 208 -43
-121 208 -42
-121 208 -41
-121 208 -40
-121 208 -39
-121 208 -38
-121 208 -37
-121 208 -36
-121 208 -35
-121 208 -34
-121 208 -33
-121 209 -48
-121 209 -47
-121 209 -46
-121 209 -45
-121 209 -44
-121 209 -43
-121 209 -42
-121 209 -41
-121 209 -40
-121 209 -39
-121 209 -38
-121 209 -37
-121 209 -36
-121 209 -35
-121 209 -34
-121 209 -33
-121 210 -48
-121 210 -47
-121 210 -46
-121 210 -44
-121 210 -43
-121 210 -42
-121 210 -41
-121 210 -40
-121 210 -39
-121 210 -38
-121 210 -37
-121 210 -36
-121 210 -35
-121 210 -34
-121 210 -33
-121 211 -48
-121 211 -47
-121 211 -46
-121 211 -45
-121 211 -44
-121 211 -43
-121 211 -42
-121 211 -41
-121 211 -40
-121 211 -39
-121 211 -38
-121 211 -37
-121 211 -36
-121 211 -35
-121 211 -34
-121 211 -33
-121 212 -48
-121 212 -47
-121 212 -46
-121 212 -45
-121 212 -44
-121 212 -43
-121 212 -42
-121 212 -41
-121 212 -40
-121 212 -39
-121 212 -38
-121 212 -37
-121 212 -36
-121 212 -35
-121 212 -34
-121 212 -33
-121 213 -48
-121 213 -47
-121 213 -46
-121 213 -45
-121 213 -44
-121 213 -43
-121 213 -42
-121 213 -41
-121 213 -40
-121 213 -39
-121 213 -38
-121 213 -37
-121 213 -36
-121 213 -35
-121 213 -34
-121 213 -33
-121 214 -48
-121 214 -47
-121 214 -46
-121 214 -45
-121 214 -44
-121 214 -43
-121 214 -42
-121 214 -41
-121 214 -40
-121 214 -39
-121 214 -38
-121 214 -37
-121 214 -36
-121 214 -35
-121 214 -34
-121 214 -33
-121 215 -48
-121 215 -45
-121 215 -44
-121 215 -43
-121 215 -42
-121 215 -41
-121 215 -40
-121 215 -39
-121 215 -38
-121 215 -37
-121 215 -36
-121 215 -35
-121 215 -34
-121 215 -33
-121 216 -48
-121 216 -47
-121 216 -46
-121 216 -45
-121 216 -44
-121 216 -43
-121 216 -41
-121 216 -40
-121 216 -39
-121 216 -38
-121 216 -37
-121 216 -36
-121 216 -35
-121 216 -34
-121 216 -33
-121 217 -48
-121 217 -47
-121 217 -46
-121 217 -45
-121 217 -44
-121 217 -42
-121 217 -41
-121 217 -39
-121 217 -38
-121 217 -37
-121 217 -36
-121 217 -35
-121 217 -34
-121 218 -48
-121 218 -47
-121 218 -45
-121 218 -41
-121 218 -40
-121 218 -38
-121 218 -33
-121 219 -39
-121 219 -37
-121 219 -33
-120 202 -35
-120 202 -34
-120 202 -33
-120 203 -35
-120 203 -33
-120 204 -38
-120 204 -37
-120 204 -36
-120 204 -35
-120 204 -34
-120 204 -33
-120 205 -45
-120 205 -38
-120 205 -37
-120 205 -36
-120 205 -35
-120 205 -34
-120 205 -33
-120 206 -47
-120 206 -45
-120 206 -44
-120 206 -38
-120 206 -35
-120 206 -34
-120 206 -33
-120 207 -48
-120 207 -47
-120 207 -46
-120 207 -45
-120 207 -42
-120 207 -40
-120 207 -39
-120 207 -38
-120 207 -37
-120 207 -36
-120 207 -35
-120 207 -34
-120 207 -33
-120 208 -48
-120 208 -47
-120 208 -46
-120 208 -45
-120 208 -44
-120 208 -43
-120 208 -42
-120 208 -41
-120 208 -40
-120 208 -39
-120 208 -38
-120 208 -37
-120 208 -36
-120 208 -35
-120 208 -34
-120 208 -33
-120 209 -48
-120 209 -47
-120 209 -46
-120 209 -45
-120 209 -44
-120 209 -43
-120 209 -42
-120 209 -41
-120 209 -40
-120 209 -39
-120 209 -38
-120 209 -37
-120 209 -36
-120 209 -35
-120 209 -34
-120 209 -33
-120 210 -48
-120 210 -47
-120 210 -46
-120 210 -45
-120 210 -44
-120 210 -43
-120 210 -42
-120 210 -41
-120 210 -40
-120 210 -39
-120 210 -38
-120 210 -37
-120 210 -36
-120 210 -35
-120 210 -34
-120 210 -33
-120 211 -48
-120 211 -47
-120 211 -46
-120 211 -45
-120 211 -44
-120 211 -43
-120 211 -42
-120 211 -41
-120 211 -40
-120 211 -39
-120 211 -38
-120 211 -37
-120 211 -36
-120 211 -35
-120 211 -34
-120 211 -33
-120 212 -48
-120 212 -47
-120 212 -46
-120 212 -45
-120 212 -44
-120 212 -43
-120 212 -42
-120 212 -41
-120 212 -40
-120 212 -39
-120 212 -38
-120 212 -37
-120 212 -36
-120 212 -35
-120 212 -34
-120 212 -33
-120 213 -48
-120 213 -47
-120 213 -46
-120 213 -45
-120 213 -44
-120 213 -43
-120 213 -42
-120 213 -41
-120 213 -40
-120 213 -39
-120 213 -38
-120 213 -37
-120 213 -36
-120 213 -35
-120 213 -34
-120 213 -33
-120 214 -48
-120 214 -47
-120 214 -46
-120 214 -45
-120 214 -44
-120 214 -43
-120 214 -42
-120 214 -41
-120 214 -40
-120 214 -39
-120 214 -38
-120 214 -37
-120 214 -36
-120 214 -35
-120 214 -34
-120 214 -33
-120 215 -48
-120 215 -47
-120 215 -46
-120 215 -45
-120 215 -44
-120 215 -43
-120 215 -42
-120 215 -41
-120 215 -40
-120 215 -39
-120 215 -38
-120 215 -37
-120 215 -36
-120 215 -35
-120 215 -34
-120 215 -33
-120 216 -47
-120 216 -45
-120 216 -44
-120 216 -43
-120 216 -42
-120 216 -41
-120 216 -40
-120 216 -39
-120 216 -38
-120 216 -37
-120 216 -36
-120 216 -34
-120 216 -33
-120 217 -47
-120 217 -46
-120 217 -45
-120 217 -44
-120 217 -41
-120 217 -40
-120 217 -39
-120 217 -38
-120 217 -37
-120 217 -35
-120 217 -34
-120 217 -33
-120 218 -45
-120 218 -41
-120 218 -40
-120 218 -39
-120 218 -38
-120 218 -37
-120 218 -34
-120 218 -33
-120 219 -40
-120 219 -39
-120 219 -38
-120 219 -33
-119 202 -33
-119 203 -36
-119 203 -35
-119 203 -33
-119 204 -35
-119 204 -34
-119 204 -33
-119 205 -46
-119 205 -37
-119 205 -36
-119 205 -34
-119 205 -33
-119 206 -47
-119 206 -46
-119 206 -45
-119 206 -38
-119 206 -37
-119 206 -36
-119 206 -35
-119 206 -34
-119 206 -33
-119 207 -48
-119 207 -47
-119 207 -46
-119 207 -45
-119 207 -44
-119 207 -39
-119 207 -38
-119 207 -37
-119 207 -36
-119 207 -35
-119 207 -34
-119 207 -33
-119 208 -48
-119 208 -47
-119 208 -46
-119 208 -45
-119 208 -44
-119 208 -43
-119 208 -42
-119 208 -41
-119 208 -40
-119 208 -39
-119 208 -38
-119 208 -37
-119 208 -36
-119 208 -35
-119 208 -34
-119 208 -33
-119 209 -48
-119 209 -47
-119 209 -46
-119 209 -45
-119 209 -44
-119 209 -43
-119 209 -42
-119 209 -41
-119 209 -40
-119 209 -39
-119 209 -38
-119 209 -37
-119 209 -36
-119 209 -35
-119 209 -34
-119 209 -33
-119 210 -48
-119 210 -47
-119 210 -46
-119 210 -45
-119 210 -44
-119 210 -43
-119 210 -42
-119 210 -41
-119 210 -40
-119 210 -39
-119 210 -38
-119 210 -37
-119 210 -36
-119 210 -35
-119 210 -34
-119 210 -33
-119 211 -48
-119 211 -47
-119 211 -46
-119 211 -45
-119 211 -44
-119 211 -43
-119 211 -42
-119 211 -41
-119 211 -40
-119 211 -39
-119 211 -38
-119 211 -37
-119 211 -36
-119 211 -35
-119 211 -34
-119 211 -33
-119 212 -48
-119 212 -47
-119 212 -46
-119 212 -45
-119 212 -44
-119 212 -43
-119 212 -42
-119 212 -41
-119 212 -40
-119 212 -39
-119 212 -38
-119 212 -37
-119 212 -36
-119 212 -35
-119 212 -34
-119 212 -33
-119 213 -48
-119 213 -47
-119 213 -46
-119 213 -45
-119 213 -44
-119 213 -43
-119 213 -42
-119 213 -41
-119 213 -40
-119 213 -39
-119 213 -38
-119 213 -37
-119 213 -36
-119 213 -35
-119 213 -34
-119 213 -33
-119 214 -48
-119 214 -47
-119 214 -46
-119 214 -45
-119 214 -44
-119 214 -43
-119 214 -42
-119 214 -41
-119 214 -40
-119 214 -39
-119 214 -38
-119 214 -37
-119 214 -36
-119 214 -35
-119 214 -34
-119 214 -33
-119 215 -48
-119 215 -47
-119 215 -46
-119 215 -44
-119 215 -42
-119 215 -41
-119 215 -40
-119 215 -39
-119 215 -38
-119 215 -37
-119 215 -36
-119 215 -35
-119 215 -34
-119 215 -33
-119 216 -48
-119 216 -47
-119 216 -46
-119 216 -45
-119 216 -42
-119 216 -41
-119 216 -40
-119 216 -39
-119 216 -38
-119 216 -37
-119 216 -36
-119 216 -35
-119 216 -34
-119 216 -33
-119 217 -48
-119 217 -47
-119 217 -46
-119 217 -45
-119 217 -42
-119 217 -41
-119 217 -40
-119 217 -39
-119 217 -38
-119 217 -37
-119 217 -36
-119 217 -35
-119 217 -34
-119 217 -33
-119 218 -46
-119 218 -41
-119 218 -40
-119 218 -39
-119 218 -38
-119 218 -33
-119 219 -40
-119 219 -39
-119 219 -35
-119 219 -33
-119 220 -33
-118 203 -34
-118 204 -35
-118 204 -34
-118 204 -33
-118 205 -47
-118 205 -42
-118 205 -35
-118 205 -34
-118 206 -48
-118 206 -47
-118 206 -46
-118 206 -45
-118 206 -44
-118 206 -38
-118 206 -36
-118 206 -35
-118 206 -34
-118 206 -33
-118 207 -48
-118 207 -47
-118 207 -46
-118 207 -45
-118 207 -44
-118 207 -43
-118 207 -42
-118 207 -41
-118 207 -37
-118 207 -36
-118 207 -35
-118 207 -34
-118 207 -33
-118 208 -48
-118 208 -47
-118 208 -46
-118 208 -45
-118 208 -44
-118 208 -43
-118 208 -42
-118 208 -41
-118 208 -40
-118 208 -39
-118 208 -38
-118 208 -37
-118 208 -36
-118 208 -34
-118 208 -33
-118 209 -48
-118 209 -47
-118 209 -46
-118 209 -45
-118 209 -44
-118 209 -43
-118 209 -42
-118 209 -41
-118 209 -40
-118 209 -39
-118 209 -38
-118 209 -37
-118 209 -36
-118 209 -35
-118 209 -34
-118 209 -33
-118 210 -48
-118 210 -47
-118 210 -46
-118 210 -45
-118 210 -44
-118 210 -43
-118 210 -42
-118 210 -41
-118 210 -40
-118 210 -39
-118 210 -38
-118 210 -37
-118 210 -36
-118 210 -35
-118 210 -34
-118 210 -33
-118 211 -48
-118 211 -47
-118 211 -46
-118 211 -45
-118 211 -44
-118 211 -43
-118 211 -42
-118 211 -41
-118 211 -40
-118 211 -39
-118 211 -38
-118 211 -37
-118 211 -36
-118 211 -35
-118 211 -34
-118 211 -33
-118 212 -48
-118 212 -47
-118 212 -46
-118 212 -45
-118 212 -44
-118 212 -43
-118 212 -42
-118 212 -41
-118 212 -40
-118 212 -39
-118 212 -38
-118 212 -37
-118 212 -36
-118 212 -35
-118 212 -34
-118 212 -33
-118 213 -48
-118 213 -47
-118 213 -46
-118 213 -45
-118 213 -44
-118 213 -43
-118 213 -42
-118 213 -41
-118 213 -40
-118 213 -39
-118 213 -37
-118 213 -36
-118 213 -35
-118 213 -34
-118 213 -33
-118 214 -48
-118 214 -47
-118 214 -46
-118 214 -45
-118 214 -44
-118 214 -42
-118 214 -41
-118 214 -40
-118 214 -39
-118 214 -38
-118 214 -37
-118 214 -36
-118 214 -35
-118 214 -34
-118 214 -33
-118 215 -48
-118 215 -46
-118 215 -45
-118 215 -44
-118 215 -43
-118 215 -42
-118 215 -40
-118 215 -39
-118 215 -38
-118 215 -37
-118 215 -36
-118 215 -35
-118 215 -34
-118 215 -33
-118 216 -48
-118 216 -47
-118 216 -46
-118 216 -45
-118 216 -44
-118 216 -42
-118 216 -41
-118 216 -40
-118 216 -38
-118 216 -37
-118 216 -36
-118 216 -35
-118 216 -34
-118 216 -33
-118 217 -47
-118 217 -46
-118 217 -45
-118 217 -44
-118 217 -41
-118 217 -40
-118 217 -39
-118 217 -38
-118 217 -37
-118 217 -36
-118 217 -34
-118 217 -33
-118 218 -47
-118 218 -40
-118 218 -38
-118 218 -37
-118 218 -35
-118 218 -34
-118 218 -33
-118 219 -36
-118 219 -35
-118 219 -34
-118 219 -33
-118 220 -33
-118 221 -33
-117 204 -43
-117 204 -35
-117 204 -34
-117 204 -33
-117 205 -46
-117 205 -45
-117 205 -42
-117 205 -41
-117 205 -34
-117 205 -33
-117 206 -47
-117 206 -45
-117 206 -44
-117 206 -43
-117 206 -42
-117 206 -41
-117 206 -34
-117 206 -33
-117 207 -48
-117 207 -47
-117 207 -46
-117 207 -45
-117 207 -44
-117 207 -43
-117 207 -42
-117 207 -41
-117 207 -40
-117 207 -39
-117 207 -37
-117 207 -36
-117 207 -35
-117 207 -34
-117 207 -33
-117 208 -48
-117 208 -47
-117 208 -46
-117 208 -45
-117 208 -44
-117 208 -43
-117 208 -42
-117 208 -40
-117 208 -37
-117 208 -36
-117 208 -35
-117 208 -34
-117 208 -33
-117 209 -48
-117 209 -47
-117 209 -46
-117 209 -45
-117 209 -44
-117 209 -43
-117 209 -42
-117 209 -41
-117 209 -40
-117 209 -39
-117 209 -38
-117 209 -37
-117 209 -36
-117 209 -35
-117 209 -34
-117 209 -33
-117 210 -48
-117 210 -47
-117 210 -46
-117 210 -45
-117 210 -44
-117 210 -43
-117 210 -42
-117 210 -41
-117 210 -40
-117 210 -39
-117 210 -38
-117 210 -36
-117 210 -35
-117 210 -34
-117 210 -33
-117 211 -48
-117 211 -47
-117 211 -46
-117 211 -45
-117 211 -44
-117 211 -43
-117 211 -42
-117 211 -41
-117 211 -40
-117 211 -39
-117 211 -38
-117 211 -37
-117 211 -36
-117 211 -35
-117 211 -34
-117 211 -33
-117 212 -48
-117 212 -47
-117 212 -46
-117 212 -45
-117 212 -44
-117 212 -43
-117 212 -42
-117 212 -41
-117 212 -40
-117 212 -39
-117 212 -38
-117 212 -37
-117 212 -36
-117 212 -35
-117 212 -34
-117 212 -33
-117 213 -48
-117 213 -47
-117 213 -46
-117 213 -45
-117 213 -44
-117 213 -43
-117 213 -42
-117 213 -41
-117 213 -40
-117 213 -39
-117 213 -38
-117 213 -37
-117 213 -36
-117 213 -35
-117 213 -34
-117 213 -33
-117 214 -48
-117 214 -47
-117 214 -46
-117 214 -45
-117 214 -44
-117 214 -43
-117 214 -42
-117 214 -41
-117 214 -40
-117 214 -39
-117 214 -38
-117 214 -37
-117 214 -36
-117 214 -35
-117 214 -34
-117 214 -33
-117 215 -48
-117 215 -47
-117 215 -46
-117 215 -45
-117 215 -44
-117 215 -43
-117 215 -41
-117 215 -40
-117 215 -39
-117 215 -38
-117 215 -36
-117 215 -35
-117 215 -34
-117 215 -33
-117 216 -48
-117 216 -47
-117 216 -46
-117 216 -45
-117 216 -44
-117 216 -43
-117 216 -42
-117 216 -41
-117 216 -40
-117 216 -39
-117 216 -38
-117 216 -37
-117 216 -36
-117 216 -35
-117 216 -34
-117 216 -33
-117 217 -47
-117 217 -46
-117 217 -45
-117 217 -44
-117 217 -41
-117 217 -40
-117 217 -39
-117 217 -38
-117 217 -35
-117 217 -33
-117 218 -46
-117 218 -45
-117 218 -44
-117 218 -38
-117 218 -35
-117 218 -34
-117 218 -33
-117 219 -45
-117 219 -35
-117 219 -34
-117 219 -33
-117 220 -33
-117 221 -33
-116 203 -43
-116 203 -41
-116 204 -44
-116 204 -43
-116 204 -42
-116 204 -41
-116 204 -40
-116 205 -46
-116 205 -42
-116 205 -41
-116 205 -33
-116 206 -47
-116 206 -46
-116 206 -45
-116 206 -44
-116 206 -42
-116 206 -41
-116 206 -40
-116 206 -39
-116 207 -48
-116 207 -47
-116 207 -46
-116 207 -45
-116 207 -44
-116 207 -43
-116 207 -42
-116 207 -41
-116 207 -40
-116 207 -39
-116 207 -38
-116 207 -35
-116 207 -34
-116 207 -33
-116 208 -48
-116 208 -47
-116 208 -46
-116 208 -45
-116 208 -44
-116 208 -43
-116 208 -42
-116 208 -41
-116 208 -40
-116 208 -39
-116 208 -38
-116 208 -37
-116 208 -36
-116 208 -35
-116 208 -34
-116 208 -33
-116 209 -48
-116 209 -47
-116 209 -46
-116 209 -45
-116 209 -44
-116 209 -43
-116 209 -42
-116 209 -41
-116 209 -40
-116 209 -39
-116 209 -38
-116 209 -37
-116 209 -36
-116 209 -35
-116 209 -34
-116 209 -33
-116 210 -48
-116 210 -47
-116 210 -46
-116 210 -45
-116 210 -44
-116 210 -43
-116 210 -42
-116 210 -41
-116 210 -40
-116 210 -39
-116 210 -38
-116 210 -37
-116 210 -36
-116 210 -35
-116 210 -34
-116 210 -33
-116 211 -48
-116 211 -47
-116 211 -46
-116 211 -45
-116 211 -44
-116 211 -43
-116 211 -42
-116 211 -41
-116 211 -40
-116 211 -39
-116 211 -38
-116 211 -37
-116 211 -36
-116 211 -35
-116 211 -34
-116 211 -33
-116 212 -48
-116 212 -47
-116 212 -46
-116 212 -45
-116 212 -44
-116 212 -43
-116 212 -42
-116 212 -41
-116 212 -40
-116 212 -39
-116 212 -38
-116 212 -37
-116 212 -36
-116 212 -35
-116 212 -34
-116 212 -33
-116 213 -48
-116 213 -47
-116 213 -46
-116 213 -45
-116 213 -44
-116 213 -43
-116 213 -42
-116 213 -41
-116 213 -40
-116 213 -39
-116 213 -38
-116 213 -37
-116 213 -36
-116 213 -35
-116 213 -34
-116 213 -33
-116 214 -48
-116 214 -47
-116 214 -46
-116 214 -45
-116 214 -44
-116 214 -43
-116 214 -42
-116 214 -41
-116 214 -40
-116 214 -39
-116 214 -38
-116 214 -37
-116 214 -36
-116 214 -35
-116 214 -34
-116 214 -33
-116 215 -48
-116 215 -47
-116 215 -46
-116 215 -45
-116 215 -44
-116 215 -43
-116 215 -42
-116 215 -41
-116 215 -40
-116 215 -39
-116 215 -38
-116 215 -37
-116 215 -36
-116 215 -35
-116 215 -34
-116 215 -33
-116 216 -48
-116 216 -47
-116 216 -46
-116 216 -45
-116 216 -44
-116 216 -42
-116 216 -41
-116 216 -40
-116 216 -39
-116 216 -38
-116 216 -37
-116 216 -35
-116 216 -34
-116 216 -33
-116 217 -48
-116 217 -47
-116 217 -46
-116 217 -45
-116 217 -40
-116 217 -38
-116 217 -34
-116 217 -33
-116 218 -46
-116 218 -35
-116 218 -34
-116 218 -33
-116 219 -34
-116 219 -33
-116 220 -33
-115 202 -45
-115 203 -44
-115 203 -43
-115 203 -41
-115 204 -44
-115 204 -43
-115 204 -41
-115 204 -39
-115 205 -43
-115 205 -42
-115 205 -41
-115 205 -40
-115 206 -47
-115 206 -43
-115 206 -42
-115 206 -41
-115 206 -40
-115 206 -38
-115 206 -33
-115 207 -47
-115 207 -45
-115 207 -44
-115 207 -43
-115 207 -42
-115 207 -41
-115 207 -40
-115 207 -39
-115 207 -38
-115 207 -35
-115 207 -34
-115 207 -33
-115 208 -48
-115 208 -47
-115 208 -46
-115 208 -45
-115 208 -44
-115 208 -43
-115 208 -42
-115 208 -41
-115 208 -40
-115 208 -39
-115 208 -38
-115 208 -37
-115 208 -36
-115 208 -35
-115 208 -34
-115 208 -33
-115 209 -48
-115 209 -47
-115 209 -46
-115 209 -45
-115 209 -44
-115 209 -43
-115 209 -42
-115 209 -41
-115 209 -40
-115 209 -39
-115 209 -38
-115 209 -37
-115 209 -36
-115 209 -35
-115 209 -34
-115 209 -33
-115 210 -47
-115 210 -46
-115 210 -45
-115 210 -44
-115 210 -43
-115 210 -42
-115 210 -41
-115 210 -40
-115 210 -39
-115 210 -38
-115 210 -37
-115 210 -36
-115 210 -35
-115 210 -34
-115 210 -33
-115 211 -48
-115 211 -47
-115 211 -46
-115 211 -45
-115 211 -44
-115 211 -43
-115 211 -42
-115 211 -41
-115 211 -40
-115 211 -39
-115 211 -38
-115 211 -37
-115 211 -36
-115 211 -35
-115 211 -34
-115 211 -33
-115 212 -48
-115 212 -47
-115 212 -46
-115 212 -45
-115 212 -44
-115 212 -43
-115 212 -42
-115 212 -41
-115 212 -40
-115 212 -39
-115 212 -38
-115 212 -37
-115 212 -36
-115 212 -35
-115 212 -34
-115 212 -33
-115 213 -48
-115 213 -47
-115 213 -46
-115 213 -45
-115 213 -44
-115 213 -43
-115 213 -42
-115 213 -41
-115 213 -40
-115 213 -39
-115 213 -38
-115 213 -37
-115 213 -36
-115 213 -35
-115 213 -34
-115 213 -33
-115 214 -48
-115 214 -47
-115 214 -46
-115 214 -45
-115 214 -44
-115 214 -43
-115 214 -42
-115 214 -41
-115 214 -40
-115 214 -39
-115 214 -38
-115 214 -37
-115 214 -36
-115 214 -35
-115 214 -34
-115 214 -33
-115 215 -48
-115 215 -47
-115 215 -46
-115 215 -45
-115 215 -44
-115 215 -43
-115 215 -42
-115 215 -41
-115 215 -40
-115 215 -39
-115 215 -38
-115 215 -36
-115 215 -35
-115 215 -34
-115 215 -33
-115 216 -48
-115 216 -47
-115 216 -46
-115 216 -45
-115 216 -44
-115 216 -43
-115 216 -42
-115 216 -41
-115 216 -40
-115 216 -39
-115 216 -38
-115 216 -34
-115 216 -33
-115 217 -48
-115 217 -47
-115 217 -46
-115 217 -45
-115 217 -44
-115 217 -43
-115 217 -40
-115 217 -38
-115 217 -35
-115 217 -33
-115 218 -34
-115 218 -33
-115 219 -34
-115 219 -33
-115 220 -34
-115 220 -33
-115 221 -33
-115 222 -33
-114 201 -45
-114 201 -42
-114 202 -45
-114 202 -44
-114 202 -42
-114 202 -41
-114 203 -44
-114 203 -43
-114 203 -42
-114 203 -40
-114 204 -47
-114 204 -46
-114 204 -45
-114 204 -44
-114 204 -43
-114 204 -42
-114 204 -41
-114 204 -40
-114 204 -39
-114 205 -46
-114 205 -45
-114 205 -44
-114 205 -43
-114 205 -42
-114 205 -41
-114 205 -40
-114 205 -39
-114 205 -38
-114 206 -48
-114 206 -47
-114 206 -46
-114 206 -45
-114 206 -44
-114 206 -43
-114 206 -42
-114 206 -41
-114 206 -40
-114 206 -39
-114 206 -38
-114 206 -37
-114 206 -36
-114 207 -48
-114 207 -47
-114 207 -46
-114 207 -45
-114 207 -44
-114 207 -43
-114 207 -42
-114 207 -41
-114 207 -40
-114 207 -39
-114 207 -38
-114 207 -37
-114 207 -36
-114 207 -35
-114 207 -34
-114 208 -48
-114 208 -47
-114 208 -46
-114 208 -45
-114 208 -44
-114 208 -43
-114 208 -42
-114 208 -41
-114 208 -40
-114 208 -39
-114 208 -38
-114 208 -37
-114 208 -36
-114 208 -35
-114 208 -34
-114 208 -33
-114 209 -48
-114 209 -47
-114 209 -46
-114 209 -45
-114 209 -44
-114 209 -43
-114 209 -42
-114 209 -41
-114 209 -40
-114 209 -39
-114 209 -38
-114 209 -37
-114 209 -36
-114 209 -35
-114 209 -34
-114 209 -33
-114 210 -48
-114 210 -47
-114 210 -46
-114 210 -45
-114 210 -44
-114 210 -43
-114 210 -42
-114 210 -41
-114 210 -40
-114 210 -39
-114 210 -38
-114 210 -37
-114 210 -36
-114 210 -35
-114 210 -34
-114 210 -33
-114 211 -48
-114 211 -47
-114 211 -46
-114 211 -45
-114 211 -44
-114 211 -43
-114 211 -42
-114 211 -41
-114 211 -40
-114 211 -39
-114 211 -38
-114 211 -37
-114 211 -36
-114 211 -35
-114 211 -34
-114 211 -33
-114 212 -48
-114 212 -47
-114 212 -46
-114 212 -45
-114 212 -44
-114 212 -43
-114 212 -42
-114 212 -41
-114 212 -40
-114 212 -39
-114 212 -38
-114 212 -37
-114 212 -36
-114 212 -35
-114 212 -34
-114 212 -33
-114 213 -48
-114 213 -47
-114 213 -46
-114 213 -45
-114 213 -44
-114 213 -43
-114 213 -42
-114 213 -41
-114 213 -40
-114 213 -39
-114 213 -38
-114 213 -37
-114 213 -36
-114 213 -35
-114 213 -34
-114 213 -33
-114 214 -48
-114 214 -47
-114 214 -46
-114 214 -45
-114 214 -44
-114 214 -43
-114 214 -42
-114 214 -41
-114 214 -40
-114 214 -39
-114 214 -38
-114 214 -37
-114 214 -36
-114 214 -35
-114 214 -34
-114 214 -33
-114 215 -48
-114 215 -47
-114 215 -46
-114 215 -45
-114 215 -44
-114 215 -43
-114 215 -42
-114 215 -41
-114 215 -40
-114 215 -39
-114 215 -38
-114 215 -37
-114 215 -36
-114 215 -35
-114 215 -34
-114 215 -33
-114 216 -48
-114 216 -45
-114 216 -44
-114 216 -43
-114 216 -42
-114 216 -41
-114 216 -40
-114 216 -39
-114 216 -38
-114 216 -37
-114 216 -35
-114 216 -34
-114 216 -33
-114 217 -45
-114 217 -44
-114 217 -43
-114 217 -42
-114 217 -41
-114 217 -40
-114 217 -39
-114 217 -38
-114 217 -37
-114 217 -36
-114 217 -35
-114 217 -34
-114 217 -33
-114 218 -45
-114 218 -39
-114 218 -36
-114 218 -35
-114 218 -34
-114 218 -33
-114 219 -36
-114 219 -35
-114 219 -34
-114 219 -33
-114 220 -34
-114 220 -33
-114 221 -34
-114 221 -33
-114 222 -33
-114 223 -34
-113 201 -43
-113 201 -42
-113 201 -41
-113 202 -44
-113 202 -43
-113 202 -42
-113 202 -41
-113 202 -40
-113 203 -44
-113 203 -43
-113 203 -42
-113 203 -41
-113 203 -40
-113 203 -39
-113 203 -38
-113 204 -47
-113 204 -46
-113 204 -45
-113 204 -44
-113 204 -43
-113 204 -42
-113 204 -41
-113 205 -48
-113 205 -47
-113 205 -46
-113 205 -45
-113 205 -44
-113 205 -43
-113 205 -42
-113 205 -41
-113 205 -40
-113 205 -39
-113 205 -36
-113 206 -47
-113 206 -46
-113 206 -45
-113 206 -44
-113 206 -43
-113 206 -42
-113 206 -41
-113 206 -40
-113 206 -39
-113 206 -38
-113 206 -37
-113 206 -36
-113 207 -48
-113 207 -46
-113 207 -45
-113 207 -44
-113 207 -43
-113 207 -42
-113 207 -41
-113 207 -40
-113 207 -39
-113 207 -38
-113 207 -37
-113 207 -36
-113 207 -35
-113 207 -34
-113 207 -33
-113 208 -48
-113 208 -47
-113 208 -46
-113 208 -45
-113 208 -44
-113 208 -43
-113 208 -42
-113 208 -41
-113 208 -40
-113 208 -39
-113 208 -38
-113 208 -37
-113 208 -36
-113 208 -35
-113 208 -34
-113 208 -33
-113 209 -48
-113 209 -47
-113 209 -46
-113 209 -45
-113 209 -44
-113 209 -43
-113 209 -42
-113 209 -41
-113 209 -40
-113 209 -39
-113 209 -38
-113 209 -37
-113 209 -36
-113 209 -35
-113 209 -34
-113 209 -33
-113 210 -48
-113 210 -47
-113 210 -46
-113 210 -45
-113 210 -44
-113 210 -43
-113 210 -42
-113 210 -41
-113 210 -40
-113 210 -39
-113 210 -38
-113 210 -37
-113 210 -36
-113 210 -35
-113 210 -34
-113 211 -48
-113 211 -47
-113 211 -46
-113 211 -45
-113 211 -44
-113 211 -43
-113 211 -42
-113 211 -41
-113 211 -40
-113 211 -39
-113 211 -38
-113 211 -37
-113 211 -36
-113 211 -35
-113 211 -34
-113 211 -33
-113 212 -48
-113 212 -47
-113 212 -46
-113 212 -45
-113 212 -44
-113 212 -43
-113 212 -42
-113 212 -41
-113 212 -40
-113 212 -39
-113 212 -38
-113 212 -37
-113 212 -36
-113 212 -35
-113 212 -34
-113 212 -33
-113 213 -48
-113 213 -47
-113 213 -46
-113 213 -45
-113 213 -44
-113 213 -43
-113 213 -42
-113 213 -41
-113 213 -40
-113 213 -39
-113 213 -38
-113 213 -37
-113 213 -36
-113 213 -35
-113 213 -34
-113 213 -33
-113 214 -48
-113 214 -47
-113 214 -46
-113 214 -45
-113 214 -44
-113 214 -43
-113 214 -42
-113 214 -41
-113 214 -40
-113 214 -39
-113 214 -38
-113 214 -37
-113 214 -36
-113 214 -35
-113 214 -34
-113 214 -33
-113 215 -48
-113 215 -47
-113 215 -46
-113 215 -45
-113 215 -44
-113 215 -43
-113 215 -42
-113 215 -41
-113 215 -40
-113 215 -39
-113 215 -38
-113 215 -37
-113 215 -36
-113 215 -35
-113 215 -34
-113 215 -33
-113 216 -48
-113 216 -47
-113 216 -46
-113 216 -45
-113 216 -44
-113 216 -43
-113 216 -42
-113 216 -41
-113 216 -40
-113 216 -39
-113 216 -38
-113 216 -37
-113 216 -35
-113 216 -34
-113 216 -33
-113 217 -48
-113 217 -46
-113 217 -45
-113 217 -44
-113 217 -43
-113 217 -41
-113 217 -40
-113 217 -39
-113 217 -36
-113 217 -35
-113 217 -34
-113 217 -33
-113 218 -46
-113 218 -45
-113 218 -44
-113 218 -43
-113 218 -40
-113 218 -39
-113 218 -38
-113 218 -36
-113 218 -35
-113 218 -34
-113 218 -33
-113 219 -40
-113 219 -39
-113 219 -36
-113 219 -35
-113 219 -34
-113 219 -33
-113 220 -38
-113 220 -37
-113 220 -36
-113 220 -35
-113 220 -34
-113 221 -37
-113 221 -34
-113 221 -33
-113 222 -34
-113 222 -33
-113 223 -34
-113 223 -33
-113 224 -34
-113 224 -33

