alfheim:altWood1
12
-188 237 16
-188 238 16
-188 239 16
-188 239 31
-188 240 16
-187 236 16
-187 236 17
-187 237 16
-187 237 17
-187 238 16
-187 238 17
-187 238 31
-187 239 16
-187 239 17
-187 239 30
-187 239 31
-187 240 16
-187 240 31
-186 236 16
-186 236 17
-186 236 18
-186 237 16
-186 237 17
-186 237 18
-186 237 19
-186 238 16
-186 238 17
-186 238 18
-186 238 29
-186 238 30
-186 238 31
-186 239 16
-186 239 17
-186 239 18
-186 239 30
-186 239 31
-186 240 16
-186 240 31
-185 234 19
-185 234 20
-185 234 21
-185 234 22
-185 235 18
-185 235 19
-185 235 20
-185 235 21
-185 235 22
-185 235 23
-185 236 16
-185 236 17
-185 236 18
-185 236 19
-185 236 20
-185 236 21
-185 236 22
-185 236 23
-185 236 24
-185 236 25
-185 237 16
-185 237 17
-185 237 18
-185 237 19
-185 237 20
-185 237 21
-185 237 22
-185 237 23
-185 237 24
-185 237 25
-185 237 26
-185 237 27
-185 237 28
-185 237 29
-185 238 16
-185 238 17
-185 238 18
-185 238 19
-185 238 22
-185 238 23
-185 238 24
-185 238 25
-185 238 26
-185 238 27
-185 238 28
-185 238 29
-185 238 30
-185 238 31
-185 239 16
-185 239 17
-185 239 18
-185 239 29
-185 239 30
-185 239 31
-185 240 16
-184 233 21
-184 233 22
-184 234 18
-184 234 19
-184 234 20
-184 234 21
-184 234 22
-184 234 23
-184 234 24
-184 235 18
-184 235 19
-184 235 20
-184 235 21
-184 235 22
-184 235 23
-184 235 24
-184 235 25
-184 235 26
-184 236 16
-184 236 17
-184 236 18
-184 236 19
-184 236 20
-184 236 21
-184 236 22
-184 236 23
-184 236 24
-184 236 25
-184 236 26
-184 236 27
-184 236 28
-184 237 16
-184 237 17
-184 237 18
-184 237 19
-184 237 20
-184 237 21
-184 237 22
-184 237 23
-184 237 24
-184 237 25
-184 237 26
-184 237 27
-184 237 28
-184 237 29
-184 238 16
-184 238 17
-184 238 18
-184 238 19
-184 238 20
-184 238 21
-184 238 22
-184 238 23
-184 238 24
-184 238 25
-184 238 26
-184 238 27
-184 238 28
-184 238 29
-184 238 30
-184 239 16
-184 239 17
-184 239 22
-184 239 23
-184 239 24
-184 239 25
-184 239 26
-184 239 27
-184 239 28
-183 233 21
-183 233 22
-183 233 23
-183 234 19
-183 234 20
-183 234 21
-183 234 22
-183 234 23
-183 234 24
-183 234 25
-183 235 18
-183 235 19
-183 235 20
-183 235 21
-183 235 22
-183 235 23
-183 235 24
-183 235 25
-183 235 26
-183 235 27
-183 235 28
-183 236 17
-183 236 18
-183 236 19
-183 236 20
-183 236 21
-183 236 22
-183 236 23
-183 236 24
-183 236 25
-183 236 26
-183 236 27
-183 236 28
-183 236 29
-183 237 17
-183 237 18
-183 237 19
-183 237 20
-183 237 21
-183 237 22
-183 237 23
-183 237 24
-183 237 25
-183 237 26
-183 237 27
-183 237 28
-183 237 29
-183 238 17
-183 238 18
-183 238 19
-183 238 20
-183 238 21
-183 238 22
-183 238 23
-183 238 24
-183 238 25
-183 238 26
-183 238 27
-183 238 29
-183 239 22
-183 239 23
-183 239 24
-183 239 25
-183 239 26
-183 239 27
-182 233 21
-182 233 22
-182 233 23
-182 233 24
-182 234 19
-182 234 20
-182 234 21
-182 234 22
-182 234 23
-182 234 24
-182 234 25
-182 234 26
-182 234 27
-182 235 18
-182 235 19
-182 235 20
-182 235 21
-182 235 22
-182 235 23
-182 235 24
-182 235 25
-182 235 26
-182 235 27
-182 235 28
-182 236 18
-182 236 19
-182 236 20
-182 236 21
-182 236 22
-182 236 23
-182 236 24
-182 236 25
-182 236 26
-182 236 27
-182 236 28
-182 236 29
-182 237 18
-182 237 19
-182 237 20
-182 237 21
-182 237 22
-182 237 23
-182 237 24
-182 237 25
-182 237 26
-182 237 27
-182 237 28
-182 237 29
-182 238 20
-182 238 21
-182 238 22
-182 238 23
-182 238 24
-182 238 25
-182 238 26
-182 239 24
-182 239 25
-181 233 22
-181 233 23
-181 233 24
-181 233 25
-181 233 26
-181 234 21
-181 234 22
-181 234 23
-181 234 24
-181 234 25
-181 234 26
-181 234 27
-181 234 28
-181 235 20
-181 235 21
-181 235 22
-181 235 23
-181 235 24
-181 235 25
-181 235 26
-181 235 27
-181 235 28
-181 235 29
-181 236 20
-181 236 21
-181 236 22
-181 236 23
-181 236 24
-181 236 25
-181 236 26
-181 236 27
-181 236 28
-181 237 20
-181 237 21
-181 237 22
-181 237 23
-181 237 24
-181 237 25
-181 237 26
-181 237 27
-181 238 23
-181 238 24
-181 238 25
-181 238 26
-180 232 25
-180 232 26
-180 233 23
-180 233 24
-180 233 25
-180 233 26
-180 233 27
-180 234 22
-180 234 23
-180 234 24
-180 234 25
-180 234 26
-180 234 27
-180 234 28
-180 235 21
-180 235 22
-180 235 23
-180 235 24
-180 235 25
-180 235 26
-180 235 27
-180 235 28
-180 235 29
-180 236 21
-180 236 22
-180 236 23
-180 236 24
-180 236 25
-180 236 26
-180 236 27
-180 236 28
-180 236 29
-180 237 23
-180 237 24
-180 237 25
-180 237 26
-180 237 27
-180 237 28
-179 231 26
-179 231 27
-179 232 24
-179 232 25
-179 232 26
-179 232 27
-179 232 28
-179 233 23
-179 233 24
-179 233 25
-179 233 26
-179 233 27
-179 233 28
-179 234 22
-179 234 23
-179 234 24
-179 234 25
-179 234 26
-179 234 27
-179 234 28
-179 235 22
-179 235 23
-179 235 24
-179 235 25
-179 235 26
-179 235 27
-179 235 28
-179 235 29
-179 236 23
-179 236 24
-179 236 25
-179 236 26
-179 236 27
-179 236 28
-179 236 29
-179 237 25
-179 237 26
-179 237 27
-179 237 28
-178 231 25
-178 231 26
-178 231 27
-178 231 28
-178 232 24
-178 232 25
-178 232 26
-178 232 27
-178 232 28
-178 232 29
-178 233 23
-178 233 24
-178 233 25
-178 233 26
-178 233 27
-178 233 28
-178 233 29
-178 234 23
-178 234 24
-178 234 25
-178 234 26
-178 234 27
-178 234 28
-178 234 29
-178 235 23
-178 235 24
-178 235 25
-178 235 26
-178 235 27
-178 235 28
-178 235 29
-178 236 24
-178 236 25
-178 236 26
-178 236 27
-178 236 28
-178 237 25
-178 237 26
-178 237 27
-177 230 26
-177 230 27
-177 230 28
-177 231 25
-177 231 26
-177 231 27
-177 231 28
-177 231 29
-177 232 24
-177 232 25
-177 232 26
-177 232 27
-177 232 28
-177 232 29
-177 232 30
-177 233 24
-177 233 25
-177 233 26
-177 233 27
-177 233 28
-177 233 29
-177 233 30
-177 234 24
-177 234 25
-177 234 26
-177 234 27
-177 234 28
-177 234 29
-177 234 30
-177 235 24
-177 235 25
-177 235 26
-177 235 27
-177 235 28
-177 235 29
-177 236 25
-177 236 26
-177 236 27
-177 236 28
alfheim:altLeaves
6
-191 191 19
-191 192 19
-190 190 18
-190 190 19
-190 191 18
-190 191 19
-190 192 18
-190 192 19
-190 192 20
-189 189 19
-189 189 20
-189 190 18
-189 190 19
-189 191 18
-189 191 19
-189 192 18
-189 192 19
-189 192 20
-189 192 21
-188 188 20
-188 189 18
-188 189 19
-188 189 20
-188 189 21
-188 190 18
-188 190 19
-188 190 20
-188 190 21
-188 191 17
-188 191 18
-188 191 19
-188 191 20
-188 192 16
-188 192 17
-188 192 18
-188 192 19
-188 192 20
-188 192 21
-187 189 18
-187 189 19
-187 190 19
-187 190 20
-187 191 17
-187 191 18
-187 191 19
-187 191 20
-187 191 21
-187 192 17
-187 192 18
-186 189 18
-186 190 18
-186 191 17
-186 191 18
-186 191 19
-186 192 18
-186 192 19
-185 191 18
-185 192 18
-185 192 19
-192 201 16
-192 202 16
-192 202 17
-192 202 21
-192 203 16
-192 203 17
-192 203 18
-192 203 19
-192 203 20
-192 204 16
-192 204 17
-192 204 18
-192 205 16
-192 205 17
-192 205 18
-192 205 19
-192 205 20
-192 206 16
-192 206 17
-192 207 16
-192 207 17
-192 207 18
-192 207 19
-192 208 16
-192 208 17
-192 208 18
-192 208 19
-192 208 20
-192 209 16
-192 209 17
-192 209 18
-192 209 19
-192 209 20
-192 210 16
-192 210 17
-192 210 18
-192 210 19
-192 210 20
-192 210 21
-192 211 16
-192 211 17
-192 211 18
-192 211 19
-192 211 20
-192 212 16
-192 212 17
-192 212 18
-192 213 16
-192 213 17
-192 213 18
-192 214 16
-192 215 16
-192 216 16
-191 195 18
-191 196 17
-191 196 18
-191 196 19
-191 197 18
-191 199 16
-191 199 17
-191 199 18
-191 199 21
-191 200 16
-191 200 17
-191 200 18
-191 200 20
-191 200 21
-191 200 22
-191 201 16
-191 201 17
-191 201 18
-191 201 19
-191 201 20
-191 201 21
-191 201 22
-191 202 16
-191 202 17
-191 202 18
-191 202 21
-191 203 16
-191 203 17
-191 203 18
-191 203 19
-191 203 20
-191 203 21
-191 204 16
-191 204 17
-191 204 18
-191 204 19
-191 204 20
-191 204 21
-191 205 16
-191 205 17
-191 205 18
-191 205 19
-191 205 20
-191 205 21
-191 206 16
-191 206 17
-191 206 18
-191 206 20
-191 207 16
-191 207 17
-191 207 18
-191 207 19
-191 207 20
-191 207 21
-191 208 16
-191 208 17
-191 208 18
-191 208 19
-191 208 20
-191 209 16
-191 209 17
-191 209 18
-191 209 19
-191 210 16
-191 210 17
-191 210 18
-191 210 19
-191 211 16
-191 211 17
-191 211 18
-191 211 19
-191 211 20
-191 212 16
-191 212 17
-191 212 20
-191 213 16
-191 213 17
-191 213 18
-191 213 19
-191 214 16
-191 214 18
-191 215 16
-191 215 17
-191 216 16
-191 216 17
-191 218 16
-190 193 17
-190 193 18
-190 193 19
-190 194 18
-190 194 19
-190 195 17
-190 195 18
-190 196 16
-190 196 17
-190 196 18
-190 196 19
-190 197 18
-190 197 19
-190 198 16
-190 198 18
-190 199 16
-190 199 17
-190 199 19
-190 200 16
-190 200 17
-190 200 18
-190 200 19
-190 200 20
-190 200 21
-190 200 22
-190 201 16
-190 201 17
-190 201 18
-190 201 19
-190 201 20
-190 201 21
-190 201 22
-190 202 16
-190 202 17
-190 202 18
-190 202 19
-190 202 20
-190 202 21
-190 202 22
-190 203 16
-190 203 17
-190 203 18
-190 203 19
-190 203 20
-190 203 21
-190 204 16
-190 204 17
-190 204 18
-190 204 19
-190 204 20
-190 204 21
-190 205 16
-190 205 17
-190 205 18
-190 205 19
-190 205 20
-190 205 21
-190 206 16
-190 206 17
-190 206 18
-190 206 19
-190 206 20
-190 206 21
-190 207 16
-190 207 17
-190 207 18
-190 207 19
-190 207 20
-190 207 21
-190 207 22
-190 208 16
-190 208 17
-190 208 18
-190 208 19
-190 208 20
-190 209 16
-190 209 17
-190 209 18
-190 209 19
-190 210 16
-190 210 17
-190 210 18
-190 210 19
-190 210 20
-190 210 21
-190 211 16
-190 211 17
-190 211 18
-190 211 19
-190 211 20
-190 211 21
-190 211 22
-190 212 16
-190 212 17
-190 212 18
-190 212 20
-190 212 21
-190 213 16
-190 213 17
-190 213 18
-190 213 19
-190 213 20
-190 214 16
-190 214 17
-190 214 19
-190 215 16
-190 216 16
-190 216 17
-190 216 18
-190 217 16
-190 217 17
-190 217 18
-190 218 16
-190 218 17
-189 193 17
-189 193 18
-189 193 19
-189 193 20
-189 193 21
-189 194 17
-189 194 18
-189 194 19
-189 194 20
-189 195 18
-189 195 19
-189 196 17
-189 196 18
-189 196 19
-189 196 20
-189 196 21
-189 197 17
-189 197 18
-189 197 19
-189 198 16
-189 198 17
-189 198 18
-189 198 19
-189 198 20
-189 198 21
-189 199 17
-189 199 18
-189 199 19
-189 199 20
-189 199 21
-189 200 16
-189 200 17
-189 200 18
-189 200 19
-189 200 20
-189 200 21
-189 200 22
-189 201 16
-189 201 17
-189 201 18
-189 201 19
-189 201 20
-189 201 21
-189 202 16
-189 202 17
-189 202 18
-189 202 19
-189 202 21
-189 202 22
-189 203 16
-189 203 17
-189 203 18
-189 203 19
-189 203 21
-189 204 16
-189 204 17
-189 204 18
-189 204 19
-189 204 20
-189 204 21
-189 205 16
-189 205 17
-189 205 18
-189 205 19
-189 205 20
-189 205 21
-189 206 16
-189 206 17
-189 206 18
-189 206 19
-189 206 21
-189 206 22
-189 206 23
-189 207 16
-189 207 17
-189 207 18
-189 207 19
-189 207 20
-189 207 21
-189 207 22
-189 208 16
-189 208 17
-189 208 18
-189 208 19
-189 208 20
-189 208 21
-189 209 16
-189 209 17
-189 209 18
-189 209 19
-189 209 20
-189 210 16
-189 210 17
-189 210 18
-189 210 19
-189 210 20
-189 210 21
-189 211 16
-189 211 17
-189 211 18
-189 211 19
-189 211 20
-189 212 16
-189 212 17
-189 212 18
-189 213 16
-189 213 17
-189 213 18
-189 213 19
-189 213 20
-189 213 21
-189 214 16
-189 214 17
-189 214 18
-189 214 19
-189 214 20
-189 215 16
-189 215 17
-189 215 18
-189 216 16
-189 217 16
-189 217 17
-188 193 17
-188 193 19
-188 193 20
-188 194 17
-188 194 18
-188 194 19
-188 194 20
-188 195 17
-188 195 18
-188 195 19
-188 195 20
-188 196 16
-188 196 17
-188 196 18
-188 196 19
-188 196 20
-188 196 21
-188 196 22
-188 197 16
-188 197 17
-188 197 18
-188 197 19
-188 198 16
-188 198 17
-188 198 18
-188 198 19
-188 198 20
-188 199 16
-188 199 17
-188 199 18
-188 199 19
-188 199 20
-188 199 21
-188 200 16
-188 200 17
-188 200 18
-188 200 19
-188 200 20
-188 200 21
-188 200 22
-188 201 16
-188 201 17
-188 201 18
-188 201 19
-188 201 20
-188 201 21
-188 201 23
-188 202 16
-188 202 17
-188 202 18
-188 202 19
-188 202 20
-188 202 21
-188 203 16
-188 203 17
-188 203 18
-188 203 19
-188 203 20
-188 203 21
-188 203 22
-188 204 16
-188 204 17
-188 204 18
-188 204 19
-188 204 20
-188 204 21
-188 205 16
-188 205 17
-188 205 18
-188 205 19
-188 205 20
-188 205 21
-188 205 22
-188 206 16
-188 206 17
-188 206 18
-188 206 19
-188 206 20
-188 206 21
-188 206 22
-188 207 16
-188 207 17
-188 207 18
-188 207 19
-188 207 20
-188 207 21
-188 207 22
-188 207 23
-188 208 16
-188 208 17
-188 208 18
-188 208 19
-188 208 20
-188 208 21
-188 208 22
-188 209 16
-188 209 17
-188 209 18
-188 209 19
-188 209 20
-188 210 16
-188 210 17
-188 210 18
-188 210 19
-188 210 20
-188 211 16
-188 211 17
-188 211 18
-188 211 19
-188 212 16
-188 212 17
-188 212 18
-188 212 19
-188 212 20
-188 213 16
-188 213 17
-188 213 18
-188 213 19
-188 213 20
-188 214 16
-188 214 17
-188 214 18
-188 215 16
-188 215 17
-188 215 18
-188 216 16
-187 193 16
-187 193 17
-187 193 18
-187 193 19
-187 193 20
-187 194 16
-187 194 17
-187 194 18
-187 194 19
-187 194 20
-187 195 17
-187 195 18
-187 195 19
-187 195 20
-187 196 16
-187 196 17
-187 196 18
-187 196 19
-187 196 20
-187 196 21
-187 197 16
-187 197 17
-187 197 18
-187 197 19
-187 197 20
-187 197 21
-187 198 16
-187 198 17
-187 198 18
-187 198 19
-187 198 20
-187 198 21
-187 199 16
-187 199 17
-187 199 18
-187 199 19
-187 199 21
-187 199 22
-187 200 16
-187 200 17
-187 200 18
-187 200 19
-187 200 20
-187 200 21
-187 201 16
-187 201 17
-187 201 18
-187 201 19
-187 201 20
-187 201 21
-187 201 22
-187 201 23
-187 202 16
-187 202 17
-187 202 18
-187 202 19
-187 202 20
-187 202 21
-187 202 22
-187 202 23
-187 203 16
-187 203 17
-187 203 18
-187 203 19
-187 203 20
-187 203 21
-187 204 16
-187 204 17
-187 204 18
-187 204 19
-187 204 20
-187 204 21
-187 205 16
-187 205 17
-187 205 18
-187 205 19
-187 205 20
-187 205 21
-187 205 22
-187 206 16
-187 206 17
-187 206 18
-187 206 19
-187 206 20
-187 206 21
-187 206 22
-187 207 16
-187 207 17
-187 207 18
-187 207 19
-187 207 20
-187 207 21
-187 207 22
-187 208 16
-187 208 17
-187 208 18
-187 208 19
-187 208 20
-187 208 21
-187 208 22
-187 209 16
-187 209 17
-187 209 18
-187 209 19
-187 209 20
-187 209 21
-187 209 22
-187 210 16
-187 210 17
-187 210 18
-187 210 19
-187 210 20
-187 210 21
-187 211 16
-187 211 17
-187 211 18
-187 211 19
-187 211 20
-187 211 21
-187 212 16
-187 212 17
-187 212 18
-187 213 16
-187 213 17
-187 213 18
-187 213 19
-187 213 20
-187 214 16
-187 214 17
-187 214 18
-187 215 16
-187 215 17
-187 216 16
-186 193 17
-186 193 18
-186 193 20
-186 194 16
-186 194 17
-186 194 18
-186 194 19
-186 194 20
-186 194 21
-186 195 16
-186 195 17
-186 195 18
-186 195 19
-186 196 16
-186 196 17
-186 196 18
-186 196 19
-186 196 20
-186 197 16
-186 197 18
-186 197 19
-186 198 16
-186 198 17
-186 198 18
-186 198 19
-186 198 20
-186 199 16
-186 199 17
-186 199 18
-186 199 19
-186 199 21
-186 200 16
-186 200 17
-186 200 18
-186 200 19
-186 200 21
-186 200 22
-186 201 16
-186 201 17
-186 201 18
-186 201 19
-186 201 20
-186 201 21
-186 201 22
-186 202 16
-186 202 17
-186 202 18
-186 202 19
-186 202 21
-186 202 22
-186 203 16
-186 203 17
-186 203 18
-186 203 20
-186 203 21
-186 203 22
-186 204 16
-186 204 17
-186 204 18
-186 204 19
-186 204 20
-186 204 21
-186 204 22
-186 205 16
-186 205 17
-186 205 18
-186 205 19
-186 205 20
-186 205 21
-186 205 22
-186 205 23
-186 206 16
-186 206 17
-186 206 18
-186 206 19
-186 206 20
-186 206 21
-186 206 22
-186 206 24
-186 206 25
-186 207 16
-186 207 17
-186 207 18
-186 207 19
-186 207 20
-186 207 21
-186 207 22
-186 207 24
-186 208 16
-186 208 17
-186 208 18
-186 208 19
-186 208 20
-186 208 21
-186 208 22
-186 209 16
-186 209 17
-186 209 18
-186 209 19
-186 209 20
-186 209 21
-186 209 22
-186 209 23
-186 210 16
-186 210 17
-186 210 18
-186 210 19
-186 210 20
-186 210 21
-186 210 22
-186 211 16
-186 211 17
-186 211 18
-186 211 19
-186 211 20
-186 211 21
-186 212 16
-186 212 17
-186 212 18
-186 212 19
-186 212 21
-186 213 16
-186 213 17
-186 213 18
-186 213 19
-186 213 20
-186 214 16
-186 214 18
-186 215 16
-186 216 16
-186 216 17
-186 216 19
-186 217 16
-186 217 17
-185 193 17
-185 193 18
-185 193 19
-185 194 17
-185 194 18
-185 194 19
-185 194 20
-185 195 16
-185 195 17
-185 196 17
-185 196 19
-185 197 16
-185 197 18
-185 197 19
-185 197 20
-185 198 16
-185 198 17
-185 198 18
-185 198 19
-185 199 17
-185 199 18
-185 199 19
-185 200 17
-185 200 18
-185 200 19
-185 200 20
-185 201 17
-185 201 18
-185 201 19
-185 201 20
-185 201 21
-185 201 22
-185 202 16
-185 202 17
-185 202 18
-185 202 19
-185 203 16
-185 203 17
-185 203 18
-185 203 19
-185 203 20
-185 203 21
-185 204 16
-185 204 17
-185 204 18
-185 204 19
-185 204 20
-185 204 21
-185 204 22
-185 205 16
-185 205 17
-185 205 18
-185 205 19
-185 205 20
-185 205 21
-185 205 22
-185 205 23
-185 205 25
-185 206 16
-185 206 17
-185 206 18
-185 206 19
-185 206 20
-185 206 21
-185 206 22
-185 206 23
-185 206 24
-185 206 25
-185 206 26
-185 207 16
-185 207 17
-185 207 18
-185 207 19
-185 207 20
-185 207 21
-185 207 22
-185 207 23
-185 207 24
-185 207 25
-185 208 16
-185 208 17
-185 208 18
-185 208 19
-185 208 20
-185 208 21
-185 208 22
-185 208 23
-185 209 16
-185 209 17
-185 209 18
-185 209 19
-185 209 20
-185 209 21
-185 209 22
-185 209 23
-185 209 24
-185 210 16
-185 210 17
-185 210 18
-185 210 19
-185 210 20
-185 210 21
-185 210 22
-185 211 16
-185 211 17
-185 211 18
-185 211 19
-185 211 20
-185 211 21
-185 211 22
-185 211 23
-185 212 16
-185 212 17
-185 212 18
-185 212 19
-185 212 20
-185 212 21
-185 212 22
-185 213 16
-185 213 17
-185 213 18
-185 213 19
-185 213 20
-185 213 21
-185 214 16
-185 214 17
-185 214 18
-185 214 20
-185 215 16
-185 215 17
-185 215 18
-185 215 19
-185 215 20
-185 216 16
-185 216 17
-185 216 18
-185 216 19
-185 216 20
-185 217 16
-185 217 17
-185 217 18
-185 217 19
-185 218 16
-185 218 17
-185 218 18
-185 219 16
-185 219 17
-185 219 18
-185 220 16
-185 221 16
-185 222 16
-184 193 18
-184 193 19
-184 195 17
-184 197 17
-184 197 18
-184 198 17
-184 198 18
-184 198 19
-184 198 20
-184 199 18
-184 199 19
-184 200 17
-184 200 18
-184 201 16
-184 201 17
-184 201 18
-184 201 19
-184 201 20
-184 202 16
-184 202 17
-184 202 18
-184 202 19
-184 202 20
-184 203 16
-184 203 17
-184 203 18
-184 203 19
-184 203 20
-184 203 21
-184 204 16
-184 204 17
-184 204 18
-184 204 19
-184 204 20
-184 204 21
-184 204 23
-184 205 16
-184 205 17
-184 205 18
-184 205 19
-184 205 20
-184 205 21
-184 205 22
-184 205 23
-184 205 24
-184 206 16
-184 206 17
-184 206 18
-184 206 19
-184 206 20
-184 206 21
-184 206 22
-184 206 24
-184 206 25
-184 207 16
-184 207 17
-184 207 18
-184 207 19
-184 207 20
-184 207 21
-184 207 22
-184 207 23
-184 207 24
-184 208 16
-184 208 17
-184 208 18
-184 208 19
-184 208 20
-184 208 21
-184 208 22
-184 209 16
-184 209 17
-184 209 18
-184 209 19
-184 209 20
-184 209 21
-184 209 22
-184 209 23
-184 210 16
-184 210 17
-184 210 18
-184 210 19
-184 210 20
-184 210 21
-184 211 16
-184 211 17
-184 211 18
-184 211 19
-184 211 20
-184 211 21
-184 212 16
-184 212 17
-184 212 18
-184 212 19
-184 212 20
-184 212 21
-184 212 22
-184 213 16
-184 213 17
-184 213 18
-184 213 19
-184 213 20
-184 213 21
-184 214 16
-184 214 17
-184 214 18
-184 214 19
-184 214 20
-184 214 21
-184 215 16
-184 215 17
-184 215 18
-184 215 19
-184 215 20
-184 216 16
-184 216 17
-184 216 18
-184 216 19
-184 216 20
-184 217 16
-184 217 17
-184 217 18
-184 217 19
-184 217 20
-184 218 16
-184 218 17
-184 218 18
-184 218 19
-184 219 16
-184 219 17
-184 219 18
-184 219 19
-184 220 16
-184 220 19
-184 221 16
-184 222 16
-184 222 17
-184 223 16
-183 197 18
-183 198 18
-183 198 19
-183 201 16
-183 201 17
-183 201 18
-183 202 16
-183 202 17
-183 202 18
-183 202 19
-183 202 20
-183 203 16
-183 203 17
-183 203 18
-183 203 19
-183 203 22
-183 203 23
-183 204 16
-183 204 17
-183 204 18
-183 204 19
-183 204 20
-183 204 22
-183 204 23
-183 205 16
-183 205 17
-183 205 18
-183 205 19
-183 205 20
-183 205 21
-183 205 22
-183 206 16
-183 206 17
-183 206 18
-183 206 19
-183 206 20
-183 206 21
-183 206 22
-183 206 23
-183 206 24
-183 207 16
-183 207 17
-183 207 18
-183 207 19
-183 207 20
-183 207 21
-183 207 22
-183 207 23
-183 208 16
-183 208 17
-183 208 18
-183 208 19
-183 208 20
-183 208 21
-183 208 22
-183 208 23
-183 209 16
-183 209 17
-183 209 18
-183 209 19
-183 209 20
-183 209 22
-183 209 23
-183 210 16
-183 210 17
-183 210 18
-183 211 16
-183 211 17
-183 211 18
-183 211 20
-183 211 21
-183 212 16
-183 212 17
-183 212 18
-183 212 19
-183 212 20
-183 212 21
-183 212 22
-183 213 16
-183 213 17
-183 213 18
-183 213 19
-183 213 20
-183 213 21
-183 213 22
-183 213 23
-183 214 16
-183 214 17
-183 214 18
-183 214 19
-183 214 20
-183 214 21
-183 215 16
-183 215 17
-183 215 18
-183 215 19
-183 215 21
-183 215 22
-183 216 16
-183 216 17
-183 216 18
-183 216 19
-183 216 20
-183 216 21
-183 216 22
-183 217 16
-183 217 17
-183 217 18
-183 217 19
-183 217 20
-183 217 21
-183 218 16
-183 218 17
-183 218 18
-183 218 19
-183 219 16
-183 219 17
-183 219 18
-183 219 19
-183 219 20
-183 220 16
-183 220 17
-183 220 18
-183 220 19
-183 221 16
-183 221 19
-183 222 16
-183 223 16
-182 202 16
-182 202 19
-182 203 16
-182 203 17
-182 203 19
-182 203 20
-182 203 21
-182 203 22
-182 204 17
-182 204 18
-182 204 19
-182 204 20
-182 204 21
-182 204 22
-182 205 16
-182 205 17
-182 205 18
-182 205 19
-182 205 20
-182 205 21
-182 205 22
-182 205 23
-182 205 24
-182 206 16
-182 206 17
-182 206 18
-182 206 19
-182 206 20
-182 206 21
-182 206 22
-182 206 23
-182 206 24
-182 206 25
-182 207 16
-182 207 18
-182 207 19
-182 207 20
-182 207 21
-182 207 22
-182 207 23
-182 207 24
-182 208 16
-182 208 17
-182 208 18
-182 208 19
-182 208 20
-182 208 22
-182 208 23
-182 209 16
-182 209 17
-182 209 19
-182 209 22
-182 210 16
-182 210 17
-182 211 16
-182 211 17
-182 211 18
-182 211 19
-182 211 21
-182 211 22
-182 212 16
-182 212 17
-182 212 18
-182 212 19
-182 212 20
-182 212 21
-182 212 22
-182 213 16
-182 213 17
-182 213 18
-182 213 19
-182 213 20
-182 213 21
-182 213 22
-182 213 23
-182 213 24
-182 214 16
-182 214 17
-182 214 18
-182 214 19
-182 214 20
-182 214 21
-182 214 22
-182 214 23
-182 215 16
-182 215 17
-182 215 18
-182 215 19
-182 215 20
-182 215 21
-182 215 22
-182 215 23
-182 216 16
-182 216 17
-182 216 18
-182 216 19
-182 216 20
-182 216 21
-182 216 22
-182 217 16
-182 217 17
-182 217 18
-182 217 19
-182 217 21
-182 218 16
-182 218 17
-182 218 18
-182 218 19
-182 218 20
-182 218 21
-182 219 16
-182 219 17
-182 219 18
-182 219 19
-182 219 20
-182 219 21
-182 219 22
-182 220 16
-182 220 17
-182 220 18
-182 220 19
-182 220 20
-182 221 16
-182 221 17
-182 221 18
-182 221 20
-182 222 16
-182 222 17
-182 222 18
-182 223 16
-181 202 17
-181 203 17
-181 203 18
-181 203 20
-181 203 21
-181 204 16
-181 204 17
-181 204 18
-181 204 20
-181 205 16
-181 205 17
-181 205 18
-181 205 19
-181 205 20
-181 205 21
-181 205 22
-181 205 23
-181 206 17
-181 206 18
-181 206 19
-181 206 20
-181 206 21
-181 206 22
-181 206 23
-181 207 16
-181 207 17
-181 207 18
-181 207 19
-181 207 21
-181 207 22
-181 208 16
-181 208 18
-181 208 19
-181 208 20
-181 208 21
-181 208 22
-181 209 16
-181 209 17
-181 209 18
-181 210 16
-181 210 17
-181 210 18
-181 210 19
-181 210 20
-181 211 16
-181 211 17
-181 211 18
-181 211 19
-181 211 20
-181 212 16
-181 212 17
-181 212 18
-181 212 19
-181 212 23
-181 213 16
-181 213 17
-181 213 18
-181 213 19
-181 213 20
-181 213 21
-181 213 22
-181 213 23
-181 214 16
-181 214 17
-181 214 18
-181 214 19
-181 214 20
-181 214 21
-181 214 22
-181 214 23
-181 215 16
-181 215 17
-181 215 18
-181 215 19
-181 215 20
-181 215 21
-181 215 22
-181 216 16
-181 216 17
-181 216 18
-181 216 19
-181 216 20
-181 216 21
-181 216 22
-181 217 16
-181 217 17
-181 217 18
-181 217 19
-181 217 20
-181 217 21
-181 217 22
-181 218 16
-181 218 17
-181 218 18
-181 218 19
-181 218 20
-181 218 22
-181 219 16
-181 219 17
-181 219 18
-181 219 19
-181 219 20
-181 219 21
-181 219 22
-181 220 16
-181 220 17
-181 220 18
-181 220 19
-181 220 20
-181 221 16
-181 221 17
-181 221 18
-181 221 19
-181 221 20
-181 222 16
-181 222 17
-181 222 18
-181 222 19
-181 223 16
-181 223 17
-181 223 18
-181 223 19
-180 205 17
-180 205 18
-180 205 22
-180 206 20
-180 206 21
-180 207 17
-180 207 18
-180 207 19
-180 209 17
-180 209 18
-180 210 16
-180 210 17
-180 210 18
-180 210 19
-180 210 21
-180 211 16
-180 211 17
-180 211 18
-180 211 19
-180 211 20
-180 211 21
-180 211 22
-180 212 16
-180 212 17
-180 212 18
-180 212 19
-180 212 20
-180 212 21
-180 212 22
-180 213 16
-180 213 17
-180 213 18
-180 213 19
-180 213 20
-180 213 21
-180 213 22
-180 213 23
-180 213 24
-180 214 16
-180 214 17
-180 214 18
-180 214 19
-180 214 20
-180 214 21
-180 214 22
-180 214 23
-180 214 24
-180 215 16
-180 215 17
-180 215 18
-180 215 19
-180 215 20
-180 215 21
-180 215 22
-180 215 23
-180 216 16
-180 216 17
-180 216 18
-180 216 19
-180 216 20
-180 216 21
-180 216 22
-180 216 23
-180 217 16
-180 217 17
-180 217 18
-180 217 19
-180 217 20
-180 217 21
-180 217 22
-180 217 23
-180 217 24
-180 218 16
-180 218 17
-180 218 18
-180 218 19
-180 218 20
-180 218 21
-180 218 22
-180 218 23
-180 219 16
-180 219 17
-180 219 18
-180 219 19
-180 219 20
-180 219 21
-180 219 22
-180 220 16
-180 220 17
-180 220 18
-180 220 19
-180 220 20
-180 220 21
-180 220 22
-180 220 23
-180 221 16
-180 221 17
-180 221 18
-180 221 19
-180 221 20
-180 221 21
-180 221 22
-180 222 16
-180 222 18
-180 222 19
-180 223 16
-180 223 17
-180 223 19
-179 205 21
-179 206 20
-179 206 21
-179 206 22
-179 207 19
-179 207 21
-179 210 16
-179 210 17
-179 210 18
-179 210 19
-179 210 20
-179 211 16
-179 211 17
-179 211 18
-179 211 19
-179 211 20
-179 211 21
-179 211 22
-179 211 23
-179 212 16
-179 212 17
-179 212 18
-179 212 19
-179 212 20
-179 212 21
-179 212 22
-179 213 16
-179 213 17
-179 213 18
-179 213 19
-179 213 20
-179 213 21
-179 213 22
-179 213 23
-179 213 24
-179 214 16
-179 214 17
-179 214 18
-179 214 19
-179 214 20
-179 214 21
-179 214 22
-179 214 23
-179 214 24
-179 215 16
-179 215 17
-179 215 18
-179 215 19
-179 215 20
-179 215 21
-179 215 22
-179 215 23
-179 216 16
-179 216 17
-179 216 18
-179 216 19
-179 216 20
-179 216 21
-179 216 22
-179 216 23
-179 217 16
-179 217 17
-179 217 18
-179 217 19
-179 217 20
-179 217 21
-179 217 22
-179 218 16
-179 218 17
-179 218 18
-179 218 19
-179 218 20
-179 218 21
-179 218 22
-179 218 23
-179 219 16
-179 219 17
-179 219 18
-179 219 19
-179 219 20
-179 219 21
-179 219 22
-179 220 16
-179 220 17
-179 220 18
-179 220 19
-179 220 20
-179 220 22
-179 221 16
-179 221 17
-179 221 18
-179 221 19
-179 221 20
-179 222 16
-179 222 17
-179 222 18
-179 222 19
-179 222 20
-179 223 17
-179 223 18
-179 224 16
-178 209 17
-178 209 22
-178 210 17
-178 210 18
-178 210 19
-178 210 20
-178 210 21
-178 210 24
-178 211 17
-178 211 18
-178 211 19
-178 211 20
-178 211 21
-178 211 22
-178 211 23
-178 212 16
-178 212 17
-178 212 18
-178 212 19
-178 212 20
-178 212 21
-178 212 22
-178 212 23
-178 212 24
-178 212 25
-178 212 26
-178 213 16
-178 213 17
-178 213 18
-178 213 19
-178 213 20
-178 213 21
-178 213 22
-178 213 23
-178 213 24
-178 213 25
-178 213 26
-178 214 16
-178 214 17
-178 214 18
-178 214 19
-178 214 20
-178 214 21
-178 214 22
-178 214 23
-178 215 16
-178 215 17
-178 215 18
-178 215 19
-178 215 20
-178 215 21
-178 215 22
-178 215 23
-178 216 16
-178 216 17
-178 216 18
-178 216 19
-178 216 20
-178 216 21
-178 216 22
-178 217 16
-178 217 17
-178 217 18
-178 217 19
-178 217 20
-178 217 21
-178 217 22
-178 218 16
-178 218 17
-178 218 18
-178 218 19
-178 218 20
-178 218 21
-178 219 16
-178 219 17
-178 219 18
-178 219 19
-178 219 20
-178 219 21
-178 219 22
-178 220 16
-178 220 17
-178 220 18
-178 220 19
-178 221 16
-178 221 17
-178 221 18
-178 222 16
-178 222 17
-178 223 17
-177 208 21
-177 208 22
-177 209 17
-177 209 18
-177 209 19
-177 209 20
-177 209 21
-177 209 22
-177 209 24
-177 210 16
-177 210 17
-177 210 18
-177 210 19
-177 210 20
-177 210 21
-177 210 22
-177 210 23
-177 210 24
-177 211 16
-177 211 17
-177 211 18
-177 211 19
-177 211 20
-177 211 21
-177 211 22
-177 211 23
-177 211 24
-177 211 25
-177 211 26
-177 212 16
-177 212 17
-177 212 18
-177 212 19
-177 212 20
-177 212 21
-177 212 22
-177 212 23
-177 212 24
-177 212 25
-177 212 26
-177 212 27
-177 213 16
-177 213 17
-177 213 18
-177 213 19
-177 213 20
-177 213 21
-177 213 22
-177 213 23
-177 213 24
-177 213 25
-177 214 16
-177 214 17
-177 214 18
-177 214 19
-177 214 20
-177 214 21
-177 214 22
-177 214 23
-177 214 25
-177 215 16
-177 215 17
-177 215 18
-177 215 19
-177 215 20
-177 215 21
-177 215 22
-177 215 23
-177 216 16
-177 216 17
-177 216 18
-177 216 19
-177 216 20
-177 216 21
-177 216 22
-177 216 23
-177 217 16
-177 217 17
-177 217 18
-177 217 20
-177 217 21
-177 217 22
-177 218 16
-177 218 17
-177 218 18
-177 218 19
-177 218 20
-177 218 21
-177 219 16
-177 219 17
-177 219 18
-177 219 19
-177 219 20
-177 220 16
-177 220 17
-177 220 19
-177 221 16
-177 221 17
-177 221 18
-177 222 16
-177 223 16
-192 236 30
-192 237 30
-192 238 29
-192 238 30
-192 238 31
-192 239 16
-192 239 18
-192 239 19
-192 239 20
-192 239 21
-192 239 28
-192 239 29
-192 239 30
-192 239 31
-192 240 16
-192 240 17
-192 240 18
-192 240 19
-192 240 20
-192 240 21
-192 240 25
-192 240 27
-192 240 28
-192 240 29
-192 240 30
-192 240 31
-192 241 16
-192 241 17
-192 241 18
-192 241 19
-192 241 20
-192 241 21
-192 241 22
-192 241 23
-192 241 25
-192 241 26
-192 241 27
-192 241 28
-192 241 29
-192 241 30
-192 241 31
-192 242 16
-192 242 17
-192 242 18
-192 242 19
-192 242 20
-192 242 21
-192 242 22
-192 242 23
-192 242 24
-192 242 25
-192 242 26
-192 242 27
-192 242 28
-192 242 29
-192 242 30
-192 242 31
-192 243 16
-192 243 17
-192 243 18
-192 243 19
-192 243 20
-192 243 21
-192 243 22
-192 243 23
-192 243 24
-192 243 25
-192 243 26
-192 243 27
-192 243 28
-192 243 29
-192 243 30
-192 243 31
-192 244 16
-192 244 17
-192 244 18
-192 244 19
-192 244 20
-192 244 21
-192 244 22
-192 244 23
-192 244 24
-192 244 25
-192 244 26
-192 244 27
-192 244 28
-192 244 29
-192 244 30
-192 244 31
-192 245 16
-192 245 17
-192 245 18
-192 245 19
-192 245 20
-192 245 21
-192 245 22
-192 245 23
-192 245 24
-192 245 25
-192 245 26
-192 245 27
-192 245 28
-192 245 29
-192 245 30
-192 245 31
-192 246 16
-192 246 17
-192 246 18
-192 246 19
-192 246 20
-192 246 21
-192 246 22
-192 246 23
-192 246 24
-192 246 25
-192 246 26
-192 246 27
-192 246 28
-192 246 29
-192 246 30
-192 246 31
-192 247 16
-192 247 17
-192 247 18
-192 247 19
-192 247 20
-192 247 21
-192 247 22
-192 247 23
-192 247 24
-192 247 25
-192 247 26
-192 247 27
-192 247 28
-192 247 29
-192 247 30
-192 247 31
-192 248 16
-192 248 17
-192 248 18
-192 248 19
-192 248 20
-192 248 21
-192 248 22
-192 248 23
-192 248 24
-192 248 25
-192 248 26
-192 248 27
-192 248 28
-192 248 29
-192 248 30
-192 248 31
-192 249 16
-192 249 17
-192 249 18
-192 249 19
-192 249 20
-192 249 21
-192 249 22
-192 249 23
-192 249 24
-192 249 25
-192 249 29
-192 249 30
-192 250 16
-192 250 19
-192 250 20
-192 250 21
-192 250 22
-192 250 23
-192 250 24
-192 250 25
-192 250 26
-192 250 29
-192 251 16
-192 251 19
-192 251 20
-192 251 21
-192 251 22
-192 251 23
-192 251 24
-192 251 25
-192 252 20
-192 252 21
-192 252 22
-192 252 24
-192 253 21
-192 253 22
-192 253 23
-191 238 16
-191 238 17
-191 238 30
-191 238 31
-191 239 16
-191 239 17
-191 239 21
-191 239 30
-191 239 31
-191 240 16
-191 240 17
-191 240 18
-191 240 19
-191 240 20
-191 240 21
-191 240 25
-191 240 27
-191 240 28
-191 240 29
-191 240 30
-191 240 31
-191 241 16
-191 241 17
-191 241 18
-191 241 19
-191 241 20
-191 241 21
-191 241 22
-191 241 23
-191 241 24
-191 241 25
-191 241 26
-191 241 27
-191 241 29
-191 241 30
-191 241 31
-191 242 16
-191 242 17
-191 242 18
-191 242 19
-191 242 20
-191 242 21
-191 242 22
-191 242 23
-191 242 24
-191 242 25
-191 242 26
-191 242 27
-191 242 28
-191 242 29
-191 242 30
-191 242 31
-191 243 16
-191 243 17
-191 243 18
-191 243 19
-191 243 20
-191 243 21
-191 243 22
-191 243 23
-191 243 24
-191 243 25
-191 243 26
-191 243 27
-191 243 28
-191 243 29
-191 243 30
-191 243 31
-191 244 16
-191 244 17
-191 244 18
-191 244 19
-191 244 20
-191 244 21
-191 244 22
-191 244 23
-191 244 24
-191 244 25
-191 244 26
-191 244 27
-191 244 28
-191 244 29
-191 244 30
-191 244 31
-191 245 16
-191 245 17
-191 245 18
-191 245 19
-191 245 20
-191 245 21
-191 245 22
-191 245 23
-191 245 24
-191 245 25
-191 245 26
-191 245 27
-191 245 28
-191 245 29
-191 245 30
-191 245 31
-191 246 16
-191 246 17
-191 246 18
-191 246 19
-191 246 20
-191 246 21
-191 246 22
-191 246 23
-191 246 24
-191 246 25
-191 246 26
-191 246 27
-191 246 28
-191 246 29
-191 246 30
-191 246 31
-191 247 16
-191 247 17
-191 247 18
-191 247 19
-191 247 20
-191 247 21
-191 247 22
-191 247 23
-191 247 24
-191 247 25
-191 247 26
-191 247 27
-191 247 28
-191 247 29
-191 247 30
-191 247 31
-191 248 16
-191 248 17
-191 248 18
-191 248 19
-191 248 20
-191 248 21
-191 248 22
-191 248 23
-191 248 24
-191 248 25
-191 248 26
-191 248 27
-191 248 28
-191 248 29
-191 248 30
-191 249 16
-191 249 17
-191 249 18
-191 249 19
-191 249 20
-191 249 21
-191 249 22
-191 249 23
-191 249 24
-191 249 25
-191 249 26
-191 249 27
-191 249 28
-191 249 30
-191 250 16
-191 250 18
-191 250 19
-191 250 20
-191 250 21
-191 250 22
-191 250 23
-191 250 24
-191 250 25
-191 250 26
-191 251 18
-191 251 19
-191 251 20
-191 251 21
-191 251 22
-191 251 23
-191 251 24
-191 251 25
-191 252 19
-191 252 22
-191 252 23
-191 252 24
-191 252 25
-191 253 23
-191 253 25
-190 239 24
-190 239 31
-190 240 17
-190 240 18
-190 240 23
-190 240 24
-190 240 25
-190 240 26
-190 240 27
-190 240 31
-190 241 16
-190 241 17
-190 241 19
-190 241 20
-190 241 21
-190 241 23
-190 241 24
-190 241 25
-190 241 26
-190 241 27
-190 241 28
-190 241 29
-190 241 30
-190 241 31
-190 242 16
-190 242 17
-190 242 18
-190 242 19
-190 242 20
-190 242 21
-190 242 22
-190 242 23
-190 242 24
-190 242 25
-190 242 26
-190 242 27
-190 242 29
-190 242 30
-190 242 31
-190 243 16
-190 243 17
-190 243 18
-190 243 19
-190 243 20
-190 243 21
-190 243 22
-190 243 23
-190 243 24
-190 243 25
-190 243 26
-190 243 27
-190 243 28
-190 243 29
-190 243 30
-190 243 31
-190 244 16
-190 244 17
-190 244 18
-190 244 19
-190 244 20
-190 244 21
-190 244 22
-190 244 23
-190 244 24
-190 244 25
-190 244 26
-190 244 27
-190 244 28
-190 244 29
-190 244 30
-190 244 31
-190 245 16
-190 245 17
-190 245 18
-190 245 19
-190 245 20
-190 245 21
-190 245 22
-190 245 23
-190 245 24
-190 245 25
-190 245 26
-190 245 27
-190 245 28
-190 245 29
-190 245 30
-190 245 31
-190 246 16
-190 246 17
-190 246 18
-190 246 19
-190 246 20
-190 246 21
-190 246 22
-190 246 23
-190 246 24
-190 246 25
-190 246 26
-190 246 27
-190 246 28
-190 246 29
-190 246 30
-190 246 31
-190 247 16
-190 247 17
-190 247 18
-190 247 19
-190 247 20
-190 247 21
-190 247 22
-190 247 23
-190 247 24
-190 247 25
-190 247 26
-190 247 27
-190 247 28
-190 247 29
-190 247 30
-190 247 31
-190 248 16
-190 248 17
-190 248 18
-190 248 19
-190 248 20
-190 248 21
-190 248 22
-190 248 23
-190 248 24
-190 248 25
-190 248 26
-190 248 27
-190 248 28
-190 248 29
-190 248 30
-190 248 31
-190 249 16
-190 249 18
-190 249 20
-190 249 21
-190 249 22
-190 249 23
-190 249 24
-190 249 25
-190 249 26
-190 249 27
-190 249 28
-190 249 29
-190 249 30
-190 249 31
-190 250 18
-190 250 20
-190 250 21
-190 250 22
-190 250 23
-190 250 24
-190 250 25
-190 250 27
-190 250 28
-190 251 21
-190 251 22
-190 251 23
-190 251 24
-190 252 22
-190 252 24
-190 253 21
-190 253 22
-190 253 23
-189 238 26
-189 239 24
-189 239 25
-189 239 26
-189 239 27
-189 239 28
-189 239 29
-189 239 30
-189 239 31
-189 240 17
-189 240 23
-189 240 24
-189 240 25
-189 240 26
-189 240 27
-189 240 28
-189 240 29
-189 240 30
-189 240 31
-189 241 16
-189 241 17
-189 241 19
-189 241 21
-189 241 23
-189 241 24
-189 241 25
-189 241 26
-189 241 27
-189 241 28
-189 241 29
-189 241 30
-189 241 31
-189 242 16
-189 242 17
-189 242 18
-189 242 19
-189 242 20
-189 242 21
-189 242 22
-189 242 23
-189 242 24
-189 242 25
-189 242 26
-189 242 27
-189 242 28
-189 242 29
-189 242 30
-189 242 31
-189 243 16
-189 243 17
-189 243 18
-189 243 19
-189 243 20
-189 243 21
-189 243 22
-189 243 23
-189 243 24
-189 243 25
-189 243 26
-189 243 27
-189 243 28
-189 243 29
-189 243 30
-189 243 31
-189 244 16
-189 244 17
-189 244 18
-189 244 19
-189 244 20
-189 244 21
-189 244 22
-189 244 23
-189 244 24
-189 244 25
-189 244 26
-189 244 27
-189 244 28
-189 244 29
-189 244 30
-189 244 31
-189 245 16
-189 245 17
-189 245 18
-189 245 19
-189 245 20
-189 245 21
-189 245 22
-189 245 23
-189 245 24
-189 245 25
-189 245 26
-189 245 27
-189 245 28
-189 245 29
-189 245 30
-189 245 31
-189 246 16
-189 246 17
-189 246 18
-189 246 19
-189 246 20
-189 246 21
-189 246 22
-189 246 23
-189 246 24
-189 246 25
-189 246 26
-189 246 27
-189 246 28
-189 246 29
-189 246 30
-189 246 31
-189 247 16
-189 247 17
-189 247 18
-189 247 19
-189 247 20
-189 247 21
-189 247 22
-189 247 23
-189 247 24
-189 247 25
-189 247 26
-189 247 27
-189 247 28
-189 247 29
-189 247 30
-189 247 31
-189 248 16
-189 248 17
-189 248 18
-189 248 19
-189 248 20
-189 248 21
-189 248 22
-189 248 23
-189 248 24
-189 248 25
-189 248 26
-189 248 27
-189 248 28
-189 248 29
-189 248 30
-189 248 31
-189 249 16
-189 249 17
-189 249 18
-189 249 19
-189 249 20
-189 249 21
-189 249 22
-189 249 23
-189 249 25
-189 249 27
-189 249 28
-189 249 29
-189 249 30
-189 250 16
-189 250 18
-189 250 19
-189 250 20
-189 250 21
-189 250 22
-189 250 23
-189 250 29
-189 251 18
-189 251 20
-189 251 21
-189 251 22
-189 251 23
-189 252 21
-189 252 22
-188 239 21
-188 239 24
-188 239 25
-188 239 26
-188 239 30
-188 240 20
-188 240 26
-188 240 27
-188 240 30
-188 240 31
-188 241 18
-188 241 19
-188 241 20
-188 241 21
-188 241 22
-188 241 23
-188 241 24
-188 241 25
-188 241 26
-188 241 27
-188 241 28
-188 241 29
-188 241 30
-188 241 31
-188 242 18
-188 242 19
-188 242 20
-188 242 21
-188 242 22
-188 242 23
-188 242 24
-188 242 25
-188 242 26
-188 242 27
-188 242 28
-188 242 29
-188 242 30
-188 242 31
-188 243 16
-188 243 17
-188 243 18
-188 243 19
-188 243 20
-188 243 21
-188 243 22
-188 243 23
-188 243 24
-188 243 25
-188 243 26
-188 243 27
-188 243 28
-188 243 29
-188 243 30
-188 243 31
-188 244 16
-188 244 17
-188 244 18
-188 244 19
-188 244 20
-188 244 21
-188 244 22
-188 244 23
-188 244 24
-188 244 25
-188 244 26
-188 244 27
-188 244 28
-188 244 29
-188 244 30
-188 244 31
-188 245 16
-188 245 17
-188 245 18
-188 245 19
-188 245 20
-188 245 21
-188 245 22
-188 245 23
-188 245 24
-188 245 25
-188 245 26
-188 245 27
-188 245 28
-188 245 29
-188 245 30
-188 245 31
-188 246 16
-188 246 17
-188 246 18
-188 246 19
-188 246 20
-188 246 21
-188 246 22
-188 246 23
-188 246 24
-188 246 25
-188 246 26
-188 246 27
-188 246 28
-188 246 29
-188 246 30
-188 246 31
-188 247 16
-188 247 17
-188 247 18
-188 247 19
-188 247 20
-188 247 21
-188 247 22
-188 247 23
-188 247 24
-188 247 25
-188 247 26
-188 247 27
-188 247 28
-188 247 29
-188 247 30
-188 247 31
-188 248 16
-188 248 17
-188 248 18
-188 248 19
-188 248 20
-188 248 21
-188 248 22
-188 248 23
-188 248 24
-188 248 25
-188 248 26
-188 248 27
-188 248 28
-188 248 29
-188 248 30
-188 249 16
-188 249 17
-188 249 18
-188 249 19
-188 249 20
-188 249 21
-188 249 22
-188 249 23
-188 249 24
-188 249 25
-188 249 26
-188 249 27
-188 249 28
-188 249 29
-188 249 30
-188 250 17
-188 250 18
-188 250 20
-188 250 21
-188 250 22
-188 250 23
-188 250 25
-188 250 27
-188 251 22
-188 251 25
-188 251 27
-188 252 16
-187 238 21
-187 239 21
-187 239 25
-187 239 26
-187 239 28
-187 240 20
-187 240 21
-187 240 22
-187 240 23
-187 240 24
-187 240 25
-187 240 26
-187 240 27
-187 240 28
-187 240 30
-187 241 18
-187 241 19
-187 241 20
-187 241 21
-187 241 22
-187 241 23
-187 241 24
-187 241 25
-187 241 26
-187 241 27
-187 241 28
-187 241 29
-187 241 30
-187 241 31
-187 242 17
-187 242 18
-187 242 19
-187 242 20
-187 242 21
-187 242 22
-187 242 23
-187 242 24
-187 242 25
-187 242 26
-187 242 27
-187 242 28
-187 242 29
-187 242 30
-187 242 31
-187 243 16
-187 243 17
-187 243 18
-187 243 19
-187 243 20
-187 243 21
-187 243 22
-187 243 23
-187 243 24
-187 243 25
-187 243 27
-187 243 28
-187 243 29
-187 243 30
-187 243 31
-187 244 16
-187 244 17
-187 244 18
-187 244 19
-187 244 20
-187 244 21
-187 244 22
-187 244 23
-187 244 24
-187 244 25
-187 244 26
-187 244 27
-187 244 28
-187 244 29
-187 244 30
-187 244 31
-187 245 16
-187 245 17
-187 245 18
-187 245 19
-187 245 20
-187 245 21
-187 245 22
-187 245 23
-187 245 24
-187 245 25
-187 245 26
-187 245 27
-187 245 28
-187 245 29
-187 245 30
-187 245 31
-187 246 16
-187 246 17
-187 246 18
-187 246 19
-187 246 20
-187 246 21
-187 246 22
-187 246 23
-187 246 24
-187 246 25
-187 246 26
-187 246 27
-187 246 28
-187 246 29
-187 246 30
-187 246 31
-187 247 16
-187 247 17
-187 247 18
-187 247 19
-187 247 20
-187 247 21
-187 247 22
-187 247 23
-187 247 24
-187 247 25
-187 247 26
-187 247 27
-187 247 28
-187 247 29
-187 247 30
-187 247 31
-187 248 16
-187 248 17
-187 248 18
-187 248 19
-187 248 20
-187 248 21
-187 248 22
-187 248 23
-187 248 24
-187 248 25
-187 248 26
-187 248 27
-187 248 28
-187 248 29
-187 248 30
-187 248 31
-187 249 16
-187 249 17
-187 249 18
-187 249 19
-187 249 20
-187 249 21
-187 249 22
-187 249 23
-187 249 24
-187 249 26
-187 249 27
-187 249 29
-187 249 30
-187 250 16
-187 250 18
-187 250 19
-187 250 20
-187 250 21
-187 250 22
-187 250 23
-187 250 24
-187 250 25
-187 250 26
-187 250 27
-187 251 16
-187 251 17
-187 251 19
-187 251 21
-187 251 22
-187 251 23
-187 252 16
-187 252 22
-186 238 20
-186 239 19
-186 239 20
-186 239 21
-186 239 25
-186 239 27
-186 240 19
-186 240 20
-186 240 21
-186 240 22
-186 240 25
-186 240 27
-186 240 28
-186 240 29
-186 241 16
-186 241 18
-186 241 20
-186 241 21
-186 241 23
-186 241 24
-186 241 25
-186 241 26
-186 241 27
-186 241 28
-186 241 30
-186 241 31
-186 242 16
-186 242 18
-186 242 19
-186 242 20
-186 242 21
-186 242 22
-186 242 23
-186 242 24
-186 242 25
-186 242 26
-186 242 27
-186 242 28
-186 242 29
-186 242 30
-186 242 31
-186 243 16
-186 243 17
-186 243 18
-186 243 19
-186 243 20
-186 243 21
-186 243 22
-186 243 23
-186 243 24
-186 243 25
-186 243 26
-186 243 27
-186 243 28
-186 243 29
-186 243 30
-186 243 31
-186 244 16
-186 244 17
-186 244 18
-186 244 19
-186 244 20
-186 244 21
-186 244 22
-186 244 23
-186 244 24
-186 244 25
-186 244 26
-186 244 27
-186 244 28
-186 244 29
-186 244 30
-186 244 31
-186 245 16
-186 245 17
-186 245 18
-186 245 19
-186 245 20
-186 245 21
-186 245 22
-186 245 23
-186 245 24
-186 245 25
-186 245 26
-186 245 27
-186 245 28
-186 245 29
-186 245 30
-186 245 31
-186 246 16
-186 246 17
-186 246 18
-186 246 19
-186 246 20
-186 246 21
-186 246 22
-186 246 23
-186 246 24
-186 246 25
-186 246 26
-186 246 27
-186 246 28
-186 246 29
-186 246 30
-186 246 31
-186 247 16
-186 247 17
-186 247 18
-186 247 19
-186 247 20
-186 247 21
-186 247 22
-186 247 23
-186 247 24
-186 247 25
-186 247 26
-186 247 27
-186 247 28
-186 247 29
-186 247 30
-186 247 31
-186 248 16
-186 248 17
-186 248 18
-186 248 19
-186 248 20
-186 248 21
-186 248 22
-186 248 23
-186 248 24
-186 248 25
-186 248 26
-186 248 27
-186 248 28
-186 248 29
-186 248 31
-186 249 16
-186 249 17
-186 249 18
-186 249 19
-186 249 20
-186 249 21
-186 249 23
-186 249 25
-186 249 26
-186 249 27
-186 249 31
-186 250 16
-186 250 17
-186 250 19
-186 250 20
-186 250 21
-186 250 22
-186 251 17
-186 251 19
-186 251 21
-186 251 22
-186 251 23
-186 252 16
-186 253 16
-185 239 20
-185 240 19
-185 240 20
-185 240 21
-185 240 25
-185 240 27
-185 240 29
-185 240 31
-185 241 19
-185 241 21
-185 241 25
-185 241 26
-185 241 27
-185 241 28
-185 241 29
-185 241 30
-185 241 31
-185 242 16
-185 242 17
-185 242 19
-185 242 20
-185 242 21
-185 242 22
-185 242 23
-185 242 25
-185 242 26
-185 242 27
-185 242 28
-185 242 29
-185 242 30
-185 242 31
-185 243 16
-185 243 17
-185 243 19
-185 243 20
-185 243 21
-185 243 22
-185 243 23
-185 243 24
-185 243 25
-185 243 26
-185 243 27
-185 243 28
-185 243 29
-185 243 30
-185 243 31
-185 244 16
-185 244 17
-185 244 18
-185 244 20
-185 244 21
-185 244 22
-185 244 23
-185 244 24
-185 244 25
-185 244 26
-185 244 27
-185 244 28
-185 244 29
-185 244 30
-185 244 31
-185 245 16
-185 245 17
-185 245 18
-185 245 19
-185 245 20
-185 245 21
-185 245 22
-185 245 23
-185 245 24
-185 245 25
-185 245 26
-185 245 27
-185 245 28
-185 245 29
-185 245 30
-185 245 31
-185 246 16
-185 246 17
-185 246 18
-185 246 19
-185 246 20
-185 246 21
-185 246 22
-185 246 23
-185 246 24
-185 246 25
-185 246 26
-185 246 27
-185 246 28
-185 246 29
-185 246 30
-185 246 31
-185 247 16
-185 247 17
-185 247 18
-185 247 19
-185 247 20
-185 247 21
-185 247 22
-185 247 23
-185 247 24
-185 247 25
-185 247 26
-185 247 27
-185 247 28
-185 247 29
-185 247 30
-185 247 31
-185 248 16
-185 248 17
-185 248 18
-185 248 19
-185 248 20
-185 248 21
-185 248 22
-185 248 23
-185 248 24
-185 248 26
-185 248 27
-185 248 28
-185 248 29
-185 248 30
-185 248 31
-185 249 16
-185 249 17
-185 249 18
-185 249 19
-185 249 21
-185 249 23
-185 249 24
-185 249 25
-185 249 26
-185 249 27
-185 249 28
-185 249 31
-185 250 16
-185 250 17
-185 250 18
-185 250 19
-185 250 20
-185 250 21
-185 250 22
-185 251 16
-185 251 17
-185 251 18
-185 251 19
-185 251 22
-185 252 16
-185 252 17
-185 252 18
-185 252 19
-185 253 17
-184 239 29
-184 240 28
-184 240 30
-184 240 31
-184 241 20
-184 241 21
-184 241 27
-184 241 29
-184 241 31
-184 242 19
-184 242 20
-184 242 21
-184 242 22
-184 242 25
-184 242 26
-184 242 27
-184 242 28
-184 242 29
-184 242 30
-184 242 31
-184 243 16
-184 243 17
-184 243 18
-184 243 19
-184 243 20
-184 243 23
-184 243 25
-184 243 26
-184 243 27
-184 243 28
-184 243 29
-184 243 30
-184 243 31
-184 244 16
-184 244 17
-184 244 18
-184 244 19
-184 244 20
-184 244 21
-184 244 22
-184 244 23
-184 244 24
-184 244 25
-184 244 26
-184 244 27
-184 244 28
-184 244 29
-184 244 30
-184 244 31
-184 245 16
-184 245 17
-184 245 18
-184 245 19
-184 245 20
-184 245 21
-184 245 22
-184 245 23
-184 245 24
-184 245 25
-184 245 26
-184 245 27
-184 245 28
-184 245 29
-184 245 30
-184 245 31
-184 246 16
-184 246 17
-184 246 18
-184 246 19
-184 246 20
-184 246 21
-184 246 22
-184 246 23
-184 246 24
-184 246 25
-184 246 26
-184 246 27
-184 246 28
-184 246 29
-184 246 30
-184 246 31
-184 247 16
-184 247 17
-184 247 18
-184 247 19
-184 247 20
-184 247 21
-184 247 23
-184 247 24
-184 247 25
-184 247 26
-184 247 27
-184 247 28
-184 247 29
-184 247 30
-184 247 31
-184 248 16
-184 248 17
-184 248 18
-184 248 19
-184 248 20
-184 248 21
-184 248 22
-184 248 23
-184 248 24
-184 248 26
-184 248 27
-184 248 28
-184 248 29
-184 248 30
-184 248 31
-184 249 16
-184 249 17
-184 249 18
-184 249 19
-184 249 20
-184 249 21
-184 249 22
-184 249 25
-184 249 26
-184 249 27
-184 249 31
-184 250 16
-184 250 17
-184 250 18
-184 250 19
-184 250 20
-184 250 22
-184 251 17
-184 251 18
-184 252 16
-184 252 17
-183 238 28
-183 239 28
-183 239 29
-183 239 30
-183 239 31
-183 240 28
-183 240 29
-183 240 30
-183 240 31
-183 241 18
-183 241 25
-183 241 26
-183 241 27
-183 241 28
-183 241 29
-183 241 30
-183 241 31
-183 242 20
-183 242 23
-183 242 24
-183 242 25
-183 242 26
-183 242 27
-183 242 28
-183 242 29
-183 242 30
-183 242 31
-183 243 17
-183 243 18
-183 243 19
-183 243 20
-183 243 22
-183 243 23
-183 243 25
-183 243 26
-183 243 27
-183 243 28
-183 243 29
-183 243 30
-183 243 31
-183 244 16
-183 244 17
-183 244 20
-183 244 21
-183 244 23
-183 244 24
-183 244 25
-183 244 26
-183 244 27
-183 244 28
-183 244 29
-183 244 30
-183 244 31
-183 245 16
-183 245 17
-183 245 18
-183 245 19
-183 245 20
-183 245 21
-183 245 22
-183 245 23
-183 245 24
-183 245 25
-183 245 26
-183 245 27
-183 245 28
-183 245 29
-183 245 30
-183 245 31
-183 246 16
-183 246 17
-183 246 18
-183 246 19
-183 246 20
-183 246 21
-183 246 22
-183 246 23
-183 246 24
-183 246 25
-183 246 26
-183 246 27
-183 246 28
-183 246 29
-183 246 30
-183 246 31
-183 247 16
-183 247 17
-183 247 18
-183 247 19
-183 247 20
-183 247 21
-183 247 22
-183 247 23
-183 247 25
-183 247 26
-183 247 27
-183 247 28
-183 247 29
-183 247 30
-183 247 31
-183 248 16
-183 248 17
-183 248 18
-183 248 19
-183 248 20
-183 248 21
-183 248 22
-183 248 23
-183 248 24
-183 248 25
-183 248 26
-183 248 27
-183 248 28
-183 248 29
-183 248 30
-183 248 31
-183 249 16
-183 249 17
-183 249 18
-183 249 19
-183 249 20
-183 249 21
-183 249 22
-183 249 24
-183 249 25
-183 249 26
-183 249 27
-183 249 28
-183 249 30
-183 249 31
-183 250 16
-183 250 17
-183 250 18
-183 250 20
-183 250 26
-183 251 16
-183 251 17
-183 252 16
-183 252 17
-183 252 18
-183 252 19
-183 252 25
-183 253 16
-183 253 17
-183 253 18
-183 254 17
-182 238 27
-182 238 28
-182 238 29
-182 239 26
-182 239 27
-182 239 28
-182 239 29
-182 239 30
-182 239 31
-182 240 27
-182 240 28
-182 240 29
-182 240 31
-182 241 17
-182 241 18
-182 241 21
-182 241 25
-182 241 26
-182 241 27
-182 241 28
-182 241 29
-182 241 30
-182 241 31
-182 242 17
-182 242 18
-182 242 20
-182 242 22
-182 242 23
-182 242 24
-182 242 25
-182 242 26
-182 242 27
-182 242 28
-182 242 29
-182 242 30
-182 242 31
-182 243 17
-182 243 18
-182 243 20
-182 243 21
-182 243 22
-182 243 23
-182 243 24
-182 243 25
-182 243 26
-182 243 27
-182 243 28
-182 243 29
-182 243 30
-182 243 31
-182 244 16
-182 244 18
-182 244 20
-182 244 21
-182 244 22
-182 244 23
-182 244 25
-182 244 26
-182 244 27
-182 244 28
-182 244 29
-182 244 30
-182 244 31
-182 245 16
-182 245 17
-182 245 18
-182 245 19
-182 245 20
-182 245 21
-182 245 22
-182 245 23
-182 245 24
-182 245 25
-182 245 26
-182 245 27
-182 245 28
-182 245 29
-182 245 30
-182 245 31
-182 246 16
-182 246 18
-182 246 21
-182 246 22
-182 246 23
-182 246 24
-182 246 25
-182 246 26
-182 246 27
-182 246 28
-182 246 29
-182 246 30
-182 246 31
-182 247 16
-182 247 18
-182 247 21
-182 247 22
-182 247 23
-182 247 24
-182 247 25
-182 247 26
-182 247 27
-182 247 28
-182 247 29
-182 247 30
-182 247 31
-182 248 16
-182 248 17
-182 248 18
-182 248 19
-182 248 20
-182 248 21
-182 248 22
-182 248 24
-182 248 25
-182 248 26
-182 248 27
-182 248 28
-182 248 29
-182 248 30
-182 248 31
-182 249 16
-182 249 17
-182 249 18
-182 249 19
-182 249 21
-182 249 22
-182 249 23
-182 249 25
-182 249 27
-182 249 28
-182 249 29
-182 249 30
-182 250 16
-182 250 18
-182 250 25
-182 250 26
-182 250 27
-182 250 28
-182 251 16
-182 251 17
-182 251 24
-182 251 25
-182 251 27
-182 252 16
-182 252 17
-182 252 18
-182 252 24
-182 252 25
-182 253 17
-181 236 29
-181 237 28
-181 237 29
-181 237 30
-181 238 17
-181 238 27
-181 238 28
-181 238 29
-181 238 30
-181 239 17
-181 239 26
-181 239 27
-181 239 28
-181 239 29
-181 239 30
-181 239 31
-181 240 16
-181 240 17
-181 240 20
-181 240 26
-181 240 27
-181 240 28
-181 240 29
-181 240 30
-181 240 31
-181 241 16
-181 241 17
-181 241 18
-181 241 19
-181 241 20
-181 241 21
-181 241 22
-181 241 23
-181 241 24
-181 241 25
-181 241 26
-181 241 27
-181 241 28
-181 241 29
-181 241 30
-181 241 31
-181 242 16
-181 242 17
-181 242 19
-181 242 20
-181 242 21
-181 242 22
-181 242 23
-181 242 24
-181 242 25
-181 242 26
-181 242 27
-181 242 28
-181 242 29
-181 242 30
-181 242 31
-181 243 17
-181 243 18
-181 243 19
-181 243 20
-181 243 21
-181 243 22
-181 243 23
-181 243 24
-181 243 25
-181 243 26
-181 243 27
-181 243 28
-181 243 29
-181 243 30
-181 243 31
-181 244 17
-181 244 18
-181 244 19
-181 244 20
-181 244 22
-181 244 23
-181 244 24
-181 244 25
-181 244 26
-181 244 27
-181 244 28
-181 244 29
-181 244 30
-181 244 31
-181 245 16
-181 245 17
-181 245 18
-181 245 19
-181 245 20
-181 245 21
-181 245 22
-181 245 23
-181 245 24
-181 245 25
-181 245 26
-181 245 27
-181 245 28
-181 245 29
-181 245 30
-181 245 31
-181 246 17
-181 246 18
-181 246 19
-181 246 20
-181 246 21
-181 246 22
-181 246 23
-181 246 24
-181 246 25
-181 246 26
-181 246 27
-181 246 28
-181 246 29
-181 246 30
-181 246 31
-181 247 16
-181 247 17
-181 247 18
-181 247 20
-181 247 22
-181 247 23
-181 247 24
-181 247 25
-181 247 26
-181 247 27
-181 247 28
-181 247 29
-181 247 30
-181 247 31
-181 248 16
-181 248 17
-181 248 18
-181 248 21
-181 248 22
-181 248 24
-181 248 25
-181 248 26
-181 248 27
-181 248 28
-181 248 29
-181 248 30
-181 248 31
-181 249 16
-181 249 18
-181 249 23
-181 249 24
-181 249 26
-181 249 27
-181 249 28
-181 249 29
-181 249 30
-181 249 31
-181 250 16
-181 250 17
-181 250 18
-181 250 24
-181 250 25
-181 250 26
-181 250 27
-181 250 28
-181 250 29
-181 250 30
-181 251 16
-181 251 18
-181 251 24
-181 251 25
-181 251 26
-181 251 27
-181 251 28
-181 252 16
-181 252 17
-181 252 24
-181 252 28
-181 253 16
-181 253 17
-180 237 29
-180 237 30
-180 238 16
-180 238 17
-180 238 18
-180 238 20
-180 238 30
-180 238 31
-180 239 17
-180 239 20
-180 239 26
-180 239 27
-180 239 28
-180 239 29
-180 239 30
-180 240 16
-180 240 17
-180 240 18
-180 240 19
-180 240 20
-180 240 21
-180 240 23
-180 240 24
-180 240 25
-180 240 26
-180 240 27
-180 240 28
-180 240 29
-180 240 31
-180 241 16
-180 241 17
-180 241 18
-180 241 19
-180 241 20
-180 241 21
-180 241 24
-180 241 25
-180 241 26
-180 241 27
-180 241 28
-180 241 29
-180 241 30
-180 241 31
-180 242 16
-180 242 17
-180 242 19
-180 242 20
-180 242 21
-180 242 22
-180 242 23
-180 242 24
-180 242 25
-180 242 26
-180 242 27
-180 242 28
-180 242 29
-180 242 30
-180 242 31
-180 243 16
-180 243 17
-180 243 18
-180 243 19
-180 243 20
-180 243 21
-180 243 22
-180 243 23
-180 243 24
-180 243 25
-180 243 26
-180 243 27
-180 243 28
-180 243 29
-180 243 30
-180 243 31
-180 244 16
-180 244 18
-180 244 19
-180 244 20
-180 244 21
-180 244 22
-180 244 23
-180 244 24
-180 244 25
-180 244 26
-180 244 27
-180 244 28
-180 244 29
-180 244 30
-180 244 31
-180 245 17
-180 245 18
-180 245 19
-180 245 20
-180 245 21
-180 245 22
-180 245 23
-180 245 24
-180 245 25
-180 245 26
-180 245 27
-180 245 28
-180 245 29
-180 245 30
-180 245 31
-180 246 16
-180 246 17
-180 246 18
-180 246 19
-180 246 20
-180 246 21
-180 246 22
-180 246 23
-180 246 24
-180 246 25
-180 246 26
-180 246 27
-180 246 28
-180 246 29
-180 246 30
-180 246 31
-180 247 16
-180 247 17
-180 247 18
-180 247 19
-180 247 20
-180 247 21
-180 247 22
-180 247 23
-180 247 24
-180 247 25
-180 247 26
-180 247 27
-180 247 28
-180 247 29
-180 247 30
-180 247 31
-180 248 16
-180 248 17
-180 248 18
-180 248 20
-180 248 21
-180 248 22
-180 248 23
-180 248 24
-180 248 25
-180 248 26
-180 248 27
-180 248 28
-180 248 29
-180 248 30
-180 248 31
-180 249 16
-180 249 17
-180 249 18
-180 249 19
-180 249 21
-180 249 22
-180 249 23
-180 249 24
-180 249 25
-180 249 26
-180 249 27
-180 249 28
-180 249 29
-180 250 16
-180 250 22
-180 250 23
-180 250 24
-180 250 25
-180 250 26
-180 250 27
-180 250 28
-180 251 16
-180 251 18
-180 251 22
-180 251 23
-180 251 24
-180 251 25
-180 251 26
-180 251 27
-180 251 28
-180 252 16
-180 252 25
-180 252 26
-180 252 27
-180 253 26
-179 237 17
-179 237 19
-179 237 20
-179 238 17
-179 238 20
-179 238 30
-179 239 16
-179 239 17
-179 239 18
-179 239 20
-179 239 21
-179 239 22
-179 239 27
-179 239 31
-179 240 16
-179 240 17
-179 240 18
-179 240 19
-179 240 20
-179 240 21
-179 240 22
-179 240 24
-179 240 25
-179 240 26
-179 240 27
-179 240 28
-179 240 29
-179 240 30
-179 240 31
-179 241 16
-179 241 17
-179 241 18
-179 241 19
-179 241 20
-179 241 21
-179 241 22
-179 241 23
-179 241 24
-179 241 25
-179 241 26
-179 241 27
-179 241 29
-179 241 30
-179 241 31
-179 242 16
-179 242 17
-179 242 18
-179 242 19
-179 242 20
-179 242 21
-179 242 22
-179 242 23
-179 242 24
-179 242 25
-179 242 26
-179 242 27
-179 242 28
-179 242 29
-179 242 30
-179 242 31
-179 243 16
-179 243 17
-179 243 18
-179 243 19
-179 243 20
-179 243 21
-179 243 22
-179 243 23
-179 243 24
-179 243 25
-179 243 26
-179 243 27
-179 243 28
-179 243 29
-179 243 30
-179 243 31
-179 244 16
-179 244 17
-179 244 18
-179 244 19
-179 244 20
-179 244 21
-179 244 22
-179 244 23
-179 244 24
-179 244 25
-179 244 26
-179 244 27
-179 244 28
-179 244 29
-179 244 30
-179 244 31
-179 245 16
-179 245 17
-179 245 20
-179 245 21
-179 245 22
-179 245 23
-179 245 24
-179 245 25
-179 245 26
-179 245 27
-179 245 28
-179 245 29
-179 245 30
-179 245 31
-179 246 16
-179 246 17
-179 246 18
-179 246 20
-179 246 21
-179 246 22
-179 246 23
-179 246 24
-179 246 25
-179 246 26
-179 246 27
-179 246 28
-179 246 29
-179 246 30
-179 246 31
-179 247 16
-179 247 17
-179 247 18
-179 247 21
-179 247 23
-179 247 24
-179 247 25
-179 247 26
-179 247 27
-179 247 28
-179 247 29
-179 247 30
-179 247 31
-179 248 16
-179 248 18
-179 248 24
-179 248 25
-179 248 26
-179 248 27
-179 248 28
-179 248 29
-179 248 30
-179 248 31
-179 249 16
-179 249 17
-179 249 18
-179 249 19
-179 249 23
-179 249 24
-179 249 25
-179 249 26
-179 249 28
-179 249 29
-179 249 30
-179 250 23
-179 250 24
-179 250 25
-179 250 27
-179 250 28
-179 250 29
-179 250 30
-179 251 24
-179 251 25
-179 251 26
-179 251 27
-179 252 26
-178 235 17
-178 236 16
-178 236 17
-178 237 16
-178 237 17
-178 237 18
-178 237 19
-178 238 16
-178 238 17
-178 238 18
-178 238 19
-178 238 20
-178 238 21
-178 239 16
-178 239 17
-178 239 18
-178 239 19
-178 239 20
-178 239 21
-178 239 22
-178 239 27
-178 239 28
-178 239 29
-178 239 30
-178 239 31
-178 240 16
-178 240 17
-178 240 18
-178 240 19
-178 240 20
-178 240 21
-178 240 22
-178 240 23
-178 240 24
-178 240 26
-178 240 27
-178 240 28
-178 240 29
-178 240 30
-178 240 31
-178 241 16
-178 241 17
-178 241 18
-178 241 19
-178 241 20
-178 241 21
-178 241 22
-178 241 23
-178 241 24
-178 241 26
-178 241 27
-178 241 28
-178 241 29
-178 241 30
-178 241 31
-178 242 16
-178 242 17
-178 242 18
-178 242 19
-178 242 20
-178 242 21
-178 242 22
-178 242 23
-178 242 24
-178 242 25
-178 242 26
-178 242 27
-178 242 28
-178 242 29
-178 242 30
-178 242 31
-178 243 16
-178 243 17
-178 243 18
-178 243 19
-178 243 20
-178 243 21
-178 243 22
-178 243 23
-178 243 24
-178 243 25
-178 243 26
-178 243 27
-178 243 28
-178 243 29
-178 243 30
-178 243 31
-178 244 16
-178 244 17
-178 244 18
-178 244 19
-178 244 20
-178 244 21
-178 244 22
-178 244 23
-178 244 24
-178 244 25
-178 244 26
-178 244 27
-178 244 28
-178 244 29
-178 244 30
-178 244 31
-178 245 16
-178 245 17
-178 245 18
-178 245 19
-178 245 20
-178 245 21
-178 245 22
-178 245 23
-178 245 24
-178 245 25
-178 245 26
-178 245 27
-178 245 28
-178 245 29
-178 245 30
-178 245 31
-178 246 16
-178 246 17
-178 246 18
-178 246 19
-178 246 20
-178 246 21
-178 246 22
-178 246 23
-178 246 24
-178 246 25
-178 246 26
-178 246 27
-178 246 28
-178 246 29
-178 246 30
-178 246 31
-178 247 16
-178 247 17
-178 247 18
-178 247 19
-178 247 20
-178 247 21
-178 247 22
-178 247 23
-178 247 24
-178 247 25
-178 247 26
-178 247 27
-178 247 28
-178 247 29
-178 247 30
-178 247 31
-178 248 17
-178 248 18
-178 248 20
-178 248 21
-178 248 24
-178 248 25
-178 248 26
-178 248 27
-178 248 28
-178 248 29
-178 248 30
-178 248 31
-178 249 18
-178 249 23
-178 249 24
-178 249 25
-178 249 26
-178 249 27
-178 249 28
-178 249 30
-178 249 31
-178 250 25
-178 250 26
-178 250 27
-178 250 29
-178 250 31
-178 251 27
-177 235 16
-177 235 18
-177 236 16
-177 236 17
-177 236 18
-177 236 20
-177 237 16
-177 237 17
-177 237 18
-177 237 19
-177 237 20
-177 237 21
-177 238 16
-177 238 17
-177 238 18
-177 238 19
-177 238 20
-177 238 22
-177 239 16
-177 239 17
-177 239 18
-177 239 19
-177 239 20
-177 239 21
-177 239 22
-177 239 24
-177 239 25
-177 239 29
-177 239 31
-177 240 16
-177 240 17
-177 240 18
-177 240 19
-177 240 20
-177 240 21
-177 240 22
-177 240 24
-177 240 25
-177 240 27
-177 240 28
-177 240 29
-177 240 30
-177 240 31
-177 241 16
-177 241 17
-177 241 18
-177 241 19
-177 241 20
-177 241 21
-177 241 22
-177 241 23
-177 241 24
-177 241 25
-177 241 26
-177 241 27
-177 241 28
-177 241 29
-177 241 30
-177 241 31
-177 242 16
-177 242 17
-177 242 18
-177 242 19
-177 242 20
-177 242 21
-177 242 22
-177 242 23
-177 242 24
-177 242 25
-177 242 26
-177 242 27
-177 242 28
-177 242 29
-177 242 30
-177 242 31
-177 243 16
-177 243 17
-177 243 18
-177 243 19
-177 243 20
-177 243 21
-177 243 22
-177 243 23
-177 243 24
-177 243 25
-177 243 26
-177 243 27
-177 243 28
-177 243 29
-177 243 30
-177 243 31
-177 244 16
-177 244 17
-177 244 18
-177 244 19
-177 244 20
-177 244 21
-177 244 22
-177 244 23
-177 244 24
-177 244 25
-177 244 26
-177 244 27
-177 244 28
-177 244 29
-177 244 30
-177 244 31
-177 245 16
-177 245 17
-177 245 18
-177 245 19
-177 245 20
-177 245 21
-177 245 22
-177 245 23
-177 245 24
-177 245 25
-177 245 26
-177 245 27
-177 245 28
-177 245 29
-177 245 30
-177 245 31
-177 246 16
-177 246 18
-177 246 19
-177 246 20
-177 246 21
-177 246 22
-177 246 23
-177 246 24
-177 246 25
-177 246 26
-177 246 27
-177 246 28
-177 246 29
-177 246 30
-177 246 31
-177 247 16
-177 247 18
-177 247 19
-177 247 20
-177 247 21
-177 247 22
-177 247 23
-177 247 24
-177 247 25
-177 247 26
-177 247 27
-177 247 28
-177 247 29
-177 247 30
-177 247 31
-177 248 16
-177 248 18
-177 248 20
-177 248 22
-177 248 23
-177 248 24
-177 248 25
-177 248 26
-177 248 27
-177 248 28
-177 248 29
-177 248 30
-177 248 31
-177 249 16
-177 249 23
-177 249 25
-177 249 26
-177 249 27
-177 249 28
-177 249 29
-177 249 31
-177 250 25
-177 250 26
-177 250 27
-177 250 28
-177 250 30

