alfheim:altWood1
12
-144 191 -65
-144 192 -67
-144 192 -66
-144 192 -65
-143 191 -65
-143 192 -67
-143 192 -66
-143 192 -65
-142 191 -65
-142 192 -67
-142 192 -66
-142 192 -65
-141 191 -65
-141 192 -65
-144 193 -69
-144 193 -68
-144 193 -67
-144 193 -66
-144 193 -65
-144 194 -70
-144 194 -69
-144 194 -68
-144 194 -67
-144 194 -65
-144 195 -70
-144 195 -69
-144 195 -68
-144 196 -70
-144 196 -69
-144 196 -68
-144 217 -66
-143 193 -68
-143 193 -67
-143 193 -66
-143 193 -65
-143 194 -68
-143 194 -67
-143 194 -65
-143 195 -68
-143 216 -67
-143 216 -66
-143 216 -65
-143 217 -67
-143 217 -66
-143 217 -65
-143 218 -67
-143 218 -66
-143 218 -65
-142 193 -67
-142 193 -66
-142 193 -65
-142 194 -67
-142 194 -66
-142 194 -65
-142 215 -66
-142 215 -65
-142 216 -67
-142 216 -66
-142 216 -65
-142 217 -68
-142 217 -67
-142 217 -66
-142 217 -65
-142 218 -67
-142 218 -66
-142 218 -65
-142 219 -66
-142 219 -65
-141 193 -65
-141 215 -66
-141 215 -65
-141 216 -67
-141 216 -66
-141 216 -65
-141 217 -67
-141 217 -66
-141 217 -65
-141 218 -67
-141 218 -66
-141 218 -65
-141 219 -66
-140 215 -66
-140 215 -65
-140 216 -67
-140 216 -66
-140 216 -65
-140 217 -67
-140 217 -66
-140 217 -65
-140 218 -67
-140 218 -66
-140 218 -65
-139 215 -65
-139 216 -66
-139 216 -65
-139 217 -66
-139 217 -65
-139 218 -66
-139 218 -65
-138 215 -66
-138 215 -65
-138 216 -66
-138 216 -65
-138 217 -66
-138 217 -65
-138 218 -66
-138 218 -65
-137 214 -65
-137 215 -66
-137 215 -65
-137 216 -66
-137 216 -65
-137 217 -66
-136 214 -65
-136 215 -66
-136 215 -65
-136 216 -66
-136 216 -65
-136 217 -66
-136 217 -65
-135 214 -65
-135 215 -66
-135 215 -65
-135 216 -66
-135 216 -65
-135 217 -65
-134 214 -65
-134 215 -66
-134 215 -65
-134 216 -66
-134 216 -65
-134 217 -65
-133 214 -65
-133 215 -65
-133 216 -65
alfheim:altLeaves
6
-144 190 -80
-143 186 -79
-143 186 -78
-143 187 -79
-143 187 -78
-143 187 -77
-143 189 -78
-143 190 -80
-143 190 -79
-143 191 -80
-142 184 -78
-142 185 -79
-142 185 -78
-142 186 -80
-142 186 -79
-142 186 -78
-142 186 -76
-142 187 -79
-142 187 -78
-142 187 -76
-142 188 -79
-142 188 -78
-142 189 -80
-142 189 -79
-142 189 -78
-142 189 -77
-142 190 -80
-142 190 -79
-142 190 -78
-142 191 -80
-142 191 -79
-142 192 -80
-141 185 -77
-141 185 -76
-141 186 -79
-141 186 -78
-141 186 -77
-141 186 -76
-141 187 -80
-141 187 -79
-141 187 -78
-141 187 -77
-141 187 -76
-141 188 -80
-141 188 -79
-141 188 -78
-141 188 -77
-141 189 -80
-141 189 -79
-141 189 -78
-141 189 -77
-141 190 -80
-141 190 -79
-141 190 -78
-141 191 -80
-141 191 -79
-141 191 -78
-141 192 -80
-141 192 -79
-141 192 -78
-140 185 -78
-140 186 -79
-140 186 -78
-140 186 -77
-140 187 -80
-140 187 -79
-140 187 -78
-140 187 -77
-140 187 -76
-140 188 -80
-140 188 -79
-140 188 -78
-140 188 -77
-140 188 -76
-140 189 -80
-140 189 -79
-140 189 -78
-140 189 -77
-140 190 -80
-140 190 -79
-140 190 -78
-140 191 -80
-140 191 -79
-140 191 -78
-140 192 -80
-140 192 -79
-140 192 -78
-140 192 -77
-139 186 -77
-139 187 -80
-139 187 -79
-139 187 -78
-139 187 -77
-139 188 -80
-139 188 -79
-139 188 -78
-139 188 -77
-139 188 -76
-139 188 -75
-139 189 -80
-139 189 -79
-139 189 -78
-139 189 -77
-139 189 -76
-139 190 -80
-139 190 -79
-139 190 -78
-139 190 -77
-139 191 -80
-139 191 -79
-139 191 -78
-139 191 -77
-139 192 -80
-139 192 -79
-139 192 -78
-139 192 -77
-138 187 -78
-138 187 -77
-138 188 -80
-138 188 -78
-138 188 -76
-138 189 -80
-138 189 -79
-138 189 -78
-138 189 -77
-138 190 -80
-138 190 -79
-138 190 -78
-138 190 -77
-138 190 -76
-138 191 -80
-138 191 -79
-138 191 -78
-138 192 -78
-137 188 -79
-137 189 -80
-137 189 -79
-137 190 -79
-137 190 -78
-137 190 -77
-137 191 -79
-136 189 -79
-136 190 -79
-144 194 -79
-144 194 -66
-144 195 -79
-144 195 -67
-144 195 -66
-144 195 -65
-144 196 -79
-144 196 -66
-144 196 -65
-144 197 -80
-144 197 -79
-144 197 -78
-144 197 -67
-144 198 -80
-144 198 -79
-144 198 -78
-144 198 -74
-144 198 -65
-144 199 -80
-144 199 -79
-144 199 -78
-144 199 -77
-144 199 -74
-144 199 -70
-144 199 -69
-144 199 -67
-144 199 -66
-144 200 -80
-144 200 -79
-144 200 -78
-144 200 -77
-144 200 -74
-144 200 -73
-144 200 -72
-144 200 -71
-144 200 -70
-144 200 -69
-144 200 -68
-144 200 -67
-144 200 -66
-144 200 -65
-144 201 -80
-144 201 -79
-144 201 -78
-144 201 -77
-144 201 -75
-144 201 -74
-144 201 -73
-144 201 -72
-144 201 -71
-144 201 -70
-144 201 -69
-144 201 -68
-144 201 -67
-144 201 -66
-144 201 -65
-144 202 -80
-144 202 -79
-144 202 -78
-144 202 -76
-144 202 -75
-144 202 -74
-144 202 -73
-144 202 -72
-144 202 -71
-144 202 -70
-144 202 -69
-144 202 -68
-144 202 -67
-144 202 -66
-144 203 -79
-144 203 -77
-144 203 -75
-144 203 -74
-144 203 -73
-144 203 -72
-144 203 -71
-144 203 -70
-144 203 -69
-144 203 -68
-144 203 -67
-144 203 -66
-144 204 -74
-144 204 -70
-144 204 -69
-144 204 -68
-144 205 -70
-144 208 -73
-144 209 -76
-144 209 -74
-144 209 -73
-144 209 -72
-144 210 -77
-144 210 -76
-144 210 -75
-144 210 -74
-144 210 -73
-144 211 -75
-144 211 -74
-144 211 -73
-144 211 -72
-144 212 -75
-144 212 -74
-144 212 -73
-144 212 -72
-144 213 -75
-144 213 -74
-144 213 -73
-144 213 -72
-144 213 -71
-144 214 -76
-144 214 -75
-144 214 -74
-144 214 -73
-144 214 -72
-144 214 -71
-144 215 -76
-144 215 -75
-144 215 -74
-144 215 -73
-144 215 -72
-144 215 -71
-144 216 -76
-144 216 -75
-144 216 -74
-144 216 -73
-144 216 -72
-144 216 -71
-144 216 -70
-144 217 -76
-144 217 -75
-144 217 -74
-144 217 -73
-144 217 -72
-144 217 -71
-144 217 -70
-144 218 -77
-144 218 -76
-144 218 -75
-144 218 -74
-144 218 -73
-144 218 -72
-144 218 -71
-144 218 -70
-144 218 -69
-144 219 -78
-144 219 -77
-144 219 -76
-144 219 -75
-144 219 -74
-144 219 -73
-144 219 -72
-144 219 -71
-144 219 -69
-144 219 -66
-144 220 -76
-144 220 -75
-144 220 -74
-144 220 -73
-144 220 -72
-144 220 -71
-144 220 -70
-144 220 -69
-144 220 -68
-144 220 -67
-144 220 -66
-144 220 -65
-144 221 -80
-144 221 -79
-144 221 -77
-144 221 -76
-144 221 -75
-144 221 -74
-144 221 -73
-144 221 -72
-144 221 -71
-144 221 -70
-144 221 -69
-144 221 -68
-144 221 -67
-144 221 -66
-144 221 -65
-144 222 -80
-144 222 -79
-144 222 -78
-144 222 -77
-144 222 -76
-144 222 -75
-144 222 -74
-144 222 -73
-144 222 -72
-144 222 -71
-144 222 -70
-144 222 -69
-144 222 -68
-144 222 -67
-144 222 -66
-144 222 -65
-144 223 -80
-144 223 -79
-144 223 -78
-144 223 -77
-144 223 -76
-144 223 -75
-144 223 -74
-144 223 -73
-144 223 -72
-144 223 -71
-144 223 -70
-144 223 -69
-144 223 -68
-144 223 -67
-144 223 -66
-144 223 -65
-144 224 -80
-144 224 -79
-144 224 -78
-144 224 -77
-144 224 -76
-144 224 -75
-144 224 -74
-144 224 -73
-144 224 -72
-144 224 -71
-144 224 -70
-144 224 -69
-144 224 -68
-144 224 -67
-144 224 -66
-144 224 -65
-143 194 -80
-143 194 -79
-143 194 -66
-143 195 -80
-143 195 -79
-143 195 -67
-143 195 -66
-143 196 -79
-143 197 -79
-143 197 -78
-143 197 -77
-143 197 -65
-143 198 -80
-143 198 -79
-143 198 -78
-143 198 -67
-143 199 -80
-143 199 -79
-143 199 -78
-143 199 -76
-143 199 -75
-143 199 -74
-143 199 -70
-143 199 -69
-143 199 -67
-143 199 -66
-143 199 -65
-143 200 -80
-143 200 -79
-143 200 -78
-143 200 -77
-143 200 -76
-143 200 -75
-143 200 -73
-143 200 -72
-143 200 -71
-143 200 -70
-143 200 -69
-143 200 -68
-143 200 -67
-143 200 -66
-143 200 -65
-143 201 -80
-143 201 -79
-143 201 -78
-143 201 -77
-143 201 -76
-143 201 -75
-143 201 -74
-143 201 -73
-143 201 -72
-143 201 -71
-143 201 -70
-143 201 -69
-143 201 -68
-143 201 -67
-143 201 -66
-143 202 -80
-143 202 -79
-143 202 -76
-143 202 -75
-143 202 -74
-143 202 -73
-143 202 -72
-143 202 -71
-143 202 -70
-143 202 -69
-143 202 -68
-143 202 -67
-143 202 -66
-143 203 -75
-143 203 -74
-143 203 -73
-143 203 -72
-143 203 -71
-143 203 -70
-143 203 -69
-143 203 -68
-143 203 -67
-143 204 -74
-143 204 -72
-143 204 -71
-143 204 -70
-143 207 -74
-143 208 -74
-143 209 -74
-143 209 -73
-143 209 -72
-143 210 -74
-143 210 -73
-143 210 -72
-143 210 -71
-143 211 -76
-143 211 -75
-143 211 -74
-143 211 -73
-143 211 -72
-143 211 -71
-143 212 -74
-143 212 -72
-143 212 -71
-143 213 -75
-143 213 -74
-143 214 -76
-143 214 -75
-143 214 -74
-143 214 -73
-143 214 -72
-143 214 -71
-143 215 -74
-143 215 -73
-143 215 -72
-143 216 -75
-143 216 -74
-143 216 -73
-143 216 -72
-143 216 -71
-143 217 -76
-143 217 -75
-143 217 -74
-143 217 -73
-143 217 -72
-143 217 -71
-143 218 -77
-143 218 -76
-143 218 -75
-143 218 -74
-143 218 -73
-143 218 -72
-143 218 -71
-143 219 -77
-143 219 -76
-143 219 -75
-143 219 -74
-143 219 -73
-143 219 -72
-143 219 -71
-143 219 -70
-143 219 -67
-143 220 -78
-143 220 -77
-143 220 -76
-143 220 -75
-143 220 -74
-143 220 -73
-143 220 -72
-143 220 -71
-143 220 -69
-143 220 -67
-143 220 -66
-143 220 -65
-143 221 -80
-143 221 -79
-143 221 -78
-143 221 -77
-143 221 -76
-143 221 -75
-143 221 -74
-143 221 -73
-143 221 -72
-143 221 -71
-143 221 -70
-143 221 -69
-143 221 -68
-143 221 -67
-143 221 -66
-143 221 -65
-143 222 -80
-143 222 -79
-143 222 -78
-143 222 -77
-143 222 -76
-143 222 -75
-143 222 -74
-143 222 -73
-143 222 -72
-143 222 -71
-143 222 -70
-143 222 -69
-143 222 -68
-143 222 -66
-143 222 -65
-143 223 -80
-143 223 -79
-143 223 -78
-143 223 -77
-143 223 -76
-143 223 -75
-143 223 -74
-143 223 -73
-143 223 -72
-143 223 -71
-143 223 -70
-143 223 -69
-143 223 -68
-143 223 -67
-143 223 -66
-143 223 -65
-143 224 -80
-143 224 -79
-143 224 -78
-143 224 -77
-143 224 -76
-143 224 -75
-143 224 -74
-143 224 -73
-143 224 -72
-143 224 -71
-143 224 -70
-143 224 -69
-143 224 -68
-143 224 -67
-143 224 -66
-143 224 -65
-142 193 -79
-142 194 -80
-142 194 -79
-142 194 -78
-142 194 -77
-142 195 -80
-142 195 -79
-142 195 -78
-142 195 -77
-142 196 -80
-142 196 -79
-142 196 -78
-142 197 -80
-142 197 -79
-142 197 -78
-142 198 -80
-142 198 -79
-142 198 -78
-142 198 -75
-142 198 -66
-142 199 -80
-142 199 -79
-142 199 -78
-142 199 -77
-142 199 -76
-142 199 -75
-142 199 -74
-142 199 -69
-142 199 -68
-142 199 -66
-142 200 -80
-142 200 -79
-142 200 -78
-142 200 -77
-142 200 -76
-142 200 -75
-142 200 -74
-142 200 -73
-142 200 -70
-142 200 -69
-142 200 -68
-142 200 -67
-142 200 -66
-142 201 -80
-142 201 -79
-142 201 -78
-142 201 -77
-142 201 -76
-142 201 -75
-142 201 -74
-142 201 -73
-142 201 -72
-142 201 -71
-142 201 -70
-142 201 -69
-142 201 -68
-142 201 -67
-142 201 -66
-142 202 -76
-142 202 -75
-142 202 -74
-142 202 -73
-142 202 -72
-142 202 -71
-142 202 -70
-142 202 -69
-142 202 -68
-142 202 -67
-142 202 -66
-142 203 -76
-142 203 -75
-142 203 -72
-142 203 -71
-142 203 -70
-142 203 -69
-142 203 -68
-142 203 -67
-142 204 -72
-142 204 -71
-142 204 -70
-142 204 -67
-142 205 -71
-142 205 -70
-142 208 -74
-142 209 -74
-142 210 -75
-142 210 -74
-142 211 -76
-142 211 -75
-142 211 -74
-142 211 -73
-142 211 -72
-142 211 -71
-142 212 -74
-142 212 -73
-142 212 -72
-142 213 -72
-142 214 -74
-142 214 -73
-142 214 -72
-142 214 -71
-142 215 -75
-142 215 -73
-142 215 -72
-142 216 -75
-142 216 -74
-142 216 -71
-142 217 -74
-142 217 -73
-142 217 -71
-142 218 -76
-142 218 -74
-142 218 -73
-142 218 -72
-142 218 -71
-142 218 -70
-142 219 -78
-142 219 -77
-142 219 -76
-142 219 -75
-142 219 -74
-142 219 -73
-142 219 -72
-142 219 -71
-142 219 -70
-142 219 -69
-142 220 -79
-142 220 -78
-142 220 -77
-142 220 -76
-142 220 -75
-142 220 -74
-142 220 -73
-142 220 -72
-142 220 -71
-142 220 -70
-142 220 -69
-142 220 -68
-142 220 -66
-142 220 -65
-142 221 -79
-142 221 -78
-142 221 -77
-142 221 -76
-142 221 -75
-142 221 -74
-142 221 -73
-142 221 -72
-142 221 -71
-142 221 -70
-142 221 -69
-142 221 -68
-142 221 -67
-142 221 -65
-142 222 -80
-142 222 -79
-142 222 -78
-142 222 -77
-142 222 -76
-142 222 -75
-142 222 -74
-142 222 -73
-142 222 -72
-142 222 -71
-142 222 -70
-142 222 -69
-142 222 -68
-142 222 -67
-142 222 -66
-142 222 -65
-142 223 -80
-142 223 -79
-142 223 -78
-142 223 -77
-142 223 -76
-142 223 -75
-142 223 -74
-142 223 -73
-142 223 -72
-142 223 -71
-142 223 -70
-142 223 -69
-142 223 -68
-142 223 -67
-142 223 -66
-142 223 -65
-142 224 -80
-142 224 -79
-142 224 -78
-142 224 -77
-142 224 -76
-142 224 -75
-142 224 -74
-142 224 -73
-142 224 -72
-142 224 -71
-142 224 -70
-142 224 -69
-142 224 -68
-142 224 -67
-142 224 -66
-142 224 -65
-141 193 -80
-141 193 -79
-141 193 -78
-141 194 -80
-141 194 -79
-141 194 -78
-141 194 -77
-141 195 -80
-141 195 -79
-141 195 -78
-141 195 -77
-141 196 -79
-141 196 -78
-141 196 -77
-141 197 -80
-141 197 -79
-141 197 -78
-141 197 -77
-141 197 -66
-141 198 -80
-141 198 -79
-141 198 -78
-141 198 -77
-141 198 -76
-141 198 -75
-141 198 -66
-141 198 -65
-141 199 -80
-141 199 -79
-141 199 -78
-141 199 -77
-141 199 -76
-141 199 -75
-141 199 -74
-141 199 -70
-141 199 -67
-141 199 -65
-141 200 -80
-141 200 -79
-141 200 -78
-141 200 -77
-141 200 -76
-141 200 -75
-141 200 -74
-141 200 -73
-141 200 -72
-141 200 -70
-141 200 -69
-141 200 -68
-141 200 -67
-141 200 -66
-141 200 -65
-141 201 -80
-141 201 -78
-141 201 -77
-141 201 -76
-141 201 -75
-141 201 -74
-141 201 -73
-141 201 -72
-141 201 -71
-141 201 -70
-141 201 -69
-141 201 -68
-141 201 -67
-141 201 -66
-141 202 -77
-141 202 -76
-141 202 -75
-141 202 -73
-141 202 -72
-141 202 -71
-141 202 -70
-141 202 -69
-141 202 -68
-141 202 -67
-141 202 -66
-141 202 -65
-141 203 -76
-141 203 -73
-141 203 -72
-141 203 -71
-141 203 -70
-141 203 -69
-141 203 -68
-141 203 -67
-141 203 -66
-141 204 -76
-141 204 -73
-141 204 -72
-141 204 -71
-141 204 -70
-141 204 -69
-141 204 -68
-141 204 -67
-141 204 -66
-141 205 -72
-141 205 -71
-141 205 -70
-141 209 -74
-141 210 -75
-141 210 -74
-141 211 -76
-141 211 -75
-141 211 -74
-141 211 -73
-141 212 -74
-141 212 -73
-141 213 -74
-141 214 -72
-141 216 -75
-141 216 -74
-141 219 -76
-141 219 -74
-141 219 -73
-141 219 -72
-141 219 -70
-141 219 -65
-141 220 -79
-141 220 -78
-141 220 -76
-141 220 -74
-141 220 -73
-141 220 -72
-141 220 -71
-141 220 -70
-141 220 -68
-141 220 -67
-141 220 -66
-141 220 -65
-141 221 -80
-141 221 -79
-141 221 -78
-141 221 -76
-141 221 -75
-141 221 -74
-141 221 -73
-141 221 -72
-141 221 -71
-141 221 -70
-141 221 -69
-141 221 -68
-141 221 -67
-141 221 -66
-141 221 -65
-141 222 -80
-141 222 -79
-141 222 -78
-141 222 -77
-141 222 -76
-141 222 -75
-141 222 -74
-141 222 -73
-141 222 -72
-141 222 -71
-141 222 -70
-141 222 -69
-141 222 -68
-141 222 -67
-141 222 -66
-141 222 -65
-141 223 -80
-141 223 -79
-141 223 -78
-141 223 -77
-141 223 -76
-141 223 -75
-141 223 -74
-141 223 -73
-141 223 -72
-141 223 -71
-141 223 -70
-141 223 -69
-141 223 -68
-141 223 -67
-141 223 -66
-141 223 -65
-141 224 -80
-141 224 -79
-141 224 -78
-141 224 -77
-141 224 -76
-141 224 -75
-141 224 -74
-141 224 -73
-141 224 -72
-141 224 -71
-141 224 -70
-141 224 -69
-141 224 -68
-141 224 -67
-141 224 -66
-141 224 -65
-140 193 -79
-140 193 -78
-140 193 -77
-140 194 -80
-140 194 -79
-140 194 -78
-140 194 -77
-140 194 -76
-140 195 -80
-140 195 -79
-140 195 -78
-140 195 -77
-140 196 -80
-140 196 -79
-140 196 -78
-140 196 -77
-140 197 -80
-140 197 -79
-140 197 -78
-140 197 -77
-140 197 -67
-140 197 -65
-140 198 -80
-140 198 -79
-140 198 -78
-140 198 -77
-140 198 -76
-140 198 -67
-140 198 -66
-140 198 -65
-140 199 -80
-140 199 -79
-140 199 -78
-140 199 -77
-140 199 -76
-140 199 -75
-140 199 -74
-140 199 -69
-140 199 -68
-140 199 -67
-140 199 -66
-140 199 -65
-140 200 -80
-140 200 -79
-140 200 -78
-140 200 -77
-140 200 -76
-140 200 -75
-140 200 -74
-140 200 -70
-140 200 -69
-140 200 -68
-140 200 -67
-140 200 -66
-140 200 -65
-140 201 -79
-140 201 -78
-140 201 -77
-140 201 -76
-140 201 -75
-140 201 -74
-140 201 -73
-140 201 -72
-140 201 -71
-140 201 -70
-140 201 -69
-140 201 -68
-140 201 -67
-140 201 -66
-140 202 -78
-140 202 -76
-140 202 -75
-140 202 -74
-140 202 -73
-140 202 -72
-140 202 -71
-140 202 -70
-140 202 -69
-140 202 -68
-140 202 -67
-140 202 -66
-140 202 -65
-140 203 -73
-140 203 -72
-140 203 -71
-140 203 -70
-140 203 -69
-140 203 -68
-140 203 -67
-140 203 -66
-140 203 -65
-140 204 -72
-140 204 -71
-140 204 -70
-140 204 -68
-140 204 -66
-140 205 -72
-140 211 -75
-140 211 -73
-140 218 -72
-140 219 -76
-140 219 -72
-140 219 -71
-140 220 -80
-140 220 -78
-140 220 -74
-140 220 -73
-140 220 -72
-140 220 -71
-140 220 -69
-140 220 -68
-140 220 -67
-140 220 -66
-140 221 -80
-140 221 -79
-140 221 -78
-140 221 -77
-140 221 -73
-140 221 -72
-140 221 -71
-140 221 -70
-140 221 -69
-140 221 -68
-140 221 -67
-140 221 -66
-140 221 -65
-140 222 -80
-140 222 -79
-140 222 -78
-140 222 -77
-140 222 -75
-140 222 -74
-140 222 -73
-140 222 -72
-140 222 -71
-140 222 -70
-140 222 -69
-140 222 -68
-140 222 -67
-140 222 -66
-140 222 -65
-140 223 -80
-140 223 -79
-140 223 -78
-140 223 -77
-140 223 -76
-140 223 -75
-140 223 -74
-140 223 -73
-140 223 -72
-140 223 -71
-140 223 -70
-140 223 -69
-140 223 -68
-140 223 -67
-140 223 -66
-140 223 -65
-140 224 -80
-140 224 -79
-140 224 -78
-140 224 -77
-140 224 -76
-140 224 -75
-140 224 -74
-140 224 -73
-140 224 -72
-140 224 -71
-140 224 -70
-140 224 -69
-140 224 -68
-140 224 -67
-140 224 -66
-140 224 -65
-139 193 -80
-139 193 -79
-139 193 -78
-139 193 -77
-139 194 -80
-139 194 -79
-139 194 -78
-139 194 -77
-139 195 -79
-139 195 -78
-139 196 -80
-139 196 -79
-139 196 -78
-139 196 -65
-139 197 -80
-139 197 -79
-139 197 -78
-139 197 -77
-139 197 -66
-139 197 -65
-139 198 -80
-139 198 -79
-139 198 -78
-139 198 -77
-139 198 -76
-139 198 -75
-139 198 -66
-139 198 -65
-139 199 -80
-139 199 -79
-139 199 -78
-139 199 -77
-139 199 -76
-139 199 -75
-139 199 -74
-139 199 -73
-139 199 -70
-139 199 -69
-139 199 -68
-139 199 -67
-139 199 -66
-139 199 -65
-139 200 -80
-139 200 -79
-139 200 -78
-139 200 -77
-139 200 -76
-139 200 -75
-139 200 -74
-139 200 -70
-139 200 -69
-139 200 -68
-139 200 -67
-139 200 -66
-139 200 -65
-139 201 -79
-139 201 -78
-139 201 -76
-139 201 -75
-139 201 -74
-139 201 -73
-139 201 -72
-139 201 -71
-139 201 -70
-139 201 -69
-139 201 -68
-139 201 -67
-139 201 -66
-139 201 -65
-139 202 -79
-139 202 -78
-139 202 -76
-139 202 -75
-139 202 -74
-139 202 -73
-139 202 -71
-139 202 -70
-139 202 -69
-139 202 -68
-139 202 -67
-139 202 -66
-139 202 -65
-139 203 -72
-139 203 -71
-139 203 -69
-139 203 -68
-139 203 -67
-139 203 -66
-139 203 -65
-139 204 -72
-139 204 -69
-139 204 -68
-139 204 -67
-139 204 -66
-139 218 -72
-139 219 -80
-139 219 -73
-139 219 -72
-139 219 -70
-139 219 -65
-139 220 -80
-139 220 -79
-139 220 -78
-139 220 -74
-139 220 -73
-139 220 -72
-139 220 -71
-139 220 -70
-139 220 -65
-139 221 -80
-139 221 -79
-139 221 -78
-139 221 -77
-139 221 -76
-139 221 -73
-139 221 -72
-139 221 -71
-139 221 -70
-139 221 -69
-139 221 -67
-139 221 -66
-139 221 -65
-139 222 -80
-139 222 -79
-139 222 -78
-139 222 -77
-139 222 -76
-139 222 -75
-139 222 -74
-139 222 -73
-139 222 -72
-139 222 -71
-139 222 -70
-139 222 -69
-139 222 -68
-139 222 -67
-139 222 -66
-139 223 -80
-139 223 -79
-139 223 -78
-139 223 -77
-139 223 -76
-139 223 -75
-139 223 -74
-139 223 -73
-139 223 -72
-139 223 -71
-139 223 -70
-139 223 -69
-139 223 -68
-139 223 -67
-139 223 -66
-139 223 -65
-139 224 -80
-139 224 -79
-139 224 -78
-139 224 -77
-139 224 -76
-139 224 -75
-139 224 -74
-139 224 -73
-139 224 -72
-139 224 -71
-139 224 -70
-139 224 -69
-139 224 -68
-139 224 -67
-139 224 -66
-139 224 -65
-138 193 -79
-138 194 -80
-138 194 -79
-138 194 -78
-138 195 -79
-138 196 -80
-138 196 -79
-138 196 -78
-138 196 -77
-138 196 -66
-138 196 -65
-138 197 -79
-138 197 -78
-138 197 -77
-138 197 -74
-138 197 -65
-138 198 -80
-138 198 -79
-138 198 -78
-138 198 -77
-138 198 -76
-138 198 -75
-138 198 -74
-138 198 -73
-138 198 -67
-138 198 -66
-138 198 -65
-138 199 -80
-138 199 -79
-138 199 -78
-138 199 -77
-138 199 -76
-138 199 -75
-138 199 -74
-138 199 -69
-138 199 -68
-138 199 -67
-138 199 -66
-138 199 -65
-138 200 -80
-138 200 -79
-138 200 -78
-138 200 -77
-138 200 -76
-138 200 -75
-138 200 -74
-138 200 -73
-138 200 -72
-138 200 -71
-138 200 -70
-138 200 -69
-138 200 -68
-138 200 -67
-138 200 -66
-138 200 -65
-138 201 -80
-138 201 -79
-138 201 -77
-138 201 -76
-138 201 -75
-138 201 -74
-138 201 -73
-138 201 -72
-138 201 -71
-138 201 -70
-138 201 -69
-138 201 -68
-138 201 -67
-138 201 -66
-138 201 -65
-138 202 -80
-138 202 -76
-138 202 -75
-138 202 -74
-138 202 -73
-138 202 -72
-138 202 -71
-138 202 -70
-138 202 -69
-138 202 -68
-138 202 -67
-138 202 -65
-138 203 -75
-138 203 -74
-138 203 -73
-138 203 -72
-138 203 -71
-138 203 -68
-138 203 -67
-138 204 -68
-138 218 -80
-138 219 -80
-138 219 -79
-138 219 -69
-138 219 -67
-138 219 -66
-138 220 -80
-138 220 -79
-138 220 -73
-138 220 -72
-138 220 -70
-138 220 -69
-138 220 -68
-138 220 -67
-138 221 -80
-138 221 -79
-138 221 -78
-138 221 -75
-138 221 -74
-138 221 -73
-138 221 -72
-138 221 -71
-138 221 -70
-138 221 -69
-138 221 -68
-138 221 -67
-138 221 -66
-138 221 -65
-138 222 -80
-138 222 -79
-138 222 -78
-138 222 -77
-138 222 -76
-138 222 -75
-138 222 -74
-138 222 -73
-138 222 -72
-138 222 -71
-138 222 -70
-138 222 -69
-138 222 -68
-138 222 -67
-138 222 -66
-138 222 -65
-138 223 -80
-138 223 -79
-138 223 -78
-138 223 -77
-138 223 -74
-138 223 -73
-138 223 -72
-138 223 -71
-138 223 -70
-138 223 -69
-138 223 -68
-138 223 -67
-138 223 -66
-138 223 -65
-138 224 -80
-138 224 -79
-138 224 -78
-138 224 -77
-138 224 -76
-138 224 -75
-138 224 -74
-138 224 -73
-138 224 -72
-138 224 -71
-138 224 -70
-138 224 -69
-138 224 -68
-138 224 -67
-138 224 -66
-138 224 -65
-137 195 -66
-137 196 -79
-137 196 -78
-137 196 -77
-137 196 -76
-137 196 -65
-137 197 -79
-137 197 -78
-137 197 -77
-137 197 -76
-137 197 -75
-137 197 -67
-137 197 -66
-137 197 -65
-137 198 -79
-137 198 -78
-137 198 -77
-137 198 -76
-137 198 -75
-137 198 -74
-137 198 -73
-137 198 -72
-137 198 -69
-137 198 -68
-137 198 -67
-137 198 -66
-137 198 -65
-137 199 -80
-137 199 -79
-137 199 -78
-137 199 -77
-137 199 -76
-137 199 -75
-137 199 -74
-137 199 -72
-137 199 -71
-137 199 -70
-137 199 -69
-137 199 -68
-137 199 -67
-137 199 -66
-137 199 -65
-137 200 -80
-137 200 -79
-137 200 -78
-137 200 -77
-137 200 -76
-137 200 -75
-137 200 -74
-137 200 -73
-137 200 -72
-137 200 -71
-137 200 -70
-137 200 -69
-137 200 -68
-137 200 -67
-137 200 -66
-137 200 -65
-137 201 -77
-137 201 -76
-137 201 -75
-137 201 -74
-137 201 -73
-137 201 -72
-137 201 -71
-137 201 -70
-137 201 -68
-137 201 -67
-137 201 -66
-137 202 -75
-137 202 -74
-137 202 -73
-137 202 -72
-137 202 -71
-137 202 -70
-137 202 -68
-137 202 -67
-137 203 -73
-137 203 -71
-137 203 -68
-137 203 -67
-137 204 -73
-137 217 -65
-137 218 -65
-137 219 -80
-137 219 -70
-137 219 -67
-137 219 -66
-137 219 -65
-137 220 -80
-137 220 -79
-137 220 -70
-137 220 -69
-137 220 -67
-137 220 -66
-137 220 -65
-137 221 -80
-137 221 -79
-137 221 -74
-137 221 -72
-137 221 -70
-137 221 -69
-137 221 -68
-137 221 -67
-137 221 -66
-137 221 -65
-137 222 -80
-137 222 -79
-137 222 -78
-137 222 -77
-137 222 -76
-137 222 -74
-137 222 -73
-137 222 -72
-137 222 -71
-137 222 -70
-137 222 -69
-137 222 -68
-137 222 -67
-137 222 -66
-137 222 -65
-137 223 -80
-137 223 -79
-137 223 -78
-137 223 -76
-137 223 -75
-137 223 -74
-137 223 -73
-137 223 -72
-137 223 -71
-137 223 -70
-137 223 -69
-137 223 -68
-137 223 -67
-137 223 -66
-137 223 -65
-137 224 -80
-137 224 -79
-137 224 -78
-137 224 -77
-137 224 -76
-137 224 -75
-137 224 -74
-137 224 -73
-137 224 -72
-137 224 -71
-137 224 -70
-137 224 -69
-137 224 -68
-137 224 -67
-137 224 -66
-137 224 -65
-136 194 -77
-136 194 -66
-136 195 -78
-136 195 -77
-136 195 -67
-136 195 -66
-136 195 -65
-136 196 -78
-136 196 -77
-136 196 -66
-136 196 -65
-136 197 -79
-136 197 -78
-136 197 -77
-136 197 -76
-136 197 -75
-136 197 -74
-136 197 -73
-136 197 -69
-136 197 -68
-136 197 -67
-136 197 -66
-136 197 -65
-136 198 -80
-136 198 -79
-136 198 -78
-136 198 -77
-136 198 -76
-136 198 -75
-136 198 -74
-136 198 -73
-136 198 -72
-136 198 -69
-136 198 -68
-136 198 -67
-136 198 -66
-136 198 -65
-136 199 -80
-136 199 -79
-136 199 -78
-136 199 -77
-136 199 -76
-136 199 -75
-136 199 -74
-136 199 -73
-136 199 -72
-136 199 -71
-136 199 -70
-136 199 -69
-136 199 -68
-136 199 -67
-136 199 -66
-136 199 -65
-136 200 -78
-136 200 -77
-136 200 -76
-136 200 -75
-136 200 -74
-136 200 -73
-136 200 -72
-136 200 -71
-136 200 -70
-136 200 -69
-136 200 -68
-136 200 -67
-136 200 -65
-136 201 -78
-136 201 -77
-136 201 -76
-136 201 -75
-136 201 -74
-136 201 -73
-136 201 -72
-136 201 -71
-136 201 -68
-136 201 -67
-136 202 -77
-136 202 -76
-136 202 -74
-136 202 -72
-136 202 -71
-136 202 -69
-136 202 -68
-136 203 -73
-136 218 -65
-136 220 -80
-136 220 -78
-136 220 -71
-136 220 -69
-136 220 -66
-136 220 -65
-136 221 -80
-136 221 -79
-136 221 -78
-136 221 -73
-136 221 -71
-136 221 -70
-136 221 -69
-136 221 -68
-136 221 -67
-136 221 -66
-136 221 -65
-136 222 -80
-136 222 -79
-136 222 -78
-136 222 -77
-136 222 -75
-136 222 -74
-136 222 -73
-136 222 -72
-136 222 -71
-136 222 -70
-136 222 -69
-136 222 -68
-136 222 -67
-136 222 -66
-136 222 -65
-136 223 -80
-136 223 -79
-136 223 -78
-136 223 -76
-136 223 -75
-136 223 -74
-136 223 -73
-136 223 -72
-136 223 -71
-136 223 -70
-136 223 -69
-136 223 -68
-136 223 -67
-136 223 -66
-136 223 -65
-136 224 -80
-136 224 -79
-136 224 -78
-136 224 -77
-136 224 -76
-136 224 -75
-136 224 -74
-136 224 -73
-136 224 -72
-136 224 -71
-136 224 -70
-136 224 -69
-136 224 -68
-136 224 -67
-136 224 -66
-136 224 -65
-135 194 -77
-135 195 -77
-135 195 -76
-135 195 -66
-135 196 -79
-135 196 -78
-135 196 -77
-135 196 -76
-135 196 -73
-135 196 -68
-135 196 -67
-135 196 -66
-135 196 -65
-135 197 -80
-135 197 -79
-135 197 -78
-135 197 -77
-135 197 -76
-135 197 -74
-135 197 -73
-135 197 -70
-135 197 -69
-135 197 -68
-135 197 -67
-135 197 -66
-135 197 -65
-135 198 -80
-135 198 -79
-135 198 -78
-135 198 -77
-135 198 -76
-135 198 -75
-135 198 -74
-135 198 -73
-135 198 -72
-135 198 -71
-135 198 -70
-135 198 -69
-135 198 -68
-135 198 -67
-135 198 -66
-135 198 -65
-135 199 -79
-135 199 -78
-135 199 -77
-135 199 -76
-135 199 -75
-135 199 -74
-135 199 -73
-135 199 -72
-135 199 -71
-135 199 -70
-135 199 -69
-135 199 -68
-135 199 -67
-135 199 -66
-135 199 -65
-135 200 -79
-135 200 -78
-135 200 -77
-135 200 -76
-135 200 -75
-135 200 -74
-135 200 -73
-135 200 -72
-135 200 -71
-135 200 -70
-135 200 -69
-135 200 -68
-135 200 -67
-135 200 -66
-135 200 -65
-135 201 -78
-135 201 -76
-135 201 -74
-135 201 -72
-135 201 -71
-135 201 -70
-135 201 -69
-135 201 -68
-135 202 -77
-135 202 -71
-135 202 -69
-135 203 -71
-135 218 -75
-135 219 -66
-135 220 -79
-135 220 -69
-135 220 -68
-135 220 -66
-135 221 -80
-135 221 -79
-135 221 -78
-135 221 -72
-135 221 -71
-135 221 -69
-135 221 -68
-135 221 -67
-135 221 -66
-135 221 -65
-135 222 -80
-135 222 -78
-135 222 -76
-135 222 -74
-135 222 -73
-135 222 -72
-135 222 -71
-135 222 -70
-135 222 -69
-135 222 -68
-135 222 -67
-135 222 -66
-135 222 -65
-135 223 -80
-135 223 -79
-135 223 -78
-135 223 -77
-135 223 -76
-135 223 -75
-135 223 -74
-135 223 -73
-135 223 -72
-135 223 -71
-135 223 -70
-135 223 -69
-135 223 -68
-135 223 -67
-135 223 -66
-135 223 -65
-135 224 -80
-135 224 -78
-135 224 -77
-135 224 -76
-135 224 -75
-135 224 -74
-135 224 -73
-135 224 -72
-135 224 -71
-135 224 -70
-135 224 -69
-135 224 -68
-135 224 -67
-135 224 -66
-135 224 -65
-134 195 -77
-134 196 -77
-134 196 -74
-134 196 -70
-134 196 -69
-134 196 -68
-134 196 -65
-134 197 -79
-134 197 -78
-134 197 -77
-134 197 -75
-134 197 -74
-134 197 -73
-134 197 -72
-134 197 -71
-134 197 -70
-134 197 -69
-134 197 -68
-134 197 -67
-134 197 -66
-134 197 -65
-134 198 -80
-134 198 -79
-134 198 -78
-134 198 -77
-134 198 -76
-134 198 -75
-134 198 -74
-134 198 -73
-134 198 -72
-134 198 -71
-134 198 -70
-134 198 -69
-134 198 -68
-134 198 -67
-134 198 -65
-134 199 -79
-134 199 -78
-134 199 -77
-134 199 -76
-134 199 -75
-134 199 -74
-134 199 -73
-134 199 -72
-134 199 -71
-134 199 -70
-134 199 -69
-134 199 -68
-134 199 -67
-134 199 -66
-134 199 -65
-134 200 -78
-134 200 -77
-134 200 -74
-134 200 -73
-134 200 -72
-134 200 -71
-134 200 -70
-134 200 -69
-134 200 -68
-134 200 -67
-134 200 -66
-134 200 -65
-134 201 -77
-134 201 -76
-134 201 -74
-134 201 -73
-134 201 -72
-134 201 -71
-134 201 -70
-134 201 -69
-134 201 -68
-134 201 -67
-134 202 -74
-134 202 -72
-134 202 -71
-134 202 -70
-134 202 -69
-134 202 -68
-134 203 -69
-134 215 -80
-134 215 -79
-134 217 -75
-134 218 -75
-134 218 -74
-134 218 -72
-134 219 -67
-134 220 -69
-134 220 -67
-134 220 -66
-134 220 -65
-134 221 -72
-134 221 -69
-134 221 -68
-134 221 -67
-134 221 -66
-134 221 -65
-134 222 -80
-134 222 -77
-134 222 -76
-134 222 -73
-134 222 -72
-134 222 -70
-134 222 -69
-134 222 -68
-134 222 -67
-134 222 -66
-134 222 -65
-134 223 -80
-134 223 -79
-134 223 -78
-134 223 -76
-134 223 -75
-134 223 -74
-134 223 -73
-134 223 -72
-134 223 -71
-134 223 -70
-134 223 -69
-134 223 -68
-134 223 -67
-134 223 -66
-134 223 -65
-134 224 -80
-134 224 -79
-134 224 -78
-134 224 -77
-134 224 -76
-134 224 -75
-134 224 -74
-134 224 -73
-134 224 -72
-134 224 -71
-134 224 -70
-134 224 -69
-134 224 -68
-134 224 -67
-134 224 -66
-134 224 -65
-133 195 -74
-133 195 -73
-133 196 -74
-133 196 -73
-133 196 -72
-133 196 -70
-133 196 -68
-133 197 -79
-133 197 -78
-133 197 -76
-133 197 -74
-133 197 -73
-133 197 -72
-133 197 -71
-133 197 -70
-133 197 -69
-133 197 -68
-133 197 -67
-133 198 -79
-133 198 -78
-133 198 -77
-133 198 -76
-133 198 -75
-133 198 -74
-133 198 -73
-133 198 -72
-133 198 -71
-133 198 -70
-133 198 -69
-133 198 -68
-133 198 -67
-133 198 -66
-133 198 -65
-133 199 -79
-133 199 -77
-133 199 -76
-133 199 -75
-133 199 -74
-133 199 -73
-133 199 -72
-133 199 -71
-133 199 -70
-133 199 -69
-133 199 -68
-133 199 -67
-133 199 -66
-133 199 -65
-133 200 -74
-133 200 -73
-133 200 -72
-133 200 -71
-133 200 -70
-133 200 -69
-133 200 -68
-133 200 -67
-133 200 -66
-133 201 -74
-133 201 -73
-133 201 -72
-133 201 -71
-133 201 -70
-133 201 -69
-133 201 -68
-133 201 -67
-133 202 -71
-133 202 -70
-133 202 -69
-133 202 -68
-133 203 -70
-133 211 -79
-133 211 -78
-133 212 -79
-133 213 -79
-133 215 -80
-133 215 -79
-133 215 -76
-133 215 -75
-133 216 -80
-133 216 -78
-133 216 -74
-133 217 -80
-133 217 -79
-133 217 -78
-133 217 -77
-133 217 -76
-133 217 -75
-133 217 -74
-133 218 -80
-133 218 -78
-133 218 -77
-133 218 -76
-133 218 -75
-133 218 -74
-133 218 -73
-133 218 -72
-133 219 -80
-133 219 -72
-133 219 -71
-133 219 -67
-133 219 -65
-133 220 -72
-133 220 -69
-133 220 -68
-133 220 -67
-133 220 -66
-133 220 -65
-133 221 -74
-133 221 -73
-133 221 -72
-133 221 -69
-133 221 -68
-133 221 -67
-133 221 -66
-133 221 -65
-133 222 -80
-133 222 -75
-133 222 -74
-133 222 -73
-133 222 -71
-133 222 -70
-133 222 -69
-133 222 -68
-133 222 -67
-133 222 -66
-133 222 -65
-133 223 -80
-133 223 -76
-133 223 -75
-133 223 -74
-133 223 -73
-133 223 -72
-133 223 -71
-133 223 -70
-133 223 -69
-133 223 -68
-133 223 -67
-133 223 -66
-133 223 -65
-133 224 -80
-133 224 -76
-133 224 -75
-133 224 -74
-133 224 -73
-133 224 -72
-133 224 -71
-133 224 -70
-133 224 -69
-133 224 -68
-133 224 -67
-133 224 -66
-133 224 -65
-132 196 -74
-132 196 -68
-132 197 -75
-132 197 -74
-132 197 -71
-132 197 -70
-132 197 -69
-132 197 -68
-132 197 -67
-132 198 -79
-132 198 -76
-132 198 -75
-132 198 -74
-132 198 -73
-132 198 -72
-132 198 -71
-132 198 -70
-132 198 -69
-132 198 -68
-132 198 -67
-132 198 -66
-132 199 -75
-132 199 -74
-132 199 -73
-132 199 -72
-132 199 -71
-132 199 -70
-132 199 -69
-132 199 -68
-132 199 -67
-132 200 -75
-132 200 -74
-132 200 -73
-132 200 -72
-132 200 -71
-132 200 -70
-132 200 -69
-132 200 -68
-132 200 -67
-132 200 -66
-132 201 -73
-132 201 -72
-132 201 -71
-132 201 -69
-132 201 -68
-132 201 -67
-132 202 -69
-132 203 -69
-132 209 -78
-132 210 -79
-132 210 -78
-132 210 -77
-132 211 -79
-132 211 -78
-132 212 -80
-132 212 -79
-132 212 -78
-132 212 -77
-132 213 -80
-132 213 -79
-132 213 -78
-132 214 -80
-132 214 -79
-132 214 -78
-132 214 -76
-132 215 -80
-132 215 -79
-132 215 -78
-132 215 -77
-132 215 -76
-132 215 -75
-132 215 -72
-132 216 -80
-132 216 -79
-132 216 -78
-132 216 -77
-132 216 -76
-132 216 -75
-132 216 -74
-132 216 -73
-132 216 -72
-132 216 -71
-132 217 -80
-132 217 -79
-132 217 -78
-132 217 -77
-132 217 -76
-132 217 -75
-132 217 -74
-132 217 -73
-132 217 -72
-132 217 -71
-132 218 -80
-132 218 -78
-132 218 -77
-132 218 -76
-132 218 -75
-132 218 -74
-132 218 -73
-132 218 -72
-132 218 -71
-132 218 -70
-132 219 -80
-132 219 -77
-132 219 -74
-132 219 -73
-132 219 -72
-132 219 -71
-132 219 -67
-132 220 -75
-132 220 -73
-132 220 -72
-132 220 -67
-132 220 -66
-132 220 -65
-132 221 -75
-132 221 -73
-132 221 -72
-132 221 -71
-132 221 -70
-132 221 -69
-132 221 -68
-132 221 -66
-132 221 -65
-132 222 -75
-132 222 -74
-132 222 -73
-132 222 -72
-132 222 -71
-132 222 -70
-132 222 -69
-132 222 -68
-132 222 -67
-132 222 -66
-132 222 -65
-132 223 -76
-132 223 -75
-132 223 -74
-132 223 -73
-132 223 -72
-132 223 -71
-132 223 -70
-132 223 -69
-132 223 -68
-132 223 -67
-132 223 -66
-132 223 -65
-132 224 -80
-132 224 -79
-132 224 -78
-132 224 -76
-132 224 -75
-132 224 -74
-132 224 -73
-132 224 -72
-132 224 -71
-132 224 -70
-132 224 -69
-132 224 -68
-132 224 -67
-132 224 -66
-132 224 -65
-131 197 -74
-131 197 -73
-131 197 -71
-131 197 -70
-131 197 -68
-131 198 -75
-131 198 -74
-131 198 -73
-131 198 -71
-131 198 -70
-131 198 -69
-131 198 -68
-131 198 -67
-131 199 -75
-131 199 -74
-131 199 -73
-131 199 -72
-131 199 -71
-131 199 -70
-131 199 -69
-131 199 -68
-131 199 -67
-131 200 -72
-131 200 -71
-131 200 -70
-131 200 -69
-131 201 -70
-131 201 -69
-131 201 -68
-131 202 -69
-131 209 -78
-131 210 -79
-131 210 -78
-131 210 -77
-131 211 -80
-131 211 -79
-131 211 -78
-131 211 -77
-131 211 -76
-131 212 -80
-131 212 -79
-131 212 -78
-131 212 -77
-131 212 -76
-131 212 -75
-131 213 -80
-131 213 -79
-131 213 -77
-131 214 -80
-131 214 -79
-131 214 -78
-131 214 -77
-131 214 -75
-131 214 -74
-131 215 -80
-131 215 -79
-131 215 -78
-131 215 -77
-131 215 -76
-131 215 -75
-131 215 -74
-131 215 -73
-131 215 -72
-131 216 -80
-131 216 -79
-131 216 -78
-131 216 -77
-131 216 -76
-131 216 -75
-131 216 -74
-131 216 -73
-131 216 -71
-131 216 -70
-131 217 -80
-131 217 -79
-131 217 -78
-131 217 -77
-131 217 -76
-131 217 -75
-131 217 -74
-131 217 -73
-131 217 -72
-131 217 -71
-131 217 -70
-131 218 -80
-131 218 -79
-131 218 -78
-131 218 -77
-131 218 -76
-131 218 -75
-131 218 -74
-131 218 -73
-131 218 -72
-131 218 -71
-131 218 -70
-131 218 -69
-131 219 -80
-131 219 -79
-131 219 -77
-131 219 -76
-131 219 -75
-131 219 -74
-131 219 -73
-131 219 -72
-131 219 -71
-131 219 -69
-131 219 -65
-131 220 -80
-131 220 -74
-131 220 -73
-131 220 -72
-131 220 -71
-131 220 -69
-131 220 -68
-131 220 -67
-131 220 -66
-131 220 -65
-131 221 -74
-131 221 -73
-131 221 -72
-131 221 -71
-131 221 -70
-131 221 -69
-131 221 -68
-131 221 -66
-131 221 -65
-131 222 -76
-131 222 -75
-131 222 -74
-131 222 -73
-131 222 -72
-131 222 -71
-131 222 -70
-131 222 -69
-131 222 -68
-131 222 -67
-131 222 -66
-131 222 -65
-131 223 -79
-131 223 -78
-131 223 -77
-131 223 -75
-131 223 -74
-131 223 -73
-131 223 -72
-131 223 -71
-131 223 -70
-131 223 -69
-131 223 -68
-131 223 -67
-131 223 -66
-131 223 -65
-131 224 -80
-131 224 -79
-131 224 -78
-131 224 -77
-131 224 -76
-131 224 -75
-131 224 -74
-131 224 -73
-131 224 -72
-131 224 -71
-131 224 -70
-131 224 -69
-131 224 -68
-131 224 -67
-131 224 -66
-131 224 -65
-130 198 -74
-130 198 -73
-130 198 -71
-130 198 -69
-130 199 -70
-130 199 -68
-130 200 -69
-130 210 -78
-130 210 -77
-130 211 -80
-130 211 -79
-130 211 -78
-130 211 -77
-130 211 -76
-130 212 -80
-130 212 -79
-130 212 -78
-130 212 -77
-130 212 -76
-130 213 -80
-130 213 -79
-130 213 -78
-130 213 -77
-130 213 -76
-130 214 -80
-130 214 -79
-130 214 -78
-130 214 -76
-130 215 -80
-130 215 -79
-130 215 -78
-130 215 -77
-130 215 -76
-130 215 -75
-130 215 -74
-130 215 -73
-130 215 -72
-130 215 -71
-130 216 -80
-130 216 -79
-130 216 -78
-130 216 -77
-130 216 -76
-130 216 -75
-130 216 -74
-130 216 -73
-130 216 -72
-130 216 -71
-130 216 -70
-130 217 -80
-130 217 -79
-130 217 -78
-130 217 -77
-130 217 -76
-130 217 -75
-130 217 -74
-130 217 -73
-130 217 -72
-130 217 -71
-130 217 -70
-130 218 -80
-130 218 -79
-130 218 -78
-130 218 -77
-130 218 -76
-130 218 -75
-130 218 -74
-130 218 -73
-130 218 -72
-130 218 -71
-130 218 -70
-130 218 -68
-130 218 -67
-130 219 -80
-130 219 -77
-130 219 -76
-130 219 -75
-130 219 -74
-130 219 -73
-130 219 -72
-130 219 -71
-130 219 -70
-130 219 -69
-130 219 -68
-130 219 -67
-130 219 -66
-130 219 -65
-130 220 -75
-130 220 -74
-130 220 -73
-130 220 -72
-130 220 -71
-130 220 -70
-130 220 -69
-130 220 -68
-130 220 -67
-130 220 -65
-130 221 -75
-130 221 -74
-130 221 -73
-130 221 -72
-130 221 -71
-130 221 -70
-130 221 -69
-130 221 -68
-130 221 -67
-130 221 -66
-130 221 -65
-130 222 -77
-130 222 -75
-130 222 -74
-130 222 -72
-130 222 -71
-130 222 -70
-130 222 -69
-130 222 -68
-130 222 -67
-130 222 -66
-130 222 -65
-130 223 -80
-130 223 -79
-130 223 -78
-130 223 -77
-130 223 -76
-130 223 -75
-130 223 -74
-130 223 -73
-130 223 -72
-130 223 -71
-130 223 -70
-130 223 -69
-130 223 -68
-130 223 -67
-130 223 -66
-130 223 -65
-130 224 -80
-130 224 -78
-130 224 -77
-130 224 -76
-130 224 -75
-130 224 -74
-130 224 -73
-130 224 -72
-130 224 -71
-130 224 -70
-130 224 -69
-130 224 -68
-130 224 -67
-130 224 -66
-130 224 -65
-129 209 -79
-129 209 -78
-129 210 -80
-129 210 -79
-129 210 -78
-129 210 -77
-129 211 -80
-129 211 -79
-129 211 -78
-129 211 -77
-129 212 -80
-129 212 -79
-129 212 -78
-129 212 -77
-129 212 -76
-129 213 -79
-129 213 -78
-129 213 -77
-129 213 -76
-129 214 -80
-129 214 -79
-129 214 -78
-129 214 -77
-129 214 -74
-129 215 -80
-129 215 -79
-129 215 -78
-129 215 -77
-129 215 -76
-129 215 -74
-129 215 -72
-129 216 -80
-129 216 -79
-129 216 -78
-129 216 -77
-129 216 -76
-129 216 -75
-129 216 -74
-129 216 -73
-129 216 -72
-129 216 -66
-129 217 -80
-129 217 -79
-129 217 -78
-129 217 -77
-129 217 -76
-129 217 -75
-129 217 -74
-129 217 -73
-129 217 -72
-129 217 -71
-129 217 -70
-129 217 -68
-129 217 -66
-129 218 -80
-129 218 -79
-129 218 -78
-129 218 -77
-129 218 -76
-129 218 -75
-129 218 -74
-129 218 -73
-129 218 -72
-129 218 -71
-129 218 -70
-129 218 -68
-129 218 -67
-129 218 -66
-129 219 -80
-129 219 -78
-129 219 -77
-129 219 -76
-129 219 -75
-129 219 -74
-129 219 -73
-129 219 -72
-129 219 -71
-129 219 -70
-129 219 -69
-129 219 -68
-129 219 -67
-129 219 -66
-129 219 -65
-129 220 -80
-129 220 -75
-129 220 -71
-129 220 -70
-129 220 -69
-129 220 -68
-129 220 -66
-129 220 -65
-129 221 -73
-129 221 -71
-129 221 -70
-129 221 -69
-129 221 -68
-129 221 -67
-129 221 -66
-129 221 -65
-129 222 -79
-129 222 -78
-129 222 -77
-129 222 -73
-129 222 -72
-129 222 -71
-129 222 -70
-129 222 -69
-129 222 -68
-129 222 -67
-129 222 -66
-129 222 -65
-129 223 -80
-129 223 -79
-129 223 -78
-129 223 -77
-129 223 -75
-129 223 -74
-129 223 -73
-129 223 -72
-129 223 -71
-129 223 -70
-129 223 -69
-129 223 -68
-129 223 -67
-129 223 -66
-129 223 -65
-129 224 -80
-129 224 -79
-129 224 -78
-129 224 -77
-129 224 -75
-129 224 -74
-129 224 -73
-129 224 -72
-129 224 -71
-129 224 -70
-129 224 -69
-129 224 -68
-129 224 -67
-129 224 -66
-129 224 -65
-144 225 -80
-144 225 -79
-144 225 -78
-144 225 -77
-144 225 -76
-144 225 -75
-144 225 -74
-144 225 -73
-144 225 -72
-144 225 -71
-144 225 -70
-144 225 -69
-144 225 -68
-144 225 -67
-144 225 -66
-144 225 -65
-144 226 -80
-144 226 -79
-144 226 -78
-144 226 -77
-144 226 -76
-144 226 -75
-144 226 -74
-144 226 -73
-144 226 -72
-144 226 -71
-144 226 -70
-144 226 -69
-144 226 -68
-144 226 -67
-144 226 -66
-144 227 -80
-144 227 -79
-144 227 -78
-144 227 -77
-144 227 -76
-144 227 -75
-144 227 -74
-144 227 -73
-144 227 -72
-144 227 -71
-144 227 -70
-144 227 -69
-144 227 -68
-144 227 -67
-144 227 -66
-144 227 -65
-144 228 -80
-144 228 -79
-144 228 -78
-144 228 -77
-144 228 -76
-144 228 -75
-144 228 -74
-144 228 -70
-144 228 -69
-144 228 -67
-144 228 -66
-144 228 -65
-144 229 -80
-144 229 -79
-144 229 -77
-144 229 -76
-144 229 -75
-144 229 -65
-144 230 -80
-144 230 -79
-144 230 -77
-144 230 -76
-144 230 -75
-144 231 -77
-144 231 -76
-144 232 -76
-143 225 -80
-143 225 -79
-143 225 -78
-143 225 -77
-143 225 -76
-143 225 -75
-143 225 -74
-143 225 -73
-143 225 -72
-143 225 -71
-143 225 -70
-143 225 -69
-143 225 -68
-143 225 -67
-143 225 -66
-143 225 -65
-143 226 -80
-143 226 -79
-143 226 -78
-143 226 -77
-143 226 -76
-143 226 -75
-143 226 -74
-143 226 -73
-143 226 -72
-143 226 -71
-143 226 -70
-143 226 -69
-143 226 -68
-143 226 -67
-143 226 -66
-143 226 -65
-143 227 -80
-143 227 -79
-143 227 -78
-143 227 -77
-143 227 -76
-143 227 -75
-143 227 -74
-143 227 -73
-143 227 -72
-143 227 -71
-143 227 -70
-143 227 -69
-143 227 -68
-143 227 -67
-143 227 -66
-143 227 -65
-143 228 -80
-143 228 -79
-143 228 -78
-143 228 -77
-143 228 -76
-143 228 -75
-143 228 -74
-143 228 -73
-143 228 -71
-143 228 -70
-143 228 -69
-143 228 -68
-143 228 -67
-143 228 -66
-143 228 -65
-143 229 -80
-143 229 -79
-143 229 -78
-143 229 -77
-143 229 -76
-143 229 -75
-143 229 -70
-143 229 -66
-143 229 -65
-143 230 -80
-143 230 -79
-143 230 -78
-143 230 -77
-143 230 -76
-143 230 -75
-143 231 -79
-143 231 -78
-143 231 -77
-143 231 -76
-143 231 -75
-143 232 -78
-142 225 -80
-142 225 -79
-142 225 -78
-142 225 -77
-142 225 -76
-142 225 -75
-142 225 -74
-142 225 -73
-142 225 -72
-142 225 -71
-142 225 -70
-142 225 -69
-142 225 -68
-142 225 -67
-142 225 -66
-142 225 -65
-142 226 -80
-142 226 -79
-142 226 -78
-142 226 -77
-142 226 -76
-142 226 -75
-142 226 -74
-142 226 -73
-142 226 -72
-142 226 -71
-142 226 -70
-142 226 -69
-142 226 -68
-142 226 -67
-142 226 -66
-142 226 -65
-142 227 -80
-142 227 -79
-142 227 -78
-142 227 -77
-142 227 -76
-142 227 -74
-142 227 -73
-142 227 -72
-142 227 -71
-142 227 -69
-142 227 -68
-142 227 -67
-142 227 -66
-142 227 -65
-142 228 -80
-142 228 -79
-142 228 -78
-142 228 -77
-142 228 -75
-142 228 -74
-142 228 -73
-142 228 -72
-142 228 -69
-142 228 -68
-142 228 -67
-142 228 -66
-142 228 -65
-142 229 -80
-142 229 -79
-142 229 -78
-142 229 -77
-142 229 -76
-142 229 -75
-142 229 -67
-142 229 -66
-142 229 -65
-142 230 -77
-142 230 -76
-142 230 -75
-142 230 -66
-142 231 -76
-141 225 -80
-141 225 -79
-141 225 -78
-141 225 -77
-141 225 -76
-141 225 -75
-141 225 -74
-141 225 -73
-141 225 -72
-141 225 -71
-141 225 -70
-141 225 -69
-141 225 -68
-141 225 -67
-141 225 -66
-141 225 -65
-141 226 -80
-141 226 -79
-141 226 -78
-141 226 -77
-141 226 -76
-141 226 -75
-141 226 -74
-141 226 -73
-141 226 -72
-141 226 -71
-141 226 -70
-141 226 -69
-141 226 -68
-141 226 -67
-141 226 -66
-141 226 -65
-141 227 -80
-141 227 -79
-141 227 -78
-141 227 -77
-141 227 -76
-141 227 -75
-141 227 -74
-141 227 -73
-141 227 -72
-141 227 -70
-141 227 -69
-141 227 -68
-141 227 -67
-141 227 -66
-141 227 -65
-141 228 -80
-141 228 -79
-141 228 -77
-141 228 -76
-141 228 -74
-141 228 -73
-141 228 -72
-141 228 -70
-141 228 -69
-141 228 -68
-141 228 -67
-141 228 -66
-141 228 -65
-141 229 -80
-141 229 -79
-141 229 -78
-141 229 -73
-141 229 -72
-141 229 -70
-141 229 -68
-141 229 -65
-141 230 -76
-141 230 -72
-140 225 -80
-140 225 -79
-140 225 -78
-140 225 -77
-140 225 -76
-140 225 -75
-140 225 -74
-140 225 -73
-140 225 -72
-140 225 -71
-140 225 -70
-140 225 -69
-140 225 -68
-140 225 -67
-140 225 -66
-140 225 -65
-140 226 -80
-140 226 -79
-140 226 -78
-140 226 -77
-140 226 -76
-140 226 -75
-140 226 -74
-140 226 -73
-140 226 -72
-140 226 -71
-140 226 -70
-140 226 -69
-140 226 -68
-140 226 -67
-140 226 -66
-140 226 -65
-140 227 -80
-140 227 -79
-140 227 -78
-140 227 -77
-140 227 -76
-140 227 -75
-140 227 -74
-140 227 -73
-140 227 -72
-140 227 -71
-140 227 -70
-140 227 -69
-140 227 -68
-140 227 -67
-140 227 -66
-140 227 -65
-140 228 -79
-140 228 -78
-140 228 -77
-140 228 -76
-140 228 -75
-140 228 -74
-140 228 -73
-140 228 -72
-140 228 -70
-140 228 -68
-140 228 -67
-140 228 -66
-140 228 -65
-140 229 -80
-140 229 -79
-140 229 -78
-140 229 -77
-140 229 -75
-140 229 -74
-140 229 -73
-140 229 -72
-140 229 -71
-140 229 -67
-140 229 -66
-140 229 -65
-140 230 -74
-139 225 -80
-139 225 -78
-139 225 -77
-139 225 -76
-139 225 -75
-139 225 -74
-139 225 -73
-139 225 -72
-139 225 -71
-139 225 -70
-139 225 -69
-139 225 -68
-139 225 -67
-139 225 -66
-139 225 -65
-139 226 -80
-139 226 -79
-139 226 -78
-139 226 -77
-139 226 -76
-139 226 -75
-139 226 -74
-139 226 -73
-139 226 -72
-139 226 -71
-139 226 -70
-139 226 -69
-139 226 -68
-139 226 -67
-139 226 -66
-139 226 -65
-139 227 -80
-139 227 -79
-139 227 -78
-139 227 -77
-139 227 -76
-139 227 -75
-139 227 -74
-139 227 -73
-139 227 -72
-139 227 -71
-139 227 -70
-139 227 -69
-139 227 -68
-139 227 -67
-139 227 -66
-139 227 -65
-139 228 -80
-139 228 -79
-139 228 -78
-139 228 -77
-139 228 -76
-139 228 -75
-139 228 -74
-139 228 -73
-139 228 -72
-139 228 -71
-139 228 -70
-139 228 -69
-139 228 -68
-139 228 -67
-139 228 -66
-139 228 -65
-139 229 -79
-139 229 -77
-139 229 -76
-139 229 -75
-139 229 -72
-139 229 -71
-139 229 -70
-139 229 -68
-139 229 -67
-139 229 -66
-139 229 -65
-139 230 -77
-139 230 -74
-139 230 -71
-139 230 -65
-139 231 -74
-139 231 -73
-139 231 -72
-139 231 -71
-139 232 -72
-138 225 -80
-138 225 -79
-138 225 -78
-138 225 -77
-138 225 -76
-138 225 -75
-138 225 -74
-138 225 -73
-138 225 -72
-138 225 -71
-138 225 -70
-138 225 -69
-138 225 -68
-138 225 -67
-138 225 -66
-138 225 -65
-138 226 -80
-138 226 -79
-138 226 -78
-138 226 -77
-138 226 -75
-138 226 -74
-138 226 -73
-138 226 -72
-138 226 -71
-138 226 -70
-138 226 -69
-138 226 -68
-138 226 -67
-138 226 -66
-138 226 -65
-138 227 -80
-138 227 -79
-138 227 -78
-138 227 -77
-138 227 -76
-138 227 -75
-138 227 -74
-138 227 -73
-138 227 -72
-138 227 -71
-138 227 -70
-138 227 -69
-138 227 -68
-138 227 -67
-138 227 -65
-138 228 -79
-138 228 -78
-138 228 -77
-138 228 -75
-138 228 -74
-138 228 -73
-138 228 -72
-138 228 -71
-138 228 -69
-138 228 -68
-138 228 -67
-138 228 -66
-138 228 -65
-138 229 -80
-138 229 -79
-138 229 -77
-138 229 -75
-138 229 -74
-138 229 -73
-138 229 -72
-138 229 -71
-138 229 -70
-138 229 -68
-138 229 -67
-138 229 -65
-138 230 -80
-138 230 -79
-138 230 -74
-138 230 -73
-138 230 -72
-138 230 -70
-138 231 -73
-138 231 -72
-138 232 -71
-137 225 -80
-137 225 -79
-137 225 -78
-137 225 -77
-137 225 -76
-137 225 -75
-137 225 -74
-137 225 -73
-137 225 -72
-137 225 -71
-137 225 -70
-137 225 -69
-137 225 -68
-137 225 -67
-137 225 -66
-137 225 -65
-137 226 -80
-137 226 -78
-137 226 -77
-137 226 -76
-137 226 -75
-137 226 -74
-137 226 -73
-137 226 -72
-137 226 -71
-137 226 -70
-137 226 -69
-137 226 -68
-137 226 -67
-137 226 -66
-137 226 -65
-137 227 -80
-137 227 -79
-137 227 -78
-137 227 -77
-137 227 -76
-137 227 -74
-137 227 -73
-137 227 -72
-137 227 -71
-137 227 -70
-137 227 -69
-137 227 -68
-137 227 -67
-137 227 -66
-137 227 -65
-137 228 -80
-137 228 -79
-137 228 -78
-137 228 -77
-137 228 -76
-137 228 -75
-137 228 -74
-137 228 -73
-137 228 -72
-137 228 -71
-137 228 -70
-137 228 -69
-137 228 -68
-137 228 -66
-137 228 -65
-137 229 -80
-137 229 -78
-137 229 -77
-137 229 -75
-137 229 -74
-137 229 -73
-137 229 -72
-137 229 -71
-137 229 -70
-137 229 -69
-137 229 -68
-137 230 -80
-137 230 -75
-137 230 -74
-137 230 -73
-137 230 -72
-137 230 -71
-137 230 -70
-137 230 -69
-137 230 -68
-137 231 -74
-137 231 -73
-137 231 -72
-137 231 -71
-137 232 -74
-137 232 -73
-137 232 -72
-137 232 -71
-137 232 -70
-136 225 -80
-136 225 -79
-136 225 -78
-136 225 -77
-136 225 -76
-136 225 -75
-136 225 -74
-136 225 -73
-136 225 -72
-136 225 -71
-136 225 -70
-136 225 -69
-136 225 -68
-136 225 -67
-136 225 -66
-136 225 -65
-136 226 -80
-136 226 -79
-136 226 -78
-136 226 -77
-136 226 -76
-136 226 -74
-136 226 -73
-136 226 -72
-136 226 -71
-136 226 -70
-136 226 -69
-136 226 -68
-136 226 -67
-136 226 -66
-136 226 -65
-136 227 -80
-136 227 -79
-136 227 -78
-136 227 -77
-136 227 -76
-136 227 -75
-136 227 -74
-136 227 -73
-136 227 -72
-136 227 -71
-136 227 -70
-136 227 -69
-136 227 -68
-136 227 -67
-136 227 -66
-136 227 -65
-136 228 -80
-136 228 -79
-136 228 -78
-136 228 -75
-136 228 -73
-136 228 -72
-136 228 -71
-136 228 -70
-136 228 -69
-136 228 -68
-136 228 -67
-136 228 -66
-136 228 -65
-136 229 -80
-136 229 -75
-136 229 -74
-136 229 -73
-136 229 -72
-136 229 -71
-136 229 -70
-136 229 -68
-136 229 -66
-136 229 -65
-136 230 -74
-136 230 -73
-136 230 -72
-136 230 -71
-136 230 -70
-136 230 -65
-136 231 -72
-136 231 -71
-136 232 -71
-135 225 -80
-135 225 -79
-135 225 -78
-135 225 -77
-135 225 -76
-135 225 -75
-135 225 -74
-135 225 -73
-135 225 -72
-135 225 -71
-135 225 -70
-135 225 -69
-135 225 -68
-135 225 -67
-135 225 -66
-135 225 -65
-135 226 -80
-135 226 -79
-135 226 -78
-135 226 -77
-135 226 -76
-135 226 -75
-135 226 -74
-135 226 -73
-135 226 -72
-135 226 -71
-135 226 -70
-135 226 -69
-135 226 -68
-135 226 -67
-135 226 -66
-135 226 -65
-135 227 -80
-135 227 -78
-135 227 -76
-135 227 -75
-135 227 -74
-135 227 -73
-135 227 -72
-135 227 -71
-135 227 -70
-135 227 -69
-135 227 -68
-135 227 -67
-135 227 -66
-135 227 -65
-135 228 -78
-135 228 -76
-135 228 -75
-135 228 -74
-135 228 -73
-135 228 -72
-135 228 -71
-135 228 -70
-135 228 -69
-135 228 -68
-135 228 -67
-135 228 -66
-135 228 -65
-135 229 -75
-135 229 -73
-135 229 -72
-135 229 -71
-135 229 -70
-135 229 -69
-135 229 -66
-135 229 -65
-135 230 -73
-135 230 -72
-135 230 -71
-135 230 -70
-135 230 -69
-135 230 -65
-135 231 -73
-135 231 -72
-135 232 -72
-135 233 -72
-134 225 -80
-134 225 -79
-134 225 -78
-134 225 -77
-134 225 -76
-134 225 -75
-134 225 -74
-134 225 -73
-134 225 -72
-134 225 -71
-134 225 -70
-134 225 -69
-134 225 -68
-134 225 -67
-134 225 -66
-134 225 -65
-134 226 -80
-134 226 -78
-134 226 -77
-134 226 -76
-134 226 -75
-134 226 -74
-134 226 -73
-134 226 -72
-134 226 -71
-134 226 -70
-134 226 -69
-134 226 -68
-134 226 -67
-134 226 -66
-134 226 -65
-134 227 -80
-134 227 -77
-134 227 -76
-134 227 -75
-134 227 -74
-134 227 -73
-134 227 -72
-134 227 -71
-134 227 -70
-134 227 -69
-134 227 -68
-134 227 -67
-134 227 -66
-134 227 -65
-134 228 -76
-134 228 -75
-134 228 -74
-134 228 -73
-134 228 -72
-134 228 -71
-134 228 -70
-134 228 -69
-134 228 -68
-134 228 -67
-134 228 -66
-134 228 -65
-134 229 -78
-134 229 -76
-134 229 -75
-134 229 -74
-134 229 -73
-134 229 -72
-134 229 -71
-134 229 -70
-134 229 -69
-134 229 -68
-134 229 -66
-134 229 -65
-134 230 -70
-134 230 -68
-134 230 -67
-134 230 -66
-134 230 -65
-134 231 -73
-134 231 -72
-134 231 -71
-134 231 -70
-134 231 -66
-133 225 -80
-133 225 -79
-133 225 -77
-133 225 -76
-133 225 -75
-133 225 -74
-133 225 -73
-133 225 -72
-133 225 -71
-133 225 -70
-133 225 -69
-133 225 -68
-133 225 -67
-133 225 -66
-133 225 -65
-133 226 -80
-133 226 -79
-133 226 -78
-133 226 -77
-133 226 -76
-133 226 -75
-133 226 -74
-133 226 -73
-133 226 -72
-133 226 -71
-133 226 -70
-133 226 -69
-133 226 -68
-133 226 -67
-133 226 -66
-133 226 -65
-133 227 -80
-133 227 -79
-133 227 -78
-133 227 -77
-133 227 -76
-133 227 -75
-133 227 -74
-133 227 -73
-133 227 -72
-133 227 -71
-133 227 -70
-133 227 -69
-133 227 -68
-133 227 -67
-133 227 -66
-133 227 -65
-133 228 -80
-133 228 -79
-133 228 -78
-133 228 -76
-133 228 -75
-133 228 -74
-133 228 -73
-133 228 -72
-133 228 -71
-133 228 -70
-133 228 -69
-133 228 -68
-133 228 -67
-133 228 -66
-133 228 -65
-133 229 -79
-133 229 -78
-133 229 -76
-133 229 -75
-133 229 -74
-133 229 -73
-133 229 -72
-133 229 -69
-133 229 -68
-133 229 -67
-133 229 -65
-133 230 -79
-133 230 -75
-133 230 -73
-133 230 -72
-133 230 -71
-133 230 -70
-133 230 -69
-133 230 -68
-133 231 -73
-133 231 -72
-133 231 -69
-132 225 -80
-132 225 -79
-132 225 -78
-132 225 -77
-132 225 -76
-132 225 -75
-132 225 -74
-132 225 -73
-132 225 -72
-132 225 -71
-132 225 -70
-132 225 -69
-132 225 -68
-132 225 -67
-132 225 -66
-132 225 -65
-132 226 -80
-132 226 -79
-132 226 -78
-132 226 -77
-132 226 -76
-132 226 -75
-132 226 -74
-132 226 -73
-132 226 -72
-132 226 -71
-132 226 -70
-132 226 -69
-132 226 -68
-132 226 -67
-132 226 -66
-132 226 -65
-132 227 -80
-132 227 -79
-132 227 -78
-132 227 -77
-132 227 -76
-132 227 -75
-132 227 -74
-132 227 -73
-132 227 -72
-132 227 -71
-132 227 -70
-132 227 -69
-132 227 -68
-132 227 -67
-132 227 -66
-132 228 -79
-132 228 -78
-132 228 -77
-132 228 -76
-132 228 -75
-132 228 -74
-132 228 -73
-132 228 -72
-132 228 -71
-132 228 -70
-132 228 -69
-132 228 -68
-132 228 -66
-132 228 -65
-132 229 -80
-132 229 -79
-132 229 -78
-132 229 -74
-132 229 -73
-132 229 -72
-132 229 -71
-132 229 -70
-132 229 -69
-132 229 -67
-132 229 -66
-132 229 -65
-132 230 -80
-132 230 -79
-132 230 -77
-132 230 -76
-132 230 -75
-132 230 -74
-132 230 -73
-132 230 -72
-132 230 -71
-132 230 -69
-132 230 -68
-132 230 -65
-132 231 -79
-132 231 -72
-132 231 -71
-132 231 -69
-131 225 -80
-131 225 -79
-131 225 -78
-131 225 -77
-131 225 -76
-131 225 -75
-131 225 -74
-131 225 -73
-131 225 -72
-131 225 -71
-131 225 -70
-131 225 -69
-131 225 -68
-131 225 -67
-131 225 -66
-131 225 -65
-131 226 -80
-131 226 -79
-131 226 -78
-131 226 -77
-131 226 -76
-131 226 -75
-131 226 -74
-131 226 -73
-131 226 -72
-131 226 -71
-131 226 -70
-131 226 -69
-131 226 -68
-131 226 -67
-131 226 -66
-131 226 -65
-131 227 -80
-131 227 -79
-131 227 -78
-131 227 -77
-131 227 -76
-131 227 -75
-131 227 -74
-131 227 -73
-131 227 -72
-131 227 -71
-131 227 -70
-131 227 -69
-131 227 -68
-131 227 -67
-131 227 -66
-131 227 -65
-131 228 -80
-131 228 -79
-131 228 -78
-131 228 -77
-131 228 -76
-131 228 -75
-131 228 -74
-131 228 -73
-131 228 -72
-131 228 -71
-131 228 -68
-131 228 -67
-131 228 -66
-131 228 -65
-131 229 -80
-131 229 -79
-131 229 -78
-131 229 -77
-131 229 -75
-131 229 -74
-131 229 -73
-131 229 -72
-131 229 -70
-131 229 -69
-131 229 -68
-131 229 -66
-131 229 -65
-131 230 -80
-131 230 -79
-131 230 -78
-131 230 -77
-131 230 -76
-131 230 -75
-131 230 -74
-131 230 -73
-131 230 -69
-131 230 -68
-131 231 -80
-131 231 -79
-131 231 -78
-131 231 -76
-131 231 -75
-131 231 -74
-131 232 -78
-131 232 -76
-130 225 -80
-130 225 -79
-130 225 -78
-130 225 -77
-130 225 -76
-130 225 -75
-130 225 -74
-130 225 -73
-130 225 -72
-130 225 -71
-130 225 -70
-130 225 -69
-130 225 -68
-130 225 -67
-130 225 -66
-130 225 -65
-130 226 -80
-130 226 -79
-130 226 -78
-130 226 -77
-130 226 -76
-130 226 -75
-130 226 -74
-130 226 -73
-130 226 -72
-130 226 -71
-130 226 -70
-130 226 -69
-130 226 -68
-130 226 -67
-130 226 -66
-130 226 -65
-130 227 -80
-130 227 -79
-130 227 -78
-130 227 -77
-130 227 -76
-130 227 -75
-130 227 -74
-130 227 -73
-130 227 -72
-130 227 -71
-130 227 -70
-130 227 -69
-130 227 -68
-130 227 -67
-130 227 -66
-130 227 -65
-130 228 -80
-130 228 -79
-130 228 -78
-130 228 -77
-130 228 -76
-130 228 -75
-130 228 -74
-130 228 -73
-130 228 -72
-130 228 -71
-130 228 -70
-130 228 -69
-130 228 -68
-130 228 -67
-130 228 -66
-130 228 -65
-130 229 -80
-130 229 -79
-130 229 -78
-130 229 -77
-130 229 -76
-130 229 -75
-130 229 -72
-130 229 -71
-130 229 -70
-130 229 -69
-130 229 -66
-130 229 -65
-130 230 -80
-130 230 -79
-130 230 -78
-130 230 -77
-130 230 -76
-130 230 -75
-130 230 -74
-130 230 -73
-130 230 -72
-130 230 -71
-130 230 -65
-130 231 -80
-130 231 -79
-130 231 -78
-130 231 -76
-130 231 -75
-130 231 -74
-130 232 -80
-130 232 -78
-130 232 -76
-130 233 -78
-130 233 -76
-129 225 -80
-129 225 -79
-129 225 -78
-129 225 -77
-129 225 -76
-129 225 -75
-129 225 -74
-129 225 -73
-129 225 -72
-129 225 -71
-129 225 -70
-129 225 -69
-129 225 -68
-129 225 -67
-129 225 -66
-129 225 -65
-129 226 -80
-129 226 -79
-129 226 -78
-129 226 -77
-129 226 -76
-129 226 -75
-129 226 -74
-129 226 -73
-129 226 -72
-129 226 -71
-129 226 -70
-129 226 -69
-129 226 -68
-129 226 -67
-129 226 -66
-129 226 -65
-129 227 -80
-129 227 -79
-129 227 -78
-129 227 -77
-129 227 -76
-129 227 -75
-129 227 -74
-129 227 -73
-129 227 -72
-129 227 -71
-129 227 -70
-129 227 -69
-129 227 -68
-129 227 -67
-129 227 -66
-129 228 -80
-129 228 -79
-129 228 -78
-129 228 -77
-129 228 -76
-129 228 -75
-129 228 -74
-129 228 -73
-129 228 -72
-129 228 -71
-129 228 -70
-129 228 -69
-129 228 -68
-129 228 -67
-129 228 -66
-129 229 -80
-129 229 -79
-129 229 -78
-129 229 -77
-129 229 -76
-129 229 -75
-129 229 -74
-129 229 -72
-129 229 -71
-129 229 -70
-129 229 -69
-129 229 -68
-129 229 -67
-129 230 -80
-129 230 -79
-129 230 -78
-129 230 -77
-129 230 -76
-129 230 -75
-129 230 -74
-129 230 -73
-129 230 -72
-129 230 -71
-129 230 -70
-129 230 -67
-129 231 -80
-129 231 -79
-129 231 -78
-129 231 -77
-129 231 -76
-129 231 -75
-129 232 -80
-129 232 -78
-129 232 -77
-129 233 -80
-129 233 -78
-129 234 -78
-129 235 -80

