alfheim:altWood1
12
-172 192 -25
-172 192 -24
-172 192 -23
-171 192 -25
-171 192 -24
-171 192 -23
-170 192 -25
-170 192 -24
-170 192 -23
-165 192 -25
-165 192 -24
-165 192 -23
-165 192 -22
-164 191 -23
-164 191 -22
-164 191 -21
-164 191 -20
-164 192 -25
-164 192 -24
-164 192 -23
-164 192 -22
-164 192 -21
-164 192 -20
-163 190 -22
-163 190 -21
-163 191 -24
-163 191 -23
-163 191 -22
-163 191 -21
-163 191 -20
-163 191 -19
-163 192 -25
-163 192 -24
-163 192 -23
-163 192 -22
-163 192 -21
-163 192 -20
-163 192 -19
-163 192 -18
-162 190 -23
-162 190 -22
-162 190 -21
-162 190 -20
-162 191 -24
-162 191 -23
-162 191 -22
-162 191 -21
-162 191 -20
-162 191 -19
-162 191 -18
-162 192 -25
-162 192 -24
-162 192 -23
-162 192 -22
-162 192 -21
-162 192 -20
-162 192 -19
-162 192 -18
-161 190 -23
-161 190 -22
-161 190 -21
-161 190 -20
-161 190 -19
-161 191 -24
-161 191 -23
-161 191 -22
-161 191 -21
-161 191 -20
-161 191 -19
-161 191 -18
-161 192 -25
-161 192 -24
-161 192 -23
-161 192 -22
-161 192 -21
-161 192 -20
-161 192 -19
-161 192 -18
-161 192 -17
-176 194 -30
-176 194 -29
-176 194 -28
-176 194 -27
-176 194 -26
-176 194 -25
-176 195 -31
-176 195 -30
-176 195 -29
-176 195 -28
-176 195 -27
-176 195 -26
-176 195 -25
-176 195 -24
-176 196 -31
-176 196 -30
-176 196 -29
-176 196 -28
-176 196 -27
-176 196 -26
-176 196 -25
-176 196 -24
-176 197 -31
-176 197 -30
-176 197 -29
-176 197 -28
-176 197 -27
-176 197 -26
-176 197 -25
-176 197 -24
-176 198 -31
-176 198 -30
-176 198 -29
-176 198 -28
-176 198 -27
-176 198 -26
-176 198 -25
-176 198 -24
-176 199 -30
-176 199 -29
-176 199 -28
-176 199 -27
-176 199 -26
-176 199 -25
-176 199 -24
-176 200 -29
-176 200 -28
-176 200 -27
-176 200 -26
-176 200 -25
-176 201 -29
-176 201 -28
-176 201 -27
-176 201 -26
-175 194 -29
-175 194 -28
-175 194 -27
-175 194 -26
-175 194 -25
-175 194 -24
-175 195 -30
-175 195 -29
-175 195 -28
-175 195 -27
-175 195 -26
-175 195 -25
-175 195 -24
-175 195 -23
-175 196 -31
-175 196 -30
-175 196 -29
-175 196 -28
-175 196 -27
-175 196 -26
-175 196 -25
-175 196 -24
-175 196 -23
-175 197 -31
-175 197 -30
-175 197 -29
-175 197 -28
-175 197 -27
-175 197 -26
-175 197 -25
-175 197 -24
-175 197 -23
-175 198 -31
-175 198 -30
-175 198 -29
-175 198 -28
-175 198 -27
-175 198 -26
-175 198 -25
-175 198 -24
-175 199 -30
-175 199 -29
-175 199 -28
-175 199 -27
-175 199 -26
-175 199 -25
-175 199 -24
-175 200 -29
-175 200 -28
-175 200 -27
-175 200 -26
-175 200 -25
-175 201 -28
-175 201 -27
-175 201 -26
-174 193 -27
-174 193 -26
-174 193 -25
-174 194 -29
-174 194 -28
-174 194 -27
-174 194 -26
-174 194 -25
-174 194 -24
-174 195 -30
-174 195 -29
-174 195 -28
-174 195 -27
-174 195 -26
-174 195 -25
-174 195 -24
-174 195 -23
-174 196 -30
-174 196 -29
-174 196 -28
-174 196 -27
-174 196 -26
-174 196 -25
-174 196 -24
-174 196 -23
-174 197 -30
-174 197 -29
-174 197 -28
-174 197 -27
-174 197 -26
-174 197 -25
-174 197 -24
-174 197 -23
-174 198 -30
-174 198 -29
-174 198 -28
-174 198 -27
-174 198 -26
-174 198 -25
-174 198 -24
-174 199 -30
-174 199 -29
-174 199 -28
-174 199 -27
-174 199 -26
-174 199 -25
-174 200 -29
-174 200 -28
-174 200 -27
-174 200 -26
-174 200 -25
-174 201 -28
-174 201 -27
-174 201 -26
-173 193 -27
-173 193 -26
-173 193 -25
-173 193 -24
-173 194 -28
-173 194 -27
-173 194 -26
-173 194 -25
-173 194 -24
-173 194 -23
-173 195 -29
-173 195 -28
-173 195 -27
-173 195 -26
-173 195 -25
-173 195 -24
-173 195 -23
-173 195 -22
-173 196 -30
-173 196 -29
-173 196 -28
-173 196 -27
-173 196 -26
-173 196 -25
-173 196 -24
-173 196 -23
-173 196 -22
-173 197 -30
-173 197 -29
-173 197 -28
-173 197 -27
-173 197 -26
-173 197 -25
-173 197 -24
-173 197 -23
-173 197 -22
-173 198 -30
-173 198 -29
-173 198 -28
-173 198 -27
-173 198 -26
-173 198 -25
-173 198 -24
-173 198 -23
-173 199 -30
-173 199 -29
-173 199 -28
-173 199 -27
-173 199 -26
-173 199 -25
-173 199 -24
-173 200 -29
-173 200 -28
-173 200 -27
-173 200 -26
-173 200 -25
-172 193 -27
-172 193 -26
-172 193 -25
-172 193 -24
-172 193 -23
-172 193 -22
-172 194 -28
-172 194 -27
-172 194 -26
-172 194 -25
-172 194 -24
-172 194 -23
-172 194 -22
-172 195 -29
-172 195 -28
-172 195 -27
-172 195 -26
-172 195 -25
-172 195 -24
-172 195 -23
-172 195 -22
-172 196 -30
-172 196 -29
-172 196 -28
-172 196 -27
-172 196 -26
-172 196 -25
-172 196 -24
-172 196 -23
-172 196 -22
-172 197 -30
-172 197 -29
-172 197 -28
-172 197 -27
-172 197 -26
-172 197 -25
-172 197 -24
-172 197 -23
-172 197 -22
-172 198 -30
-172 198 -29
-172 198 -28
-172 198 -27
-172 198 -26
-172 198 -25
-172 198 -24
-172 198 -23
-172 198 -22
-172 199 -29
-172 199 -28
-172 199 -27
-172 199 -26
-172 199 -25
-172 199 -24
-172 199 -23
-172 200 -28
-172 200 -27
-172 200 -26
-172 200 -25
-172 200 -24
-171 193 -26
-171 193 -25
-171 193 -24
-171 193 -23
-171 193 -22
-171 194 -28
-171 194 -27
-171 194 -26
-171 194 -25
-171 194 -24
-171 194 -23
-171 194 -22
-171 195 -29
-171 195 -28
-171 195 -27
-171 195 -26
-171 195 -25
-171 195 -24
-171 195 -23
-171 195 -22
-171 196 -29
-171 196 -28
-171 196 -27
-171 196 -26
-171 196 -25
-171 196 -24
-171 196 -23
-171 196 -22
-171 196 -21
-171 197 -29
-171 197 -28
-171 197 -27
-171 197 -26
-171 197 -25
-171 197 -24
-171 197 -23
-171 197 -22
-171 197 -21
-171 198 -28
-171 198 -27
-171 198 -26
-171 198 -25
-171 198 -24
-171 198 -23
-171 198 -22
-171 198 -21
-171 199 -28
-171 199 -27
-171 199 -26
-171 199 -25
-171 199 -24
-171 199 -23
-171 199 -22
-171 200 -27
-171 200 -26
-171 200 -25
-171 200 -24
-171 200 -23
-170 193 -26
-170 193 -25
-170 193 -24
-170 193 -23
-170 193 -22
-170 194 -27
-170 194 -26
-170 194 -25
-170 194 -24
-170 194 -23
-170 194 -22
-170 195 -28
-170 195 -27
-170 195 -26
-170 195 -25
-170 195 -24
-170 195 -23
-170 195 -22
-170 195 -21
-170 195 -20
-170 196 -28
-170 196 -27
-170 196 -26
-170 196 -25
-170 196 -24
-170 196 -23
-170 196 -22
-170 196 -21
-170 196 -20
-170 197 -28
-170 197 -27
-170 197 -26
-170 197 -25
-170 197 -24
-170 197 -23
-170 197 -22
-170 197 -21
-170 197 -20
-170 198 -28
-170 198 -27
-170 198 -26
-170 198 -25
-170 198 -24
-170 198 -23
-170 198 -22
-170 198 -21
-170 198 -20
-170 198 -19
-170 198 -18
-170 198 -17
-170 199 -27
-170 199 -26
-170 199 -25
-170 199 -24
-170 199 -23
-170 199 -22
-170 199 -21
-170 199 -18
-170 199 -17
-170 200 -26
-170 200 -25
-170 200 -24
-170 200 -23
-170 200 -22
-170 200 -17
-170 201 -17
-169 193 -25
-169 193 -24
-169 193 -23
-169 193 -22
-169 194 -26
-169 194 -25
-169 194 -24
-169 194 -23
-169 194 -22
-169 195 -27
-169 195 -26
-169 195 -25
-169 195 -24
-169 195 -23
-169 195 -22
-169 195 -21
-169 195 -20
-169 195 -19
-169 196 -27
-169 196 -26
-169 196 -25
-169 196 -24
-169 196 -23
-169 196 -22
-169 196 -21
-169 196 -20
-169 196 -19
-169 196 -18
-169 197 -27
-169 197 -26
-169 197 -25
-169 197 -24
-169 197 -23
-169 197 -22
-169 197 -21
-169 197 -20
-169 197 -19
-169 197 -18
-169 197 -17
-169 198 -27
-169 198 -26
-169 198 -25
-169 198 -24
-169 198 -23
-169 198 -22
-169 198 -21
-169 198 -20
-169 198 -19
-169 198 -18
-169 198 -17
-169 199 -26
-169 199 -25
-169 199 -24
-169 199 -23
-169 199 -22
-169 199 -21
-169 199 -20
-169 199 -19
-169 199 -18
-169 199 -17
-169 200 -25
-169 200 -24
-169 200 -23
-169 200 -22
-169 200 -21
-169 200 -19
-169 200 -18
-169 200 -17
-169 201 -17
-168 193 -25
-168 193 -24
-168 193 -23
-168 193 -22
-168 194 -26
-168 194 -25
-168 194 -24
-168 194 -23
-168 194 -22
-168 194 -21
-168 195 -26
-168 195 -25
-168 195 -24
-168 195 -23
-168 195 -22
-168 195 -21
-168 195 -20
-168 195 -19
-168 195 -18
-168 196 -27
-168 196 -26
-168 196 -25
-168 196 -24
-168 196 -23
-168 196 -22
-168 196 -21
-168 196 -20
-168 196 -19
-168 196 -18
-168 196 -17
-168 197 -27
-168 197 -26
-168 197 -25
-168 197 -24
-168 197 -23
-168 197 -22
-168 197 -21
-168 197 -20
-168 197 -19
-168 197 -18
-168 197 -17
-168 198 -26
-168 198 -25
-168 198 -24
-168 198 -23
-168 198 -22
-168 198 -21
-168 198 -20
-168 198 -19
-168 198 -18
-168 198 -17
-168 199 -25
-168 199 -24
-168 199 -23
-168 199 -22
-168 199 -21
-168 199 -20
-168 199 -19
-168 199 -18
-168 199 -17
-168 200 -24
-168 200 -23
-168 200 -22
-168 200 -21
-168 200 -20
-168 200 -19
-168 200 -18
-168 200 -17
-168 201 -18
-168 201 -17
-167 193 -25
-167 193 -24
-167 193 -23
-167 193 -22
-167 193 -21
-167 194 -26
-167 194 -25
-167 194 -24
-167 194 -23
-167 194 -22
-167 194 -21
-167 194 -20
-167 195 -26
-167 195 -25
-167 195 -24
-167 195 -23
-167 195 -22
-167 195 -21
-167 195 -20
-167 195 -19
-167 195 -18
-167 195 -17
-167 196 -27
-167 196 -26
-167 196 -25
-167 196 -24
-167 196 -23
-167 196 -22
-167 196 -21
-167 196 -20
-167 196 -19
-167 196 -18
-167 196 -17
-167 197 -27
-167 197 -26
-167 197 -25
-167 197 -24
-167 197 -23
-167 197 -22
-167 197 -21
-167 197 -20
-167 197 -19
-167 197 -18
-167 197 -17
-167 198 -26
-167 198 -25
-167 198 -24
-167 198 -23
-167 198 -22
-167 198 -21
-167 198 -20
-167 198 -19
-167 198 -18
-167 198 -17
-167 199 -25
-167 199 -24
-167 199 -23
-167 199 -22
-167 199 -21
-167 199 -20
-167 199 -19
-167 199 -18
-167 199 -17
-167 200 -24
-167 200 -23
-167 200 -22
-167 200 -21
-167 200 -20
-167 200 -19
-167 200 -18
-167 200 -17
-167 201 -22
-167 201 -21
-167 201 -20
-167 201 -19
-167 201 -18
-167 201 -17
-166 193 -25
-166 193 -24
-166 193 -23
-166 193 -22
-166 193 -21
-166 193 -20
-166 194 -26
-166 194 -25
-166 194 -24
-166 194 -23
-166 194 -22
-166 194 -21
-166 194 -20
-166 194 -19
-166 194 -18
-166 194 -17
-166 195 -26
-166 195 -25
-166 195 -24
-166 195 -23
-166 195 -22
-166 195 -21
-166 195 -20
-166 195 -19
-166 195 -18
-166 195 -17
-166 196 -27
-166 196 -26
-166 196 -25
-166 196 -24
-166 196 -23
-166 196 -22
-166 196 -21
-166 196 -20
-166 196 -19
-166 196 -18
-166 196 -17
-166 197 -27
-166 197 -26
-166 197 -25
-166 197 -24
-166 197 -23
-166 197 -22
-166 197 -21
-166 197 -20
-166 197 -19
-166 197 -18
-166 197 -17
-166 198 -27
-166 198 -26
-166 198 -25
-166 198 -24
-166 198 -23
-166 198 -22
-166 198 -21
-166 198 -20
-166 198 -19
-166 198 -18
-166 198 -17
-166 199 -26
-166 199 -25
-166 199 -24
-166 199 -23
-166 199 -22
-166 199 -21
-166 199 -20
-166 199 -19
-166 199 -18
-166 199 -17
-166 200 -24
-166 200 -23
-166 200 -22
-166 200 -21
-166 200 -20
-166 200 -19
-166 200 -18
-166 200 -17
-166 201 -22
-166 201 -21
-166 201 -20
-166 201 -19
-166 201 -18
-166 201 -17
-165 193 -26
-165 193 -25
-165 193 -24
-165 193 -23
-165 193 -22
-165 193 -21
-165 193 -20
-165 193 -19
-165 194 -26
-165 194 -25
-165 194 -24
-165 194 -23
-165 194 -22
-165 194 -21
-165 194 -20
-165 194 -19
-165 194 -18
-165 194 -17
-165 195 -27
-165 195 -26
-165 195 -25
-165 195 -24
-165 195 -23
-165 195 -22
-165 195 -21
-165 195 -20
-165 195 -19
-165 195 -18
-165 195 -17
-165 196 -28
-165 196 -27
-165 196 -26
-165 196 -25
-165 196 -24
-165 196 -23
-165 196 -22
-165 196 -21
-165 196 -20
-165 196 -19
-165 196 -18
-165 196 -17
-165 197 -28
-165 197 -27
-165 197 -26
-165 197 -25
-165 197 -24
-165 197 -23
-165 197 -22
-165 197 -21
-165 197 -20
-165 197 -19
-165 197 -18
-165 197 -17
-165 198 -32
-165 198 -28
-165 198 -27
-165 198 -26
-165 198 -25
-165 198 -24
-165 198 -23
-165 198 -22
-165 198 -21
-165 198 -20
-165 198 -19
-165 198 -18
-165 198 -17
-165 199 -32
-165 199 -27
-165 199 -26
-165 199 -25
-165 199 -24
-165 199 -23
-165 199 -22
-165 199 -21
-165 199 -20
-165 199 -19
-165 199 -18
-165 199 -17
-165 200 -32
-165 200 -24
-165 200 -23
-165 200 -22
-165 200 -21
-165 200 -20
-165 200 -19
-165 200 -18
-165 200 -17
-165 201 -22
-165 201 -21
-165 201 -20
-165 201 -19
-165 201 -18
-165 201 -17
-164 193 -26
-164 193 -25
-164 193 -24
-164 193 -23
-164 193 -22
-164 193 -21
-164 193 -20
-164 193 -19
-164 193 -18
-164 193 -17
-164 194 -27
-164 194 -26
-164 194 -25
-164 194 -24
-164 194 -23
-164 194 -22
-164 194 -21
-164 194 -20
-164 194 -19
-164 194 -18
-164 194 -17
-164 195 -27
-164 195 -26
-164 195 -25
-164 195 -24
-164 195 -23
-164 195 -22
-164 195 -21
-164 195 -20
-164 195 -19
-164 195 -18
-164 195 -17
-164 196 -30
-164 196 -29
-164 196 -28
-164 196 -27
-164 196 -26
-164 196 -25
-164 196 -24
-164 196 -23
-164 196 -22
-164 196 -21
-164 196 -20
-164 196 -19
-164 196 -18
-164 196 -17
-164 197 -32
-164 197 -31
-164 197 -30
-164 197 -29
-164 197 -28
-164 197 -27
-164 197 -26
-164 197 -25
-164 197 -24
-164 197 -23
-164 197 -22
-164 197 -21
-164 197 -20
-164 197 -19
-164 197 -18
-164 197 -17
-164 198 -32
-164 198 -31
-164 198 -30
-164 198 -29
-164 198 -28
-164 198 -27
-164 198 -26
-164 198 -25
-164 198 -24
-164 198 -23
-164 198 -22
-164 198 -21
-164 198 -20
-164 198 -19
-164 198 -18
-164 198 -17
-164 199 -32
-164 199 -31
-164 199 -30
-164 199 -28
-164 199 -27
-164 199 -26
-164 199 -25
-164 199 -24
-164 199 -23
-164 199 -22
-164 199 -21
-164 199 -20
-164 199 -19
-164 199 -18
-164 199 -17
-164 200 -32
-164 200 -24
-164 200 -23
-164 200 -22
-164 200 -21
-164 200 -20
-164 200 -19
-164 200 -18
-164 200 -17
-164 201 -22
-164 201 -21
-164 201 -20
-164 201 -19
-164 201 -18
-164 201 -17
-163 193 -26
-163 193 -25
-163 193 -24
-163 193 -23
-163 193 -22
-163 193 -21
-163 193 -20
-163 193 -19
-163 193 -18
-163 193 -17
-163 194 -27
-163 194 -26
-163 194 -25
-163 194 -24
-163 194 -23
-163 194 -22
-163 194 -21
-163 194 -20
-163 194 -19
-163 194 -18
-163 194 -17
-163 195 -27
-163 195 -26
-163 195 -25
-163 195 -24
-163 195 -23
-163 195 -22
-163 195 -21
-163 195 -20
-163 195 -19
-163 195 -18
-163 195 -17
-163 196 -30
-163 196 -29
-163 196 -28
-163 196 -27
-163 196 -26
-163 196 -25
-163 196 -24
-163 196 -23
-163 196 -22
-163 196 -21
-163 196 -20
-163 196 -19
-163 196 -18
-163 196 -17
-163 197 -30
-163 197 -29
-163 197 -28
-163 197 -27
-163 197 -26
-163 197 -25
-163 197 -24
-163 197 -23
-163 197 -22
-163 197 -21
-163 197 -20
-163 197 -19
-163 197 -18
-163 197 -17
-163 198 -32
-163 198 -31
-163 198 -30
-163 198 -29
-163 198 -28
-163 198 -27
-163 198 -26
-163 198 -25
-163 198 -24
-163 198 -23
-163 198 -22
-163 198 -21
-163 198 -20
-163 198 -19
-163 198 -18
-163 198 -17
-163 199 -32
-163 199 -31
-163 199 -30
-163 199 -29
-163 199 -28
-163 199 -27
-163 199 -26
-163 199 -25
-163 199 -24
-163 199 -23
-163 199 -22
-163 199 -21
-163 199 -20
-163 199 -19
-163 199 -18
-163 199 -17
-163 200 -24
-163 200 -23
-163 200 -22
-163 200 -21
-163 200 -20
-163 200 -19
-163 200 -18
-163 200 -17
-163 201 -21
-163 201 -20
-163 201 -19
-163 201 -18
-163 201 -17
-162 193 -26
-162 193 -25
-162 193 -24
-162 193 -23
-162 193 -22
-162 193 -21
-162 193 -20
-162 193 -19
-162 193 -18
-162 193 -17
-162 194 -26
-162 194 -25
-162 194 -24
-162 194 -23
-162 194 -22
-162 194 -21
-162 194 -20
-162 194 -19
-162 194 -18
-162 194 -17
-162 195 -27
-162 195 -26
-162 195 -25
-162 195 -24
-162 195 -23
-162 195 -22
-162 195 -21
-162 195 -20
-162 195 -19
-162 195 -18
-162 195 -17
-162 196 -28
-162 196 -27
-162 196 -26
-162 196 -25
-162 196 -24
-162 196 -23
-162 196 -22
-162 196 -21
-162 196 -20
-162 196 -19
-162 196 -18
-162 196 -17
-162 197 -30
-162 197 -29
-162 197 -28
-162 197 -27
-162 197 -26
-162 197 -25
-162 197 -24
-162 197 -23
-162 197 -22
-162 197 -21
-162 197 -20
-162 197 -19
-162 197 -18
-162 197 -17
-162 198 -30
-162 198 -29
-162 198 -28
-162 198 -27
-162 198 -26
-162 198 -25
-162 198 -24
-162 198 -23
-162 198 -22
-162 198 -21
-162 198 -20
-162 198 -19
-162 198 -18
-162 198 -17
-162 199 -29
-162 199 -28
-162 199 -24
-162 199 -23
-162 199 -22
-162 199 -21
-162 199 -20
-162 199 -19
-162 199 -18
-162 199 -17
-162 200 -23
-162 200 -22
-162 200 -21
-162 200 -20
-162 200 -19
-162 200 -18
-162 200 -17
-162 201 -20
-162 201 -19
-162 201 -18
-162 201 -17
-161 193 -26
-161 193 -25
-161 193 -24
-161 193 -23
-161 193 -22
-161 193 -21
-161 193 -20
-161 193 -19
-161 193 -18
-161 193 -17
-161 194 -26
-161 194 -25
-161 194 -24
-161 194 -23
-161 194 -22
-161 194 -21
-161 194 -20
-161 194 -19
-161 194 -18
-161 194 -17
-161 195 -26
-161 195 -25
-161 195 -24
-161 195 -23
-161 195 -22
-161 195 -21
-161 195 -20
-161 195 -19
-161 195 -18
-161 195 -17
-161 196 -27
-161 196 -26
-161 196 -25
-161 196 -24
-161 196 -23
-161 196 -22
-161 196 -21
-161 196 -20
-161 196 -19
-161 196 -18
-161 196 -17
-161 197 -28
-161 197 -27
-161 197 -26
-161 197 -25
-161 197 -24
-161 197 -23
-161 197 -22
-161 197 -21
-161 197 -20
-161 197 -19
-161 197 -18
-161 197 -17
-161 198 -29
-161 198 -28
-161 198 -24
-161 198 -23
-161 198 -22
-161 198 -21
-161 198 -20
-161 198 -19
-161 198 -18
-161 198 -17
-161 199 -23
-161 199 -22
-161 199 -21
-161 199 -20
-161 199 -19
-161 199 -18
-161 199 -17
-161 200 -22
-161 200 -21
-161 200 -20
-161 200 -19
-161 200 -18
-161 200 -17
-161 201 -19
-161 201 -18
-161 201 -17
alfheim:altLeaves
6
-176 194 -20
-176 194 -19
-176 194 -18
-176 194 -17
-176 195 -20
-176 195 -19
-176 195 -18
-176 195 -17
-176 196 -22
-176 196 -21
-176 196 -20
-176 196 -19
-176 196 -18
-176 196 -17
-176 197 -21
-176 197 -20
-176 197 -19
-176 197 -18
-176 197 -17
-176 198 -23
-176 198 -22
-176 198 -21
-176 198 -20
-176 198 -19
-176 198 -18
-176 198 -17
-176 199 -22
-176 199 -21
-176 199 -20
-176 199 -19
-176 199 -18
-176 199 -17
-176 200 -21
-176 200 -20
-176 200 -19
-176 200 -18
-176 200 -17
-176 201 -19
-176 201 -18
-176 201 -17
-176 202 -20
-176 202 -19
-176 202 -18
-176 202 -17
-176 203 -18
-176 203 -17
-176 204 -18
-176 204 -17
-176 205 -18
-176 205 -17
-176 208 -19
-176 209 -19
-176 209 -18
-176 210 -31
-176 210 -19
-176 211 -31
-176 211 -30
-176 211 -20
-176 211 -19
-176 211 -18
-176 211 -17
-176 212 -32
-176 212 -31
-176 212 -30
-176 212 -29
-176 212 -20
-176 212 -19
-176 212 -18
-176 212 -17
-176 213 -32
-176 213 -31
-176 213 -30
-176 213 -18
-176 214 -32
-176 214 -31
-176 214 -30
-176 214 -29
-176 214 -28
-176 215 -32
-176 215 -31
-176 215 -30
-176 215 -29
-176 215 -28
-176 216 -32
-176 216 -31
-176 216 -30
-176 216 -29
-176 216 -28
-176 216 -27
-176 216 -26
-176 217 -32
-176 217 -31
-176 217 -30
-176 217 -29
-176 217 -28
-176 217 -27
-176 218 -32
-176 218 -31
-176 218 -30
-176 218 -29
-176 218 -27
-176 219 -32
-176 219 -31
-176 219 -30
-176 219 -29
-176 219 -28
-176 220 -32
-176 220 -31
-176 220 -30
-176 220 -28
-176 220 -27
-176 220 -25
-176 221 -32
-176 221 -30
-176 221 -29
-176 221 -28
-176 221 -27
-176 221 -25
-176 221 -24
-176 221 -23
-176 222 -32
-176 222 -31
-176 222 -30
-176 222 -27
-176 222 -26
-176 222 -23
-176 222 -22
-176 223 -32
-176 223 -29
-176 223 -27
-176 223 -26
-176 223 -25
-176 223 -24
-176 223 -23
-176 223 -20
-176 224 -32
-176 224 -31
-176 224 -30
-176 224 -29
-176 224 -28
-176 224 -27
-176 224 -26
-176 224 -25
-176 224 -23
-176 224 -22
-176 224 -21
-176 224 -20
-175 193 -18
-175 194 -18
-175 195 -18
-175 196 -21
-175 196 -20
-175 196 -18
-175 196 -17
-175 197 -21
-175 197 -19
-175 197 -17
-175 198 -22
-175 198 -21
-175 198 -20
-175 198 -19
-175 198 -18
-175 198 -17
-175 199 -21
-175 199 -20
-175 199 -19
-175 199 -18
-175 199 -17
-175 200 -20
-175 200 -19
-175 200 -18
-175 200 -17
-175 201 -32
-175 201 -19
-175 201 -18
-175 201 -17
-175 202 -20
-175 202 -19
-175 202 -18
-175 202 -17
-175 203 -32
-175 203 -18
-175 203 -17
-175 204 -32
-175 204 -18
-175 204 -17
-175 205 -32
-175 209 -19
-175 211 -31
-175 211 -30
-175 211 -19
-175 211 -18
-175 212 -31
-175 212 -30
-175 212 -29
-175 212 -18
-175 213 -30
-175 213 -29
-175 213 -28
-175 214 -32
-175 214 -31
-175 214 -30
-175 214 -28
-175 215 -32
-175 215 -31
-175 215 -30
-175 215 -29
-175 215 -28
-175 215 -27
-175 215 -26
-175 216 -32
-175 216 -31
-175 216 -30
-175 216 -29
-175 216 -28
-175 216 -27
-175 217 -32
-175 217 -31
-175 217 -30
-175 217 -28
-175 218 -32
-175 218 -31
-175 218 -30
-175 218 -29
-175 218 -28
-175 218 -25
-175 219 -32
-175 219 -31
-175 219 -30
-175 219 -28
-175 219 -26
-175 219 -25
-175 220 -32
-175 220 -31
-175 220 -30
-175 220 -28
-175 220 -26
-175 220 -25
-175 220 -24
-175 220 -23
-175 221 -32
-175 221 -31
-175 221 -29
-175 221 -27
-175 221 -26
-175 221 -25
-175 221 -24
-175 221 -23
-175 221 -22
-175 222 -32
-175 222 -31
-175 222 -30
-175 222 -27
-175 222 -26
-175 222 -25
-175 222 -24
-175 222 -23
-175 222 -20
-175 223 -32
-175 223 -31
-175 223 -29
-175 223 -28
-175 223 -27
-175 223 -26
-175 223 -25
-175 223 -24
-175 223 -23
-175 223 -20
-175 223 -19
-175 224 -32
-175 224 -31
-175 224 -30
-175 224 -29
-175 224 -28
-175 224 -27
-175 224 -26
-175 224 -25
-175 224 -24
-175 224 -23
-175 224 -21
-175 224 -20
-175 224 -19
-174 194 -18
-174 195 -18
-174 196 -17
-174 197 -19
-174 197 -17
-174 198 -21
-174 198 -20
-174 198 -19
-174 198 -18
-174 198 -17
-174 199 -20
-174 199 -19
-174 199 -18
-174 199 -17
-174 200 -19
-174 200 -18
-174 200 -17
-174 201 -32
-174 201 -18
-174 201 -17
-174 202 -32
-174 202 -31
-174 202 -18
-174 202 -17
-174 203 -32
-174 203 -31
-174 203 -17
-174 204 -32
-174 205 -32
-174 211 -31
-174 211 -18
-174 212 -32
-174 212 -31
-174 213 -31
-174 213 -29
-174 214 -32
-174 214 -31
-174 214 -30
-174 215 -32
-174 215 -31
-174 215 -30
-174 215 -29
-174 215 -28
-174 216 -32
-174 216 -31
-174 216 -30
-174 216 -29
-174 216 -28
-174 216 -27
-174 217 -32
-174 217 -31
-174 217 -30
-174 217 -29
-174 218 -32
-174 218 -31
-174 218 -30
-174 218 -29
-174 219 -32
-174 219 -31
-174 219 -30
-174 219 -29
-174 220 -32
-174 220 -31
-174 220 -30
-174 220 -29
-174 221 -32
-174 221 -31
-174 221 -26
-174 221 -25
-174 222 -31
-174 222 -30
-174 222 -28
-174 222 -26
-174 222 -25
-174 222 -24
-174 222 -23
-174 222 -22
-174 222 -20
-174 222 -19
-174 223 -30
-174 223 -29
-174 223 -28
-174 223 -27
-174 223 -26
-174 223 -25
-174 223 -23
-174 223 -22
-174 223 -21
-174 223 -20
-174 224 -32
-174 224 -31
-174 224 -30
-174 224 -29
-174 224 -28
-174 224 -27
-174 224 -26
-174 224 -25
-174 224 -24
-174 224 -23
-174 224 -22
-174 224 -21
-174 224 -20
-173 197 -19
-173 198 -20
-173 198 -19
-173 198 -18
-173 198 -17
-173 199 -17
-173 200 -19
-173 200 -17
-173 201 -32
-173 201 -31
-173 201 -17
-173 202 -32
-173 202 -31
-173 203 -32
-173 203 -31
-173 204 -32
-173 205 -32
-173 211 -32
-173 212 -32
-173 212 -31
-173 213 -32
-173 213 -31
-173 213 -30
-173 214 -32
-173 214 -31
-173 214 -30
-173 215 -32
-173 215 -31
-173 215 -30
-173 216 -32
-173 216 -31
-173 216 -30
-173 216 -29
-173 216 -28
-173 216 -27
-173 217 -32
-173 217 -31
-173 217 -30
-173 217 -29
-173 217 -28
-173 217 -27
-173 218 -32
-173 218 -31
-173 218 -30
-173 218 -29
-173 218 -28
-173 219 -32
-173 219 -31
-173 219 -30
-173 219 -29
-173 219 -28
-173 220 -32
-173 220 -31
-173 220 -30
-173 220 -28
-173 220 -26
-173 221 -32
-173 221 -31
-173 221 -30
-173 221 -28
-173 221 -27
-173 221 -26
-173 221 -25
-173 221 -24
-173 221 -23
-173 221 -21
-173 221 -20
-173 221 -18
-173 222 -32
-173 222 -31
-173 222 -30
-173 222 -27
-173 222 -26
-173 222 -25
-173 222 -24
-173 222 -23
-173 222 -22
-173 222 -21
-173 222 -20
-173 222 -19
-173 222 -18
-173 223 -31
-173 223 -30
-173 223 -29
-173 223 -28
-173 223 -27
-173 223 -26
-173 223 -25
-173 223 -24
-173 223 -23
-173 223 -22
-173 223 -21
-173 223 -20
-173 223 -17
-173 224 -32
-173 224 -31
-173 224 -30
-173 224 -29
-173 224 -28
-173 224 -27
-173 224 -26
-173 224 -25
-173 224 -24
-173 224 -23
-173 224 -22
-173 224 -21
-173 224 -20
-173 224 -19
-173 224 -18
-173 224 -17
-172 199 -17
-172 200 -32
-172 200 -17
-172 201 -32
-172 201 -31
-172 202 -32
-172 202 -31
-172 202 -30
-172 203 -32
-172 203 -31
-172 204 -32
-172 212 -32
-172 213 -32
-172 213 -31
-172 214 -32
-172 214 -31
-172 215 -32
-172 215 -31
-172 215 -30
-172 215 -29
-172 216 -32
-172 216 -31
-172 216 -30
-172 216 -29
-172 216 -28
-172 217 -32
-172 217 -31
-172 217 -30
-172 217 -29
-172 217 -28
-172 217 -27
-172 218 -32
-172 218 -31
-172 218 -30
-172 218 -29
-172 218 -28
-172 218 -27
-172 219 -32
-172 219 -31
-172 219 -30
-172 219 -29
-172 219 -28
-172 220 -32
-172 220 -31
-172 220 -30
-172 220 -28
-172 220 -27
-172 220 -19
-172 221 -32
-172 221 -31
-172 221 -30
-172 221 -29
-172 221 -28
-172 221 -27
-172 221 -25
-172 221 -24
-172 221 -23
-172 221 -21
-172 221 -20
-172 221 -19
-172 221 -18
-172 222 -32
-172 222 -31
-172 222 -30
-172 222 -29
-172 222 -27
-172 222 -26
-172 222 -25
-172 222 -24
-172 222 -23
-172 222 -22
-172 222 -21
-172 222 -20
-172 222 -19
-172 222 -17
-172 223 -32
-172 223 -31
-172 223 -30
-172 223 -29
-172 223 -28
-172 223 -27
-172 223 -26
-172 223 -25
-172 223 -24
-172 223 -23
-172 223 -22
-172 223 -21
-172 223 -20
-172 223 -19
-172 223 -18
-172 223 -17
-172 224 -32
-172 224 -31
-172 224 -30
-172 224 -29
-172 224 -28
-172 224 -27
-172 224 -26
-172 224 -25
-172 224 -24
-172 224 -23
-172 224 -22
-172 224 -21
-172 224 -20
-172 224 -19
-172 224 -18
-172 224 -17
-171 200 -31
-171 201 -32
-171 201 -31
-171 202 -32
-171 202 -31
-171 202 -30
-171 203 -32
-171 203 -31
-171 203 -30
-171 204 -32
-171 204 -31
-171 213 -32
-171 214 -32
-171 214 -31
-171 214 -30
-171 214 -29
-171 215 -32
-171 215 -31
-171 215 -30
-171 215 -29
-171 215 -28
-171 216 -32
-171 216 -31
-171 216 -30
-171 217 -32
-171 217 -31
-171 217 -30
-171 217 -29
-171 217 -27
-171 218 -32
-171 218 -31
-171 218 -30
-171 218 -29
-171 218 -28
-171 219 -32
-171 219 -31
-171 219 -30
-171 219 -29
-171 219 -28
-171 220 -32
-171 220 -31
-171 220 -30
-171 220 -29
-171 220 -28
-171 220 -25
-171 221 -32
-171 221 -31
-171 221 -30
-171 221 -29
-171 221 -28
-171 221 -27
-171 221 -26
-171 221 -25
-171 221 -24
-171 221 -22
-171 221 -20
-171 221 -18
-171 222 -32
-171 222 -31
-171 222 -30
-171 222 -29
-171 222 -28
-171 222 -27
-171 222 -26
-171 222 -25
-171 222 -24
-171 222 -23
-171 222 -22
-171 222 -21
-171 222 -20
-171 222 -18
-171 222 -17
-171 223 -32
-171 223 -31
-171 223 -30
-171 223 -29
-171 223 -28
-171 223 -27
-171 223 -26
-171 223 -25
-171 223 -24
-171 223 -23
-171 223 -22
-171 223 -21
-171 223 -20
-171 223 -19
-171 223 -18
-171 223 -17
-171 224 -32
-171 224 -31
-171 224 -30
-171 224 -29
-171 224 -28
-171 224 -27
-171 224 -26
-171 224 -25
-171 224 -24
-171 224 -23
-171 224 -22
-171 224 -21
-171 224 -20
-171 224 -19
-171 224 -18
-171 224 -17
-170 199 -31
-170 200 -32
-170 200 -31
-170 200 -30
-170 201 -32
-170 201 -31
-170 201 -30
-170 202 -32
-170 202 -31
-170 202 -30
-170 203 -32
-170 203 -31
-170 203 -30
-170 204 -32
-170 204 -31
-170 204 -30
-170 205 -32
-170 205 -31
-170 213 -32
-170 213 -31
-170 213 -29
-170 214 -32
-170 214 -31
-170 214 -30
-170 214 -29
-170 214 -28
-170 215 -32
-170 215 -31
-170 215 -29
-170 216 -32
-170 216 -31
-170 216 -30
-170 216 -29
-170 216 -28
-170 217 -32
-170 217 -31
-170 217 -30
-170 217 -29
-170 217 -28
-170 217 -27
-170 217 -26
-170 218 -32
-170 218 -31
-170 218 -30
-170 218 -29
-170 218 -28
-170 218 -27
-170 219 -32
-170 219 -31
-170 219 -30
-170 219 -29
-170 219 -28
-170 219 -27
-170 219 -26
-170 220 -32
-170 220 -31
-170 220 -30
-170 220 -29
-170 220 -28
-170 220 -26
-170 220 -23
-170 220 -20
-170 220 -19
-170 221 -32
-170 221 -31
-170 221 -30
-170 221 -29
-170 221 -28
-170 221 -27
-170 221 -26
-170 221 -25
-170 221 -24
-170 221 -23
-170 221 -22
-170 221 -20
-170 221 -19
-170 221 -18
-170 221 -17
-170 222 -32
-170 222 -31
-170 222 -30
-170 222 -29
-170 222 -28
-170 222 -27
-170 222 -25
-170 222 -24
-170 222 -23
-170 222 -22
-170 222 -21
-170 222 -20
-170 222 -19
-170 222 -18
-170 222 -17
-170 223 -32
-170 223 -31
-170 223 -30
-170 223 -29
-170 223 -28
-170 223 -27
-170 223 -26
-170 223 -25
-170 223 -24
-170 223 -23
-170 223 -22
-170 223 -21
-170 223 -20
-170 223 -19
-170 223 -18
-170 223 -17
-170 224 -32
-170 224 -31
-170 224 -30
-170 224 -29
-170 224 -28
-170 224 -27
-170 224 -26
-170 224 -25
-170 224 -24
-170 224 -23
-170 224 -22
-170 224 -21
-170 224 -20
-170 224 -19
-170 224 -18
-170 224 -17
-169 199 -31
-169 200 -32
-169 200 -31
-169 200 -30
-169 201 -32
-169 201 -31
-169 201 -30
-169 201 -29
-169 202 -32
-169 202 -31
-169 202 -30
-169 202 -29
-169 203 -32
-169 203 -31
-169 203 -30
-169 203 -29
-169 204 -32
-169 204 -31
-169 204 -30
-169 205 -32
-169 213 -31
-169 213 -29
-169 214 -32
-169 214 -30
-169 214 -29
-169 215 -32
-169 215 -31
-169 215 -30
-169 215 -29
-169 215 -28
-169 216 -32
-169 216 -31
-169 216 -30
-169 216 -29
-169 216 -28
-169 216 -26
-169 217 -32
-169 217 -31
-169 217 -30
-169 217 -29
-169 217 -28
-169 217 -27
-169 217 -26
-169 217 -25
-169 218 -32
-169 218 -31
-169 218 -30
-169 218 -29
-169 218 -28
-169 218 -27
-169 218 -26
-169 219 -32
-169 219 -31
-169 219 -30
-169 219 -29
-169 219 -28
-169 219 -27
-169 219 -26
-169 219 -25
-169 220 -32
-169 220 -31
-169 220 -30
-169 220 -29
-169 220 -28
-169 220 -27
-169 220 -26
-169 220 -25
-169 220 -24
-169 220 -23
-169 220 -20
-169 220 -19
-169 221 -32
-169 221 -31
-169 221 -30
-169 221 -29
-169 221 -28
-169 221 -27
-169 221 -26
-169 221 -25
-169 221 -24
-169 221 -23
-169 221 -22
-169 221 -20
-169 221 -19
-169 221 -18
-169 222 -32
-169 222 -31
-169 222 -30
-169 222 -29
-169 222 -28
-169 222 -27
-169 222 -26
-169 222 -25
-169 222 -24
-169 222 -23
-169 222 -22
-169 222 -21
-169 222 -20
-169 222 -19
-169 222 -18
-169 222 -17
-169 223 -32
-169 223 -31
-169 223 -30
-169 223 -29
-169 223 -28
-169 223 -27
-169 223 -26
-169 223 -25
-169 223 -24
-169 223 -23
-169 223 -22
-169 223 -21
-169 223 -20
-169 223 -19
-169 223 -18
-169 223 -17
-169 224 -32
-169 224 -31
-169 224 -30
-169 224 -29
-169 224 -28
-169 224 -27
-169 224 -26
-169 224 -25
-169 224 -24
-169 224 -23
-169 224 -22
-169 224 -21
-169 224 -20
-169 224 -19
-169 224 -18
-169 224 -17
-168 199 -31
-168 200 -32
-168 200 -31
-168 201 -32
-168 201 -31
-168 202 -32
-168 202 -31
-168 202 -30
-168 203 -32
-168 203 -31
-168 203 -30
-168 203 -29
-168 204 -32
-168 204 -31
-168 204 -30
-168 205 -32
-168 205 -31
-168 206 -31
-168 212 -30
-168 213 -31
-168 213 -30
-168 214 -31
-168 214 -30
-168 214 -29
-168 215 -32
-168 215 -31
-168 215 -30
-168 215 -29
-168 215 -28
-168 216 -32
-168 216 -31
-168 216 -30
-168 216 -29
-168 217 -32
-168 217 -31
-168 217 -30
-168 217 -29
-168 217 -28
-168 217 -27
-168 218 -32
-168 218 -31
-168 218 -30
-168 218 -29
-168 218 -28
-168 218 -27
-168 218 -26
-168 218 -23
-168 219 -32
-168 219 -31
-168 219 -30
-168 219 -29
-168 219 -28
-168 219 -27
-168 219 -26
-168 219 -23
-168 219 -22
-168 220 -32
-168 220 -31
-168 220 -30
-168 220 -29
-168 220 -28
-168 220 -24
-168 220 -23
-168 221 -32
-168 221 -31
-168 221 -30
-168 221 -29
-168 221 -28
-168 221 -27
-168 221 -26
-168 221 -24
-168 221 -23
-168 221 -22
-168 221 -19
-168 221 -18
-168 222 -32
-168 222 -31
-168 222 -30
-168 222 -29
-168 222 -27
-168 222 -26
-168 222 -25
-168 222 -24
-168 222 -23
-168 222 -22
-168 222 -21
-168 222 -20
-168 222 -19
-168 222 -18
-168 222 -17
-168 223 -32
-168 223 -31
-168 223 -30
-168 223 -29
-168 223 -28
-168 223 -27
-168 223 -26
-168 223 -25
-168 223 -24
-168 223 -23
-168 223 -22
-168 223 -21
-168 223 -20
-168 223 -19
-168 223 -17
-168 224 -32
-168 224 -31
-168 224 -30
-168 224 -29
-168 224 -28
-168 224 -27
-168 224 -26
-168 224 -25
-168 224 -24
-168 224 -23
-168 224 -22
-168 224 -21
-168 224 -20
-168 224 -19
-168 224 -18
-167 200 -32
-167 201 -32
-167 201 -31
-167 201 -29
-167 202 -32
-167 202 -31
-167 202 -30
-167 202 -29
-167 202 -28
-167 203 -32
-167 203 -31
-167 204 -31
-167 204 -30
-167 205 -32
-167 205 -31
-167 212 -32
-167 213 -32
-167 213 -31
-167 214 -32
-167 214 -30
-167 215 -32
-167 215 -31
-167 215 -29
-167 215 -28
-167 216 -32
-167 216 -31
-167 216 -30
-167 216 -29
-167 217 -32
-167 217 -31
-167 217 -30
-167 217 -29
-167 217 -28
-167 217 -27
-167 218 -32
-167 218 -31
-167 218 -30
-167 218 -29
-167 218 -28
-167 218 -27
-167 219 -32
-167 219 -31
-167 219 -30
-167 219 -29
-167 219 -28
-167 219 -27
-167 220 -32
-167 220 -31
-167 220 -30
-167 220 -29
-167 220 -28
-167 220 -26
-167 220 -23
-167 221 -32
-167 221 -31
-167 221 -30
-167 221 -29
-167 221 -27
-167 221 -26
-167 221 -25
-167 221 -24
-167 221 -23
-167 221 -22
-167 221 -21
-167 221 -20
-167 222 -31
-167 222 -30
-167 222 -29
-167 222 -28
-167 222 -27
-167 222 -26
-167 222 -25
-167 222 -24
-167 222 -23
-167 222 -22
-167 222 -21
-167 222 -20
-167 222 -19
-167 223 -32
-167 223 -31
-167 223 -30
-167 223 -29
-167 223 -28
-167 223 -27
-167 223 -26
-167 223 -25
-167 223 -24
-167 223 -23
-167 223 -22
-167 223 -21
-167 223 -20
-167 223 -19
-167 223 -18
-167 224 -32
-167 224 -30
-167 224 -29
-167 224 -28
-167 224 -27
-167 224 -26
-167 224 -25
-167 224 -24
-167 224 -23
-167 224 -22
-167 224 -21
-167 224 -20
-167 224 -19
-167 224 -18
-167 224 -17
-166 200 -31
-166 201 -31
-166 201 -30
-166 202 -32
-166 202 -31
-166 202 -30
-166 203 -32
-166 204 -32
-166 204 -31
-166 205 -32
-166 205 -31
-166 214 -32
-166 215 -32
-166 215 -31
-166 215 -28
-166 216 -32
-166 216 -31
-166 216 -30
-166 216 -28
-166 216 -27
-166 217 -32
-166 217 -31
-166 217 -30
-166 217 -28
-166 217 -27
-166 217 -26
-166 218 -32
-166 218 -31
-166 218 -30
-166 218 -29
-166 218 -28
-166 218 -27
-166 218 -26
-166 219 -32
-166 219 -31
-166 219 -30
-166 219 -29
-166 219 -28
-166 219 -27
-166 219 -24
-166 219 -23
-166 220 -32
-166 220 -31
-166 220 -30
-166 220 -29
-166 220 -28
-166 220 -27
-166 220 -25
-166 220 -24
-166 220 -23
-166 221 -32
-166 221 -31
-166 221 -30
-166 221 -29
-166 221 -28
-166 221 -27
-166 221 -26
-166 221 -25
-166 221 -24
-166 221 -23
-166 221 -22
-166 221 -21
-166 221 -20
-166 221 -19
-166 222 -32
-166 222 -31
-166 222 -30
-166 222 -29
-166 222 -28
-166 222 -27
-166 222 -26
-166 222 -25
-166 222 -24
-166 222 -23
-166 222 -22
-166 222 -21
-166 222 -20
-166 223 -31
-166 223 -30
-166 223 -29
-166 223 -28
-166 223 -27
-166 223 -26
-166 223 -25
-166 223 -24
-166 223 -23
-166 223 -22
-166 223 -21
-166 223 -20
-166 223 -19
-166 223 -18
-166 223 -17
-166 224 -32
-166 224 -31
-166 224 -29
-166 224 -28
-166 224 -27
-166 224 -26
-166 224 -25
-166 224 -24
-166 224 -23
-166 224 -22
-166 224 -21
-166 224 -20
-166 224 -19
-166 224 -18
-166 224 -17
-165 201 -32
-165 201 -31
-165 202 -32
-165 202 -31
-165 203 -32
-165 204 -32
-165 205 -32
-165 213 -32
-165 213 -31
-165 214 -32
-165 214 -31
-165 215 -32
-165 215 -31
-165 216 -32
-165 216 -31
-165 216 -30
-165 216 -28
-165 216 -27
-165 217 -32
-165 217 -31
-165 217 -29
-165 217 -28
-165 217 -27
-165 217 -26
-165 218 -32
-165 218 -31
-165 218 -30
-165 218 -29
-165 218 -28
-165 218 -27
-165 218 -26
-165 219 -32
-165 219 -31
-165 219 -30
-165 219 -29
-165 219 -28
-165 219 -27
-165 219 -26
-165 219 -25
-165 219 -24
-165 219 -23
-165 220 -32
-165 220 -31
-165 220 -30
-165 220 -29
-165 220 -28
-165 220 -27
-165 220 -26
-165 220 -25
-165 220 -24
-165 220 -23
-165 220 -22
-165 220 -21
-165 220 -20
-165 221 -32
-165 221 -31
-165 221 -30
-165 221 -29
-165 221 -28
-165 221 -27
-165 221 -26
-165 221 -25
-165 221 -24
-165 221 -23
-165 221 -22
-165 221 -21
-165 221 -20
-165 221 -19
-165 222 -32
-165 222 -31
-165 222 -30
-165 222 -29
-165 222 -28
-165 222 -27
-165 222 -26
-165 222 -25
-165 222 -24
-165 222 -23
-165 222 -22
-165 222 -21
-165 222 -20
-165 222 -18
-165 223 -32
-165 223 -30
-165 223 -29
-165 223 -28
-165 223 -27
-165 223 -26
-165 223 -25
-165 223 -24
-165 223 -23
-165 223 -22
-165 223 -21
-165 223 -20
-165 223 -19
-165 223 -18
-165 223 -17
-165 224 -32
-165 224 -31
-165 224 -30
-165 224 -29
-165 224 -28
-165 224 -27
-165 224 -26
-165 224 -25
-165 224 -24
-165 224 -23
-165 224 -22
-165 224 -21
-165 224 -20
-165 224 -19
-165 224 -18
-164 201 -32
-164 201 -31
-164 202 -32
-164 202 -31
-164 202 -30
-164 202 -29
-164 203 -32
-164 204 -32
-164 204 -31
-164 205 -32
-164 206 -32
-164 212 -32
-164 213 -32
-164 214 -32
-164 214 -31
-164 214 -30
-164 215 -32
-164 215 -31
-164 215 -30
-164 215 -29
-164 215 -28
-164 215 -27
-164 215 -26
-164 216 -32
-164 216 -31
-164 216 -30
-164 216 -29
-164 216 -28
-164 216 -27
-164 217 -32
-164 217 -31
-164 217 -30
-164 217 -29
-164 217 -28
-164 217 -27
-164 217 -26
-164 217 -25
-164 218 -32
-164 218 -31
-164 218 -30
-164 218 -29
-164 218 -28
-164 218 -27
-164 218 -26
-164 218 -25
-164 218 -24
-164 218 -23
-164 219 -32
-164 219 -31
-164 219 -30
-164 219 -29
-164 219 -28
-164 219 -27
-164 219 -26
-164 219 -25
-164 219 -24
-164 219 -23
-164 220 -32
-164 220 -31
-164 220 -30
-164 220 -29
-164 220 -28
-164 220 -27
-164 220 -26
-164 220 -25
-164 220 -24
-164 220 -23
-164 220 -22
-164 221 -32
-164 221 -31
-164 221 -30
-164 221 -29
-164 221 -28
-164 221 -27
-164 221 -26
-164 221 -25
-164 221 -24
-164 221 -23
-164 221 -22
-164 221 -19
-164 222 -32
-164 222 -31
-164 222 -30
-164 222 -29
-164 222 -28
-164 222 -27
-164 222 -26
-164 222 -25
-164 222 -24
-164 222 -23
-164 222 -22
-164 222 -21
-164 222 -19
-164 222 -18
-164 222 -17
-164 223 -32
-164 223 -31
-164 223 -30
-164 223 -29
-164 223 -28
-164 223 -27
-164 223 -26
-164 223 -25
-164 223 -24
-164 223 -23
-164 223 -22
-164 223 -21
-164 223 -20
-164 223 -19
-164 223 -18
-164 223 -17
-164 224 -32
-164 224 -31
-164 224 -30
-164 224 -29
-164 224 -28
-164 224 -27
-164 224 -26
-164 224 -25
-164 224 -24
-164 224 -23
-164 224 -22
-164 224 -21
-164 224 -20
-164 224 -19
-164 224 -18
-164 224 -17
-163 201 -32
-163 201 -31
-163 202 -32
-163 202 -30
-163 203 -32
-163 203 -31
-163 203 -30
-163 204 -31
-163 205 -32
-163 205 -31
-163 213 -31
-163 214 -32
-163 215 -32
-163 215 -31
-163 215 -30
-163 215 -29
-163 215 -28
-163 216 -32
-163 216 -31
-163 216 -30
-163 216 -29
-163 216 -28
-163 216 -27
-163 217 -32
-163 217 -31
-163 217 -30
-163 217 -29
-163 217 -28
-163 217 -27
-163 217 -26
-163 217 -25
-163 217 -24
-163 217 -23
-163 218 -32
-163 218 -31
-163 218 -30
-163 218 -29
-163 218 -28
-163 218 -27
-163 218 -26
-163 218 -25
-163 218 -24
-163 219 -32
-163 219 -31
-163 219 -30
-163 219 -29
-163 219 -28
-163 219 -27
-163 219 -26
-163 219 -25
-163 219 -24
-163 219 -23
-163 220 -32
-163 220 -31
-163 220 -30
-163 220 -29
-163 220 -28
-163 220 -27
-163 220 -26
-163 220 -25
-163 220 -24
-163 220 -23
-163 221 -32
-163 221 -31
-163 221 -30
-163 221 -29
-163 221 -28
-163 221 -27
-163 221 -26
-163 221 -25
-163 221 -24
-163 221 -23
-163 221 -22
-163 221 -21
-163 222 -32
-163 222 -31
-163 222 -30
-163 222 -29
-163 222 -28
-163 222 -27
-163 222 -26
-163 222 -25
-163 222 -24
-163 222 -23
-163 222 -22
-163 222 -21
-163 222 -20
-163 222 -19
-163 222 -18
-163 223 -32
-163 223 -31
-163 223 -30
-163 223 -29
-163 223 -28
-163 223 -27
-163 223 -26
-163 223 -25
-163 223 -24
-163 223 -23
-163 223 -22
-163 223 -21
-163 223 -20
-163 223 -19
-163 223 -18
-163 224 -32
-163 224 -31
-163 224 -30
-163 224 -29
-163 224 -28
-163 224 -27
-163 224 -26
-163 224 -25
-163 224 -24
-163 224 -23
-163 224 -22
-163 224 -21
-163 224 -20
-163 224 -19
-163 224 -18
-163 224 -17
-162 202 -32
-162 203 -32
-162 204 -31
-162 213 -31
-162 214 -32
-162 214 -30
-162 214 -29
-162 214 -28
-162 215 -32
-162 215 -31
-162 215 -30
-162 215 -29
-162 215 -28
-162 215 -27
-162 215 -26
-162 216 -32
-162 216 -31
-162 216 -30
-162 216 -29
-162 216 -28
-162 216 -27
-162 216 -26
-162 216 -25
-162 217 -32
-162 217 -31
-162 217 -30
-162 217 -29
-162 217 -28
-162 217 -27
-162 217 -26
-162 217 -25
-162 217 -24
-162 217 -23
-162 217 -22
-162 218 -32
-162 218 -31
-162 218 -30
-162 218 -29
-162 218 -28
-162 218 -27
-162 218 -26
-162 218 -25
-162 218 -24
-162 218 -23
-162 219 -32
-162 219 -31
-162 219 -30
-162 219 -29
-162 219 -28
-162 219 -27
-162 219 -26
-162 219 -25
-162 219 -24
-162 219 -23
-162 220 -32
-162 220 -31
-162 220 -30
-162 220 -29
-162 220 -28
-162 220 -27
-162 220 -26
-162 220 -25
-162 220 -24
-162 220 -23
-162 220 -22
-162 220 -21
-162 221 -32
-162 221 -31
-162 221 -30
-162 221 -29
-162 221 -28
-162 221 -27
-162 221 -26
-162 221 -25
-162 221 -24
-162 221 -23
-162 221 -22
-162 221 -21
-162 221 -20
-162 222 -32
-162 222 -31
-162 222 -30
-162 222 -29
-162 222 -28
-162 222 -27
-162 222 -26
-162 222 -25
-162 222 -24
-162 222 -23
-162 222 -22
-162 222 -21
-162 222 -20
-162 222 -18
-162 223 -32
-162 223 -31
-162 223 -30
-162 223 -29
-162 223 -28
-162 223 -27
-162 223 -26
-162 223 -25
-162 223 -24
-162 223 -23
-162 223 -22
-162 223 -21
-162 223 -20
-162 223 -19
-162 223 -18
-162 223 -17
-162 224 -32
-162 224 -31
-162 224 -30
-162 224 -29
-162 224 -28
-162 224 -27
-162 224 -26
-162 224 -25
-162 224 -24
-162 224 -23
-162 224 -22
-162 224 -21
-162 224 -20
-162 224 -19
-162 224 -18
-162 224 -17
-161 199 -32
-161 200 -32
-161 201 -32
-161 201 -31
-161 202 -32
-161 213 -31
-161 214 -32
-161 214 -31
-161 214 -30
-161 214 -29
-161 214 -28
-161 214 -27
-161 215 -32
-161 215 -31
-161 215 -30
-161 215 -29
-161 215 -28
-161 215 -27
-161 215 -25
-161 216 -32
-161 216 -31
-161 216 -30
-161 216 -29
-161 216 -28
-161 216 -27
-161 216 -26
-161 216 -25
-161 216 -24
-161 216 -23
-161 216 -22
-161 217 -32
-161 217 -31
-161 217 -30
-161 217 -29
-161 217 -28
-161 217 -27
-161 217 -26
-161 217 -24
-161 217 -23
-161 217 -22
-161 218 -32
-161 218 -31
-161 218 -30
-161 218 -29
-161 218 -28
-161 218 -27
-161 218 -26
-161 218 -25
-161 218 -24
-161 218 -23
-161 218 -22
-161 218 -21
-161 219 -32
-161 219 -31
-161 219 -30
-161 219 -29
-161 219 -28
-161 219 -27
-161 219 -26
-161 219 -25
-161 219 -24
-161 219 -23
-161 219 -22
-161 219 -21
-161 219 -20
-161 220 -32
-161 220 -31
-161 220 -30
-161 220 -29
-161 220 -28
-161 220 -27
-161 220 -26
-161 220 -25
-161 220 -24
-161 220 -23
-161 220 -22
-161 220 -21
-161 221 -32
-161 221 -31
-161 221 -30
-161 221 -29
-161 221 -28
-161 221 -27
-161 221 -26
-161 221 -25
-161 221 -24
-161 221 -23
-161 221 -22
-161 221 -21
-161 221 -20
-161 221 -19
-161 222 -32
-161 222 -31
-161 222 -30
-161 222 -29
-161 222 -28
-161 222 -27
-161 222 -26
-161 222 -25
-161 222 -24
-161 222 -23
-161 222 -22
-161 222 -21
-161 222 -20
-161 222 -19
-161 222 -18
-161 223 -32
-161 223 -31
-161 223 -30
-161 223 -29
-161 223 -28
-161 223 -27
-161 223 -26
-161 223 -25
-161 223 -24
-161 223 -23
-161 223 -22
-161 223 -21
-161 223 -20
-161 223 -19
-161 223 -18
-161 224 -32
-161 224 -31
-161 224 -30
-161 224 -29
-161 224 -28
-161 224 -27
-161 224 -26
-161 224 -25
-161 224 -24
-161 224 -23
-161 224 -22
-161 224 -21
-161 224 -20
-161 224 -19
-161 224 -18
-161 224 -17
-176 225 -31
-176 225 -30
-176 225 -28
-176 225 -27
-176 225 -26
-176 225 -25
-176 225 -24
-176 225 -23
-176 225 -22
-176 225 -21
-176 225 -20
-176 225 -19
-176 225 -17
-176 226 -31
-176 226 -30
-176 226 -29
-176 226 -28
-176 226 -27
-176 226 -26
-176 226 -25
-176 226 -24
-176 226 -23
-176 226 -22
-176 226 -21
-176 226 -20
-176 226 -19
-176 226 -18
-176 227 -32
-176 227 -30
-176 227 -29
-176 227 -28
-176 227 -27
-176 227 -26
-176 227 -25
-176 227 -24
-176 227 -23
-176 227 -22
-176 227 -21
-176 227 -20
-176 227 -19
-176 227 -17
-176 228 -30
-176 228 -29
-176 228 -28
-176 228 -27
-176 228 -26
-176 228 -25
-176 228 -24
-176 228 -23
-176 228 -22
-176 228 -21
-176 228 -20
-176 228 -18
-176 229 -30
-176 229 -29
-176 229 -28
-176 229 -27
-176 229 -26
-176 229 -25
-176 229 -24
-176 229 -23
-176 229 -22
-176 229 -21
-176 229 -20
-176 229 -19
-176 229 -17
-176 230 -28
-176 230 -27
-176 230 -26
-176 230 -25
-176 230 -24
-176 230 -23
-176 230 -22
-176 230 -21
-176 230 -20
-176 230 -19
-176 230 -17
-176 231 -27
-176 231 -26
-176 231 -25
-176 231 -24
-176 231 -23
-176 231 -21
-176 232 -26
-176 232 -25
-176 232 -24
-176 232 -23
-175 225 -31
-175 225 -30
-175 225 -29
-175 225 -28
-175 225 -27
-175 225 -26
-175 225 -25
-175 225 -24
-175 225 -23
-175 225 -22
-175 225 -21
-175 225 -20
-175 225 -19
-175 225 -18
-175 225 -17
-175 226 -31
-175 226 -30
-175 226 -29
-175 226 -28
-175 226 -27
-175 226 -26
-175 226 -25
-175 226 -24
-175 226 -23
-175 226 -22
-175 226 -21
-175 226 -20
-175 226 -19
-175 226 -18
-175 227 -32
-175 227 -31
-175 227 -30
-175 227 -29
-175 227 -28
-175 227 -27
-175 227 -26
-175 227 -25
-175 227 -24
-175 227 -23
-175 227 -22
-175 227 -21
-175 227 -20
-175 227 -19
-175 227 -18
-175 227 -17
-175 228 -32
-175 228 -31
-175 228 -30
-175 228 -29
-175 228 -28
-175 228 -27
-175 228 -26
-175 228 -25
-175 228 -24
-175 228 -23
-175 228 -22
-175 228 -21
-175 228 -20
-175 228 -19
-175 228 -18
-175 229 -29
-175 229 -28
-175 229 -27
-175 229 -26
-175 229 -25
-175 229 -24
-175 229 -23
-175 229 -22
-175 229 -20
-175 230 -31
-175 230 -30
-175 230 -29
-175 230 -28
-175 230 -27
-175 230 -26
-175 230 -25
-175 230 -24
-175 230 -23
-175 230 -22
-175 230 -20
-175 230 -19
-175 230 -18
-175 230 -17
-175 231 -30
-175 231 -29
-175 231 -28
-175 231 -27
-175 231 -26
-175 231 -25
-175 231 -24
-175 231 -23
-175 231 -22
-175 231 -19
-175 231 -18
-175 231 -17
-175 232 -28
-175 232 -27
-175 232 -26
-175 232 -25
-175 232 -24
-175 232 -23
-175 232 -17
-175 233 -25
-175 233 -24
-174 225 -31
-174 225 -30
-174 225 -29
-174 225 -28
-174 225 -27
-174 225 -26
-174 225 -25
-174 225 -24
-174 225 -23
-174 225 -22
-174 225 -21
-174 225 -20
-174 225 -19
-174 225 -18
-174 225 -17
-174 226 -30
-174 226 -29
-174 226 -28
-174 226 -27
-174 226 -26
-174 226 -25
-174 226 -24
-174 226 -23
-174 226 -22
-174 226 -21
-174 226 -20
-174 226 -19
-174 226 -18
-174 226 -17
-174 227 -30
-174 227 -29
-174 227 -28
-174 227 -27
-174 227 -26
-174 227 -25
-174 227 -24
-174 227 -23
-174 227 -22
-174 227 -21
-174 227 -20
-174 227 -19
-174 227 -18
-174 227 -17
-174 228 -29
-174 228 -28
-174 228 -27
-174 228 -26
-174 228 -25
-174 228 -24
-174 228 -23
-174 228 -22
-174 228 -21
-174 228 -20
-174 229 -30
-174 229 -29
-174 229 -28
-174 229 -27
-174 229 -26
-174 229 -25
-174 229 -24
-174 229 -23
-174 229 -22
-174 229 -21
-174 229 -18
-174 229 -17
-174 230 -30
-174 230 -29
-174 230 -28
-174 230 -27
-174 230 -26
-174 230 -25
-174 230 -24
-174 230 -23
-174 230 -17
-174 231 -28
-174 231 -27
-174 231 -26
-174 231 -25
-174 231 -23
-174 231 -22
-174 231 -18
-174 231 -17
-174 232 -28
-174 232 -27
-174 232 -26
-174 232 -25
-174 232 -17
-174 233 -26
-173 225 -32
-173 225 -31
-173 225 -29
-173 225 -28
-173 225 -27
-173 225 -26
-173 225 -25
-173 225 -24
-173 225 -23
-173 225 -22
-173 225 -21
-173 225 -20
-173 225 -19
-173 225 -18
-173 225 -17
-173 226 -32
-173 226 -31
-173 226 -30
-173 226 -29
-173 226 -28
-173 226 -27
-173 226 -26
-173 226 -25
-173 226 -24
-173 226 -23
-173 226 -22
-173 226 -21
-173 226 -20
-173 226 -19
-173 226 -18
-173 226 -17
-173 227 -30
-173 227 -29
-173 227 -28
-173 227 -27
-173 227 -26
-173 227 -25
-173 227 -24
-173 227 -23
-173 227 -22
-173 227 -21
-173 227 -20
-173 227 -19
-173 227 -18
-173 227 -17
-173 228 -30
-173 228 -29
-173 228 -28
-173 228 -27
-173 228 -26
-173 228 -25
-173 228 -24
-173 228 -23
-173 228 -22
-173 228 -20
-173 228 -19
-173 228 -18
-173 228 -17
-173 229 -29
-173 229 -28
-173 229 -27
-173 229 -26
-173 229 -25
-173 229 -24
-173 229 -23
-173 229 -22
-173 229 -20
-173 229 -19
-173 229 -18
-173 229 -17
-173 230 -28
-173 230 -27
-173 230 -26
-173 230 -19
-173 230 -18
-173 230 -17
-173 231 -25
-173 231 -23
-173 231 -18
-173 231 -17
-173 232 -25
-173 232 -18
-172 225 -30
-172 225 -29
-172 225 -28
-172 225 -27
-172 225 -26
-172 225 -25
-172 225 -24
-172 225 -23
-172 225 -22
-172 225 -21
-172 225 -20
-172 225 -19
-172 225 -18
-172 225 -17
-172 226 -32
-172 226 -31
-172 226 -30
-172 226 -29
-172 226 -28
-172 226 -27
-172 226 -26
-172 226 -25
-172 226 -24
-172 226 -23
-172 226 -22
-172 226 -21
-172 226 -20
-172 226 -19
-172 226 -18
-172 226 -17
-172 227 -31
-172 227 -30
-172 227 -29
-172 227 -28
-172 227 -27
-172 227 -26
-172 227 -25
-172 227 -24
-172 227 -23
-172 227 -22
-172 227 -19
-172 227 -18
-172 227 -17
-172 228 -29
-172 228 -28
-172 228 -27
-172 228 -26
-172 228 -25
-172 228 -24
-172 228 -23
-172 228 -22
-172 228 -21
-172 228 -20
-172 228 -19
-172 228 -18
-172 228 -17
-172 229 -29
-172 229 -28
-172 229 -27
-172 229 -26
-172 229 -25
-172 229 -20
-172 229 -19
-172 229 -18
-172 229 -17
-172 230 -28
-172 230 -27
-172 230 -26
-172 230 -18
-172 230 -17
-172 231 -26
-172 231 -25
-172 231 -18
-171 225 -32
-171 225 -31
-171 225 -30
-171 225 -29
-171 225 -28
-171 225 -27
-171 225 -26
-171 225 -25
-171 225 -24
-171 225 -23
-171 225 -22
-171 225 -21
-171 225 -20
-171 225 -19
-171 225 -18
-171 225 -17
-171 226 -32
-171 226 -31
-171 226 -30
-171 226 -29
-171 226 -28
-171 226 -27
-171 226 -26
-171 226 -25
-171 226 -24
-171 226 -23
-171 226 -22
-171 226 -21
-171 226 -20
-171 226 -19
-171 226 -18
-171 226 -17
-171 227 -32
-171 227 -31
-171 227 -30
-171 227 -29
-171 227 -28
-171 227 -27
-171 227 -26
-171 227 -25
-171 227 -24
-171 227 -23
-171 227 -22
-171 227 -21
-171 227 -20
-171 227 -19
-171 227 -18
-171 227 -17
-171 228 -29
-171 228 -27
-171 228 -26
-171 228 -25
-171 228 -24
-171 228 -23
-171 228 -22
-171 228 -20
-171 228 -19
-171 228 -18
-171 228 -17
-171 229 -25
-171 229 -24
-171 229 -23
-171 229 -22
-171 229 -21
-171 229 -20
-171 229 -19
-171 229 -18
-171 230 -27
-171 230 -26
-171 230 -24
-171 230 -23
-171 230 -21
-171 230 -20
-171 230 -18
-171 230 -17
-171 231 -27
-171 231 -17
-170 225 -32
-170 225 -31
-170 225 -30
-170 225 -29
-170 225 -28
-170 225 -27
-170 225 -26
-170 225 -25
-170 225 -24
-170 225 -23
-170 225 -22
-170 225 -21
-170 225 -20
-170 225 -19
-170 225 -18
-170 225 -17
-170 226 -32
-170 226 -31
-170 226 -30
-170 226 -29
-170 226 -28
-170 226 -27
-170 226 -26
-170 226 -25
-170 226 -24
-170 226 -23
-170 226 -22
-170 226 -21
-170 226 -20
-170 226 -19
-170 226 -18
-170 226 -17
-170 227 -32
-170 227 -31
-170 227 -30
-170 227 -29
-170 227 -27
-170 227 -26
-170 227 -25
-170 227 -24
-170 227 -23
-170 227 -22
-170 227 -21
-170 227 -20
-170 227 -19
-170 227 -18
-170 227 -17
-170 228 -30
-170 228 -27
-170 228 -26
-170 228 -25
-170 228 -24
-170 228 -23
-170 228 -22
-170 228 -20
-170 228 -19
-170 228 -18
-170 228 -17
-170 229 -30
-170 229 -27
-170 229 -26
-170 229 -25
-170 229 -24
-170 229 -23
-170 229 -22
-170 229 -21
-170 229 -20
-170 229 -19
-170 229 -18
-170 229 -17
-170 230 -27
-170 230 -26
-170 230 -23
-170 230 -22
-170 230 -20
-170 230 -19
-170 230 -18
-170 230 -17
-170 231 -24
-170 231 -23
-170 231 -22
-170 231 -21
-170 231 -20
-170 231 -19
-170 231 -18
-170 231 -17
-170 232 -17
-169 225 -32
-169 225 -31
-169 225 -30
-169 225 -29
-169 225 -28
-169 225 -27
-169 225 -26
-169 225 -25
-169 225 -24
-169 225 -23
-169 225 -22
-169 225 -21
-169 225 -20
-169 225 -19
-169 225 -18
-169 225 -17
-169 226 -32
-169 226 -31
-169 226 -30
-169 226 -29
-169 226 -28
-169 226 -27
-169 226 -26
-169 226 -25
-169 226 -23
-169 226 -22
-169 226 -21
-169 226 -20
-169 226 -19
-169 226 -18
-169 226 -17
-169 227 -32
-169 227 -30
-169 227 -29
-169 227 -28
-169 227 -27
-169 227 -26
-169 227 -25
-169 227 -24
-169 227 -23
-169 227 -22
-169 227 -21
-169 227 -20
-169 227 -19
-169 227 -18
-169 227 -17
-169 228 -29
-169 228 -28
-169 228 -27
-169 228 -24
-169 228 -23
-169 228 -22
-169 228 -21
-169 228 -20
-169 228 -19
-169 228 -18
-169 228 -17
-169 229 -29
-169 229 -28
-169 229 -27
-169 229 -23
-169 229 -22
-169 229 -21
-169 229 -19
-169 229 -18
-169 229 -17
-169 230 -27
-169 230 -22
-169 230 -19
-169 230 -18
-169 230 -17
-169 231 -22
-169 231 -20
-169 231 -17
-168 225 -32
-168 225 -31
-168 225 -30
-168 225 -29
-168 225 -28
-168 225 -27
-168 225 -26
-168 225 -25
-168 225 -24
-168 225 -23
-168 225 -22
-168 225 -21
-168 225 -20
-168 225 -19
-168 225 -18
-168 225 -17
-168 226 -32
-168 226 -31
-168 226 -29
-168 226 -27
-168 226 -26
-168 226 -25
-168 226 -24
-168 226 -23
-168 226 -22
-168 226 -21
-168 226 -20
-168 226 -19
-168 226 -18
-168 226 -17
-168 227 -27
-168 227 -26
-168 227 -25
-168 227 -24
-168 227 -23
-168 227 -22
-168 227 -21
-168 227 -20
-168 227 -19
-168 227 -18
-168 227 -17
-168 228 -29
-168 228 -28
-168 228 -27
-168 228 -25
-168 228 -24
-168 228 -23
-168 228 -22
-168 228 -21
-168 228 -20
-168 228 -18
-168 228 -17
-168 229 -28
-168 229 -27
-168 229 -26
-168 229 -23
-168 229 -22
-168 229 -21
-168 229 -19
-168 229 -18
-168 229 -17
-168 230 -21
-168 230 -17
-168 231 -18
-168 231 -17
-167 225 -32
-167 225 -31
-167 225 -30
-167 225 -29
-167 225 -28
-167 225 -27
-167 225 -26
-167 225 -25
-167 225 -24
-167 225 -23
-167 225 -22
-167 225 -21
-167 225 -20
-167 225 -19
-167 225 -18
-167 225 -17
-167 226 -30
-167 226 -29
-167 226 -28
-167 226 -27
-167 226 -26
-167 226 -25
-167 226 -24
-167 226 -23
-167 226 -22
-167 226 -21
-167 226 -20
-167 226 -19
-167 226 -18
-167 226 -17
-167 227 -29
-167 227 -26
-167 227 -25
-167 227 -24
-167 227 -23
-167 227 -22
-167 227 -21
-167 227 -20
-167 227 -19
-167 227 -18
-167 227 -17
-167 228 -27
-167 228 -26
-167 228 -25
-167 228 -24
-167 228 -23
-167 228 -22
-167 228 -21
-167 228 -20
-167 228 -19
-167 228 -18
-167 228 -17
-167 229 -27
-167 229 -22
-167 229 -20
-167 229 -19
-167 229 -18
-167 229 -17
-167 230 -17
-167 231 -18
-167 231 -17
-167 232 -17
-167 234 -17
-166 225 -31
-166 225 -29
-166 225 -28
-166 225 -27
-166 225 -26
-166 225 -25
-166 225 -24
-166 225 -23
-166 225 -22
-166 225 -21
-166 225 -20
-166 225 -19
-166 225 -18
-166 225 -17
-166 226 -32
-166 226 -30
-166 226 -29
-166 226 -28
-166 226 -27
-166 226 -26
-166 226 -25
-166 226 -24
-166 226 -23
-166 226 -22
-166 226 -21
-166 226 -20
-166 226 -19
-166 226 -18
-166 226 -17
-166 227 -27
-166 227 -26
-166 227 -25
-166 227 -24
-166 227 -23
-166 227 -22
-166 227 -21
-166 227 -20
-166 227 -19
-166 227 -18
-166 227 -17
-166 228 -27
-166 228 -25
-166 228 -24
-166 228 -23
-166 228 -22
-166 228 -21
-166 228 -20
-166 228 -19
-166 228 -18
-166 228 -17
-166 229 -25
-166 229 -24
-166 229 -23
-166 229 -22
-166 229 -20
-166 229 -19
-166 229 -18
-166 229 -17
-166 230 -19
-166 230 -17
-166 231 -18
-166 231 -17
-166 232 -18
-166 232 -17
-166 233 -18
-166 233 -17
-166 234 -17
-166 235 -17
-165 225 -32
-165 225 -31
-165 225 -30
-165 225 -29
-165 225 -28
-165 225 -27
-165 225 -26
-165 225 -25
-165 225 -24
-165 225 -23
-165 225 -22
-165 225 -21
-165 225 -20
-165 225 -19
-165 225 -18
-165 225 -17
-165 226 -32
-165 226 -31
-165 226 -30
-165 226 -28
-165 226 -27
-165 226 -26
-165 226 -25
-165 226 -24
-165 226 -23
-165 226 -22
-165 226 -21
-165 226 -20
-165 226 -19
-165 226 -18
-165 226 -17
-165 227 -32
-165 227 -30
-165 227 -27
-165 227 -26
-165 227 -25
-165 227 -24
-165 227 -23
-165 227 -22
-165 227 -21
-165 227 -20
-165 227 -19
-165 227 -18
-165 227 -17
-165 228 -32
-165 228 -30
-165 228 -26
-165 228 -25
-165 228 -24
-165 228 -23
-165 228 -22
-165 228 -21
-165 228 -20
-165 228 -19
-165 228 -18
-165 228 -17
-165 229 -27
-165 229 -26
-165 229 -25
-165 229 -24
-165 229 -23
-165 229 -22
-165 229 -21
-165 229 -20
-165 229 -19
-165 229 -18
-165 229 -17
-165 230 -25
-165 230 -24
-165 230 -23
-165 230 -19
-165 230 -18
-165 230 -17
-165 231 -18
-165 231 -17
-165 232 -18
-165 232 -17
-165 233 -19
-165 233 -18
-165 233 -17
-165 234 -18
-165 234 -17
-165 235 -17
-165 237 -17
-164 225 -32
-164 225 -31
-164 225 -30
-164 225 -29
-164 225 -28
-164 225 -27
-164 225 -26
-164 225 -25
-164 225 -24
-164 225 -23
-164 225 -22
-164 225 -21
-164 225 -20
-164 225 -19
-164 225 -18
-164 225 -17
-164 226 -32
-164 226 -31
-164 226 -30
-164 226 -29
-164 226 -28
-164 226 -27
-164 226 -26
-164 226 -25
-164 226 -24
-164 226 -23
-164 226 -22
-164 226 -21
-164 226 -20
-164 226 -19
-164 226 -18
-164 226 -17
-164 227 -31
-164 227 -30
-164 227 -29
-164 227 -28
-164 227 -27
-164 227 -26
-164 227 -25
-164 227 -24
-164 227 -23
-164 227 -22
-164 227 -21
-164 227 -20
-164 227 -19
-164 227 -18
-164 227 -17
-164 228 -32
-164 228 -30
-164 228 -29
-164 228 -27
-164 228 -26
-164 228 -25
-164 228 -24
-164 228 -23
-164 228 -22
-164 228 -21
-164 228 -20
-164 228 -19
-164 228 -18
-164 228 -17
-164 229 -30
-164 229 -29
-164 229 -28
-164 229 -27
-164 229 -25
-164 229 -24
-164 229 -23
-164 229 -22
-164 229 -20
-164 229 -19
-164 229 -17
-164 230 -29
-164 230 -24
-164 230 -23
-164 230 -22
-164 230 -21
-164 230 -19
-164 230 -18
-164 230 -17
-164 231 -22
-164 231 -18
-164 231 -17
-164 232 -17
-164 233 -18
-164 233 -17
-164 234 -17
-164 236 -17
-164 237 -18
-164 237 -17
-164 238 -18
-164 239 -17
-163 225 -32
-163 225 -29
-163 225 -28
-163 225 -27
-163 225 -26
-163 225 -25
-163 225 -24
-163 225 -23
-163 225 -22
-163 225 -21
-163 225 -20
-163 225 -19
-163 225 -18
-163 225 -17
-163 226 -32
-163 226 -31
-163 226 -30
-163 226 -29
-163 226 -28
-163 226 -27
-163 226 -26
-163 226 -25
-163 226 -24
-163 226 -23
-163 226 -22
-163 226 -21
-163 226 -20
-163 226 -19
-163 226 -18
-163 226 -17
-163 227 -32
-163 227 -31
-163 227 -30
-163 227 -29
-163 227 -27
-163 227 -26
-163 227 -25
-163 227 -24
-163 227 -23
-163 227 -22
-163 227 -21
-163 227 -20
-163 227 -19
-163 227 -18
-163 227 -17
-163 228 -32
-163 228 -31
-163 228 -30
-163 228 -29
-163 228 -28
-163 228 -27
-163 228 -26
-163 228 -25
-163 228 -24
-163 228 -23
-163 228 -22
-163 228 -21
-163 228 -20
-163 228 -19
-163 228 -18
-163 228 -17
-163 229 -31
-163 229 -30
-163 229 -29
-163 229 -28
-163 229 -27
-163 229 -26
-163 229 -25
-163 229 -24
-163 229 -23
-163 229 -22
-163 229 -21
-163 229 -20
-163 229 -19
-163 229 -18
-163 229 -17
-163 230 -32
-163 230 -30
-163 230 -29
-163 230 -28
-163 230 -27
-163 230 -26
-163 230 -25
-163 230 -24
-163 230 -23
-163 230 -22
-163 230 -21
-163 230 -20
-163 230 -19
-163 230 -18
-163 230 -17
-163 231 -29
-163 231 -27
-163 231 -22
-163 231 -21
-163 231 -20
-163 231 -19
-163 231 -18
-163 232 -29
-163 232 -19
-163 232 -17
-163 233 -18
-163 233 -17
-163 235 -19
-163 235 -18
-163 235 -17
-163 236 -18
-163 236 -17
-163 237 -20
-163 237 -19
-163 237 -18
-163 237 -17
-163 238 -18
-163 238 -17
-163 239 -17
-162 225 -32
-162 225 -31
-162 225 -30
-162 225 -29
-162 225 -28
-162 225 -27
-162 225 -26
-162 225 -25
-162 225 -24
-162 225 -23
-162 225 -22
-162 225 -21
-162 225 -20
-162 225 -19
-162 225 -18
-162 225 -17
-162 226 -32
-162 226 -31
-162 226 -30
-162 226 -29
-162 226 -27
-162 226 -26
-162 226 -25
-162 226 -24
-162 226 -23
-162 226 -22
-162 226 -21
-162 226 -20
-162 226 -19
-162 226 -18
-162 226 -17
-162 227 -32
-162 227 -30
-162 227 -29
-162 227 -28
-162 227 -27
-162 227 -26
-162 227 -25
-162 227 -24
-162 227 -23
-162 227 -22
-162 227 -21
-162 227 -20
-162 227 -19
-162 227 -18
-162 228 -32
-162 228 -31
-162 228 -30
-162 228 -29
-162 228 -28
-162 228 -27
-162 228 -26
-162 228 -25
-162 228 -24
-162 228 -23
-162 228 -22
-162 228 -21
-162 228 -20
-162 228 -19
-162 228 -18
-162 228 -17
-162 229 -32
-162 229 -31
-162 229 -30
-162 229 -29
-162 229 -28
-162 229 -27
-162 229 -26
-162 229 -25
-162 229 -24
-162 229 -23
-162 229 -22
-162 229 -21
-162 229 -20
-162 229 -19
-162 229 -18
-162 229 -17
-162 230 -32
-162 230 -30
-162 230 -29
-162 230 -28
-162 230 -27
-162 230 -26
-162 230 -25
-162 230 -24
-162 230 -23
-162 230 -22
-162 230 -21
-162 230 -20
-162 230 -19
-162 230 -18
-162 230 -17
-162 231 -32
-162 231 -29
-162 231 -27
-162 231 -26
-162 231 -25
-162 231 -23
-162 231 -21
-162 231 -20
-162 231 -19
-162 231 -18
-162 231 -17
-162 232 -20
-162 232 -18
-162 232 -17
-162 233 -22
-162 233 -20
-162 233 -17
-162 234 -22
-162 234 -19
-162 234 -18
-162 234 -17
-162 235 -18
-162 235 -17
-162 236 -21
-162 236 -20
-162 236 -18
-162 236 -17
-162 237 -19
-162 237 -18
-162 237 -17
-162 238 -19
-162 238 -17
-162 239 -19
-162 239 -17
-161 225 -32
-161 225 -31
-161 225 -30
-161 225 -28
-161 225 -27
-161 225 -26
-161 225 -25
-161 225 -24
-161 225 -23
-161 225 -22
-161 225 -21
-161 225 -20
-161 225 -19
-161 225 -18
-161 225 -17
-161 226 -32
-161 226 -31
-161 226 -30
-161 226 -29
-161 226 -28
-161 226 -27
-161 226 -26
-161 226 -25
-161 226 -24
-161 226 -23
-161 226 -22
-161 226 -21
-161 226 -20
-161 226 -19
-161 226 -18
-161 226 -17
-161 227 -32
-161 227 -31
-161 227 -30
-161 227 -29
-161 227 -28
-161 227 -27
-161 227 -26
-161 227 -25
-161 227 -24
-161 227 -23
-161 227 -22
-161 227 -21
-161 227 -20
-161 227 -19
-161 227 -18
-161 227 -17
-161 228 -32
-161 228 -30
-161 228 -29
-161 228 -28
-161 228 -27
-161 228 -26
-161 228 -25
-161 228 -24
-161 228 -23
-161 228 -22
-161 228 -21
-161 228 -20
-161 228 -19
-161 228 -18
-161 228 -17
-161 229 -32
-161 229 -31
-161 229 -30
-161 229 -29
-161 229 -28
-161 229 -27
-161 229 -26
-161 229 -25
-161 229 -24
-161 229 -23
-161 229 -22
-161 229 -21
-161 229 -20
-161 229 -19
-161 229 -18
-161 229 -17
-161 230 -32
-161 230 -31
-161 230 -30
-161 230 -29
-161 230 -28
-161 230 -27
-161 230 -26
-161 230 -25
-161 230 -24
-161 230 -23
-161 230 -22
-161 230 -21
-161 230 -20
-161 230 -19
-161 230 -18
-161 230 -17
-161 231 -31
-161 231 -30
-161 231 -29
-161 231 -27
-161 231 -26
-161 231 -25
-161 231 -24
-161 231 -22
-161 231 -21
-161 231 -20
-161 231 -19
-161 231 -18
-161 231 -17
-161 232 -30
-161 232 -27
-161 232 -24
-161 232 -21
-161 232 -20
-161 232 -19
-161 232 -18
-161 232 -17
-161 233 -23
-161 233 -22
-161 233 -21
-161 233 -19
-161 233 -18
-161 233 -17
-161 234 -22
-161 234 -20
-161 234 -19
-161 234 -18
-161 234 -17
-161 235 -21
-161 235 -20
-161 235 -19
-161 235 -18
-161 235 -17
-161 236 -22
-161 236 -21
-161 236 -20
-161 236 -18
-161 236 -17
-161 237 -20
-161 237 -19
-161 237 -18
-161 237 -17
-161 238 -19
-161 238 -17
-161 239 -19
-161 239 -18
-161 239 -17
-161 240 -19

