alfheim:altWood1
12
-140 239 110
-140 239 111
-139 237 111
-139 238 109
-139 238 110
-139 238 111
-139 239 108
-139 239 110
-139 239 111
-139 240 110
-139 240 111
-139 241 110
-138 237 111
-138 238 110
-138 238 111
-138 239 108
-138 239 109
-138 239 110
-138 239 111
-138 240 109
-138 240 110
-138 240 111
-138 241 108
-137 238 110
-137 238 111
-137 239 109
-137 239 110
-137 239 111
-137 240 108
-137 240 109
-137 240 110
-137 240 111
-137 241 108
-137 241 110
-137 242 108
-136 232 96
-136 239 111
-135 232 96
-135 233 96
alfheim:altLeaves
6
-144 232 96
-144 233 96
-144 233 108
-144 234 96
-144 234 97
-144 234 108
-144 234 110
-144 235 96
-144 235 97
-144 235 98
-144 235 99
-144 235 100
-144 235 102
-144 235 107
-144 235 108
-144 235 109
-144 235 110
-144 236 96
-144 236 97
-144 236 98
-144 236 99
-144 236 100
-144 236 101
-144 236 102
-144 236 103
-144 236 104
-144 236 105
-144 236 107
-144 236 108
-144 236 109
-144 236 110
-144 237 96
-144 237 97
-144 237 98
-144 237 99
-144 237 100
-144 237 101
-144 237 102
-144 237 103
-144 237 105
-144 237 106
-144 237 107
-144 237 108
-144 237 109
-144 237 110
-144 237 111
-144 238 96
-144 238 97
-144 238 98
-144 238 99
-144 238 100
-144 238 101
-144 238 102
-144 238 103
-144 238 104
-144 238 105
-144 238 106
-144 238 107
-144 238 108
-144 238 109
-144 238 110
-144 238 111
-144 239 96
-144 239 97
-144 239 98
-144 239 99
-144 239 100
-144 239 101
-144 239 102
-144 239 103
-144 239 104
-144 239 105
-144 239 106
-144 239 107
-144 239 108
-144 239 109
-144 239 110
-144 239 111
-144 240 96
-144 240 97
-144 240 98
-144 240 99
-144 240 100
-144 240 101
-144 240 102
-144 240 103
-144 240 104
-144 240 105
-144 240 106
-144 240 107
-144 240 108
-144 240 109
-144 240 110
-144 240 111
-144 241 96
-144 241 97
-144 241 98
-144 241 99
-144 241 100
-144 241 101
-144 241 102
-144 241 103
-144 241 104
-144 241 105
-144 241 106
-144 241 107
-144 241 108
-144 241 109
-144 241 110
-144 241 111
-144 242 96
-144 242 97
-144 242 98
-144 242 99
-144 242 100
-144 242 101
-144 242 102
-144 242 103
-144 242 104
-144 242 105
-144 242 106
-144 242 107
-144 242 108
-144 242 109
-144 242 110
-144 242 111
-144 243 97
-144 243 98
-144 243 100
-144 243 101
-144 243 102
-144 243 103
-144 243 104
-144 243 105
-144 243 106
-144 243 107
-144 243 108
-144 243 109
-144 243 110
-144 243 111
-144 244 98
-144 244 100
-144 244 101
-144 244 102
-144 244 103
-144 244 104
-144 244 105
-144 244 106
-144 244 107
-144 244 108
-144 244 109
-144 244 110
-144 244 111
-144 245 100
-144 245 101
-144 245 102
-144 245 103
-144 245 104
-144 245 105
-144 245 106
-144 245 107
-144 245 108
-144 245 109
-144 245 110
-144 245 111
-144 246 101
-144 246 104
-144 246 105
-144 246 106
-144 246 108
-144 246 110
-144 246 111
-144 247 105
-144 247 106
-144 247 108
-144 247 109
-144 247 110
-144 247 111
-144 248 106
-144 248 109
-144 248 110
-144 248 111
-144 249 110
-143 232 96
-143 233 96
-143 233 97
-143 233 98
-143 234 96
-143 234 97
-143 234 100
-143 234 104
-143 234 108
-143 235 96
-143 235 97
-143 235 98
-143 235 99
-143 235 100
-143 235 101
-143 235 104
-143 235 105
-143 235 106
-143 235 108
-143 235 110
-143 236 96
-143 236 97
-143 236 98
-143 236 99
-143 236 100
-143 236 101
-143 236 102
-143 236 103
-143 236 110
-143 236 111
-143 237 96
-143 237 97
-143 237 98
-143 237 99
-143 237 100
-143 237 101
-143 237 102
-143 237 103
-143 237 104
-143 237 106
-143 237 108
-143 237 109
-143 237 110
-143 237 111
-143 238 96
-143 238 97
-143 238 98
-143 238 99
-143 238 100
-143 238 101
-143 238 102
-143 238 103
-143 238 104
-143 238 105
-143 238 106
-143 238 107
-143 238 108
-143 238 109
-143 238 110
-143 238 111
-143 239 97
-143 239 98
-143 239 99
-143 239 100
-143 239 101
-143 239 102
-143 239 103
-143 239 104
-143 239 105
-143 239 106
-143 239 107
-143 239 108
-143 239 109
-143 239 110
-143 239 111
-143 240 96
-143 240 97
-143 240 98
-143 240 99
-143 240 100
-143 240 101
-143 240 102
-143 240 103
-143 240 104
-143 240 105
-143 240 106
-143 240 107
-143 240 108
-143 240 109
-143 240 110
-143 240 111
-143 241 96
-143 241 97
-143 241 98
-143 241 99
-143 241 100
-143 241 101
-143 241 102
-143 241 103
-143 241 104
-143 241 105
-143 241 106
-143 241 107
-143 241 108
-143 241 109
-143 241 110
-143 241 111
-143 242 97
-143 242 98
-143 242 99
-143 242 100
-143 242 101
-143 242 102
-143 242 103
-143 242 104
-143 242 105
-143 242 106
-143 242 107
-143 242 108
-143 242 109
-143 242 110
-143 242 111
-143 243 97
-143 243 98
-143 243 99
-143 243 100
-143 243 101
-143 243 102
-143 243 103
-143 243 104
-143 243 105
-143 243 106
-143 243 107
-143 243 108
-143 243 109
-143 243 110
-143 243 111
-143 244 98
-143 244 99
-143 244 100
-143 244 101
-143 244 102
-143 244 103
-143 244 104
-143 244 105
-143 244 106
-143 244 107
-143 244 108
-143 244 109
-143 244 110
-143 244 111
-143 245 100
-143 245 101
-143 245 102
-143 245 103
-143 245 104
-143 245 105
-143 245 106
-143 245 107
-143 245 108
-143 245 109
-143 245 110
-143 245 111
-143 246 102
-143 246 103
-143 246 104
-143 246 105
-143 246 106
-143 246 107
-143 246 108
-143 246 109
-143 246 110
-143 246 111
-143 247 103
-143 247 104
-143 247 106
-143 247 108
-143 247 109
-143 247 110
-143 247 111
-143 248 107
-143 248 108
-143 248 109
-143 248 111
-142 232 103
-142 232 104
-142 233 96
-142 233 98
-142 233 99
-142 233 100
-142 233 103
-142 234 96
-142 234 97
-142 234 98
-142 234 99
-142 234 100
-142 234 102
-142 234 103
-142 234 104
-142 235 96
-142 235 97
-142 235 98
-142 235 99
-142 235 100
-142 235 101
-142 235 102
-142 235 104
-142 235 105
-142 235 106
-142 235 108
-142 236 96
-142 236 97
-142 236 98
-142 236 99
-142 236 100
-142 236 101
-142 236 102
-142 236 103
-142 236 104
-142 236 105
-142 236 106
-142 236 110
-142 236 111
-142 237 96
-142 237 97
-142 237 98
-142 237 99
-142 237 100
-142 237 101
-142 237 102
-142 237 103
-142 237 104
-142 237 105
-142 237 108
-142 237 109
-142 237 110
-142 238 96
-142 238 97
-142 238 98
-142 238 99
-142 238 100
-142 238 101
-142 238 102
-142 238 103
-142 238 104
-142 238 105
-142 238 107
-142 238 108
-142 238 109
-142 238 110
-142 238 111
-142 239 96
-142 239 97
-142 239 98
-142 239 99
-142 239 100
-142 239 101
-142 239 102
-142 239 103
-142 239 104
-142 239 105
-142 239 106
-142 239 107
-142 239 108
-142 239 109
-142 239 110
-142 239 111
-142 240 96
-142 240 97
-142 240 98
-142 240 99
-142 240 100
-142 240 101
-142 240 102
-142 240 103
-142 240 104
-142 240 105
-142 240 106
-142 240 107
-142 240 108
-142 240 109
-142 240 110
-142 240 111
-142 241 96
-142 241 97
-142 241 98
-142 241 99
-142 241 100
-142 241 101
-142 241 102
-142 241 103
-142 241 104
-142 241 105
-142 241 106
-142 241 107
-142 241 108
-142 241 109
-142 241 110
-142 241 111
-142 242 96
-142 242 97
-142 242 98
-142 242 99
-142 242 100
-142 242 101
-142 242 102
-142 242 103
-142 242 104
-142 242 105
-142 242 106
-142 242 107
-142 242 108
-142 242 109
-142 242 110
-142 242 111
-142 243 97
-142 243 98
-142 243 99
-142 243 100
-142 243 101
-142 243 102
-142 243 103
-142 243 104
-142 243 105
-142 243 106
-142 243 107
-142 243 108
-142 243 109
-142 243 110
-142 243 111
-142 244 97
-142 244 100
-142 244 101
-142 244 102
-142 244 103
-142 244 104
-142 244 105
-142 244 106
-142 244 107
-142 244 108
-142 244 109
-142 244 110
-142 244 111
-142 245 98
-142 245 99
-142 245 100
-142 245 101
-142 245 102
-142 245 103
-142 245 104
-142 245 105
-142 245 106
-142 245 107
-142 245 108
-142 245 109
-142 245 110
-142 245 111
-142 246 100
-142 246 101
-142 246 102
-142 246 103
-142 246 104
-142 246 105
-142 246 106
-142 246 107
-142 246 108
-142 246 109
-142 246 110
-142 246 111
-142 247 101
-142 247 103
-142 247 104
-142 247 105
-142 247 106
-142 247 107
-142 247 108
-142 247 109
-142 247 110
-142 247 111
-142 248 105
-142 248 106
-142 248 107
-142 248 108
-142 248 109
-142 248 110
-142 248 111
-142 249 106
-142 249 109
-142 249 111
-142 250 107
-142 251 107
-141 231 103
-141 231 104
-141 232 98
-141 232 99
-141 232 102
-141 232 103
-141 232 104
-141 233 97
-141 233 98
-141 233 99
-141 233 100
-141 233 102
-141 233 103
-141 234 96
-141 234 97
-141 234 98
-141 234 99
-141 234 100
-141 234 101
-141 234 102
-141 234 103
-141 234 104
-141 234 105
-141 234 107
-141 235 96
-141 235 97
-141 235 98
-141 235 99
-141 235 100
-141 235 101
-141 235 102
-141 235 103
-141 235 104
-141 235 105
-141 235 106
-141 235 107
-141 236 96
-141 236 97
-141 236 98
-141 236 99
-141 236 100
-141 236 101
-141 236 102
-141 236 103
-141 236 104
-141 236 105
-141 236 106
-141 236 108
-141 237 96
-141 237 97
-141 237 98
-141 237 99
-141 237 100
-141 237 101
-141 237 102
-141 237 103
-141 237 104
-141 237 105
-141 237 106
-141 237 107
-141 237 108
-141 237 109
-141 237 110
-141 238 96
-141 238 97
-141 238 98
-141 238 99
-141 238 100
-141 238 101
-141 238 102
-141 238 103
-141 238 104
-141 238 105
-141 238 106
-141 238 107
-141 238 108
-141 238 109
-141 238 110
-141 238 111
-141 239 96
-141 239 97
-141 239 98
-141 239 99
-141 239 100
-141 239 101
-141 239 102
-141 239 103
-141 239 104
-141 239 105
-141 239 107
-141 239 108
-141 239 109
-141 239 110
-141 239 111
-141 240 96
-141 240 97
-141 240 98
-141 240 99
-141 240 100
-141 240 101
-141 240 102
-141 240 103
-141 240 104
-141 240 105
-141 240 106
-141 240 107
-141 240 108
-141 240 109
-141 240 111
-141 241 96
-141 241 97
-141 241 98
-141 241 99
-141 241 100
-141 241 101
-141 241 102
-141 241 103
-141 241 104
-141 241 105
-141 241 106
-141 241 107
-141 241 108
-141 241 109
-141 241 110
-141 241 111
-141 242 96
-141 242 97
-141 242 98
-141 242 99
-141 242 100
-141 242 101
-141 242 102
-141 242 103
-141 242 104
-141 242 105
-141 242 106
-141 242 107
-141 242 108
-141 242 109
-141 242 110
-141 242 111
-141 243 96
-141 243 97
-141 243 98
-141 243 99
-141 243 100
-141 243 101
-141 243 102
-141 243 103
-141 243 104
-141 243 105
-141 243 106
-141 243 107
-141 243 108
-141 243 109
-141 243 110
-141 243 111
-141 244 96
-141 244 97
-141 244 98
-141 244 99
-141 244 100
-141 244 101
-141 244 102
-141 244 103
-141 244 104
-141 244 105
-141 244 106
-141 244 107
-141 244 108
-141 244 109
-141 244 110
-141 244 111
-141 245 97
-141 245 98
-141 245 99
-141 245 101
-141 245 102
-141 245 103
-141 245 104
-141 245 105
-141 245 106
-141 245 107
-141 245 108
-141 245 109
-141 245 110
-141 245 111
-141 246 100
-141 246 101
-141 246 102
-141 246 103
-141 246 104
-141 246 105
-141 246 106
-141 246 107
-141 246 108
-141 246 109
-141 246 110
-141 246 111
-141 247 101
-141 247 102
-141 247 103
-141 247 104
-141 247 105
-141 247 106
-141 247 107
-141 247 108
-141 247 109
-141 247 110
-141 247 111
-141 248 105
-141 248 106
-141 248 107
-141 248 108
-141 248 109
-141 248 110
-141 248 111
-141 249 106
-141 249 110
-141 249 111
-141 250 106
-141 250 107
-141 250 110
-141 250 111
-141 251 107
-141 251 111
-140 232 98
-140 232 103
-140 232 104
-140 232 105
-140 233 102
-140 233 103
-140 233 104
-140 233 105
-140 233 106
-140 234 96
-140 234 97
-140 234 100
-140 234 101
-140 234 102
-140 234 104
-140 234 105
-140 234 107
-140 235 96
-140 235 97
-140 235 98
-140 235 99
-140 235 100
-140 235 101
-140 235 102
-140 235 103
-140 235 104
-140 235 105
-140 235 106
-140 235 107
-140 236 96
-140 236 97
-140 236 98
-140 236 99
-140 236 100
-140 236 101
-140 236 102
-140 236 103
-140 236 104
-140 236 105
-140 236 107
-140 236 108
-140 237 96
-140 237 97
-140 237 98
-140 237 99
-140 237 100
-140 237 101
-140 237 102
-140 237 103
-140 237 104
-140 237 105
-140 237 106
-140 237 107
-140 237 108
-140 238 96
-140 238 97
-140 238 98
-140 238 99
-140 238 100
-140 238 101
-140 238 102
-140 238 103
-140 238 104
-140 238 105
-140 238 107
-140 238 108
-140 238 109
-140 239 96
-140 239 97
-140 239 98
-140 239 99
-140 239 100
-140 239 101
-140 239 102
-140 239 103
-140 239 104
-140 239 105
-140 239 106
-140 239 107
-140 239 108
-140 239 109
-140 240 96
-140 240 97
-140 240 98
-140 240 99
-140 240 100
-140 240 101
-140 240 102
-140 240 103
-140 240 104
-140 240 105
-140 240 106
-140 240 107
-140 240 108
-140 240 109
-140 240 110
-140 240 111
-140 241 96
-140 241 97
-140 241 98
-140 241 99
-140 241 100
-140 241 101
-140 241 102
-140 241 103
-140 241 104
-140 241 105
-140 241 106
-140 241 107
-140 241 108
-140 241 109
-140 241 110
-140 241 111
-140 242 96
-140 242 97
-140 242 98
-140 242 99
-140 242 100
-140 242 101
-140 242 102
-140 242 103
-140 242 104
-140 242 105
-140 242 106
-140 242 107
-140 242 108
-140 242 109
-140 242 110
-140 242 111
-140 243 96
-140 243 97
-140 243 98
-140 243 99
-140 243 100
-140 243 101
-140 243 102
-140 243 103
-140 243 104
-140 243 105
-140 243 106
-140 243 107
-140 243 108
-140 243 109
-140 243 110
-140 243 111
-140 244 97
-140 244 98
-140 244 99
-140 244 100
-140 244 101
-140 244 102
-140 244 103
-140 244 104
-140 244 105
-140 244 106
-140 244 107
-140 244 108
-140 244 109
-140 244 110
-140 244 111
-140 245 97
-140 245 98
-140 245 99
-140 245 100
-140 245 101
-140 245 102
-140 245 103
-140 245 104
-140 245 105
-140 245 106
-140 245 107
-140 245 108
-140 245 109
-140 245 110
-140 245 111
-140 246 98
-140 246 100
-140 246 101
-140 246 102
-140 246 103
-140 246 104
-140 246 105
-140 246 106
-140 246 107
-140 246 108
-140 246 109
-140 246 110
-140 246 111
-140 247 101
-140 247 102
-140 247 103
-140 247 104
-140 247 105
-140 247 106
-140 247 107
-140 247 108
-140 247 109
-140 247 110
-140 247 111
-140 248 102
-140 248 103
-140 248 104
-140 248 105
-140 248 106
-140 248 107
-140 248 108
-140 248 109
-140 248 110
-140 248 111
-140 249 103
-140 249 105
-140 249 106
-140 249 107
-140 249 108
-140 249 109
-140 249 110
-140 249 111
-140 250 105
-140 250 107
-140 250 108
-140 250 109
-140 250 111
-140 251 105
-140 251 106
-140 251 107
-140 251 108
-140 251 110
-140 251 111
-139 231 103
-139 231 104
-139 232 102
-139 232 103
-139 232 104
-139 232 106
-139 233 96
-139 233 101
-139 233 102
-139 233 103
-139 233 104
-139 233 105
-139 233 106
-139 233 107
-139 234 96
-139 234 97
-139 234 98
-139 234 99
-139 234 100
-139 234 101
-139 234 102
-139 234 103
-139 234 104
-139 234 105
-139 234 106
-139 234 107
-139 234 108
-139 235 96
-139 235 97
-139 235 98
-139 235 99
-139 235 100
-139 235 101
-139 235 102
-139 235 103
-139 235 104
-139 235 105
-139 235 107
-139 236 96
-139 236 97
-139 236 98
-139 236 99
-139 236 100
-139 236 101
-139 236 102
-139 236 103
-139 236 104
-139 236 105
-139 236 106
-139 236 107
-139 236 108
-139 237 96
-139 237 97
-139 237 98
-139 237 99
-139 237 100
-139 237 101
-139 237 102
-139 237 103
-139 237 104
-139 237 105
-139 237 106
-139 237 107
-139 237 108
-139 238 96
-139 238 97
-139 238 98
-139 238 99
-139 238 100
-139 238 101
-139 238 102
-139 238 103
-139 238 104
-139 238 105
-139 238 106
-139 238 107
-139 238 108
-139 239 96
-139 239 97
-139 239 98
-139 239 99
-139 239 100
-139 239 101
-139 239 102
-139 239 103
-139 239 104
-139 239 105
-139 239 106
-139 239 107
-139 239 109
-139 240 96
-139 240 97
-139 240 98
-139 240 99
-139 240 100
-139 240 101
-139 240 102
-139 240 103
-139 240 104
-139 240 105
-139 240 106
-139 240 107
-139 240 108
-139 240 109
-139 241 96
-139 241 97
-139 241 98
-139 241 99
-139 241 100
-139 241 101
-139 241 102
-139 241 103
-139 241 104
-139 241 105
-139 241 106
-139 241 107
-139 241 108
-139 241 109
-139 241 111
-139 242 96
-139 242 97
-139 242 98
-139 242 99
-139 242 100
-139 242 101
-139 242 102
-139 242 103
-139 242 104
-139 242 105
-139 242 106
-139 242 107
-139 242 108
-139 242 109
-139 242 110
-139 242 111
-139 243 96
-139 243 97
-139 243 98
-139 243 99
-139 243 100
-139 243 101
-139 243 102
-139 243 103
-139 243 104
-139 243 105
-139 243 106
-139 243 107
-139 243 108
-139 243 109
-139 243 110
-139 243 111
-139 244 96
-139 244 98
-139 244 99
-139 244 100
-139 244 101
-139 244 102
-139 244 103
-139 244 105
-139 244 106
-139 244 107
-139 244 108
-139 244 109
-139 244 110
-139 244 111
-139 245 100
-139 245 101
-139 245 102
-139 245 103
-139 245 104
-139 245 105
-139 245 106
-139 245 107
-139 245 108
-139 245 109
-139 245 110
-139 245 111
-139 246 100
-139 246 101
-139 246 102
-139 246 103
-139 246 104
-139 246 105
-139 246 106
-139 246 107
-139 246 108
-139 246 109
-139 246 110
-139 246 111
-139 247 101
-139 247 102
-139 247 103
-139 247 104
-139 247 105
-139 247 106
-139 247 107
-139 247 108
-139 247 109
-139 247 110
-139 247 111
-139 248 103
-139 248 105
-139 248 106
-139 248 107
-139 248 108
-139 248 109
-139 248 110
-139 248 111
-139 249 103
-139 249 104
-139 249 105
-139 249 106
-139 249 107
-139 249 108
-139 249 110
-139 249 111
-139 250 104
-139 250 105
-139 250 106
-139 250 107
-139 250 110
-139 250 111
-139 251 105
-139 251 106
-139 251 107
-139 251 110
-138 230 103
-138 230 106
-138 231 102
-138 231 103
-138 231 104
-138 231 105
-138 231 106
-138 231 107
-138 232 102
-138 232 103
-138 232 104
-138 232 105
-138 232 106
-138 233 100
-138 233 101
-138 233 102
-138 233 103
-138 233 104
-138 233 105
-138 233 106
-138 233 107
-138 233 109
-138 234 100
-138 234 101
-138 234 102
-138 234 103
-138 234 104
-138 234 105
-138 234 106
-138 234 107
-138 234 108
-138 234 109
-138 234 110
-138 235 96
-138 235 97
-138 235 98
-138 235 99
-138 235 100
-138 235 101
-138 235 102
-138 235 103
-138 235 104
-138 235 105
-138 235 106
-138 235 107
-138 235 109
-138 236 96
-138 236 97
-138 236 98
-138 236 99
-138 236 100
-138 236 101
-138 236 102
-138 236 103
-138 236 104
-138 236 105
-138 236 106
-138 236 107
-138 236 108
-138 236 109
-138 237 96
-138 237 97
-138 237 98
-138 237 99
-138 237 100
-138 237 101
-138 237 102
-138 237 103
-138 237 104
-138 237 105
-138 237 106
-138 237 107
-138 237 108
-138 237 109
-138 237 110
-138 238 96
-138 238 97
-138 238 98
-138 238 99
-138 238 100
-138 238 101
-138 238 102
-138 238 103
-138 238 104
-138 238 105
-138 238 106
-138 238 107
-138 238 108
-138 238 109
-138 239 96
-138 239 97
-138 239 98
-138 239 99
-138 239 100
-138 239 101
-138 239 102
-138 239 103
-138 239 104
-138 239 105
-138 239 106
-138 239 107
-138 240 96
-138 240 97
-138 240 98
-138 240 99
-138 240 100
-138 240 101
-138 240 102
-138 240 103
-138 240 104
-138 240 105
-138 240 106
-138 240 107
-138 240 108
-138 241 96
-138 241 97
-138 241 98
-138 241 99
-138 241 100
-138 241 101
-138 241 102
-138 241 103
-138 241 104
-138 241 105
-138 241 106
-138 241 107
-138 241 109
-138 241 110
-138 241 111
-138 242 96
-138 242 97
-138 242 98
-138 242 99
-138 242 100
-138 242 101
-138 242 102
-138 242 103
-138 242 104
-138 242 105
-138 242 106
-138 242 107
-138 242 108
-138 242 109
-138 242 110
-138 242 111
-138 243 96
-138 243 97
-138 243 98
-138 243 99
-138 243 100
-138 243 101
-138 243 102
-138 243 103
-138 243 104
-138 243 105
-138 243 106
-138 243 107
-138 243 108
-138 243 109
-138 243 110
-138 243 111
-138 244 99
-138 244 100
-138 244 101
-138 244 102
-138 244 103
-138 244 104
-138 244 105
-138 244 106
-138 244 107
-138 244 108
-138 244 109
-138 244 110
-138 244 111
-138 245 97
-138 245 98
-138 245 99
-138 245 100
-138 245 101
-138 245 102
-138 245 103
-138 245 104
-138 245 105
-138 245 106
-138 245 107
-138 245 108
-138 245 109
-138 245 110
-138 245 111
-138 246 99
-138 246 100
-138 246 101
-138 246 102
-138 246 103
-138 246 104
-138 246 105
-138 246 106
-138 246 107
-138 246 108
-138 246 109
-138 246 110
-138 246 111
-138 247 101
-138 247 102
-138 247 103
-138 247 104
-138 247 105
-138 247 106
-138 247 107
-138 247 108
-138 247 109
-138 247 110
-138 247 111
-138 248 103
-138 248 104
-138 248 105
-138 248 106
-138 248 107
-138 248 108
-138 248 109
-138 248 110
-138 248 111
-138 249 105
-138 249 106
-138 249 107
-138 249 108
-138 249 109
-138 249 110
-138 249 111
-138 250 106
-138 250 108
-138 250 111
-138 251 105
-138 251 106
-138 251 107
-138 251 108
-138 251 111
-138 252 111
-137 230 104
-137 230 106
-137 231 104
-137 231 105
-137 231 106
-137 231 107
-137 232 101
-137 232 102
-137 232 103
-137 232 104
-137 232 105
-137 232 106
-137 232 107
-137 233 101
-137 233 102
-137 233 103
-137 233 104
-137 233 105
-137 233 106
-137 233 107
-137 233 108
-137 234 98
-137 234 99
-137 234 100
-137 234 101
-137 234 102
-137 234 103
-137 234 104
-137 234 105
-137 234 106
-137 234 107
-137 234 109
-137 234 110
-137 235 96
-137 235 97
-137 235 98
-137 235 99
-137 235 100
-137 235 101
-137 235 102
-137 235 103
-137 235 104
-137 235 105
-137 235 106
-137 235 107
-137 235 108
-137 235 109
-137 235 110
-137 236 96
-137 236 97
-137 236 98
-137 236 99
-137 236 100
-137 236 101
-137 236 102
-137 236 103
-137 236 104
-137 236 105
-137 236 106
-137 236 107
-137 236 108
-137 236 109
-137 237 96
-137 237 97
-137 237 98
-137 237 99
-137 237 100
-137 237 101
-137 237 102
-137 237 103
-137 237 104
-137 237 105
-137 237 106
-137 237 107
-137 237 108
-137 237 109
-137 238 96
-137 238 97
-137 238 98
-137 238 99
-137 238 100
-137 238 101
-137 238 102
-137 238 103
-137 238 104
-137 238 105
-137 238 106
-137 238 107
-137 238 108
-137 238 109
-137 239 96
-137 239 97
-137 239 98
-137 239 99
-137 239 100
-137 239 101
-137 239 102
-137 239 103
-137 239 104
-137 239 105
-137 239 106
-137 239 107
-137 239 108
-137 240 96
-137 240 97
-137 240 98
-137 240 99
-137 240 100
-137 240 101
-137 240 102
-137 240 103
-137 240 104
-137 240 105
-137 240 106
-137 240 107
-137 241 96
-137 241 97
-137 241 98
-137 241 99
-137 241 100
-137 241 101
-137 241 102
-137 241 103
-137 241 104
-137 241 105
-137 241 106
-137 241 107
-137 241 109
-137 242 96
-137 242 97
-137 242 98
-137 242 99
-137 242 100
-137 242 101
-137 242 102
-137 242 103
-137 242 104
-137 242 105
-137 242 106
-137 242 107
-137 242 109
-137 242 110
-137 242 111
-137 243 96
-137 243 97
-137 243 99
-137 243 100
-137 243 101
-137 243 102
-137 243 103
-137 243 104
-137 243 105
-137 243 106
-137 243 107
-137 243 108
-137 243 109
-137 243 110
-137 243 111
-137 244 97
-137 244 98
-137 244 99
-137 244 100
-137 244 101
-137 244 102
-137 244 103
-137 244 104
-137 244 105
-137 244 106
-137 244 107
-137 244 108
-137 244 109
-137 244 110
-137 244 111
-137 245 99
-137 245 100
-137 245 101
-137 245 102
-137 245 103
-137 245 104
-137 245 105
-137 245 106
-137 245 107
-137 245 108
-137 245 109
-137 245 110
-137 245 111
-137 246 101
-137 246 102
-137 246 103
-137 246 104
-137 246 105
-137 246 106
-137 246 107
-137 246 108
-137 246 109
-137 246 110
-137 246 111
-137 247 101
-137 247 102
-137 247 103
-137 247 104
-137 247 105
-137 247 106
-137 247 107
-137 247 108
-137 247 109
-137 247 110
-137 247 111
-137 248 102
-137 248 103
-137 248 104
-137 248 105
-137 248 106
-137 248 107
-137 248 108
-137 248 109
-137 248 110
-137 248 111
-137 249 103
-137 249 104
-137 249 105
-137 249 106
-137 249 107
-137 249 108
-137 249 109
-137 249 110
-137 249 111
-137 250 104
-137 250 105
-137 250 106
-137 250 107
-137 250 108
-137 250 109
-137 250 110
-137 250 111
-137 251 107
-136 230 103
-136 230 104
-136 231 101
-136 231 103
-136 231 104
-136 231 105
-136 232 100
-136 232 101
-136 232 102
-136 232 103
-136 232 104
-136 232 105
-136 232 106
-136 232 107
-136 232 108
-136 233 99
-136 233 100
-136 233 101
-136 233 102
-136 233 103
-136 233 104
-136 233 105
-136 233 106
-136 233 107
-136 233 108
-136 233 110
-136 234 96
-136 234 100
-136 234 101
-136 234 102
-136 234 103
-136 234 104
-136 234 105
-136 234 106
-136 234 107
-136 234 108
-136 234 109
-136 234 110
-136 234 111
-136 235 96
-136 235 97
-136 235 98
-136 235 100
-136 235 101
-136 235 102
-136 235 103
-136 235 104
-136 235 105
-136 235 106
-136 235 107
-136 235 108
-136 235 109
-136 235 110
-136 236 96
-136 236 97
-136 236 98
-136 236 99
-136 236 100
-136 236 101
-136 236 102
-136 236 103
-136 236 104
-136 236 105
-136 236 106
-136 236 107
-136 236 108
-136 236 109
-136 236 110
-136 237 96
-136 237 97
-136 237 98
-136 237 99
-136 237 100
-136 237 101
-136 237 102
-136 237 103
-136 237 104
-136 237 105
-136 237 106
-136 237 107
-136 237 108
-136 237 109
-136 238 96
-136 238 97
-136 238 98
-136 238 99
-136 238 100
-136 238 101
-136 238 102
-136 238 103
-136 238 104
-136 238 105
-136 238 106
-136 238 107
-136 238 108
-136 238 109
-136 239 96
-136 239 97
-136 239 98
-136 239 99
-136 239 100
-136 239 101
-136 239 102
-136 239 103
-136 239 104
-136 239 105
-136 239 106
-136 239 107
-136 239 108
-136 240 96
-136 240 97
-136 240 98
-136 240 99
-136 240 100
-136 240 101
-136 240 102
-136 240 103
-136 240 104
-136 240 105
-136 240 106
-136 240 107
-136 241 96
-136 241 97
-136 241 98
-136 241 99
-136 241 100
-136 241 101
-136 241 102
-136 241 103
-136 241 104
-136 241 105
-136 241 106
-136 241 107
-136 241 108
-136 241 109
-136 241 111
-136 242 96
-136 242 97
-136 242 98
-136 242 99
-136 242 100
-136 242 101
-136 242 102
-136 242 103
-136 242 104
-136 242 105
-136 242 106
-136 242 107
-136 242 108
-136 242 109
-136 242 110
-136 242 111
-136 243 96
-136 243 97
-136 243 98
-136 243 99
-136 243 100
-136 243 101
-136 243 102
-136 243 103
-136 243 104
-136 243 105
-136 243 106
-136 243 107
-136 243 108
-136 243 109
-136 243 110
-136 243 111
-136 244 97
-136 244 98
-136 244 99
-136 244 100
-136 244 101
-136 244 102
-136 244 103
-136 244 104
-136 244 105
-136 244 106
-136 244 108
-136 244 109
-136 244 110
-136 244 111
-136 245 97
-136 245 99
-136 245 101
-136 245 102
-136 245 103
-136 245 104
-136 245 105
-136 245 106
-136 245 107
-136 245 108
-136 245 109
-136 245 110
-136 245 111
-136 246 103
-136 246 104
-136 246 105
-136 246 106
-136 246 107
-136 246 108
-136 246 109
-136 246 110
-136 246 111
-136 247 103
-136 247 105
-136 247 106
-136 247 107
-136 247 108
-136 247 109
-136 247 110
-136 247 111
-136 248 104
-136 248 105
-136 248 106
-136 248 107
-136 248 108
-136 248 109
-136 248 110
-136 248 111
-136 249 104
-136 249 106
-136 249 107
-136 249 108
-136 249 109
-136 249 110
-136 249 111
-136 250 106
-136 250 108
-136 250 109
-136 250 111
-136 251 109
-135 230 103
-135 230 106
-135 231 101
-135 231 103
-135 231 104
-135 231 105
-135 231 106
-135 232 101
-135 232 102
-135 232 103
-135 232 104
-135 232 105
-135 232 106
-135 232 107
-135 233 99
-135 233 100
-135 233 101
-135 233 102
-135 233 103
-135 233 104
-135 233 105
-135 233 106
-135 233 107
-135 233 108
-135 234 96
-135 234 99
-135 234 100
-135 234 101
-135 234 102
-135 234 103
-135 234 104
-135 234 105
-135 234 106
-135 234 107
-135 234 108
-135 234 110
-135 235 96
-135 235 97
-135 235 98
-135 235 100
-135 235 101
-135 235 102
-135 235 103
-135 235 104
-135 235 105
-135 235 106
-135 235 107
-135 235 108
-135 235 109
-135 236 96
-135 236 97
-135 236 98
-135 236 99
-135 236 100
-135 236 101
-135 236 102
-135 236 103
-135 236 104
-135 236 105
-135 236 106
-135 236 107
-135 236 108
-135 237 96
-135 237 97
-135 237 98
-135 237 99
-135 237 100
-135 237 101
-135 237 102
-135 237 103
-135 237 104
-135 237 105
-135 237 106
-135 237 107
-135 237 108
-135 238 96
-135 238 97
-135 238 98
-135 238 99
-135 238 100
-135 238 101
-135 238 102
-135 238 103
-135 238 104
-135 238 105
-135 238 106
-135 238 108
-135 239 96
-135 239 98
-135 239 99
-135 239 100
-135 239 101
-135 239 102
-135 239 103
-135 239 104
-135 239 105
-135 239 106
-135 239 107
-135 239 108
-135 239 109
-135 240 96
-135 240 97
-135 240 98
-135 240 99
-135 240 100
-135 240 101
-135 240 102
-135 240 103
-135 240 104
-135 240 105
-135 240 106
-135 240 107
-135 240 109
-135 240 110
-135 241 96
-135 241 97
-135 241 98
-135 241 99
-135 241 100
-135 241 101
-135 241 102
-135 241 103
-135 241 104
-135 241 105
-135 241 106
-135 241 107
-135 241 108
-135 241 109
-135 241 110
-135 241 111
-135 242 96
-135 242 97
-135 242 98
-135 242 99
-135 242 100
-135 242 101
-135 242 102
-135 242 103
-135 242 104
-135 242 105
-135 242 106
-135 242 107
-135 242 108
-135 242 109
-135 242 110
-135 242 111
-135 243 96
-135 243 97
-135 243 98
-135 243 99
-135 243 101
-135 243 102
-135 243 103
-135 243 104
-135 243 105
-135 243 106
-135 243 107
-135 243 108
-135 243 109
-135 243 110
-135 243 111
-135 244 97
-135 244 98
-135 244 99
-135 244 102
-135 244 103
-135 244 104
-135 244 105
-135 244 106
-135 244 107
-135 244 108
-135 244 109
-135 244 110
-135 244 111
-135 245 101
-135 245 102
-135 245 103
-135 245 104
-135 245 105
-135 245 106
-135 245 107
-135 245 108
-135 245 109
-135 245 110
-135 245 111
-135 246 103
-135 246 105
-135 246 106
-135 246 107
-135 246 108
-135 246 109
-135 246 110
-135 246 111
-135 247 104
-135 247 105
-135 247 106
-135 247 107
-135 247 108
-135 247 109
-135 247 110
-135 247 111
-135 248 104
-135 248 105
-135 248 106
-135 248 107
-135 248 108
-135 248 109
-135 248 110
-135 248 111
-135 249 106
-135 249 107
-135 249 108
-135 249 109
-135 249 110
-135 249 111
-135 250 107
-135 250 108
-135 251 107
-135 251 108
-134 229 103
-134 230 103
-134 231 101
-134 231 103
-134 231 104
-134 231 105
-134 231 107
-134 232 99
-134 232 101
-134 232 102
-134 232 103
-134 232 104
-134 232 105
-134 232 106
-134 232 107
-134 232 108
-134 233 96
-134 233 97
-134 233 98
-134 233 99
-134 233 100
-134 233 101
-134 233 102
-134 233 103
-134 233 104
-134 233 105
-134 233 106
-134 233 107
-134 233 108
-134 233 109
-134 234 96
-134 234 97
-134 234 99
-134 234 100
-134 234 101
-134 234 102
-134 234 103
-134 234 104
-134 234 105
-134 234 106
-134 234 107
-134 234 108
-134 234 109
-134 235 96
-134 235 97
-134 235 100
-134 235 101
-134 235 102
-134 235 103
-134 235 104
-134 235 105
-134 235 106
-134 235 107
-134 235 108
-134 235 109
-134 235 110
-134 236 96
-134 236 97
-134 236 98
-134 236 99
-134 236 100
-134 236 101
-134 236 102
-134 236 103
-134 236 104
-134 236 105
-134 236 106
-134 236 107
-134 236 108
-134 236 109
-134 237 96
-134 237 97
-134 237 98
-134 237 99
-134 237 100
-134 237 101
-134 237 102
-134 237 103
-134 237 104
-134 237 105
-134 237 106
-134 237 107
-134 237 108
-134 237 109
-134 237 110
-134 238 96
-134 238 97
-134 238 98
-134 238 99
-134 238 100
-134 238 101
-134 238 102
-134 238 103
-134 238 104
-134 238 105
-134 238 106
-134 238 107
-134 238 108
-134 239 96
-134 239 97
-134 239 98
-134 239 99
-134 239 100
-134 239 101
-134 239 102
-134 239 103
-134 239 104
-134 239 105
-134 239 106
-134 239 107
-134 239 108
-134 239 109
-134 239 111
-134 240 96
-134 240 97
-134 240 98
-134 240 99
-134 240 100
-134 240 101
-134 240 102
-134 240 103
-134 240 104
-134 240 105
-134 240 106
-134 240 107
-134 240 108
-134 240 109
-134 240 110
-134 240 111
-134 241 96
-134 241 97
-134 241 98
-134 241 99
-134 241 100
-134 241 101
-134 241 102
-134 241 103
-134 241 104
-134 241 105
-134 241 106
-134 241 107
-134 241 108
-134 241 109
-134 241 110
-134 241 111
-134 242 96
-134 242 97
-134 242 98
-134 242 99
-134 242 100
-134 242 101
-134 242 102
-134 242 103
-134 242 104
-134 242 105
-134 242 106
-134 242 107
-134 242 108
-134 242 109
-134 242 110
-134 242 111
-134 243 97
-134 243 99
-134 243 100
-134 243 101
-134 243 102
-134 243 104
-134 243 105
-134 243 106
-134 243 107
-134 243 108
-134 243 109
-134 243 110
-134 243 111
-134 244 102
-134 244 105
-134 244 106
-134 244 107
-134 244 108
-134 244 109
-134 244 110
-134 244 111
-134 245 103
-134 245 104
-134 245 105
-134 245 106
-134 245 107
-134 245 108
-134 245 109
-134 245 110
-134 245 111
-134 246 105
-134 246 106
-134 246 107
-134 246 108
-134 246 109
-134 246 110
-134 246 111
-134 247 105
-134 247 106
-134 247 107
-134 247 108
-134 247 109
-134 247 110
-134 247 111
-134 248 105
-134 248 106
-134 248 107
-134 248 108
-134 248 109
-134 248 110
-134 248 111
-134 249 106
-134 249 107
-134 249 108
-134 249 109
-134 249 110
-134 249 111
-134 250 107
-134 250 108
-134 250 109
-134 250 110
-134 250 111
-134 251 107
-134 251 108
-134 251 110
-134 251 111
-134 252 107
-134 252 110
-133 229 104
-133 230 102
-133 230 103
-133 230 104
-133 230 106
-133 230 107
-133 231 100
-133 231 101
-133 231 102
-133 231 103
-133 231 104
-133 231 105
-133 231 106
-133 231 107
-133 231 108
-133 232 100
-133 232 101
-133 232 102
-133 232 103
-133 232 104
-133 232 105
-133 232 106
-133 232 107
-133 232 108
-133 233 96
-133 233 98
-133 233 99
-133 233 100
-133 233 101
-133 233 102
-133 233 103
-133 233 104
-133 233 105
-133 233 106
-133 233 107
-133 233 108
-133 233 109
-133 234 96
-133 234 97
-133 234 98
-133 234 100
-133 234 101
-133 234 102
-133 234 103
-133 234 104
-133 234 105
-133 234 106
-133 234 107
-133 234 108
-133 234 109
-133 234 110
-133 235 96
-133 235 97
-133 235 98
-133 235 99
-133 235 100
-133 235 101
-133 235 102
-133 235 103
-133 235 104
-133 235 105
-133 235 106
-133 235 107
-133 235 108
-133 235 109
-133 236 96
-133 236 97
-133 236 98
-133 236 99
-133 236 100
-133 236 101
-133 236 102
-133 236 103
-133 236 104
-133 236 105
-133 236 106
-133 236 107
-133 236 108
-133 236 109
-133 237 96
-133 237 97
-133 237 98
-133 237 99
-133 237 100
-133 237 101
-133 237 102
-133 237 103
-133 237 104
-133 237 105
-133 237 106
-133 237 107
-133 237 108
-133 237 109
-133 238 96
-133 238 97
-133 238 98
-133 238 99
-133 238 100
-133 238 101
-133 238 102
-133 238 103
-133 238 104
-133 238 105
-133 238 106
-133 238 107
-133 238 108
-133 238 109
-133 238 110
-133 239 96
-133 239 97
-133 239 98
-133 239 99
-133 239 100
-133 239 101
-133 239 102
-133 239 103
-133 239 104
-133 239 105
-133 239 106
-133 239 107
-133 239 108
-133 239 109
-133 239 110
-133 239 111
-133 240 96
-133 240 97
-133 240 98
-133 240 99
-133 240 100
-133 240 101
-133 240 102
-133 240 103
-133 240 104
-133 240 105
-133 240 106
-133 240 107
-133 240 108
-133 240 109
-133 240 110
-133 240 111
-133 241 96
-133 241 97
-133 241 98
-133 241 99
-133 241 101
-133 241 102
-133 241 103
-133 241 104
-133 241 105
-133 241 106
-133 241 107
-133 241 108
-133 241 109
-133 241 110
-133 241 111
-133 242 96
-133 242 97
-133 242 98
-133 242 100
-133 242 101
-133 242 102
-133 242 103
-133 242 104
-133 242 105
-133 242 106
-133 242 107
-133 242 108
-133 242 109
-133 242 110
-133 242 111
-133 243 98
-133 243 100
-133 243 101
-133 243 104
-133 243 105
-133 243 106
-133 243 107
-133 243 108
-133 243 109
-133 243 110
-133 243 111
-133 244 103
-133 244 104
-133 244 105
-133 244 106
-133 244 107
-133 244 108
-133 244 109
-133 244 110
-133 244 111
-133 245 104
-133 245 106
-133 245 107
-133 245 108
-133 245 109
-133 245 110
-133 245 111
-133 246 105
-133 246 106
-133 246 107
-133 246 108
-133 246 109
-133 246 110
-133 246 111
-133 247 105
-133 247 106
-133 247 107
-133 247 108
-133 247 109
-133 247 110
-133 247 111
-133 248 106
-133 248 107
-133 248 108
-133 248 110
-133 248 111
-133 249 105
-133 249 106
-133 249 107
-133 249 108
-133 249 109
-133 249 110
-133 249 111
-133 250 107
-133 250 108
-133 250 109
-133 250 110
-133 250 111
-133 251 107
-132 229 102
-132 229 104
-132 230 102
-132 230 103
-132 230 104
-132 231 101
-132 231 102
-132 231 103
-132 231 104
-132 231 105
-132 231 106
-132 231 107
-132 232 97
-132 232 98
-132 232 100
-132 232 101
-132 232 102
-132 232 103
-132 232 104
-132 232 105
-132 232 106
-132 232 107
-132 232 108
-132 233 96
-132 233 97
-132 233 98
-132 233 100
-132 233 101
-132 233 102
-132 233 103
-132 233 104
-132 233 105
-132 233 106
-132 233 107
-132 233 108
-132 233 109
-132 233 110
-132 234 98
-132 234 99
-132 234 100
-132 234 101
-132 234 102
-132 234 103
-132 234 104
-132 234 105
-132 234 106
-132 234 107
-132 234 108
-132 234 109
-132 234 110
-132 234 111
-132 235 96
-132 235 97
-132 235 98
-132 235 99
-132 235 100
-132 235 101
-132 235 102
-132 235 103
-132 235 104
-132 235 105
-132 235 106
-132 235 107
-132 235 108
-132 235 109
-132 235 110
-132 235 111
-132 236 96
-132 236 97
-132 236 98
-132 236 99
-132 236 100
-132 236 101
-132 236 102
-132 236 103
-132 236 104
-132 236 105
-132 236 106
-132 236 107
-132 236 108
-132 236 109
-132 236 110
-132 237 96
-132 237 97
-132 237 98
-132 237 99
-132 237 100
-132 237 101
-132 237 102
-132 237 103
-132 237 104
-132 237 105
-132 237 106
-132 237 107
-132 237 108
-132 237 109
-132 237 110
-132 237 111
-132 238 96
-132 238 97
-132 238 98
-132 238 99
-132 238 100
-132 238 101
-132 238 102
-132 238 103
-132 238 104
-132 238 105
-132 238 106
-132 238 107
-132 238 108
-132 238 109
-132 238 110
-132 238 111
-132 239 96
-132 239 97
-132 239 98
-132 239 99
-132 239 100
-132 239 101
-132 239 102
-132 239 103
-132 239 104
-132 239 105
-132 239 106
-132 239 107
-132 239 108
-132 239 109
-132 239 110
-132 239 111
-132 240 96
-132 240 97
-132 240 98
-132 240 99
-132 240 100
-132 240 101
-132 240 102
-132 240 103
-132 240 104
-132 240 105
-132 240 106
-132 240 107
-132 240 108
-132 240 109
-132 240 110
-132 240 111
-132 241 96
-132 241 97
-132 241 98
-132 241 99
-132 241 102
-132 241 103
-132 241 104
-132 241 105
-132 241 106
-132 241 107
-132 241 108
-132 241 109
-132 241 110
-132 241 111
-132 242 96
-132 242 97
-132 242 98
-132 242 101
-132 242 102
-132 242 103
-132 242 104
-132 242 105
-132 242 106
-132 242 107
-132 242 108
-132 242 109
-132 242 110
-132 242 111
-132 243 97
-132 243 101
-132 243 102
-132 243 104
-132 243 105
-132 243 106
-132 243 107
-132 243 108
-132 243 109
-132 243 110
-132 243 111
-132 244 104
-132 244 105
-132 244 106
-132 244 107
-132 244 108
-132 244 109
-132 244 110
-132 244 111
-132 245 104
-132 245 105
-132 245 106
-132 245 107
-132 245 108
-132 245 109
-132 245 110
-132 245 111
-132 246 106
-132 246 107
-132 246 108
-132 246 109
-132 246 110
-132 246 111
-132 247 105
-132 247 106
-132 247 107
-132 247 108
-132 247 109
-132 247 110
-132 247 111
-132 248 107
-132 248 108
-132 248 109
-132 248 110
-132 249 107
-132 249 108
-132 249 109
-132 249 110
-132 249 111
-132 250 107
-132 250 108
-132 250 109
-132 250 111
-131 230 103
-131 230 104
-131 231 100
-131 231 102
-131 231 103
-131 231 104
-131 231 105
-131 231 106
-131 231 107
-131 232 100
-131 232 101
-131 232 102
-131 232 103
-131 232 104
-131 232 105
-131 232 106
-131 232 107
-131 232 108
-131 232 109
-131 232 110
-131 233 97
-131 233 100
-131 233 101
-131 233 102
-131 233 103
-131 233 104
-131 233 105
-131 233 106
-131 233 107
-131 233 108
-131 233 109
-131 233 110
-131 233 111
-131 234 96
-131 234 97
-131 234 98
-131 234 99
-131 234 100
-131 234 101
-131 234 102
-131 234 103
-131 234 104
-131 234 105
-131 234 106
-131 234 107
-131 234 108
-131 234 109
-131 234 110
-131 235 96
-131 235 97
-131 235 98
-131 235 99
-131 235 101
-131 235 102
-131 235 103
-131 235 104
-131 235 105
-131 235 106
-131 235 107
-131 235 108
-131 235 109
-131 236 96
-131 236 97
-131 236 98
-131 236 99
-131 236 100
-131 236 101
-131 236 102
-131 236 103
-131 236 104
-131 236 105
-131 236 106
-131 236 107
-131 236 108
-131 236 109
-131 236 110
-131 236 111
-131 237 96
-131 237 97
-131 237 98
-131 237 99
-131 237 100
-131 237 101
-131 237 102
-131 237 103
-131 237 104
-131 237 105
-131 237 106
-131 237 107
-131 237 108
-131 237 109
-131 237 110
-131 237 111
-131 238 96
-131 238 97
-131 238 98
-131 238 99
-131 238 100
-131 238 101
-131 238 103
-131 238 104
-131 238 105
-131 238 106
-131 238 107
-131 238 108
-131 238 109
-131 238 110
-131 238 111
-131 239 96
-131 239 97
-131 239 98
-131 239 99
-131 239 100
-131 239 101
-131 239 102
-131 239 103
-131 239 104
-131 239 105
-131 239 106
-131 239 107
-131 239 108
-131 239 109
-131 239 110
-131 239 111
-131 240 96
-131 240 97
-131 240 98
-131 240 100
-131 240 103
-131 240 104
-131 240 105
-131 240 106
-131 240 107
-131 240 108
-131 240 109
-131 240 110
-131 240 111
-131 241 96
-131 241 97
-131 241 98
-131 241 99
-131 241 101
-131 241 102
-131 241 103
-131 241 104
-131 241 105
-131 241 106
-131 241 107
-131 241 108
-131 241 109
-131 241 110
-131 241 111
-131 242 96
-131 242 102
-131 242 103
-131 242 104
-131 242 105
-131 242 106
-131 242 107
-131 242 108
-131 242 109
-131 242 110
-131 242 111
-131 243 96
-131 243 102
-131 243 103
-131 243 105
-131 243 106
-131 243 107
-131 243 108
-131 243 109
-131 243 110
-131 243 111
-131 244 103
-131 244 104
-131 244 105
-131 244 106
-131 244 107
-131 244 108
-131 244 109
-131 244 110
-131 244 111
-131 245 103
-131 245 104
-131 245 105
-131 245 106
-131 245 107
-131 245 108
-131 245 109
-131 245 110
-131 245 111
-131 246 105
-131 246 106
-131 246 107
-131 246 108
-131 246 109
-131 246 110
-131 246 111
-131 247 106
-131 247 107
-131 247 108
-131 247 109
-131 248 107
-131 248 108
-131 248 109
-131 248 110
-131 249 109
-131 249 110
-131 250 108
-131 250 109
-130 229 104
-130 229 106
-130 230 100
-130 230 102
-130 230 103
-130 230 104
-130 230 106
-130 230 107
-130 231 100
-130 231 101
-130 231 102
-130 231 103
-130 231 104
-130 231 105
-130 231 106
-130 231 107
-130 231 108
-130 232 99
-130 232 100
-130 232 101
-130 232 102
-130 232 103
-130 232 104
-130 232 105
-130 232 106
-130 232 107
-130 232 108
-130 232 109
-130 232 110
-130 232 111
-130 233 100
-130 233 101
-130 233 102
-130 233 103
-130 233 104
-130 233 105
-130 233 106
-130 233 107
-130 233 108
-130 233 109
-130 233 110
-130 233 111
-130 234 98
-130 234 99
-130 234 100
-130 234 101
-130 234 102
-130 234 103
-130 234 104
-130 234 105
-130 234 106
-130 234 107
-130 234 108
-130 234 109
-130 234 110
-130 234 111
-130 235 96
-130 235 97
-130 235 98
-130 235 101
-130 235 102
-130 235 103
-130 235 104
-130 235 105
-130 235 106
-130 235 107
-130 235 108
-130 235 109
-130 235 110
-130 235 111
-130 236 96
-130 236 97
-130 236 98
-130 236 99
-130 236 100
-130 236 101
-130 236 102
-130 236 103
-130 236 104
-130 236 105
-130 236 106
-130 236 107
-130 236 108
-130 236 109
-130 236 110
-130 236 111
-130 237 96
-130 237 97
-130 237 98
-130 237 99
-130 237 100
-130 237 101
-130 237 102
-130 237 103
-130 237 104
-130 237 105
-130 237 106
-130 237 107
-130 237 108
-130 237 109
-130 237 110
-130 237 111
-130 238 96
-130 238 97
-130 238 98
-130 238 99
-130 238 101
-130 238 102
-130 238 103
-130 238 104
-130 238 105
-130 238 106
-130 238 107
-130 238 108
-130 238 109
-130 238 110
-130 238 111
-130 239 96
-130 239 97
-130 239 99
-130 239 100
-130 239 101
-130 239 103
-130 239 104
-130 239 105
-130 239 106
-130 239 107
-130 239 108
-130 239 109
-130 239 110
-130 239 111
-130 240 96
-130 240 97
-130 240 98
-130 240 99
-130 240 103
-130 240 104
-130 240 105
-130 240 106
-130 240 107
-130 240 108
-130 240 109
-130 240 110
-130 240 111
-130 241 96
-130 241 97
-130 241 98
-130 241 99
-130 241 103
-130 241 104
-130 241 105
-130 241 106
-130 241 107
-130 241 108
-130 241 109
-130 241 110
-130 241 111
-130 242 96
-130 242 97
-130 242 102
-130 242 103
-130 242 104
-130 242 105
-130 242 106
-130 242 107
-130 242 108
-130 242 109
-130 242 110
-130 242 111
-130 243 96
-130 243 101
-130 243 102
-130 243 103
-130 243 104
-130 243 105
-130 243 106
-130 243 107
-130 243 108
-130 243 109
-130 243 110
-130 243 111
-130 244 96
-130 244 102
-130 244 104
-130 244 105
-130 244 106
-130 244 107
-130 244 108
-130 244 109
-130 244 110
-130 244 111
-130 245 103
-130 245 104
-130 245 105
-130 245 106
-130 245 107
-130 245 108
-130 245 109
-130 245 110
-130 245 111
-130 246 104
-130 246 105
-130 246 106
-130 246 107
-130 246 108
-130 246 109
-130 246 110
-130 246 111
-130 247 105
-130 247 106
-130 247 107
-130 247 108
-130 247 109
-130 247 110
-130 249 109
-130 249 110
-129 228 104
-129 229 102
-129 229 103
-129 229 104
-129 230 100
-129 230 101
-129 230 102
-129 230 103
-129 230 104
-129 230 105
-129 230 106
-129 230 108
-129 230 111
-129 231 101
-129 231 102
-129 231 103
-129 231 104
-129 231 105
-129 231 106
-129 231 107
-129 231 108
-129 231 109
-129 231 110
-129 231 111
-129 232 101
-129 232 102
-129 232 103
-129 232 104
-129 232 105
-129 232 106
-129 232 107
-129 232 108
-129 232 109
-129 232 110
-129 232 111
-129 233 100
-129 233 101
-129 233 102
-129 233 103
-129 233 104
-129 233 105
-129 233 106
-129 233 107
-129 233 108
-129 233 109
-129 233 110
-129 233 111
-129 234 96
-129 234 99
-129 234 100
-129 234 101
-129 234 102
-129 234 103
-129 234 104
-129 234 105
-129 234 106
-129 234 107
-129 234 108
-129 234 109
-129 234 110
-129 234 111
-129 235 96
-129 235 101
-129 235 102
-129 235 103
-129 235 104
-129 235 105
-129 235 106
-129 235 107
-129 235 108
-129 235 109
-129 235 110
-129 235 111
-129 236 96
-129 236 97
-129 236 98
-129 236 99
-129 236 100
-129 236 101
-129 236 102
-129 236 103
-129 236 104
-129 236 105
-129 236 106
-129 236 107
-129 236 108
-129 236 109
-129 236 110
-129 236 111
-129 237 96
-129 237 97
-129 237 102
-129 237 103
-129 237 104
-129 237 105
-129 237 106
-129 237 107
-129 237 108
-129 237 109
-129 237 110
-129 237 111
-129 238 96
-129 238 97
-129 238 98
-129 238 102
-129 238 103
-129 238 104
-129 238 105
-129 238 106
-129 238 107
-129 238 108
-129 238 109
-129 238 110
-129 238 111
-129 239 96
-129 239 97
-129 239 98
-129 239 101
-129 239 102
-129 239 103
-129 239 104
-129 239 105
-129 239 106
-129 239 107
-129 239 108
-129 239 109
-129 239 110
-129 239 111
-129 240 97
-129 240 101
-129 240 102
-129 240 103
-129 240 104
-129 240 105
-129 240 106
-129 240 107
-129 240 108
-129 240 109
-129 240 110
-129 240 111
-129 241 96
-129 241 97
-129 241 102
-129 241 104
-129 241 105
-129 241 106
-129 241 107
-129 241 108
-129 241 109
-129 241 110
-129 241 111
-129 242 96
-129 242 97
-129 242 102
-129 242 103
-129 242 104
-129 242 105
-129 242 106
-129 242 107
-129 242 108
-129 242 109
-129 242 110
-129 242 111
-129 243 96
-129 243 101
-129 243 102
-129 243 103
-129 243 104
-129 243 105
-129 243 106
-129 243 107
-129 243 108
-129 243 109
-129 243 110
-129 243 111
-129 244 102
-129 244 105
-129 244 106
-129 244 107
-129 244 108
-129 244 109
-129 244 110
-129 244 111
-129 245 104
-129 245 105
-129 245 106
-129 245 107
-129 245 108
-129 245 109
-129 245 110
-129 245 111
-129 246 103
-129 246 104
-129 246 105
-129 246 106
-129 246 107
-129 246 109
-129 246 111
-129 247 106
-129 247 107
-129 247 108
-129 247 109
-129 248 107

