alfheim:altWood1
12
96 193 109
96 193 110
96 193 111
96 194 108
96 194 109
96 194 110
96 194 111
96 195 107
96 195 108
96 195 109
96 195 110
96 195 111
96 196 106
96 196 107
96 196 108
96 196 109
96 196 110
96 196 111
96 197 105
96 197 106
96 197 107
96 197 108
96 197 109
96 197 110
96 197 111
96 198 101
96 198 102
96 198 103
96 198 104
96 198 105
96 198 106
96 198 107
96 198 108
96 198 109
96 198 110
96 198 111
96 199 99
96 199 100
96 199 101
96 199 102
96 199 103
96 199 104
96 199 105
96 199 106
96 199 107
96 199 108
96 199 109
96 199 110
96 199 111
96 200 97
96 200 98
96 200 99
96 200 100
96 200 101
96 200 102
96 200 103
96 200 104
96 200 105
96 200 106
96 200 107
96 200 108
96 200 109
96 200 110
96 200 111
96 201 97
96 201 98
96 201 99
96 201 100
96 201 101
96 201 102
96 201 103
96 201 104
96 201 105
96 201 106
96 201 107
96 201 108
96 201 109
96 201 110
96 201 111
96 202 97
96 202 98
96 202 99
96 202 100
96 202 101
96 202 102
96 202 103
96 202 104
96 202 105
96 202 106
96 202 107
96 202 108
96 202 109
96 202 110
96 202 111
96 203 97
96 203 98
96 203 99
96 203 100
96 203 101
96 203 102
96 203 103
96 203 104
96 203 105
96 203 106
96 203 107
96 203 108
96 203 109
96 203 110
96 203 111
96 204 98
96 204 99
96 204 100
96 204 101
96 204 102
96 204 103
96 204 104
96 204 105
96 204 106
96 204 107
96 204 108
96 204 109
96 204 110
96 204 111
96 205 98
96 205 99
96 205 100
96 205 101
96 205 102
96 205 103
96 205 104
96 205 105
96 205 106
96 205 107
96 205 108
96 205 109
96 205 110
96 205 111
96 206 98
96 206 99
96 206 100
96 206 101
96 206 102
96 206 103
96 206 104
96 206 105
96 206 106
96 206 107
96 206 108
96 206 109
96 206 110
96 206 111
96 207 99
96 207 100
96 207 101
96 207 102
96 207 103
96 207 104
96 207 105
96 207 106
96 207 107
96 207 108
96 207 109
96 207 110
96 207 111
96 208 101
96 208 102
96 208 103
96 208 104
96 208 105
96 208 106
96 208 107
96 208 108
96 208 109
96 208 110
96 208 111
96 209 102
96 209 103
96 209 104
96 209 105
96 209 106
96 209 107
96 209 108
96 209 109
96 209 110
96 209 111
96 210 104
96 210 105
96 210 106
96 210 107
96 210 108
96 210 109
96 210 110
96 210 111
96 211 108
96 211 109
96 211 110
96 211 111
96 212 111
97 193 110
97 193 111
97 194 109
97 194 110
97 194 111
97 195 109
97 195 110
97 195 111
97 196 108
97 196 109
97 196 110
97 196 111
97 197 106
97 197 107
97 197 108
97 197 109
97 197 110
97 197 111
97 198 104
97 198 105
97 198 106
97 198 107
97 198 108
97 198 109
97 198 110
97 198 111
97 199 101
97 199 102
97 199 103
97 199 104
97 199 105
97 199 106
97 199 107
97 199 108
97 199 109
97 199 110
97 199 111
97 200 99
97 200 100
97 200 101
97 200 102
97 200 103
97 200 104
97 200 105
97 200 106
97 200 107
97 200 108
97 200 109
97 200 110
97 200 111
97 201 99
97 201 100
97 201 101
97 201 102
97 201 103
97 201 104
97 201 105
97 201 106
97 201 107
97 201 108
97 201 109
97 201 110
97 201 111
97 202 99
97 202 100
97 202 101
97 202 102
97 202 103
97 202 104
97 202 105
97 202 106
97 202 107
97 202 108
97 202 109
97 202 110
97 202 111
97 203 99
97 203 100
97 203 101
97 203 102
97 203 103
97 203 104
97 203 105
97 203 106
97 203 107
97 203 108
97 203 109
97 203 110
97 203 111
97 204 99
97 204 100
97 204 101
97 204 102
97 204 103
97 204 104
97 204 105
97 204 106
97 204 107
97 204 108
97 204 109
97 204 110
97 204 111
97 205 100
97 205 101
97 205 102
97 205 103
97 205 104
97 205 105
97 205 106
97 205 107
97 205 108
97 205 109
97 205 110
97 205 111
97 206 100
97 206 101
97 206 102
97 206 103
97 206 104
97 206 105
97 206 106
97 206 107
97 206 108
97 206 109
97 206 110
97 206 111
97 207 101
97 207 102
97 207 103
97 207 104
97 207 105
97 207 106
97 207 107
97 207 108
97 207 109
97 207 110
97 207 111
97 208 102
97 208 103
97 208 104
97 208 105
97 208 106
97 208 107
97 208 108
97 208 109
97 208 110
97 208 111
97 209 103
97 209 104
97 209 105
97 209 106
97 209 107
97 209 108
97 209 109
97 209 110
97 209 111
97 210 105
97 210 106
97 210 107
97 210 108
97 210 109
97 210 110
97 210 111
97 211 109
97 211 110
97 211 111
97 212 111
98 194 111
98 195 110
98 195 111
98 196 109
98 196 110
98 196 111
98 197 108
98 197 109
98 197 110
98 197 111
98 198 106
98 198 107
98 198 108
98 198 109
98 198 110
98 198 111
98 199 103
98 199 104
98 199 105
98 199 106
98 199 107
98 199 108
98 199 109
98 199 110
98 199 111
98 200 102
98 200 103
98 200 104
98 200 105
98 200 106
98 200 107
98 200 108
98 200 109
98 200 110
98 200 111
98 201 101
98 201 102
98 201 103
98 201 104
98 201 105
98 201 106
98 201 107
98 201 108
98 201 109
98 201 110
98 201 111
98 202 101
98 202 102
98 202 103
98 202 104
98 202 105
98 202 106
98 202 107
98 202 108
98 202 109
98 202 110
98 202 111
98 203 101
98 203 102
98 203 103
98 203 104
98 203 105
98 203 106
98 203 107
98 203 108
98 203 109
98 203 110
98 203 111
98 204 101
98 204 102
98 204 103
98 204 104
98 204 105
98 204 106
98 204 107
98 204 108
98 204 109
98 204 110
98 204 111
98 205 102
98 205 103
98 205 104
98 205 105
98 205 106
98 205 107
98 205 108
98 205 109
98 205 110
98 205 111
98 206 102
98 206 103
98 206 104
98 206 105
98 206 106
98 206 107
98 206 108
98 206 109
98 206 110
98 206 111
98 207 103
98 207 104
98 207 105
98 207 106
98 207 107
98 207 108
98 207 109
98 207 110
98 207 111
98 208 103
98 208 104
98 208 105
98 208 106
98 208 107
98 208 108
98 208 109
98 208 110
98 208 111
98 209 104
98 209 105
98 209 106
98 209 107
98 209 108
98 209 109
98 209 110
98 209 111
98 210 106
98 210 107
98 210 108
98 210 109
98 210 110
98 210 111
98 211 110
98 211 111
98 212 111
99 197 110
99 197 111
99 198 109
99 198 110
99 198 111
99 199 105
99 199 106
99 199 107
99 199 108
99 199 109
99 199 110
99 199 111
99 200 104
99 200 105
99 200 106
99 200 107
99 200 108
99 200 109
99 200 110
99 200 111
99 201 103
99 201 104
99 201 105
99 201 106
99 201 107
99 201 108
99 201 109
99 201 110
99 201 111
99 202 103
99 202 104
99 202 105
99 202 106
99 202 107
99 202 108
99 202 109
99 202 110
99 202 111
99 203 103
99 203 104
99 203 105
99 203 106
99 203 107
99 203 108
99 203 109
99 203 110
99 203 111
99 204 103
99 204 104
99 204 105
99 204 106
99 204 107
99 204 108
99 204 109
99 204 110
99 204 111
99 205 103
99 205 104
99 205 105
99 205 106
99 205 107
99 205 108
99 205 109
99 205 110
99 205 111
99 206 103
99 206 104
99 206 105
99 206 106
99 206 107
99 206 108
99 206 109
99 206 110
99 206 111
99 207 104
99 207 105
99 207 106
99 207 107
99 207 108
99 207 109
99 207 110
99 207 111
99 208 105
99 208 106
99 208 107
99 208 108
99 208 109
99 208 110
99 208 111
99 209 106
99 209 107
99 209 108
99 209 109
99 209 110
99 209 111
99 210 108
99 210 109
99 210 110
99 210 111
99 211 110
99 211 111
100 198 110
100 198 111
100 199 109
100 199 110
100 199 111
100 200 106
100 200 107
100 200 108
100 200 109
100 200 110
100 200 111
100 201 105
100 201 106
100 201 107
100 201 108
100 201 109
100 201 110
100 201 111
100 202 104
100 202 105
100 202 106
100 202 107
100 202 108
100 202 109
100 202 110
100 202 111
100 203 104
100 203 105
100 203 106
100 203 107
100 203 108
100 203 109
100 203 110
100 203 111
100 204 104
100 204 105
100 204 106
100 204 107
100 204 108
100 204 109
100 204 110
100 204 111
100 205 104
100 205 105
100 205 106
100 205 107
100 205 108
100 205 109
100 205 110
100 205 111
100 206 105
100 206 106
100 206 107
100 206 108
100 206 109
100 206 110
100 206 111
100 207 105
100 207 106
100 207 107
100 207 108
100 207 109
100 207 110
100 207 111
100 208 106
100 208 107
100 208 108
100 208 109
100 208 110
100 208 111
100 209 107
100 209 108
100 209 109
100 209 110
100 209 111
100 210 109
100 210 110
100 210 111
100 211 110
100 211 111
101 198 111
101 199 110
101 199 111
101 200 109
101 200 110
101 200 111
101 201 106
101 201 107
101 201 108
101 201 109
101 201 110
101 201 111
101 202 106
101 202 107
101 202 108
101 202 109
101 202 110
101 202 111
101 203 105
101 203 106
101 203 107
101 203 108
101 203 109
101 203 110
101 203 111
101 204 105
101 204 106
101 204 107
101 204 108
101 204 109
101 204 110
101 204 111
101 205 105
101 205 106
101 205 107
101 205 108
101 205 109
101 205 110
101 205 111
101 206 106
101 206 107
101 206 108
101 206 109
101 206 110
101 206 111
101 207 106
101 207 107
101 207 108
101 207 109
101 207 110
101 207 111
101 208 107
101 208 108
101 208 109
101 208 110
101 208 111
101 209 108
101 209 109
101 209 110
101 209 111
101 210 109
101 210 110
101 210 111
101 211 111
102 199 111
102 200 110
102 200 111
102 201 109
102 201 110
102 201 111
102 202 108
102 202 109
102 202 110
102 202 111
102 203 107
102 203 108
102 203 109
102 203 110
102 203 111
102 204 107
102 204 108
102 204 109
102 204 110
102 204 111
102 205 107
102 205 108
102 205 109
102 205 110
102 205 111
102 206 107
102 206 108
102 206 109
102 206 110
102 206 111
102 207 108
102 207 109
102 207 110
102 207 111
102 208 108
102 208 109
102 208 110
102 208 111
102 209 109
102 209 110
102 209 111
102 210 110
102 210 111
102 211 111
103 200 111
103 201 111
103 202 110
103 202 111
103 203 109
103 203 110
103 203 111
103 204 108
103 204 109
103 204 110
103 204 111
103 205 108
103 205 109
103 205 110
103 205 111
103 206 108
103 206 109
103 206 110
103 206 111
103 207 108
103 207 109
103 207 110
103 207 111
103 208 108
103 208 109
103 208 110
103 208 111
103 209 108
103 209 109
103 209 110
103 209 111
103 210 109
103 210 110
103 210 111
103 211 111
104 201 111
104 202 110
104 202 111
104 203 109
104 203 110
104 203 111
104 204 108
104 204 109
104 204 110
104 204 111
104 205 108
104 205 109
104 205 110
104 205 111
104 206 107
104 206 108
104 206 109
104 206 110
104 206 111
104 207 107
104 207 108
104 207 109
104 207 110
104 207 111
104 208 107
104 208 108
104 208 109
104 208 110
104 208 111
104 209 107
104 209 108
104 209 109
104 209 110
104 209 111
104 210 107
104 210 108
104 210 109
104 210 110
104 210 111
104 211 108
104 211 109
104 211 110
104 211 111
105 201 111
105 202 110
105 202 111
105 203 109
105 203 110
105 203 111
105 204 108
105 204 109
105 204 110
105 204 111
105 205 107
105 205 108
105 205 109
105 205 110
105 205 111
105 206 106
105 206 107
105 206 108
105 206 109
105 206 110
105 206 111
105 207 106
105 207 107
105 207 108
105 207 109
105 207 110
105 207 111
105 208 106
105 208 107
105 208 108
105 208 109
105 208 110
105 208 111
105 209 106
105 209 107
105 209 108
105 209 109
105 209 110
105 209 111
105 210 106
105 210 107
105 210 108
105 210 109
105 210 110
105 210 111
105 211 107
105 211 108
105 211 109
105 211 110
105 211 111
105 212 108
105 212 109
105 212 110
105 212 111
106 202 110
106 202 111
106 203 109
106 203 110
106 203 111
106 204 107
106 204 108
106 204 109
106 204 110
106 204 111
106 205 106
106 205 107
106 205 108
106 205 109
106 205 110
106 205 111
106 206 106
106 206 107
106 206 108
106 206 109
106 206 110
106 206 111
106 207 105
106 207 106
106 207 107
106 207 108
106 207 109
106 207 110
106 207 111
106 208 105
106 208 106
106 208 107
106 208 108
106 208 109
106 208 110
106 208 111
106 209 105
106 209 106
106 209 107
106 209 108
106 209 109
106 209 110
106 209 111
106 210 106
106 210 107
106 210 108
106 210 109
106 210 110
106 210 111
106 211 106
106 211 107
106 211 108
106 211 109
106 211 110
106 211 111
106 212 107
106 212 108
106 212 109
106 212 110
106 212 111
106 213 109
106 213 110
106 213 111
107 202 111
107 203 108
107 203 109
107 203 110
107 203 111
107 204 107
107 204 108
107 204 109
107 204 110
107 204 111
107 205 106
107 205 107
107 205 108
107 205 109
107 205 110
107 205 111
107 206 105
107 206 106
107 206 107
107 206 108
107 206 109
107 206 110
107 206 111
107 207 105
107 207 106
107 207 107
107 207 108
107 207 109
107 207 110
107 207 111
107 208 105
107 208 106
107 208 107
107 208 108
107 208 109
107 208 110
107 208 111
107 209 105
107 209 106
107 209 107
107 209 108
107 209 109
107 209 110
107 209 111
107 210 105
107 210 106
107 210 107
107 210 108
107 210 109
107 210 110
107 210 111
107 211 105
107 211 106
107 211 107
107 211 108
107 211 109
107 211 110
107 211 111
107 212 106
107 212 107
107 212 108
107 212 109
107 212 110
107 212 111
107 213 108
107 213 109
107 213 110
107 213 111
107 223 96
108 203 108
108 203 109
108 203 110
108 203 111
108 204 107
108 204 108
108 204 109
108 204 110
108 204 111
108 205 106
108 205 107
108 205 108
108 205 109
108 205 110
108 205 111
108 206 105
108 206 106
108 206 107
108 206 108
108 206 109
108 206 110
108 206 111
108 207 105
108 207 106
108 207 107
108 207 108
108 207 109
108 207 110
108 207 111
108 208 104
108 208 105
108 208 106
108 208 107
108 208 108
108 208 109
108 208 110
108 208 111
108 209 104
108 209 105
108 209 106
108 209 107
108 209 108
108 209 109
108 209 110
108 209 111
108 210 104
108 210 105
108 210 106
108 210 107
108 210 108
108 210 109
108 210 110
108 210 111
108 211 104
108 211 105
108 211 106
108 211 107
108 211 108
108 211 109
108 211 110
108 211 111
108 212 104
108 212 105
108 212 106
108 212 107
108 212 108
108 212 109
108 212 110
108 212 111
108 213 106
108 213 107
108 213 108
108 213 109
108 213 110
108 213 111
108 220 98
108 221 96
108 221 97
108 221 98
108 222 96
108 222 97
108 223 96
108 223 97
108 224 96
108 224 97
109 203 108
109 203 109
109 203 110
109 203 111
109 204 107
109 204 108
109 204 109
109 204 110
109 204 111
109 205 106
109 205 107
109 205 108
109 205 109
109 205 110
109 205 111
109 206 105
109 206 106
109 206 107
109 206 108
109 206 109
109 206 110
109 206 111
109 207 104
109 207 105
109 207 106
109 207 107
109 207 108
109 207 109
109 207 110
109 207 111
109 208 103
109 208 104
109 208 105
109 208 106
109 208 107
109 208 108
109 208 109
109 208 110
109 208 111
109 209 103
109 209 104
109 209 105
109 209 106
109 209 107
109 209 108
109 209 109
109 209 110
109 209 111
109 210 103
109 210 104
109 210 105
109 210 106
109 210 107
109 210 108
109 210 109
109 210 110
109 210 111
109 211 103
109 211 104
109 211 105
109 211 106
109 211 107
109 211 108
109 211 109
109 211 110
109 211 111
109 212 104
109 212 105
109 212 106
109 212 107
109 212 108
109 212 109
109 212 110
109 212 111
109 213 105
109 213 106
109 213 107
109 213 108
109 213 109
109 213 110
109 213 111
109 214 108
109 214 109
109 218 100
109 219 97
109 219 98
109 219 99
109 220 96
109 220 97
109 220 98
109 220 99
109 221 96
109 221 97
109 221 98
109 221 99
109 222 96
109 222 97
109 222 98
109 223 96
109 223 97
109 223 98
109 224 96
109 224 97
109 224 98
110 203 109
110 203 110
110 203 111
110 204 107
110 204 108
110 204 109
110 204 110
110 204 111
110 205 106
110 205 107
110 205 108
110 205 109
110 205 110
110 205 111
110 206 104
110 206 105
110 206 106
110 206 107
110 206 108
110 206 109
110 206 110
110 206 111
110 207 103
110 207 104
110 207 105
110 207 106
110 207 107
110 207 108
110 207 109
110 207 110
110 207 111
110 208 103
110 208 104
110 208 105
110 208 106
110 208 107
110 208 108
110 208 109
110 208 110
110 208 111
110 209 102
110 209 103
110 209 104
110 209 105
110 209 106
110 209 107
110 209 108
110 209 109
110 209 110
110 209 111
110 210 102
110 210 103
110 210 104
110 210 105
110 210 106
110 210 107
110 210 108
110 210 109
110 210 110
110 210 111
110 211 102
110 211 103
110 211 104
110 211 105
110 211 106
110 211 107
110 211 108
110 211 109
110 211 110
110 211 111
110 212 103
110 212 104
110 212 105
110 212 106
110 212 107
110 212 108
110 212 109
110 212 110
110 212 111
110 213 103
110 213 104
110 213 105
110 213 106
110 213 107
110 213 108
110 213 109
110 213 110
110 213 111
110 214 105
110 214 106
110 214 107
110 214 108
110 214 109
110 214 110
110 217 99
110 217 100
110 217 101
110 218 97
110 218 98
110 218 99
110 218 100
110 218 101
110 219 96
110 219 97
110 219 98
110 219 99
110 219 100
110 219 101
110 220 96
110 220 97
110 220 98
110 220 99
110 220 100
110 221 96
110 221 97
110 221 98
110 221 99
110 221 100
110 222 96
110 222 97
110 222 98
110 222 99
110 223 96
110 223 97
110 223 98
110 224 96
110 224 97
110 224 98
111 204 108
111 204 109
111 204 110
111 204 111
111 205 105
111 205 106
111 205 107
111 205 108
111 205 109
111 205 110
111 205 111
111 206 104
111 206 105
111 206 106
111 206 107
111 206 108
111 206 109
111 206 110
111 206 111
111 207 103
111 207 104
111 207 105
111 207 106
111 207 107
111 207 108
111 207 109
111 207 110
111 207 111
111 208 102
111 208 103
111 208 104
111 208 105
111 208 106
111 208 107
111 208 108
111 208 109
111 208 110
111 208 111
111 209 102
111 209 103
111 209 104
111 209 105
111 209 106
111 209 107
111 209 108
111 209 109
111 209 110
111 209 111
111 210 101
111 210 102
111 210 103
111 210 104
111 210 105
111 210 106
111 210 107
111 210 108
111 210 109
111 210 110
111 210 111
111 211 101
111 211 102
111 211 103
111 211 104
111 211 105
111 211 106
111 211 107
111 211 108
111 211 109
111 211 110
111 211 111
111 212 102
111 212 103
111 212 104
111 212 105
111 212 106
111 212 107
111 212 108
111 212 109
111 212 110
111 212 111
111 213 102
111 213 103
111 213 104
111 213 105
111 213 106
111 213 107
111 213 108
111 213 109
111 213 110
111 213 111
111 214 102
111 214 103
111 214 104
111 214 105
111 214 106
111 214 107
111 214 108
111 214 109
111 214 110
111 215 101
111 215 102
111 215 103
111 215 104
111 215 105
111 215 106
111 215 107
111 215 108
111 215 109
111 216 99
111 216 100
111 216 101
111 216 102
111 216 103
111 216 104
111 217 98
111 217 99
111 217 100
111 217 101
111 217 102
111 217 103
111 218 97
111 218 98
111 218 99
111 218 100
111 218 101
111 218 102
111 219 96
111 219 97
111 219 98
111 219 99
111 219 100
111 219 101
111 219 102
111 220 96
111 220 97
111 220 98
111 220 99
111 220 100
111 220 101
111 221 96
111 221 97
111 221 98
111 221 99
111 221 100
111 222 96
111 222 97
111 222 98
111 222 99
111 223 96
111 223 97
111 223 98
111 224 96
111 224 97
111 224 98
108 225 96
110 225 96
111 225 96
alfheim:altLeaves
6
105 192 96
106 191 96
106 192 97
108 190 96
108 191 96
108 192 96
108 192 97
109 191 96
111 191 96
111 192 96
96 220 98
96 222 96
96 222 98
96 222 99
96 222 100
96 222 101
96 223 96
96 223 97
96 223 98
96 223 99
96 223 102
96 223 103
96 224 96
96 224 97
96 224 99
96 224 100
96 224 101
96 224 102
96 224 103
97 220 98
97 220 99
97 221 97
97 221 98
97 221 99
97 221 100
97 222 96
97 222 97
97 222 98
97 222 99
97 222 100
97 222 101
97 223 96
97 223 97
97 223 98
97 223 99
97 223 100
97 223 101
97 224 96
97 224 97
97 224 98
97 224 99
97 224 100
97 224 101
97 224 102
97 224 103
97 224 104
97 224 106
98 221 96
98 221 98
98 222 96
98 222 97
98 222 98
98 222 99
98 222 100
98 222 101
98 223 96
98 223 97
98 223 98
98 223 99
98 223 100
98 223 101
98 223 104
98 224 96
98 224 97
98 224 98
98 224 99
98 224 100
98 224 104
98 224 105
98 224 106
98 224 107
99 221 98
99 222 96
99 222 100
99 222 104
99 223 96
99 223 97
99 223 98
99 223 101
99 223 103
99 223 106
99 224 96
99 224 97
99 224 98
99 224 99
99 224 100
99 224 101
99 224 104
99 224 105
99 224 106
100 221 98
100 221 106
100 222 98
100 222 103
100 222 104
100 222 106
100 222 107
100 223 96
100 223 97
100 223 98
100 223 100
100 223 103
100 223 104
100 223 106
100 224 96
100 224 97
100 224 98
100 224 99
100 224 100
100 224 103
100 224 104
100 224 105
100 224 106
100 224 107
100 224 108
101 222 98
101 223 96
101 223 97
101 223 98
101 223 99
101 223 107
101 224 96
101 224 97
101 224 98
101 224 99
101 224 102
101 224 103
101 224 106
101 224 107
101 224 108
102 223 97
102 223 98
102 223 99
102 223 100
102 223 106
102 223 107
102 223 108
102 224 97
102 224 98
102 224 99
102 224 100
102 224 104
102 224 105
102 224 106
102 224 107
102 224 108
102 224 110
103 222 105
103 223 97
103 223 98
103 223 99
103 223 100
103 223 104
103 223 105
103 223 106
103 223 107
103 223 110
103 223 111
103 224 96
103 224 97
103 224 98
103 224 99
103 224 102
103 224 103
103 224 104
103 224 105
103 224 106
103 224 108
103 224 110
103 224 111
104 194 96
104 195 96
104 195 97
104 222 99
104 222 111
104 223 99
104 223 102
104 223 108
104 223 109
104 223 111
104 224 98
104 224 99
104 224 100
104 224 101
104 224 102
104 224 103
104 224 104
104 224 105
104 224 107
104 224 108
104 224 109
104 224 111
105 194 96
105 194 97
105 194 98
105 195 96
105 195 97
105 196 96
105 197 96
105 197 97
105 198 96
105 223 108
105 223 111
105 224 99
105 224 102
105 224 107
105 224 108
105 224 109
105 224 110
105 224 111
106 193 96
106 193 97
106 194 96
106 194 97
106 194 98
106 195 96
106 195 97
106 195 98
106 195 99
106 196 97
106 196 98
106 197 96
106 197 97
106 198 96
106 198 97
106 199 96
106 222 110
106 223 107
106 223 108
106 223 109
106 223 110
106 223 111
106 224 96
106 224 105
106 224 108
106 224 109
106 224 110
107 193 96
107 193 97
107 194 96
107 194 97
107 195 96
107 195 97
107 195 98
107 195 99
107 196 96
107 196 97
107 196 98
107 197 96
107 197 97
107 197 98
107 198 96
107 222 107
107 223 106
107 223 107
107 223 108
107 224 102
107 224 106
107 224 107
107 224 108
107 224 109
107 224 110
108 193 96
108 193 97
108 194 96
108 194 97
108 194 98
108 195 96
108 195 97
108 195 98
108 195 99
108 196 96
108 196 97
108 196 98
108 196 99
108 197 96
108 197 97
108 197 98
108 198 97
108 223 104
108 223 107
108 224 102
108 224 103
108 224 104
108 224 109
108 224 110
108 224 111
109 193 96
109 194 96
109 194 97
109 194 98
109 195 96
109 195 97
109 195 98
109 196 96
109 196 97
109 196 98
109 197 96
109 197 97
109 197 98
109 197 99
109 200 96
109 223 104
109 223 105
109 224 101
109 224 102
109 224 103
109 224 104
109 224 107
109 224 108
109 224 110
110 193 96
110 193 97
110 194 96
110 194 97
110 195 96
110 195 97
110 195 98
110 196 96
110 196 97
110 196 98
110 196 99
110 197 96
110 197 97
110 197 98
110 198 96
110 198 97
110 222 105
110 223 102
110 223 103
110 223 104
110 223 105
110 223 107
110 223 108
110 223 109
110 224 101
110 224 102
110 224 103
110 224 105
110 224 107
110 224 108
110 224 109
110 224 110
111 193 96
111 193 97
111 194 96
111 194 97
111 195 96
111 195 97
111 196 96
111 196 97
111 197 97
111 222 110
111 223 104
111 223 105
111 223 106
111 223 107
111 223 108
111 223 109
111 223 110
111 223 111
111 224 102
111 224 103
111 224 104
111 224 105
111 224 106
111 224 107
111 224 108
111 224 109
111 224 110
96 225 96
96 225 97
96 225 98
96 225 99
96 225 100
96 225 101
96 225 102
96 225 103
96 226 96
96 226 97
96 226 98
96 226 99
96 226 100
96 226 101
96 226 102
96 226 103
96 226 104
96 226 105
96 227 96
96 227 97
96 227 98
96 227 99
96 227 100
96 227 101
96 227 102
96 227 103
96 227 104
96 227 105
96 227 106
96 227 107
96 227 110
96 228 96
96 228 97
96 228 98
96 228 99
96 228 100
96 228 101
96 228 102
96 228 103
96 228 104
96 228 105
96 228 106
96 228 107
96 228 110
96 228 111
96 229 96
96 229 97
96 229 98
96 229 99
96 229 100
96 229 101
96 229 102
96 229 103
96 229 104
96 229 105
96 229 106
96 229 107
96 229 108
96 229 109
96 229 111
96 230 96
96 230 97
96 230 98
96 230 99
96 230 100
96 230 101
96 230 102
96 230 103
96 230 104
96 230 105
96 230 106
96 230 107
96 230 108
96 230 109
96 230 110
96 230 111
96 231 96
96 231 97
96 231 98
96 231 99
96 231 100
96 231 101
96 231 102
96 231 103
96 231 104
96 231 105
96 231 106
96 231 107
96 231 109
96 231 110
96 231 111
96 232 96
96 232 97
96 232 98
96 232 99
96 232 100
96 232 101
96 232 102
96 232 103
96 232 104
96 232 105
96 232 106
96 232 107
96 232 108
96 232 109
96 232 110
96 232 111
96 233 96
96 233 97
96 233 98
96 233 99
96 233 100
96 233 101
96 233 102
96 233 103
96 233 104
96 233 105
96 233 106
96 233 107
96 233 108
96 233 109
96 233 110
96 233 111
96 234 96
96 234 97
96 234 98
96 234 99
96 234 100
96 234 101
96 234 102
96 234 103
96 234 104
96 234 105
96 234 106
96 234 107
96 234 108
96 234 109
96 234 110
96 234 111
96 235 96
96 235 97
96 235 98
96 235 99
96 235 100
96 235 101
96 235 102
96 235 103
96 235 104
96 235 105
96 235 106
96 235 107
96 235 108
96 235 109
96 235 110
96 235 111
96 236 96
96 236 97
96 236 98
96 236 99
96 236 100
96 236 101
96 236 102
96 236 103
96 236 104
96 236 105
96 236 106
96 236 107
96 236 108
96 236 109
96 236 110
96 236 111
96 237 97
96 237 98
96 237 99
96 237 100
96 237 101
96 237 102
96 237 103
96 237 104
96 237 106
96 237 107
96 237 108
96 237 109
96 237 110
96 237 111
96 238 97
96 238 98
96 238 99
96 238 101
96 238 102
96 238 103
96 238 104
96 238 105
96 238 106
96 238 107
96 238 108
96 238 109
96 238 110
96 238 111
96 239 96
96 239 97
96 239 98
96 239 101
96 239 102
96 239 103
96 239 104
96 239 105
96 239 106
96 239 107
96 239 108
96 239 109
96 239 110
96 239 111
96 240 102
96 240 103
96 240 104
96 240 105
96 240 106
96 240 107
96 240 108
96 240 110
96 240 111
96 241 105
96 241 109
96 241 110
96 241 111
96 242 109
96 242 110
96 242 111
96 243 111
97 225 96
97 225 97
97 225 98
97 225 99
97 225 100
97 225 101
97 225 102
97 225 103
97 225 104
97 225 105
97 226 96
97 226 97
97 226 98
97 226 99
97 226 100
97 226 101
97 226 102
97 226 103
97 226 104
97 226 105
97 226 106
97 227 96
97 227 97
97 227 98
97 227 99
97 227 100
97 227 101
97 227 102
97 227 103
97 227 104
97 227 105
97 227 106
97 227 107
97 227 108
97 228 96
97 228 97
97 228 98
97 228 99
97 228 100
97 228 101
97 228 102
97 228 103
97 228 104
97 228 105
97 228 106
97 228 107
97 228 108
97 229 96
97 229 97
97 229 98
97 229 99
97 229 100
97 229 101
97 229 102
97 229 103
97 229 104
97 229 105
97 229 106
97 229 107
97 229 108
97 229 109
97 229 110
97 229 111
97 230 96
97 230 97
97 230 98
97 230 99
97 230 100
97 230 101
97 230 102
97 230 103
97 230 104
97 230 105
97 230 106
97 230 107
97 230 108
97 230 109
97 230 110
97 230 111
97 231 96
97 231 97
97 231 98
97 231 99
97 231 100
97 231 101
97 231 102
97 231 103
97 231 104
97 231 105
97 231 106
97 231 107
97 231 108
97 231 109
97 231 110
97 231 111
97 232 96
97 232 97
97 232 98
97 232 99
97 232 100
97 232 101
97 232 102
97 232 103
97 232 104
97 232 105
97 232 106
97 232 107
97 232 108
97 232 109
97 232 110
97 232 111
97 233 96
97 233 97
97 233 98
97 233 99
97 233 100
97 233 101
97 233 102
97 233 103
97 233 104
97 233 105
97 233 106
97 233 107
97 233 108
97 233 109
97 233 110
97 233 111
97 234 96
97 234 97
97 234 98
97 234 99
97 234 100
97 234 101
97 234 102
97 234 103
97 234 104
97 234 105
97 234 106
97 234 107
97 234 108
97 234 109
97 234 110
97 234 111
97 235 96
97 235 97
97 235 98
97 235 99
97 235 100
97 235 101
97 235 102
97 235 103
97 235 104
97 235 105
97 235 106
97 235 107
97 235 108
97 235 109
97 235 110
97 235 111
97 236 96
97 236 97
97 236 98
97 236 99
97 236 100
97 236 101
97 236 102
97 236 103
97 236 104
97 236 105
97 236 106
97 236 107
97 236 108
97 236 109
97 236 110
97 236 111
97 237 96
97 237 97
97 237 98
97 237 99
97 237 102
97 237 103
97 237 104
97 237 105
97 237 106
97 237 107
97 237 108
97 237 109
97 237 110
97 237 111
97 238 96
97 238 98
97 238 100
97 238 102
97 238 103
97 238 104
97 238 105
97 238 106
97 238 107
97 238 108
97 238 109
97 238 110
97 238 111
97 239 96
97 239 98
97 239 99
97 239 101
97 239 102
97 239 103
97 239 104
97 239 105
97 239 106
97 239 107
97 239 108
97 239 109
97 239 110
97 239 111
97 240 101
97 240 102
97 240 103
97 240 104
97 240 105
97 240 106
97 240 107
97 240 108
97 240 109
97 240 110
97 240 111
97 241 103
97 241 104
97 241 105
97 241 106
97 241 107
97 241 108
97 241 109
97 241 110
97 241 111
97 242 104
97 242 105
97 242 111
97 244 111
98 225 96
98 225 97
98 225 98
98 225 99
98 225 100
98 225 101
98 225 102
98 225 103
98 225 104
98 225 105
98 225 106
98 225 107
98 226 96
98 226 97
98 226 98
98 226 99
98 226 100
98 226 101
98 226 102
98 226 103
98 226 104
98 226 105
98 226 106
98 226 107
98 227 96
98 227 97
98 227 98
98 227 99
98 227 100
98 227 101
98 227 102
98 227 103
98 227 104
98 227 105
98 227 106
98 227 108
98 228 96
98 228 97
98 228 98
98 228 99
98 228 100
98 228 101
98 228 102
98 228 103
98 228 104
98 228 105
98 228 106
98 228 107
98 228 108
98 228 109
98 228 110
98 229 96
98 229 97
98 229 98
98 229 99
98 229 100
98 229 101
98 229 102
98 229 103
98 229 104
98 229 105
98 229 106
98 229 107
98 229 108
98 229 109
98 229 110
98 229 111
98 230 96
98 230 97
98 230 98
98 230 99
98 230 100
98 230 101
98 230 102
98 230 103
98 230 104
98 230 105
98 230 106
98 230 107
98 230 108
98 230 109
98 230 110
98 230 111
98 231 96
98 231 97
98 231 98
98 231 99
98 231 100
98 231 101
98 231 102
98 231 103
98 231 104
98 231 105
98 231 106
98 231 107
98 231 108
98 231 109
98 231 110
98 231 111
98 232 96
98 232 97
98 232 98
98 232 99
98 232 100
98 232 101
98 232 102
98 232 103
98 232 104
98 232 105
98 232 106
98 232 107
98 232 108
98 232 109
98 232 110
98 232 111
98 233 96
98 233 97
98 233 98
98 233 99
98 233 100
98 233 101
98 233 102
98 233 103
98 233 104
98 233 105
98 233 106
98 233 107
98 233 108
98 233 109
98 233 110
98 233 111
98 234 96
98 234 97
98 234 98
98 234 99
98 234 100
98 234 101
98 234 102
98 234 103
98 234 104
98 234 105
98 234 106
98 234 107
98 234 108
98 234 109
98 234 110
98 234 111
98 235 96
98 235 97
98 235 98
98 235 99
98 235 100
98 235 101
98 235 102
98 235 103
98 235 104
98 235 105
98 235 106
98 235 107
98 235 108
98 235 109
98 235 110
98 235 111
98 236 96
98 236 97
98 236 98
98 236 99
98 236 100
98 236 101
98 236 102
98 236 103
98 236 104
98 236 105
98 236 106
98 236 107
98 236 108
98 236 109
98 236 110
98 236 111
98 237 96
98 237 97
98 237 98
98 237 99
98 237 100
98 237 101
98 237 102
98 237 103
98 237 104
98 237 105
98 237 106
98 237 107
98 237 108
98 237 109
98 237 110
98 237 111
98 238 97
98 238 98
98 238 99
98 238 100
98 238 101
98 238 102
98 238 103
98 238 104
98 238 105
98 238 106
98 238 107
98 238 108
98 238 109
98 238 110
98 238 111
98 239 98
98 239 99
98 239 100
98 239 101
98 239 102
98 239 103
98 239 104
98 239 105
98 239 106
98 239 107
98 239 108
98 239 109
98 239 110
98 239 111
98 240 99
98 240 100
98 240 101
98 240 102
98 240 103
98 240 104
98 240 105
98 240 106
98 240 107
98 240 108
98 240 109
98 240 110
98 240 111
98 241 103
98 241 104
98 241 105
98 241 106
98 241 107
98 241 108
98 241 109
98 241 110
98 241 111
98 242 102
98 242 103
98 242 104
98 242 105
98 242 106
98 242 107
98 242 108
98 242 111
98 243 103
98 243 104
98 243 107
98 243 111
98 244 103
99 225 96
99 225 97
99 225 98
99 225 99
99 225 100
99 225 101
99 225 102
99 225 103
99 225 104
99 225 106
99 225 107
99 226 96
99 226 97
99 226 98
99 226 99
99 226 100
99 226 101
99 226 102
99 226 103
99 226 104
99 226 105
99 226 106
99 226 107
99 226 108
99 226 109
99 227 96
99 227 97
99 227 98
99 227 99
99 227 100
99 227 101
99 227 102
99 227 103
99 227 104
99 227 105
99 227 106
99 227 108
99 227 109
99 227 110
99 228 96
99 228 97
99 228 98
99 228 99
99 228 100
99 228 101
99 228 102
99 228 103
99 228 104
99 228 105
99 228 106
99 228 107
99 228 108
99 228 109
99 228 110
99 228 111
99 229 96
99 229 97
99 229 98
99 229 99
99 229 100
99 229 101
99 229 102
99 229 103
99 229 104
99 229 105
99 229 106
99 229 107
99 229 108
99 229 109
99 229 110
99 229 111
99 230 96
99 230 97
99 230 98
99 230 99
99 230 100
99 230 101
99 230 102
99 230 103
99 230 104
99 230 105
99 230 106
99 230 107
99 230 108
99 230 109
99 230 110
99 230 111
99 231 96
99 231 97
99 231 98
99 231 99
99 231 100
99 231 101
99 231 102
99 231 103
99 231 104
99 231 105
99 231 106
99 231 107
99 231 108
99 231 109
99 231 110
99 231 111
99 232 96
99 232 97
99 232 98
99 232 99
99 232 100
99 232 101
99 232 102
99 232 103
99 232 104
99 232 105
99 232 106
99 232 107
99 232 108
99 232 109
99 232 110
99 232 111
99 233 96
99 233 97
99 233 98
99 233 99
99 233 100
99 233 101
99 233 102
99 233 103
99 233 104
99 233 105
99 233 106
99 233 107
99 233 108
99 233 109
99 233 110
99 233 111
99 234 96
99 234 97
99 234 98
99 234 99
99 234 100
99 234 101
99 234 102
99 234 103
99 234 104
99 234 105
99 234 106
99 234 107
99 234 108
99 234 109
99 234 110
99 234 111
99 235 96
99 235 97
99 235 98
99 235 99
99 235 100
99 235 101
99 235 102
99 235 103
99 235 104
99 235 105
99 235 106
99 235 107
99 235 108
99 235 109
99 235 110
99 235 111
99 236 96
99 236 97
99 236 98
99 236 99
99 236 100
99 236 101
99 236 102
99 236 103
99 236 104
99 236 105
99 236 106
99 236 107
99 236 108
99 236 109
99 236 110
99 236 111
99 237 96
99 237 97
99 237 98
99 237 99
99 237 100
99 237 101
99 237 102
99 237 103
99 237 104
99 237 105
99 237 106
99 237 107
99 237 108
99 237 109
99 237 110
99 237 111
99 238 97
99 238 98
99 238 99
99 238 100
99 238 102
99 238 103
99 238 104
99 238 105
99 238 106
99 238 107
99 238 108
99 238 109
99 238 110
99 238 111
99 239 99
99 239 100
99 239 101
99 239 102
99 239 103
99 239 104
99 239 105
99 239 106
99 239 107
99 239 108
99 239 109
99 239 110
99 239 111
99 240 99
99 240 100
99 240 101
99 240 102
99 240 104
99 240 105
99 240 106
99 240 107
99 240 108
99 240 109
99 240 110
99 240 111
99 241 100
99 241 102
99 241 103
99 241 105
99 241 106
99 241 107
99 241 108
99 241 109
99 241 110
99 241 111
99 242 100
99 242 102
99 242 103
99 242 104
99 242 105
99 242 106
99 242 107
99 242 109
99 243 102
99 243 103
99 243 104
99 243 105
99 243 106
99 243 110
99 244 103
99 244 110
99 244 111
100 225 96
100 225 97
100 225 98
100 225 99
100 225 101
100 225 102
100 225 104
100 225 105
100 225 106
100 225 107
100 225 110
100 226 96
100 226 97
100 226 98
100 226 99
100 226 100
100 226 101
100 226 102
100 226 103
100 226 104
100 226 105
100 226 106
100 226 107
100 226 108
100 226 109
100 226 110
100 226 111
100 227 96
100 227 97
100 227 98
100 227 99
100 227 100
100 227 101
100 227 102
100 227 103
100 227 104
100 227 105
100 227 106
100 227 107
100 227 108
100 227 109
100 227 110
100 227 111
100 228 96
100 228 97
100 228 98
100 228 99
100 228 100
100 228 101
100 228 102
100 228 103
100 228 104
100 228 105
100 228 106
100 228 107
100 228 108
100 228 109
100 228 110
100 228 111
100 229 96
100 229 97
100 229 98
100 229 99
100 229 100
100 229 101
100 229 102
100 229 103
100 229 104
100 229 105
100 229 106
100 229 107
100 229 108
100 229 109
100 229 110
100 229 111
100 230 96
100 230 97
100 230 98
100 230 99
100 230 100
100 230 101
100 230 102
100 230 103
100 230 104
100 230 105
100 230 106
100 230 107
100 230 108
100 230 109
100 230 110
100 230 111
100 231 96
100 231 97
100 231 98
100 231 99
100 231 100
100 231 101
100 231 102
100 231 103
100 231 104
100 231 105
100 231 106
100 231 107
100 231 108
100 231 109
100 231 110
100 231 111
100 232 96
100 232 97
100 232 98
100 232 99
100 232 100
100 232 101
100 232 102
100 232 103
100 232 104
100 232 105
100 232 106
100 232 107
100 232 108
100 232 109
100 232 110
100 232 111
100 233 96
100 233 97
100 233 98
100 233 99
100 233 100
100 233 101
100 233 102
100 233 103
100 233 104
100 233 105
100 233 106
100 233 107
100 233 108
100 233 109
100 233 110
100 233 111
100 234 96
100 234 97
100 234 98
100 234 99
100 234 100
100 234 101
100 234 102
100 234 103
100 234 104
100 234 105
100 234 106
100 234 107
100 234 108
100 234 109
100 234 110
100 234 111
100 235 97
100 235 98
100 235 99
100 235 100
100 235 101
100 235 102
100 235 103
100 235 104
100 235 105
100 235 106
100 235 107
100 235 108
100 235 109
100 235 110
100 235 111
100 236 96
100 236 97
100 236 98
100 236 100
100 236 101
100 236 102
100 236 103
100 236 104
100 236 105
100 236 106
100 236 107
100 236 108
100 236 109
100 236 110
100 236 111
100 237 96
100 237 97
100 237 99
100 237 100
100 237 101
100 237 102
100 237 103
100 237 104
100 237 105
100 237 106
100 237 107
100 237 108
100 237 109
100 237 110
100 237 111
100 238 97
100 238 98
100 238 99
100 238 100
100 238 101
100 238 102
100 238 103
100 238 104
100 238 105
100 238 106
100 238 107
100 238 108
100 238 109
100 238 110
100 238 111
100 239 97
100 239 99
100 239 100
100 239 101
100 239 102
100 239 103
100 239 104
100 239 105
100 239 106
100 239 107
100 239 108
100 239 109
100 239 110
100 239 111
100 240 100
100 240 101
100 240 102
100 240 103
100 240 104
100 240 105
100 240 106
100 240 107
100 240 108
100 240 109
100 240 110
100 240 111
100 241 99
100 241 100
100 241 101
100 241 102
100 241 103
100 241 104
100 241 105
100 241 109
100 241 110
100 241 111
100 242 101
100 242 102
100 242 103
100 242 104
100 242 105
100 242 106
100 242 108
100 242 109
100 242 110
100 242 111
100 243 101
100 243 102
100 243 103
100 243 104
100 243 109
100 243 110
100 243 111
100 244 104
100 244 111
101 225 96
101 225 97
101 225 98
101 225 99
101 225 102
101 225 103
101 225 104
101 225 105
101 225 106
101 225 107
101 225 108
101 225 111
101 226 96
101 226 97
101 226 98
101 226 99
101 226 100
101 226 101
101 226 102
101 226 103
101 226 104
101 226 105
101 226 106
101 226 107
101 226 108
101 226 110
101 226 111
101 227 96
101 227 97
101 227 98
101 227 99
101 227 100
101 227 101
101 227 102
101 227 103
101 227 104
101 227 105
101 227 106
101 227 107
101 227 108
101 227 109
101 227 110
101 227 111
101 228 96
101 228 97
101 228 98
101 228 99
101 228 100
101 228 101
101 228 102
101 228 103
101 228 104
101 228 105
101 228 106
101 228 107
101 228 108
101 228 109
101 228 110
101 228 111
101 229 96
101 229 97
101 229 98
101 229 99
101 229 100
101 229 101
101 229 102
101 229 103
101 229 104
101 229 105
101 229 106
101 229 107
101 229 108
101 229 109
101 229 110
101 229 111
101 230 96
101 230 97
101 230 98
101 230 99
101 230 100
101 230 101
101 230 102
101 230 103
101 230 104
101 230 105
101 230 106
101 230 107
101 230 108
101 230 109
101 230 110
101 230 111
101 231 96
101 231 97
101 231 98
101 231 99
101 231 100
101 231 101
101 231 102
101 231 103
101 231 104
101 231 105
101 231 106
101 231 107
101 231 108
101 231 109
101 231 110
101 231 111
101 232 96
101 232 97
101 232 98
101 232 99
101 232 100
101 232 101
101 232 102
101 232 103
101 232 104
101 232 105
101 232 106
101 232 107
101 232 108
101 232 109
101 232 110
101 232 111
101 233 96
101 233 97
101 233 98
101 233 99
101 233 100
101 233 101
101 233 102
101 233 103
101 233 104
101 233 105
101 233 106
101 233 107
101 233 108
101 233 109
101 233 110
101 233 111
101 234 96
101 234 97
101 234 98
101 234 99
101 234 100
101 234 101
101 234 102
101 234 103
101 234 104
101 234 105
101 234 106
101 234 107
101 234 108
101 234 109
101 234 110
101 234 111
101 235 96
101 235 97
101 235 98
101 235 99
101 235 100
101 235 101
101 235 102
101 235 103
101 235 104
101 235 105
101 235 106
101 235 107
101 235 108
101 235 109
101 235 110
101 235 111
101 236 96
101 236 97
101 236 98
101 236 99
101 236 100
101 236 101
101 236 102
101 236 103
101 236 104
101 236 105
101 236 106
101 236 107
101 236 108
101 236 109
101 236 110
101 236 111
101 237 96
101 237 97
101 237 98
101 237 99
101 237 100
101 237 101
101 237 102
101 237 103
101 237 104
101 237 105
101 237 106
101 237 107
101 237 108
101 237 109
101 237 110
101 237 111
101 238 96
101 238 97
101 238 98
101 238 99
101 238 100
101 238 101
101 238 102
101 238 103
101 238 104
101 238 105
101 238 106
101 238 107
101 238 108
101 238 109
101 238 110
101 238 111
101 239 98
101 239 99
101 239 100
101 239 101
101 239 102
101 239 103
101 239 104
101 239 105
101 239 106
101 239 107
101 239 108
101 239 109
101 239 110
101 239 111
101 240 99
101 240 100
101 240 101
101 240 102
101 240 103
101 240 104
101 240 105
101 240 106
101 240 108
101 240 109
101 240 110
101 240 111
101 241 101
101 241 102
101 241 103
101 241 104
101 241 105
101 241 106
101 241 107
101 241 109
101 241 110
101 241 111
101 242 99
101 242 100
101 242 101
101 242 102
101 242 103
101 242 104
101 242 105
101 242 109
101 242 110
101 242 111
101 243 100
101 243 101
101 243 102
101 243 103
101 243 104
101 243 110
101 243 111
101 244 102
101 244 104
101 245 102
102 225 96
102 225 97
102 225 98
102 225 99
102 225 101
102 225 102
102 225 103
102 225 104
102 225 105
102 225 106
102 225 107
102 225 108
102 225 109
102 225 111
102 226 96
102 226 97
102 226 98
102 226 99
102 226 101
102 226 102
102 226 103
102 226 104
102 226 105
102 226 106
102 226 107
102 226 108
102 226 109
102 226 110
102 226 111
102 227 96
102 227 97
102 227 98
102 227 99
102 227 100
102 227 101
102 227 102
102 227 103
102 227 104
102 227 105
102 227 106
102 227 107
102 227 108
102 227 110
102 227 111
102 228 96
102 228 97
102 228 98
102 228 99
102 228 100
102 228 101
102 228 102
102 228 103
102 228 104
102 228 105
102 228 106
102 228 107
102 228 108
102 228 109
102 228 110
102 228 111
102 229 96
102 229 97
102 229 98
102 229 99
102 229 100
102 229 101
102 229 102
102 229 103
102 229 104
102 229 105
102 229 106
102 229 107
102 229 108
102 229 109
102 229 110
102 229 111
102 230 96
102 230 97
102 230 98
102 230 99
102 230 100
102 230 101
102 230 102
102 230 103
102 230 104
102 230 105
102 230 106
102 230 107
102 230 108
102 230 109
102 230 110
102 230 111
102 231 96
102 231 97
102 231 98
102 231 99
102 231 100
102 231 101
102 231 102
102 231 103
102 231 104
102 231 105
102 231 106
102 231 107
102 231 108
102 231 109
102 231 110
102 231 111
102 232 96
102 232 97
102 232 98
102 232 99
102 232 100
102 232 101
102 232 102
102 232 103
102 232 104
102 232 105
102 232 106
102 232 107
102 232 108
102 232 109
102 232 110
102 232 111
102 233 96
102 233 97
102 233 98
102 233 99
102 233 100
102 233 101
102 233 102
102 233 103
102 233 104
102 233 105
102 233 106
102 233 107
102 233 108
102 233 109
102 233 110
102 233 111
102 234 96
102 234 97
102 234 98
102 234 99
102 234 100
102 234 101
102 234 102
102 234 103
102 234 104
102 234 105
102 234 106
102 234 107
102 234 108
102 234 109
102 234 110
102 234 111
102 235 96
102 235 98
102 235 99
102 235 100
102 235 101
102 235 102
102 235 103
102 235 104
102 235 105
102 235 106
102 235 107
102 235 108
102 235 109
102 235 110
102 235 111
102 236 96
102 236 97
102 236 98
102 236 99
102 236 100
102 236 101
102 236 102
102 236 103
102 236 104
102 236 105
102 236 106
102 236 107
102 236 108
102 236 109
102 236 110
102 236 111
102 237 97
102 237 98
102 237 99
102 237 101
102 237 102
102 237 103
102 237 104
102 237 105
102 237 106
102 237 107
102 237 108
102 237 109
102 237 110
102 237 111
102 238 97
102 238 98
102 238 99
102 238 100
102 238 101
102 238 102
102 238 103
102 238 104
102 238 105
102 238 106
102 238 107
102 238 108
102 238 109
102 238 110
102 238 111
102 239 97
102 239 98
102 239 99
102 239 100
102 239 101
102 239 102
102 239 103
102 239 104
102 239 105
102 239 106
102 239 107
102 239 108
102 239 109
102 239 110
102 239 111
102 240 100
102 240 101
102 240 102
102 240 103
102 240 104
102 240 105
102 240 106
102 240 107
102 240 108
102 240 109
102 240 110
102 240 111
102 241 100
102 241 101
102 241 102
102 241 103
102 241 104
102 241 105
102 241 106
102 241 107
102 241 110
102 241 111
102 242 102
102 242 103
102 242 104
102 242 105
102 242 106
102 242 107
102 242 110
102 242 111
102 243 101
102 243 102
102 243 103
102 243 104
102 243 105
102 243 110
102 243 111
102 244 102
103 225 96
103 225 97
103 225 98
103 225 99
103 225 100
103 225 101
103 225 102
103 225 103
103 225 104
103 225 105
103 225 106
103 225 107
103 225 108
103 225 109
103 225 110
103 225 111
103 226 96
103 226 97
103 226 98
103 226 99
103 226 100
103 226 101
103 226 102
103 226 103
103 226 104
103 226 105
103 226 106
103 226 107
103 226 108
103 226 109
103 226 110
103 226 111
103 227 96
103 227 97
103 227 98
103 227 99
103 227 100
103 227 101
103 227 102
103 227 103
103 227 104
103 227 105
103 227 106
103 227 107
103 227 108
103 227 109
103 227 110
103 228 96
103 228 97
103 228 98
103 228 99
103 228 100
103 228 101
103 228 102
103 228 103
103 228 104
103 228 105
103 228 106
103 228 107
103 228 108
103 228 109
103 228 110
103 228 111
103 229 96
103 229 97
103 229 98
103 229 99
103 229 100
103 229 101
103 229 102
103 229 103
103 229 104
103 229 105
103 229 106
103 229 107
103 229 108
103 229 109
103 229 110
103 229 111
103 230 96
103 230 97
103 230 98
103 230 99
103 230 100
103 230 101
103 230 102
103 230 103
103 230 104
103 230 105
103 230 106
103 230 107
103 230 108
103 230 109
103 230 110
103 230 111
103 231 96
103 231 97
103 231 98
103 231 99
103 231 100
103 231 101
103 231 102
103 231 103
103 231 104
103 231 105
103 231 106
103 231 107
103 231 108
103 231 109
103 231 110
103 231 111
103 232 96
103 232 97
103 232 98
103 232 99
103 232 100
103 232 101
103 232 102
103 232 103
103 232 104
103 232 105
103 232 106
103 232 107
103 232 108
103 232 109
103 232 110
103 232 111
103 233 96
103 233 97
103 233 98
103 233 99
103 233 100
103 233 101
103 233 102
103 233 103
103 233 104
103 233 105
103 233 106
103 233 107
103 233 108
103 233 109
103 233 110
103 233 111
103 234 96
103 234 97
103 234 98
103 234 99
103 234 100
103 234 101
103 234 102
103 234 103
103 234 104
103 234 105
103 234 106
103 234 107
103 234 108
103 234 109
103 234 110
103 234 111
103 235 96
103 235 97
103 235 98
103 235 99
103 235 100
103 235 101
103 235 102
103 235 103
103 235 104
103 235 105
103 235 106
103 235 107
103 235 108
103 235 109
103 235 110
103 235 111
103 236 97
103 236 98
103 236 99
103 236 101
103 236 102
103 236 103
103 236 104
103 236 105
103 236 106
103 236 107
103 236 108
103 236 109
103 236 110
103 236 111
103 237 97
103 237 98
103 237 99
103 237 100
103 237 101
103 237 102
103 237 103
103 237 104
103 237 105
103 237 106
103 237 107
103 237 108
103 237 109
103 237 110
103 237 111
103 238 98
103 238 99
103 238 100
103 238 101
103 238 102
103 238 103
103 238 104
103 238 105
103 238 106
103 238 107
103 238 108
103 238 109
103 238 110
103 238 111
103 239 98
103 239 99
103 239 100
103 239 101
103 239 102
103 239 103
103 239 104
103 239 105
103 239 106
103 239 107
103 239 108
103 239 109
103 239 110
103 239 111
103 240 98
103 240 100
103 240 101
103 240 102
103 240 103
103 240 104
103 240 105
103 240 106
103 240 107
103 240 108
103 240 109
103 240 110
103 240 111
103 241 102
103 241 103
103 241 105
103 241 106
103 241 107
103 241 108
103 241 109
103 241 110
103 241 111
103 242 103
103 242 104
103 242 106
103 242 107
103 242 109
103 242 110
103 242 111
103 243 103
103 243 105
103 243 109
103 243 110
103 243 111
103 244 109
103 244 110
104 225 97
104 225 98
104 225 99
104 225 100
104 225 101
104 225 102
104 225 103
104 225 104
104 225 105
104 225 106
104 225 107
104 225 108
104 225 109
104 225 111
104 226 96
104 226 97
104 226 98
104 226 99
104 226 100
104 226 101
104 226 102
104 226 103
104 226 104
104 226 105
104 226 106
104 226 107
104 226 108
104 226 109
104 226 110
104 226 111
104 227 96
104 227 97
104 227 98
104 227 99
104 227 100
104 227 101
104 227 102
104 227 103
104 227 104
104 227 105
104 227 106
104 227 107
104 227 108
104 227 109
104 227 110
104 227 111
104 228 96
104 228 97
104 228 98
104 228 99
104 228 100
104 228 101
104 228 102
104 228 103
104 228 104
104 228 105
104 228 106
104 228 107
104 228 108
104 228 109
104 228 110
104 228 111
104 229 96
104 229 97
104 229 98
104 229 99
104 229 100
104 229 101
104 229 102
104 229 103
104 229 104
104 229 105
104 229 106
104 229 107
104 229 108
104 229 109
104 229 110
104 229 111
104 230 96
104 230 97
104 230 98
104 230 99
104 230 100
104 230 101
104 230 102
104 230 103
104 230 104
104 230 105
104 230 106
104 230 107
104 230 108
104 230 109
104 230 110
104 230 111
104 231 96
104 231 97
104 231 98
104 231 99
104 231 100
104 231 101
104 231 102
104 231 103
104 231 104
104 231 105
104 231 106
104 231 107
104 231 108
104 231 109
104 231 110
104 231 111
104 232 96
104 232 97
104 232 98
104 232 99
104 232 100
104 232 101
104 232 102
104 232 103
104 232 104
104 232 105
104 232 106
104 232 107
104 232 108
104 232 109
104 232 110
104 232 111
104 233 96
104 233 97
104 233 98
104 233 99
104 233 100
104 233 101
104 233 102
104 233 103
104 233 104
104 233 105
104 233 106
104 233 107
104 233 108
104 233 109
104 233 110
104 233 111
104 234 98
104 234 99
104 234 100
104 234 101
104 234 102
104 234 103
104 234 104
104 234 105
104 234 106
104 234 107
104 234 108
104 234 109
104 234 110
104 234 111
104 235 96
104 235 97
104 235 98
104 235 99
104 235 100
104 235 101
104 235 102
104 235 103
104 235 104
104 235 105
104 235 106
104 235 107
104 235 108
104 235 109
104 235 110
104 235 111
104 236 97
104 236 98
104 236 99
104 236 100
104 236 101
104 236 102
104 236 103
104 236 104
104 236 105
104 236 106
104 236 107
104 236 108
104 236 109
104 236 110
104 236 111
104 237 98
104 237 99
104 237 100
104 237 101
104 237 102
104 237 103
104 237 104
104 237 105
104 237 106
104 237 107
104 237 108
104 237 109
104 237 110
104 237 111
104 238 98
104 238 99
104 238 100
104 238 101
104 238 102
104 238 103
104 238 104
104 238 105
104 238 106
104 238 107
104 238 108
104 238 109
104 238 110
104 238 111
104 239 98
104 239 101
104 239 102
104 239 103
104 239 104
104 239 105
104 239 106
104 239 107
104 239 108
104 239 109
104 239 110
104 239 111
104 240 101
104 240 102
104 240 103
104 240 104
104 240 105
104 240 106
104 240 107
104 240 108
104 240 109
104 240 110
104 240 111
104 241 103
104 241 104
104 241 105
104 241 106
104 241 107
104 241 108
104 241 109
104 241 110
104 241 111
104 242 103
104 242 106
104 242 108
104 242 109
104 242 110
104 242 111
104 243 109
104 243 110
104 243 111
104 244 108
104 244 109
104 244 111
104 245 108
104 245 109
105 225 97
105 225 99
105 225 100
105 225 103
105 225 106
105 225 107
105 225 108
105 225 109
105 225 110
105 225 111
105 226 96
105 226 97
105 226 98
105 226 99
105 226 101
105 226 102
105 226 103
105 226 104
105 226 105
105 226 106
105 226 107
105 226 108
105 226 110
105 226 111
105 227 96
105 227 97
105 227 98
105 227 99
105 227 100
105 227 101
105 227 102
105 227 103
105 227 104
105 227 105
105 227 106
105 227 107
105 227 108
105 227 109
105 227 110
105 227 111
105 228 96
105 228 97
105 228 98
105 228 99
105 228 100
105 228 101
105 228 102
105 228 103
105 228 104
105 228 105
105 228 106
105 228 107
105 228 108
105 228 109
105 228 110
105 228 111
105 229 96
105 229 97
105 229 98
105 229 99
105 229 100
105 229 101
105 229 102
105 229 103
105 229 104
105 229 105
105 229 106
105 229 107
105 229 108
105 229 109
105 229 110
105 229 111
105 230 96
105 230 97
105 230 98
105 230 99
105 230 100
105 230 101
105 230 102
105 230 103
105 230 104
105 230 105
105 230 106
105 230 107
105 230 108
105 230 109
105 230 110
105 230 111
105 231 96
105 231 97
105 231 98
105 231 99
105 231 100
105 231 101
105 231 102
105 231 103
105 231 104
105 231 105
105 231 106
105 231 107
105 231 108
105 231 109
105 231 110
105 231 111
105 232 96
105 232 97
105 232 98
105 232 99
105 232 100
105 232 101
105 232 102
105 232 103
105 232 104
105 232 105
105 232 106
105 232 107
105 232 108
105 232 109
105 232 110
105 232 111
105 233 96
105 233 97
105 233 98
105 233 99
105 233 100
105 233 101
105 233 102
105 233 103
105 233 104
105 233 105
105 233 106
105 233 107
105 233 108
105 233 109
105 233 110
105 233 111
105 234 96
105 234 97
105 234 98
105 234 99
105 234 100
105 234 101
105 234 102
105 234 103
105 234 104
105 234 105
105 234 106
105 234 107
105 234 108
105 234 109
105 234 110
105 234 111
105 235 96
105 235 97
105 235 98
105 235 99
105 235 100
105 235 101
105 235 102
105 235 103
105 235 104
105 235 105
105 235 106
105 235 107
105 235 108
105 235 109
105 235 110
105 235 111
105 236 98
105 236 99
105 236 100
105 236 101
105 236 102
105 236 103
105 236 104
105 236 105
105 236 106
105 236 107
105 236 108
105 236 109
105 236 110
105 236 111
105 237 98
105 237 99
105 237 100
105 237 101
105 237 102
105 237 103
105 237 104
105 237 105
105 237 106
105 237 107
105 237 108
105 237 109
105 237 110
105 237 111
105 238 99
105 238 100
105 238 101
105 238 102
105 238 103
105 238 104
105 238 105
105 238 106
105 238 107
105 238 108
105 238 109
105 238 110
105 238 111
105 239 100
105 239 101
105 239 102
105 239 103
105 239 104
105 239 105
105 239 106
105 239 107
105 239 108
105 239 109
105 239 110
105 239 111
105 240 101
105 240 102
105 240 103
105 240 104
105 240 105
105 240 106
105 240 107
105 240 108
105 240 109
105 240 110
105 240 111
105 241 101
105 241 102
105 241 103
105 241 104
105 241 105
105 241 106
105 241 107
105 241 108
105 241 109
105 241 110
105 241 111
105 242 103
105 242 104
105 242 106
105 242 108
105 242 109
105 242 110
105 242 111
105 243 106
105 243 108
105 243 109
105 243 110
105 243 111
105 244 107
105 244 108
105 244 109
105 244 110
105 244 111
105 245 108
105 245 110
106 225 96
106 225 97
106 225 99
106 225 102
106 225 104
106 225 105
106 225 106
106 225 108
106 225 109
106 225 110
106 226 96
106 226 97
106 226 98
106 226 99
106 226 100
106 226 101
106 226 102
106 226 103
106 226 104
106 226 105
106 226 106
106 226 107
106 226 108
106 226 109
106 226 110
106 226 111
106 227 96
106 227 97
106 227 98
106 227 99
106 227 100
106 227 101
106 227 102
106 227 103
106 227 104
106 227 105
106 227 106
106 227 107
106 227 108
106 227 109
106 227 110
106 227 111
106 228 96
106 228 97
106 228 98
106 228 99
106 228 100
106 228 101
106 228 102
106 228 103
106 228 104
106 228 105
106 228 106
106 228 107
106 228 108
106 228 109
106 228 110
106 228 111
106 229 96
106 229 97
106 229 98
106 229 99
106 229 100
106 229 101
106 229 102
106 229 103
106 229 104
106 229 105
106 229 106
106 229 107
106 229 108
106 229 109
106 229 110
106 229 111
106 230 96
106 230 97
106 230 98
106 230 99
106 230 100
106 230 101
106 230 102
106 230 103
106 230 104
106 230 105
106 230 106
106 230 107
106 230 108
106 230 109
106 230 110
106 230 111
106 231 96
106 231 97
106 231 98
106 231 99
106 231 100
106 231 101
106 231 102
106 231 103
106 231 104
106 231 105
106 231 106
106 231 107
106 231 108
106 231 109
106 231 110
106 231 111
106 232 96
106 232 97
106 232 98
106 232 99
106 232 100
106 232 101
106 232 102
106 232 103
106 232 104
106 232 105
106 232 106
106 232 107
106 232 108
106 232 109
106 232 110
106 232 111
106 233 96
106 233 97
106 233 98
106 233 99
106 233 100
106 233 101
106 233 102
106 233 103
106 233 104
106 233 105
106 233 106
106 233 107
106 233 108
106 233 109
106 233 110
106 233 111
106 234 96
106 234 97
106 234 98
106 234 99
106 234 100
106 234 101
106 234 102
106 234 103
106 234 104
106 234 105
106 234 106
106 234 107
106 234 108
106 234 109
106 234 110
106 234 111
106 235 97
106 235 98
106 235 99
106 235 100
106 235 101
106 235 102
106 235 103
106 235 104
106 235 105
106 235 106
106 235 107
106 235 108
106 235 109
106 235 110
106 235 111
106 236 98
106 236 99
106 236 100
106 236 101
106 236 102
106 236 103
106 236 104
106 236 105
106 236 106
106 236 107
106 236 108
106 236 109
106 236 110
106 236 111
106 237 98
106 237 99
106 237 100
106 237 101
106 237 102
106 237 103
106 237 104
106 237 105
106 237 106
106 237 107
106 237 108
106 237 109
106 237 110
106 237 111
106 238 99
106 238 102
106 238 103
106 238 104
106 238 105
106 238 106
106 238 107
106 238 108
106 238 109
106 238 110
106 238 111
106 239 99
106 239 101
106 239 102
106 239 103
106 239 104
106 239 105
106 239 106
106 239 107
106 239 108
106 239 109
106 239 110
106 239 111
106 240 102
106 240 103
106 240 105
106 240 106
106 240 107
106 240 108
106 240 109
106 240 110
106 240 111
106 241 105
106 241 106
106 241 107
106 241 108
106 241 109
106 241 110
106 242 106
106 242 107
106 242 109
106 242 110
106 242 111
106 243 106
106 243 107
106 243 108
106 243 109
106 243 110
106 243 111
106 244 108
106 244 110
106 244 111
106 245 109
106 245 110
107 225 96
107 225 102
107 225 104
107 225 105
107 225 106
107 225 107
107 225 108
107 225 109
107 225 110
107 225 111
107 226 96
107 226 97
107 226 99
107 226 100
107 226 101
107 226 102
107 226 103
107 226 105
107 226 106
107 226 107
107 226 109
107 226 110
107 226 111
107 227 96
107 227 97
107 227 98
107 227 99
107 227 100
107 227 101
107 227 102
107 227 103
107 227 104
107 227 105
107 227 106
107 227 107
107 227 108
107 227 109
107 227 110
107 227 111
107 228 96
107 228 97
107 228 98
107 228 99
107 228 100
107 228 101
107 228 102
107 228 103
107 228 104
107 228 105
107 228 106
107 228 107
107 228 108
107 228 109
107 228 110
107 228 111
107 229 96
107 229 97
107 229 98
107 229 99
107 229 100
107 229 101
107 229 102
107 229 103
107 229 104
107 229 105
107 229 106
107 229 107
107 229 108
107 229 109
107 229 110
107 229 111
107 230 96
107 230 97
107 230 98
107 230 99
107 230 100
107 230 101
107 230 102
107 230 103
107 230 104
107 230 105
107 230 106
107 230 107
107 230 108
107 230 109
107 230 110
107 230 111
107 231 96
107 231 97
107 231 98
107 231 99
107 231 100
107 231 101
107 231 102
107 231 103
107 231 104
107 231 105
107 231 106
107 231 107
107 231 108
107 231 109
107 231 110
107 231 111
107 232 96
107 232 97
107 232 98
107 232 99
107 232 100
107 232 101
107 232 102
107 232 103
107 232 104
107 232 105
107 232 106
107 232 107
107 232 108
107 232 109
107 232 110
107 232 111
107 233 96
107 233 97
107 233 98
107 233 99
107 233 100
107 233 101
107 233 102
107 233 103
107 233 104
107 233 105
107 233 106
107 233 107
107 233 108
107 233 109
107 233 110
107 233 111
107 234 96
107 234 98
107 234 99
107 234 100
107 234 101
107 234 102
107 234 103
107 234 104
107 234 105
107 234 106
107 234 107
107 234 108
107 234 109
107 234 110
107 234 111
107 235 96
107 235 97
107 235 98
107 235 99
107 235 100
107 235 101
107 235 102
107 235 103
107 235 104
107 235 105
107 235 106
107 235 107
107 235 108
107 235 109
107 235 110
107 235 111
107 236 97
107 236 98
107 236 99
107 236 100
107 236 101
107 236 102
107 236 103
107 236 104
107 236 105
107 236 106
107 236 107
107 236 108
107 236 109
107 236 110
107 236 111
107 237 99
107 237 100
107 237 101
107 237 102
107 237 103
107 237 104
107 237 105
107 237 106
107 237 107
107 237 108
107 237 109
107 237 110
107 237 111
107 238 99
107 238 101
107 238 102
107 238 103
107 238 104
107 238 105
107 238 106
107 238 107
107 238 108
107 238 109
107 238 110
107 238 111
107 239 100
107 239 101
107 239 102
107 239 103
107 239 104
107 239 106
107 239 107
107 239 108
107 239 109
107 239 110
107 239 111
107 240 103
107 240 105
107 240 106
107 240 107
107 240 108
107 240 109
107 240 110
107 240 111
107 241 105
107 241 107
107 241 108
107 241 109
107 241 110
107 241 111
107 242 107
107 242 108
107 242 109
107 242 110
107 242 111
107 243 106
107 243 107
107 243 108
107 243 109
107 243 110
107 243 111
107 244 107
107 244 108
107 244 110
107 244 111
107 245 110
108 225 101
108 225 102
108 225 103
108 225 104
108 225 105
108 225 106
108 225 107
108 225 108
108 225 109
108 225 110
108 225 111
108 226 96
108 226 98
108 226 100
108 226 102
108 226 103
108 226 104
108 226 105
108 226 106
108 226 107
108 226 108
108 226 109
108 226 110
108 226 111
108 227 96
108 227 97
108 227 98
108 227 99
108 227 100
108 227 101
108 227 102
108 227 103
108 227 104
108 227 105
108 227 106
108 227 107
108 227 108
108 227 109
108 227 110
108 227 111
108 228 96
108 228 97
108 228 98
108 228 99
108 228 100
108 228 101
108 228 102
108 228 103
108 228 104
108 228 105
108 228 106
108 228 107
108 228 108
108 228 109
108 228 110
108 228 111
108 229 96
108 229 98
108 229 99
108 229 100
108 229 101
108 229 102
108 229 103
108 229 104
108 229 105
108 229 106
108 229 107
108 229 108
108 229 109
108 229 110
108 229 111
108 230 96
108 230 97
108 230 98
108 230 99
108 230 100
108 230 101
108 230 102
108 230 103
108 230 104
108 230 105
108 230 106
108 230 107
108 230 108
108 230 109
108 230 110
108 230 111
108 231 96
108 231 97
108 231 98
108 231 99
108 231 100
108 231 101
108 231 102
108 231 103
108 231 104
108 231 105
108 231 106
108 231 107
108 231 108
108 231 109
108 231 110
108 231 111
108 232 96
108 232 97
108 232 98
108 232 99
108 232 100
108 232 101
108 232 102
108 232 103
108 232 104
108 232 105
108 232 106
108 232 107
108 232 108
108 232 109
108 232 110
108 232 111
108 233 96
108 233 97
108 233 98
108 233 99
108 233 100
108 233 101
108 233 102
108 233 103
108 233 104
108 233 105
108 233 106
108 233 107
108 233 108
108 233 109
108 233 110
108 233 111
108 234 96
108 234 97
108 234 98
108 234 99
108 234 100
108 234 101
108 234 102
108 234 103
108 234 104
108 234 105
108 234 106
108 234 107
108 234 108
108 234 109
108 234 110
108 234 111
108 235 96
108 235 97
108 235 98
108 235 99
108 235 100
108 235 101
108 235 102
108 235 103
108 235 104
108 235 105
108 235 106
108 235 107
108 235 108
108 235 109
108 235 110
108 235 111
108 236 96
108 236 97
108 236 98
108 236 99
108 236 100
108 236 101
108 236 102
108 236 103
108 236 104
108 236 105
108 236 106
108 236 107
108 236 108
108 236 109
108 236 110
108 236 111
108 237 99
108 237 100
108 237 101
108 237 102
108 237 103
108 237 104
108 237 105
108 237 106
108 237 107
108 237 108
108 237 109
108 237 110
108 237 111
108 238 100
108 238 101
108 238 102
108 238 103
108 238 104
108 238 105
108 238 106
108 238 107
108 238 108
108 238 109
108 238 110
108 238 111
108 239 100
108 239 102
108 239 105
108 239 106
108 239 107
108 239 108
108 239 109
108 239 110
108 239 111
108 240 103
108 240 104
108 240 105
108 240 106
108 240 107
108 240 108
108 240 109
108 240 110
108 240 111
108 241 104
108 241 105
108 241 106
108 241 107
108 241 108
108 241 109
108 241 111
108 242 106
108 242 107
108 242 108
108 242 109
108 242 110
108 242 111
108 243 107
108 243 109
108 243 110
108 244 108
108 244 109
108 244 111
108 245 108
109 225 96
109 225 99
109 225 100
109 225 101
109 225 102
109 225 103
109 225 104
109 225 105
109 225 106
109 225 107
109 225 109
109 225 110
109 225 111
109 226 97
109 226 101
109 226 102
109 226 103
109 226 104
109 226 105
109 226 106
109 226 107
109 226 108
109 226 109
109 226 110
109 227 96
109 227 97
109 227 99
109 227 100
109 227 101
109 227 102
109 227 103
109 227 104
109 227 105
109 227 106
109 227 107
109 227 108
109 227 109
109 227 110
109 227 111
109 228 96
109 228 98
109 228 99
109 228 100
109 228 101
109 228 102
109 228 103
109 228 104
109 228 105
109 228 106
109 228 107
109 228 108
109 228 109
109 228 110
109 228 111
109 229 96
109 229 97
109 229 98
109 229 99
109 229 100
109 229 101
109 229 102
109 229 103
109 229 104
109 229 105
109 229 106
109 229 107
109 229 108
109 229 109
109 229 110
109 229 111
109 230 96
109 230 97
109 230 98
109 230 99
109 230 100
109 230 101
109 230 102
109 230 103
109 230 104
109 230 105
109 230 106
109 230 107
109 230 108
109 230 109
109 230 110
109 230 111
109 231 96
109 231 97
109 231 99
109 231 100
109 231 101
109 231 102
109 231 103
109 231 104
109 231 105
109 231 106
109 231 107
109 231 108
109 231 109
109 231 110
109 231 111
109 232 96
109 232 97
109 232 98
109 232 99
109 232 100
109 232 101
109 232 102
109 232 103
109 232 104
109 232 105
109 232 106
109 232 107
109 232 108
109 232 109
109 232 110
109 232 111
109 233 96
109 233 97
109 233 98
109 233 99
109 233 100
109 233 101
109 233 102
109 233 103
109 233 104
109 233 105
109 233 106
109 233 107
109 233 108
109 233 109
109 233 110
109 233 111
109 234 96
109 234 97
109 234 98
109 234 99
109 234 100
109 234 101
109 234 102
109 234 103
109 234 104
109 234 105
109 234 106
109 234 107
109 234 108
109 234 109
109 234 110
109 234 111
109 235 96
109 235 97
109 235 98
109 235 99
109 235 100
109 235 101
109 235 102
109 235 103
109 235 104
109 235 105
109 235 106
109 235 107
109 235 108
109 235 109
109 235 110
109 235 111
109 236 97
109 236 98
109 236 99
109 236 100
109 236 101
109 236 102
109 236 103
109 236 104
109 236 105
109 236 106
109 236 107
109 236 108
109 236 109
109 236 110
109 236 111
109 237 98
109 237 99
109 237 100
109 237 101
109 237 102
109 237 103
109 237 104
109 237 105
109 237 106
109 237 107
109 237 108
109 237 109
109 237 110
109 237 111
109 238 99
109 238 100
109 238 101
109 238 102
109 238 104
109 238 105
109 238 106
109 238 107
109 238 108
109 238 109
109 238 110
109 238 111
109 239 99
109 239 101
109 239 104
109 239 105
109 239 106
109 239 107
109 239 108
109 239 109
109 239 110
109 239 111
109 240 105
109 240 106
109 240 107
109 240 108
109 240 109
109 240 110
109 240 111
109 241 105
109 241 108
109 241 109
109 241 110
109 241 111
109 242 106
109 242 108
109 242 109
109 242 110
109 242 111
109 243 108
109 243 109
109 243 110
109 243 111
109 244 109
109 244 110
109 244 111
110 225 101
110 225 102
110 225 103
110 225 105
110 225 106
110 225 107
110 225 108
110 225 109
110 225 110
110 225 111
110 226 100
110 226 102
110 226 104
110 226 105
110 226 106
110 226 108
110 226 109
110 226 110
110 226 111
110 227 97
110 227 100
110 227 101
110 227 102
110 227 103
110 227 104
110 227 105
110 227 106
110 227 107
110 227 108
110 227 109
110 227 110
110 227 111
110 228 96
110 228 97
110 228 98
110 228 99
110 228 100
110 228 101
110 228 102
110 228 103
110 228 104
110 228 105
110 228 106
110 228 107
110 228 108
110 228 109
110 228 110
110 228 111
110 229 96
110 229 97
110 229 98
110 229 99
110 229 100
110 229 101
110 229 102
110 229 103
110 229 104
110 229 105
110 229 106
110 229 107
110 229 108
110 229 109
110 229 110
110 229 111
110 230 96
110 230 97
110 230 98
110 230 99
110 230 100
110 230 101
110 230 102
110 230 103
110 230 104
110 230 105
110 230 106
110 230 107
110 230 108
110 230 109
110 230 110
110 230 111
110 231 96
110 231 97
110 231 98
110 231 99
110 231 100
110 231 101
110 231 102
110 231 103
110 231 104
110 231 105
110 231 106
110 231 107
110 231 108
110 231 109
110 231 110
110 231 111
110 232 96
110 232 97
110 232 98
110 232 99
110 232 100
110 232 101
110 232 102
110 232 103
110 232 104
110 232 105
110 232 106
110 232 107
110 232 108
110 232 109
110 232 110
110 232 111
110 233 96
110 233 97
110 233 98
110 233 99
110 233 100
110 233 101
110 233 102
110 233 103
110 233 104
110 233 105
110 233 106
110 233 107
110 233 108
110 233 109
110 233 110
110 233 111
110 234 96
110 234 97
110 234 98
110 234 99
110 234 100
110 234 101
110 234 102
110 234 103
110 234 104
110 234 105
110 234 106
110 234 107
110 234 108
110 234 109
110 234 110
110 234 111
110 235 96
110 235 97
110 235 98
110 235 99
110 235 100
110 235 101
110 235 102
110 235 103
110 235 104
110 235 105
110 235 106
110 235 107
110 235 108
110 235 109
110 235 110
110 235 111
110 236 98
110 236 99
110 236 100
110 236 101
110 236 102
110 236 103
110 236 104
110 236 105
110 236 106
110 236 107
110 236 108
110 236 109
110 236 110
110 236 111
110 237 98
110 237 99
110 237 101
110 237 102
110 237 103
110 237 104
110 237 105
110 237 106
110 237 107
110 237 108
110 237 109
110 237 110
110 237 111
110 238 99
110 238 104
110 238 105
110 238 106
110 238 107
110 238 108
110 238 109
110 238 110
110 238 111
110 239 105
110 239 106
110 239 107
110 239 108
110 239 109
110 239 110
110 239 111
110 240 106
110 240 107
110 240 108
110 240 109
110 240 110
110 240 111
110 241 107
110 241 108
110 241 109
110 241 110
110 242 107
110 242 108
110 242 109
110 242 110
110 243 108
110 243 110
110 243 111
111 225 103
111 225 104
111 225 105
111 225 106
111 225 107
111 225 108
111 225 109
111 225 110
111 226 101
111 226 102
111 226 103
111 226 104
111 226 105
111 226 106
111 226 107
111 226 108
111 226 109
111 226 110
111 226 111
111 227 96
111 227 99
111 227 100
111 227 101
111 227 102
111 227 103
111 227 104
111 227 105
111 227 106
111 227 107
111 227 108
111 227 109
111 227 110
111 227 111
111 228 96
111 228 99
111 228 100
111 228 102
111 228 103
111 228 104
111 228 105
111 228 106
111 228 107
111 228 108
111 228 109
111 228 110
111 228 111
111 229 96
111 229 97
111 229 98
111 229 99
111 229 100
111 229 101
111 229 102
111 229 103
111 229 104
111 229 105
111 229 106
111 229 107
111 229 108
111 229 109
111 229 110
111 229 111
111 230 96
111 230 97
111 230 98
111 230 99
111 230 100
111 230 101
111 230 102
111 230 103
111 230 104
111 230 105
111 230 106
111 230 107
111 230 108
111 230 109
111 230 110
111 230 111
111 231 96
111 231 97
111 231 98
111 231 99
111 231 100
111 231 101
111 231 102
111 231 103
111 231 104
111 231 105
111 231 106
111 231 107
111 231 108
111 231 109
111 231 110
111 231 111
111 232 96
111 232 97
111 232 98
111 232 99
111 232 100
111 232 101
111 232 102
111 232 103
111 232 104
111 232 105
111 232 106
111 232 107
111 232 108
111 232 109
111 232 110
111 232 111
111 233 96
111 233 97
111 233 98
111 233 99
111 233 100
111 233 101
111 233 102
111 233 103
111 233 104
111 233 105
111 233 106
111 233 107
111 233 108
111 233 109
111 233 110
111 233 111
111 234 96
111 234 97
111 234 98
111 234 100
111 234 101
111 234 102
111 234 103
111 234 104
111 234 105
111 234 106
111 234 107
111 234 108
111 234 109
111 234 110
111 234 111
111 235 96
111 235 97
111 235 100
111 235 101
111 235 102
111 235 103
111 235 104
111 235 105
111 235 106
111 235 107
111 235 108
111 235 109
111 235 110
111 235 111
111 236 98
111 236 99
111 236 100
111 236 101
111 236 102
111 236 103
111 236 104
111 236 105
111 236 106
111 236 107
111 236 108
111 236 109
111 236 110
111 236 111
111 237 100
111 237 102
111 237 103
111 237 104
111 237 105
111 237 106
111 237 107
111 237 108
111 237 109
111 237 110
111 237 111
111 238 102
111 238 103
111 238 104
111 238 105
111 238 106
111 238 107
111 238 108
111 238 109
111 238 110
111 238 111
111 239 103
111 239 105
111 239 106
111 239 107
111 239 108
111 239 109
111 239 110
111 239 111
111 240 105
111 240 107
111 240 108
111 240 109
111 240 110
111 240 111
111 241 107
111 241 108
111 241 110
111 241 111
111 242 108
111 242 109
111 242 111
111 243 111
111 244 111

