alfheim:altWood1
12
0 209 192
0 210 192
0 210 193
0 211 192
0 211 193
0 211 194
0 212 192
0 212 193
0 212 194
0 212 195
0 213 192
0 213 193
0 213 194
0 213 195
0 214 192
0 214 193
0 214 194
0 214 195
0 215 192
0 215 193
0 215 194
0 215 195
0 216 192
0 216 193
0 216 194
0 217 192
0 217 193
0 218 192
1 210 192
1 210 193
1 211 192
1 211 193
1 211 194
1 212 192
1 212 193
1 212 194
1 212 195
1 213 192
1 213 193
1 213 194
1 213 195
1 214 192
1 214 193
1 214 194
1 214 195
1 214 196
1 215 192
1 215 193
1 215 194
1 215 195
1 215 196
1 216 192
1 216 193
1 216 194
1 216 195
1 217 192
1 217 193
2 210 192
2 210 193
2 211 192
2 211 193
2 211 194
2 212 192
2 212 193
2 212 194
2 212 195
2 213 192
2 213 193
2 213 194
2 213 195
2 213 196
2 214 192
2 214 193
2 214 194
2 214 195
2 214 196
2 214 197
2 215 192
2 215 193
2 215 194
2 215 195
2 215 196
2 215 197
2 216 192
2 216 193
2 216 194
2 216 195
2 216 196
2 217 192
2 217 193
2 217 194
3 211 192
3 211 193
3 211 194
3 212 192
3 212 193
3 212 194
3 212 195
3 213 192
3 213 193
3 213 194
3 213 195
3 213 196
3 213 197
3 214 192
3 214 193
3 214 194
3 214 195
3 214 196
3 214 197
3 214 198
3 214 199
3 215 192
3 215 193
3 215 194
3 215 195
3 215 196
3 215 197
3 215 198
3 215 199
3 216 192
3 216 193
3 216 194
3 216 195
3 216 196
3 216 197
3 216 198
3 216 199
3 217 192
3 217 193
3 217 194
3 217 195
4 211 192
4 211 193
4 212 192
4 212 193
4 212 194
4 212 195
4 212 196
4 212 197
4 213 192
4 213 193
4 213 194
4 213 195
4 213 196
4 213 197
4 213 198
4 213 199
4 213 200
4 214 192
4 214 193
4 214 194
4 214 195
4 214 196
4 214 197
4 214 198
4 214 199
4 214 200
4 215 192
4 215 193
4 215 194
4 215 195
4 215 196
4 215 197
4 215 198
4 215 199
4 215 200
4 215 201
4 216 192
4 216 193
4 216 194
4 216 195
4 216 196
4 216 197
4 216 198
4 216 199
4 216 200
4 216 201
4 217 192
4 217 193
4 217 194
4 217 195
4 217 196
4 217 198
4 217 199
4 217 200
4 217 201
5 212 192
5 212 193
5 212 194
5 212 195
5 212 196
5 212 197
5 212 198
5 212 199
5 213 192
5 213 193
5 213 194
5 213 195
5 213 196
5 213 197
5 213 198
5 213 199
5 213 200
5 214 192
5 214 193
5 214 194
5 214 195
5 214 196
5 214 197
5 214 198
5 214 199
5 214 200
5 214 201
5 215 192
5 215 193
5 215 194
5 215 195
5 215 196
5 215 197
5 215 198
5 215 199
5 215 200
5 215 201
5 215 202
5 216 192
5 216 193
5 216 194
5 216 195
5 216 196
5 216 197
5 216 198
5 216 199
5 216 200
5 216 201
5 216 202
5 217 192
5 217 193
5 217 194
5 217 195
5 217 196
5 217 197
5 217 198
5 217 199
5 217 200
5 217 201
5 217 202
5 218 201
5 224 193
6 212 198
6 212 199
6 213 192
6 213 193
6 213 194
6 213 195
6 213 196
6 213 197
6 213 198
6 213 199
6 213 200
6 214 192
6 214 193
6 214 194
6 214 195
6 214 196
6 214 197
6 214 198
6 214 199
6 214 200
6 214 201
6 215 192
6 215 193
6 215 194
6 215 195
6 215 196
6 215 197
6 215 198
6 215 199
6 215 200
6 215 201
6 215 202
6 216 192
6 216 193
6 216 194
6 216 195
6 216 196
6 216 197
6 216 198
6 216 199
6 216 200
6 216 201
6 216 202
6 216 203
6 217 197
6 217 198
6 217 199
6 217 200
6 217 201
6 217 202
6 217 203
6 218 201
6 218 202
6 224 194
7 213 197
7 213 198
7 213 199
7 213 200
7 214 196
7 214 197
7 214 198
7 214 199
7 214 200
7 214 201
7 215 196
7 215 197
7 215 198
7 215 199
7 215 200
7 215 201
7 215 202
7 216 197
7 216 198
7 216 199
7 216 200
7 216 201
7 216 202
7 216 203
7 217 198
7 217 199
7 217 200
7 217 201
7 217 202
7 217 203
7 218 200
7 218 201
7 218 202
8 214 198
8 214 199
8 214 200
8 214 201
8 215 197
8 215 198
8 215 199
8 215 200
8 215 201
8 215 202
8 215 203
8 216 197
8 216 198
8 216 199
8 216 200
8 216 201
8 216 202
8 216 203
8 217 198
8 217 199
8 217 200
8 217 201
8 217 202
8 217 203
8 218 199
8 218 200
8 218 201
8 218 202
8 224 192
8 224 193
9 215 199
9 215 200
9 215 201
9 215 202
9 215 203
9 216 198
9 216 199
9 216 200
9 216 201
9 216 202
9 216 203
9 217 199
9 217 200
9 217 201
9 217 202
9 217 203
9 218 199
9 218 200
9 218 201
9 218 202
9 218 203
9 219 200
9 219 201
9 219 202
9 223 192
9 223 193
9 224 192
9 224 193
9 224 194
10 215 201
10 215 202
10 215 203
10 216 199
10 216 200
10 216 201
10 216 202
10 216 203
10 217 199
10 217 200
10 217 201
10 217 202
10 217 203
10 218 199
10 218 200
10 218 201
10 218 202
10 218 203
10 219 201
10 219 202
10 219 203
10 222 192
10 222 193
10 223 192
10 223 193
10 224 192
10 224 193
11 215 201
11 215 202
11 216 200
11 216 201
11 216 202
11 216 203
11 217 199
11 217 200
11 217 201
11 217 202
11 217 203
11 218 199
11 218 200
11 218 201
11 218 202
11 218 203
11 218 204
11 219 201
11 219 202
11 219 203
11 220 202
11 220 203
11 221 192
11 221 193
11 222 192
11 222 193
11 222 194
11 223 192
11 223 193
11 223 194
11 223 195
11 224 192
12 215 202
12 216 201
12 216 202
12 217 200
12 217 201
12 217 202
12 217 203
12 218 200
12 218 201
12 218 202
12 218 203
12 218 204
12 219 201
12 219 202
12 219 203
12 219 204
12 220 192
12 220 193
12 220 202
12 220 203
12 220 204
12 220 205
12 221 192
12 221 193
12 221 194
12 222 192
12 222 193
12 222 194
12 222 195
12 223 192
12 223 193
12 223 194
13 218 202
13 218 203
13 219 192
13 219 202
13 219 203
13 219 204
13 219 205
13 220 192
13 220 193
13 220 203
13 220 204
13 220 205
13 221 192
13 221 193
13 221 204
13 222 193
13 222 194
13 223 192
14 220 193
14 220 204
14 220 205
14 221 193
14 221 204
14 221 207
14 222 205
14 222 206
14 222 207
15 221 192
15 222 206
4 226 195
5 225 193
5 226 195
6 225 193
6 225 194
6 225 195
6 226 194
8 225 192
9 225 192
9 225 193
10 225 192
alfheim:altLeaves
6
0 217 200
0 217 201
0 219 197
0 219 198
0 219 199
0 219 200
0 219 201
0 219 203
0 219 207
0 220 195
0 220 196
0 220 197
0 220 198
0 220 199
0 220 200
0 220 201
0 220 203
0 220 204
0 220 205
0 220 206
0 221 192
0 221 193
0 221 194
0 221 196
0 221 197
0 221 198
0 221 199
0 221 200
0 221 201
0 221 202
0 221 203
0 221 204
0 221 205
0 221 206
0 221 207
0 222 192
0 222 193
0 222 194
0 222 195
0 222 196
0 222 197
0 222 198
0 222 199
0 222 200
0 222 201
0 222 202
0 222 203
0 222 204
0 222 205
0 222 206
0 222 207
0 223 192
0 223 193
0 223 194
0 223 195
0 223 196
0 223 197
0 223 198
0 223 199
0 223 200
0 223 201
0 223 202
0 223 203
0 223 204
0 223 205
0 223 206
0 223 207
0 224 192
0 224 193
0 224 194
0 224 195
0 224 196
0 224 197
0 224 198
0 224 199
0 224 200
0 224 201
0 224 202
0 224 203
0 224 204
0 224 206
0 224 207
1 216 202
1 217 200
1 217 201
1 217 202
1 217 203
1 218 199
1 218 200
1 218 201
1 218 202
1 219 197
1 219 198
1 219 199
1 219 200
1 219 201
1 219 202
1 219 203
1 219 206
1 219 207
1 220 196
1 220 198
1 220 199
1 220 200
1 220 201
1 220 202
1 220 203
1 220 207
1 221 194
1 221 196
1 221 197
1 221 198
1 221 199
1 221 200
1 221 201
1 221 202
1 221 203
1 221 204
1 221 205
1 221 206
1 221 207
1 222 194
1 222 195
1 222 196
1 222 198
1 222 199
1 222 200
1 222 201
1 222 202
1 222 203
1 222 204
1 222 205
1 222 206
1 222 207
1 223 194
1 223 195
1 223 197
1 223 198
1 223 199
1 223 200
1 223 201
1 223 202
1 223 203
1 223 204
1 223 205
1 223 206
1 223 207
1 224 192
1 224 193
1 224 194
1 224 195
1 224 196
1 224 197
1 224 198
1 224 199
1 224 200
1 224 201
1 224 202
1 224 203
1 224 204
1 224 205
1 224 206
1 224 207
2 217 201
2 217 207
2 218 200
2 218 201
2 218 202
2 218 206
2 218 207
2 219 198
2 219 199
2 219 201
2 219 202
2 219 203
2 219 207
2 220 198
2 220 199
2 220 200
2 220 201
2 220 202
2 220 203
2 220 205
2 220 206
2 220 207
2 221 196
2 221 197
2 221 198
2 221 199
2 221 200
2 221 201
2 221 202
2 221 203
2 221 204
2 221 205
2 221 206
2 221 207
2 222 196
2 222 197
2 222 198
2 222 199
2 222 200
2 222 201
2 222 202
2 222 203
2 222 204
2 222 205
2 222 206
2 222 207
2 223 192
2 223 195
2 223 196
2 223 197
2 223 198
2 223 199
2 223 200
2 223 201
2 223 202
2 223 203
2 223 204
2 223 205
2 223 206
2 223 207
2 224 192
2 224 193
2 224 194
2 224 195
2 224 196
2 224 197
2 224 198
2 224 199
2 224 200
2 224 201
2 224 202
2 224 203
2 224 204
2 224 205
2 224 206
2 224 207
3 218 201
3 218 202
3 218 207
3 219 199
3 219 200
3 219 201
3 219 202
3 219 207
3 220 198
3 220 199
3 220 200
3 220 201
3 220 202
3 220 206
3 220 207
3 221 197
3 221 198
3 221 199
3 221 200
3 221 201
3 221 202
3 221 204
3 221 205
3 221 206
3 221 207
3 222 196
3 222 197
3 222 198
3 222 199
3 222 200
3 222 201
3 222 202
3 222 203
3 222 204
3 222 205
3 222 206
3 222 207
3 223 192
3 223 195
3 223 197
3 223 198
3 223 199
3 223 200
3 223 202
3 223 203
3 223 204
3 223 205
3 223 206
3 223 207
3 224 192
3 224 193
3 224 194
3 224 195
3 224 196
3 224 197
3 224 198
3 224 199
3 224 200
3 224 201
3 224 202
3 224 203
3 224 205
3 224 206
3 224 207
4 219 199
4 219 201
4 219 207
4 220 198
4 220 199
4 220 200
4 220 201
4 220 207
4 221 197
4 221 198
4 221 199
4 221 200
4 221 201
4 221 202
4 221 204
4 221 205
4 221 206
4 221 207
4 222 196
4 222 197
4 222 198
4 222 199
4 222 200
4 222 201
4 222 202
4 222 203
4 222 204
4 222 205
4 222 206
4 222 207
4 223 192
4 223 197
4 223 198
4 223 199
4 223 200
4 223 201
4 223 202
4 223 203
4 223 204
4 223 205
4 223 206
4 223 207
4 224 192
4 224 194
4 224 195
4 224 197
4 224 198
4 224 199
4 224 200
4 224 201
4 224 202
4 224 203
4 224 204
4 224 205
4 224 206
4 224 207
5 219 200
5 219 207
5 220 200
5 220 201
5 220 204
5 220 207
5 221 200
5 221 202
5 221 204
5 221 205
5 221 206
5 221 207
5 222 197
5 222 198
5 222 199
5 222 200
5 222 201
5 222 202
5 222 203
5 222 204
5 222 205
5 222 206
5 222 207
5 223 196
5 223 197
5 223 198
5 223 199
5 223 200
5 223 201
5 223 202
5 223 204
5 223 205
5 223 206
5 223 207
5 224 192
5 224 196
5 224 199
5 224 200
5 224 201
5 224 202
5 224 203
5 224 204
5 224 205
5 224 206
5 224 207
6 219 204
6 220 201
6 220 203
6 220 204
6 220 205
6 220 207
6 221 200
6 221 201
6 221 204
6 221 205
6 221 206
6 222 198
6 222 199
6 222 200
6 222 202
6 222 203
6 222 204
6 222 205
6 222 206
6 222 207
6 223 197
6 223 198
6 223 199
6 223 200
6 223 201
6 223 202
6 223 203
6 223 204
6 223 205
6 223 207
6 224 192
6 224 198
6 224 199
6 224 200
6 224 201
6 224 202
6 224 203
6 224 204
6 224 205
6 224 206
6 224 207
7 220 205
7 221 200
7 221 203
7 221 204
7 221 205
7 221 206
7 222 198
7 222 201
7 222 202
7 222 203
7 222 204
7 222 205
7 222 206
7 222 207
7 223 197
7 223 199
7 223 200
7 223 201
7 223 202
7 223 203
7 223 204
7 223 205
7 223 206
7 223 207
7 224 193
7 224 198
7 224 199
7 224 200
7 224 201
7 224 202
7 224 203
7 224 204
7 224 205
7 224 206
7 224 207
8 221 202
8 221 204
8 221 205
8 221 207
8 222 200
8 222 202
8 222 203
8 222 204
8 222 205
8 222 206
8 222 207
8 223 200
8 223 201
8 223 202
8 223 203
8 223 204
8 223 205
8 223 206
8 223 207
8 224 198
8 224 199
8 224 200
8 224 201
8 224 202
8 224 203
8 224 204
8 224 205
8 224 206
8 224 207
9 220 204
9 221 203
9 221 204
9 222 203
9 222 204
9 222 205
9 223 202
9 223 203
9 223 204
9 223 205
9 223 206
9 224 197
9 224 198
9 224 200
9 224 201
9 224 202
9 224 203
9 224 204
9 224 205
9 224 206
9 224 207
10 221 203
10 222 203
10 223 194
10 223 202
10 223 203
10 223 204
10 223 207
10 224 194
10 224 195
10 224 196
10 224 197
10 224 198
10 224 201
10 224 202
10 224 203
10 224 204
10 224 205
10 224 206
10 224 207
11 223 196
11 223 197
11 224 193
11 224 194
11 224 195
11 224 196
11 224 197
11 224 198
11 224 202
11 224 203
11 224 204
11 224 205
11 224 206
12 220 207
12 222 197
12 222 205
12 223 195
12 223 197
12 223 198
12 223 202
12 223 204
12 223 205
12 223 207
12 224 192
12 224 193
12 224 195
12 224 196
12 224 197
12 224 201
12 224 202
12 224 203
12 224 204
12 224 205
12 224 206
12 224 207
13 217 207
13 218 206
13 218 207
13 219 207
13 220 206
13 220 207
13 221 205
13 221 206
13 222 192
13 222 196
13 222 206
13 223 193
13 223 194
13 223 197
13 223 200
13 223 202
13 223 204
13 223 206
13 223 207
13 224 192
13 224 193
13 224 194
13 224 195
13 224 196
13 224 197
13 224 199
13 224 200
13 224 201
13 224 202
13 224 203
13 224 204
13 224 205
13 224 206
13 224 207
14 216 207
14 217 207
14 218 206
14 218 207
14 219 206
14 219 207
14 220 192
14 220 206
14 220 207
14 221 192
14 221 196
14 221 205
14 221 206
14 222 192
14 222 193
14 222 194
14 222 195
14 222 196
14 222 197
14 222 200
14 222 202
14 223 192
14 223 193
14 223 194
14 223 195
14 223 196
14 223 197
14 223 198
14 223 200
14 223 201
14 223 202
14 223 203
14 224 192
14 224 193
14 224 194
14 224 195
14 224 196
14 224 197
14 224 199
14 224 200
14 224 201
14 224 202
14 224 203
14 224 204
14 224 205
14 224 206
14 224 207
15 209 207
15 213 207
15 215 207
15 216 206
15 216 207
15 217 205
15 217 206
15 217 207
15 218 206
15 218 207
15 219 205
15 219 206
15 219 207
15 220 193
15 220 205
15 220 206
15 220 207
15 221 193
15 221 194
15 221 195
15 221 203
15 221 204
15 221 205
15 221 206
15 221 207
15 222 192
15 222 193
15 222 194
15 222 195
15 222 196
15 222 202
15 222 203
15 222 204
15 222 205
15 222 207
15 223 192
15 223 193
15 223 194
15 223 195
15 223 196
15 223 197
15 223 199
15 223 200
15 223 202
15 223 203
15 223 204
15 223 205
15 223 206
15 223 207
15 224 192
15 224 193
15 224 194
15 224 195
15 224 196
15 224 197
15 224 198
15 224 199
15 224 200
15 224 201
15 224 202
15 224 203
15 224 204
15 224 205
15 224 206
0 225 192
0 225 193
0 225 194
0 225 195
0 225 196
0 225 197
0 225 198
0 225 199
0 225 200
0 225 201
0 225 202
0 225 203
0 225 204
0 225 205
0 225 206
0 225 207
0 226 192
0 226 193
0 226 194
0 226 195
0 226 196
0 226 197
0 226 198
0 226 199
0 226 200
0 226 201
0 226 202
0 226 203
0 226 204
0 226 205
0 226 206
0 226 207
0 227 192
0 227 193
0 227 194
0 227 195
0 227 196
0 227 197
0 227 198
0 227 199
0 227 200
0 227 201
0 227 202
0 227 203
0 227 204
0 227 205
0 227 206
0 227 207
0 228 192
0 228 193
0 228 194
0 228 195
0 228 196
0 228 197
0 228 198
0 228 199
0 228 200
0 228 201
0 228 202
0 228 203
0 228 204
0 228 205
0 228 206
0 228 207
0 229 192
0 229 193
0 229 194
0 229 196
0 229 197
0 229 198
0 229 199
0 229 200
0 229 201
0 229 202
0 229 203
0 229 204
0 229 205
0 229 206
0 229 207
0 230 192
0 230 193
0 230 194
0 230 195
0 230 196
0 230 197
0 230 198
0 230 199
0 230 200
0 230 201
0 230 202
0 230 203
0 230 205
0 230 206
0 230 207
0 231 192
0 231 193
0 231 194
0 231 195
0 231 196
0 231 197
0 231 198
0 231 199
0 231 200
0 231 201
0 231 202
0 231 205
0 231 206
0 231 207
0 232 192
0 232 193
0 232 194
0 232 195
0 232 196
0 232 199
0 232 200
0 232 201
0 232 202
0 232 203
0 232 204
0 232 206
0 232 207
0 233 192
0 233 201
0 233 202
0 233 203
0 233 206
0 233 207
0 234 201
0 234 202
0 234 203
0 234 206
0 234 207
0 235 201
0 235 202
1 225 192
1 225 194
1 225 195
1 225 196
1 225 197
1 225 198
1 225 199
1 225 200
1 225 201
1 225 202
1 225 203
1 225 204
1 225 205
1 225 206
1 225 207
1 226 192
1 226 193
1 226 194
1 226 195
1 226 196
1 226 197
1 226 198
1 226 199
1 226 200
1 226 201
1 226 202
1 226 203
1 226 204
1 226 205
1 226 206
1 226 207
1 227 192
1 227 193
1 227 195
1 227 196
1 227 197
1 227 198
1 227 199
1 227 200
1 227 201
1 227 202
1 227 203
1 227 204
1 227 205
1 227 206
1 227 207
1 228 192
1 228 193
1 228 194
1 228 195
1 228 196
1 228 197
1 228 198
1 228 199
1 228 200
1 228 201
1 228 202
1 228 203
1 228 204
1 228 205
1 228 206
1 228 207
1 229 192
1 229 194
1 229 195
1 229 196
1 229 197
1 229 198
1 229 199
1 229 200
1 229 201
1 229 202
1 229 203
1 229 204
1 229 205
1 229 206
1 229 207
1 230 192
1 230 193
1 230 194
1 230 195
1 230 196
1 230 197
1 230 198
1 230 199
1 230 200
1 230 201
1 230 202
1 230 203
1 230 204
1 230 205
1 230 206
1 230 207
1 231 192
1 231 193
1 231 195
1 231 196
1 231 197
1 231 198
1 231 199
1 231 200
1 231 201
1 231 202
1 231 203
1 231 204
1 231 205
1 231 206
1 231 207
1 232 192
1 232 193
1 232 194
1 232 195
1 232 196
1 232 197
1 232 198
1 232 199
1 232 200
1 232 201
1 232 202
1 232 203
1 232 205
1 232 206
1 232 207
1 233 192
1 233 193
1 233 194
1 233 195
1 233 196
1 233 198
1 233 201
1 233 202
1 233 203
1 233 205
1 233 206
1 233 207
1 234 192
1 234 194
1 234 196
1 234 199
1 234 200
1 234 201
1 234 202
1 235 201
2 225 192
2 225 193
2 225 194
2 225 195
2 225 196
2 225 197
2 225 198
2 225 199
2 225 200
2 225 201
2 225 202
2 225 203
2 225 204
2 225 205
2 225 206
2 225 207
2 226 192
2 226 193
2 226 194
2 226 195
2 226 196
2 226 197
2 226 198
2 226 199
2 226 200
2 226 201
2 226 202
2 226 203
2 226 204
2 226 205
2 226 206
2 226 207
2 227 192
2 227 193
2 227 194
2 227 195
2 227 196
2 227 197
2 227 198
2 227 199
2 227 200
2 227 201
2 227 202
2 227 203
2 227 204
2 227 205
2 227 206
2 227 207
2 228 192
2 228 193
2 228 194
2 228 195
2 228 196
2 228 197
2 228 198
2 228 199
2 228 200
2 228 201
2 228 202
2 228 203
2 228 204
2 228 205
2 228 206
2 228 207
2 229 192
2 229 193
2 229 194
2 229 195
2 229 196
2 229 197
2 229 198
2 229 199
2 229 200
2 229 201
2 229 202
2 229 203
2 229 204
2 229 205
2 229 206
2 229 207
2 230 192
2 230 193
2 230 194
2 230 195
2 230 196
2 230 197
2 230 198
2 230 199
2 230 200
2 230 201
2 230 202
2 230 203
2 230 204
2 230 205
2 230 206
2 230 207
2 231 192
2 231 193
2 231 194
2 231 195
2 231 196
2 231 197
2 231 198
2 231 199
2 231 200
2 231 201
2 231 202
2 231 203
2 231 204
2 231 205
2 231 206
2 231 207
2 232 192
2 232 193
2 232 194
2 232 195
2 232 196
2 232 197
2 232 198
2 232 200
2 232 201
2 232 202
2 232 203
2 232 205
2 232 207
2 233 192
2 233 193
2 233 194
2 233 196
2 233 197
2 233 198
2 233 201
2 233 202
2 233 203
2 233 204
2 234 192
2 234 193
2 234 202
2 235 192
2 235 201
3 225 194
3 225 195
3 225 196
3 225 198
3 225 199
3 225 200
3 225 201
3 225 202
3 225 203
3 225 204
3 225 205
3 225 206
3 225 207
3 226 192
3 226 193
3 226 194
3 226 195
3 226 196
3 226 198
3 226 199
3 226 200
3 226 201
3 226 202
3 226 203
3 226 204
3 226 205
3 226 206
3 226 207
3 227 192
3 227 193
3 227 194
3 227 195
3 227 196
3 227 198
3 227 199
3 227 200
3 227 201
3 227 202
3 227 203
3 227 204
3 227 205
3 227 206
3 227 207
3 228 192
3 228 193
3 228 194
3 228 195
3 228 196
3 228 197
3 228 198
3 228 199
3 228 200
3 228 201
3 228 202
3 228 203
3 228 204
3 228 205
3 228 206
3 228 207
3 229 192
3 229 193
3 229 194
3 229 195
3 229 196
3 229 197
3 229 198
3 229 199
3 229 200
3 229 201
3 229 202
3 229 203
3 229 204
3 229 205
3 229 206
3 229 207
3 230 192
3 230 193
3 230 194
3 230 195
3 230 196
3 230 197
3 230 198
3 230 199
3 230 200
3 230 201
3 230 202
3 230 203
3 230 204
3 230 205
3 230 206
3 230 207
3 231 192
3 231 193
3 231 194
3 231 195
3 231 196
3 231 197
3 231 198
3 231 199
3 231 200
3 231 201
3 231 202
3 231 203
3 231 204
3 231 206
3 231 207
3 232 193
3 232 194
3 232 195
3 232 196
3 232 198
3 232 199
3 232 200
3 232 201
3 232 202
3 232 203
3 232 206
3 232 207
3 233 192
3 233 193
3 233 194
3 233 195
3 233 196
3 233 197
3 233 199
3 233 200
3 233 201
3 233 202
3 233 203
3 233 207
3 234 192
3 234 193
3 234 194
3 234 207
3 235 192
3 235 193
3 235 194
4 225 192
4 225 193
4 225 194
4 225 195
4 225 196
4 225 197
4 225 198
4 225 199
4 225 200
4 225 201
4 225 202
4 225 203
4 225 204
4 225 205
4 225 206
4 225 207
4 226 192
4 226 193
4 226 194
4 226 197
4 226 198
4 226 199
4 226 200
4 226 201
4 226 202
4 226 203
4 226 204
4 226 205
4 226 206
4 226 207
4 227 192
4 227 193
4 227 194
4 227 195
4 227 196
4 227 197
4 227 198
4 227 199
4 227 200
4 227 201
4 227 202
4 227 203
4 227 204
4 227 205
4 227 206
4 227 207
4 228 192
4 228 193
4 228 194
4 228 195
4 228 196
4 228 197
4 228 198
4 228 199
4 228 200
4 228 201
4 228 202
4 228 203
4 228 204
4 228 205
4 228 206
4 228 207
4 229 192
4 229 193
4 229 194
4 229 195
4 229 196
4 229 197
4 229 198
4 229 199
4 229 200
4 229 201
4 229 202
4 229 203
4 229 204
4 229 205
4 229 206
4 229 207
4 230 192
4 230 193
4 230 194
4 230 195
4 230 196
4 230 197
4 230 198
4 230 199
4 230 200
4 230 201
4 230 202
4 230 203
4 230 204
4 230 205
4 230 206
4 230 207
4 231 192
4 231 193
4 231 194
4 231 195
4 231 196
4 231 198
4 231 199
4 231 200
4 231 201
4 231 202
4 231 203
4 231 204
4 231 205
4 231 206
4 231 207
4 232 192
4 232 193
4 232 194
4 232 195
4 232 198
4 232 199
4 232 200
4 232 201
4 232 202
4 232 203
4 233 192
4 233 193
4 233 194
4 233 195
4 233 196
4 233 198
4 233 199
4 233 200
4 233 201
4 233 202
4 233 203
4 233 207
4 234 192
4 234 193
4 234 194
4 234 195
4 234 200
4 234 201
4 234 202
4 234 203
4 235 192
4 235 194
4 235 202
4 236 192
4 236 193
4 237 192
5 225 192
5 225 194
5 225 198
5 225 199
5 225 200
5 225 201
5 225 202
5 225 203
5 225 204
5 225 205
5 225 206
5 225 207
5 226 192
5 226 193
5 226 194
5 226 197
5 226 198
5 226 199
5 226 200
5 226 201
5 226 202
5 226 203
5 226 204
5 226 205
5 226 206
5 226 207
5 227 192
5 227 193
5 227 194
5 227 195
5 227 196
5 227 197
5 227 198
5 227 199
5 227 200
5 227 201
5 227 202
5 227 203
5 227 204
5 227 205
5 227 206
5 227 207
5 228 192
5 228 193
5 228 194
5 228 195
5 228 196
5 228 197
5 228 198
5 228 199
5 228 200
5 228 201
5 228 202
5 228 203
5 228 204
5 228 205
5 228 206
5 228 207
5 229 192
5 229 193
5 229 194
5 229 195
5 229 196
5 229 197
5 229 198
5 229 199
5 229 200
5 229 201
5 229 202
5 229 203
5 229 204
5 229 205
5 229 206
5 229 207
5 230 192
5 230 193
5 230 194
5 230 195
5 230 196
5 230 197
5 230 198
5 230 199
5 230 200
5 230 201
5 230 202
5 230 203
5 230 204
5 230 205
5 230 206
5 230 207
5 231 192
5 231 193
5 231 194
5 231 195
5 231 196
5 231 197
5 231 198
5 231 199
5 231 200
5 231 201
5 231 202
5 231 203
5 231 204
5 231 205
5 231 207
5 232 192
5 232 193
5 232 194
5 232 195
5 232 196
5 232 197
5 232 198
5 232 200
5 232 201
5 232 202
5 232 203
5 232 204
5 233 192
5 233 193
5 233 194
5 233 196
5 233 201
5 233 202
5 233 203
5 234 194
5 234 201
5 234 202
5 234 203
5 235 192
5 235 201
5 235 202
5 236 193
5 236 201
6 225 192
6 225 197
6 225 198
6 225 199
6 225 200
6 225 201
6 225 202
6 225 203
6 225 204
6 225 205
6 225 206
6 225 207
6 226 192
6 226 193
6 226 198
6 226 199
6 226 200
6 226 201
6 226 202
6 226 203
6 226 204
6 226 205
6 226 206
6 226 207
6 227 192
6 227 193
6 227 194
6 227 197
6 227 198
6 227 199
6 227 200
6 227 201
6 227 202
6 227 203
6 227 204
6 227 205
6 227 206
6 227 207
6 228 192
6 228 193
6 228 194
6 228 195
6 228 196
6 228 197
6 228 198
6 228 199
6 228 200
6 228 201
6 228 202
6 228 203
6 228 204
6 228 205
6 228 206
6 228 207
6 229 192
6 229 193
6 229 194
6 229 195
6 229 196
6 229 197
6 229 198
6 229 199
6 229 200
6 229 201
6 229 202
6 229 203
6 229 204
6 229 205
6 229 206
6 229 207
6 230 192
6 230 193
6 230 194
6 230 195
6 230 196
6 230 197
6 230 198
6 230 199
6 230 200
6 230 201
6 230 202
6 230 203
6 230 204
6 230 205
6 230 206
6 230 207
6 231 192
6 231 193
6 231 194
6 231 195
6 231 196
6 231 197
6 231 198
6 231 199
6 231 200
6 231 201
6 231 202
6 231 203
6 231 205
6 231 206
6 231 207
6 232 192
6 232 193
6 232 194
6 232 196
6 232 197
6 232 198
6 232 199
6 232 200
6 232 201
6 232 202
6 232 203
6 232 205
6 232 207
6 233 192
6 233 193
6 233 194
6 233 195
6 233 199
6 233 200
6 233 201
6 233 202
6 233 203
6 233 204
6 234 192
6 234 193
6 234 200
6 234 201
6 234 202
6 234 203
6 235 192
6 235 201
7 225 192
7 225 193
7 225 194
7 225 195
7 225 196
7 225 197
7 225 198
7 225 199
7 225 200
7 225 201
7 225 202
7 225 203
7 225 204
7 225 205
7 225 206
7 225 207
7 226 192
7 226 193
7 226 195
7 226 196
7 226 197
7 226 198
7 226 199
7 226 200
7 226 201
7 226 202
7 226 203
7 226 204
7 226 205
7 226 206
7 226 207
7 227 192
7 227 193
7 227 194
7 227 195
7 227 196
7 227 197
7 227 198
7 227 199
7 227 200
7 227 201
7 227 202
7 227 203
7 227 204
7 227 205
7 227 206
7 227 207
7 228 192
7 228 193
7 228 194
7 228 195
7 228 196
7 228 197
7 228 198
7 228 199
7 228 200
7 228 201
7 228 202
7 228 203
7 228 204
7 228 205
7 228 206
7 228 207
7 229 192
7 229 193
7 229 194
7 229 195
7 229 196
7 229 197
7 229 198
7 229 199
7 229 200
7 229 201
7 229 202
7 229 203
7 229 204
7 229 205
7 229 206
7 229 207
7 230 192
7 230 193
7 230 194
7 230 195
7 230 196
7 230 197
7 230 198
7 230 199
7 230 200
7 230 201
7 230 202
7 230 203
7 230 204
7 230 205
7 230 206
7 230 207
7 231 192
7 231 193
7 231 194
7 231 195
7 231 197
7 231 198
7 231 199
7 231 200
7 231 201
7 231 202
7 231 203
7 231 204
7 231 205
7 231 207
7 232 192
7 232 193
7 232 194
7 232 197
7 232 198
7 232 199
7 232 200
7 232 201
7 232 202
7 232 203
7 232 204
7 232 205
7 232 206
7 233 192
7 233 193
7 233 195
7 233 200
7 233 201
7 233 202
7 233 203
7 234 193
7 234 200
7 234 201
7 234 202
7 235 201
8 225 193
8 225 196
8 225 197
8 225 198
8 225 199
8 225 200
8 225 201
8 225 202
8 225 203
8 225 204
8 225 205
8 225 206
8 225 207
8 226 192
8 226 194
8 226 197
8 226 198
8 226 199
8 226 200
8 226 201
8 226 202
8 226 203
8 226 204
8 226 205
8 226 206
8 226 207
8 227 192
8 227 193
8 227 194
8 227 195
8 227 196
8 227 197
8 227 198
8 227 199
8 227 200
8 227 201
8 227 202
8 227 203
8 227 204
8 227 205
8 227 206
8 227 207
8 228 192
8 228 193
8 228 194
8 228 195
8 228 196
8 228 197
8 228 198
8 228 199
8 228 200
8 228 201
8 228 202
8 228 203
8 228 204
8 228 205
8 228 206
8 228 207
8 229 192
8 229 193
8 229 194
8 229 195
8 229 196
8 229 197
8 229 198
8 229 199
8 229 200
8 229 201
8 229 202
8 229 203
8 229 204
8 229 205
8 229 206
8 229 207
8 230 192
8 230 193
8 230 194
8 230 195
8 230 196
8 230 197
8 230 198
8 230 199
8 230 200
8 230 201
8 230 202
8 230 203
8 230 204
8 230 205
8 230 206
8 230 207
8 231 192
8 231 193
8 231 194
8 231 195
8 231 196
8 231 197
8 231 198
8 231 199
8 231 200
8 231 201
8 231 202
8 231 203
8 231 204
8 231 205
8 231 206
8 231 207
8 232 192
8 232 197
8 232 198
8 232 199
8 232 200
8 232 201
8 232 202
8 232 203
8 232 204
8 232 205
8 232 206
8 232 207
8 233 194
8 233 195
8 233 196
8 233 197
8 233 198
8 233 200
8 233 201
8 233 202
8 233 203
8 233 204
8 233 205
8 233 207
8 234 196
8 234 197
8 234 200
8 234 201
8 234 202
8 234 203
8 235 200
8 235 201
8 236 201
9 225 194
9 225 196
9 225 197
9 225 198
9 225 199
9 225 200
9 225 201
9 225 202
9 225 203
9 225 204
9 225 205
9 225 206
9 225 207
9 226 192
9 226 193
9 226 194
9 226 195
9 226 196
9 226 197
9 226 198
9 226 199
9 226 200
9 226 201
9 226 202
9 226 203
9 226 204
9 226 205
9 226 206
9 226 207
9 227 192
9 227 193
9 227 194
9 227 195
9 227 196
9 227 197
9 227 198
9 227 199
9 227 200
9 227 201
9 227 202
9 227 203
9 227 204
9 227 205
9 227 206
9 227 207
9 228 192
9 228 193
9 228 194
9 228 195
9 228 197
9 228 198
9 228 199
9 228 200
9 228 201
9 228 202
9 228 203
9 228 204
9 228 205
9 228 206
9 228 207
9 229 192
9 229 193
9 229 194
9 229 195
9 229 196
9 229 197
9 229 198
9 229 199
9 229 200
9 229 201
9 229 202
9 229 203
9 229 204
9 229 205
9 229 206
9 229 207
9 230 192
9 230 193
9 230 194
9 230 195
9 230 196
9 230 197
9 230 198
9 230 199
9 230 200
9 230 201
9 230 202
9 230 203
9 230 204
9 230 205
9 230 206
9 230 207
9 231 192
9 231 193
9 231 194
9 231 195
9 231 197
9 231 198
9 231 199
9 231 200
9 231 201
9 231 202
9 231 203
9 231 204
9 231 205
9 231 207
9 232 194
9 232 195
9 232 196
9 232 197
9 232 198
9 232 199
9 232 201
9 232 202
9 232 203
9 232 204
9 232 205
9 232 206
9 232 207
9 233 194
9 233 195
9 233 197
9 233 198
9 233 199
9 233 200
9 233 201
9 233 202
9 233 206
9 233 207
9 234 198
9 234 199
9 234 200
9 234 201
9 234 202
9 234 203
9 234 204
9 235 197
9 235 198
9 235 200
9 235 201
9 235 202
9 236 200
9 236 201
10 225 193
10 225 194
10 225 195
10 225 196
10 225 197
10 225 198
10 225 199
10 225 200
10 225 201
10 225 202
10 225 203
10 225 204
10 225 205
10 225 206
10 225 207
10 226 192
10 226 193
10 226 194
10 226 195
10 226 196
10 226 197
10 226 198
10 226 199
10 226 200
10 226 201
10 226 202
10 226 203
10 226 204
10 226 205
10 226 206
10 226 207
10 227 192
10 227 193
10 227 194
10 227 195
10 227 196
10 227 197
10 227 198
10 227 199
10 227 200
10 227 201
10 227 202
10 227 203
10 227 204
10 227 205
10 227 206
10 227 207
10 228 192
10 228 193
10 228 194
10 228 195
10 228 196
10 228 197
10 228 198
10 228 199
10 228 200
10 228 201
10 228 202
10 228 203
10 228 204
10 228 205
10 228 206
10 228 207
10 229 192
10 229 193
10 229 194
10 229 195
10 229 196
10 229 197
10 229 198
10 229 199
10 229 200
10 229 201
10 229 202
10 229 203
10 229 204
10 229 205
10 229 206
10 229 207
10 230 192
10 230 193
10 230 194
10 230 195
10 230 196
10 230 197
10 230 198
10 230 199
10 230 200
10 230 201
10 230 202
10 230 203
10 230 204
10 230 205
10 230 206
10 230 207
10 231 192
10 231 193
10 231 194
10 231 195
10 231 196
10 231 197
10 231 198
10 231 199
10 231 200
10 231 201
10 231 202
10 231 203
10 231 204
10 231 205
10 231 206
10 231 207
10 232 192
10 232 193
10 232 194
10 232 195
10 232 196
10 232 197
10 232 198
10 232 199
10 232 200
10 232 201
10 232 202
10 232 203
10 232 204
10 232 205
10 232 206
10 232 207
10 233 193
10 233 194
10 233 195
10 233 196
10 233 197
10 233 198
10 233 199
10 233 200
10 233 201
10 233 205
10 233 206
10 233 207
10 234 197
10 234 198
10 234 200
10 234 201
10 234 203
10 234 205
10 234 207
10 235 197
10 235 198
10 235 201
10 235 207
11 225 192
11 225 193
11 225 194
11 225 195
11 225 196
11 225 197
11 225 198
11 225 199
11 225 200
11 225 201
11 225 202
11 225 203
11 225 204
11 225 205
11 225 206
11 225 207
11 226 192
11 226 194
11 226 195
11 226 196
11 226 197
11 226 198
11 226 199
11 226 200
11 226 201
11 226 202
11 226 203
11 226 204
11 226 205
11 226 206
11 226 207
11 227 192
11 227 193
11 227 194
11 227 195
11 227 196
11 227 197
11 227 198
11 227 199
11 227 200
11 227 201
11 227 202
11 227 203
11 227 204
11 227 205
11 227 206
11 227 207
11 228 192
11 228 193
11 228 194
11 228 195
11 228 196
11 228 197
11 228 198
11 228 199
11 228 200
11 228 201
11 228 202
11 228 203
11 228 204
11 228 205
11 228 206
11 228 207
11 229 192
11 229 193
11 229 194
11 229 195
11 229 196
11 229 197
11 229 198
11 229 199
11 229 200
11 229 201
11 229 202
11 229 203
11 229 204
11 229 205
11 229 206
11 229 207
11 230 192
11 230 193
11 230 194
11 230 195
11 230 196
11 230 197
11 230 198
11 230 199
11 230 200
11 230 201
11 230 202
11 230 203
11 230 204
11 230 205
11 230 206
11 230 207
11 231 192
11 231 193
11 231 194
11 231 195
11 231 196
11 231 197
11 231 198
11 231 199
11 231 200
11 231 201
11 231 202
11 231 203
11 231 204
11 231 205
11 231 206
11 231 207
11 232 193
11 232 194
11 232 195
11 232 196
11 232 197
11 232 198
11 232 199
11 232 200
11 232 201
11 232 202
11 232 203
11 232 204
11 232 205
11 232 206
11 232 207
11 233 194
11 233 195
11 233 196
11 233 197
11 233 198
11 233 199
11 233 200
11 233 201
11 233 202
11 233 205
11 233 206
11 233 207
11 234 194
11 234 195
11 234 196
11 234 197
11 234 198
11 234 199
11 234 201
11 234 206
11 234 207
11 235 195
11 235 197
11 235 207
11 236 196
12 225 192
12 225 193
12 225 194
12 225 195
12 225 196
12 225 197
12 225 198
12 225 199
12 225 202
12 225 203
12 225 204
12 225 205
12 225 206
12 225 207
12 226 192
12 226 193
12 226 194
12 226 195
12 226 196
12 226 197
12 226 198
12 226 199
12 226 200
12 226 201
12 226 202
12 226 203
12 226 204
12 226 205
12 226 206
12 226 207
12 227 192
12 227 193
12 227 195
12 227 196
12 227 197
12 227 198
12 227 199
12 227 200
12 227 201
12 227 202
12 227 203
12 227 204
12 227 205
12 227 206
12 227 207
12 228 192
12 228 193
12 228 194
12 228 195
12 228 196
12 228 197
12 228 198
12 228 199
12 228 200
12 228 201
12 228 202
12 228 203
12 228 204
12 228 205
12 228 206
12 228 207
12 229 192
12 229 193
12 229 194
12 229 195
12 229 196
12 229 197
12 229 198
12 229 199
12 229 200
12 229 202
12 229 203
12 229 204
12 229 205
12 229 206
12 229 207
12 230 193
12 230 194
12 230 195
12 230 196
12 230 197
12 230 198
12 230 199
12 230 200
12 230 201
12 230 202
12 230 203
12 230 204
12 230 205
12 230 206
12 230 207
12 231 192
12 231 193
12 231 194
12 231 195
12 231 196
12 231 197
12 231 198
12 231 199
12 231 200
12 231 201
12 231 202
12 231 203
12 231 204
12 231 205
12 231 206
12 231 207
12 232 192
12 232 193
12 232 194
12 232 195
12 232 196
12 232 197
12 232 198
12 232 199
12 232 200
12 232 203
12 232 204
12 232 205
12 232 206
12 232 207
12 233 194
12 233 195
12 233 196
12 233 197
12 233 199
12 233 200
12 233 201
12 233 202
12 233 203
12 233 204
12 233 205
12 233 206
12 233 207
12 234 194
12 234 195
12 234 196
12 234 197
12 234 198
12 234 205
12 234 207
12 235 194
12 235 195
12 235 196
12 235 197
12 235 198
12 235 207
12 236 195
12 236 196
12 236 197
12 237 195
12 237 196
12 237 197
13 225 192
13 225 193
13 225 194
13 225 195
13 225 196
13 225 197
13 225 198
13 225 199
13 225 200
13 225 202
13 225 203
13 225 204
13 225 205
13 225 206
13 226 192
13 226 193
13 226 194
13 226 195
13 226 196
13 226 197
13 226 198
13 226 199
13 226 200
13 226 201
13 226 202
13 226 203
13 226 204
13 226 205
13 226 206
13 226 207
13 227 192
13 227 194
13 227 195
13 227 196
13 227 197
13 227 198
13 227 199
13 227 200
13 227 201
13 227 202
13 227 203
13 227 204
13 227 205
13 227 206
13 227 207
13 228 192
13 228 194
13 228 195
13 228 196
13 228 197
13 228 198
13 228 199
13 228 200
13 228 201
13 228 202
13 228 203
13 228 204
13 228 205
13 228 206
13 228 207
13 229 192
13 229 193
13 229 194
13 229 195
13 229 196
13 229 197
13 229 198
13 229 199
13 229 200
13 229 201
13 229 202
13 229 203
13 229 204
13 229 205
13 229 206
13 229 207
13 230 193
13 230 194
13 230 195
13 230 196
13 230 197
13 230 198
13 230 199
13 230 200
13 230 201
13 230 202
13 230 203
13 230 204
13 230 205
13 230 206
13 230 207
13 231 193
13 231 194
13 231 195
13 231 196
13 231 197
13 231 198
13 231 199
13 231 200
13 231 201
13 231 202
13 231 203
13 231 204
13 231 205
13 231 206
13 231 207
13 232 194
13 232 195
13 232 196
13 232 197
13 232 198
13 232 200
13 232 201
13 232 202
13 232 203
13 232 204
13 232 205
13 232 206
13 232 207
13 233 193
13 233 194
13 233 195
13 233 196
13 233 197
13 233 201
13 233 202
13 233 203
13 233 204
13 233 206
13 233 207
13 234 196
13 234 197
13 234 198
13 234 199
13 234 205
13 234 206
13 234 207
13 235 195
13 235 196
13 235 197
13 235 207
13 236 195
13 236 196
13 237 196
14 225 192
14 225 193
14 225 194
14 225 195
14 225 196
14 225 197
14 225 198
14 225 199
14 225 200
14 225 201
14 225 202
14 225 203
14 225 204
14 225 205
14 225 206
14 225 207
14 226 192
14 226 193
14 226 194
14 226 195
14 226 196
14 226 197
14 226 198
14 226 199
14 226 200
14 226 201
14 226 202
14 226 203
14 226 204
14 226 205
14 226 206
14 226 207
14 227 192
14 227 193
14 227 194
14 227 195
14 227 196
14 227 197
14 227 198
14 227 199
14 227 200
14 227 201
14 227 202
14 227 203
14 227 204
14 227 205
14 227 206
14 227 207
14 228 192
14 228 193
14 228 194
14 228 195
14 228 196
14 228 197
14 228 198
14 228 199
14 228 200
14 228 201
14 228 202
14 228 203
14 228 204
14 228 205
14 228 206
14 228 207
14 229 192
14 229 193
14 229 194
14 229 195
14 229 196
14 229 197
14 229 198
14 229 199
14 229 200
14 229 201
14 229 202
14 229 203
14 229 204
14 229 205
14 229 206
14 229 207
14 230 192
14 230 193
14 230 194
14 230 195
14 230 196
14 230 197
14 230 198
14 230 199
14 230 200
14 230 201
14 230 202
14 230 203
14 230 204
14 230 205
14 230 206
14 230 207
14 231 192
14 231 193
14 231 194
14 231 195
14 231 196
14 231 197
14 231 198
14 231 199
14 231 200
14 231 201
14 231 202
14 231 203
14 231 204
14 231 205
14 231 206
14 231 207
14 232 194
14 232 195
14 232 196
14 232 197
14 232 198
14 232 199
14 232 200
14 232 201
14 232 202
14 232 203
14 232 204
14 232 207
14 233 195
14 233 196
14 233 197
14 233 198
14 233 199
14 233 200
14 233 201
14 233 202
14 233 203
14 233 204
14 233 206
14 233 207
14 234 195
14 234 196
14 234 197
14 234 201
14 234 202
14 234 203
14 234 206
14 234 207
14 235 196
14 235 197
14 235 207
14 236 207
15 225 192
15 225 193
15 225 194
15 225 195
15 225 196
15 225 197
15 225 198
15 225 199
15 225 201
15 225 202
15 225 203
15 225 204
15 225 205
15 225 206
15 225 207
15 226 192
15 226 193
15 226 194
15 226 195
15 226 196
15 226 197
15 226 198
15 226 199
15 226 200
15 226 201
15 226 202
15 226 203
15 226 204
15 226 205
15 226 206
15 227 192
15 227 193
15 227 194
15 227 195
15 227 196
15 227 197
15 227 198
15 227 199
15 227 200
15 227 201
15 227 202
15 227 203
15 227 204
15 227 205
15 227 206
15 227 207
15 228 192
15 228 193
15 228 194
15 228 195
15 228 196
15 228 197
15 228 198
15 228 199
15 228 200
15 228 201
15 228 202
15 228 203
15 228 204
15 228 205
15 228 206
15 228 207
15 229 192
15 229 193
15 229 194
15 229 195
15 229 196
15 229 197
15 229 198
15 229 199
15 229 200
15 229 201
15 229 202
15 229 203
15 229 204
15 229 205
15 229 206
15 229 207
15 230 192
15 230 193
15 230 194
15 230 195
15 230 196
15 230 197
15 230 198
15 230 199
15 230 200
15 230 201
15 230 202
15 230 203
15 230 204
15 230 205
15 230 206
15 230 207
15 231 194
15 231 195
15 231 196
15 231 197
15 231 198
15 231 199
15 231 200
15 231 201
15 231 202
15 231 203
15 231 204
15 231 205
15 231 206
15 231 207
15 232 193
15 232 194
15 232 195
15 232 196
15 232 197
15 232 198
15 232 200
15 232 201
15 232 202
15 232 203
15 232 204
15 232 205
15 232 206
15 233 194
15 233 195
15 233 196
15 233 197
15 233 200
15 233 201
15 233 202
15 233 203
15 233 204
15 233 205
15 233 206
15 234 195
15 234 196
15 234 197
15 234 200
15 234 201
15 234 202
15 234 203
15 234 204
15 235 196
15 235 200
15 235 201
15 235 203
15 235 204

