alfheim:altWood1
12
135 192 112
136 191 112
136 192 112
136 192 113
136 192 114
137 191 112
137 191 113
137 192 112
137 192 113
137 192 114
138 191 112
138 192 112
138 192 113
138 192 114
138 192 115
138 192 116
139 192 112
139 192 113
139 192 114
139 192 115
139 192 116
139 192 117
139 192 118
140 192 115
140 192 116
140 192 117
140 192 118
140 192 119
140 192 120
140 192 121
141 192 117
141 192 118
141 192 119
141 192 120
141 192 121
141 192 122
141 192 123
142 192 119
142 192 120
142 192 121
142 192 122
142 192 123
142 192 124
142 192 125
143 192 121
143 192 122
143 192 123
143 192 124
143 192 125
128 220 112
128 220 113
128 221 112
128 221 113
128 221 114
128 221 115
128 221 116
128 221 117
128 221 118
128 222 113
128 222 114
128 222 115
128 222 116
128 222 117
128 222 118
128 222 119
128 222 120
128 223 114
128 223 115
128 223 116
128 223 117
128 223 118
128 223 119
128 223 120
128 224 115
128 224 116
128 224 117
128 224 118
128 224 119
128 224 120
129 220 112
129 220 113
129 221 112
129 221 113
129 221 114
129 221 115
129 221 117
129 221 118
129 221 119
129 222 113
129 222 114
129 222 115
129 222 116
129 222 117
129 222 118
129 222 119
129 222 120
129 223 114
129 223 115
129 223 116
129 223 117
129 223 118
129 223 119
129 223 120
129 224 115
129 224 116
129 224 117
129 224 118
129 224 119
129 224 120
129 224 121
130 221 113
130 222 114
130 222 115
130 222 117
130 222 118
130 222 119
130 223 116
130 223 117
130 223 118
130 223 119
130 223 120
130 224 116
130 224 117
130 224 118
130 224 119
130 224 120
131 223 116
131 223 117
131 223 118
131 223 119
131 224 117
131 224 118
131 224 119
135 193 112
136 193 112
136 193 113
136 193 114
136 194 112
136 194 113
137 193 112
137 193 113
137 193 114
137 194 112
137 194 113
137 194 114
138 193 112
138 193 113
138 193 114
138 193 115
138 193 116
138 194 112
138 194 113
138 194 114
138 194 115
138 194 116
138 220 112
138 221 112
138 222 112
138 223 112
139 193 112
139 193 113
139 193 114
139 193 115
139 193 116
139 193 117
139 193 118
139 194 113
139 194 114
139 194 115
139 194 116
139 194 117
139 194 118
139 220 112
139 221 112
139 221 113
139 222 112
139 222 113
139 223 112
139 223 113
139 224 112
139 224 113
140 193 115
140 193 116
140 193 117
140 193 118
140 193 119
140 193 120
140 193 121
140 194 115
140 194 116
140 194 117
140 194 118
140 194 119
140 194 120
140 194 121
140 220 112
140 221 112
140 221 113
140 222 112
140 222 113
140 222 114
140 223 112
140 223 113
140 223 114
140 224 112
140 224 113
140 224 114
141 193 117
141 193 118
141 193 119
141 193 120
141 193 121
141 193 122
141 193 123
141 194 117
141 194 118
141 194 119
141 194 120
141 194 121
141 220 112
141 221 112
141 221 113
141 221 114
141 222 112
141 222 113
141 222 114
141 222 115
141 223 112
141 223 113
141 223 114
141 223 115
141 224 112
141 224 113
141 224 114
141 224 115
142 193 119
142 193 120
142 193 121
142 193 122
142 193 123
142 193 124
142 194 119
142 194 120
142 194 121
142 194 122
142 194 123
142 194 124
142 194 125
142 220 112
142 220 113
142 221 112
142 221 113
142 221 114
142 221 115
142 222 112
142 222 113
142 222 114
142 222 115
142 222 116
142 223 112
142 223 113
142 223 114
142 223 115
142 223 116
142 224 112
142 224 113
142 224 114
142 224 115
142 224 116
143 193 121
143 193 122
143 193 123
143 193 124
143 194 121
143 194 122
143 194 123
143 194 124
143 194 125
143 195 125
143 220 112
143 220 114
143 221 112
143 221 113
143 221 114
143 221 115
143 222 112
143 222 113
143 222 114
143 222 115
143 222 116
143 223 112
143 223 113
143 223 114
143 223 115
143 223 116
143 223 117
143 224 112
143 224 113
143 224 114
143 224 115
143 224 116
128 225 116
128 225 117
128 225 118
128 225 119
128 225 120
128 226 116
128 226 117
128 226 118
128 226 120
128 226 121
128 227 120
128 227 121
129 225 116
129 225 117
129 225 118
129 225 119
129 225 120
129 225 121
129 226 117
129 226 118
129 226 119
129 226 120
129 226 121
129 226 122
129 227 118
129 227 119
129 227 120
129 227 121
129 227 122
129 227 123
129 227 124
129 228 122
129 228 123
129 228 124
129 228 125
129 229 123
129 229 124
130 225 117
130 225 118
130 225 119
130 225 120
130 225 121
130 226 118
130 226 119
130 226 120
130 226 121
130 226 122
130 227 119
130 227 120
130 227 121
130 227 122
130 227 123
130 227 124
130 227 125
130 228 121
130 228 122
130 228 123
130 228 124
130 228 125
130 228 126
130 229 121
130 229 123
130 229 124
130 229 125
130 229 126
130 230 122
130 230 123
130 230 124
131 225 119
131 225 120
131 226 120
131 226 121
131 226 123
131 227 120
131 227 121
131 227 122
131 227 123
131 227 124
131 227 125
131 228 121
131 228 122
131 228 123
131 228 124
131 228 125
131 228 126
131 228 127
131 229 122
131 229 123
131 229 124
131 229 125
131 229 126
131 229 127
131 230 123
131 230 124
131 230 125
131 230 126
131 230 127
132 227 122
132 227 123
132 228 122
132 228 123
132 228 124
132 228 125
132 228 126
132 228 127
132 229 123
132 229 124
132 229 125
132 229 126
132 229 127
132 230 124
132 230 125
132 230 126
132 230 127
132 231 126
132 231 127
133 228 123
133 228 126
133 228 127
133 229 124
133 229 125
133 229 126
133 229 127
133 230 126
133 230 127
133 231 127
134 229 126
134 229 127
134 230 127
134 231 127
140 225 112
140 225 113
141 225 112
141 225 113
141 225 114
141 226 112
142 225 112
142 225 113
142 225 114
142 225 115
142 226 113
143 225 112
143 225 113
143 225 114
143 225 115
143 225 116
143 225 117
143 226 114
143 226 116
143 226 117
alfheim:altLeaves
6
128 176 127
128 177 126
128 177 127
128 178 127
128 179 126
128 179 127
128 180 126
128 180 127
128 181 125
128 181 126
128 181 127
128 182 126
128 182 127
128 183 125
128 183 126
128 183 127
128 184 125
128 184 126
128 184 127
128 185 127
128 186 127
128 188 127
128 189 127
128 191 125
128 191 126
128 191 127
128 192 116
128 192 124
128 192 126
128 192 127
129 174 127
129 175 127
129 176 127
129 177 127
129 178 127
129 179 125
129 179 126
129 179 127
129 180 126
129 180 127
129 181 126
129 181 127
129 182 124
129 182 125
129 182 126
129 182 127
129 183 124
129 183 125
129 183 126
129 183 127
129 184 125
129 184 126
129 184 127
129 185 127
129 186 126
129 186 127
129 187 125
129 187 126
129 187 127
129 188 127
129 189 127
129 190 126
129 191 116
129 191 118
129 191 125
129 191 126
129 191 127
129 192 116
129 192 118
129 192 124
129 192 126
129 192 127
130 174 127
130 175 127
130 176 126
130 176 127
130 177 126
130 177 127
130 178 126
130 178 127
130 179 126
130 179 127
130 180 126
130 180 127
130 181 127
130 182 124
130 182 125
130 182 126
130 183 124
130 183 125
130 183 126
130 183 127
130 184 125
130 184 126
130 184 127
130 185 127
130 186 125
130 186 126
130 186 127
130 187 126
130 187 127
130 188 125
130 188 126
130 188 127
130 189 125
130 189 126
130 189 127
130 190 126
130 190 127
130 191 125
130 191 126
130 191 127
130 192 116
130 192 117
130 192 118
130 192 121
130 192 124
130 192 125
130 192 126
130 192 127
131 174 127
131 175 127
131 176 127
131 177 126
131 177 127
131 178 127
131 179 127
131 180 126
131 180 127
131 181 127
131 182 125
131 182 126
131 183 124
131 183 125
131 183 126
131 183 127
131 184 125
131 184 126
131 184 127
131 185 125
131 185 126
131 185 127
131 186 124
131 186 125
131 186 126
131 186 127
131 187 125
131 187 126
131 187 127
131 188 125
131 188 126
131 188 127
131 189 125
131 189 126
131 189 127
131 190 125
131 190 126
131 190 127
131 191 126
131 191 127
131 192 116
131 192 117
131 192 124
131 192 125
131 192 127
132 175 127
132 176 125
132 176 126
132 176 127
132 177 126
132 177 127
132 178 126
132 178 127
132 179 127
132 180 127
132 182 125
132 183 126
132 183 127
132 184 125
132 184 126
132 185 127
132 186 125
132 186 126
132 186 127
132 187 125
132 187 126
132 187 127
132 188 125
132 188 126
132 188 127
132 189 125
132 189 126
132 189 127
132 190 125
132 190 126
132 190 127
132 191 123
132 191 125
132 191 126
132 191 127
132 192 116
132 192 117
132 192 120
132 192 122
132 192 123
132 192 124
132 192 125
132 192 126
132 192 127
133 176 126
133 177 126
133 177 127
133 178 127
133 179 127
133 185 127
133 186 126
133 186 127
133 187 125
133 187 126
133 187 127
133 188 125
133 188 126
133 188 127
133 189 125
133 189 126
133 189 127
133 190 124
133 190 125
133 190 126
133 190 127
133 191 122
133 191 125
133 191 126
133 191 127
133 192 122
133 192 123
133 192 124
133 192 125
133 192 126
133 192 127
134 177 126
134 177 127
134 179 127
134 185 127
134 187 126
134 187 127
134 188 125
134 188 126
134 188 127
134 189 125
134 189 126
134 189 127
134 190 125
134 190 126
134 190 127
134 191 122
134 191 127
134 192 120
134 192 121
134 192 122
134 192 124
134 192 125
134 192 126
134 192 127
135 189 125
135 189 126
135 189 127
135 190 126
135 190 127
135 191 121
135 191 126
135 191 127
135 192 119
135 192 120
135 192 121
135 192 122
135 192 124
135 192 125
135 192 126
135 192 127
136 189 127
136 190 127
136 191 122
136 191 123
136 191 124
136 191 125
136 191 126
136 191 127
136 192 121
136 192 123
136 192 124
136 192 126
136 192 127
137 190 125
137 190 126
137 191 123
137 191 124
137 191 125
137 191 126
137 191 127
137 192 120
137 192 124
137 192 125
137 192 126
137 192 127
138 189 124
138 189 125
138 189 126
138 190 123
138 190 124
138 190 125
138 190 126
138 190 127
138 191 123
138 191 124
138 191 125
138 191 127
138 192 121
138 192 122
138 192 123
138 192 124
138 192 125
138 192 126
138 192 127
139 189 124
139 189 125
139 190 125
139 190 126
139 190 127
139 191 122
139 191 123
139 191 125
139 191 127
139 192 123
139 192 124
139 192 125
139 192 126
139 192 127
140 189 125
140 190 124
140 190 125
140 191 123
140 191 125
140 192 123
140 192 124
140 192 126
140 192 127
141 191 125
141 192 124
141 192 127
142 192 126
143 192 126
143 192 127
128 193 115
128 193 116
128 193 117
128 193 119
128 193 122
128 193 124
128 193 125
128 193 126
128 193 127
128 194 114
128 194 115
128 194 116
128 194 117
128 194 118
128 194 119
128 194 120
128 194 121
128 194 122
128 194 123
128 194 124
128 194 125
128 194 126
128 194 127
128 195 112
128 195 113
128 195 114
128 195 115
128 195 116
128 195 117
128 195 118
128 195 119
128 195 120
128 195 121
128 195 122
128 195 123
128 195 124
128 195 125
128 195 126
128 195 127
128 196 112
128 196 113
128 196 114
128 196 115
128 196 116
128 196 117
128 196 118
128 196 119
128 196 120
128 196 121
128 196 122
128 196 123
128 196 124
128 196 125
128 196 126
128 196 127
128 197 112
128 197 113
128 197 114
128 197 115
128 197 116
128 197 117
128 197 118
128 197 119
128 197 120
128 197 121
128 197 122
128 197 124
128 197 125
128 197 126
128 197 127
128 198 112
128 198 113
128 198 114
128 198 115
128 198 116
128 198 117
128 198 118
128 198 119
128 198 120
128 198 121
128 198 122
128 198 124
128 198 125
128 198 126
128 198 127
128 199 112
128 199 113
128 199 114
128 199 115
128 199 116
128 199 117
128 199 118
128 199 119
128 199 120
128 199 121
128 199 122
128 199 123
128 199 124
128 199 125
128 199 126
128 199 127
128 200 112
128 200 113
128 200 114
128 200 115
128 200 116
128 200 117
128 200 118
128 200 119
128 200 120
128 200 121
128 200 122
128 200 124
128 200 125
128 200 126
128 200 127
128 201 112
128 201 113
128 201 114
128 201 115
128 201 116
128 201 117
128 201 118
128 201 119
128 201 120
128 201 121
128 201 122
128 201 124
128 201 125
128 201 126
128 201 127
128 202 112
128 202 113
128 202 114
128 202 115
128 202 116
128 202 117
128 202 118
128 202 121
128 202 123
128 202 124
128 202 126
128 202 127
128 203 112
128 203 113
128 203 114
128 203 115
128 203 116
128 203 117
128 203 118
128 203 123
128 203 126
128 203 127
128 204 112
128 204 113
128 204 114
128 204 115
128 204 116
128 204 117
128 204 118
128 204 125
128 204 126
128 204 127
128 205 115
128 205 127
128 206 115
129 193 116
129 193 117
129 193 118
129 193 119
129 193 120
129 193 121
129 193 122
129 193 123
129 193 124
129 193 125
129 193 126
129 193 127
129 194 114
129 194 115
129 194 116
129 194 117
129 194 118
129 194 119
129 194 120
129 194 121
129 194 124
129 194 125
129 194 126
129 194 127
129 195 112
129 195 113
129 195 114
129 195 115
129 195 116
129 195 117
129 195 118
129 195 119
129 195 120
129 195 121
129 195 122
129 195 123
129 195 124
129 195 125
129 195 126
129 195 127
129 196 112
129 196 113
129 196 114
129 196 115
129 196 116
129 196 117
129 196 118
129 196 119
129 196 120
129 196 121
129 196 122
129 196 123
129 196 124
129 196 125
129 196 126
129 196 127
129 197 112
129 197 113
129 197 114
129 197 115
129 197 116
129 197 117
129 197 118
129 197 119
129 197 120
129 197 121
129 197 122
129 197 123
129 197 124
129 197 125
129 197 126
129 197 127
129 198 112
129 198 113
129 198 114
129 198 115
129 198 116
129 198 117
129 198 118
129 198 119
129 198 120
129 198 121
129 198 122
129 198 125
129 198 126
129 198 127
129 199 112
129 199 113
129 199 114
129 199 115
129 199 116
129 199 117
129 199 118
129 199 119
129 199 120
129 199 121
129 199 122
129 199 123
129 199 124
129 199 125
129 199 127
129 200 112
129 200 113
129 200 114
129 200 115
129 200 116
129 200 117
129 200 118
129 200 119
129 200 121
129 200 123
129 200 124
129 200 125
129 200 126
129 200 127
129 201 112
129 201 113
129 201 114
129 201 115
129 201 116
129 201 117
129 201 118
129 201 119
129 201 120
129 201 121
129 201 125
129 201 126
129 201 127
129 202 112
129 202 113
129 202 114
129 202 115
129 202 116
129 202 117
129 202 118
129 202 119
129 202 120
129 202 121
129 202 126
129 203 112
129 203 113
129 203 114
129 203 115
129 203 116
129 203 117
129 203 118
129 203 127
129 204 112
129 204 113
129 204 114
129 204 115
129 204 117
129 204 118
129 204 127
129 205 112
129 205 113
129 205 114
129 205 115
129 205 116
129 205 117
129 206 114
129 206 115
129 207 115
130 193 116
130 193 117
130 193 118
130 193 119
130 193 120
130 193 121
130 193 123
130 193 124
130 193 125
130 193 126
130 193 127
130 194 114
130 194 115
130 194 116
130 194 117
130 194 118
130 194 119
130 194 120
130 194 121
130 194 122
130 194 123
130 194 124
130 194 125
130 194 126
130 194 127
130 195 114
130 195 116
130 195 117
130 195 118
130 195 120
130 195 121
130 195 122
130 195 123
130 195 124
130 195 125
130 195 126
130 195 127
130 196 112
130 196 113
130 196 114
130 196 115
130 196 116
130 196 117
130 196 118
130 196 119
130 196 120
130 196 121
130 196 122
130 196 123
130 196 124
130 196 125
130 196 126
130 196 127
130 197 112
130 197 113
130 197 114
130 197 115
130 197 116
130 197 117
130 197 118
130 197 119
130 197 120
130 197 121
130 197 122
130 197 123
130 197 124
130 197 125
130 197 126
130 197 127
130 198 112
130 198 113
130 198 114
130 198 115
130 198 116
130 198 117
130 198 118
130 198 119
130 198 120
130 198 121
130 198 123
130 198 124
130 198 125
130 198 126
130 198 127
130 199 112
130 199 113
130 199 114
130 199 115
130 199 116
130 199 117
130 199 118
130 199 119
130 199 120
130 199 121
130 199 122
130 199 123
130 199 124
130 199 126
130 199 127
130 200 112
130 200 113
130 200 114
130 200 115
130 200 116
130 200 117
130 200 118
130 200 119
130 200 121
130 200 123
130 200 125
130 200 126
130 200 127
130 201 112
130 201 113
130 201 114
130 201 115
130 201 116
130 201 117
130 201 118
130 201 119
130 201 120
130 201 121
130 201 122
130 201 127
130 202 112
130 202 113
130 202 114
130 202 115
130 202 116
130 202 117
130 202 118
130 202 120
130 202 121
130 202 127
130 203 112
130 203 113
130 203 114
130 203 115
130 203 116
130 203 117
130 203 118
130 203 119
130 203 120
130 203 121
130 203 127
130 204 112
130 204 113
130 204 114
130 204 115
130 204 116
130 204 117
130 204 118
130 204 119
130 204 127
130 205 112
130 205 113
130 205 114
130 205 115
130 205 116
130 205 117
130 205 118
130 205 119
130 206 112
130 206 113
130 206 114
130 206 115
130 207 115
130 207 116
130 208 115
131 193 114
131 193 116
131 193 117
131 193 118
131 193 119
131 193 121
131 193 122
131 193 123
131 193 124
131 193 126
131 193 127
131 194 114
131 194 115
131 194 116
131 194 117
131 194 118
131 194 119
131 194 120
131 194 121
131 194 122
131 194 123
131 194 124
131 194 125
131 194 126
131 194 127
131 195 113
131 195 114
131 195 115
131 195 116
131 195 117
131 195 118
131 195 119
131 195 120
131 195 121
131 195 122
131 195 123
131 195 124
131 195 125
131 195 126
131 195 127
131 196 112
131 196 113
131 196 114
131 196 115
131 196 116
131 196 117
131 196 118
131 196 119
131 196 120
131 196 121
131 196 122
131 196 123
131 196 124
131 196 125
131 196 126
131 196 127
131 197 112
131 197 113
131 197 114
131 197 115
131 197 116
131 197 117
131 197 118
131 197 119
131 197 120
131 197 121
131 197 122
131 197 123
131 197 124
131 197 125
131 197 126
131 197 127
131 198 112
131 198 113
131 198 114
131 198 115
131 198 116
131 198 117
131 198 118
131 198 119
131 198 120
131 198 121
131 198 122
131 198 123
131 198 124
131 198 126
131 198 127
131 199 112
131 199 113
131 199 114
131 199 115
131 199 116
131 199 117
131 199 118
131 199 119
131 199 120
131 199 121
131 199 123
131 199 124
131 199 125
131 199 126
131 199 127
131 200 112
131 200 113
131 200 114
131 200 115
131 200 116
131 200 117
131 200 118
131 200 119
131 200 120
131 200 121
131 200 122
131 200 123
131 200 125
131 200 126
131 200 127
131 201 112
131 201 113
131 201 114
131 201 115
131 201 116
131 201 117
131 201 118
131 201 119
131 201 120
131 201 122
131 201 123
131 201 126
131 201 127
131 202 112
131 202 113
131 202 114
131 202 115
131 202 116
131 202 117
131 202 118
131 202 119
131 202 120
131 202 121
131 202 126
131 202 127
131 203 112
131 203 113
131 203 114
131 203 115
131 203 116
131 203 117
131 203 118
131 203 119
131 203 120
131 204 112
131 204 113
131 204 114
131 204 115
131 204 116
131 204 117
131 204 118
131 204 119
131 204 120
131 205 112
131 205 113
131 205 114
131 205 115
131 205 116
131 205 118
131 205 119
131 206 112
131 206 113
131 206 115
131 206 116
131 206 117
131 206 118
131 207 114
131 207 115
131 207 116
131 208 114
131 208 116
132 193 115
132 193 116
132 193 117
132 193 118
132 193 119
132 193 120
132 193 121
132 193 122
132 193 123
132 193 124
132 193 125
132 193 126
132 193 127
132 194 114
132 194 115
132 194 116
132 194 117
132 194 120
132 194 121
132 194 122
132 194 123
132 194 124
132 194 125
132 194 126
132 194 127
132 195 113
132 195 114
132 195 115
132 195 116
132 195 117
132 195 118
132 195 119
132 195 120
132 195 121
132 195 122
132 195 123
132 195 124
132 195 125
132 195 126
132 195 127
132 196 112
132 196 113
132 196 114
132 196 115
132 196 116
132 196 117
132 196 118
132 196 119
132 196 120
132 196 121
132 196 122
132 196 123
132 196 124
132 196 125
132 196 126
132 196 127
132 197 113
132 197 114
132 197 115
132 197 116
132 197 117
132 197 118
132 197 119
132 197 120
132 197 121
132 197 122
132 197 123
132 197 124
132 197 125
132 197 126
132 197 127
132 198 112
132 198 113
132 198 114
132 198 115
132 198 116
132 198 117
132 198 118
132 198 119
132 198 120
132 198 121
132 198 122
132 198 123
132 198 124
132 198 125
132 198 126
132 199 112
132 199 113
132 199 114
132 199 115
132 199 116
132 199 117
132 199 118
132 199 119
132 199 120
132 199 121
132 199 122
132 199 123
132 199 124
132 199 125
132 199 126
132 200 112
132 200 113
132 200 114
132 200 115
132 200 116
132 200 117
132 200 118
132 200 119
132 200 120
132 200 121
132 200 122
132 200 123
132 200 124
132 200 125
132 200 126
132 200 127
132 201 112
132 201 113
132 201 114
132 201 115
132 201 116
132 201 117
132 201 118
132 201 119
132 201 120
132 201 121
132 201 122
132 201 123
132 201 127
132 202 112
132 202 113
132 202 114
132 202 115
132 202 116
132 202 117
132 202 118
132 202 119
132 202 120
132 202 122
132 202 127
132 203 112
132 203 113
132 203 114
132 203 115
132 203 116
132 203 117
132 203 118
132 203 119
132 203 120
132 204 112
132 204 113
132 204 114
132 204 115
132 204 116
132 204 117
132 204 118
132 204 119
132 204 120
132 205 112
132 205 113
132 205 114
132 205 115
132 205 116
132 205 117
132 205 118
132 205 119
132 206 112
132 206 113
132 206 114
132 206 115
132 206 116
132 206 117
132 206 118
132 207 112
132 207 113
132 207 114
132 207 116
132 207 117
132 208 113
132 208 114
132 208 115
132 208 116
133 193 116
133 193 121
133 193 122
133 193 123
133 193 124
133 193 125
133 193 126
133 193 127
133 194 116
133 194 117
133 194 118
133 194 120
133 194 121
133 194 122
133 194 123
133 194 124
133 194 125
133 194 126
133 194 127
133 195 114
133 195 115
133 195 116
133 195 117
133 195 118
133 195 119
133 195 120
133 195 121
133 195 122
133 195 123
133 195 124
133 195 125
133 195 126
133 195 127
133 196 114
133 196 115
133 196 116
133 196 117
133 196 118
133 196 119
133 196 120
133 196 121
133 196 122
133 196 123
133 196 124
133 196 125
133 196 126
133 196 127
133 197 113
133 197 114
133 197 115
133 197 116
133 197 117
133 197 118
133 197 119
133 197 120
133 197 121
133 197 122
133 197 123
133 197 124
133 197 125
133 197 126
133 197 127
133 198 113
133 198 114
133 198 115
133 198 116
133 198 117
133 198 118
133 198 119
133 198 120
133 198 121
133 198 122
133 198 123
133 198 124
133 198 125
133 198 126
133 198 127
133 199 112
133 199 113
133 199 114
133 199 115
133 199 116
133 199 117
133 199 118
133 199 119
133 199 120
133 199 121
133 199 122
133 199 123
133 199 124
133 199 125
133 199 126
133 199 127
133 200 112
133 200 113
133 200 114
133 200 115
133 200 116
133 200 117
133 200 118
133 200 119
133 200 120
133 200 121
133 200 122
133 200 123
133 200 124
133 200 125
133 200 126
133 200 127
133 201 112
133 201 113
133 201 114
133 201 115
133 201 116
133 201 117
133 201 118
133 201 119
133 201 120
133 201 121
133 201 122
133 201 123
133 201 125
133 202 112
133 202 113
133 202 114
133 202 115
133 202 116
133 202 117
133 202 118
133 202 119
133 202 121
133 202 122
133 202 123
133 203 112
133 203 113
133 203 114
133 203 115
133 203 116
133 203 117
133 203 118
133 203 119
133 203 120
133 203 121
133 203 122
133 204 112
133 204 113
133 204 114
133 204 115
133 204 116
133 204 117
133 205 112
133 205 113
133 205 114
133 205 115
133 205 116
133 205 117
133 206 112
133 206 113
133 206 114
133 206 115
133 206 116
133 206 117
133 206 118
133 207 114
133 207 115
133 207 116
133 207 117
133 208 114
133 208 115
133 208 116
134 193 117
134 193 118
134 193 119
134 193 120
134 193 121
134 193 122
134 193 123
134 193 124
134 193 125
134 193 126
134 193 127
134 194 116
134 194 117
134 194 119
134 194 120
134 194 121
134 194 122
134 194 123
134 194 124
134 194 125
134 194 126
134 194 127
134 195 116
134 195 117
134 195 118
134 195 119
134 195 120
134 195 121
134 195 122
134 195 123
134 195 124
134 195 125
134 195 126
134 195 127
134 196 116
134 196 117
134 196 118
134 196 119
134 196 120
134 196 121
134 196 122
134 196 123
134 196 124
134 196 125
134 196 126
134 196 127
134 197 112
134 197 115
134 197 116
134 197 117
134 197 118
134 197 119
134 197 120
134 197 121
134 197 122
134 197 123
134 197 124
134 197 125
134 197 126
134 197 127
134 198 112
134 198 114
134 198 115
134 198 116
134 198 117
134 198 118
134 198 119
134 198 120
134 198 121
134 198 122
134 198 123
134 198 124
134 198 125
134 198 126
134 198 127
134 199 112
134 199 113
134 199 114
134 199 115
134 199 116
134 199 117
134 199 118
134 199 119
134 199 120
134 199 121
134 199 122
134 199 123
134 199 124
134 199 125
134 199 126
134 199 127
134 200 112
134 200 113
134 200 114
134 200 115
134 200 116
134 200 117
134 200 118
134 200 119
134 200 120
134 200 121
134 200 122
134 200 123
134 200 124
134 200 126
134 200 127
134 201 112
134 201 114
134 201 115
134 201 116
134 201 117
134 201 118
134 201 119
134 201 120
134 201 121
134 201 122
134 201 123
134 202 112
134 202 113
134 202 114
134 202 115
134 202 116
134 202 117
134 202 118
134 202 119
134 202 120
134 202 121
134 202 122
134 203 112
134 203 113
134 203 114
134 203 115
134 203 116
134 203 117
134 203 118
134 203 119
134 203 120
134 203 121
134 204 112
134 204 113
134 204 114
134 204 115
134 204 116
134 204 117
134 204 118
134 205 112
134 205 113
134 205 114
134 205 115
134 205 116
134 205 117
134 206 112
134 206 115
134 207 114
135 193 119
135 193 120
135 193 121
135 193 122
135 193 123
135 193 124
135 193 125
135 193 126
135 193 127
135 194 118
135 194 119
135 194 120
135 194 121
135 194 122
135 194 123
135 194 124
135 194 125
135 194 126
135 194 127
135 195 116
135 195 117
135 195 118
135 195 119
135 195 120
135 195 121
135 195 122
135 195 123
135 195 124
135 195 125
135 195 126
135 195 127
135 196 115
135 196 116
135 196 117
135 196 118
135 196 119
135 196 121
135 196 122
135 196 123
135 196 124
135 196 125
135 196 126
135 196 127
135 197 112
135 197 115
135 197 116
135 197 117
135 197 118
135 197 119
135 197 120
135 197 121
135 197 122
135 197 123
135 197 124
135 197 125
135 197 126
135 197 127
135 198 112
135 198 113
135 198 114
135 198 115
135 198 116
135 198 117
135 198 118
135 198 119
135 198 120
135 198 121
135 198 122
135 198 123
135 198 124
135 198 125
135 198 126
135 198 127
135 199 112
135 199 113
135 199 114
135 199 115
135 199 116
135 199 117
135 199 118
135 199 119
135 199 120
135 199 121
135 199 122
135 199 123
135 199 124
135 199 125
135 199 126
135 199 127
135 200 112
135 200 113
135 200 114
135 200 115
135 200 116
135 200 117
135 200 118
135 200 119
135 200 120
135 200 121
135 200 123
135 200 124
135 200 125
135 200 126
135 200 127
135 201 112
135 201 113
135 201 114
135 201 115
135 201 117
135 201 118
135 201 119
135 201 120
135 201 121
135 201 122
135 201 123
135 201 125
135 201 127
135 202 112
135 202 113
135 202 114
135 202 115
135 202 116
135 202 117
135 202 118
135 202 119
135 202 120
135 202 123
135 202 124
135 202 127
135 203 112
135 203 113
135 203 114
135 203 115
135 203 116
135 203 117
135 203 118
135 203 120
135 203 121
135 204 112
135 204 113
135 204 114
135 204 115
135 204 116
135 205 112
135 205 113
135 205 114
135 205 115
135 205 117
135 206 113
135 206 117
136 193 120
136 193 121
136 193 122
136 193 123
136 193 124
136 193 125
136 193 126
136 193 127
136 194 119
136 194 120
136 194 121
136 194 122
136 194 123
136 194 124
136 194 125
136 194 126
136 194 127
136 195 118
136 195 119
136 195 120
136 195 121
136 195 122
136 195 123
136 195 124
136 195 125
136 195 126
136 195 127
136 196 117
136 196 118
136 196 119
136 196 120
136 196 121
136 196 122
136 196 123
136 196 124
136 196 125
136 196 126
136 196 127
136 197 112
136 197 113
136 197 115
136 197 116
136 197 117
136 197 118
136 197 119
136 197 120
136 197 121
136 197 122
136 197 123
136 197 124
136 197 125
136 197 126
136 197 127
136 198 112
136 198 113
136 198 115
136 198 116
136 198 118
136 198 119
136 198 120
136 198 121
136 198 122
136 198 123
136 198 124
136 198 125
136 198 126
136 198 127
136 199 112
136 199 113
136 199 115
136 199 116
136 199 117
136 199 118
136 199 120
136 199 121
136 199 122
136 199 123
136 199 124
136 199 125
136 199 126
136 199 127
136 200 112
136 200 113
136 200 114
136 200 116
136 200 117
136 200 118
136 200 119
136 200 120
136 200 121
136 200 122
136 200 123
136 200 124
136 200 125
136 200 126
136 200 127
136 201 112
136 201 113
136 201 114
136 201 115
136 201 116
136 201 117
136 201 118
136 201 119
136 201 120
136 201 122
136 201 123
136 201 124
136 201 125
136 201 126
136 201 127
136 202 112
136 202 113
136 202 114
136 202 115
136 202 116
136 202 117
136 202 118
136 202 119
136 202 120
136 202 126
136 202 127
136 203 112
136 203 113
136 203 114
136 203 115
136 203 116
136 203 117
136 203 118
136 203 119
136 204 112
136 204 113
136 204 114
136 204 115
136 204 116
136 204 117
136 204 118
136 205 113
136 205 114
136 205 115
136 205 116
136 205 117
136 206 113
136 206 116
136 206 117
136 207 112
137 193 119
137 193 120
137 193 121
137 193 122
137 193 123
137 193 124
137 193 125
137 193 126
137 193 127
137 194 119
137 194 120
137 194 122
137 194 123
137 194 124
137 194 125
137 194 126
137 194 127
137 195 118
137 195 119
137 195 120
137 195 121
137 195 122
137 195 123
137 195 124
137 195 125
137 195 126
137 195 127
137 196 112
137 196 117
137 196 118
137 196 119
137 196 120
137 196 121
137 196 122
137 196 123
137 196 124
137 196 125
137 196 126
137 196 127
137 197 112
137 197 113
137 197 117
137 197 118
137 197 119
137 197 120
137 197 121
137 197 122
137 197 123
137 197 124
137 197 125
137 197 126
137 197 127
137 198 112
137 198 113
137 198 114
137 198 116
137 198 117
137 198 118
137 198 119
137 198 120
137 198 121
137 198 122
137 198 123
137 198 124
137 198 125
137 198 126
137 198 127
137 199 112
137 199 113
137 199 114
137 199 115
137 199 116
137 199 117
137 199 118
137 199 119
137 199 120
137 199 121
137 199 122
137 199 123
137 199 124
137 199 125
137 199 126
137 199 127
137 200 112
137 200 113
137 200 114
137 200 115
137 200 116
137 200 117
137 200 118
137 200 119
137 200 120
137 200 121
137 200 122
137 200 123
137 200 124
137 200 125
137 200 126
137 200 127
137 201 112
137 201 113
137 201 114
137 201 115
137 201 116
137 201 117
137 201 118
137 201 119
137 201 120
137 201 121
137 201 122
137 201 123
137 201 124
137 201 125
137 201 126
137 201 127
137 202 112
137 202 113
137 202 114
137 202 115
137 202 116
137 202 117
137 202 118
137 202 119
137 202 120
137 203 112
137 203 113
137 203 114
137 203 115
137 203 116
137 203 117
137 203 118
137 204 112
137 204 113
137 204 114
137 204 115
137 204 116
137 204 117
137 204 118
137 205 112
137 205 113
137 205 114
137 205 115
137 205 116
137 205 117
137 205 118
137 206 112
137 206 113
137 206 117
137 207 117
138 193 122
138 193 123
138 193 124
138 193 125
138 193 126
138 193 127
138 194 120
138 194 122
138 194 123
138 194 124
138 194 125
138 194 126
138 194 127
138 195 120
138 195 121
138 195 123
138 195 124
138 195 125
138 195 126
138 195 127
138 196 112
138 196 113
138 196 116
138 196 119
138 196 121
138 196 122
138 196 123
138 196 124
138 196 125
138 196 126
138 196 127
138 197 112
138 197 113
138 197 116
138 197 118
138 197 119
138 197 120
138 197 121
138 197 122
138 197 123
138 197 124
138 197 125
138 197 126
138 197 127
138 198 112
138 198 113
138 198 114
138 198 115
138 198 116
138 198 117
138 198 118
138 198 119
138 198 120
138 198 121
138 198 122
138 198 123
138 198 124
138 198 125
138 198 126
138 198 127
138 199 112
138 199 113
138 199 116
138 199 117
138 199 118
138 199 119
138 199 120
138 199 121
138 199 122
138 199 123
138 199 124
138 199 125
138 199 126
138 199 127
138 200 112
138 200 113
138 200 114
138 200 115
138 200 116
138 200 117
138 200 118
138 200 119
138 200 120
138 200 121
138 200 122
138 200 123
138 200 124
138 200 125
138 200 126
138 200 127
138 201 112
138 201 113
138 201 114
138 201 115
138 201 116
138 201 117
138 201 118
138 201 119
138 201 120
138 201 121
138 201 122
138 201 123
138 201 124
138 201 125
138 201 126
138 201 127
138 202 112
138 202 113
138 202 114
138 202 115
138 202 116
138 202 117
138 202 118
138 202 119
138 202 120
138 202 121
138 202 122
138 202 123
138 202 126
138 202 127
138 203 112
138 203 113
138 203 114
138 203 115
138 203 116
138 203 117
138 203 118
138 203 119
138 203 120
138 203 121
138 204 112
138 204 113
138 204 114
138 204 115
138 204 116
138 204 117
138 204 118
138 204 119
138 205 112
138 205 113
138 205 114
138 205 115
138 205 116
138 205 118
138 205 119
138 205 120
138 206 112
138 206 113
138 206 115
138 206 116
138 206 117
138 207 112
138 207 113
138 207 114
138 207 117
138 208 112
139 193 122
139 193 123
139 193 124
139 193 125
139 193 127
139 194 121
139 194 123
139 194 124
139 194 125
139 194 126
139 194 127
139 195 112
139 195 113
139 195 116
139 195 121
139 195 122
139 195 123
139 195 124
139 195 125
139 195 126
139 195 127
139 196 112
139 196 113
139 196 116
139 196 117
139 196 121
139 196 122
139 196 123
139 196 124
139 196 125
139 196 126
139 196 127
139 197 112
139 197 113
139 197 114
139 197 115
139 197 116
139 197 117
139 197 118
139 197 119
139 197 120
139 197 121
139 197 122
139 197 123
139 197 124
139 197 125
139 197 126
139 197 127
139 198 112
139 198 113
139 198 114
139 198 115
139 198 116
139 198 117
139 198 118
139 198 119
139 198 120
139 198 122
139 198 123
139 198 124
139 198 125
139 198 126
139 198 127
139 199 112
139 199 113
139 199 114
139 199 115
139 199 116
139 199 117
139 199 118
139 199 119
139 199 120
139 199 121
139 199 122
139 199 123
139 199 124
139 199 125
139 199 126
139 199 127
139 200 112
139 200 113
139 200 114
139 200 115
139 200 116
139 200 117
139 200 118
139 200 119
139 200 120
139 200 121
139 200 122
139 200 123
139 200 125
139 200 127
139 201 112
139 201 113
139 201 114
139 201 115
139 201 116
139 201 117
139 201 118
139 201 119
139 201 120
139 201 121
139 201 124
139 201 125
139 201 126
139 201 127
139 202 112
139 202 113
139 202 114
139 202 115
139 202 116
139 202 117
139 202 118
139 202 119
139 202 120
139 202 121
139 202 126
139 203 112
139 203 113
139 203 114
139 203 115
139 203 116
139 203 117
139 203 118
139 203 119
139 204 112
139 204 113
139 204 114
139 204 115
139 204 116
139 204 117
139 204 118
139 204 119
139 205 112
139 205 113
139 205 114
139 205 115
139 205 116
139 205 117
139 205 118
139 205 119
139 205 120
139 206 112
139 206 113
139 206 114
139 206 115
139 206 116
139 206 118
139 206 119
139 207 112
139 207 113
139 207 114
139 207 115
139 208 112
139 208 113
140 193 112
140 193 123
140 193 124
140 193 125
140 193 126
140 193 127
140 194 112
140 194 113
140 194 123
140 194 124
140 194 125
140 194 126
140 194 127
140 195 112
140 195 119
140 195 121
140 195 122
140 195 124
140 195 125
140 195 126
140 196 112
140 196 113
140 196 114
140 196 115
140 196 117
140 196 118
140 196 119
140 196 120
140 196 122
140 196 123
140 196 124
140 196 125
140 196 126
140 196 127
140 197 112
140 197 113
140 197 114
140 197 115
140 197 116
140 197 117
140 197 118
140 197 119
140 197 120
140 197 121
140 197 122
140 197 123
140 197 126
140 197 127
140 198 112
140 198 113
140 198 114
140 198 115
140 198 116
140 198 117
140 198 118
140 198 119
140 198 120
140 198 122
140 198 123
140 198 124
140 198 125
140 198 126
140 198 127
140 199 112
140 199 114
140 199 115
140 199 116
140 199 117
140 199 118
140 199 119
140 199 120
140 199 121
140 199 122
140 199 123
140 199 124
140 199 125
140 199 126
140 199 127
140 200 112
140 200 113
140 200 114
140 200 115
140 200 116
140 200 117
140 200 118
140 200 119
140 200 120
140 200 121
140 200 123
140 200 124
140 200 127
140 201 112
140 201 113
140 201 114
140 201 115
140 201 116
140 201 117
140 201 118
140 201 119
140 201 120
140 201 121
140 201 126
140 201 127
140 202 112
140 202 113
140 202 114
140 202 115
140 202 116
140 202 117
140 202 118
140 202 119
140 202 120
140 202 122
140 203 112
140 203 113
140 203 114
140 203 115
140 203 116
140 203 117
140 203 118
140 203 119
140 203 120
140 204 112
140 204 113
140 204 114
140 204 115
140 204 116
140 204 117
140 204 118
140 204 119
140 204 120
140 205 112
140 205 113
140 205 114
140 205 115
140 205 117
140 205 119
140 206 112
140 206 113
140 206 114
140 206 115
140 206 116
140 206 117
140 207 112
140 207 113
140 207 114
140 207 115
140 208 112
140 208 113
140 209 112
141 193 112
141 193 126
141 193 127
141 194 112
141 194 113
141 194 122
141 194 123
141 194 125
141 194 126
141 194 127
141 195 112
141 195 113
141 195 117
141 195 118
141 195 119
141 195 120
141 195 121
141 195 122
141 195 126
141 196 112
141 196 113
141 196 117
141 196 118
141 196 119
141 196 120
141 196 122
141 196 124
141 196 125
141 196 126
141 196 127
141 197 112
141 197 113
141 197 114
141 197 115
141 197 116
141 197 117
141 197 118
141 197 119
141 197 120
141 197 125
141 197 127
141 198 112
141 198 113
141 198 114
141 198 115
141 198 116
141 198 117
141 198 118
141 198 119
141 198 120
141 198 121
141 198 124
141 198 125
141 198 126
141 199 112
141 199 113
141 199 114
141 199 115
141 199 116
141 199 117
141 199 118
141 199 119
141 199 120
141 199 121
141 199 122
141 199 125
141 199 126
141 199 127
141 200 112
141 200 113
141 200 114
141 200 115
141 200 116
141 200 117
141 200 118
141 200 119
141 200 120
141 200 121
141 200 125
141 200 127
141 201 112
141 201 113
141 201 114
141 201 115
141 201 116
141 201 117
141 201 118
141 201 119
141 201 120
141 201 121
141 201 122
141 202 112
141 202 113
141 202 114
141 202 115
141 202 116
141 202 117
141 202 118
141 202 119
141 202 120
141 202 121
141 202 122
141 203 112
141 203 113
141 203 114
141 203 115
141 203 116
141 203 117
141 203 118
141 203 119
141 203 120
141 203 121
141 204 112
141 204 113
141 204 114
141 204 115
141 204 116
141 204 117
141 204 118
141 204 120
141 205 112
141 205 113
141 205 114
141 205 115
141 205 116
141 206 113
141 206 114
141 206 115
141 207 114
141 207 115
141 208 112
142 193 112
142 193 125
142 193 126
142 193 127
142 194 112
142 194 117
142 194 126
142 194 127
142 195 112
142 195 113
142 195 116
142 195 117
142 195 118
142 195 119
142 195 122
142 195 126
142 195 127
142 196 112
142 196 113
142 196 114
142 196 115
142 196 117
142 196 118
142 196 119
142 196 120
142 196 121
142 196 126
142 196 127
142 197 112
142 197 113
142 197 115
142 197 116
142 197 117
142 197 118
142 197 119
142 197 120
142 197 121
142 197 127
142 198 112
142 198 113
142 198 114
142 198 115
142 198 116
142 198 117
142 198 118
142 198 119
142 198 120
142 198 121
142 198 122
142 198 123
142 198 125
142 198 126
142 199 113
142 199 114
142 199 115
142 199 116
142 199 117
142 199 118
142 199 119
142 199 120
142 199 121
142 199 122
142 199 123
142 199 124
142 199 125
142 199 127
142 200 112
142 200 113
142 200 114
142 200 115
142 200 116
142 200 117
142 200 118
142 200 119
142 200 120
142 200 121
142 200 122
142 200 123
142 200 125
142 200 127
142 201 112
142 201 113
142 201 114
142 201 115
142 201 116
142 201 117
142 201 118
142 201 119
142 201 120
142 201 121
142 201 122
142 201 123
142 201 124
142 202 112
142 202 113
142 202 114
142 202 115
142 202 116
142 202 117
142 202 118
142 202 120
142 202 121
142 202 122
142 202 123
142 202 124
142 203 112
142 203 113
142 203 114
142 203 115
142 203 116
142 203 117
142 203 118
142 203 119
142 203 120
142 203 121
142 203 122
142 203 123
142 204 112
142 204 114
142 204 115
142 204 116
142 204 117
142 204 118
142 204 120
142 204 121
142 205 112
142 205 113
142 205 115
142 205 116
142 205 117
142 205 118
142 205 119
142 205 120
142 206 112
142 206 113
142 206 114
142 206 117
142 206 118
142 207 112
142 207 113
142 207 117
142 208 112
143 193 125
143 193 126
143 193 127
143 194 119
143 194 126
143 194 127
143 195 112
143 195 113
143 195 115
143 195 117
143 195 118
143 195 119
143 195 126
143 195 127
143 196 112
143 196 113
143 196 114
143 196 115
143 196 116
143 196 117
143 196 118
143 196 120
143 196 121
143 196 122
143 197 112
143 197 113
143 197 114
143 197 115
143 197 116
143 197 117
143 197 118
143 197 119
143 197 120
143 197 121
143 197 122
143 198 113
143 198 115
143 198 116
143 198 117
143 198 118
143 198 119
143 198 120
143 198 121
143 198 122
143 198 123
143 198 126
143 198 127
143 199 112
143 199 113
143 199 114
143 199 115
143 199 116
143 199 117
143 199 118
143 199 119
143 199 120
143 199 121
143 199 122
143 199 123
143 199 124
143 199 127
143 200 112
143 200 113
143 200 114
143 200 115
143 200 116
143 200 117
143 200 118
143 200 119
143 200 120
143 200 121
143 200 122
143 200 123
143 200 125
143 201 112
143 201 113
143 201 114
143 201 115
143 201 116
143 201 117
143 201 118
143 201 119
143 201 120
143 201 122
143 201 123
143 201 124
143 202 112
143 202 113
143 202 114
143 202 115
143 202 116
143 202 117
143 202 118
143 202 119
143 202 120
143 202 121
143 202 122
143 202 123
143 203 112
143 203 114
143 203 115
143 203 116
143 203 117
143 203 118
143 203 119
143 203 120
143 203 121
143 203 122
143 203 123
143 204 112
143 204 113
143 204 114
143 204 116
143 204 117
143 204 118
143 204 119
143 204 120
143 204 121
143 204 122
143 205 112
143 205 113
143 205 115
143 205 116
143 205 117
143 205 118
143 205 119
143 206 114
143 206 116
143 206 117
143 206 118
128 226 113
128 226 119
128 227 112
128 227 113
128 227 115
128 227 118
128 227 119
128 228 113
128 228 114
128 228 115
128 228 116
128 228 117
128 228 118
128 228 119
128 229 113
128 229 114
128 229 115
128 229 116
128 229 117
128 229 118
128 229 119
128 229 120
128 229 121
128 229 122
128 230 113
128 230 114
128 230 115
128 230 116
128 230 117
128 230 118
128 230 119
128 230 120
128 230 122
128 231 112
128 231 113
128 231 114
128 231 115
128 231 116
128 231 117
128 231 118
128 231 119
128 231 120
128 231 121
128 231 122
128 231 123
128 232 112
128 232 113
128 232 114
128 232 115
128 232 116
128 232 117
128 232 118
128 232 119
128 232 121
128 232 122
128 232 123
128 232 127
128 233 112
128 233 113
128 233 114
128 233 115
128 233 116
128 233 117
128 233 118
128 233 119
128 233 120
128 233 121
128 233 122
128 233 123
128 233 124
128 233 125
128 233 126
128 233 127
128 234 112
128 234 113
128 234 114
128 234 115
128 234 116
128 234 117
128 234 118
128 234 119
128 234 120
128 234 121
128 234 122
128 234 123
128 234 124
128 234 125
128 234 126
128 234 127
128 235 112
128 235 113
128 235 114
128 235 115
128 235 116
128 235 117
128 235 118
128 235 119
128 235 120
128 235 121
128 235 122
128 235 123
128 235 124
128 235 125
128 235 126
128 235 127
128 236 112
128 236 113
128 236 114
128 236 116
128 236 117
128 236 118
128 236 119
128 236 120
128 236 121
128 236 122
128 236 123
128 236 124
128 236 125
128 236 126
128 236 127
128 237 112
128 237 116
128 237 117
128 237 118
128 237 119
128 237 120
128 237 121
128 237 123
128 237 124
128 237 125
128 237 126
128 237 127
128 238 117
128 238 118
128 238 119
128 238 120
128 238 121
128 238 122
128 238 123
128 238 124
128 238 125
128 238 126
128 238 127
128 239 118
128 239 119
128 239 120
128 239 122
128 239 123
128 239 124
128 239 125
128 239 126
128 239 127
128 240 118
128 240 120
128 240 121
128 240 123
128 240 124
128 240 125
128 240 126
128 240 127
128 241 121
128 241 123
128 241 124
128 241 125
128 241 126
128 241 127
128 242 122
128 242 123
128 242 125
128 242 126
128 242 127
128 243 122
128 243 123
128 243 124
128 243 125
128 243 126
128 244 124
128 244 125
128 244 126
128 245 125
128 245 126
129 226 113
129 226 114
129 226 115
129 227 113
129 227 114
129 227 116
129 227 117
129 228 112
129 228 113
129 228 114
129 228 115
129 228 116
129 228 117
129 228 120
129 228 121
129 229 112
129 229 113
129 229 114
129 229 115
129 229 116
129 229 117
129 229 120
129 229 121
129 229 122
129 230 112
129 230 113
129 230 114
129 230 115
129 230 116
129 230 117
129 230 118
129 230 119
129 230 120
129 230 121
129 230 122
129 230 123
129 231 112
129 231 113
129 231 114
129 231 115
129 231 116
129 231 117
129 231 118
129 231 119
129 231 120
129 231 121
129 231 122
129 231 123
129 231 124
129 232 112
129 232 113
129 232 114
129 232 115
129 232 116
129 232 117
129 232 118
129 232 119
129 232 120
129 232 121
129 232 122
129 232 124
129 232 125
129 232 126
129 232 127
129 233 112
129 233 113
129 233 114
129 233 115
129 233 116
129 233 117
129 233 118
129 233 119
129 233 120
129 233 122
129 233 124
129 233 125
129 233 126
129 234 112
129 234 113
129 234 114
129 234 115
129 234 116
129 234 117
129 234 118
129 234 119
129 234 120
129 234 121
129 234 122
129 234 123
129 234 124
129 234 125
129 234 126
129 234 127
129 235 112
129 235 113
129 235 114
129 235 115
129 235 116
129 235 117
129 235 118
129 235 119
129 235 120
129 235 121
129 235 122
129 235 123
129 235 124
129 235 125
129 235 126
129 235 127
129 236 112
129 236 113
129 236 115
129 236 116
129 236 117
129 236 118
129 236 119
129 236 120
129 236 121
129 236 122
129 236 123
129 236 124
129 236 125
129 236 126
129 236 127
129 237 113
129 237 114
129 237 115
129 237 116
129 237 117
129 237 118
129 237 119
129 237 120
129 237 121
129 237 122
129 237 123
129 237 124
129 237 125
129 237 126
129 237 127
129 238 113
129 238 116
129 238 117
129 238 120
129 238 121
129 238 122
129 238 123
129 238 124
129 238 125
129 238 126
129 238 127
129 239 120
129 239 121
129 239 123
129 239 124
129 239 125
129 239 126
129 239 127
129 240 121
129 240 122
129 240 123
129 240 124
129 240 125
129 240 126
129 240 127
129 241 120
129 241 121
129 241 122
129 241 123
129 241 124
129 241 125
129 241 126
129 241 127
129 242 125
129 242 126
129 242 127
129 243 123
129 243 124
129 243 125
129 243 126
129 243 127
129 244 124
129 244 125
129 244 126
129 244 127
129 245 124
129 245 125
129 245 126
129 245 127
129 246 124
129 246 126
130 225 116
130 226 114
130 226 115
130 226 116
130 227 113
130 227 114
130 227 115
130 227 116
130 227 117
130 227 118
130 228 112
130 228 113
130 228 114
130 228 115
130 228 119
130 228 120
130 229 112
130 229 113
130 229 114
130 229 115
130 229 116
130 229 117
130 229 118
130 229 119
130 229 120
130 229 122
130 230 112
130 230 113
130 230 114
130 230 115
130 230 116
130 230 117
130 230 118
130 230 119
130 230 120
130 230 121
130 231 112
130 231 113
130 231 114
130 231 115
130 231 116
130 231 117
130 231 118
130 231 119
130 231 120
130 231 121
130 231 122
130 231 123
130 231 124
130 231 125
130 231 126
130 232 112
130 232 113
130 232 114
130 232 115
130 232 116
130 232 117
130 232 118
130 232 119
130 232 120
130 232 121
130 232 122
130 232 124
130 232 125
130 232 127
130 233 112
130 233 113
130 233 114
130 233 115
130 233 116
130 233 117
130 233 118
130 233 119
130 233 120
130 233 121
130 233 122
130 233 123
130 233 124
130 233 125
130 233 126
130 233 127
130 234 112
130 234 113
130 234 114
130 234 115
130 234 116
130 234 117
130 234 118
130 234 119
130 234 120
130 234 121
130 234 122
130 234 123
130 234 124
130 234 125
130 234 126
130 234 127
130 235 112
130 235 113
130 235 114
130 235 115
130 235 116
130 235 117
130 235 118
130 235 119
130 235 120
130 235 121
130 235 122
130 235 123
130 235 124
130 235 125
130 235 126
130 235 127
130 236 112
130 236 113
130 236 114
130 236 115
130 236 116
130 236 117
130 236 118
130 236 119
130 236 120
130 236 121
130 236 122
130 236 123
130 236 124
130 236 125
130 236 126
130 236 127
130 237 112
130 237 113
130 237 114
130 237 115
130 237 116
130 237 117
130 237 118
130 237 119
130 237 120
130 237 121
130 237 122
130 237 123
130 237 124
130 237 125
130 237 126
130 237 127
130 238 112
130 238 113
130 238 114
130 238 115
130 238 116
130 238 118
130 238 119
130 238 120
130 238 121
130 238 122
130 238 123
130 238 124
130 238 125
130 238 126
130 238 127
130 239 112
130 239 114
130 239 118
130 239 119
130 239 120
130 239 121
130 239 122
130 239 123
130 239 124
130 239 125
130 239 126
130 239 127
130 240 120
130 240 121
130 240 122
130 240 123
130 240 124
130 240 125
130 240 126
130 240 127
130 241 120
130 241 121
130 241 122
130 241 123
130 241 124
130 241 125
130 241 126
130 241 127
130 242 120
130 242 123
130 242 124
130 242 125
130 242 127
130 243 123
130 243 125
130 243 126
130 243 127
130 244 124
130 244 126
130 245 126
131 225 113
131 226 113
131 226 114
131 226 115
131 226 116
131 227 112
131 227 113
131 227 114
131 227 115
131 227 116
131 227 117
131 228 112
131 228 113
131 228 114
131 228 115
131 228 116
131 228 117
131 228 118
131 228 119
131 228 120
131 229 112
131 229 113
131 229 114
131 229 115
131 229 116
131 229 117
131 229 118
131 229 119
131 229 120
131 229 121
131 230 112
131 230 114
131 230 115
131 230 116
131 230 117
131 230 118
131 230 119
131 230 120
131 230 121
131 230 122
131 231 112
131 231 113
131 231 114
131 231 115
131 231 116
131 231 117
131 231 118
131 231 119
131 231 120
131 231 121
131 231 122
131 231 125
131 232 112
131 232 113
131 232 114
131 232 115
131 232 116
131 232 117
131 232 118
131 232 119
131 232 120
131 232 121
131 232 124
131 232 126
131 232 127
131 233 112
131 233 113
131 233 114
131 233 115
131 233 116
131 233 117
131 233 118
131 233 119
131 233 120
131 233 121
131 233 122
131 233 123
131 233 124
131 233 125
131 233 127
131 234 112
131 234 113
131 234 114
131 234 115
131 234 116
131 234 117
131 234 118
131 234 119
131 234 120
131 234 121
131 234 122
131 234 123
131 234 124
131 234 125
131 234 126
131 234 127
131 235 112
131 235 113
131 235 114
131 235 115
131 235 116
131 235 117
131 235 118
131 235 119
131 235 120
131 235 121
131 235 122
131 235 123
131 235 124
131 235 125
131 235 126
131 235 127
131 236 112
131 236 113
131 236 114
131 236 115
131 236 116
131 236 117
131 236 118
131 236 119
131 236 120
131 236 121
131 236 122
131 236 123
131 236 124
131 236 125
131 236 126
131 236 127
131 237 112
131 237 113
131 237 114
131 237 115
131 237 116
131 237 117
131 237 118
131 237 119
131 237 120
131 237 121
131 237 122
131 237 123
131 237 124
131 237 125
131 237 126
131 237 127
131 238 112
131 238 113
131 238 114
131 238 116
131 238 117
131 238 119
131 238 120
131 238 121
131 238 122
131 238 123
131 238 124
131 238 125
131 238 126
131 238 127
131 239 112
131 239 116
131 239 119
131 239 120
131 239 121
131 239 122
131 239 123
131 239 124
131 239 125
131 239 126
131 239 127
131 240 119
131 240 120
131 240 121
131 240 122
131 240 123
131 240 124
131 240 125
131 240 126
131 240 127
131 241 122
131 241 123
131 241 124
131 241 125
131 241 126
131 241 127
131 242 123
131 242 124
131 242 125
131 242 126
131 242 127
131 243 124
131 243 125
131 243 126
131 243 127
131 244 126
131 244 127
131 245 127
132 226 113
132 226 114
132 226 115
132 227 113
132 227 114
132 227 115
132 227 116
132 227 117
132 227 118
132 228 112
132 228 113
132 228 114
132 228 115
132 228 116
132 228 117
132 228 118
132 228 119
132 229 112
132 229 113
132 229 114
132 229 115
132 229 116
132 229 117
132 229 118
132 229 119
132 229 120
132 229 121
132 230 112
132 230 113
132 230 114
132 230 115
132 230 116
132 230 117
132 230 118
132 230 119
132 230 120
132 230 121
132 230 122
132 231 112
132 231 113
132 231 114
132 231 115
132 231 116
132 231 117
132 231 118
132 231 119
132 231 120
132 231 121
132 232 112
132 232 113
132 232 114
132 232 115
132 232 116
132 232 117
132 232 118
132 232 119
132 232 120
132 232 121
132 232 122
132 233 112
132 233 113
132 233 114
132 233 115
132 233 116
132 233 117
132 233 118
132 233 119
132 233 120
132 233 121
132 233 122
132 233 123
132 233 124
132 233 125
132 233 126
132 234 112
132 234 113
132 234 114
132 234 115
132 234 116
132 234 117
132 234 118
132 234 119
132 234 120
132 234 121
132 234 122
132 234 123
132 234 124
132 234 125
132 234 127
132 235 112
132 235 113
132 235 114
132 235 115
132 235 116
132 235 117
132 235 118
132 235 119
132 235 120
132 235 121
132 235 122
132 235 123
132 235 124
132 235 125
132 235 126
132 235 127
132 236 112
132 236 113
132 236 114
132 236 115
132 236 116
132 236 117
132 236 118
132 236 119
132 236 120
132 236 121
132 236 122
132 236 123
132 236 124
132 236 125
132 236 126
132 236 127
132 237 112
132 237 113
132 237 114
132 237 115
132 237 116
132 237 117
132 237 118
132 237 119
132 237 120
132 237 121
132 237 122
132 237 123
132 237 124
132 237 125
132 237 126
132 237 127
132 238 112
132 238 114
132 238 115
132 238 117
132 238 118
132 238 119
132 238 120
132 238 122
132 238 123
132 238 124
132 238 125
132 238 126
132 238 127
132 239 112
132 239 114
132 239 118
132 239 119
132 239 123
132 239 124
132 239 125
132 239 126
132 239 127
132 240 112
132 240 121
132 240 122
132 240 123
132 240 124
132 240 125
132 240 126
132 240 127
132 241 121
132 241 122
132 241 123
132 241 124
132 241 125
132 241 126
132 241 127
132 242 123
132 242 125
132 242 126
132 242 127
132 244 126
133 226 114
133 227 115
133 227 116
133 227 117
133 228 114
133 228 115
133 228 116
133 228 117
133 228 118
133 228 119
133 229 112
133 229 113
133 229 114
133 229 115
133 229 116
133 229 117
133 229 118
133 229 119
133 229 120
133 229 121
133 230 112
133 230 113
133 230 114
133 230 115
133 230 116
133 230 117
133 230 118
133 230 119
133 230 120
133 230 121
133 231 112
133 231 113
133 231 114
133 231 115
133 231 116
133 231 117
133 231 118
133 231 119
133 231 120
133 231 121
133 232 112
133 232 113
133 232 114
133 232 115
133 232 116
133 232 117
133 232 118
133 232 119
133 232 120
133 232 121
133 232 122
133 232 123
133 232 124
133 233 112
133 233 113
133 233 114
133 233 115
133 233 116
133 233 117
133 233 118
133 233 119
133 233 120
133 233 121
133 233 122
133 233 123
133 233 125
133 234 112
133 234 113
133 234 114
133 234 115
133 234 116
133 234 117
133 234 118
133 234 119
133 234 120
133 234 121
133 234 122
133 234 123
133 234 124
133 234 125
133 234 126
133 235 112
133 235 113
133 235 114
133 235 115
133 235 116
133 235 117
133 235 118
133 235 119
133 235 120
133 235 121
133 235 122
133 235 123
133 235 124
133 235 125
133 235 126
133 235 127
133 236 112
133 236 113
133 236 114
133 236 115
133 236 116
133 236 117
133 236 118
133 236 119
133 236 120
133 236 121
133 236 122
133 236 124
133 236 125
133 236 126
133 236 127
133 237 112
133 237 113
133 237 114
133 237 115
133 237 116
133 237 117
133 237 118
133 237 119
133 237 120
133 237 121
133 237 123
133 237 124
133 237 125
133 237 126
133 237 127
133 238 112
133 238 113
133 238 114
133 238 115
133 238 116
133 238 118
133 238 119
133 238 120
133 238 123
133 238 124
133 238 125
133 238 126
133 238 127
133 239 112
133 239 113
133 239 114
133 239 115
133 239 119
133 239 123
133 239 124
133 239 125
133 239 126
133 239 127
133 240 112
133 240 114
133 240 121
133 240 122
133 240 123
133 240 124
133 240 125
133 240 126
133 240 127
133 241 122
133 241 123
133 241 124
133 241 125
133 241 126
133 241 127
133 242 125
133 242 126
133 243 126
134 228 113
134 228 114
134 228 117
134 228 118
134 229 112
134 229 113
134 229 114
134 229 115
134 229 116
134 229 118
134 229 119
134 230 113
134 230 115
134 230 116
134 230 117
134 230 118
134 230 119
134 230 120
134 230 121
134 231 112
134 231 113
134 231 114
134 231 115
134 231 116
134 231 117
134 231 118
134 231 119
134 231 120
134 231 121
134 232 112
134 232 113
134 232 114
134 232 115
134 232 116
134 232 117
134 232 118
134 232 119
134 232 120
134 232 122
134 232 123
134 233 112
134 233 113
134 233 114
134 233 115
134 233 116
134 233 117
134 233 118
134 233 119
134 233 120
134 233 121
134 233 123
134 233 124
134 233 125
134 234 112
134 234 113
134 234 114
134 234 115
134 234 116
134 234 117
134 234 118
134 234 119
134 234 120
134 234 121
134 234 122
134 234 124
134 234 125
134 235 112
134 235 113
134 235 114
134 235 115
134 235 116
134 235 117
134 235 118
134 235 119
134 235 120
134 235 121
134 235 122
134 235 123
134 235 125
134 236 112
134 236 113
134 236 114
134 236 115
134 236 116
134 236 117
134 236 118
134 236 119
134 236 120
134 236 121
134 236 122
134 236 124
134 236 126
134 236 127
134 237 112
134 237 113
134 237 114
134 237 115
134 237 116
134 237 117
134 237 118
134 237 119
134 237 120
134 237 121
134 237 122
134 237 123
134 237 125
134 237 126
134 237 127
134 238 112
134 238 113
134 238 114
134 238 115
134 238 116
134 238 117
134 238 118
134 238 121
134 238 123
134 238 124
134 238 125
134 238 126
134 238 127
134 239 112
134 239 113
134 239 114
134 239 116
134 239 122
134 239 123
134 239 125
134 239 127
134 240 113
134 240 114
134 240 121
134 240 122
134 240 125
134 240 126
134 240 127
134 241 112
134 241 113
134 241 123
134 241 124
134 241 125
134 241 126
134 241 127
134 242 124
134 242 125
134 242 126
134 243 127
135 228 114
135 229 113
135 229 114
135 230 112
135 230 114
135 230 116
135 230 117
135 230 118
135 230 119
135 230 120
135 230 121
135 230 122
135 231 112
135 231 113
135 231 114
135 231 115
135 231 117
135 231 118
135 231 119
135 231 120
135 231 121
135 231 122
135 231 123
135 231 124
135 232 112
135 232 113
135 232 114
135 232 115
135 232 116
135 232 117
135 232 118
135 232 119
135 232 120
135 232 121
135 232 122
135 232 123
135 233 112
135 233 113
135 233 114
135 233 115
135 233 116
135 233 117
135 233 118
135 233 119
135 233 120
135 233 121
135 233 122
135 233 123
135 233 124
135 233 126
135 234 112
135 234 113
135 234 114
135 234 115
135 234 116
135 234 117
135 234 118
135 234 119
135 234 120
135 234 121
135 234 122
135 234 123
135 234 124
135 234 125
135 234 126
135 235 112
135 235 113
135 235 114
135 235 115
135 235 116
135 235 117
135 235 118
135 235 119
135 235 120
135 235 121
135 235 122
135 235 123
135 235 124
135 235 125
135 235 126
135 236 112
135 236 113
135 236 114
135 236 115
135 236 116
135 236 117
135 236 118
135 236 119
135 236 120
135 236 121
135 236 122
135 236 123
135 236 124
135 236 125
135 237 112
135 237 113
135 237 114
135 237 115
135 237 116
135 237 117
135 237 118
135 237 119
135 237 120
135 237 121
135 237 122
135 237 123
135 237 124
135 237 125
135 237 126
135 237 127
135 238 112
135 238 113
135 238 114
135 238 115
135 238 116
135 238 118
135 238 119
135 238 122
135 238 123
135 238 124
135 238 125
135 238 126
135 238 127
135 239 112
135 239 113
135 239 114
135 239 115
135 239 116
135 239 122
135 239 125
135 239 126
135 239 127
135 240 112
135 240 113
135 240 114
135 240 122
135 240 125
135 240 126
135 240 127
135 241 112
135 241 113
135 241 124
135 241 125
135 241 126
135 241 127
135 242 112
135 242 113
135 242 126
135 243 126
135 243 127
136 228 119
136 229 117
136 229 119
136 229 120
136 229 122
136 230 114
136 230 117
136 230 118
136 230 119
136 230 120
136 230 121
136 230 122
136 230 123
136 231 112
136 231 113
136 231 114
136 231 115
136 231 116
136 231 117
136 231 118
136 231 119
136 231 120
136 231 121
136 231 122
136 231 123
136 232 112
136 232 113
136 232 114
136 232 115
136 232 116
136 232 117
136 232 118
136 232 119
136 232 120
136 232 121
136 232 122
136 232 123
136 232 124
136 233 112
136 233 113
136 233 114
136 233 115
136 233 116
136 233 117
136 233 118
136 233 119
136 233 120
136 233 121
136 233 122
136 233 123
136 233 124
136 234 112
136 234 113
136 234 114
136 234 115
136 234 116
136 234 117
136 234 118
136 234 119
136 234 120
136 234 121
136 234 122
136 234 123
136 234 124
136 234 125
136 234 126
136 234 127
136 235 112
136 235 113
136 235 114
136 235 115
136 235 116
136 235 117
136 235 118
136 235 119
136 235 120
136 235 121
136 235 122
136 235 123
136 235 124
136 235 125
136 235 126
136 235 127
136 236 112
136 236 113
136 236 114
136 236 115
136 236 116
136 236 117
136 236 118
136 236 119
136 236 120
136 236 121
136 236 122
136 236 123
136 236 124
136 236 125
136 236 126
136 236 127
136 237 112
136 237 113
136 237 114
136 237 115
136 237 116
136 237 117
136 237 118
136 237 119
136 237 120
136 237 121
136 237 122
136 237 123
136 237 124
136 237 125
136 237 126
136 237 127
136 238 112
136 238 113
136 238 114
136 238 115
136 238 116
136 238 117
136 238 119
136 238 120
136 238 121
136 238 122
136 238 123
136 238 124
136 238 125
136 238 126
136 238 127
136 239 112
136 239 113
136 239 114
136 239 115
136 239 116
136 239 119
136 239 120
136 239 121
136 239 122
136 239 123
136 239 124
136 239 125
136 239 126
136 239 127
136 240 112
136 240 113
136 240 114
136 240 115
136 240 116
136 240 120
136 240 121
136 240 122
136 240 123
136 240 124
136 240 125
136 240 126
136 240 127
136 241 112
136 241 114
136 241 115
136 241 124
136 241 125
136 241 126
136 241 127
136 242 112
136 242 114
136 242 115
136 242 125
136 242 126
136 242 127
136 243 113
136 243 114
136 243 127
136 244 127
136 245 127
137 228 119
137 229 114
137 229 116
137 229 119
137 229 121
137 229 122
137 230 114
137 230 116
137 230 117
137 230 118
137 230 119
137 230 120
137 230 121
137 230 122
137 230 123
137 230 124
137 231 112
137 231 113
137 231 114
137 231 116
137 231 117
137 231 118
137 231 119
137 231 120
137 231 121
137 231 122
137 231 123
137 231 124
137 232 112
137 232 113
137 232 114
137 232 115
137 232 116
137 232 117
137 232 118
137 232 119
137 232 120
137 232 121
137 232 122
137 232 123
137 232 124
137 232 125
137 233 112
137 233 113
137 233 114
137 233 115
137 233 116
137 233 117
137 233 118
137 233 119
137 233 120
137 233 121
137 233 122
137 233 123
137 233 124
137 233 125
137 233 126
137 233 127
137 234 112
137 234 113
137 234 114
137 234 115
137 234 116
137 234 117
137 234 118
137 234 119
137 234 120
137 234 121
137 234 122
137 234 123
137 234 124
137 234 125
137 234 126
137 234 127
137 235 112
137 235 113
137 235 114
137 235 115
137 235 116
137 235 117
137 235 118
137 235 119
137 235 120
137 235 121
137 235 122
137 235 123
137 235 124
137 235 125
137 235 126
137 235 127
137 236 112
137 236 113
137 236 114
137 236 115
137 236 116
137 236 117
137 236 118
137 236 119
137 236 120
137 236 121
137 236 122
137 236 123
137 236 124
137 236 125
137 236 126
137 236 127
137 237 112
137 237 113
137 237 114
137 237 115
137 237 116
137 237 117
137 237 118
137 237 119
137 237 120
137 237 121
137 237 122
137 237 123
137 237 124
137 237 125
137 237 126
137 237 127
137 238 112
137 238 113
137 238 114
137 238 115
137 238 116
137 238 117
137 238 118
137 238 119
137 238 120
137 238 121
137 238 122
137 238 123
137 238 124
137 238 125
137 238 126
137 238 127
137 239 112
137 239 113
137 239 114
137 239 115
137 239 116
137 239 117
137 239 120
137 239 121
137 239 122
137 239 123
137 239 124
137 239 125
137 239 127
137 240 112
137 240 113
137 240 114
137 240 115
137 240 116
137 240 117
137 240 121
137 240 122
137 240 124
137 240 125
137 240 126
137 240 127
137 241 112
137 241 113
137 241 114
137 241 115
137 241 122
137 241 124
137 241 125
137 241 126
137 241 127
137 242 112
137 242 113
137 242 114
137 242 115
137 242 116
137 242 125
137 242 127
137 243 112
137 243 113
137 243 114
137 244 112
137 244 113
137 244 114
137 244 126
137 244 127
138 228 119
138 228 120
138 228 123
138 229 114
138 229 118
138 229 119
138 229 120
138 229 121
138 229 123
138 229 124
138 230 114
138 230 117
138 230 119
138 230 120
138 230 121
138 230 123
138 230 124
138 230 125
138 231 112
138 231 113
138 231 114
138 231 115
138 231 116
138 231 117
138 231 118
138 231 119
138 231 120
138 231 121
138 231 122
138 231 123
138 231 125
138 232 112
138 232 113
138 232 114
138 232 115
138 232 116
138 232 117
138 232 118
138 232 119
138 232 120
138 232 121
138 232 122
138 232 123
138 232 124
138 232 125
138 232 126
138 233 112
138 233 113
138 233 114
138 233 115
138 233 116
138 233 117
138 233 118
138 233 119
138 233 120
138 233 121
138 233 122
138 233 123
138 233 124
138 233 125
138 233 126
138 234 112
138 234 113
138 234 114
138 234 115
138 234 116
138 234 117
138 234 118
138 234 119
138 234 120
138 234 121
138 234 122
138 234 123
138 234 124
138 234 125
138 234 126
138 234 127
138 235 112
138 235 113
138 235 114
138 235 116
138 235 117
138 235 118
138 235 119
138 235 120
138 235 121
138 235 122
138 235 123
138 235 124
138 235 125
138 235 126
138 235 127
138 236 112
138 236 113
138 236 114
138 236 115
138 236 116
138 236 117
138 236 118
138 236 119
138 236 120
138 236 121
138 236 122
138 236 123
138 236 124
138 236 125
138 236 126
138 236 127
138 237 112
138 237 113
138 237 114
138 237 115
138 237 116
138 237 117
138 237 118
138 237 119
138 237 120
138 237 121
138 237 122
138 237 123
138 237 124
138 237 125
138 237 126
138 237 127
138 238 112
138 238 113
138 238 114
138 238 115
138 238 116
138 238 117
138 238 118
138 238 119
138 238 120
138 238 121
138 238 122
138 238 123
138 238 124
138 238 125
138 238 126
138 238 127
138 239 112
138 239 113
138 239 114
138 239 115
138 239 116
138 239 117
138 239 118
138 239 119
138 239 120
138 239 121
138 239 122
138 239 123
138 239 124
138 239 125
138 239 126
138 239 127
138 240 112
138 240 113
138 240 114
138 240 115
138 240 116
138 240 117
138 240 118
138 240 120
138 240 121
138 240 122
138 240 123
138 240 124
138 240 125
138 240 126
138 240 127
138 241 112
138 241 113
138 241 114
138 241 115
138 241 116
138 241 117
138 241 118
138 241 120
138 241 121
138 241 122
138 241 124
138 241 125
138 241 126
138 241 127
138 242 112
138 242 113
138 242 114
138 242 115
138 242 116
138 242 121
138 242 125
138 242 127
138 243 112
138 243 113
138 243 114
138 243 115
138 243 116
138 243 127
138 244 113
138 244 114
138 244 115
138 244 127
138 245 113
138 245 114
139 227 122
139 228 120
139 228 121
139 228 122
139 228 123
139 228 124
139 229 119
139 229 120
139 229 121
139 229 122
139 229 123
139 229 124
139 230 113
139 230 114
139 230 119
139 230 120
139 230 121
139 230 122
139 230 123
139 230 124
139 230 125
139 231 112
139 231 113
139 231 114
139 231 115
139 231 117
139 231 118
139 231 119
139 231 120
139 231 121
139 231 122
139 231 123
139 231 124
139 231 125
139 231 127
139 232 112
139 232 113
139 232 114
139 232 115
139 232 116
139 232 117
139 232 118
139 232 119
139 232 120
139 232 121
139 232 122
139 232 123
139 232 124
139 232 125
139 232 127
139 233 112
139 233 113
139 233 114
139 233 115
139 233 116
139 233 117
139 233 118
139 233 119
139 233 120
139 233 121
139 233 122
139 233 123
139 233 124
139 233 125
139 233 126
139 234 112
139 234 113
139 234 114
139 234 115
139 234 116
139 234 117
139 234 118
139 234 119
139 234 120
139 234 121
139 234 122
139 234 123
139 234 124
139 234 125
139 234 126
139 234 127
139 235 112
139 235 113
139 235 114
139 235 115
139 235 116
139 235 117
139 235 118
139 235 119
139 235 120
139 235 121
139 235 122
139 235 123
139 235 124
139 235 125
139 235 126
139 235 127
139 236 112
139 236 113
139 236 114
139 236 115
139 236 116
139 236 117
139 236 118
139 236 119
139 236 120
139 236 121
139 236 122
139 236 123
139 236 124
139 236 125
139 236 126
139 236 127
139 237 112
139 237 113
139 237 114
139 237 115
139 237 116
139 237 117
139 237 118
139 237 119
139 237 120
139 237 121
139 237 122
139 237 123
139 237 124
139 237 125
139 237 126
139 237 127
139 238 112
139 238 113
139 238 114
139 238 115
139 238 116
139 238 117
139 238 118
139 238 119
139 238 121
139 238 122
139 238 123
139 238 124
139 238 125
139 238 126
139 238 127
139 239 112
139 239 113
139 239 114
139 239 115
139 239 116
139 239 117
139 239 118
139 239 119
139 239 120
139 239 121
139 239 122
139 239 123
139 239 124
139 239 125
139 239 126
139 239 127
139 240 112
139 240 113
139 240 114
139 240 115
139 240 116
139 240 117
139 240 120
139 240 125
139 240 126
139 240 127
139 241 112
139 241 113
139 241 114
139 241 115
139 241 116
139 241 117
139 241 121
139 241 125
139 241 126
139 241 127
139 242 112
139 242 113
139 242 114
139 242 115
139 242 116
139 242 127
139 243 112
139 243 113
139 243 114
139 243 127
139 244 112
139 244 114
139 245 112
139 245 113
139 246 113
140 227 122
140 228 123
140 229 121
140 229 123
140 230 116
140 230 118
140 230 119
140 230 120
140 230 122
140 230 123
140 231 116
140 231 117
140 231 118
140 231 119
140 231 120
140 231 121
140 231 122
140 231 123
140 231 124
140 231 125
140 231 127
140 232 112
140 232 113
140 232 115
140 232 118
140 232 119
140 232 120
140 232 121
140 232 122
140 232 123
140 232 124
140 232 126
140 232 127
140 233 112
140 233 113
140 233 114
140 233 115
140 233 116
140 233 117
140 233 118
140 233 119
140 233 120
140 233 121
140 233 122
140 233 123
140 233 124
140 233 125
140 233 126
140 233 127
140 234 112
140 234 113
140 234 114
140 234 115
140 234 116
140 234 118
140 234 119
140 234 120
140 234 121
140 234 122
140 234 123
140 234 124
140 234 125
140 234 126
140 234 127
140 235 112
140 235 113
140 235 114
140 235 115
140 235 116
140 235 117
140 235 118
140 235 119
140 235 120
140 235 121
140 235 122
140 235 123
140 235 124
140 235 125
140 235 126
140 235 127
140 236 112
140 236 113
140 236 114
140 236 115
140 236 116
140 236 118
140 236 119
140 236 120
140 236 121
140 236 122
140 236 123
140 236 124
140 236 125
140 236 126
140 236 127
140 237 112
140 237 113
140 237 114
140 237 115
140 237 117
140 237 118
140 237 119
140 237 120
140 237 121
140 237 122
140 237 123
140 237 124
140 237 125
140 237 126
140 237 127
140 238 112
140 238 113
140 238 114
140 238 115
140 238 116
140 238 117
140 238 118
140 238 120
140 238 121
140 238 122
140 238 124
140 238 125
140 238 126
140 238 127
140 239 112
140 239 113
140 239 114
140 239 115
140 239 116
140 239 118
140 239 119
140 239 120
140 239 121
140 239 122
140 239 123
140 239 124
140 239 125
140 239 126
140 239 127
140 240 112
140 240 113
140 240 114
140 240 115
140 240 116
140 240 117
140 240 118
140 240 120
140 240 121
140 240 122
140 240 125
140 240 127
140 241 112
140 241 113
140 241 114
140 241 115
140 241 116
140 241 118
140 241 121
140 241 122
140 241 125
140 242 112
140 242 113
140 242 114
140 242 115
140 242 116
140 242 120
140 242 127
140 243 112
140 243 113
140 243 114
140 243 115
140 244 112
140 244 113
140 244 114
140 244 115
140 245 112
140 245 113
140 245 114
140 245 115
140 246 112
140 246 113
140 246 114
141 229 120
141 229 122
141 230 112
141 230 120
141 230 121
141 230 122
141 230 123
141 230 127
141 231 112
141 231 113
141 231 117
141 231 119
141 231 120
141 231 121
141 231 122
141 231 123
141 231 124
141 231 125
141 231 126
141 231 127
141 232 112
141 232 113
141 232 117
141 232 118
141 232 119
141 232 120
141 232 121
141 232 122
141 232 123
141 232 124
141 232 125
141 232 126
141 232 127
141 233 112
141 233 113
141 233 117
141 233 118
141 233 119
141 233 120
141 233 121
141 233 122
141 233 123
141 233 124
141 233 125
141 233 126
141 233 127
141 234 112
141 234 113
141 234 114
141 234 116
141 234 117
141 234 118
141 234 119
141 234 120
141 234 121
141 234 122
141 234 123
141 234 124
141 234 125
141 234 126
141 234 127
141 235 112
141 235 113
141 235 114
141 235 115
141 235 116
141 235 118
141 235 119
141 235 120
141 235 121
141 235 122
141 235 123
141 235 124
141 235 125
141 235 126
141 235 127
141 236 112
141 236 113
141 236 114
141 236 115
141 236 116
141 236 117
141 236 118
141 236 119
141 236 120
141 236 121
141 236 122
141 236 123
141 236 124
141 236 125
141 236 126
141 236 127
141 237 112
141 237 113
141 237 114
141 237 115
141 237 116
141 237 117
141 237 118
141 237 119
141 237 120
141 237 121
141 237 122
141 237 123
141 237 124
141 237 125
141 237 126
141 237 127
141 238 112
141 238 113
141 238 114
141 238 115
141 238 116
141 238 117
141 238 118
141 238 119
141 238 120
141 238 121
141 238 122
141 238 123
141 238 124
141 238 125
141 238 127
141 239 112
141 239 113
141 239 114
141 239 115
141 239 116
141 239 117
141 239 118
141 239 119
141 239 120
141 239 121
141 239 124
141 239 125
141 239 126
141 239 127
141 240 112
141 240 113
141 240 114
141 240 115
141 240 116
141 240 117
141 240 118
141 240 120
141 240 121
141 240 125
141 240 127
141 241 112
141 241 113
141 241 114
141 241 115
141 241 116
141 241 117
141 241 118
141 241 120
141 241 121
141 242 112
141 242 113
141 242 114
141 242 115
141 242 116
141 242 117
141 242 118
141 242 120
141 242 121
141 243 112
141 243 113
141 243 114
141 243 115
141 243 117
141 243 118
141 243 120
141 244 112
141 244 113
141 244 114
141 244 121
141 245 112
141 245 114
141 246 113
142 230 112
142 230 113
142 230 120
142 230 121
142 230 126
142 230 127
142 231 112
142 231 113
142 231 114
142 231 117
142 231 119
142 231 120
142 231 121
142 231 122
142 231 124
142 231 126
142 231 127
142 232 112
142 232 113
142 232 115
142 232 116
142 232 117
142 232 118
142 232 119
142 232 120
142 232 121
142 232 122
142 232 123
142 232 124
142 232 125
142 232 126
142 232 127
142 233 112
142 233 113
142 233 114
142 233 115
142 233 116
142 233 117
142 233 118
142 233 119
142 233 120
142 233 121
142 233 122
142 233 123
142 233 124
142 233 125
142 233 126
142 233 127
142 234 112
142 234 113
142 234 114
142 234 115
142 234 118
142 234 119
142 234 120
142 234 121
142 234 122
142 234 123
142 234 124
142 234 125
142 234 126
142 234 127
142 235 112
142 235 113
142 235 114
142 235 115
142 235 118
142 235 119
142 235 120
142 235 121
142 235 122
142 235 123
142 235 124
142 235 125
142 235 126
142 235 127
142 236 112
142 236 113
142 236 114
142 236 115
142 236 119
142 236 120
142 236 121
142 236 122
142 236 123
142 236 124
142 236 125
142 236 126
142 236 127
142 237 112
142 237 113
142 237 114
142 237 115
142 237 116
142 237 118
142 237 119
142 237 120
142 237 121
142 237 122
142 237 123
142 237 124
142 237 125
142 237 126
142 237 127
142 238 112
142 238 113
142 238 114
142 238 115
142 238 116
142 238 117
142 238 118
142 238 119
142 238 120
142 238 121
142 238 122
142 238 123
142 238 124
142 238 125
142 238 126
142 238 127
142 239 112
142 239 113
142 239 114
142 239 115
142 239 116
142 239 117
142 239 118
142 239 120
142 239 121
142 239 122
142 239 124
142 239 125
142 239 126
142 239 127
142 240 112
142 240 113
142 240 114
142 240 115
142 240 116
142 240 117
142 240 118
142 240 119
142 240 120
142 240 123
142 240 125
142 240 126
142 241 112
142 241 113
142 241 114
142 241 115
142 241 116
142 241 117
142 241 119
142 241 120
142 241 121
142 241 123
142 241 125
142 242 112
142 242 113
142 242 114
142 242 115
142 242 116
142 242 117
142 242 118
142 242 119
142 242 120
142 242 121
142 242 122
142 242 123
142 242 124
142 243 112
142 243 113
142 243 115
142 243 116
142 243 117
142 243 118
142 243 119
142 243 120
142 243 121
142 243 122
142 244 112
142 244 113
142 244 114
142 244 116
142 244 121
142 245 113
142 245 120
142 245 121
143 230 112
143 230 113
143 230 123
143 230 126
143 231 112
143 231 113
143 231 114
143 231 118
143 231 119
143 231 123
143 231 124
143 231 125
143 231 126
143 231 127
143 232 112
143 232 113
143 232 114
143 232 115
143 232 116
143 232 118
143 232 119
143 232 120
143 232 122
143 232 123
143 232 124
143 232 125
143 232 126
143 232 127
143 233 112
143 233 113
143 233 114
143 233 115
143 233 116
143 233 117
143 233 118
143 233 119
143 233 120
143 233 121
143 233 122
143 233 123
143 233 124
143 233 125
143 233 126
143 233 127
143 234 112
143 234 113
143 234 114
143 234 115
143 234 116
143 234 118
143 234 119
143 234 120
143 234 121
143 234 122
143 234 123
143 234 124
143 234 125
143 234 126
143 234 127
143 235 112
143 235 113
143 235 114
143 235 115
143 235 117
143 235 118
143 235 119
143 235 120
143 235 121
143 235 122
143 235 123
143 235 124
143 235 125
143 235 126
143 235 127
143 236 112
143 236 113
143 236 114
143 236 115
143 236 116
143 236 117
143 236 118
143 236 119
143 236 120
143 236 121
143 236 122
143 236 123
143 236 124
143 236 125
143 236 126
143 236 127
143 237 112
143 237 113
143 237 114
143 237 115
143 237 116
143 237 118
143 237 119
143 237 120
143 237 121
143 237 122
143 237 123
143 237 124
143 237 125
143 237 126
143 237 127
143 238 112
143 238 113
143 238 114
143 238 115
143 238 116
143 238 118
143 238 119
143 238 120
143 238 121
143 238 122
143 238 123
143 238 124
143 238 125
143 238 126
143 238 127
143 239 112
143 239 113
143 239 114
143 239 115
143 239 116
143 239 117
143 239 118
143 239 119
143 239 120
143 239 121
143 239 122
143 239 123
143 239 124
143 239 125
143 239 127
143 240 112
143 240 113
143 240 114
143 240 115
143 240 116
143 240 117
143 240 118
143 240 119
143 240 120
143 240 121
143 240 122
143 240 123
143 240 124
143 240 125
143 240 126
143 240 127
143 241 112
143 241 113
143 241 114
143 241 115
143 241 116
143 241 117
143 241 118
143 241 119
143 241 120
143 241 121
143 241 122
143 241 123
143 241 124
143 242 112
143 242 113
143 242 114
143 242 115
143 242 117
143 242 118
143 242 119
143 242 120
143 242 121
143 242 122
143 242 123
143 242 124
143 242 127
143 243 112
143 243 113
143 243 114
143 243 115
143 243 116
143 243 117
143 243 118
143 243 119
143 243 120
143 243 121
143 243 122
143 244 112
143 244 113
143 244 115
143 244 116
143 244 117
143 244 118
143 244 119
143 244 120
143 244 121
143 244 122
143 244 123
143 245 112
143 245 113
143 245 115
143 245 117
143 245 118
143 245 120
143 245 121
143 245 122

