alfheim:altWood1
12
0 205 160
0 205 161
0 206 160
0 206 161
0 206 162
0 206 163
0 206 164
0 206 165
0 206 166
0 207 160
0 207 161
0 207 162
0 207 163
0 207 164
0 207 165
0 207 166
0 207 167
0 208 160
0 208 161
0 208 162
0 208 163
0 208 164
0 208 165
0 208 166
0 208 167
0 208 168
0 208 169
0 208 170
0 208 171
0 209 160
0 209 161
0 209 162
0 209 163
0 209 164
0 209 165
0 209 166
0 209 167
0 209 168
0 209 169
0 209 170
0 209 171
0 209 172
0 210 162
0 210 163
0 210 164
0 210 165
0 210 166
0 210 167
0 210 168
0 210 169
0 210 170
0 210 171
0 210 172
0 211 163
0 211 164
0 211 165
0 211 166
0 211 167
0 211 168
0 211 169
0 211 170
0 211 171
0 211 172
0 211 173
0 212 163
0 212 164
0 212 165
0 212 166
0 212 167
0 212 168
0 212 169
0 212 170
0 212 171
0 212 172
0 212 173
0 212 174
0 212 175
0 213 163
0 213 164
0 213 165
0 213 166
0 213 167
0 213 168
0 213 169
0 213 170
0 213 171
0 213 172
0 213 173
0 213 174
0 213 175
0 214 164
0 214 165
0 214 166
0 214 167
0 214 168
0 214 169
0 214 170
0 214 171
0 214 172
0 214 173
0 214 174
0 214 175
0 215 165
0 215 166
0 215 167
0 215 169
0 215 170
0 215 171
0 215 172
0 215 173
0 215 174
0 215 175
0 216 170
0 216 171
0 216 172
0 216 173
0 216 174
0 216 175
0 217 175
1 204 160
1 204 161
1 204 162
1 205 160
1 205 161
1 205 162
1 205 163
1 205 164
1 205 165
1 205 166
1 205 167
1 206 160
1 206 161
1 206 162
1 206 163
1 206 164
1 206 165
1 206 166
1 206 167
1 206 168
1 207 160
1 207 161
1 207 162
1 207 163
1 207 164
1 207 165
1 207 166
1 207 167
1 207 168
1 207 169
1 207 170
1 207 171
1 208 160
1 208 161
1 208 162
1 208 163
1 208 164
1 208 165
1 208 166
1 208 167
1 208 168
1 208 169
1 208 170
1 208 171
1 208 172
1 209 160
1 209 161
1 209 162
1 209 163
1 209 164
1 209 165
1 209 166
1 209 167
1 209 168
1 209 169
1 209 170
1 209 171
1 209 172
1 209 173
1 210 160
1 210 161
1 210 162
1 210 163
1 210 164
1 210 165
1 210 166
1 210 167
1 210 168
1 210 169
1 210 170
1 210 171
1 210 172
1 210 173
1 210 174
1 211 162
1 211 163
1 211 164
1 211 165
1 211 166
1 211 167
1 211 168
1 211 169
1 211 170
1 211 171
1 211 172
1 211 173
1 211 174
1 211 175
1 212 163
1 212 164
1 212 165
1 212 166
1 212 167
1 212 168
1 212 169
1 212 170
1 212 171
1 212 172
1 212 173
1 212 174
1 212 175
1 213 163
1 213 164
1 213 165
1 213 166
1 213 167
1 213 168
1 213 169
1 213 170
1 213 171
1 213 172
1 213 173
1 213 174
1 213 175
1 214 164
1 214 165
1 214 166
1 214 167
1 214 168
1 214 169
1 214 170
1 214 171
1 214 172
1 214 173
1 214 174
1 214 175
1 215 165
1 215 166
1 215 167
1 215 168
1 215 169
1 215 170
1 215 171
1 215 172
1 215 173
1 215 174
1 215 175
1 216 169
1 216 170
1 216 171
1 216 172
1 216 173
1 216 174
1 216 175
1 217 171
1 217 172
1 217 173
1 217 174
1 217 175
2 203 160
2 203 161
2 203 162
2 204 160
2 204 161
2 204 162
2 204 163
2 204 164
2 204 165
2 204 166
2 204 167
2 205 160
2 205 161
2 205 162
2 205 163
2 205 164
2 205 165
2 205 166
2 205 167
2 205 168
2 206 160
2 206 161
2 206 162
2 206 163
2 206 164
2 206 165
2 206 166
2 206 167
2 206 168
2 206 169
2 206 170
2 207 160
2 207 161
2 207 162
2 207 163
2 207 164
2 207 165
2 207 166
2 207 167
2 207 168
2 207 169
2 207 170
2 207 171
2 207 172
2 208 160
2 208 161
2 208 162
2 208 163
2 208 164
2 208 165
2 208 166
2 208 167
2 208 168
2 208 169
2 208 170
2 208 171
2 208 172
2 208 173
2 209 160
2 209 161
2 209 162
2 209 163
2 209 164
2 209 165
2 209 166
2 209 167
2 209 168
2 209 169
2 209 170
2 209 171
2 209 172
2 209 173
2 209 174
2 210 160
2 210 161
2 210 162
2 210 163
2 210 164
2 210 165
2 210 166
2 210 167
2 210 168
2 210 169
2 210 170
2 210 171
2 210 172
2 210 173
2 210 174
2 210 175
2 211 160
2 211 161
2 211 162
2 211 163
2 211 164
2 211 165
2 211 166
2 211 167
2 211 168
2 211 169
2 211 170
2 211 171
2 211 172
2 211 173
2 211 174
2 211 175
2 212 162
2 212 163
2 212 164
2 212 165
2 212 166
2 212 167
2 212 168
2 212 169
2 212 170
2 212 171
2 212 172
2 212 173
2 212 174
2 212 175
2 213 164
2 213 165
2 213 166
2 213 167
2 213 168
2 213 169
2 213 170
2 213 171
2 213 172
2 213 173
2 213 174
2 213 175
2 214 164
2 214 165
2 214 166
2 214 167
2 214 168
2 214 169
2 214 170
2 214 171
2 214 172
2 214 173
2 214 174
2 214 175
2 215 166
2 215 167
2 215 168
2 215 169
2 215 170
2 215 171
2 215 172
2 215 173
2 215 174
2 215 175
2 216 168
2 216 169
2 216 170
2 216 171
2 216 172
2 216 173
2 216 174
2 216 175
2 217 170
2 217 171
2 217 172
2 217 173
2 217 175
2 218 174
3 202 160
3 202 161
3 203 160
3 203 161
3 203 162
3 203 163
3 203 164
3 203 165
3 203 166
3 204 160
3 204 161
3 204 162
3 204 163
3 204 164
3 204 165
3 204 166
3 204 167
3 204 168
3 205 160
3 205 161
3 205 162
3 205 163
3 205 164
3 205 165
3 205 166
3 205 167
3 205 168
3 205 169
3 206 160
3 206 161
3 206 162
3 206 163
3 206 164
3 206 165
3 206 166
3 206 167
3 206 168
3 206 169
3 206 170
3 206 171
3 207 160
3 207 161
3 207 162
3 207 163
3 207 164
3 207 165
3 207 166
3 207 167
3 207 168
3 207 169
3 207 170
3 207 171
3 207 172
3 208 160
3 208 161
3 208 162
3 208 163
3 208 164
3 208 165
3 208 166
3 208 167
3 208 168
3 208 169
3 208 170
3 208 171
3 208 172
3 208 173
3 209 160
3 209 161
3 209 162
3 209 163
3 209 164
3 209 165
3 209 166
3 209 167
3 209 168
3 209 169
3 209 170
3 209 171
3 209 172
3 209 173
3 209 174
3 210 160
3 210 161
3 210 162
3 210 163
3 210 164
3 210 165
3 210 166
3 210 167
3 210 168
3 210 169
3 210 170
3 210 171
3 210 172
3 210 173
3 210 174
3 210 175
3 211 160
3 211 161
3 211 162
3 211 163
3 211 164
3 211 165
3 211 166
3 211 167
3 211 168
3 211 169
3 211 170
3 211 171
3 211 172
3 211 173
3 211 174
3 211 175
3 212 160
3 212 161
3 212 162
3 212 163
3 212 164
3 212 165
3 212 166
3 212 167
3 212 168
3 212 169
3 212 170
3 212 171
3 212 172
3 212 173
3 212 174
3 212 175
3 213 164
3 213 165
3 213 166
3 213 167
3 213 168
3 213 169
3 213 170
3 213 171
3 213 172
3 213 173
3 213 174
3 213 175
3 214 165
3 214 166
3 214 167
3 214 168
3 214 169
3 214 170
3 214 171
3 214 172
3 214 173
3 214 174
3 214 175
3 215 166
3 215 167
3 215 168
3 215 169
3 215 170
3 215 171
3 215 172
3 215 173
3 215 174
3 215 175
3 216 167
3 216 168
3 216 169
3 216 170
3 216 171
3 216 172
3 216 173
3 216 174
3 217 169
3 217 171
3 217 172
4 202 160
4 202 161
4 202 162
4 203 160
4 203 161
4 203 162
4 203 163
4 203 164
4 203 165
4 203 166
4 203 167
4 204 160
4 204 161
4 204 162
4 204 163
4 204 164
4 204 165
4 204 166
4 204 167
4 204 168
4 205 160
4 205 161
4 205 162
4 205 163
4 205 164
4 205 165
4 205 166
4 205 167
4 205 168
4 205 169
4 206 160
4 206 161
4 206 162
4 206 163
4 206 164
4 206 165
4 206 166
4 206 167
4 206 168
4 206 169
4 206 170
4 206 171
4 207 160
4 207 161
4 207 162
4 207 163
4 207 164
4 207 165
4 207 166
4 207 167
4 207 168
4 207 169
4 207 170
4 207 171
4 207 172
4 208 160
4 208 161
4 208 162
4 208 163
4 208 164
4 208 165
4 208 166
4 208 167
4 208 168
4 208 169
4 208 170
4 208 171
4 208 172
4 208 173
4 209 160
4 209 161
4 209 162
4 209 163
4 209 164
4 209 165
4 209 166
4 209 167
4 209 168
4 209 169
4 209 170
4 209 171
4 209 172
4 209 173
4 209 174
4 209 175
4 210 160
4 210 161
4 210 162
4 210 163
4 210 164
4 210 165
4 210 166
4 210 167
4 210 168
4 210 169
4 210 170
4 210 171
4 210 172
4 210 173
4 210 174
4 210 175
4 211 160
4 211 161
4 211 162
4 211 163
4 211 164
4 211 165
4 211 166
4 211 167
4 211 168
4 211 169
4 211 170
4 211 171
4 211 172
4 211 173
4 211 174
4 211 175
4 212 160
4 212 161
4 212 162
4 212 163
4 212 164
4 212 165
4 212 166
4 212 167
4 212 168
4 212 169
4 212 170
4 212 171
4 212 172
4 212 173
4 212 174
4 212 175
4 213 164
4 213 165
4 213 166
4 213 167
4 213 168
4 213 169
4 213 170
4 213 171
4 213 172
4 213 173
4 213 174
4 213 175
4 214 165
4 214 166
4 214 167
4 214 168
4 214 169
4 214 170
4 214 171
4 214 172
4 214 173
4 214 174
4 214 175
4 215 166
4 215 167
4 215 168
4 215 169
4 215 170
4 215 171
4 215 172
4 215 173
4 215 174
4 215 175
4 216 167
4 216 168
4 216 169
4 216 170
4 216 171
4 216 172
4 216 173
4 216 174
4 216 175
4 217 171
4 217 172
4 217 174
4 218 172
5 202 160
5 202 161
5 202 162
5 203 160
5 203 161
5 203 162
5 203 163
5 203 164
5 203 165
5 203 166
5 203 167
5 204 160
5 204 161
5 204 162
5 204 163
5 204 164
5 204 165
5 204 166
5 204 167
5 204 168
5 205 160
5 205 161
5 205 162
5 205 163
5 205 164
5 205 165
5 205 166
5 205 167
5 205 168
5 205 169
5 206 160
5 206 161
5 206 162
5 206 163
5 206 164
5 206 165
5 206 166
5 206 167
5 206 168
5 206 169
5 206 170
5 206 171
5 207 160
5 207 161
5 207 162
5 207 163
5 207 164
5 207 165
5 207 166
5 207 167
5 207 168
5 207 169
5 207 170
5 207 171
5 207 172
5 208 160
5 208 161
5 208 162
5 208 163
5 208 164
5 208 165
5 208 166
5 208 167
5 208 168
5 208 169
5 208 170
5 208 171
5 208 172
5 208 173
5 209 160
5 209 161
5 209 162
5 209 163
5 209 164
5 209 165
5 209 166
5 209 167
5 209 168
5 209 169
5 209 170
5 209 171
5 209 172
5 209 173
5 209 174
5 210 160
5 210 161
5 210 162
5 210 163
5 210 164
5 210 165
5 210 166
5 210 167
5 210 168
5 210 169
5 210 170
5 210 171
5 210 172
5 210 173
5 210 174
5 210 175
5 211 160
5 211 161
5 211 162
5 211 163
5 211 164
5 211 165
5 211 166
5 211 167
5 211 168
5 211 169
5 211 170
5 211 171
5 211 172
5 211 173
5 211 174
5 211 175
5 212 160
5 212 161
5 212 162
5 212 163
5 212 164
5 212 165
5 212 166
5 212 167
5 212 168
5 212 169
5 212 170
5 212 171
5 212 172
5 212 173
5 212 174
5 212 175
5 213 164
5 213 165
5 213 166
5 213 167
5 213 168
5 213 169
5 213 170
5 213 171
5 213 172
5 213 173
5 213 174
5 213 175
5 214 165
5 214 166
5 214 167
5 214 168
5 214 169
5 214 170
5 214 171
5 214 172
5 214 173
5 214 174
5 214 175
5 215 166
5 215 167
5 215 168
5 215 169
5 215 170
5 215 171
5 215 172
5 215 173
5 215 174
5 215 175
5 216 168
5 216 169
5 216 170
5 216 171
5 216 172
5 216 173
5 216 174
5 216 175
5 217 169
5 217 170
5 217 171
5 217 172
5 217 173
5 217 174
5 217 175
5 218 171
5 218 175
6 202 160
6 202 161
6 202 162
6 203 160
6 203 161
6 203 162
6 203 163
6 203 164
6 203 165
6 203 166
6 203 167
6 204 160
6 204 161
6 204 162
6 204 163
6 204 164
6 204 165
6 204 166
6 204 167
6 204 168
6 205 160
6 205 161
6 205 162
6 205 163
6 205 164
6 205 165
6 205 166
6 205 167
6 205 168
6 205 169
6 206 160
6 206 161
6 206 162
6 206 163
6 206 164
6 206 165
6 206 166
6 206 167
6 206 168
6 206 169
6 206 170
6 207 160
6 207 161
6 207 162
6 207 163
6 207 164
6 207 165
6 207 166
6 207 167
6 207 168
6 207 169
6 207 170
6 207 171
6 208 160
6 208 161
6 208 162
6 208 163
6 208 164
6 208 165
6 208 166
6 208 167
6 208 168
6 208 169
6 208 170
6 208 171
6 208 172
6 208 173
6 209 160
6 209 161
6 209 162
6 209 163
6 209 164
6 209 165
6 209 166
6 209 167
6 209 168
6 209 169
6 209 170
6 209 171
6 209 172
6 209 173
6 209 174
6 210 160
6 210 161
6 210 162
6 210 163
6 210 164
6 210 165
6 210 166
6 210 167
6 210 168
6 210 169
6 210 170
6 210 171
6 210 172
6 210 173
6 210 174
6 210 175
6 211 160
6 211 161
6 211 162
6 211 163
6 211 164
6 211 165
6 211 166
6 211 167
6 211 168
6 211 169
6 211 170
6 211 171
6 211 172
6 211 173
6 211 174
6 211 175
6 212 160
6 212 161
6 212 162
6 212 163
6 212 164
6 212 165
6 212 166
6 212 167
6 212 168
6 212 169
6 212 170
6 212 171
6 212 172
6 212 173
6 212 174
6 212 175
6 213 164
6 213 165
6 213 166
6 213 167
6 213 168
6 213 169
6 213 170
6 213 171
6 213 172
6 213 173
6 213 174
6 213 175
6 214 165
6 214 166
6 214 167
6 214 168
6 214 169
6 214 170
6 214 171
6 214 172
6 214 173
6 214 174
6 214 175
6 215 167
6 215 168
6 215 169
6 215 170
6 215 171
6 215 172
6 215 173
6 215 174
6 215 175
6 216 168
6 216 169
6 216 170
6 216 171
6 216 172
6 216 173
6 216 174
6 216 175
6 217 170
6 217 171
6 217 172
6 217 173
6 217 174
6 217 175
6 219 175
7 202 160
7 202 161
7 203 160
7 203 161
7 203 162
7 203 163
7 203 164
7 203 165
7 204 160
7 204 161
7 204 162
7 204 163
7 204 164
7 204 165
7 204 166
7 204 167
7 205 160
7 205 161
7 205 162
7 205 163
7 205 164
7 205 165
7 205 166
7 205 167
7 205 168
7 206 160
7 206 161
7 206 162
7 206 163
7 206 164
7 206 165
7 206 166
7 206 167
7 206 168
7 206 169
7 207 160
7 207 161
7 207 162
7 207 163
7 207 164
7 207 165
7 207 166
7 207 167
7 207 168
7 207 169
7 207 170
7 208 160
7 208 161
7 208 162
7 208 163
7 208 164
7 208 165
7 208 166
7 208 167
7 208 168
7 208 169
7 208 170
7 208 171
7 208 172
7 209 160
7 209 161
7 209 162
7 209 163
7 209 164
7 209 165
7 209 166
7 209 167
7 209 168
7 209 169
7 209 170
7 209 171
7 209 172
7 209 173
7 210 160
7 210 161
7 210 162
7 210 163
7 210 164
7 210 165
7 210 166
7 210 167
7 210 168
7 210 169
7 210 170
7 210 171
7 210 172
7 210 173
7 210 174
7 211 160
7 211 161
7 211 162
7 211 163
7 211 164
7 211 165
7 211 166
7 211 167
7 211 168
7 211 169
7 211 170
7 211 171
7 211 172
7 211 173
7 211 174
7 211 175
7 212 160
7 212 161
7 212 162
7 212 163
7 212 164
7 212 165
7 212 166
7 212 167
7 212 168
7 212 169
7 212 170
7 212 171
7 212 172
7 212 173
7 212 174
7 212 175
7 213 164
7 213 165
7 213 166
7 213 167
7 213 168
7 213 169
7 213 170
7 213 171
7 213 172
7 213 173
7 213 174
7 213 175
7 214 166
7 214 167
7 214 168
7 214 169
7 214 170
7 214 171
7 214 172
7 214 173
7 214 174
7 214 175
7 215 168
7 215 169
7 215 170
7 215 171
7 215 172
7 215 173
7 215 174
7 215 175
7 216 169
7 216 170
7 216 171
7 216 172
7 216 173
7 216 174
7 216 175
7 217 172
7 217 173
7 217 174
7 217 175
7 218 174
7 218 175
7 219 175
8 203 160
8 203 161
8 204 160
8 204 161
8 204 162
8 204 163
8 204 164
8 204 165
8 204 166
8 205 160
8 205 161
8 205 162
8 205 163
8 205 164
8 205 165
8 205 166
8 205 167
8 205 168
8 206 160
8 206 161
8 206 162
8 206 163
8 206 164
8 206 165
8 206 166
8 206 167
8 206 168
8 207 160
8 207 161
8 207 162
8 207 163
8 207 164
8 207 165
8 207 166
8 207 167
8 207 168
8 207 169
8 208 160
8 208 161
8 208 162
8 208 163
8 208 164
8 208 165
8 208 166
8 208 167
8 208 168
8 208 169
8 208 170
8 209 160
8 209 161
8 209 162
8 209 163
8 209 164
8 209 165
8 209 166
8 209 167
8 209 168
8 209 169
8 209 170
8 209 171
8 210 160
8 210 161
8 210 162
8 210 163
8 210 164
8 210 165
8 210 166
8 210 167
8 210 168
8 210 169
8 210 170
8 210 171
8 210 172
8 211 160
8 211 161
8 211 162
8 211 163
8 211 164
8 211 165
8 211 166
8 211 167
8 211 168
8 211 169
8 211 170
8 211 171
8 211 172
8 211 173
8 212 164
8 212 165
8 212 166
8 212 167
8 212 168
8 212 169
8 212 170
8 212 171
8 212 172
8 212 173
8 212 174
8 212 175
8 213 166
8 213 167
8 213 168
8 213 169
8 213 170
8 213 171
8 213 172
8 213 173
8 213 174
8 213 175
8 214 168
8 214 169
8 214 170
8 214 171
8 214 172
8 214 173
8 214 174
8 214 175
8 215 170
8 215 171
8 215 172
8 215 173
8 215 174
8 215 175
8 216 172
8 216 173
8 216 174
8 216 175
8 217 174
8 217 175
8 218 175
9 204 160
9 204 161
9 205 160
9 205 161
9 205 162
9 205 163
9 205 164
9 205 165
9 205 166
9 206 160
9 206 161
9 206 162
9 206 163
9 206 164
9 206 165
9 206 166
9 206 167
9 207 160
9 207 161
9 207 162
9 207 163
9 207 164
9 207 165
9 207 166
9 207 167
9 207 168
9 208 160
9 208 161
9 208 162
9 208 163
9 208 164
9 208 165
9 208 166
9 208 167
9 208 168
9 209 160
9 209 161
9 209 162
9 209 163
9 209 164
9 209 165
9 209 166
9 209 167
9 209 168
9 209 169
9 210 160
9 210 161
9 210 162
9 210 163
9 210 164
9 210 165
9 210 166
9 210 167
9 210 168
9 210 169
9 210 170
9 211 164
9 211 165
9 211 166
9 211 167
9 211 168
9 211 169
9 211 170
9 211 171
9 212 167
9 212 168
9 212 169
9 212 170
9 212 171
9 212 172
9 213 169
9 213 170
9 213 171
9 213 172
9 213 173
9 213 174
9 213 175
9 214 171
9 214 172
9 214 173
9 214 174
9 214 175
9 215 173
9 215 174
9 215 175
9 216 174
9 216 175
10 206 160
10 206 161
10 206 162
10 206 163
10 206 164
10 206 165
10 207 160
10 207 161
10 207 162
10 207 163
10 207 164
10 207 165
10 207 166
10 208 160
10 208 161
10 208 162
10 208 163
10 208 164
10 208 165
10 208 166
10 209 160
10 209 161
10 209 162
10 209 163
10 209 164
10 209 165
15 217 172
15 217 173
15 217 174
15 217 175
15 218 174
15 218 175
alfheim:altLeaves
6
0 215 163
0 216 160
0 216 162
0 217 160
0 217 161
0 217 162
0 217 163
0 217 165
0 218 160
0 218 161
0 218 162
0 218 163
0 218 165
0 218 166
0 218 167
0 218 168
0 218 169
0 218 170
0 218 171
0 218 172
0 218 173
0 218 174
0 219 160
0 219 161
0 219 162
0 219 163
0 219 164
0 219 166
0 219 167
0 219 168
0 219 169
0 219 170
0 219 171
0 219 172
0 219 173
0 219 174
0 219 175
0 220 160
0 220 161
0 220 162
0 220 163
0 220 164
0 220 165
0 220 166
0 220 167
0 220 168
0 220 169
0 220 170
0 220 171
0 220 172
0 220 173
0 220 174
0 220 175
0 221 160
0 221 161
0 221 162
0 221 163
0 221 164
0 221 165
0 221 166
0 221 167
0 221 168
0 221 169
0 221 170
0 221 171
0 221 172
0 221 173
0 221 174
0 221 175
0 222 160
0 222 161
0 222 162
0 222 163
0 222 164
0 222 165
0 222 166
0 222 167
0 222 168
0 222 169
0 222 170
0 222 171
0 222 172
0 222 173
0 222 174
0 222 175
0 223 160
0 223 161
0 223 162
0 223 163
0 223 164
0 223 165
0 223 166
0 223 167
0 223 168
0 223 169
0 223 170
0 223 171
0 223 172
0 223 173
0 223 174
0 223 175
0 224 160
0 224 161
0 224 162
0 224 163
0 224 164
0 224 165
0 224 166
0 224 167
0 224 168
0 224 169
0 224 170
0 224 171
0 224 172
0 224 173
0 224 174
0 224 175
1 214 162
1 215 161
1 215 162
1 215 163
1 216 161
1 216 162
1 216 163
1 216 164
1 216 165
1 216 166
1 217 160
1 217 161
1 217 162
1 217 163
1 217 164
1 217 165
1 217 166
1 217 168
1 217 170
1 218 160
1 218 161
1 218 162
1 218 163
1 218 164
1 218 165
1 218 166
1 218 167
1 218 168
1 218 169
1 218 170
1 218 171
1 218 174
1 218 175
1 219 160
1 219 161
1 219 162
1 219 163
1 219 164
1 219 165
1 219 166
1 219 167
1 219 168
1 219 169
1 219 170
1 219 171
1 219 172
1 219 173
1 219 174
1 219 175
1 220 160
1 220 161
1 220 162
1 220 163
1 220 164
1 220 165
1 220 166
1 220 167
1 220 168
1 220 169
1 220 170
1 220 171
1 220 172
1 220 173
1 220 174
1 220 175
1 221 160
1 221 161
1 221 162
1 221 163
1 221 164
1 221 165
1 221 166
1 221 167
1 221 168
1 221 169
1 221 170
1 221 171
1 221 172
1 221 173
1 221 174
1 221 175
1 222 160
1 222 161
1 222 162
1 222 163
1 222 164
1 222 165
1 222 166
1 222 167
1 222 168
1 222 169
1 222 170
1 222 171
1 222 172
1 222 173
1 222 174
1 222 175
1 223 160
1 223 161
1 223 162
1 223 163
1 223 164
1 223 165
1 223 166
1 223 167
1 223 168
1 223 169
1 223 170
1 223 171
1 223 172
1 223 173
1 223 174
1 223 175
1 224 160
1 224 161
1 224 162
1 224 163
1 224 164
1 224 165
1 224 166
1 224 167
1 224 168
1 224 169
1 224 170
1 224 171
1 224 172
1 224 173
1 224 174
1 224 175
2 215 161
2 215 162
2 216 160
2 216 161
2 216 163
2 216 164
2 216 165
2 217 161
2 217 162
2 217 163
2 217 164
2 217 165
2 217 174
2 218 160
2 218 161
2 218 162
2 218 163
2 218 164
2 218 165
2 218 166
2 218 167
2 218 168
2 218 169
2 218 170
2 218 171
2 218 172
2 218 173
2 218 175
2 219 160
2 219 161
2 219 162
2 219 163
2 219 164
2 219 165
2 219 166
2 219 167
2 219 168
2 219 169
2 219 170
2 219 171
2 219 172
2 219 173
2 219 174
2 219 175
2 220 160
2 220 161
2 220 162
2 220 163
2 220 164
2 220 165
2 220 166
2 220 167
2 220 168
2 220 169
2 220 170
2 220 171
2 220 172
2 220 173
2 220 174
2 220 175
2 221 160
2 221 161
2 221 162
2 221 163
2 221 164
2 221 165
2 221 166
2 221 167
2 221 168
2 221 169
2 221 170
2 221 171
2 221 172
2 221 173
2 221 174
2 221 175
2 222 160
2 222 161
2 222 162
2 222 163
2 222 164
2 222 165
2 222 166
2 222 167
2 222 168
2 222 169
2 222 170
2 222 171
2 222 172
2 222 173
2 222 174
2 222 175
2 223 160
2 223 161
2 223 162
2 223 163
2 223 164
2 223 165
2 223 166
2 223 167
2 223 168
2 223 169
2 223 170
2 223 171
2 223 172
2 223 173
2 223 174
2 223 175
2 224 160
2 224 161
2 224 162
2 224 163
2 224 164
2 224 165
2 224 166
2 224 167
2 224 168
2 224 169
2 224 170
2 224 171
2 224 172
2 224 173
2 224 174
2 224 175
3 215 162
3 215 163
3 216 160
3 216 162
3 216 163
3 216 164
3 216 175
3 217 160
3 217 161
3 217 162
3 217 163
3 217 164
3 217 167
3 217 170
3 217 173
3 217 174
3 217 175
3 218 160
3 218 161
3 218 162
3 218 163
3 218 164
3 218 165
3 218 166
3 218 167
3 218 168
3 218 169
3 218 170
3 218 171
3 218 172
3 218 173
3 218 174
3 218 175
3 219 160
3 219 161
3 219 162
3 219 163
3 219 164
3 219 165
3 219 166
3 219 167
3 219 168
3 219 169
3 219 170
3 219 171
3 219 172
3 219 173
3 219 174
3 219 175
3 220 160
3 220 161
3 220 162
3 220 163
3 220 164
3 220 165
3 220 166
3 220 167
3 220 168
3 220 169
3 220 170
3 220 171
3 220 172
3 220 173
3 220 174
3 220 175
3 221 160
3 221 161
3 221 162
3 221 163
3 221 164
3 221 165
3 221 166
3 221 167
3 221 168
3 221 169
3 221 170
3 221 171
3 221 172
3 221 173
3 221 174
3 221 175
3 222 160
3 222 161
3 222 162
3 222 163
3 222 164
3 222 165
3 222 166
3 222 167
3 222 168
3 222 169
3 222 170
3 222 171
3 222 172
3 222 173
3 222 174
3 222 175
3 223 160
3 223 161
3 223 162
3 223 163
3 223 164
3 223 165
3 223 166
3 223 167
3 223 168
3 223 169
3 223 170
3 223 171
3 223 172
3 223 173
3 223 174
3 223 175
3 224 160
3 224 162
3 224 163
3 224 164
3 224 165
3 224 166
3 224 167
3 224 168
3 224 169
3 224 170
3 224 171
3 224 172
3 224 173
3 224 174
3 224 175
4 214 161
4 214 162
4 215 160
4 215 161
4 215 162
4 216 160
4 216 161
4 216 162
4 216 163
4 216 164
4 217 160
4 217 161
4 217 162
4 217 163
4 217 164
4 217 165
4 217 166
4 217 169
4 217 170
4 217 173
4 217 175
4 218 160
4 218 161
4 218 162
4 218 163
4 218 164
4 218 165
4 218 166
4 218 169
4 218 170
4 218 171
4 218 173
4 218 174
4 218 175
4 219 160
4 219 161
4 219 162
4 219 163
4 219 164
4 219 165
4 219 166
4 219 167
4 219 168
4 219 169
4 219 170
4 219 171
4 219 172
4 219 173
4 219 174
4 219 175
4 220 160
4 220 161
4 220 162
4 220 163
4 220 164
4 220 165
4 220 166
4 220 167
4 220 168
4 220 169
4 220 170
4 220 171
4 220 172
4 220 173
4 220 174
4 220 175
4 221 160
4 221 161
4 221 162
4 221 163
4 221 164
4 221 165
4 221 166
4 221 167
4 221 168
4 221 169
4 221 170
4 221 171
4 221 172
4 221 173
4 221 174
4 221 175
4 222 160
4 222 161
4 222 162
4 222 163
4 222 164
4 222 165
4 222 166
4 222 167
4 222 168
4 222 169
4 222 170
4 222 171
4 222 172
4 222 173
4 222 174
4 222 175
4 223 160
4 223 161
4 223 162
4 223 163
4 223 164
4 223 165
4 223 166
4 223 167
4 223 168
4 223 169
4 223 170
4 223 171
4 223 172
4 223 173
4 223 174
4 223 175
4 224 160
4 224 161
4 224 162
4 224 163
4 224 164
4 224 165
4 224 166
4 224 167
4 224 168
4 224 169
4 224 170
4 224 171
4 224 172
4 224 173
4 224 174
4 224 175
5 215 161
5 215 162
5 216 160
5 216 161
5 216 162
5 217 160
5 217 161
5 217 162
5 217 163
5 218 160
5 218 161
5 218 162
5 218 163
5 218 164
5 218 165
5 218 170
5 218 172
5 218 173
5 218 174
5 219 160
5 219 161
5 219 162
5 219 163
5 219 164
5 219 165
5 219 169
5 219 170
5 219 171
5 219 172
5 219 173
5 219 174
5 219 175
5 220 160
5 220 161
5 220 162
5 220 163
5 220 164
5 220 165
5 220 166
5 220 167
5 220 168
5 220 169
5 220 170
5 220 171
5 220 172
5 220 173
5 220 174
5 220 175
5 221 160
5 221 161
5 221 162
5 221 163
5 221 164
5 221 165
5 221 166
5 221 167
5 221 168
5 221 169
5 221 170
5 221 171
5 221 172
5 221 173
5 221 174
5 221 175
5 222 160
5 222 161
5 222 162
5 222 163
5 222 164
5 222 165
5 222 166
5 222 167
5 222 168
5 222 169
5 222 170
5 222 172
5 222 173
5 222 174
5 222 175
5 223 160
5 223 161
5 223 162
5 223 163
5 223 164
5 223 165
5 223 166
5 223 167
5 223 168
5 223 169
5 223 170
5 223 171
5 223 172
5 223 173
5 223 174
5 223 175
5 224 160
5 224 161
5 224 162
5 224 163
5 224 164
5 224 165
5 224 166
5 224 167
5 224 168
5 224 169
5 224 170
5 224 171
5 224 172
5 224 173
5 224 174
5 224 175
6 215 162
6 216 162
6 217 160
6 217 161
6 217 162
6 217 163
6 218 160
6 218 161
6 218 162
6 218 163
6 218 164
6 218 171
6 218 172
6 218 173
6 218 174
6 218 175
6 219 160
6 219 161
6 219 162
6 219 163
6 219 171
6 219 172
6 219 173
6 219 174
6 220 160
6 220 161
6 220 162
6 220 163
6 220 164
6 220 165
6 220 170
6 220 171
6 220 172
6 220 173
6 220 174
6 220 175
6 221 160
6 221 161
6 221 162
6 221 163
6 221 164
6 221 165
6 221 166
6 221 167
6 221 169
6 221 170
6 221 171
6 221 172
6 221 173
6 221 174
6 221 175
6 222 160
6 222 161
6 222 162
6 222 163
6 222 164
6 222 165
6 222 166
6 222 167
6 222 169
6 222 170
6 222 171
6 222 172
6 222 173
6 222 174
6 222 175
6 223 160
6 223 161
6 223 162
6 223 163
6 223 164
6 223 165
6 223 166
6 223 167
6 223 168
6 223 169
6 223 170
6 223 171
6 223 172
6 223 173
6 223 174
6 223 175
6 224 160
6 224 161
6 224 163
6 224 164
6 224 165
6 224 166
6 224 167
6 224 168
6 224 169
6 224 170
6 224 171
6 224 172
6 224 173
6 224 174
6 224 175
7 217 160
7 218 160
7 218 161
7 218 163
7 218 164
7 218 173
7 219 160
7 219 161
7 219 163
7 219 164
7 219 165
7 219 171
7 219 172
7 219 173
7 219 174
7 220 160
7 220 161
7 220 162
7 220 163
7 220 164
7 220 170
7 220 171
7 220 172
7 220 173
7 220 174
7 220 175
7 221 160
7 221 161
7 221 162
7 221 163
7 221 164
7 221 165
7 221 166
7 221 167
7 221 168
7 221 171
7 221 172
7 221 173
7 221 174
7 222 160
7 222 161
7 222 162
7 222 163
7 222 164
7 222 165
7 222 166
7 222 167
7 222 168
7 222 169
7 222 170
7 222 171
7 222 172
7 222 173
7 222 174
7 223 160
7 223 161
7 223 162
7 223 163
7 223 164
7 223 165
7 223 166
7 223 167
7 223 168
7 223 169
7 223 170
7 223 171
7 223 172
7 223 173
7 223 174
7 223 175
7 224 160
7 224 161
7 224 162
7 224 163
7 224 164
7 224 165
7 224 166
7 224 167
7 224 168
7 224 169
7 224 170
7 224 171
7 224 172
7 224 173
7 224 174
7 224 175
8 218 160
8 218 161
8 219 160
8 219 161
8 219 163
8 219 164
8 219 173
8 219 174
8 220 160
8 220 161
8 220 162
8 220 163
8 220 164
8 220 165
8 220 166
8 220 168
8 220 172
8 220 173
8 220 174
8 221 160
8 221 161
8 221 162
8 221 163
8 221 164
8 221 165
8 221 166
8 221 167
8 221 168
8 221 169
8 221 172
8 221 173
8 221 174
8 222 160
8 222 161
8 222 162
8 222 163
8 222 164
8 222 165
8 222 166
8 222 167
8 222 168
8 222 169
8 222 170
8 222 171
8 222 172
8 222 173
8 222 174
8 222 175
8 223 160
8 223 161
8 223 162
8 223 163
8 223 164
8 223 165
8 223 166
8 223 167
8 223 168
8 223 169
8 223 170
8 223 171
8 223 172
8 223 173
8 223 174
8 223 175
8 224 160
8 224 161
8 224 162
8 224 163
8 224 164
8 224 165
8 224 166
8 224 167
8 224 168
8 224 169
8 224 170
8 224 171
8 224 172
8 224 174
8 224 175
9 216 160
9 217 160
9 218 160
9 218 161
9 218 163
9 218 164
9 219 160
9 219 161
9 219 162
9 219 163
9 219 164
9 219 165
9 219 166
9 220 160
9 220 161
9 220 162
9 220 163
9 220 164
9 220 165
9 220 166
9 220 167
9 220 168
9 220 170
9 220 174
9 221 160
9 221 161
9 221 162
9 221 163
9 221 164
9 221 165
9 221 166
9 221 167
9 221 168
9 221 169
9 221 170
9 221 171
9 221 172
9 221 173
9 222 160
9 222 161
9 222 162
9 222 163
9 222 164
9 222 165
9 222 166
9 222 167
9 222 168
9 222 169
9 222 170
9 222 171
9 222 172
9 222 173
9 222 174
9 223 160
9 223 161
9 223 162
9 223 163
9 223 164
9 223 165
9 223 166
9 223 167
9 223 168
9 223 169
9 223 170
9 223 171
9 223 172
9 223 173
9 223 174
9 223 175
9 224 160
9 224 161
9 224 162
9 224 163
9 224 164
9 224 165
9 224 166
9 224 167
9 224 168
9 224 169
9 224 170
9 224 171
9 224 172
9 224 173
9 224 174
9 224 175
10 215 160
10 216 160
10 217 160
10 217 161
10 218 160
10 218 161
10 218 162
10 218 163
10 218 164
10 219 160
10 219 161
10 219 162
10 219 163
10 219 164
10 220 160
10 220 161
10 220 162
10 220 163
10 220 164
10 220 165
10 220 166
10 220 167
10 220 169
10 220 170
10 220 171
10 220 174
10 220 175
10 221 160
10 221 161
10 221 162
10 221 163
10 221 164
10 221 165
10 221 166
10 221 167
10 221 168
10 221 169
10 221 170
10 221 171
10 221 172
10 221 173
10 221 174
10 222 160
10 222 161
10 222 162
10 222 163
10 222 164
10 222 165
10 222 166
10 222 167
10 222 168
10 222 169
10 222 170
10 222 171
10 222 172
10 222 173
10 222 174
10 222 175
10 223 160
10 223 161
10 223 162
10 223 163
10 223 164
10 223 165
10 223 166
10 223 167
10 223 168
10 223 169
10 223 170
10 223 171
10 223 172
10 223 173
10 223 174
10 223 175
10 224 160
10 224 161
10 224 162
10 224 163
10 224 164
10 224 165
10 224 166
10 224 167
10 224 168
10 224 169
10 224 170
10 224 171
10 224 172
10 224 173
10 224 174
10 224 175
11 218 160
11 218 163
11 218 170
11 219 160
11 219 166
11 219 167
11 219 168
11 219 169
11 219 170
11 219 171
11 219 174
11 220 160
11 220 161
11 220 162
11 220 164
11 220 165
11 220 166
11 220 167
11 220 168
11 220 169
11 220 170
11 220 171
11 220 173
11 220 174
11 220 175
11 221 160
11 221 161
11 221 162
11 221 163
11 221 164
11 221 165
11 221 166
11 221 167
11 221 168
11 221 169
11 221 170
11 221 171
11 221 172
11 221 174
11 221 175
11 222 160
11 222 161
11 222 162
11 222 163
11 222 164
11 222 165
11 222 166
11 222 167
11 222 168
11 222 169
11 222 171
11 222 172
11 222 173
11 222 174
11 222 175
11 223 160
11 223 161
11 223 162
11 223 163
11 223 164
11 223 165
11 223 166
11 223 167
11 223 168
11 223 169
11 223 170
11 223 171
11 223 172
11 223 173
11 223 174
11 223 175
11 224 160
11 224 161
11 224 162
11 224 163
11 224 164
11 224 165
11 224 166
11 224 167
11 224 168
11 224 169
11 224 170
11 224 171
11 224 172
11 224 173
11 224 174
11 224 175
12 218 160
12 218 169
12 219 160
12 219 161
12 219 162
12 219 166
12 219 167
12 219 168
12 219 169
12 219 170
12 219 171
12 219 174
12 220 160
12 220 161
12 220 166
12 220 167
12 220 168
12 220 169
12 220 170
12 220 171
12 220 172
12 220 174
12 221 160
12 221 161
12 221 162
12 221 163
12 221 165
12 221 166
12 221 167
12 221 168
12 221 169
12 221 170
12 221 171
12 221 173
12 221 174
12 222 160
12 222 161
12 222 162
12 222 163
12 222 164
12 222 165
12 222 166
12 222 167
12 222 168
12 222 169
12 222 170
12 222 171
12 222 172
12 222 173
12 222 174
12 222 175
12 223 160
12 223 161
12 223 162
12 223 163
12 223 164
12 223 165
12 223 166
12 223 167
12 223 168
12 223 169
12 223 170
12 223 171
12 223 172
12 223 173
12 223 174
12 223 175
12 224 160
12 224 161
12 224 162
12 224 163
12 224 164
12 224 165
12 224 166
12 224 167
12 224 168
12 224 169
12 224 170
12 224 171
12 224 172
12 224 173
12 224 174
12 224 175
13 217 160
13 217 166
13 218 160
13 218 162
13 218 165
13 218 166
13 218 168
13 218 169
13 218 170
13 218 171
13 219 160
13 219 161
13 219 162
13 219 166
13 219 167
13 219 168
13 219 169
13 219 170
13 219 171
13 220 160
13 220 161
13 220 162
13 220 163
13 220 164
13 220 165
13 220 167
13 220 168
13 220 169
13 220 170
13 220 171
13 220 173
13 220 175
13 221 160
13 221 161
13 221 162
13 221 163
13 221 164
13 221 165
13 221 166
13 221 167
13 221 168
13 221 169
13 221 170
13 221 171
13 221 172
13 221 173
13 221 174
13 221 175
13 222 160
13 222 161
13 222 162
13 222 163
13 222 164
13 222 165
13 222 166
13 222 167
13 222 168
13 222 169
13 222 170
13 222 171
13 222 172
13 222 173
13 222 174
13 222 175
13 223 160
13 223 161
13 223 162
13 223 163
13 223 164
13 223 165
13 223 166
13 223 167
13 223 168
13 223 169
13 223 170
13 223 171
13 223 172
13 223 173
13 223 174
13 223 175
13 224 160
13 224 161
13 224 162
13 224 163
13 224 164
13 224 165
13 224 166
13 224 167
13 224 168
13 224 169
13 224 170
13 224 171
13 224 172
13 224 173
13 224 174
13 224 175
14 217 162
14 217 165
14 217 166
14 217 167
14 218 160
14 218 161
14 218 162
14 218 165
14 218 166
14 218 168
14 219 160
14 219 161
14 219 162
14 219 163
14 219 164
14 219 165
14 219 166
14 219 167
14 219 168
14 219 169
14 219 170
14 219 171
14 219 172
14 219 173
14 220 160
14 220 161
14 220 162
14 220 163
14 220 164
14 220 165
14 220 166
14 220 167
14 220 168
14 220 169
14 220 171
14 220 172
14 220 173
14 220 174
14 220 175
14 221 160
14 221 161
14 221 162
14 221 163
14 221 164
14 221 165
14 221 166
14 221 167
14 221 168
14 221 169
14 221 170
14 221 171
14 221 172
14 221 173
14 221 175
14 222 160
14 222 161
14 222 162
14 222 163
14 222 164
14 222 165
14 222 166
14 222 167
14 222 168
14 222 169
14 222 170
14 222 171
14 222 172
14 222 173
14 222 174
14 222 175
14 223 160
14 223 161
14 223 162
14 223 163
14 223 164
14 223 165
14 223 166
14 223 167
14 223 168
14 223 169
14 223 170
14 223 171
14 223 172
14 223 173
14 223 174
14 223 175
14 224 160
14 224 162
14 224 163
14 224 164
14 224 165
14 224 166
14 224 167
14 224 168
14 224 169
14 224 170
14 224 171
14 224 172
14 224 173
14 224 174
14 224 175
15 216 160
15 216 166
15 216 167
15 217 160
15 217 165
15 217 166
15 217 167
15 218 160
15 218 161
15 218 163
15 218 164
15 218 165
15 218 166
15 218 167
15 218 173
15 219 160
15 219 161
15 219 162
15 219 163
15 219 164
15 219 166
15 219 167
15 219 168
15 219 170
15 219 172
15 219 173
15 219 174
15 219 175
15 220 160
15 220 161
15 220 162
15 220 163
15 220 164
15 220 165
15 220 166
15 220 167
15 220 168
15 220 169
15 220 170
15 220 171
15 220 173
15 220 174
15 221 160
15 221 161
15 221 162
15 221 163
15 221 164
15 221 165
15 221 166
15 221 167
15 221 168
15 221 169
15 221 170
15 221 171
15 221 172
15 221 173
15 221 174
15 221 175
15 222 160
15 222 161
15 222 162
15 222 163
15 222 164
15 222 165
15 222 166
15 222 167
15 222 168
15 222 169
15 222 170
15 222 171
15 222 172
15 222 173
15 222 174
15 222 175
15 223 160
15 223 161
15 223 162
15 223 163
15 223 164
15 223 165
15 223 166
15 223 167
15 223 168
15 223 169
15 223 170
15 223 171
15 223 172
15 223 173
15 223 174
15 223 175
15 224 160
15 224 161
15 224 162
15 224 163
15 224 164
15 224 165
15 224 166
15 224 167
15 224 168
15 224 169
15 224 170
15 224 171
15 224 172
15 224 173
15 224 174
15 224 175
0 225 160
0 225 161
0 225 163
0 225 164
0 225 165
0 225 166
0 225 167
0 225 168
0 225 169
0 225 170
0 225 171
0 225 172
0 225 173
0 225 174
0 226 160
0 226 164
0 226 165
0 226 166
0 226 167
0 226 168
0 226 169
0 226 170
0 226 171
0 226 172
0 226 173
0 226 174
0 226 175
0 227 163
0 227 164
0 227 165
0 227 166
0 227 167
0 227 169
0 227 170
0 227 173
0 227 174
0 227 175
0 228 166
1 225 160
1 225 162
1 225 163
1 225 165
1 225 166
1 225 167
1 225 168
1 225 169
1 225 170
1 225 171
1 225 172
1 225 173
1 225 174
1 225 175
1 226 163
1 226 164
1 226 165
1 226 166
1 226 167
1 226 168
1 226 169
1 226 170
1 226 171
1 226 172
1 226 173
1 226 174
1 226 175
1 227 164
1 227 165
1 227 166
1 227 167
1 227 168
1 227 169
1 227 170
1 227 171
1 227 172
1 227 173
1 227 174
1 228 168
1 228 169
1 228 170
1 228 172
1 228 174
1 229 170
2 225 160
2 225 161
2 225 162
2 225 163
2 225 164
2 225 165
2 225 166
2 225 167
2 225 168
2 225 169
2 225 170
2 225 171
2 225 172
2 225 173
2 225 174
2 225 175
2 226 160
2 226 164
2 226 165
2 226 166
2 226 167
2 226 168
2 226 169
2 226 170
2 226 171
2 226 172
2 226 173
2 226 174
2 226 175
2 227 165
2 227 166
2 227 167
2 227 168
2 227 169
2 227 170
2 227 171
2 227 172
2 227 173
2 227 175
2 228 169
2 228 170
2 228 171
2 228 172
2 228 173
2 229 172
3 225 160
3 225 161
3 225 164
3 225 166
3 225 167
3 225 168
3 225 169
3 225 170
3 225 171
3 225 172
3 225 173
3 225 174
3 225 175
3 226 164
3 226 166
3 226 168
3 226 169
3 226 170
3 226 171
3 226 172
3 226 173
3 226 174
3 226 175
3 227 171
3 227 175
3 228 174
4 225 165
4 225 166
4 225 168
4 225 169
4 225 170
4 225 171
4 225 172
4 225 173
4 225 174
4 225 175
4 226 160
4 226 165
4 226 168
4 226 169
4 226 172
4 226 173
4 226 174
4 226 175
4 227 165
4 227 169
4 227 170
4 227 172
4 227 173
4 227 174
4 228 164
4 228 166
4 228 174
4 228 175
4 229 175
4 230 175
5 225 160
5 225 166
5 225 167
5 225 168
5 225 169
5 225 170
5 225 171
5 225 172
5 225 173
5 225 174
5 225 175
5 226 160
5 226 161
5 226 164
5 226 165
5 226 166
5 226 167
5 226 169
5 226 171
5 226 172
5 226 173
5 226 175
5 227 160
5 227 161
5 227 165
5 227 166
5 227 172
5 227 173
5 227 174
5 227 175
5 228 163
5 228 164
5 228 165
5 228 166
5 229 166
5 229 175
5 230 165
6 225 161
6 225 162
6 225 163
6 225 164
6 225 165
6 225 166
6 225 167
6 225 168
6 225 170
6 225 171
6 225 172
6 225 173
6 225 174
6 225 175
6 226 160
6 226 161
6 226 162
6 226 163
6 226 164
6 226 165
6 226 166
6 226 167
6 226 171
6 226 172
6 226 173
6 226 174
6 226 175
6 227 160
6 227 161
6 227 165
6 227 166
6 227 167
6 227 168
6 227 173
6 227 175
6 228 164
6 228 165
6 228 166
6 228 175
6 229 164
6 229 165
6 230 165
6 230 166
6 231 165
7 225 160
7 225 161
7 225 162
7 225 163
7 225 164
7 225 165
7 225 166
7 225 167
7 225 168
7 225 169
7 225 170
7 225 171
7 225 172
7 225 173
7 225 174
7 225 175
7 226 160
7 226 161
7 226 162
7 226 163
7 226 164
7 226 165
7 226 166
7 226 167
7 226 168
7 226 172
7 226 173
7 226 174
7 226 175
7 227 160
7 227 161
7 227 164
7 227 165
7 227 166
7 227 167
7 227 171
7 227 172
7 227 173
7 227 174
7 227 175
7 228 160
7 228 163
7 228 164
7 228 165
7 228 166
7 228 167
7 228 170
7 228 172
7 228 173
7 228 174
7 228 175
7 229 160
7 229 164
7 229 165
7 229 167
7 229 168
7 230 163
7 230 165
7 230 166
7 230 167
7 231 164
7 231 165
7 231 166
7 232 165
8 225 160
8 225 161
8 225 162
8 225 163
8 225 164
8 225 165
8 225 166
8 225 167
8 225 169
8 225 170
8 225 171
8 225 172
8 225 173
8 225 174
8 225 175
8 226 160
8 226 161
8 226 162
8 226 163
8 226 164
8 226 165
8 226 166
8 226 167
8 226 168
8 226 169
8 226 170
8 226 171
8 226 172
8 226 173
8 226 174
8 226 175
8 227 160
8 227 161
8 227 162
8 227 163
8 227 164
8 227 165
8 227 166
8 227 167
8 227 168
8 227 169
8 227 170
8 227 171
8 227 172
8 227 173
8 227 174
8 227 175
8 228 160
8 228 162
8 228 163
8 228 164
8 228 165
8 228 166
8 228 167
8 228 168
8 228 170
8 228 171
8 228 172
8 228 174
8 228 175
8 229 160
8 229 161
8 229 163
8 229 165
8 229 166
8 229 167
8 229 168
8 229 170
8 229 174
8 229 175
8 230 160
8 230 162
8 230 163
8 230 164
8 230 165
8 230 167
8 230 168
8 231 164
8 231 165
8 231 166
8 231 167
9 225 160
9 225 161
9 225 162
9 225 163
9 225 164
9 225 165
9 225 166
9 225 167
9 225 168
9 225 169
9 225 170
9 225 171
9 225 172
9 225 173
9 225 174
9 225 175
9 226 160
9 226 161
9 226 162
9 226 163
9 226 164
9 226 165
9 226 166
9 226 167
9 226 168
9 226 169
9 226 170
9 226 171
9 226 172
9 226 173
9 226 174
9 226 175
9 227 160
9 227 161
9 227 162
9 227 163
9 227 164
9 227 165
9 227 166
9 227 167
9 227 168
9 227 169
9 227 170
9 227 171
9 227 172
9 227 173
9 227 175
9 228 160
9 228 161
9 228 162
9 228 163
9 228 164
9 228 165
9 228 166
9 228 167
9 228 168
9 228 169
9 228 170
9 228 171
9 228 172
9 228 173
9 228 174
9 228 175
9 229 160
9 229 161
9 229 162
9 229 163
9 229 164
9 229 165
9 229 166
9 229 167
9 229 168
9 229 169
9 229 170
9 229 171
9 229 172
9 229 175
9 230 160
9 230 164
9 230 165
9 230 166
9 230 167
9 230 170
9 230 174
9 231 164
9 231 166
9 231 167
9 231 168
9 232 166
9 232 167
9 233 166
10 225 160
10 225 161
10 225 162
10 225 163
10 225 164
10 225 165
10 225 166
10 225 167
10 225 168
10 225 169
10 225 170
10 225 171
10 225 172
10 225 173
10 225 174
10 225 175
10 226 160
10 226 161
10 226 162
10 226 163
10 226 164
10 226 165
10 226 167
10 226 168
10 226 169
10 226 170
10 226 171
10 226 172
10 226 173
10 226 175
10 227 160
10 227 161
10 227 162
10 227 163
10 227 164
10 227 165
10 227 166
10 227 167
10 227 168
10 227 169
10 227 170
10 227 171
10 227 172
10 227 173
10 227 174
10 227 175
10 228 160
10 228 161
10 228 162
10 228 163
10 228 164
10 228 165
10 228 166
10 228 167
10 228 168
10 228 170
10 228 171
10 228 172
10 228 173
10 228 174
10 228 175
10 229 160
10 229 163
10 229 164
10 229 165
10 229 166
10 229 171
10 229 172
10 229 173
10 229 174
10 229 175
10 230 164
10 230 165
10 230 166
10 230 171
10 230 172
10 230 174
10 230 175
10 231 163
10 231 164
10 231 165
10 231 166
10 231 167
10 232 165
10 233 165
11 225 160
11 225 161
11 225 162
11 225 163
11 225 164
11 225 165
11 225 166
11 225 167
11 225 168
11 225 169
11 225 170
11 225 171
11 225 172
11 225 173
11 225 174
11 225 175
11 226 160
11 226 161
11 226 162
11 226 163
11 226 164
11 226 165
11 226 166
11 226 167
11 226 168
11 226 169
11 226 170
11 226 171
11 226 172
11 226 173
11 226 174
11 226 175
11 227 160
11 227 161
11 227 162
11 227 163
11 227 164
11 227 165
11 227 166
11 227 167
11 227 168
11 227 169
11 227 170
11 227 171
11 227 172
11 227 173
11 227 174
11 227 175
11 228 160
11 228 161
11 228 162
11 228 163
11 228 164
11 228 165
11 228 166
11 228 167
11 228 168
11 228 170
11 228 172
11 228 173
11 228 174
11 228 175
11 229 160
11 229 161
11 229 163
11 229 164
11 229 165
11 229 166
11 229 167
11 229 168
11 229 170
11 229 173
11 229 174
11 229 175
11 230 160
11 230 164
11 230 165
11 230 166
11 230 173
11 230 174
11 230 175
11 231 173
11 231 174
11 231 175
11 232 175
12 225 160
12 225 161
12 225 162
12 225 163
12 225 164
12 225 165
12 225 166
12 225 167
12 225 168
12 225 169
12 225 170
12 225 171
12 225 172
12 225 173
12 225 174
12 225 175
12 226 160
12 226 161
12 226 162
12 226 163
12 226 164
12 226 165
12 226 166
12 226 167
12 226 168
12 226 169
12 226 170
12 226 171
12 226 172
12 226 173
12 226 174
12 226 175
12 227 160
12 227 161
12 227 163
12 227 164
12 227 165
12 227 166
12 227 167
12 227 168
12 227 169
12 227 170
12 227 171
12 227 172
12 227 174
12 227 175
12 228 160
12 228 161
12 228 163
12 228 164
12 228 165
12 228 166
12 228 167
12 228 168
12 228 169
12 228 170
12 228 171
12 228 172
12 228 173
12 228 174
12 228 175
12 229 161
12 229 164
12 229 166
12 229 167
12 229 168
12 229 169
12 229 170
12 229 171
12 229 172
12 229 173
12 229 174
12 229 175
12 230 164
12 230 165
12 230 168
12 230 170
12 230 174
12 231 165
12 231 174
12 231 175
12 232 174
13 225 160
13 225 161
13 225 162
13 225 163
13 225 164
13 225 165
13 225 166
13 225 167
13 225 168
13 225 169
13 225 170
13 225 171
13 225 172
13 225 173
13 225 174
13 225 175
13 226 160
13 226 161
13 226 162
13 226 163
13 226 164
13 226 165
13 226 166
13 226 167
13 226 168
13 226 169
13 226 170
13 226 171
13 226 173
13 226 174
13 226 175
13 227 160
13 227 161
13 227 163
13 227 165
13 227 166
13 227 167
13 227 168
13 227 170
13 227 171
13 227 172
13 227 173
13 227 174
13 227 175
13 228 161
13 228 163
13 228 167
13 228 168
13 228 169
13 228 170
13 228 171
13 228 172
13 228 173
13 228 174
13 228 175
13 229 164
13 229 168
13 229 169
13 229 173
13 229 174
13 229 175
13 230 174
14 225 160
14 225 161
14 225 162
14 225 163
14 225 164
14 225 165
14 225 166
14 225 167
14 225 168
14 225 169
14 225 170
14 225 171
14 225 172
14 225 173
14 225 174
14 225 175
14 226 160
14 226 161
14 226 162
14 226 163
14 226 164
14 226 165
14 226 166
14 226 167
14 226 168
14 226 169
14 226 170
14 226 171
14 226 172
14 226 173
14 226 174
14 226 175
14 227 164
14 227 165
14 227 166
14 227 167
14 227 168
14 227 169
14 227 170
14 227 171
14 227 172
14 227 173
14 227 174
14 227 175
14 228 168
14 228 169
14 228 170
14 228 171
14 228 172
14 228 173
14 228 174
14 229 168
14 229 169
14 229 173
15 225 160
15 225 161
15 225 163
15 225 164
15 225 165
15 225 166
15 225 167
15 225 168
15 225 169
15 225 170
15 225 171
15 225 172
15 225 173
15 225 174
15 225 175
15 226 160
15 226 163
15 226 164
15 226 165
15 226 166
15 226 167
15 226 168
15 226 169
15 226 170
15 226 171
15 226 172
15 226 173
15 226 174
15 226 175
15 227 164
15 227 165
15 227 166
15 227 167
15 227 168
15 227 169
15 227 170
15 227 171
15 227 172
15 227 173
15 227 174
15 227 175
15 228 164
15 228 169
15 228 171
15 228 172
15 228 173
15 228 174
15 228 175
15 229 172
15 229 173
15 229 174
15 229 175
15 230 173
15 230 175

