alfheim:altWood1
12
-96 213 -112
-96 214 -112
-96 214 -111
-96 214 -110
-96 215 -112
-96 215 -111
-96 215 -110
-96 215 -109
-96 216 -112
-96 216 -111
-96 216 -110
-96 216 -109
-96 216 -108
-96 217 -112
-96 217 -111
-96 217 -110
-96 217 -109
-96 217 -108
-96 218 -112
-96 218 -111
-96 218 -110
-96 218 -109
-96 219 -112
-96 219 -111
-96 219 -110
-96 219 -109
-96 220 -112
-96 220 -111
-96 220 -110
-96 221 -112
-96 221 -111
-96 221 -110
-96 222 -112
-96 222 -111
-96 223 -112
-95 213 -112
-95 214 -112
-95 214 -111
-95 214 -110
-95 215 -112
-95 215 -111
-95 215 -110
-95 215 -109
-95 216 -112
-95 216 -111
-95 216 -110
-95 216 -109
-95 216 -108
-95 217 -112
-95 217 -111
-95 217 -110
-95 217 -109
-95 217 -108
-95 218 -112
-95 218 -111
-95 218 -110
-95 218 -109
-95 219 -112
-95 219 -111
-95 219 -110
-95 219 -109
-95 220 -112
-95 220 -111
-95 220 -110
-95 221 -112
-95 221 -111
-95 221 -110
-95 222 -112
-95 222 -111
-95 223 -112
-94 213 -112
-94 214 -112
-94 214 -111
-94 214 -110
-94 215 -112
-94 215 -111
-94 215 -110
-94 215 -109
-94 216 -112
-94 216 -111
-94 216 -110
-94 216 -109
-94 216 -108
-94 217 -112
-94 217 -111
-94 217 -110
-94 217 -109
-94 217 -108
-94 218 -112
-94 218 -111
-94 218 -110
-94 218 -109
-94 218 -108
-94 219 -112
-94 219 -111
-94 219 -110
-94 219 -109
-94 220 -112
-94 220 -111
-94 220 -110
-94 220 -109
-94 221 -112
-94 221 -111
-94 221 -110
-94 222 -112
-94 222 -111
-94 223 -112
-93 213 -112
-93 213 -111
-93 213 -110
-93 214 -112
-93 214 -111
-93 214 -110
-93 214 -109
-93 215 -112
-93 215 -111
-93 215 -110
-93 215 -109
-93 215 -108
-93 215 -107
-93 216 -112
-93 216 -111
-93 216 -110
-93 216 -109
-93 216 -108
-93 216 -107
-93 217 -112
-93 217 -111
-93 217 -110
-93 217 -109
-93 217 -108
-93 217 -107
-93 217 -106
-93 218 -112
-93 218 -111
-93 218 -110
-93 218 -109
-93 218 -108
-93 218 -107
-93 218 -106
-93 219 -112
-93 219 -111
-93 219 -110
-93 219 -109
-93 219 -108
-93 219 -107
-93 220 -112
-93 220 -111
-93 220 -110
-93 220 -109
-93 221 -112
-93 221 -111
-93 221 -110
-93 222 -112
-93 222 -111
-92 212 -112
-92 212 -111
-92 213 -112
-92 213 -111
-92 213 -110
-92 213 -109
-92 214 -112
-92 214 -111
-92 214 -110
-92 214 -109
-92 214 -108
-92 214 -107
-92 214 -106
-92 214 -105
-92 215 -112
-92 215 -111
-92 215 -110
-92 215 -109
-92 215 -108
-92 215 -107
-92 215 -106
-92 215 -105
-92 216 -112
-92 216 -111
-92 216 -110
-92 216 -109
-92 216 -108
-92 216 -107
-92 216 -106
-92 216 -105
-92 217 -112
-92 217 -111
-92 217 -110
-92 217 -109
-92 217 -108
-92 217 -107
-92 217 -106
-92 217 -105
-92 218 -112
-92 218 -111
-92 218 -110
-92 218 -109
-92 218 -108
-92 218 -107
-92 218 -106
-92 219 -112
-92 219 -111
-92 219 -110
-92 219 -109
-92 219 -108
-92 219 -107
-92 219 -106
-92 220 -112
-92 220 -111
-92 220 -110
-92 220 -109
-92 220 -108
-92 220 -107
-92 220 -106
-92 221 -112
-92 221 -111
-92 221 -110
-92 221 -109
-92 222 -112
-92 222 -111
-91 212 -112
-91 212 -111
-91 212 -110
-91 213 -112
-91 213 -111
-91 213 -110
-91 213 -109
-91 213 -108
-91 213 -107
-91 213 -106
-91 213 -105
-91 214 -112
-91 214 -111
-91 214 -110
-91 214 -109
-91 214 -108
-91 214 -107
-91 214 -106
-91 214 -105
-91 214 -104
-91 215 -112
-91 215 -111
-91 215 -110
-91 215 -109
-91 215 -108
-91 215 -107
-91 215 -106
-91 215 -105
-91 215 -104
-91 215 -103
-91 216 -112
-91 216 -111
-91 216 -110
-91 216 -109
-91 216 -108
-91 216 -107
-91 216 -106
-91 216 -105
-91 217 -112
-91 217 -111
-91 217 -110
-91 217 -109
-91 217 -108
-91 217 -107
-91 217 -106
-91 218 -112
-91 218 -111
-91 218 -110
-91 218 -109
-91 218 -108
-91 218 -107
-91 218 -106
-91 218 -105
-91 218 -104
-91 219 -112
-91 219 -111
-91 219 -110
-91 219 -109
-91 219 -108
-91 219 -107
-91 219 -106
-91 219 -105
-91 219 -104
-91 220 -112
-91 220 -111
-91 220 -110
-91 220 -109
-91 220 -108
-91 220 -107
-91 220 -106
-91 221 -112
-91 221 -111
-91 221 -110
-91 221 -109
-91 221 -108
-91 221 -107
-91 221 -106
-91 221 -105
-91 222 -112
-91 222 -111
-91 222 -110
-90 212 -112
-90 212 -111
-90 212 -110
-90 212 -109
-90 212 -108
-90 212 -107
-90 212 -106
-90 213 -112
-90 213 -111
-90 213 -110
-90 213 -109
-90 213 -108
-90 213 -107
-90 213 -106
-90 213 -105
-90 213 -104
-90 214 -112
-90 214 -111
-90 214 -110
-90 214 -109
-90 214 -108
-90 214 -107
-90 214 -106
-90 214 -105
-90 214 -104
-90 214 -103
-90 215 -112
-90 215 -111
-90 215 -110
-90 215 -109
-90 215 -108
-90 215 -107
-90 215 -106
-90 215 -105
-90 215 -104
-90 215 -103
-90 216 -112
-90 216 -111
-90 216 -110
-90 216 -109
-90 216 -108
-90 216 -107
-90 216 -106
-90 216 -105
-90 216 -104
-90 216 -103
-90 217 -112
-90 217 -111
-90 217 -110
-90 217 -109
-90 217 -108
-90 217 -107
-90 217 -106
-90 217 -105
-90 217 -104
-90 218 -112
-90 218 -111
-90 218 -110
-90 218 -109
-90 218 -108
-90 218 -107
-90 218 -106
-90 218 -105
-90 218 -104
-90 219 -112
-90 219 -111
-90 219 -110
-90 219 -109
-90 219 -108
-90 219 -107
-90 219 -106
-90 219 -105
-90 219 -104
-90 220 -112
-90 220 -111
-90 220 -110
-90 220 -109
-90 220 -108
-90 220 -107
-90 220 -106
-90 220 -105
-90 221 -112
-90 221 -111
-90 221 -110
-90 221 -109
-90 221 -108
-90 221 -107
-90 221 -106
-90 221 -105
-90 222 -112
-90 222 -111
-90 222 -110
-90 222 -108
-90 222 -107
-90 222 -106
-89 212 -112
-89 212 -111
-89 212 -110
-89 212 -109
-89 212 -108
-89 212 -107
-89 212 -106
-89 212 -105
-89 213 -112
-89 213 -111
-89 213 -110
-89 213 -109
-89 213 -108
-89 213 -107
-89 213 -106
-89 213 -105
-89 213 -104
-89 214 -112
-89 214 -111
-89 214 -110
-89 214 -109
-89 214 -108
-89 214 -107
-89 214 -106
-89 214 -105
-89 214 -104
-89 214 -103
-89 215 -112
-89 215 -111
-89 215 -110
-89 215 -109
-89 215 -108
-89 215 -107
-89 215 -106
-89 215 -105
-89 215 -104
-89 215 -103
-89 215 -102
-89 216 -112
-89 216 -111
-89 216 -110
-89 216 -109
-89 216 -108
-89 216 -107
-89 216 -106
-89 216 -105
-89 216 -104
-89 216 -103
-89 216 -102
-89 217 -112
-89 217 -111
-89 217 -110
-89 217 -109
-89 217 -108
-89 217 -107
-89 217 -106
-89 217 -105
-89 217 -104
-89 217 -102
-89 218 -112
-89 218 -111
-89 218 -110
-89 218 -109
-89 218 -108
-89 218 -107
-89 218 -106
-89 218 -105
-89 218 -104
-89 218 -103
-89 219 -112
-89 219 -111
-89 219 -110
-89 219 -109
-89 219 -108
-89 219 -107
-89 219 -106
-89 219 -105
-89 219 -104
-89 219 -103
-89 219 -102
-89 220 -112
-89 220 -111
-89 220 -110
-89 220 -109
-89 220 -108
-89 220 -107
-89 220 -106
-89 220 -105
-89 220 -103
-89 221 -112
-89 221 -111
-89 221 -110
-89 221 -109
-89 221 -108
-89 221 -107
-89 221 -106
-89 221 -105
-89 221 -104
-89 222 -112
-89 222 -111
-89 222 -110
-89 222 -109
-89 222 -108
-89 222 -107
-89 222 -106
-89 222 -105
-88 210 -112
-88 211 -112
-88 212 -112
-88 212 -111
-88 212 -110
-88 212 -109
-88 212 -108
-88 212 -107
-88 212 -106
-88 212 -105
-88 212 -104
-88 212 -103
-88 213 -112
-88 213 -111
-88 213 -110
-88 213 -109
-88 213 -108
-88 213 -107
-88 213 -106
-88 213 -105
-88 213 -104
-88 213 -103
-88 213 -102
-88 214 -112
-88 214 -111
-88 214 -110
-88 214 -109
-88 214 -108
-88 214 -107
-88 214 -106
-88 214 -105
-88 214 -104
-88 214 -103
-88 214 -102
-88 215 -112
-88 215 -111
-88 215 -110
-88 215 -109
-88 215 -108
-88 215 -107
-88 215 -106
-88 215 -105
-88 215 -104
-88 215 -103
-88 215 -102
-88 216 -112
-88 216 -111
-88 216 -110
-88 216 -109
-88 216 -108
-88 216 -107
-88 216 -106
-88 216 -105
-88 216 -104
-88 216 -103
-88 216 -102
-88 217 -112
-88 217 -111
-88 217 -110
-88 217 -109
-88 217 -108
-88 217 -107
-88 217 -106
-88 217 -105
-88 217 -104
-88 217 -103
-88 217 -102
-88 218 -112
-88 218 -111
-88 218 -110
-88 218 -109
-88 218 -108
-88 218 -107
-88 218 -106
-88 218 -105
-88 218 -104
-88 218 -103
-88 218 -102
-88 219 -112
-88 219 -111
-88 219 -110
-88 219 -109
-88 219 -108
-88 219 -107
-88 219 -106
-88 219 -105
-88 219 -104
-88 219 -103
-88 220 -112
-88 220 -111
-88 220 -110
-88 220 -109
-88 220 -108
-88 220 -107
-88 220 -106
-88 220 -105
-88 220 -104
-88 220 -103
-88 221 -112
-88 221 -111
-88 221 -110
-88 221 -109
-88 221 -108
-88 221 -107
-88 221 -106
-88 221 -105
-88 221 -104
-88 222 -112
-88 222 -111
-88 222 -109
-88 222 -108
-88 222 -107
-88 222 -106
-88 222 -105
-87 208 -112
-87 209 -112
-87 209 -111
-87 210 -112
-87 210 -111
-87 210 -110
-87 211 -112
-87 211 -111
-87 211 -110
-87 211 -109
-87 211 -108
-87 211 -107
-87 211 -106
-87 211 -105
-87 211 -104
-87 211 -103
-87 212 -112
-87 212 -111
-87 212 -110
-87 212 -109
-87 212 -108
-87 212 -107
-87 212 -106
-87 212 -105
-87 212 -104
-87 212 -103
-87 212 -102
-87 213 -112
-87 213 -111
-87 213 -110
-87 213 -109
-87 213 -108
-87 213 -107
-87 213 -106
-87 213 -105
-87 213 -104
-87 213 -103
-87 213 -102
-87 213 -101
-87 214 -112
-87 214 -111
-87 214 -110
-87 214 -109
-87 214 -108
-87 214 -107
-87 214 -106
-87 214 -105
-87 214 -104
-87 214 -103
-87 214 -102
-87 214 -101
-87 215 -112
-87 215 -111
-87 215 -110
-87 215 -109
-87 215 -108
-87 215 -107
-87 215 -106
-87 215 -105
-87 215 -104
-87 215 -103
-87 215 -102
-87 215 -101
-87 216 -112
-87 216 -111
-87 216 -110
-87 216 -109
-87 216 -108
-87 216 -107
-87 216 -106
-87 216 -105
-87 216 -104
-87 216 -103
-87 216 -102
-87 216 -101
-87 217 -112
-87 217 -111
-87 217 -110
-87 217 -109
-87 217 -108
-87 217 -107
-87 217 -106
-87 217 -105
-87 217 -104
-87 217 -103
-87 217 -102
-87 217 -101
-87 218 -112
-87 218 -111
-87 218 -110
-87 218 -109
-87 218 -108
-87 218 -107
-87 218 -106
-87 218 -105
-87 218 -104
-87 218 -103
-87 218 -102
-87 219 -112
-87 219 -111
-87 219 -110
-87 219 -109
-87 219 -108
-87 219 -107
-87 219 -106
-87 219 -105
-87 219 -104
-87 219 -103
-87 219 -102
-87 220 -112
-87 220 -111
-87 220 -110
-87 220 -109
-87 220 -108
-87 220 -107
-87 220 -106
-87 220 -105
-87 220 -104
-87 220 -103
-87 221 -112
-87 221 -111
-87 221 -110
-87 221 -109
-87 221 -108
-87 221 -107
-87 221 -106
-87 221 -105
-87 221 -104
-87 222 -109
-87 222 -108
-87 222 -107
-87 222 -106
-86 207 -112
-86 207 -111
-86 208 -112
-86 208 -111
-86 208 -110
-86 208 -109
-86 209 -112
-86 209 -111
-86 209 -110
-86 209 -109
-86 210 -112
-86 210 -111
-86 210 -110
-86 210 -109
-86 210 -106
-86 210 -105
-86 210 -104
-86 211 -112
-86 211 -111
-86 211 -110
-86 211 -109
-86 211 -108
-86 211 -107
-86 211 -106
-86 211 -105
-86 211 -104
-86 211 -103
-86 211 -102
-86 212 -112
-86 212 -111
-86 212 -110
-86 212 -109
-86 212 -108
-86 212 -107
-86 212 -106
-86 212 -105
-86 212 -104
-86 212 -103
-86 212 -102
-86 212 -101
-86 213 -112
-86 213 -111
-86 213 -110
-86 213 -109
-86 213 -108
-86 213 -107
-86 213 -106
-86 213 -105
-86 213 -104
-86 213 -103
-86 213 -102
-86 213 -101
-86 214 -112
-86 214 -111
-86 214 -110
-86 214 -109
-86 214 -108
-86 214 -107
-86 214 -106
-86 214 -105
-86 214 -104
-86 214 -103
-86 214 -102
-86 214 -101
-86 214 -100
-86 215 -112
-86 215 -111
-86 215 -110
-86 215 -109
-86 215 -108
-86 215 -107
-86 215 -106
-86 215 -105
-86 215 -104
-86 215 -103
-86 215 -102
-86 215 -101
-86 215 -100
-86 216 -112
-86 216 -111
-86 216 -110
-86 216 -109
-86 216 -108
-86 216 -107
-86 216 -106
-86 216 -105
-86 216 -104
-86 216 -103
-86 216 -102
-86 216 -101
-86 216 -100
-86 217 -112
-86 217 -111
-86 217 -110
-86 217 -109
-86 217 -108
-86 217 -107
-86 217 -106
-86 217 -105
-86 217 -104
-86 217 -103
-86 217 -102
-86 217 -101
-86 218 -112
-86 218 -111
-86 218 -110
-86 218 -109
-86 218 -108
-86 218 -107
-86 218 -106
-86 218 -105
-86 218 -104
-86 218 -103
-86 218 -102
-86 218 -101
-86 219 -112
-86 219 -111
-86 219 -110
-86 219 -109
-86 219 -108
-86 219 -107
-86 219 -106
-86 219 -105
-86 219 -104
-86 219 -103
-86 219 -102
-86 220 -112
-86 220 -111
-86 220 -110
-86 220 -109
-86 220 -108
-86 220 -107
-86 220 -106
-86 220 -105
-86 220 -104
-86 220 -103
-86 221 -110
-86 221 -109
-86 221 -108
-86 221 -107
-86 221 -106
-86 221 -105
-86 222 -108
-86 222 -107
-86 222 -106
-85 205 -112
-85 206 -112
-85 206 -111
-85 206 -110
-85 207 -112
-85 207 -111
-85 207 -110
-85 207 -109
-85 208 -112
-85 208 -111
-85 208 -110
-85 208 -109
-85 208 -108
-85 208 -107
-85 208 -106
-85 208 -105
-85 209 -112
-85 209 -111
-85 209 -110
-85 209 -109
-85 209 -108
-85 209 -107
-85 209 -106
-85 209 -105
-85 209 -104
-85 210 -112
-85 210 -111
-85 210 -110
-85 210 -109
-85 210 -108
-85 210 -107
-85 210 -106
-85 210 -105
-85 210 -104
-85 210 -103
-85 211 -112
-85 211 -111
-85 211 -110
-85 211 -109
-85 211 -108
-85 211 -107
-85 211 -106
-85 211 -105
-85 211 -104
-85 211 -103
-85 211 -102
-85 212 -112
-85 212 -111
-85 212 -110
-85 212 -109
-85 212 -108
-85 212 -107
-85 212 -106
-85 212 -105
-85 212 -104
-85 212 -103
-85 212 -102
-85 212 -101
-85 213 -112
-85 213 -111
-85 213 -110
-85 213 -109
-85 213 -108
-85 213 -107
-85 213 -106
-85 213 -105
-85 213 -104
-85 213 -103
-85 213 -102
-85 213 -101
-85 213 -100
-85 214 -112
-85 214 -111
-85 214 -110
-85 214 -109
-85 214 -108
-85 214 -107
-85 214 -106
-85 214 -105
-85 214 -104
-85 214 -103
-85 214 -102
-85 214 -101
-85 214 -100
-85 215 -112
-85 215 -111
-85 215 -110
-85 215 -109
-85 215 -108
-85 215 -107
-85 215 -106
-85 215 -105
-85 215 -104
-85 215 -103
-85 215 -102
-85 215 -101
-85 215 -100
-85 216 -112
-85 216 -111
-85 216 -110
-85 216 -109
-85 216 -108
-85 216 -107
-85 216 -106
-85 216 -105
-85 216 -104
-85 216 -103
-85 216 -102
-85 216 -101
-85 216 -100
-85 217 -112
-85 217 -111
-85 217 -110
-85 217 -109
-85 217 -108
-85 217 -107
-85 217 -106
-85 217 -105
-85 217 -104
-85 217 -103
-85 217 -102
-85 217 -101
-85 217 -100
-85 218 -112
-85 218 -111
-85 218 -110
-85 218 -109
-85 218 -108
-85 218 -107
-85 218 -106
-85 218 -105
-85 218 -104
-85 218 -103
-85 218 -102
-85 218 -101
-85 219 -112
-85 219 -111
-85 219 -110
-85 219 -109
-85 219 -108
-85 219 -107
-85 219 -106
-85 219 -105
-85 219 -104
-85 219 -103
-85 219 -102
-85 220 -112
-85 220 -111
-85 220 -110
-85 220 -109
-85 220 -108
-85 220 -107
-85 220 -106
-85 220 -105
-85 220 -104
-85 220 -103
-85 221 -112
-85 221 -109
-85 221 -108
-85 221 -107
-85 221 -106
-85 221 -105
-84 204 -112
-84 205 -112
-84 205 -111
-84 205 -110
-84 206 -112
-84 206 -111
-84 206 -110
-84 206 -109
-84 207 -112
-84 207 -111
-84 207 -110
-84 207 -109
-84 207 -108
-84 207 -107
-84 207 -106
-84 207 -105
-84 208 -112
-84 208 -111
-84 208 -110
-84 208 -109
-84 208 -108
-84 208 -107
-84 208 -106
-84 208 -105
-84 209 -112
-84 209 -111
-84 209 -110
-84 209 -109
-84 209 -108
-84 209 -107
-84 209 -106
-84 209 -105
-84 209 -104
-84 210 -112
-84 210 -111
-84 210 -110
-84 210 -109
-84 210 -108
-84 210 -107
-84 210 -106
-84 210 -105
-84 210 -104
-84 210 -103
-84 210 -102
-84 211 -112
-84 211 -111
-84 211 -110
-84 211 -109
-84 211 -108
-84 211 -107
-84 211 -106
-84 211 -105
-84 211 -104
-84 211 -103
-84 211 -102
-84 212 -112
-84 212 -111
-84 212 -110
-84 212 -109
-84 212 -108
-84 212 -107
-84 212 -106
-84 212 -105
-84 212 -104
-84 212 -103
-84 212 -102
-84 212 -101
-84 213 -112
-84 213 -111
-84 213 -110
-84 213 -109
-84 213 -108
-84 213 -107
-84 213 -106
-84 213 -105
-84 213 -104
-84 213 -103
-84 213 -102
-84 213 -101
-84 213 -100
-84 214 -112
-84 214 -111
-84 214 -110
-84 214 -109
-84 214 -108
-84 214 -107
-84 214 -106
-84 214 -105
-84 214 -104
-84 214 -103
-84 214 -102
-84 214 -101
-84 214 -100
-84 215 -112
-84 215 -111
-84 215 -110
-84 215 -109
-84 215 -108
-84 215 -107
-84 215 -106
-84 215 -105
-84 215 -104
-84 215 -103
-84 215 -102
-84 215 -101
-84 215 -100
-84 216 -112
-84 216 -111
-84 216 -110
-84 216 -109
-84 216 -108
-84 216 -107
-84 216 -106
-84 216 -105
-84 216 -104
-84 216 -103
-84 216 -102
-84 216 -101
-84 216 -100
-84 217 -112
-84 217 -111
-84 217 -110
-84 217 -109
-84 217 -108
-84 217 -107
-84 217 -106
-84 217 -105
-84 217 -104
-84 217 -103
-84 217 -102
-84 217 -101
-84 217 -100
-84 218 -112
-84 218 -111
-84 218 -110
-84 218 -109
-84 218 -108
-84 218 -107
-84 218 -106
-84 218 -105
-84 218 -104
-84 218 -103
-84 218 -102
-84 218 -101
-84 219 -112
-84 219 -111
-84 219 -110
-84 219 -109
-84 219 -108
-84 219 -107
-84 219 -106
-84 219 -105
-84 219 -104
-84 219 -103
-84 219 -102
-84 220 -112
-84 220 -111
-84 220 -110
-84 220 -109
-84 220 -108
-84 220 -107
-84 220 -106
-84 220 -105
-84 220 -104
-84 220 -103
-84 221 -112
-84 221 -111
-83 203 -112
-83 204 -112
-83 204 -111
-83 204 -110
-83 204 -109
-83 205 -112
-83 205 -111
-83 205 -110
-83 205 -109
-83 205 -108
-83 206 -112
-83 206 -111
-83 206 -110
-83 206 -109
-83 206 -108
-83 206 -107
-83 207 -112
-83 207 -111
-83 207 -110
-83 207 -109
-83 207 -108
-83 207 -107
-83 207 -106
-83 207 -105
-83 208 -112
-83 208 -111
-83 208 -110
-83 208 -109
-83 208 -108
-83 208 -107
-83 208 -106
-83 208 -105
-83 208 -104
-83 208 -103
-83 209 -112
-83 209 -111
-83 209 -110
-83 209 -109
-83 209 -108
-83 209 -107
-83 209 -106
-83 209 -105
-83 209 -104
-83 209 -103
-83 210 -112
-83 210 -111
-83 210 -110
-83 210 -109
-83 210 -108
-83 210 -107
-83 210 -106
-83 210 -105
-83 210 -104
-83 210 -103
-83 210 -102
-83 211 -112
-83 211 -111
-83 211 -110
-83 211 -109
-83 211 -108
-83 211 -107
-83 211 -106
-83 211 -105
-83 211 -104
-83 211 -103
-83 211 -102
-83 212 -112
-83 212 -111
-83 212 -110
-83 212 -109
-83 212 -108
-83 212 -107
-83 212 -106
-83 212 -105
-83 212 -104
-83 212 -103
-83 212 -102
-83 212 -101
-83 213 -112
-83 213 -111
-83 213 -110
-83 213 -109
-83 213 -108
-83 213 -107
-83 213 -106
-83 213 -105
-83 213 -104
-83 213 -103
-83 213 -102
-83 213 -101
-83 213 -100
-83 214 -112
-83 214 -111
-83 214 -110
-83 214 -109
-83 214 -108
-83 214 -107
-83 214 -106
-83 214 -105
-83 214 -104
-83 214 -103
-83 214 -102
-83 214 -101
-83 214 -100
-83 215 -112
-83 215 -111
-83 215 -110
-83 215 -109
-83 215 -108
-83 215 -107
-83 215 -106
-83 215 -105
-83 215 -104
-83 215 -103
-83 215 -102
-83 215 -101
-83 215 -100
-83 216 -112
-83 216 -111
-83 216 -110
-83 216 -109
-83 216 -108
-83 216 -107
-83 216 -106
-83 216 -105
-83 216 -104
-83 216 -103
-83 216 -102
-83 216 -101
-83 216 -100
-83 217 -112
-83 217 -111
-83 217 -110
-83 217 -109
-83 217 -108
-83 217 -107
-83 217 -106
-83 217 -105
-83 217 -104
-83 217 -103
-83 217 -102
-83 217 -101
-83 217 -100
-83 218 -112
-83 218 -111
-83 218 -110
-83 218 -109
-83 218 -108
-83 218 -107
-83 218 -106
-83 218 -105
-83 218 -104
-83 218 -103
-83 218 -102
-83 218 -101
-83 219 -112
-83 219 -111
-83 219 -110
-83 219 -109
-83 219 -108
-83 219 -107
-83 219 -106
-83 219 -105
-83 219 -104
-83 219 -103
-83 219 -102
-83 220 -112
-83 220 -111
-83 220 -110
-83 220 -109
-83 220 -108
-83 220 -107
-83 220 -106
-83 220 -105
-83 220 -104
-83 220 -103
-83 221 -112
-83 221 -111
-83 221 -110
-83 222 -112
-82 202 -112
-82 203 -112
-82 203 -111
-82 203 -110
-82 203 -109
-82 204 -112
-82 204 -111
-82 204 -110
-82 204 -109
-82 204 -108
-82 204 -107
-82 205 -112
-82 205 -111
-82 205 -110
-82 205 -109
-82 205 -108
-82 205 -107
-82 205 -106
-82 206 -112
-82 206 -111
-82 206 -110
-82 206 -109
-82 206 -108
-82 206 -107
-82 206 -106
-82 206 -104
-82 207 -112
-82 207 -111
-82 207 -110
-82 207 -109
-82 207 -108
-82 207 -107
-82 207 -106
-82 207 -105
-82 207 -104
-82 207 -103
-82 208 -112
-82 208 -111
-82 208 -110
-82 208 -109
-82 208 -108
-82 208 -107
-82 208 -106
-82 208 -105
-82 208 -104
-82 208 -103
-82 208 -102
-82 209 -112
-82 209 -111
-82 209 -110
-82 209 -109
-82 209 -108
-82 209 -107
-82 209 -106
-82 209 -105
-82 209 -104
-82 209 -103
-82 209 -102
-82 210 -112
-82 210 -111
-82 210 -110
-82 210 -109
-82 210 -108
-82 210 -107
-82 210 -106
-82 210 -105
-82 210 -104
-82 210 -103
-82 210 -102
-82 210 -101
-82 211 -112
-82 211 -111
-82 211 -110
-82 211 -109
-82 211 -108
-82 211 -107
-82 211 -106
-82 211 -105
-82 211 -104
-82 211 -103
-82 211 -102
-82 211 -101
-82 212 -112
-82 212 -111
-82 212 -110
-82 212 -109
-82 212 -108
-82 212 -107
-82 212 -106
-82 212 -105
-82 212 -104
-82 212 -103
-82 212 -102
-82 212 -101
-82 213 -112
-82 213 -111
-82 213 -110
-82 213 -109
-82 213 -108
-82 213 -107
-82 213 -106
-82 213 -105
-82 213 -104
-82 213 -103
-82 213 -102
-82 213 -101
-82 213 -100
-82 214 -112
-82 214 -111
-82 214 -110
-82 214 -109
-82 214 -108
-82 214 -107
-82 214 -106
-82 214 -105
-82 214 -104
-82 214 -103
-82 214 -102
-82 214 -101
-82 214 -100
-82 215 -112
-82 215 -111
-82 215 -110
-82 215 -109
-82 215 -108
-82 215 -107
-82 215 -106
-82 215 -105
-82 215 -104
-82 215 -103
-82 215 -102
-82 215 -101
-82 215 -100
-82 216 -112
-82 216 -111
-82 216 -110
-82 216 -109
-82 216 -108
-82 216 -107
-82 216 -106
-82 216 -105
-82 216 -104
-82 216 -103
-82 216 -102
-82 216 -101
-82 216 -100
-82 217 -112
-82 217 -111
-82 217 -110
-82 217 -109
-82 217 -108
-82 217 -107
-82 217 -106
-82 217 -105
-82 217 -104
-82 217 -103
-82 217 -102
-82 217 -101
-82 218 -112
-82 218 -111
-82 218 -110
-82 218 -109
-82 218 -108
-82 218 -107
-82 218 -106
-82 218 -105
-82 218 -104
-82 218 -103
-82 218 -102
-82 218 -101
-82 219 -112
-82 219 -111
-82 219 -110
-82 219 -109
-82 219 -108
-82 219 -107
-82 219 -106
-82 219 -105
-82 219 -104
-82 219 -103
-82 219 -102
-82 220 -112
-82 220 -111
-82 220 -110
-82 220 -109
-82 220 -108
-82 220 -107
-82 220 -106
-82 220 -105
-82 220 -104
-82 221 -112
-82 221 -111
-82 221 -110
-82 222 -112
-82 222 -111
-81 202 -112
-81 202 -111
-81 203 -112
-81 203 -111
-81 203 -110
-81 203 -109
-81 203 -108
-81 203 -107
-81 204 -112
-81 204 -111
-81 204 -110
-81 204 -109
-81 204 -108
-81 204 -107
-81 204 -106
-81 205 -112
-81 205 -111
-81 205 -110
-81 205 -109
-81 205 -108
-81 205 -107
-81 205 -106
-81 205 -105
-81 206 -112
-81 206 -111
-81 206 -110
-81 206 -109
-81 206 -108
-81 206 -107
-81 206 -106
-81 206 -105
-81 206 -104
-81 206 -103
-81 206 -102
-81 207 -112
-81 207 -111
-81 207 -110
-81 207 -109
-81 207 -108
-81 207 -107
-81 207 -106
-81 207 -105
-81 207 -104
-81 207 -103
-81 207 -102
-81 207 -101
-81 208 -112
-81 208 -111
-81 208 -110
-81 208 -109
-81 208 -108
-81 208 -107
-81 208 -106
-81 208 -105
-81 208 -104
-81 208 -103
-81 208 -102
-81 208 -101
-81 209 -112
-81 209 -111
-81 209 -110
-81 209 -109
-81 209 -108
-81 209 -107
-81 209 -106
-81 209 -105
-81 209 -104
-81 209 -103
-81 209 -102
-81 209 -101
-81 209 -100
-81 210 -112
-81 210 -111
-81 210 -110
-81 210 -109
-81 210 -108
-81 210 -107
-81 210 -106
-81 210 -105
-81 210 -104
-81 210 -103
-81 210 -102
-81 210 -101
-81 210 -100
-81 210 -99
-81 211 -112
-81 211 -111
-81 211 -110
-81 211 -109
-81 211 -108
-81 211 -107
-81 211 -106
-81 211 -105
-81 211 -104
-81 211 -103
-81 211 -102
-81 211 -101
-81 211 -100
-81 211 -99
-81 212 -112
-81 212 -111
-81 212 -110
-81 212 -109
-81 212 -108
-81 212 -107
-81 212 -106
-81 212 -105
-81 212 -104
-81 212 -103
-81 212 -102
-81 212 -101
-81 212 -100
-81 212 -99
-81 213 -112
-81 213 -111
-81 213 -110
-81 213 -109
-81 213 -108
-81 213 -107
-81 213 -106
-81 213 -105
-81 213 -104
-81 213 -103
-81 213 -102
-81 213 -101
-81 213 -100
-81 213 -99
-81 214 -112
-81 214 -111
-81 214 -110
-81 214 -109
-81 214 -108
-81 214 -107
-81 214 -106
-81 214 -105
-81 214 -104
-81 214 -103
-81 214 -102
-81 214 -101
-81 214 -100
-81 215 -112
-81 215 -111
-81 215 -110
-81 215 -109
-81 215 -108
-81 215 -107
-81 215 -106
-81 215 -105
-81 215 -104
-81 215 -103
-81 215 -102
-81 215 -101
-81 215 -100
-81 216 -112
-81 216 -111
-81 216 -110
-81 216 -109
-81 216 -108
-81 216 -107
-81 216 -106
-81 216 -105
-81 216 -104
-81 216 -103
-81 216 -102
-81 216 -101
-81 216 -100
-81 217 -112
-81 217 -111
-81 217 -110
-81 217 -109
-81 217 -108
-81 217 -107
-81 217 -106
-81 217 -105
-81 217 -104
-81 217 -103
-81 217 -102
-81 217 -101
-81 218 -112
-81 218 -111
-81 218 -110
-81 218 -109
-81 218 -108
-81 218 -107
-81 218 -106
-81 218 -105
-81 218 -104
-81 218 -103
-81 218 -102
-81 219 -112
-81 219 -111
-81 219 -110
-81 219 -109
-81 219 -108
-81 219 -107
-81 219 -106
-81 219 -105
-81 219 -104
-81 219 -103
-81 220 -112
-81 220 -111
-81 220 -110
-81 220 -109
-81 220 -108
-81 220 -107
-81 220 -106
-81 220 -105
-81 221 -112
-81 221 -111
-81 221 -110
-81 221 -109
-81 221 -108
-81 221 -107
-81 222 -112
-81 222 -111
alfheim:altLeaves
6
-96 215 -100
-96 215 -99
-96 215 -98
-96 216 -101
-96 216 -100
-96 216 -99
-96 216 -98
-96 216 -97
-96 217 -103
-96 217 -102
-96 217 -101
-96 217 -100
-96 217 -99
-96 217 -98
-96 217 -97
-96 218 -104
-96 218 -103
-96 218 -102
-96 218 -101
-96 218 -100
-96 218 -99
-96 218 -98
-96 218 -97
-96 219 -105
-96 219 -103
-96 219 -102
-96 219 -101
-96 219 -100
-96 219 -99
-96 219 -98
-96 219 -97
-96 220 -105
-96 220 -104
-96 220 -103
-96 220 -102
-96 220 -101
-96 220 -100
-96 220 -99
-96 220 -98
-96 220 -97
-96 221 -106
-96 221 -105
-96 221 -104
-96 221 -103
-96 221 -102
-96 221 -101
-96 221 -100
-96 221 -99
-96 221 -98
-96 221 -97
-96 222 -108
-96 222 -107
-96 222 -106
-96 222 -105
-96 222 -104
-96 222 -103
-96 222 -102
-96 222 -101
-96 222 -100
-96 222 -99
-96 222 -98
-96 222 -97
-96 223 -108
-96 223 -107
-96 223 -106
-96 223 -105
-96 223 -104
-96 223 -103
-96 223 -102
-96 223 -101
-96 223 -100
-96 223 -99
-96 223 -98
-96 223 -97
-96 224 -107
-96 224 -106
-96 224 -105
-96 224 -104
-96 224 -103
-96 224 -102
-96 224 -101
-96 224 -100
-96 224 -99
-96 224 -98
-96 224 -97
-95 214 -102
-95 214 -100
-95 214 -99
-95 214 -97
-95 215 -101
-95 215 -100
-95 215 -99
-95 215 -97
-95 216 -104
-95 216 -103
-95 216 -102
-95 216 -100
-95 216 -99
-95 216 -98
-95 216 -97
-95 217 -104
-95 217 -103
-95 217 -102
-95 217 -101
-95 217 -100
-95 217 -99
-95 217 -98
-95 217 -97
-95 218 -105
-95 218 -104
-95 218 -103
-95 218 -102
-95 218 -101
-95 218 -100
-95 218 -99
-95 218 -98
-95 218 -97
-95 219 -105
-95 219 -104
-95 219 -103
-95 219 -102
-95 219 -101
-95 219 -100
-95 219 -99
-95 219 -98
-95 219 -97
-95 220 -103
-95 220 -102
-95 220 -101
-95 220 -100
-95 220 -99
-95 220 -98
-95 220 -97
-95 221 -105
-95 221 -103
-95 221 -102
-95 221 -101
-95 221 -100
-95 221 -99
-95 221 -98
-95 221 -97
-95 222 -105
-95 222 -104
-95 222 -103
-95 222 -102
-95 222 -101
-95 222 -100
-95 222 -99
-95 222 -98
-95 222 -97
-95 223 -107
-95 223 -106
-95 223 -105
-95 223 -104
-95 223 -103
-95 223 -101
-95 223 -100
-95 223 -99
-95 223 -98
-95 223 -97
-95 224 -107
-95 224 -106
-95 224 -105
-95 224 -104
-95 224 -102
-95 224 -101
-95 224 -100
-95 224 -99
-95 224 -97
-94 213 -102
-94 213 -101
-94 213 -99
-94 213 -98
-94 214 -102
-94 214 -101
-94 214 -100
-94 214 -99
-94 214 -98
-94 215 -102
-94 215 -101
-94 215 -100
-94 215 -99
-94 215 -98
-94 215 -97
-94 216 -105
-94 216 -104
-94 216 -102
-94 216 -101
-94 216 -100
-94 216 -99
-94 216 -98
-94 216 -97
-94 217 -105
-94 217 -103
-94 217 -101
-94 217 -100
-94 217 -99
-94 217 -98
-94 217 -97
-94 218 -104
-94 218 -103
-94 218 -102
-94 218 -101
-94 218 -100
-94 218 -99
-94 218 -98
-94 218 -97
-94 219 -106
-94 219 -105
-94 219 -104
-94 219 -103
-94 219 -102
-94 219 -101
-94 219 -100
-94 219 -99
-94 219 -98
-94 219 -97
-94 220 -105
-94 220 -104
-94 220 -103
-94 220 -102
-94 220 -101
-94 220 -100
-94 220 -99
-94 220 -98
-94 220 -97
-94 221 -104
-94 221 -103
-94 221 -102
-94 221 -101
-94 221 -100
-94 221 -99
-94 221 -98
-94 221 -97
-94 222 -105
-94 222 -104
-94 222 -103
-94 222 -101
-94 222 -100
-94 222 -99
-94 222 -98
-94 222 -97
-94 223 -105
-94 223 -104
-94 223 -103
-94 223 -102
-94 223 -101
-94 223 -100
-94 223 -99
-94 223 -98
-94 223 -97
-94 224 -107
-94 224 -106
-94 224 -104
-94 224 -103
-94 224 -102
-94 224 -101
-94 224 -100
-94 224 -99
-94 224 -98
-94 224 -97
-93 213 -99
-93 214 -103
-93 214 -102
-93 214 -101
-93 214 -100
-93 214 -99
-93 214 -98
-93 214 -97
-93 215 -104
-93 215 -103
-93 215 -102
-93 215 -100
-93 215 -99
-93 215 -98
-93 215 -97
-93 216 -106
-93 216 -105
-93 216 -104
-93 216 -103
-93 216 -102
-93 216 -101
-93 216 -100
-93 216 -99
-93 217 -105
-93 217 -104
-93 217 -103
-93 217 -102
-93 217 -101
-93 217 -100
-93 217 -99
-93 217 -98
-93 217 -97
-93 218 -104
-93 218 -103
-93 218 -102
-93 218 -101
-93 218 -100
-93 218 -99
-93 218 -98
-93 218 -97
-93 219 -105
-93 219 -104
-93 219 -103
-93 219 -102
-93 219 -101
-93 219 -100
-93 219 -99
-93 219 -98
-93 219 -97
-93 220 -105
-93 220 -104
-93 220 -103
-93 220 -102
-93 220 -101
-93 220 -100
-93 220 -99
-93 220 -98
-93 220 -97
-93 221 -104
-93 221 -103
-93 221 -102
-93 221 -101
-93 221 -100
-93 221 -99
-93 221 -98
-93 221 -97
-93 222 -106
-93 222 -104
-93 222 -103
-93 222 -102
-93 222 -101
-93 222 -100
-93 222 -99
-93 222 -98
-93 222 -97
-93 223 -106
-93 223 -105
-93 223 -104
-93 223 -103
-93 223 -102
-93 223 -101
-93 223 -100
-93 223 -99
-93 223 -98
-93 223 -97
-93 224 -107
-93 224 -106
-93 224 -105
-93 224 -104
-93 224 -103
-93 224 -102
-93 224 -101
-93 224 -100
-93 224 -99
-93 224 -98
-93 224 -97
-92 214 -102
-92 214 -101
-92 214 -100
-92 214 -99
-92 214 -98
-92 215 -104
-92 215 -103
-92 215 -102
-92 215 -100
-92 215 -99
-92 215 -98
-92 215 -97
-92 216 -104
-92 216 -103
-92 216 -102
-92 216 -101
-92 216 -99
-92 216 -98
-92 216 -97
-92 217 -104
-92 217 -103
-92 217 -102
-92 217 -101
-92 217 -100
-92 217 -99
-92 217 -98
-92 217 -97
-92 218 -105
-92 218 -104
-92 218 -103
-92 218 -102
-92 218 -101
-92 218 -100
-92 218 -99
-92 218 -98
-92 218 -97
-92 219 -105
-92 219 -104
-92 219 -103
-92 219 -102
-92 219 -101
-92 219 -100
-92 219 -99
-92 219 -98
-92 219 -97
-92 220 -105
-92 220 -104
-92 220 -103
-92 220 -102
-92 220 -101
-92 220 -100
-92 220 -99
-92 220 -98
-92 220 -97
-92 221 -105
-92 221 -104
-92 221 -103
-92 221 -102
-92 221 -101
-92 221 -99
-92 221 -98
-92 221 -97
-92 222 -104
-92 222 -103
-92 222 -102
-92 222 -101
-92 222 -100
-92 222 -99
-92 222 -98
-92 222 -97
-92 223 -105
-92 223 -104
-92 223 -103
-92 223 -102
-92 223 -101
-92 223 -100
-92 223 -99
-92 223 -98
-92 223 -97
-92 224 -106
-92 224 -105
-92 224 -104
-92 224 -103
-92 224 -102
-92 224 -101
-92 224 -100
-92 224 -99
-92 224 -98
-92 224 -97
-91 214 -98
-91 215 -102
-91 215 -98
-91 216 -104
-91 216 -103
-91 216 -99
-91 216 -98
-91 216 -97
-91 217 -105
-91 217 -104
-91 217 -103
-91 217 -102
-91 217 -101
-91 217 -100
-91 217 -99
-91 217 -98
-91 217 -97
-91 218 -103
-91 218 -102
-91 218 -101
-91 218 -100
-91 218 -99
-91 218 -98
-91 218 -97
-91 219 -103
-91 219 -101
-91 219 -100
-91 219 -99
-91 219 -98
-91 219 -97
-91 220 -105
-91 220 -104
-91 220 -103
-91 220 -102
-91 220 -101
-91 220 -100
-91 220 -99
-91 220 -98
-91 220 -97
-91 221 -104
-91 221 -103
-91 221 -102
-91 221 -101
-91 221 -100
-91 221 -99
-91 221 -98
-91 221 -97
-91 222 -105
-91 222 -104
-91 222 -103
-91 222 -102
-91 222 -101
-91 222 -100
-91 222 -99
-91 222 -98
-91 222 -97
-91 223 -104
-91 223 -103
-91 223 -102
-91 223 -101
-91 223 -100
-91 223 -99
-91 223 -98
-91 223 -97
-91 224 -106
-91 224 -105
-91 224 -104
-91 224 -103
-91 224 -102
-91 224 -101
-91 224 -100
-91 224 -99
-91 224 -98
-91 224 -97
-90 215 -98
-90 216 -102
-90 216 -101
-90 216 -100
-90 216 -99
-90 216 -98
-90 217 -103
-90 217 -102
-90 217 -101
-90 217 -100
-90 217 -99
-90 217 -98
-90 217 -97
-90 218 -103
-90 218 -102
-90 218 -100
-90 218 -99
-90 218 -98
-90 218 -97
-90 219 -103
-90 219 -102
-90 219 -101
-90 219 -100
-90 219 -99
-90 219 -98
-90 219 -97
-90 220 -104
-90 220 -103
-90 220 -102
-90 220 -101
-90 220 -100
-90 220 -99
-90 220 -98
-90 220 -97
-90 221 -104
-90 221 -103
-90 221 -102
-90 221 -101
-90 221 -100
-90 221 -99
-90 221 -98
-90 221 -97
-90 222 -103
-90 222 -102
-90 222 -100
-90 222 -99
-90 222 -98
-90 222 -97
-90 223 -103
-90 223 -102
-90 223 -101
-90 223 -100
-90 223 -99
-90 223 -98
-90 223 -97
-90 224 -106
-90 224 -105
-90 224 -104
-90 224 -103
-90 224 -102
-90 224 -101
-90 224 -100
-90 224 -99
-90 224 -98
-90 224 -97
-89 216 -99
-89 216 -98
-89 217 -103
-89 217 -101
-89 217 -99
-89 217 -97
-89 218 -102
-89 218 -100
-89 218 -97
-89 219 -101
-89 219 -100
-89 219 -99
-89 219 -98
-89 220 -104
-89 220 -102
-89 220 -101
-89 220 -100
-89 220 -99
-89 220 -98
-89 220 -97
-89 221 -103
-89 221 -102
-89 221 -101
-89 221 -100
-89 221 -99
-89 221 -98
-89 222 -103
-89 222 -101
-89 222 -100
-89 222 -99
-89 222 -98
-89 222 -97
-89 223 -105
-89 223 -103
-89 223 -102
-89 223 -101
-89 223 -100
-89 223 -99
-89 223 -98
-89 223 -97
-89 224 -106
-89 224 -105
-89 224 -104
-89 224 -103
-89 224 -102
-89 224 -101
-89 224 -100
-89 224 -99
-89 224 -98
-89 224 -97
-88 217 -99
-88 218 -99
-88 218 -97
-88 219 -102
-88 219 -100
-88 219 -98
-88 219 -97
-88 220 -102
-88 220 -99
-88 220 -98
-88 220 -97
-88 221 -101
-88 221 -100
-88 221 -99
-88 221 -98
-88 221 -97
-88 222 -101
-88 222 -99
-88 222 -98
-88 222 -97
-88 223 -104
-88 223 -103
-88 223 -102
-88 223 -101
-88 223 -100
-88 223 -99
-88 223 -98
-88 223 -97
-88 224 -105
-88 224 -104
-88 224 -103
-88 224 -102
-88 224 -101
-88 224 -100
-88 224 -99
-88 224 -98
-88 224 -97
-87 217 -99
-87 219 -100
-87 219 -99
-87 219 -98
-87 220 -102
-87 220 -100
-87 220 -98
-87 221 -99
-87 221 -98
-87 221 -97
-87 222 -105
-87 222 -104
-87 222 -103
-87 222 -100
-87 222 -99
-87 222 -98
-87 222 -97
-87 223 -107
-87 223 -106
-87 223 -105
-87 223 -104
-87 223 -103
-87 223 -101
-87 223 -100
-87 223 -99
-87 223 -98
-87 223 -97
-87 224 -107
-87 224 -106
-87 224 -105
-87 224 -103
-87 224 -102
-87 224 -101
-87 224 -100
-87 224 -99
-87 224 -98
-87 224 -97
-86 221 -104
-86 221 -103
-86 221 -102
-86 221 -99
-86 221 -97
-86 222 -104
-86 222 -103
-86 222 -102
-86 222 -101
-86 222 -100
-86 222 -99
-86 222 -98
-86 222 -97
-86 223 -107
-86 223 -106
-86 223 -104
-86 223 -103
-86 223 -102
-86 223 -101
-86 223 -100
-86 223 -99
-86 223 -98
-86 223 -97
-86 224 -108
-86 224 -107
-86 224 -106
-86 224 -105
-86 224 -104
-86 224 -103
-86 224 -102
-86 224 -101
-86 224 -100
-86 224 -99
-86 224 -98
-86 224 -97
-85 220 -101
-85 221 -101
-85 221 -98
-85 222 -103
-85 222 -101
-85 222 -100
-85 222 -99
-85 222 -98
-85 222 -97
-85 223 -105
-85 223 -104
-85 223 -103
-85 223 -102
-85 223 -101
-85 223 -100
-85 223 -99
-85 223 -98
-85 223 -97
-85 224 -108
-85 224 -107
-85 224 -106
-85 224 -105
-85 224 -104
-85 224 -103
-85 224 -102
-85 224 -101
-85 224 -100
-85 224 -98
-85 224 -97
-84 222 -104
-84 222 -103
-84 222 -100
-84 222 -99
-84 223 -105
-84 223 -103
-84 223 -102
-84 223 -101
-84 223 -100
-84 223 -99
-84 223 -98
-84 223 -97
-84 224 -106
-84 224 -105
-84 224 -104
-84 224 -103
-84 224 -102
-84 224 -101
-84 224 -100
-84 224 -99
-84 224 -98
-84 224 -97
-83 221 -100
-83 221 -98
-83 222 -102
-83 222 -101
-83 222 -100
-83 222 -99
-83 223 -104
-83 223 -103
-83 223 -102
-83 223 -101
-83 223 -100
-83 223 -99
-83 223 -98
-83 223 -97
-83 224 -106
-83 224 -103
-83 224 -101
-83 224 -100
-83 224 -99
-83 224 -98
-83 224 -97
-82 220 -97
-82 221 -100
-82 221 -99
-82 221 -98
-82 221 -97
-82 222 -102
-82 222 -100
-82 222 -99
-82 222 -98
-82 222 -97
-82 223 -102
-82 223 -101
-82 223 -100
-82 223 -99
-82 223 -98
-82 223 -97
-82 224 -102
-82 224 -101
-82 224 -100
-82 224 -99
-82 224 -98
-82 224 -97
-81 218 -97
-81 220 -100
-81 220 -99
-81 220 -98
-81 220 -97
-81 221 -101
-81 221 -100
-81 221 -99
-81 221 -98
-81 221 -97
-81 222 -102
-81 222 -100
-81 222 -99
-81 222 -98
-81 222 -97
-81 223 -103
-81 223 -102
-81 223 -101
-81 223 -100
-81 223 -99
-81 223 -98
-81 223 -97
-81 224 -102
-81 224 -101
-81 224 -100
-81 224 -99
-81 224 -98
-81 224 -97
-96 225 -109
-96 225 -108
-96 225 -107
-96 225 -106
-96 225 -103
-96 225 -102
-96 225 -101
-96 225 -100
-96 225 -99
-96 225 -98
-96 225 -97
-96 226 -109
-96 226 -108
-96 226 -107
-96 226 -106
-96 226 -105
-96 226 -104
-96 226 -103
-96 226 -102
-96 226 -101
-96 226 -100
-96 226 -99
-96 226 -98
-96 226 -97
-96 227 -111
-96 227 -110
-96 227 -109
-96 227 -108
-96 227 -107
-96 227 -106
-96 227 -105
-96 227 -104
-96 227 -103
-96 227 -102
-96 227 -101
-96 227 -100
-96 227 -99
-96 227 -98
-96 227 -97
-96 228 -112
-96 228 -111
-96 228 -110
-96 228 -109
-96 228 -108
-96 228 -107
-96 228 -105
-96 228 -104
-96 228 -103
-96 228 -102
-96 228 -101
-96 228 -100
-96 228 -99
-96 228 -98
-96 228 -97
-96 229 -111
-96 229 -108
-96 229 -107
-96 229 -106
-96 229 -105
-96 229 -104
-96 229 -103
-96 229 -102
-96 229 -101
-96 229 -100
-96 229 -99
-96 229 -98
-96 229 -97
-96 230 -112
-96 230 -109
-96 230 -108
-96 230 -107
-96 230 -106
-96 230 -105
-96 230 -104
-96 230 -103
-96 230 -102
-96 230 -101
-96 230 -100
-96 230 -99
-96 230 -98
-96 230 -97
-96 231 -112
-96 231 -109
-96 231 -108
-96 231 -107
-96 231 -106
-96 231 -105
-96 231 -104
-96 231 -103
-96 231 -102
-96 231 -101
-96 231 -100
-96 231 -99
-96 231 -98
-96 231 -97
-96 232 -112
-96 232 -111
-96 232 -110
-96 232 -109
-96 232 -108
-96 232 -107
-96 232 -106
-96 232 -105
-96 232 -104
-96 232 -103
-96 232 -102
-96 232 -101
-96 232 -100
-96 232 -99
-96 232 -98
-96 232 -97
-96 233 -112
-96 233 -111
-96 233 -110
-96 233 -109
-96 233 -108
-96 233 -107
-96 233 -106
-96 233 -105
-96 233 -104
-96 233 -103
-96 233 -102
-96 233 -101
-96 233 -100
-96 233 -99
-96 233 -98
-96 233 -97
-96 234 -112
-96 234 -111
-96 234 -110
-96 234 -109
-96 234 -108
-96 234 -107
-96 234 -106
-96 234 -105
-96 234 -104
-96 234 -103
-96 234 -102
-96 234 -101
-96 234 -100
-96 234 -99
-96 234 -98
-96 234 -97
-96 235 -112
-96 235 -111
-96 235 -110
-96 235 -109
-96 235 -108
-96 235 -107
-96 235 -106
-96 235 -105
-96 235 -104
-96 235 -103
-96 235 -102
-96 235 -101
-96 235 -100
-96 235 -99
-96 235 -98
-96 235 -97
-96 236 -112
-96 236 -111
-96 236 -110
-96 236 -109
-96 236 -108
-96 236 -107
-96 236 -106
-96 236 -105
-96 236 -104
-96 236 -103
-96 236 -102
-96 236 -101
-96 236 -100
-96 236 -99
-96 236 -98
-96 236 -97
-96 237 -112
-96 237 -111
-96 237 -110
-96 237 -109
-96 237 -108
-96 237 -107
-96 237 -106
-96 237 -105
-96 237 -104
-96 237 -103
-96 237 -102
-96 237 -101
-96 237 -100
-96 237 -99
-96 237 -98
-96 237 -97
-96 238 -112
-96 238 -111
-96 238 -110
-96 238 -109
-96 238 -108
-96 238 -107
-96 238 -106
-96 238 -105
-96 238 -104
-96 238 -103
-96 238 -102
-96 238 -101
-96 238 -100
-96 238 -99
-96 238 -98
-96 238 -97
-96 239 -112
-96 239 -111
-96 239 -110
-96 239 -109
-96 239 -108
-96 239 -107
-96 239 -106
-96 239 -105
-96 239 -104
-96 239 -103
-96 239 -102
-96 239 -101
-96 239 -100
-96 239 -99
-96 239 -98
-96 239 -97
-96 240 -112
-96 240 -111
-96 240 -110
-96 240 -109
-96 240 -108
-96 240 -107
-96 240 -106
-96 240 -105
-96 240 -104
-96 240 -103
-96 240 -100
-96 240 -99
-96 240 -98
-96 240 -97
-96 241 -111
-96 241 -110
-96 241 -109
-96 241 -108
-96 241 -107
-96 241 -106
-96 241 -105
-96 241 -104
-96 241 -100
-96 241 -98
-96 242 -112
-96 242 -111
-96 242 -110
-96 242 -109
-96 242 -108
-96 242 -107
-96 242 -106
-96 242 -105
-96 242 -104
-96 243 -112
-96 243 -111
-96 243 -110
-96 243 -109
-96 243 -108
-96 243 -107
-96 243 -106
-96 243 -105
-96 243 -103
-96 244 -112
-96 244 -111
-96 244 -110
-96 244 -109
-96 244 -108
-96 244 -107
-96 244 -106
-96 244 -105
-96 244 -104
-96 244 -103
-96 244 -102
-96 245 -112
-96 245 -111
-96 245 -110
-96 245 -109
-96 245 -108
-96 245 -107
-96 245 -106
-96 245 -105
-96 245 -104
-96 245 -103
-96 245 -102
-96 246 -112
-96 246 -110
-96 246 -109
-96 246 -108
-96 246 -107
-96 246 -106
-96 246 -105
-96 246 -104
-96 247 -112
-96 247 -110
-96 247 -107
-96 247 -105
-96 247 -104
-96 248 -110
-96 248 -108
-96 249 -110
-96 249 -109
-95 225 -108
-95 225 -106
-95 225 -105
-95 225 -104
-95 225 -103
-95 225 -102
-95 225 -101
-95 225 -100
-95 225 -99
-95 225 -98
-95 225 -97
-95 226 -111
-95 226 -110
-95 226 -109
-95 226 -108
-95 226 -107
-95 226 -106
-95 226 -105
-95 226 -104
-95 226 -103
-95 226 -101
-95 226 -100
-95 226 -99
-95 226 -98
-95 226 -97
-95 227 -110
-95 227 -109
-95 227 -108
-95 227 -107
-95 227 -106
-95 227 -105
-95 227 -104
-95 227 -103
-95 227 -102
-95 227 -101
-95 227 -100
-95 227 -99
-95 227 -98
-95 227 -97
-95 228 -109
-95 228 -107
-95 228 -106
-95 228 -105
-95 228 -104
-95 228 -103
-95 228 -102
-95 228 -101
-95 228 -100
-95 228 -99
-95 228 -98
-95 228 -97
-95 229 -109
-95 229 -108
-95 229 -107
-95 229 -106
-95 229 -105
-95 229 -104
-95 229 -103
-95 229 -102
-95 229 -101
-95 229 -100
-95 229 -99
-95 229 -98
-95 229 -97
-95 230 -112
-95 230 -109
-95 230 -108
-95 230 -107
-95 230 -106
-95 230 -105
-95 230 -104
-95 230 -103
-95 230 -102
-95 230 -101
-95 230 -100
-95 230 -99
-95 230 -98
-95 230 -97
-95 231 -112
-95 231 -108
-95 231 -107
-95 231 -106
-95 231 -105
-95 231 -104
-95 231 -103
-95 231 -102
-95 231 -101
-95 231 -100
-95 231 -99
-95 231 -98
-95 231 -97
-95 232 -111
-95 232 -110
-95 232 -109
-95 232 -108
-95 232 -107
-95 232 -106
-95 232 -105
-95 232 -104
-95 232 -103
-95 232 -102
-95 232 -101
-95 232 -100
-95 232 -99
-95 232 -98
-95 232 -97
-95 233 -112
-95 233 -111
-95 233 -110
-95 233 -109
-95 233 -108
-95 233 -107
-95 233 -106
-95 233 -105
-95 233 -104
-95 233 -103
-95 233 -102
-95 233 -101
-95 233 -100
-95 233 -99
-95 233 -98
-95 233 -97
-95 234 -112
-95 234 -111
-95 234 -110
-95 234 -109
-95 234 -108
-95 234 -107
-95 234 -106
-95 234 -105
-95 234 -104
-95 234 -103
-95 234 -102
-95 234 -101
-95 234 -100
-95 234 -99
-95 234 -98
-95 234 -97
-95 235 -112
-95 235 -111
-95 235 -110
-95 235 -109
-95 235 -108
-95 235 -107
-95 235 -106
-95 235 -105
-95 235 -104
-95 235 -103
-95 235 -102
-95 235 -101
-95 235 -100
-95 235 -99
-95 235 -98
-95 235 -97
-95 236 -112
-95 236 -111
-95 236 -110
-95 236 -109
-95 236 -108
-95 236 -107
-95 236 -106
-95 236 -105
-95 236 -103
-95 236 -102
-95 236 -101
-95 236 -100
-95 236 -99
-95 236 -98
-95 236 -97
-95 237 -112
-95 237 -111
-95 237 -110
-95 237 -109
-95 237 -108
-95 237 -107
-95 237 -106
-95 237 -105
-95 237 -104
-95 237 -103
-95 237 -102
-95 237 -101
-95 237 -100
-95 237 -99
-95 237 -98
-95 237 -97
-95 238 -112
-95 238 -111
-95 238 -110
-95 238 -109
-95 238 -108
-95 238 -107
-95 238 -106
-95 238 -105
-95 238 -104
-95 238 -103
-95 238 -102
-95 238 -101
-95 238 -100
-95 238 -99
-95 238 -98
-95 238 -97
-95 239 -112
-95 239 -111
-95 239 -110
-95 239 -109
-95 239 -108
-95 239 -107
-95 239 -106
-95 239 -105
-95 239 -104
-95 239 -103
-95 239 -102
-95 239 -100
-95 239 -99
-95 239 -98
-95 239 -97
-95 240 -112
-95 240 -111
-95 240 -110
-95 240 -109
-95 240 -108
-95 240 -107
-95 240 -106
-95 240 -105
-95 240 -104
-95 240 -99
-95 240 -98
-95 241 -112
-95 241 -111
-95 241 -110
-95 241 -109
-95 241 -108
-95 241 -107
-95 241 -106
-95 241 -104
-95 241 -103
-95 242 -112
-95 242 -111
-95 242 -110
-95 242 -109
-95 242 -108
-95 242 -107
-95 242 -106
-95 242 -105
-95 242 -104
-95 243 -112
-95 243 -110
-95 243 -109
-95 243 -108
-95 243 -107
-95 243 -106
-95 243 -105
-95 243 -104
-95 244 -112
-95 244 -111
-95 244 -110
-95 244 -109
-95 244 -108
-95 244 -107
-95 244 -106
-95 244 -105
-95 244 -104
-95 244 -103
-95 245 -112
-95 245 -111
-95 245 -110
-95 245 -109
-95 245 -108
-95 245 -107
-95 245 -106
-95 245 -105
-95 246 -111
-95 246 -110
-95 246 -109
-95 246 -108
-95 246 -105
-95 247 -110
-95 247 -109
-95 248 -110
-95 248 -109
-94 225 -105
-94 225 -104
-94 225 -103
-94 225 -102
-94 225 -101
-94 225 -100
-94 225 -99
-94 225 -98
-94 225 -97
-94 226 -110
-94 226 -108
-94 226 -107
-94 226 -106
-94 226 -105
-94 226 -104
-94 226 -103
-94 226 -102
-94 226 -101
-94 226 -100
-94 226 -99
-94 226 -98
-94 226 -97
-94 227 -110
-94 227 -109
-94 227 -108
-94 227 -107
-94 227 -106
-94 227 -105
-94 227 -104
-94 227 -103
-94 227 -102
-94 227 -101
-94 227 -100
-94 227 -99
-94 227 -98
-94 227 -97
-94 228 -110
-94 228 -109
-94 228 -108
-94 228 -107
-94 228 -106
-94 228 -105
-94 228 -103
-94 228 -102
-94 228 -101
-94 228 -100
-94 228 -99
-94 228 -98
-94 228 -97
-94 229 -108
-94 229 -107
-94 229 -106
-94 229 -105
-94 229 -104
-94 229 -103
-94 229 -102
-94 229 -101
-94 229 -100
-94 229 -99
-94 229 -98
-94 229 -97
-94 230 -107
-94 230 -106
-94 230 -105
-94 230 -104
-94 230 -103
-94 230 -102
-94 230 -101
-94 230 -100
-94 230 -99
-94 230 -98
-94 230 -97
-94 231 -108
-94 231 -105
-94 231 -104
-94 231 -103
-94 231 -102
-94 231 -100
-94 231 -99
-94 231 -98
-94 231 -97
-94 232 -110
-94 232 -109
-94 232 -108
-94 232 -107
-94 232 -106
-94 232 -105
-94 232 -104
-94 232 -103
-94 232 -102
-94 232 -101
-94 232 -100
-94 232 -99
-94 232 -98
-94 232 -97
-94 233 -110
-94 233 -109
-94 233 -108
-94 233 -107
-94 233 -106
-94 233 -105
-94 233 -104
-94 233 -103
-94 233 -102
-94 233 -101
-94 233 -100
-94 233 -99
-94 233 -98
-94 233 -97
-94 234 -112
-94 234 -111
-94 234 -110
-94 234 -109
-94 234 -108
-94 234 -107
-94 234 -106
-94 234 -105
-94 234 -104
-94 234 -103
-94 234 -102
-94 234 -101
-94 234 -100
-94 234 -99
-94 234 -98
-94 234 -97
-94 235 -112
-94 235 -111
-94 235 -110
-94 235 -109
-94 235 -108
-94 235 -107
-94 235 -106
-94 235 -105
-94 235 -104
-94 235 -103
-94 235 -102
-94 235 -101
-94 235 -100
-94 235 -99
-94 235 -98
-94 235 -97
-94 236 -112
-94 236 -111
-94 236 -110
-94 236 -109
-94 236 -108
-94 236 -107
-94 236 -106
-94 236 -105
-94 236 -104
-94 236 -103
-94 236 -102
-94 236 -101
-94 236 -100
-94 236 -99
-94 236 -98
-94 236 -97
-94 237 -112
-94 237 -111
-94 237 -110
-94 237 -109
-94 237 -108
-94 237 -107
-94 237 -106
-94 237 -105
-94 237 -104
-94 237 -103
-94 237 -102
-94 237 -101
-94 237 -100
-94 237 -99
-94 237 -98
-94 237 -97
-94 238 -112
-94 238 -111
-94 238 -110
-94 238 -109
-94 238 -108
-94 238 -107
-94 238 -106
-94 238 -104
-94 238 -103
-94 238 -102
-94 238 -101
-94 238 -100
-94 238 -99
-94 238 -98
-94 238 -97
-94 239 -112
-94 239 -111
-94 239 -110
-94 239 -109
-94 239 -108
-94 239 -107
-94 239 -106
-94 239 -105
-94 239 -104
-94 239 -103
-94 239 -102
-94 239 -100
-94 239 -99
-94 239 -98
-94 239 -97
-94 240 -112
-94 240 -111
-94 240 -110
-94 240 -109
-94 240 -108
-94 240 -107
-94 240 -106
-94 240 -105
-94 240 -104
-94 240 -100
-94 241 -112
-94 241 -111
-94 241 -110
-94 241 -109
-94 241 -108
-94 241 -107
-94 241 -106
-94 241 -105
-94 241 -104
-94 241 -103
-94 242 -112
-94 242 -111
-94 242 -110
-94 242 -109
-94 242 -108
-94 242 -107
-94 242 -106
-94 242 -105
-94 242 -104
-94 243 -112
-94 243 -111
-94 243 -110
-94 243 -109
-94 243 -108
-94 243 -107
-94 243 -106
-94 243 -105
-94 243 -104
-94 243 -103
-94 244 -111
-94 244 -110
-94 244 -109
-94 244 -108
-94 244 -107
-94 244 -106
-94 244 -105
-94 244 -104
-94 245 -112
-94 245 -110
-94 245 -109
-94 245 -108
-94 245 -107
-94 245 -106
-94 246 -110
-94 246 -109
-94 246 -108
-94 246 -107
-94 246 -106
-94 247 -109
-94 247 -108
-93 225 -107
-93 225 -106
-93 225 -105
-93 225 -103
-93 225 -102
-93 225 -101
-93 225 -100
-93 225 -99
-93 225 -98
-93 225 -97
-93 226 -108
-93 226 -107
-93 226 -106
-93 226 -105
-93 226 -104
-93 226 -103
-93 226 -102
-93 226 -101
-93 226 -100
-93 226 -99
-93 226 -98
-93 226 -97
-93 227 -108
-93 227 -107
-93 227 -106
-93 227 -105
-93 227 -104
-93 227 -103
-93 227 -102
-93 227 -101
-93 227 -100
-93 227 -99
-93 227 -98
-93 227 -97
-93 228 -108
-93 228 -107
-93 228 -106
-93 228 -105
-93 228 -104
-93 228 -103
-93 228 -102
-93 228 -101
-93 228 -100
-93 228 -99
-93 228 -98
-93 228 -97
-93 229 -107
-93 229 -106
-93 229 -105
-93 229 -103
-93 229 -102
-93 229 -101
-93 229 -100
-93 229 -99
-93 229 -98
-93 229 -97
-93 230 -107
-93 230 -106
-93 230 -105
-93 230 -104
-93 230 -103
-93 230 -102
-93 230 -101
-93 230 -100
-93 230 -99
-93 230 -98
-93 230 -97
-93 231 -108
-93 231 -107
-93 231 -104
-93 231 -102
-93 231 -101
-93 231 -100
-93 231 -99
-93 231 -98
-93 231 -97
-93 232 -107
-93 232 -105
-93 232 -104
-93 232 -103
-93 232 -102
-93 232 -101
-93 232 -100
-93 232 -99
-93 232 -98
-93 232 -97
-93 233 -109
-93 233 -108
-93 233 -107
-93 233 -106
-93 233 -105
-93 233 -104
-93 233 -103
-93 233 -102
-93 233 -101
-93 233 -100
-93 233 -99
-93 233 -98
-93 233 -97
-93 234 -112
-93 234 -110
-93 234 -109
-93 234 -108
-93 234 -107
-93 234 -106
-93 234 -105
-93 234 -104
-93 234 -103
-93 234 -101
-93 234 -100
-93 234 -99
-93 234 -98
-93 234 -97
-93 235 -112
-93 235 -110
-93 235 -109
-93 235 -108
-93 235 -107
-93 235 -106
-93 235 -105
-93 235 -104
-93 235 -102
-93 235 -101
-93 235 -99
-93 235 -98
-93 235 -97
-93 236 -112
-93 236 -111
-93 236 -110
-93 236 -109
-93 236 -108
-93 236 -107
-93 236 -106
-93 236 -105
-93 236 -104
-93 236 -103
-93 236 -102
-93 236 -101
-93 236 -100
-93 236 -99
-93 236 -98
-93 236 -97
-93 237 -112
-93 237 -111
-93 237 -110
-93 237 -109
-93 237 -108
-93 237 -107
-93 237 -106
-93 237 -105
-93 237 -104
-93 237 -103
-93 237 -102
-93 237 -101
-93 237 -99
-93 237 -98
-93 237 -97
-93 238 -112
-93 238 -111
-93 238 -110
-93 238 -109
-93 238 -108
-93 238 -107
-93 238 -106
-93 238 -105
-93 238 -104
-93 238 -103
-93 238 -102
-93 238 -101
-93 238 -99
-93 238 -98
-93 238 -97
-93 239 -112
-93 239 -111
-93 239 -110
-93 239 -109
-93 239 -108
-93 239 -107
-93 239 -106
-93 239 -105
-93 239 -104
-93 239 -103
-93 239 -102
-93 239 -100
-93 239 -99
-93 239 -97
-93 240 -112
-93 240 -111
-93 240 -110
-93 240 -109
-93 240 -108
-93 240 -107
-93 240 -106
-93 240 -105
-93 240 -104
-93 240 -103
-93 241 -112
-93 241 -111
-93 241 -110
-93 241 -109
-93 241 -108
-93 241 -107
-93 241 -106
-93 241 -105
-93 242 -112
-93 242 -111
-93 242 -110
-93 242 -109
-93 242 -108
-93 242 -107
-93 242 -106
-93 242 -105
-93 242 -104
-93 243 -112
-93 243 -111
-93 243 -110
-93 243 -109
-93 243 -108
-93 243 -107
-93 243 -106
-93 243 -105
-93 243 -104
-93 244 -110
-93 244 -109
-93 244 -108
-93 244 -107
-93 244 -106
-93 244 -105
-93 244 -104
-93 245 -110
-93 245 -109
-93 245 -108
-93 245 -107
-93 246 -110
-93 246 -107
-92 225 -107
-92 225 -106
-92 225 -105
-92 225 -104
-92 225 -102
-92 225 -101
-92 225 -100
-92 225 -99
-92 225 -98
-92 225 -97
-92 226 -107
-92 226 -105
-92 226 -104
-92 226 -103
-92 226 -102
-92 226 -101
-92 226 -100
-92 226 -99
-92 226 -98
-92 226 -97
-92 227 -108
-92 227 -107
-92 227 -106
-92 227 -105
-92 227 -104
-92 227 -103
-92 227 -102
-92 227 -101
-92 227 -100
-92 227 -99
-92 227 -98
-92 227 -97
-92 228 -109
-92 228 -108
-92 228 -107
-92 228 -106
-92 228 -104
-92 228 -103
-92 228 -102
-92 228 -101
-92 228 -100
-92 228 -99
-92 228 -98
-92 228 -97
-92 229 -108
-92 229 -103
-92 229 -102
-92 229 -101
-92 229 -100
-92 229 -99
-92 229 -98
-92 229 -97
-92 230 -103
-92 230 -102
-92 230 -101
-92 230 -100
-92 230 -99
-92 230 -98
-92 230 -97
-92 231 -108
-92 231 -107
-92 231 -106
-92 231 -101
-92 231 -100
-92 231 -99
-92 231 -98
-92 231 -97
-92 232 -107
-92 232 -106
-92 232 -105
-92 232 -104
-92 232 -103
-92 232 -102
-92 232 -101
-92 232 -100
-92 232 -99
-92 232 -98
-92 232 -97
-92 233 -108
-92 233 -107
-92 233 -106
-92 233 -105
-92 233 -104
-92 233 -103
-92 233 -102
-92 233 -101
-92 233 -100
-92 233 -99
-92 233 -98
-92 233 -97
-92 234 -112
-92 234 -110
-92 234 -109
-92 234 -108
-92 234 -107
-92 234 -106
-92 234 -105
-92 234 -104
-92 234 -103
-92 234 -101
-92 234 -100
-92 234 -99
-92 234 -98
-92 235 -112
-92 235 -111
-92 235 -109
-92 235 -108
-92 235 -107
-92 235 -106
-92 235 -105
-92 235 -104
-92 235 -103
-92 235 -101
-92 235 -100
-92 235 -99
-92 235 -98
-92 235 -97
-92 236 -110
-92 236 -109
-92 236 -108
-92 236 -107
-92 236 -106
-92 236 -105
-92 236 -104
-92 236 -103
-92 236 -101
-92 236 -100
-92 236 -99
-92 236 -98
-92 236 -97
-92 237 -112
-92 237 -111
-92 237 -110
-92 237 -109
-92 237 -108
-92 237 -107
-92 237 -106
-92 237 -105
-92 237 -103
-92 237 -101
-92 237 -100
-92 237 -99
-92 237 -98
-92 238 -111
-92 238 -110
-92 238 -109
-92 238 -108
-92 238 -107
-92 238 -106
-92 238 -105
-92 238 -104
-92 238 -100
-92 238 -99
-92 238 -97
-92 239 -112
-92 239 -111
-92 239 -110
-92 239 -109
-92 239 -108
-92 239 -107
-92 239 -106
-92 239 -105
-92 239 -104
-92 239 -103
-92 239 -99
-92 239 -97
-92 240 -112
-92 240 -111
-92 240 -110
-92 240 -108
-92 240 -107
-92 240 -106
-92 240 -105
-92 240 -97
-92 241 -112
-92 241 -111
-92 241 -110
-92 241 -109
-92 241 -108
-92 241 -107
-92 241 -106
-92 242 -112
-92 242 -111
-92 242 -110
-92 242 -109
-92 242 -108
-92 242 -107
-92 243 -112
-92 243 -111
-92 243 -110
-92 243 -109
-92 243 -107
-92 243 -106
-92 243 -105
-92 244 -110
-92 244 -109
-92 244 -108
-92 244 -107
-92 244 -106
-92 244 -105
-92 245 -110
-92 245 -108
-92 245 -107
-92 245 -106
-91 225 -105
-91 225 -104
-91 225 -103
-91 225 -102
-91 225 -101
-91 225 -100
-91 225 -99
-91 225 -98
-91 225 -97
-91 226 -107
-91 226 -106
-91 226 -105
-91 226 -104
-91 226 -103
-91 226 -102
-91 226 -101
-91 226 -100
-91 226 -99
-91 226 -98
-91 226 -97
-91 227 -107
-91 227 -106
-91 227 -105
-91 227 -104
-91 227 -103
-91 227 -102
-91 227 -101
-91 227 -100
-91 227 -99
-91 227 -98
-91 227 -97
-91 228 -107
-91 228 -105
-91 228 -104
-91 228 -103
-91 228 -102
-91 228 -101
-91 228 -100
-91 228 -99
-91 228 -98
-91 228 -97
-91 229 -107
-91 229 -103
-91 229 -102
-91 229 -101
-91 229 -100
-91 229 -99
-91 229 -98
-91 229 -97
-91 230 -101
-91 230 -100
-91 230 -99
-91 230 -98
-91 230 -97
-91 231 -101
-91 231 -100
-91 231 -99
-91 231 -98
-91 231 -97
-91 232 -109
-91 232 -107
-91 232 -105
-91 232 -102
-91 232 -100
-91 232 -99
-91 232 -98
-91 232 -97
-91 233 -112
-91 233 -110
-91 233 -109
-91 233 -108
-91 233 -107
-91 233 -106
-91 233 -105
-91 233 -104
-91 233 -103
-91 233 -101
-91 233 -100
-91 233 -99
-91 233 -98
-91 233 -97
-91 234 -112
-91 234 -110
-91 234 -109
-91 234 -108
-91 234 -107
-91 234 -106
-91 234 -105
-91 234 -104
-91 234 -101
-91 234 -100
-91 234 -99
-91 234 -98
-91 234 -97
-91 235 -112
-91 235 -111
-91 235 -110
-91 235 -109
-91 235 -108
-91 235 -107
-91 235 -106
-91 235 -105
-91 235 -104
-91 235 -102
-91 235 -101
-91 235 -99
-91 235 -98
-91 235 -97
-91 236 -112
-91 236 -111
-91 236 -110
-91 236 -109
-91 236 -108
-91 236 -107
-91 236 -106
-91 236 -105
-91 236 -104
-91 236 -103
-91 236 -99
-91 236 -98
-91 236 -97
-91 237 -112
-91 237 -111
-91 237 -110
-91 237 -109
-91 237 -108
-91 237 -107
-91 237 -106
-91 237 -105
-91 237 -104
-91 237 -103
-91 237 -100
-91 237 -99
-91 237 -98
-91 237 -97
-91 238 -112
-91 238 -111
-91 238 -110
-91 238 -109
-91 238 -108
-91 238 -107
-91 238 -106
-91 238 -105
-91 238 -104
-91 238 -103
-91 238 -97
-91 239 -112
-91 239 -111
-91 239 -110
-91 239 -109
-91 239 -108
-91 239 -107
-91 239 -106
-91 239 -105
-91 239 -104
-91 240 -111
-91 240 -109
-91 240 -108
-91 240 -107
-91 240 -106
-91 240 -105
-91 240 -104
-91 240 -98
-91 240 -97
-91 241 -112
-91 241 -111
-91 241 -110
-91 241 -109
-91 241 -108
-91 241 -107
-91 241 -106
-91 241 -105
-91 241 -104
-91 242 -111
-91 242 -110
-91 242 -109
-91 242 -108
-91 242 -107
-91 242 -106
-91 243 -110
-91 243 -109
-91 243 -107
-91 243 -106
-91 243 -105
-91 244 -109
-91 244 -108
-91 244 -106
-91 245 -107
-90 225 -106
-90 225 -105
-90 225 -104
-90 225 -103
-90 225 -102
-90 225 -101
-90 225 -100
-90 225 -99
-90 225 -98
-90 225 -97
-90 226 -107
-90 226 -106
-90 226 -105
-90 226 -103
-90 226 -102
-90 226 -101
-90 226 -100
-90 226 -99
-90 226 -98
-90 226 -97
-90 227 -107
-90 227 -106
-90 227 -105
-90 227 -104
-90 227 -103
-90 227 -102
-90 227 -101
-90 227 -100
-90 227 -99
-90 227 -98
-90 227 -97
-90 228 -107
-90 228 -105
-90 228 -104
-90 228 -103
-90 228 -102
-90 228 -101
-90 228 -100
-90 228 -99
-90 228 -98
-90 228 -97
-90 229 -106
-90 229 -105
-90 229 -104
-90 229 -103
-90 229 -102
-90 229 -101
-90 229 -100
-90 229 -99
-90 229 -98
-90 229 -97
-90 230 -103
-90 230 -101
-90 230 -100
-90 230 -99
-90 230 -98
-90 230 -97
-90 231 -101
-90 231 -100
-90 231 -99
-90 231 -98
-90 231 -97
-90 232 -110
-90 232 -108
-90 232 -107
-90 232 -104
-90 232 -102
-90 232 -101
-90 232 -100
-90 232 -99
-90 232 -98
-90 232 -97
-90 233 -112
-90 233 -111
-90 233 -110
-90 233 -109
-90 233 -108
-90 233 -107
-90 233 -106
-90 233 -105
-90 233 -103
-90 233 -102
-90 233 -101
-90 233 -100
-90 233 -99
-90 233 -98
-90 233 -97
-90 234 -112
-90 234 -111
-90 234 -110
-90 234 -109
-90 234 -108
-90 234 -107
-90 234 -106
-90 234 -105
-90 234 -102
-90 234 -99
-90 234 -98
-90 235 -112
-90 235 -111
-90 235 -109
-90 235 -108
-90 235 -107
-90 235 -106
-90 235 -105
-90 235 -99
-90 235 -98
-90 235 -97
-90 236 -112
-90 236 -111
-90 236 -110
-90 236 -109
-90 236 -108
-90 236 -107
-90 236 -106
-90 236 -105
-90 236 -98
-90 236 -97
-90 237 -112
-90 237 -111
-90 237 -110
-90 237 -109
-90 237 -108
-90 237 -107
-90 237 -106
-90 237 -105
-90 237 -104
-90 237 -97
-90 238 -112
-90 238 -111
-90 238 -110
-90 238 -109
-90 238 -108
-90 238 -107
-90 238 -106
-90 238 -105
-90 238 -104
-90 238 -103
-90 238 -97
-90 239 -112
-90 239 -111
-90 239 -109
-90 239 -108
-90 239 -107
-90 239 -106
-90 239 -105
-90 240 -112
-90 240 -111
-90 240 -110
-90 240 -109
-90 240 -108
-90 240 -106
-90 240 -105
-90 240 -104
-90 240 -98
-90 240 -97
-90 241 -112
-90 241 -111
-90 241 -110
-90 241 -109
-90 241 -108
-90 241 -107
-90 242 -112
-90 242 -111
-90 242 -110
-90 242 -109
-90 242 -108
-90 242 -106
-90 243 -111
-90 243 -110
-90 243 -108
-90 243 -107
-90 244 -112
-90 244 -108
-89 225 -107
-89 225 -106
-89 225 -105
-89 225 -104
-89 225 -103
-89 225 -102
-89 225 -101
-89 225 -100
-89 225 -99
-89 225 -98
-89 225 -97
-89 226 -108
-89 226 -107
-89 226 -106
-89 226 -105
-89 226 -104
-89 226 -103
-89 226 -102
-89 226 -101
-89 226 -100
-89 226 -99
-89 226 -98
-89 226 -97
-89 227 -107
-89 227 -106
-89 227 -105
-89 227 -104
-89 227 -103
-89 227 -102
-89 227 -101
-89 227 -100
-89 227 -99
-89 227 -98
-89 227 -97
-89 228 -109
-89 228 -108
-89 228 -106
-89 228 -105
-89 228 -104
-89 228 -103
-89 228 -102
-89 228 -101
-89 228 -100
-89 228 -99
-89 228 -98
-89 228 -97
-89 229 -107
-89 229 -106
-89 229 -105
-89 229 -104
-89 229 -103
-89 229 -102
-89 229 -101
-89 229 -99
-89 229 -98
-89 229 -97
-89 230 -105
-89 230 -104
-89 230 -103
-89 230 -102
-89 230 -101
-89 230 -100
-89 230 -99
-89 230 -98
-89 230 -97
-89 231 -108
-89 231 -107
-89 231 -104
-89 231 -103
-89 231 -102
-89 231 -101
-89 231 -99
-89 231 -98
-89 231 -97
-89 232 -107
-89 232 -106
-89 232 -104
-89 232 -103
-89 232 -101
-89 232 -100
-89 232 -98
-89 232 -97
-89 233 -112
-89 233 -111
-89 233 -110
-89 233 -109
-89 233 -108
-89 233 -107
-89 233 -106
-89 233 -105
-89 233 -104
-89 233 -103
-89 233 -102
-89 233 -101
-89 233 -100
-89 233 -99
-89 233 -97
-89 234 -112
-89 234 -111
-89 234 -110
-89 234 -109
-89 234 -108
-89 234 -107
-89 234 -106
-89 234 -105
-89 234 -104
-89 234 -103
-89 234 -102
-89 234 -100
-89 234 -99
-89 234 -97
-89 235 -112
-89 235 -111
-89 235 -110
-89 235 -108
-89 235 -107
-89 235 -106
-89 235 -105
-89 235 -104
-89 235 -103
-89 235 -102
-89 235 -97
-89 236 -112
-89 236 -111
-89 236 -110
-89 236 -109
-89 236 -108
-89 236 -107
-89 236 -106
-89 236 -104
-89 236 -103
-89 236 -98
-89 236 -97
-89 237 -112
-89 237 -111
-89 237 -110
-89 237 -109
-89 237 -108
-89 237 -107
-89 237 -106
-89 237 -105
-89 237 -97
-89 238 -112
-89 238 -108
-89 238 -107
-89 238 -106
-89 238 -105
-89 238 -104
-89 239 -111
-89 239 -108
-89 239 -107
-89 239 -106
-89 239 -105
-89 239 -98
-89 239 -97
-89 240 -112
-89 240 -111
-89 240 -108
-89 240 -107
-89 240 -97
-89 241 -111
-89 241 -109
-89 241 -108
-89 242 -112
-89 242 -111
-89 242 -110
-89 242 -109
-89 242 -108
-89 242 -107
-89 243 -111
-89 243 -109
-89 243 -108
-88 225 -107
-88 225 -105
-88 225 -104
-88 225 -103
-88 225 -102
-88 225 -101
-88 225 -100
-88 225 -99
-88 225 -98
-88 225 -97
-88 226 -108
-88 226 -107
-88 226 -106
-88 226 -105
-88 226 -104
-88 226 -103
-88 226 -102
-88 226 -101
-88 226 -100
-88 226 -99
-88 226 -98
-88 226 -97
-88 227 -109
-88 227 -108
-88 227 -107
-88 227 -106
-88 227 -105
-88 227 -104
-88 227 -103
-88 227 -102
-88 227 -101
-88 227 -100
-88 227 -99
-88 227 -98
-88 227 -97
-88 228 -109
-88 228 -108
-88 228 -107
-88 228 -106
-88 228 -104
-88 228 -103
-88 228 -102
-88 228 -101
-88 228 -100
-88 228 -99
-88 228 -98
-88 228 -97
-88 229 -109
-88 229 -108
-88 229 -107
-88 229 -106
-88 229 -105
-88 229 -104
-88 229 -103
-88 229 -102
-88 229 -101
-88 229 -100
-88 229 -99
-88 229 -98
-88 229 -97
-88 230 -110
-88 230 -109
-88 230 -108
-88 230 -107
-88 230 -106
-88 230 -105
-88 230 -104
-88 230 -103
-88 230 -102
-88 230 -101
-88 230 -100
-88 230 -99
-88 230 -98
-88 230 -97
-88 231 -112
-88 231 -111
-88 231 -110
-88 231 -109
-88 231 -108
-88 231 -107
-88 231 -106
-88 231 -105
-88 231 -104
-88 231 -103
-88 231 -102
-88 231 -101
-88 231 -100
-88 231 -99
-88 231 -98
-88 231 -97
-88 232 -112
-88 232 -111
-88 232 -110
-88 232 -109
-88 232 -108
-88 232 -107
-88 232 -106
-88 232 -105
-88 232 -104
-88 232 -103
-88 232 -102
-88 232 -101
-88 232 -100
-88 232 -99
-88 232 -98
-88 232 -97
-88 233 -112
-88 233 -111
-88 233 -110
-88 233 -109
-88 233 -108
-88 233 -107
-88 233 -106
-88 233 -105
-88 233 -104
-88 233 -103
-88 233 -102
-88 233 -101
-88 233 -100
-88 233 -99
-88 233 -98
-88 233 -97
-88 234 -112
-88 234 -111
-88 234 -110
-88 234 -109
-88 234 -108
-88 234 -107
-88 234 -106
-88 234 -105
-88 234 -104
-88 234 -103
-88 234 -102
-88 234 -98
-88 234 -97
-88 235 -112
-88 235 -111
-88 235 -110
-88 235 -109
-88 235 -108
-88 235 -107
-88 235 -106
-88 235 -105
-88 235 -104
-88 235 -103
-88 235 -102
-88 236 -112
-88 236 -111
-88 236 -110
-88 236 -109
-88 236 -108
-88 236 -107
-88 236 -106
-88 236 -105
-88 236 -104
-88 236 -103
-88 236 -102
-88 236 -101
-88 236 -99
-88 236 -98
-88 236 -97
-88 237 -112
-88 237 -111
-88 237 -110
-88 237 -109
-88 237 -108
-88 237 -107
-88 237 -106
-88 237 -105
-88 237 -104
-88 237 -103
-88 237 -102
-88 238 -112
-88 238 -111
-88 238 -110
-88 238 -109
-88 238 -108
-88 238 -107
-88 238 -106
-88 239 -112
-88 239 -111
-88 239 -107
-88 240 -112
-88 240 -111
-88 241 -112
-88 241 -111
-88 241 -109
-88 241 -108
-88 242 -112
-88 242 -111
-88 242 -108
-88 242 -107
-87 225 -108
-87 225 -107
-87 225 -106
-87 225 -105
-87 225 -104
-87 225 -103
-87 225 -102
-87 225 -101
-87 225 -100
-87 225 -99
-87 225 -98
-87 225 -97
-87 226 -108
-87 226 -107
-87 226 -105
-87 226 -104
-87 226 -103
-87 226 -102
-87 226 -101
-87 226 -100
-87 226 -99
-87 226 -98
-87 226 -97
-87 227 -109
-87 227 -108
-87 227 -107
-87 227 -106
-87 227 -105
-87 227 -104
-87 227 -103
-87 227 -102
-87 227 -101
-87 227 -100
-87 227 -99
-87 227 -98
-87 227 -97
-87 228 -110
-87 228 -109
-87 228 -108
-87 228 -107
-87 228 -106
-87 228 -105
-87 228 -104
-87 228 -103
-87 228 -102
-87 228 -101
-87 228 -100
-87 228 -99
-87 228 -98
-87 228 -97
-87 229 -109
-87 229 -107
-87 229 -106
-87 229 -105
-87 229 -104
-87 229 -103
-87 229 -102
-87 229 -101
-87 229 -100
-87 229 -99
-87 229 -98
-87 229 -97
-87 230 -111
-87 230 -110
-87 230 -109
-87 230 -108
-87 230 -107
-87 230 -106
-87 230 -105
-87 230 -104
-87 230 -103
-87 230 -102
-87 230 -101
-87 230 -100
-87 230 -99
-87 230 -98
-87 230 -97
-87 231 -111
-87 231 -110
-87 231 -109
-87 231 -108
-87 231 -107
-87 231 -106
-87 231 -105
-87 231 -104
-87 231 -103
-87 231 -102
-87 231 -101
-87 231 -100
-87 231 -99
-87 231 -98
-87 231 -97
-87 232 -112
-87 232 -111
-87 232 -110
-87 232 -109
-87 232 -108
-87 232 -107
-87 232 -106
-87 232 -105
-87 232 -104
-87 232 -103
-87 232 -102
-87 232 -101
-87 232 -100
-87 232 -99
-87 232 -98
-87 232 -97
-87 233 -112
-87 233 -111
-87 233 -110
-87 233 -109
-87 233 -108
-87 233 -107
-87 233 -105
-87 233 -104
-87 233 -103
-87 233 -102
-87 233 -101
-87 233 -100
-87 233 -99
-87 233 -98
-87 233 -97
-87 234 -112
-87 234 -111
-87 234 -110
-87 234 -109
-87 234 -108
-87 234 -107
-87 234 -106
-87 234 -105
-87 234 -104
-87 234 -103
-87 234 -102
-87 234 -101
-87 234 -100
-87 234 -99
-87 234 -98
-87 235 -112
-87 235 -111
-87 235 -110
-87 235 -109
-87 235 -108
-87 235 -107
-87 235 -106
-87 235 -105
-87 235 -104
-87 235 -103
-87 235 -102
-87 235 -101
-87 235 -99
-87 235 -98
-87 235 -97
-87 236 -112
-87 236 -111
-87 236 -110
-87 236 -109
-87 236 -108
-87 236 -105
-87 236 -104
-87 236 -103
-87 236 -102
-87 236 -101
-87 236 -100
-87 236 -99
-87 236 -98
-87 236 -97
-87 237 -112
-87 237 -111
-87 237 -110
-87 237 -109
-87 237 -108
-87 237 -107
-87 237 -106
-87 237 -105
-87 237 -103
-87 237 -102
-87 237 -99
-87 237 -98
-87 238 -112
-87 238 -111
-87 238 -110
-87 238 -109
-87 238 -108
-87 238 -107
-87 239 -112
-87 239 -111
-87 239 -110
-87 239 -109
-87 240 -112
-87 240 -109
-87 241 -111
-87 241 -110
-87 242 -111
-86 225 -109
-86 225 -108
-86 225 -107
-86 225 -106
-86 225 -104
-86 225 -103
-86 225 -102
-86 225 -101
-86 225 -100
-86 225 -99
-86 225 -98
-86 225 -97
-86 226 -109
-86 226 -108
-86 226 -107
-86 226 -106
-86 226 -105
-86 226 -104
-86 226 -103
-86 226 -102
-86 226 -101
-86 226 -100
-86 226 -99
-86 226 -98
-86 226 -97
-86 227 -109
-86 227 -108
-86 227 -107
-86 227 -106
-86 227 -105
-86 227 -104
-86 227 -103
-86 227 -102
-86 227 -101
-86 227 -100
-86 227 -99
-86 227 -98
-86 227 -97
-86 228 -109
-86 228 -108
-86 228 -107
-86 228 -106
-86 228 -105
-86 228 -104
-86 228 -103
-86 228 -102
-86 228 -101
-86 228 -100
-86 228 -99
-86 228 -98
-86 228 -97
-86 229 -110
-86 229 -109
-86 229 -108
-86 229 -107
-86 229 -106
-86 229 -105
-86 229 -104
-86 229 -103
-86 229 -102
-86 229 -101
-86 229 -100
-86 229 -99
-86 229 -98
-86 229 -97
-86 230 -111
-86 230 -110
-86 230 -109
-86 230 -108
-86 230 -107
-86 230 -106
-86 230 -105
-86 230 -104
-86 230 -103
-86 230 -102
-86 230 -101
-86 230 -100
-86 230 -99
-86 230 -98
-86 230 -97
-86 231 -112
-86 231 -111
-86 231 -110
-86 231 -109
-86 231 -108
-86 231 -107
-86 231 -106
-86 231 -105
-86 231 -104
-86 231 -103
-86 231 -102
-86 231 -101
-86 231 -100
-86 231 -99
-86 231 -98
-86 231 -97
-86 232 -112
-86 232 -111
-86 232 -110
-86 232 -109
-86 232 -108
-86 232 -107
-86 232 -106
-86 232 -105
-86 232 -104
-86 232 -103
-86 232 -102
-86 232 -101
-86 232 -100
-86 232 -99
-86 232 -98
-86 232 -97
-86 233 -112
-86 233 -111
-86 233 -110
-86 233 -109
-86 233 -108
-86 233 -107
-86 233 -106
-86 233 -105
-86 233 -104
-86 233 -103
-86 233 -102
-86 233 -101
-86 233 -100
-86 233 -99
-86 233 -98
-86 233 -97
-86 234 -112
-86 234 -111
-86 234 -110
-86 234 -109
-86 234 -108
-86 234 -107
-86 234 -106
-86 234 -105
-86 234 -104
-86 234 -103
-86 234 -102
-86 234 -101
-86 234 -100
-86 234 -99
-86 234 -98
-86 234 -97
-86 235 -112
-86 235 -111
-86 235 -110
-86 235 -109
-86 235 -108
-86 235 -107
-86 235 -106
-86 235 -105
-86 235 -104
-86 235 -103
-86 235 -102
-86 235 -101
-86 235 -100
-86 235 -99
-86 235 -98
-86 235 -97
-86 236 -112
-86 236 -111
-86 236 -110
-86 236 -109
-86 236 -108
-86 236 -107
-86 236 -106
-86 236 -105
-86 236 -104
-86 236 -103
-86 236 -102
-86 236 -100
-86 236 -99
-86 236 -97
-86 237 -112
-86 237 -111
-86 237 -110
-86 237 -109
-86 237 -108
-86 237 -107
-86 237 -106
-86 237 -105
-86 237 -104
-86 237 -103
-86 237 -102
-86 237 -97
-86 238 -112
-86 238 -111
-86 238 -110
-86 238 -109
-86 238 -108
-86 238 -107
-86 238 -105
-86 238 -104
-86 238 -102
-86 239 -112
-86 239 -111
-86 239 -110
-86 239 -109
-86 239 -108
-86 239 -107
-86 239 -105
-86 240 -112
-86 240 -111
-86 240 -110
-86 240 -109
-86 240 -108
-86 240 -107
-86 241 -112
-86 241 -111
-86 241 -110
-86 242 -112
-86 242 -111
-86 242 -110
-86 243 -112
-85 225 -108
-85 225 -107
-85 225 -105
-85 225 -104
-85 225 -103
-85 225 -102
-85 225 -101
-85 225 -100
-85 225 -99
-85 225 -98
-85 225 -97
-85 226 -108
-85 226 -107
-85 226 -106
-85 226 -105
-85 226 -104
-85 226 -103
-85 226 -102
-85 226 -101
-85 226 -100
-85 226 -99
-85 226 -98
-85 226 -97
-85 227 -108
-85 227 -107
-85 227 -106
-85 227 -105
-85 227 -104
-85 227 -103
-85 227 -102
-85 227 -101
-85 227 -100
-85 227 -99
-85 227 -98
-85 227 -97
-85 228 -110
-85 228 -109
-85 228 -108
-85 228 -107
-85 228 -106
-85 228 -105
-85 228 -104
-85 228 -103
-85 228 -102
-85 228 -101
-85 228 -100
-85 228 -99
-85 228 -98
-85 228 -97
-85 229 -110
-85 229 -109
-85 229 -108
-85 229 -107
-85 229 -106
-85 229 -105
-85 229 -104
-85 229 -103
-85 229 -102
-85 229 -101
-85 229 -100
-85 229 -99
-85 229 -98
-85 229 -97
-85 230 -112
-85 230 -111
-85 230 -110
-85 230 -109
-85 230 -108
-85 230 -107
-85 230 -106
-85 230 -105
-85 230 -104
-85 230 -103
-85 230 -102
-85 230 -101
-85 230 -100
-85 230 -99
-85 230 -98
-85 230 -97
-85 231 -111
-85 231 -110
-85 231 -109
-85 231 -108
-85 231 -107
-85 231 -106
-85 231 -105
-85 231 -104
-85 231 -103
-85 231 -102
-85 231 -101
-85 231 -100
-85 231 -99
-85 231 -98
-85 231 -97
-85 232 -111
-85 232 -110
-85 232 -109
-85 232 -108
-85 232 -107
-85 232 -106
-85 232 -105
-85 232 -104
-85 232 -103
-85 232 -102
-85 232 -101
-85 232 -100
-85 232 -99
-85 232 -98
-85 232 -97
-85 233 -112
-85 233 -111
-85 233 -109
-85 233 -108
-85 233 -107
-85 233 -106
-85 233 -105
-85 233 -104
-85 233 -103
-85 233 -102
-85 233 -101
-85 233 -100
-85 233 -99
-85 233 -98
-85 233 -97
-85 234 -112
-85 234 -111
-85 234 -110
-85 234 -109
-85 234 -108
-85 234 -107
-85 234 -106
-85 234 -105
-85 234 -104
-85 234 -103
-85 234 -102
-85 234 -101
-85 234 -100
-85 234 -99
-85 234 -98
-85 234 -97
-85 235 -112
-85 235 -111
-85 235 -110
-85 235 -109
-85 235 -108
-85 235 -107
-85 235 -106
-85 235 -105
-85 235 -104
-85 235 -103
-85 235 -102
-85 235 -101
-85 235 -100
-85 235 -99
-85 235 -98
-85 235 -97
-85 236 -112
-85 236 -111
-85 236 -110
-85 236 -109
-85 236 -108
-85 236 -107
-85 236 -106
-85 236 -105
-85 236 -104
-85 236 -103
-85 236 -102
-85 236 -101
-85 236 -100
-85 236 -99
-85 236 -98
-85 236 -97
-85 237 -112
-85 237 -111
-85 237 -110
-85 237 -109
-85 237 -108
-85 237 -107
-85 237 -106
-85 237 -105
-85 237 -104
-85 237 -103
-85 237 -102
-85 237 -101
-85 237 -100
-85 237 -99
-85 237 -98
-85 237 -97
-85 238 -112
-85 238 -111
-85 238 -110
-85 238 -109
-85 238 -108
-85 238 -107
-85 238 -106
-85 238 -105
-85 238 -104
-85 238 -102
-85 238 -101
-85 238 -99
-85 238 -98
-85 239 -112
-85 239 -111
-85 239 -110
-85 239 -109
-85 239 -108
-85 239 -107
-85 239 -106
-85 239 -105
-85 240 -112
-85 240 -111
-85 240 -110
-85 240 -109
-85 240 -107
-85 240 -106
-85 241 -112
-85 241 -111
-85 241 -110
-85 241 -109
-85 241 -107
-85 242 -112
-85 242 -111
-85 242 -110
-85 242 -109
-85 242 -107
-85 243 -112
-85 243 -111
-85 243 -110
-85 244 -111
-84 225 -108
-84 225 -107
-84 225 -106
-84 225 -104
-84 225 -103
-84 225 -102
-84 225 -101
-84 225 -100
-84 225 -99
-84 225 -97
-84 226 -109
-84 226 -108
-84 226 -106
-84 226 -105
-84 226 -104
-84 226 -103
-84 226 -102
-84 226 -100
-84 226 -98
-84 226 -97
-84 227 -109
-84 227 -108
-84 227 -107
-84 227 -106
-84 227 -105
-84 227 -104
-84 227 -103
-84 227 -102
-84 227 -101
-84 227 -100
-84 227 -99
-84 227 -98
-84 227 -97
-84 228 -110
-84 228 -109
-84 228 -107
-84 228 -105
-84 228 -104
-84 228 -103
-84 228 -102
-84 228 -101
-84 228 -100
-84 228 -99
-84 228 -98
-84 228 -97
-84 229 -112
-84 229 -111
-84 229 -110
-84 229 -109
-84 229 -107
-84 229 -106
-84 229 -105
-84 229 -104
-84 229 -103
-84 229 -102
-84 229 -101
-84 229 -100
-84 229 -99
-84 229 -98
-84 229 -97
-84 230 -112
-84 230 -111
-84 230 -110
-84 230 -109
-84 230 -108
-84 230 -107
-84 230 -106
-84 230 -105
-84 230 -104
-84 230 -103
-84 230 -102
-84 230 -101
-84 230 -100
-84 230 -99
-84 230 -98
-84 230 -97
-84 231 -112
-84 231 -111
-84 231 -110
-84 231 -109
-84 231 -108
-84 231 -107
-84 231 -106
-84 231 -105
-84 231 -104
-84 231 -103
-84 231 -102
-84 231 -101
-84 231 -100
-84 231 -99
-84 231 -98
-84 231 -97
-84 232 -112
-84 232 -111
-84 232 -110
-84 232 -109
-84 232 -108
-84 232 -107
-84 232 -106
-84 232 -105
-84 232 -104
-84 232 -103
-84 232 -102
-84 232 -101
-84 232 -100
-84 232 -99
-84 232 -98
-84 232 -97
-84 233 -112
-84 233 -111
-84 233 -110
-84 233 -109
-84 233 -108
-84 233 -107
-84 233 -106
-84 233 -105
-84 233 -104
-84 233 -103
-84 233 -102
-84 233 -101
-84 233 -100
-84 233 -99
-84 233 -98
-84 233 -97
-84 234 -112
-84 234 -111
-84 234 -110
-84 234 -109
-84 234 -108
-84 234 -107
-84 234 -106
-84 234 -105
-84 234 -104
-84 234 -103
-84 234 -102
-84 234 -101
-84 234 -100
-84 234 -99
-84 234 -98
-84 234 -97
-84 235 -112
-84 235 -111
-84 235 -110
-84 235 -109
-84 235 -108
-84 235 -107
-84 235 -106
-84 235 -105
-84 235 -104
-84 235 -103
-84 235 -102
-84 235 -101
-84 235 -100
-84 235 -99
-84 235 -98
-84 235 -97
-84 236 -112
-84 236 -111
-84 236 -110
-84 236 -109
-84 236 -108
-84 236 -107
-84 236 -106
-84 236 -105
-84 236 -104
-84 236 -103
-84 236 -102
-84 236 -101
-84 236 -100
-84 236 -99
-84 236 -98
-84 236 -97
-84 237 -112
-84 237 -111
-84 237 -110
-84 237 -109
-84 237 -108
-84 237 -107
-84 237 -106
-84 237 -105
-84 237 -104
-84 237 -103
-84 237 -102
-84 237 -101
-84 237 -99
-84 237 -98
-84 237 -97
-84 238 -112
-84 238 -111
-84 238 -110
-84 238 -109
-84 238 -108
-84 238 -107
-84 238 -106
-84 238 -105
-84 238 -104
-84 238 -103
-84 238 -102
-84 238 -101
-84 239 -112
-84 239 -111
-84 239 -110
-84 239 -109
-84 239 -108
-84 239 -107
-84 239 -106
-84 239 -105
-84 239 -103
-84 240 -112
-84 240 -111
-84 240 -110
-84 240 -109
-84 240 -108
-84 240 -107
-84 240 -106
-84 240 -105
-84 241 -112
-84 241 -111
-84 241 -110
-84 241 -107
-84 241 -106
-84 241 -105
-84 242 -112
-84 242 -111
-84 242 -110
-84 242 -107
-84 242 -106
-84 243 -112
-84 243 -111
-84 243 -110
-84 244 -111
-83 225 -108
-83 225 -106
-83 225 -105
-83 225 -104
-83 225 -103
-83 225 -102
-83 225 -101
-83 225 -100
-83 225 -99
-83 225 -98
-83 225 -97
-83 226 -109
-83 226 -108
-83 226 -107
-83 226 -106
-83 226 -105
-83 226 -103
-83 226 -102
-83 226 -101
-83 226 -100
-83 226 -99
-83 226 -98
-83 226 -97
-83 227 -109
-83 227 -108
-83 227 -107
-83 227 -106
-83 227 -105
-83 227 -104
-83 227 -103
-83 227 -102
-83 227 -101
-83 227 -100
-83 227 -99
-83 227 -98
-83 227 -97
-83 228 -107
-83 228 -106
-83 228 -105
-83 228 -104
-83 228 -103
-83 228 -102
-83 228 -101
-83 228 -100
-83 228 -99
-83 228 -98
-83 228 -97
-83 229 -112
-83 229 -111
-83 229 -109
-83 229 -108
-83 229 -107
-83 229 -106
-83 229 -105
-83 229 -104
-83 229 -103
-83 229 -102
-83 229 -101
-83 229 -100
-83 229 -99
-83 229 -98
-83 229 -97
-83 230 -112
-83 230 -111
-83 230 -110
-83 230 -108
-83 230 -107
-83 230 -106
-83 230 -105
-83 230 -104
-83 230 -103
-83 230 -102
-83 230 -101
-83 230 -100
-83 230 -99
-83 230 -98
-83 230 -97
-83 231 -112
-83 231 -111
-83 231 -110
-83 231 -109
-83 231 -108
-83 231 -107
-83 231 -106
-83 231 -105
-83 231 -104
-83 231 -103
-83 231 -102
-83 231 -101
-83 231 -100
-83 231 -99
-83 231 -98
-83 231 -97
-83 232 -112
-83 232 -111
-83 232 -110
-83 232 -109
-83 232 -108
-83 232 -107
-83 232 -106
-83 232 -105
-83 232 -104
-83 232 -103
-83 232 -102
-83 232 -101
-83 232 -100
-83 232 -99
-83 232 -98
-83 232 -97
-83 233 -112
-83 233 -111
-83 233 -110
-83 233 -109
-83 233 -108
-83 233 -107
-83 233 -106
-83 233 -105
-83 233 -104
-83 233 -103
-83 233 -102
-83 233 -101
-83 233 -100
-83 233 -99
-83 233 -98
-83 233 -97
-83 234 -112
-83 234 -111
-83 234 -110
-83 234 -109
-83 234 -108
-83 234 -107
-83 234 -106
-83 234 -105
-83 234 -104
-83 234 -103
-83 234 -102
-83 234 -101
-83 234 -100
-83 234 -99
-83 234 -98
-83 234 -97
-83 235 -112
-83 235 -111
-83 235 -110
-83 235 -109
-83 235 -108
-83 235 -107
-83 235 -106
-83 235 -105
-83 235 -104
-83 235 -103
-83 235 -102
-83 235 -101
-83 235 -100
-83 235 -99
-83 235 -98
-83 235 -97
-83 236 -112
-83 236 -111
-83 236 -110
-83 236 -109
-83 236 -108
-83 236 -107
-83 236 -106
-83 236 -105
-83 236 -104
-83 236 -103
-83 236 -102
-83 236 -101
-83 236 -100
-83 236 -99
-83 236 -98
-83 236 -97
-83 237 -112
-83 237 -111
-83 237 -110
-83 237 -109
-83 237 -108
-83 237 -107
-83 237 -106
-83 237 -105
-83 237 -104
-83 237 -103
-83 237 -102
-83 237 -100
-83 237 -99
-83 238 -112
-83 238 -111
-83 238 -110
-83 238 -109
-83 238 -108
-83 238 -107
-83 238 -106
-83 238 -105
-83 238 -104
-83 238 -103
-83 238 -102
-83 238 -101
-83 238 -100
-83 238 -99
-83 239 -112
-83 239 -111
-83 239 -110
-83 239 -109
-83 239 -108
-83 239 -107
-83 239 -106
-83 239 -105
-83 239 -103
-83 239 -102
-83 240 -112
-83 240 -111
-83 240 -110
-83 240 -109
-83 240 -108
-83 240 -107
-83 240 -106
-83 241 -112
-83 241 -111
-83 241 -110
-83 241 -109
-83 241 -108
-83 241 -107
-83 241 -106
-83 242 -112
-83 242 -111
-83 242 -109
-83 242 -108
-83 242 -107
-83 242 -106
-83 243 -111
-82 225 -106
-82 225 -103
-82 225 -102
-82 225 -101
-82 225 -100
-82 225 -99
-82 225 -98
-82 225 -97
-82 226 -108
-82 226 -106
-82 226 -105
-82 226 -104
-82 226 -103
-82 226 -102
-82 226 -101
-82 226 -100
-82 226 -99
-82 226 -98
-82 226 -97
-82 227 -108
-82 227 -107
-82 227 -106
-82 227 -105
-82 227 -104
-82 227 -103
-82 227 -102
-82 227 -101
-82 227 -100
-82 227 -99
-82 227 -98
-82 227 -97
-82 228 -108
-82 228 -106
-82 228 -105
-82 228 -104
-82 228 -103
-82 228 -102
-82 228 -101
-82 228 -100
-82 228 -99
-82 228 -98
-82 228 -97
-82 229 -111
-82 229 -107
-82 229 -106
-82 229 -105
-82 229 -104
-82 229 -103
-82 229 -102
-82 229 -101
-82 229 -100
-82 229 -99
-82 229 -98
-82 229 -97
-82 230 -112
-82 230 -111
-82 230 -110
-82 230 -109
-82 230 -108
-82 230 -107
-82 230 -106
-82 230 -105
-82 230 -104
-82 230 -103
-82 230 -102
-82 230 -101
-82 230 -100
-82 230 -99
-82 230 -98
-82 230 -97
-82 231 -112
-82 231 -111
-82 231 -110
-82 231 -109
-82 231 -108
-82 231 -107
-82 231 -106
-82 231 -105
-82 231 -104
-82 231 -103
-82 231 -102
-82 231 -101
-82 231 -100
-82 231 -99
-82 231 -98
-82 231 -97
-82 232 -112
-82 232 -111
-82 232 -110
-82 232 -109
-82 232 -108
-82 232 -107
-82 232 -106
-82 232 -105
-82 232 -104
-82 232 -103
-82 232 -102
-82 232 -101
-82 232 -100
-82 232 -99
-82 232 -98
-82 232 -97
-82 233 -112
-82 233 -111
-82 233 -110
-82 233 -109
-82 233 -108
-82 233 -107
-82 233 -106
-82 233 -105
-82 233 -104
-82 233 -103
-82 233 -102
-82 233 -101
-82 233 -100
-82 233 -99
-82 233 -98
-82 233 -97
-82 234 -112
-82 234 -111
-82 234 -110
-82 234 -109
-82 234 -108
-82 234 -107
-82 234 -106
-82 234 -105
-82 234 -104
-82 234 -103
-82 234 -102
-82 234 -101
-82 234 -100
-82 234 -99
-82 234 -98
-82 234 -97
-82 235 -112
-82 235 -111
-82 235 -110
-82 235 -109
-82 235 -108
-82 235 -107
-82 235 -106
-82 235 -105
-82 235 -104
-82 235 -103
-82 235 -102
-82 235 -101
-82 235 -100
-82 235 -99
-82 235 -98
-82 235 -97
-82 236 -112
-82 236 -111
-82 236 -110
-82 236 -109
-82 236 -108
-82 236 -107
-82 236 -106
-82 236 -105
-82 236 -104
-82 236 -103
-82 236 -102
-82 236 -101
-82 236 -100
-82 236 -99
-82 236 -97
-82 237 -112
-82 237 -111
-82 237 -110
-82 237 -109
-82 237 -108
-82 237 -107
-82 237 -106
-82 237 -105
-82 237 -104
-82 237 -103
-82 237 -102
-82 237 -101
-82 237 -100
-82 237 -97
-82 238 -112
-82 238 -111
-82 238 -110
-82 238 -109
-82 238 -108
-82 238 -107
-82 238 -106
-82 238 -105
-82 238 -104
-82 238 -103
-82 238 -102
-82 238 -97
-82 239 -112
-82 239 -111
-82 239 -110
-82 239 -109
-82 239 -108
-82 239 -107
-82 239 -106
-82 239 -105
-82 240 -112
-82 240 -111
-82 240 -110
-82 240 -109
-82 240 -108
-82 240 -107
-82 240 -106
-82 240 -105
-82 241 -112
-82 241 -111
-82 241 -110
-82 241 -109
-82 241 -108
-82 241 -107
-82 241 -106
-82 241 -105
-82 242 -112
-82 242 -111
-82 242 -110
-82 242 -109
-82 242 -108
-82 242 -106
-82 242 -105
-82 243 -112
-82 243 -111
-82 243 -109
-82 243 -106
-82 244 -112
-82 244 -111
-81 225 -103
-81 225 -101
-81 225 -100
-81 225 -99
-81 225 -97
-81 226 -104
-81 226 -103
-81 226 -102
-81 226 -101
-81 226 -100
-81 226 -99
-81 226 -98
-81 226 -97
-81 227 -111
-81 227 -107
-81 227 -106
-81 227 -105
-81 227 -103
-81 227 -102
-81 227 -101
-81 227 -100
-81 227 -99
-81 227 -98
-81 227 -97
-81 228 -112
-81 228 -111
-81 228 -107
-81 228 -106
-81 228 -105
-81 228 -104
-81 228 -103
-81 228 -102
-81 228 -101
-81 228 -100
-81 228 -99
-81 228 -98
-81 228 -97
-81 229 -112
-81 229 -111
-81 229 -110
-81 229 -109
-81 229 -106
-81 229 -104
-81 229 -103
-81 229 -102
-81 229 -101
-81 229 -100
-81 229 -99
-81 229 -98
-81 229 -97
-81 230 -112
-81 230 -110
-81 230 -109
-81 230 -108
-81 230 -105
-81 230 -104
-81 230 -103
-81 230 -102
-81 230 -101
-81 230 -100
-81 230 -99
-81 230 -98
-81 230 -97
-81 231 -112
-81 231 -111
-81 231 -110
-81 231 -109
-81 231 -108
-81 231 -106
-81 231 -105
-81 231 -104
-81 231 -103
-81 231 -102
-81 231 -101
-81 231 -100
-81 231 -99
-81 231 -98
-81 231 -97
-81 232 -112
-81 232 -111
-81 232 -110
-81 232 -109
-81 232 -108
-81 232 -107
-81 232 -106
-81 232 -105
-81 232 -104
-81 232 -103
-81 232 -102
-81 232 -101
-81 232 -100
-81 232 -99
-81 232 -98
-81 232 -97
-81 233 -112
-81 233 -111
-81 233 -110
-81 233 -109
-81 233 -108
-81 233 -107
-81 233 -106
-81 233 -105
-81 233 -104
-81 233 -103
-81 233 -102
-81 233 -101
-81 233 -100
-81 233 -99
-81 233 -98
-81 233 -97
-81 234 -112
-81 234 -111
-81 234 -110
-81 234 -109
-81 234 -108
-81 234 -107
-81 234 -106
-81 234 -105
-81 234 -104
-81 234 -103
-81 234 -102
-81 234 -101
-81 234 -100
-81 234 -99
-81 234 -98
-81 234 -97
-81 235 -112
-81 235 -111
-81 235 -110
-81 235 -109
-81 235 -108
-81 235 -107
-81 235 -106
-81 235 -105
-81 235 -104
-81 235 -103
-81 235 -102
-81 235 -101
-81 235 -100
-81 235 -99
-81 235 -98
-81 235 -97
-81 236 -112
-81 236 -111
-81 236 -110
-81 236 -109
-81 236 -108
-81 236 -107
-81 236 -106
-81 236 -105
-81 236 -104
-81 236 -103
-81 236 -102
-81 236 -101
-81 236 -100
-81 236 -99
-81 236 -98
-81 236 -97
-81 237 -112
-81 237 -111
-81 237 -110
-81 237 -109
-81 237 -108
-81 237 -107
-81 237 -106
-81 237 -105
-81 237 -104
-81 237 -103
-81 237 -102
-81 237 -97
-81 238 -112
-81 238 -111
-81 238 -110
-81 238 -109
-81 238 -108
-81 238 -107
-81 238 -106
-81 238 -104
-81 239 -112
-81 239 -111
-81 239 -110
-81 239 -109
-81 239 -108
-81 239 -106
-81 239 -105
-81 239 -104
-81 240 -112
-81 240 -111
-81 240 -110
-81 240 -109
-81 240 -108
-81 240 -107
-81 240 -106
-81 240 -105
-81 240 -104
-81 241 -112
-81 241 -111
-81 241 -110
-81 241 -109
-81 241 -107
-81 241 -106
-81 241 -105
-81 242 -112
-81 242 -111
-81 242 -110
-81 242 -109
-81 242 -108
-81 242 -106
-81 242 -105
-81 243 -112
-81 243 -111
-81 243 -110
-81 243 -109
-81 243 -106
-81 244 -111
-81 244 -110
-81 245 -111

