alfheim:altWood1
12
-123 224 148
-123 224 149
-123 224 150
-123 224 151
-122 224 146
-122 224 147
-122 224 148
-122 224 149
-122 224 150
-122 224 151
-121 223 146
-121 223 147
-121 223 148
-121 223 149
-121 223 150
-121 224 145
-121 224 146
-121 224 147
-121 224 148
-121 224 149
-121 224 150
-121 224 151
-121 224 152
-120 222 147
-120 222 148
-120 222 149
-120 223 145
-120 223 146
-120 223 147
-120 223 148
-120 223 149
-120 223 150
-120 224 144
-120 224 145
-120 224 146
-120 224 147
-120 224 148
-120 224 149
-120 224 150
-120 224 151
-120 224 152
-119 222 146
-119 222 147
-119 222 148
-119 222 149
-119 223 144
-119 223 145
-119 223 146
-119 223 147
-119 223 148
-119 223 149
-119 223 150
-119 224 144
-119 224 145
-119 224 146
-119 224 147
-119 224 148
-119 224 149
-119 224 150
-119 224 151
-119 224 152
-118 221 144
-118 222 144
-118 222 145
-118 222 146
-118 222 147
-118 222 148
-118 223 144
-118 223 145
-118 223 146
-118 223 147
-118 223 148
-118 223 149
-118 223 150
-118 224 144
-118 224 145
-118 224 146
-118 224 147
-118 224 148
-118 224 149
-118 224 150
-118 224 151
-118 224 152
-118 224 155
-118 224 156
-117 220 144
-117 221 144
-117 221 145
-117 221 146
-117 221 147
-117 222 144
-117 222 145
-117 222 146
-117 222 147
-117 222 148
-117 223 144
-117 223 145
-117 223 146
-117 223 147
-117 223 148
-117 223 149
-117 224 144
-117 224 145
-117 224 146
-117 224 147
-117 224 148
-117 224 149
-117 224 150
-117 224 151
-117 224 152
-117 224 155
-116 220 144
-116 220 145
-116 220 146
-116 221 144
-116 221 145
-116 221 146
-116 221 147
-116 222 144
-116 222 145
-116 222 146
-116 222 147
-116 222 148
-116 223 144
-116 223 145
-116 223 146
-116 223 147
-116 223 148
-116 223 149
-116 224 144
-116 224 145
-116 224 146
-116 224 147
-116 224 148
-116 224 149
-116 224 150
-116 224 151
-116 224 152
-115 220 144
-115 220 145
-115 220 146
-115 221 144
-115 221 145
-115 221 146
-115 221 147
-115 222 144
-115 222 145
-115 222 146
-115 222 147
-115 222 148
-115 223 144
-115 223 145
-115 223 146
-115 223 147
-115 223 148
-115 223 149
-115 224 144
-115 224 145
-115 224 146
-115 224 147
-115 224 148
-115 224 149
-115 224 150
-115 224 151
-115 224 152
-114 220 144
-114 220 145
-114 220 146
-114 221 144
-114 221 145
-114 221 146
-114 221 147
-114 222 144
-114 222 145
-114 222 146
-114 222 147
-114 222 148
-114 222 149
-114 223 144
-114 223 145
-114 223 146
-114 223 147
-114 223 148
-114 223 149
-114 223 150
-114 224 144
-114 224 145
-114 224 146
-114 224 147
-114 224 148
-114 224 149
-114 224 150
-114 224 151
-113 220 144
-113 220 145
-113 220 146
-113 221 144
-113 221 145
-113 221 146
-113 221 147
-113 222 144
-113 222 145
-113 222 146
-113 222 147
-113 222 148
-113 222 149
-113 222 150
-113 223 144
-113 223 145
-113 223 146
-113 223 147
-113 223 148
-113 223 149
-113 223 150
-113 223 151
-113 224 144
-113 224 145
-113 224 146
-113 224 147
-113 224 148
-113 224 149
-113 224 150
-113 224 151
-128 228 150
-128 229 149
-128 229 150
-128 229 151
-128 230 148
-128 230 149
-128 230 150
-128 230 151
-128 231 146
-128 231 147
-128 231 148
-128 231 149
-128 231 150
-128 231 151
-128 231 152
-128 232 145
-128 232 146
-128 232 147
-128 232 148
-128 232 149
-128 232 150
-128 232 151
-128 232 152
-128 233 145
-128 233 146
-128 233 147
-128 233 148
-128 233 149
-128 233 150
-128 233 151
-128 233 152
-128 233 153
-128 234 145
-128 234 146
-128 234 147
-128 234 148
-128 234 149
-128 234 150
-128 234 151
-128 234 152
-128 234 157
-128 234 158
-128 235 145
-128 235 146
-128 235 147
-128 235 148
-128 235 149
-128 235 150
-128 235 151
-128 235 152
-128 235 156
-128 235 157
-128 235 158
-128 235 159
-128 236 146
-128 236 147
-128 236 148
-128 236 149
-128 236 150
-128 236 157
-128 236 158
-128 236 159
-128 237 159
-127 227 149
-127 227 150
-127 227 151
-127 228 148
-127 228 149
-127 228 150
-127 228 151
-127 228 152
-127 229 148
-127 229 149
-127 229 150
-127 229 151
-127 229 152
-127 230 147
-127 230 148
-127 230 149
-127 230 150
-127 230 151
-127 230 152
-127 230 153
-127 231 146
-127 231 147
-127 231 148
-127 231 149
-127 231 150
-127 231 151
-127 231 152
-127 231 153
-127 232 145
-127 232 146
-127 232 147
-127 232 148
-127 232 149
-127 232 150
-127 232 151
-127 232 152
-127 232 153
-127 233 145
-127 233 146
-127 233 147
-127 233 148
-127 233 149
-127 233 150
-127 233 151
-127 233 152
-127 233 153
-127 233 154
-127 233 155
-127 233 156
-127 233 157
-127 234 146
-127 234 147
-127 234 148
-127 234 149
-127 234 150
-127 234 151
-127 234 152
-127 234 153
-127 234 154
-127 234 155
-127 234 156
-127 234 157
-127 234 158
-127 234 159
-127 235 146
-127 235 147
-127 235 148
-127 235 149
-127 235 150
-127 235 151
-127 235 152
-127 235 155
-127 235 156
-127 235 157
-127 235 158
-127 235 159
-127 236 150
-127 236 157
-127 236 158
-127 236 159
-126 226 149
-126 226 150
-126 226 151
-126 227 148
-126 227 149
-126 227 150
-126 227 151
-126 227 152
-126 228 147
-126 228 148
-126 228 149
-126 228 150
-126 228 151
-126 228 152
-126 228 153
-126 229 147
-126 229 148
-126 229 149
-126 229 150
-126 229 151
-126 229 152
-126 229 153
-126 230 146
-126 230 147
-126 230 148
-126 230 149
-126 230 150
-126 230 151
-126 230 152
-126 230 153
-126 230 154
-126 231 145
-126 231 146
-126 231 147
-126 231 148
-126 231 149
-126 231 150
-126 231 151
-126 231 152
-126 231 153
-126 231 154
-126 232 145
-126 232 146
-126 232 147
-126 232 148
-126 232 149
-126 232 150
-126 232 151
-126 232 152
-126 232 153
-126 232 154
-126 232 155
-126 233 146
-126 233 147
-126 233 148
-126 233 149
-126 233 150
-126 233 151
-126 233 152
-126 233 153
-126 233 154
-126 233 155
-126 233 156
-126 233 157
-126 234 147
-126 234 148
-126 234 149
-126 234 150
-126 234 151
-126 234 152
-126 234 153
-126 234 154
-126 234 155
-126 234 156
-126 234 157
-126 234 158
-126 235 147
-126 235 148
-126 235 149
-126 235 150
-126 235 151
-126 235 152
-126 235 153
-126 235 154
-126 235 155
-126 235 156
-126 235 157
-126 235 158
-126 235 159
-126 236 157
-126 236 158
-125 225 150
-125 226 147
-125 226 148
-125 226 149
-125 226 150
-125 226 151
-125 226 152
-125 227 147
-125 227 148
-125 227 149
-125 227 150
-125 227 151
-125 227 152
-125 227 153
-125 228 146
-125 228 147
-125 228 148
-125 228 149
-125 228 150
-125 228 151
-125 228 152
-125 228 153
-125 229 146
-125 229 147
-125 229 148
-125 229 149
-125 229 150
-125 229 151
-125 229 152
-125 229 153
-125 229 154
-125 230 146
-125 230 147
-125 230 148
-125 230 149
-125 230 150
-125 230 151
-125 230 152
-125 230 153
-125 230 154
-125 231 145
-125 231 146
-125 231 147
-125 231 148
-125 231 149
-125 231 150
-125 231 151
-125 231 152
-125 231 153
-125 231 154
-125 231 155
-125 232 145
-125 232 146
-125 232 147
-125 232 148
-125 232 149
-125 232 150
-125 232 151
-125 232 152
-125 232 153
-125 232 154
-125 232 155
-125 232 156
-125 233 146
-125 233 147
-125 233 148
-125 233 149
-125 233 150
-125 233 151
-125 233 152
-125 233 153
-125 233 154
-125 233 155
-125 233 156
-125 233 157
-125 234 148
-125 234 149
-125 234 150
-125 234 151
-125 234 152
-125 234 153
-125 234 154
-125 234 155
-125 234 156
-125 234 157
-125 234 158
-125 235 148
-125 235 149
-125 235 150
-125 235 151
-125 235 152
-125 235 153
-125 235 154
-125 235 155
-125 235 156
-125 235 157
-124 225 147
-124 225 148
-124 225 149
-124 225 150
-124 225 151
-124 226 146
-124 226 147
-124 226 148
-124 226 149
-124 226 150
-124 226 151
-124 226 152
-124 226 153
-124 227 146
-124 227 147
-124 227 148
-124 227 149
-124 227 150
-124 227 151
-124 227 152
-124 227 153
-124 228 146
-124 228 147
-124 228 148
-124 228 149
-124 228 150
-124 228 151
-124 228 152
-124 228 153
-124 228 154
-124 229 145
-124 229 146
-124 229 147
-124 229 148
-124 229 149
-124 229 150
-124 229 151
-124 229 152
-124 229 153
-124 229 154
-124 230 145
-124 230 146
-124 230 147
-124 230 148
-124 230 149
-124 230 150
-124 230 151
-124 230 152
-124 230 153
-124 230 154
-124 230 155
-124 231 146
-124 231 147
-124 231 148
-124 231 149
-124 231 150
-124 231 151
-124 231 152
-124 231 153
-124 231 154
-124 231 155
-124 232 146
-124 232 147
-124 232 148
-124 232 149
-124 232 150
-124 232 151
-124 232 152
-124 232 153
-124 232 154
-124 232 155
-124 232 156
-124 233 146
-124 233 148
-124 233 149
-124 233 150
-124 233 151
-124 233 152
-124 233 153
-124 233 154
-124 233 155
-124 233 156
-124 233 157
-124 234 148
-124 234 149
-124 234 150
-124 234 151
-124 234 152
-124 234 153
-124 234 154
-124 234 155
-124 234 156
-124 234 157
-124 235 150
-124 235 151
-124 235 152
-123 225 146
-123 225 147
-123 225 148
-123 225 149
-123 225 150
-123 225 151
-123 225 152
-123 226 145
-123 226 146
-123 226 147
-123 226 148
-123 226 149
-123 226 150
-123 226 151
-123 226 152
-123 226 153
-123 227 145
-123 227 146
-123 227 147
-123 227 148
-123 227 149
-123 227 150
-123 227 151
-123 227 152
-123 227 153
-123 227 154
-123 228 145
-123 228 146
-123 228 147
-123 228 148
-123 228 149
-123 228 150
-123 228 151
-123 228 152
-123 228 153
-123 228 154
-123 229 145
-123 229 146
-123 229 147
-123 229 148
-123 229 149
-123 229 150
-123 229 151
-123 229 152
-123 229 153
-123 229 154
-123 229 155
-123 230 145
-123 230 146
-123 230 147
-123 230 148
-123 230 149
-123 230 150
-123 230 151
-123 230 152
-123 230 153
-123 230 154
-123 230 155
-123 231 146
-123 231 147
-123 231 148
-123 231 149
-123 231 150
-123 231 151
-123 231 152
-123 231 153
-123 231 154
-123 231 155
-123 232 148
-123 232 149
-123 232 150
-123 232 151
-123 232 152
-123 232 153
-123 232 154
-123 232 155
-123 233 148
-123 233 149
-123 233 150
-123 233 151
-123 233 152
-123 233 153
-123 233 154
-123 233 155
-123 234 148
-123 234 149
-123 234 153
-123 234 154
-123 234 155
-122 225 146
-122 225 147
-122 225 148
-122 225 149
-122 225 150
-122 225 151
-122 225 152
-122 226 144
-122 226 145
-122 226 146
-122 226 147
-122 226 148
-122 226 149
-122 226 150
-122 226 151
-122 226 152
-122 226 153
-122 227 144
-122 227 145
-122 227 146
-122 227 147
-122 227 148
-122 227 149
-122 227 150
-122 227 151
-122 227 152
-122 227 153
-122 227 154
-122 228 144
-122 228 145
-122 228 146
-122 228 147
-122 228 148
-122 228 149
-122 228 150
-122 228 151
-122 228 152
-122 228 153
-122 228 154
-122 229 145
-122 229 146
-122 229 147
-122 229 148
-122 229 149
-122 229 150
-122 229 151
-122 229 152
-122 229 153
-122 229 154
-122 230 145
-122 230 146
-122 230 147
-122 230 148
-122 230 149
-122 230 150
-122 230 151
-122 230 152
-122 230 153
-122 230 154
-122 230 155
-122 231 146
-122 231 147
-122 231 148
-122 231 149
-122 231 150
-122 231 151
-122 231 152
-122 231 153
-122 231 154
-122 231 155
-122 232 147
-122 232 148
-122 232 149
-122 232 150
-122 232 151
-122 232 152
-122 232 153
-122 232 154
-122 233 147
-122 233 148
-122 233 149
-122 233 150
-122 233 151
-122 233 152
-122 233 153
-122 234 148
-122 234 150
-121 225 145
-121 225 146
-121 225 147
-121 225 148
-121 225 149
-121 225 150
-121 225 151
-121 225 152
-121 225 153
-121 226 144
-121 226 145
-121 226 146
-121 226 147
-121 226 148
-121 226 149
-121 226 150
-121 226 151
-121 226 152
-121 226 153
-121 226 154
-121 227 144
-121 227 145
-121 227 146
-121 227 147
-121 227 148
-121 227 149
-121 227 150
-121 227 151
-121 227 152
-121 227 153
-121 227 154
-121 228 144
-121 228 145
-121 228 146
-121 228 147
-121 228 148
-121 228 149
-121 228 150
-121 228 151
-121 228 152
-121 228 153
-121 228 154
-121 229 144
-121 229 145
-121 229 146
-121 229 147
-121 229 148
-121 229 149
-121 229 150
-121 229 151
-121 229 152
-121 229 153
-121 229 154
-121 230 144
-121 230 145
-121 230 146
-121 230 147
-121 230 148
-121 230 149
-121 230 150
-121 230 151
-121 230 152
-121 230 153
-121 230 154
-121 231 145
-121 231 146
-121 231 147
-121 231 148
-121 231 149
-121 231 150
-121 231 151
-121 231 152
-121 231 153
-121 231 154
-121 232 146
-121 232 147
-121 232 148
-121 232 149
-121 232 150
-121 232 151
-121 232 152
-121 232 153
-121 233 147
-121 233 148
-121 233 149
-121 233 150
-121 233 151
-121 233 152
-120 225 144
-120 225 145
-120 225 146
-120 225 147
-120 225 148
-120 225 149
-120 225 150
-120 225 151
-120 225 152
-120 225 153
-120 225 154
-120 226 144
-120 226 145
-120 226 146
-120 226 147
-120 226 148
-120 226 149
-120 226 150
-120 226 151
-120 226 152
-120 226 153
-120 226 154
-120 226 155
-120 226 156
-120 227 144
-120 227 145
-120 227 146
-120 227 147
-120 227 148
-120 227 149
-120 227 150
-120 227 151
-120 227 152
-120 227 153
-120 227 154
-120 227 155
-120 227 156
-120 228 144
-120 228 145
-120 228 146
-120 228 147
-120 228 148
-120 228 149
-120 228 150
-120 228 151
-120 228 152
-120 228 153
-120 228 154
-120 228 155
-120 229 144
-120 229 145
-120 229 146
-120 229 147
-120 229 148
-120 229 149
-120 229 150
-120 229 151
-120 229 152
-120 229 153
-120 229 154
-120 230 144
-120 230 145
-120 230 146
-120 230 147
-120 230 148
-120 230 149
-120 230 150
-120 230 151
-120 230 152
-120 230 153
-120 230 154
-120 231 145
-120 231 146
-120 231 147
-120 231 148
-120 231 149
-120 231 150
-120 231 151
-120 231 152
-120 231 153
-120 232 146
-120 232 147
-120 232 148
-120 232 149
-120 232 150
-120 232 151
-120 232 152
-120 233 148
-120 233 149
-120 233 150
-119 225 144
-119 225 145
-119 225 146
-119 225 147
-119 225 148
-119 225 149
-119 225 150
-119 225 151
-119 225 152
-119 225 153
-119 225 154
-119 225 155
-119 225 156
-119 226 144
-119 226 145
-119 226 146
-119 226 147
-119 226 148
-119 226 149
-119 226 150
-119 226 151
-119 226 152
-119 226 153
-119 226 154
-119 226 155
-119 226 156
-119 226 157
-119 226 158
-119 227 144
-119 227 145
-119 227 146
-119 227 147
-119 227 148
-119 227 149
-119 227 150
-119 227 151
-119 227 152
-119 227 153
-119 227 154
-119 227 155
-119 227 156
-119 227 157
-119 227 158
-119 227 159
-119 228 144
-119 228 145
-119 228 146
-119 228 147
-119 228 148
-119 228 149
-119 228 150
-119 228 151
-119 228 152
-119 228 153
-119 228 154
-119 228 155
-119 228 156
-119 228 158
-119 228 159
-119 229 144
-119 229 145
-119 229 146
-119 229 147
-119 229 148
-119 229 149
-119 229 150
-119 229 151
-119 229 152
-119 229 153
-119 229 154
-119 230 146
-119 230 147
-119 230 148
-119 230 149
-119 230 150
-119 230 151
-119 230 152
-119 230 153
-119 231 146
-119 231 147
-119 231 148
-119 231 149
-119 231 150
-119 231 151
-119 231 152
-119 232 147
-119 232 148
-119 232 149
-119 232 150
-119 232 151
-119 233 149
-119 233 150
-118 225 144
-118 225 145
-118 225 146
-118 225 147
-118 225 148
-118 225 149
-118 225 150
-118 225 151
-118 225 152
-118 225 153
-118 225 154
-118 225 155
-118 225 156
-118 225 157
-118 226 144
-118 226 145
-118 226 146
-118 226 147
-118 226 148
-118 226 149
-118 226 150
-118 226 151
-118 226 152
-118 226 153
-118 226 154
-118 226 155
-118 226 156
-118 226 157
-118 226 158
-118 226 159
-118 227 144
-118 227 145
-118 227 146
-118 227 147
-118 227 148
-118 227 149
-118 227 150
-118 227 151
-118 227 152
-118 227 153
-118 227 154
-118 227 155
-118 227 156
-118 227 157
-118 227 158
-118 227 159
-118 228 144
-118 228 145
-118 228 146
-118 228 147
-118 228 148
-118 228 149
-118 228 150
-118 228 151
-118 228 152
-118 228 153
-118 228 154
-118 228 155
-118 228 156
-118 228 157
-118 228 158
-118 228 159
-118 229 144
-118 229 145
-118 229 146
-118 229 147
-118 229 148
-118 229 149
-118 229 150
-118 229 151
-118 229 152
-118 229 153
-118 229 154
-118 229 158
-118 229 159
-118 230 144
-118 230 145
-118 230 146
-118 230 147
-118 230 148
-118 230 149
-118 230 150
-118 230 151
-118 230 152
-118 231 146
-118 231 147
-118 231 148
-118 231 149
-118 231 150
-118 231 151
-118 232 148
-117 225 144
-117 225 145
-117 225 146
-117 225 147
-117 225 148
-117 225 149
-117 225 150
-117 225 151
-117 225 152
-117 225 153
-117 225 154
-117 225 155
-117 225 156
-117 226 144
-117 226 145
-117 226 146
-117 226 147
-117 226 148
-117 226 149
-117 226 150
-117 226 151
-117 226 152
-117 226 153
-117 226 154
-117 226 155
-117 226 156
-117 226 157
-117 226 158
-117 226 159
-117 227 144
-117 227 145
-117 227 146
-117 227 147
-117 227 148
-117 227 149
-117 227 150
-117 227 151
-117 227 152
-117 227 153
-117 227 154
-117 227 155
-117 227 156
-117 227 157
-117 227 158
-117 227 159
-117 228 144
-117 228 145
-117 228 146
-117 228 147
-117 228 148
-117 228 149
-117 228 150
-117 228 151
-117 228 152
-117 228 153
-117 228 154
-117 228 155
-117 228 156
-117 228 157
-117 228 158
-117 228 159
-117 229 144
-117 229 145
-117 229 146
-117 229 147
-117 229 148
-117 229 149
-117 229 150
-117 229 151
-117 229 152
-117 229 153
-117 229 159
-117 230 144
-117 230 145
-117 230 146
-117 230 147
-117 230 148
-117 230 149
-117 230 150
-117 230 151
-117 231 146
-117 231 147
-117 231 148
-117 231 149
-116 225 144
-116 225 145
-116 225 146
-116 225 147
-116 225 148
-116 225 149
-116 225 150
-116 225 151
-116 225 152
-116 225 153
-116 225 154
-116 225 155
-116 226 144
-116 226 145
-116 226 146
-116 226 147
-116 226 148
-116 226 149
-116 226 150
-116 226 151
-116 226 152
-116 226 153
-116 226 154
-116 226 155
-116 226 156
-116 226 159
-116 227 144
-116 227 145
-116 227 146
-116 227 147
-116 227 148
-116 227 149
-116 227 150
-116 227 151
-116 227 152
-116 227 153
-116 227 154
-116 227 155
-116 227 156
-116 227 157
-116 227 158
-116 227 159
-116 228 144
-116 228 145
-116 228 146
-116 228 147
-116 228 148
-116 228 149
-116 228 150
-116 228 151
-116 228 152
-116 228 153
-116 228 154
-116 228 158
-116 228 159
-116 229 144
-116 229 145
-116 229 146
-116 229 147
-116 229 148
-116 229 149
-116 229 150
-116 229 151
-116 229 152
-116 229 159
-116 230 144
-116 230 145
-116 230 146
-116 230 147
-116 230 148
-116 230 149
-116 231 147
-116 231 148
-116 231 149
-115 225 144
-115 225 145
-115 225 146
-115 225 147
-115 225 148
-115 225 149
-115 225 150
-115 225 151
-115 225 152
-115 225 153
-115 226 144
-115 226 145
-115 226 146
-115 226 147
-115 226 148
-115 226 149
-115 226 150
-115 226 151
-115 226 152
-115 226 153
-115 226 154
-115 226 155
-115 227 144
-115 227 145
-115 227 146
-115 227 147
-115 227 148
-115 227 149
-115 227 150
-115 227 151
-115 227 152
-115 227 153
-115 227 154
-115 228 144
-115 228 145
-115 228 146
-115 228 147
-115 228 148
-115 228 149
-115 228 150
-115 228 151
-115 228 152
-115 228 153
-115 229 144
-115 229 145
-115 229 146
-115 229 147
-115 229 148
-115 229 149
-115 230 144
-115 230 145
-115 230 146
-115 230 147
-115 230 148
-115 230 149
-114 225 144
-114 225 145
-114 225 146
-114 225 147
-114 225 148
-114 225 149
-114 225 150
-114 225 151
-114 225 152
-114 226 144
-114 226 145
-114 226 146
-114 226 147
-114 226 148
-114 226 149
-114 226 150
-114 226 151
-114 226 152
-114 226 153
-114 227 144
-114 227 145
-114 227 146
-114 227 147
-114 227 148
-114 227 149
-114 227 150
-114 227 151
-114 227 152
-114 228 144
-114 228 145
-114 228 146
-114 228 147
-114 228 148
-114 228 149
-114 228 150
-114 228 151
-114 229 144
-114 229 145
-114 229 146
-114 229 147
-114 229 148
-114 229 150
-114 230 144
-114 230 145
-114 230 146
-114 230 147
-113 225 144
-113 225 145
-113 225 146
-113 225 147
-113 225 148
-113 225 149
-113 225 150
-113 225 151
-113 225 152
-113 226 144
-113 226 145
-113 226 146
-113 226 147
-113 226 148
-113 226 149
-113 226 150
-113 226 151
-113 226 152
-113 226 153
-113 226 154
-113 227 144
-113 227 145
-113 227 146
-113 227 147
-113 227 148
-113 227 149
-113 227 150
-113 227 151
-113 227 152
-113 228 144
-113 228 145
-113 228 146
-113 228 147
-113 228 148
-113 228 152
-113 229 144
-113 229 145
-113 229 146
-113 229 147
-113 229 149
-113 229 150
-113 229 151
-113 230 145
-113 230 146
-113 230 150
-113 230 151
-113 231 151
-113 232 151
alfheim:altLeaves
6
-128 236 144
-128 236 145
-128 236 151
-128 237 144
-128 237 145
-128 237 146
-128 237 149
-128 237 151
-128 237 152
-128 238 144
-128 238 145
-128 238 146
-128 238 148
-128 238 149
-128 238 151
-128 239 144
-128 239 145
-128 239 146
-128 239 147
-128 239 148
-128 239 149
-128 239 150
-128 239 151
-128 239 152
-128 239 153
-128 239 154
-128 240 144
-128 240 145
-128 240 146
-128 240 147
-128 240 148
-128 240 149
-128 240 150
-128 240 151
-128 240 152
-128 240 153
-128 240 154
-128 240 155
-128 240 159
-128 241 144
-128 241 145
-128 241 146
-128 241 147
-128 241 148
-128 241 149
-128 241 150
-128 241 151
-128 241 152
-128 241 153
-128 241 154
-128 241 155
-128 241 157
-128 241 158
-128 241 159
-128 242 144
-128 242 145
-128 242 146
-128 242 147
-128 242 148
-128 242 149
-128 242 150
-128 242 151
-128 242 152
-128 242 153
-128 242 154
-128 242 155
-128 242 156
-128 242 157
-128 242 158
-128 242 159
-128 243 144
-128 243 145
-128 243 146
-128 243 147
-128 243 148
-128 243 149
-128 243 150
-128 243 151
-128 243 152
-128 243 153
-128 243 154
-128 243 155
-128 243 156
-128 243 157
-128 243 158
-128 243 159
-128 244 144
-128 244 145
-128 244 146
-128 244 147
-128 244 148
-128 244 149
-128 244 150
-128 244 151
-128 244 152
-128 244 153
-128 244 154
-128 244 155
-128 244 156
-128 244 157
-128 244 158
-128 244 159
-128 245 144
-128 245 145
-128 245 146
-128 245 147
-128 245 148
-128 245 149
-128 245 150
-128 245 151
-128 245 152
-128 245 153
-128 245 154
-128 245 155
-128 245 156
-128 245 157
-128 245 158
-128 245 159
-128 246 144
-128 246 145
-128 246 146
-128 246 147
-128 246 148
-128 246 149
-128 246 150
-128 246 151
-128 246 152
-128 246 153
-128 246 154
-128 246 155
-128 246 156
-128 246 157
-128 246 158
-128 246 159
-128 247 144
-128 247 145
-128 247 146
-128 247 147
-128 247 148
-128 247 149
-128 247 150
-128 247 151
-128 247 152
-128 247 153
-128 247 154
-128 247 155
-128 247 156
-128 247 157
-128 247 158
-128 247 159
-128 248 145
-128 248 147
-128 248 148
-128 248 149
-128 248 150
-128 248 151
-128 248 152
-128 248 153
-128 248 154
-128 248 155
-128 248 156
-128 248 157
-128 248 158
-128 248 159
-128 249 148
-128 249 149
-128 249 150
-128 249 151
-128 249 152
-128 249 153
-128 249 154
-128 249 155
-128 249 156
-128 249 157
-128 249 158
-128 249 159
-128 250 149
-128 250 150
-128 250 151
-128 250 152
-128 250 153
-128 250 154
-128 250 155
-128 250 156
-128 250 157
-128 250 158
-128 250 159
-128 251 149
-128 251 151
-128 251 152
-128 251 153
-128 251 154
-128 251 155
-128 251 156
-128 251 157
-128 251 159
-128 252 150
-128 252 151
-128 252 153
-128 252 154
-128 252 155
-127 234 145
-127 235 145
-127 236 144
-127 236 145
-127 236 147
-127 236 149
-127 236 151
-127 237 144
-127 237 145
-127 237 146
-127 237 148
-127 237 149
-127 237 150
-127 237 151
-127 238 144
-127 238 145
-127 238 146
-127 238 147
-127 238 148
-127 238 149
-127 238 151
-127 238 153
-127 238 154
-127 238 159
-127 239 144
-127 239 145
-127 239 146
-127 239 147
-127 239 148
-127 239 149
-127 239 150
-127 239 151
-127 239 152
-127 239 153
-127 239 154
-127 239 158
-127 239 159
-127 240 144
-127 240 145
-127 240 146
-127 240 147
-127 240 148
-127 240 149
-127 240 150
-127 240 151
-127 240 152
-127 240 153
-127 240 158
-127 240 159
-127 241 144
-127 241 145
-127 241 146
-127 241 147
-127 241 148
-127 241 149
-127 241 150
-127 241 151
-127 241 152
-127 241 153
-127 241 154
-127 241 155
-127 241 159
-127 242 144
-127 242 145
-127 242 146
-127 242 147
-127 242 148
-127 242 149
-127 242 150
-127 242 151
-127 242 152
-127 242 153
-127 242 154
-127 242 155
-127 242 156
-127 242 157
-127 242 158
-127 242 159
-127 243 144
-127 243 145
-127 243 146
-127 243 147
-127 243 148
-127 243 149
-127 243 150
-127 243 151
-127 243 152
-127 243 153
-127 243 154
-127 243 155
-127 243 156
-127 243 157
-127 243 158
-127 243 159
-127 244 144
-127 244 145
-127 244 146
-127 244 147
-127 244 148
-127 244 150
-127 244 151
-127 244 152
-127 244 153
-127 244 154
-127 244 155
-127 244 156
-127 244 157
-127 244 158
-127 244 159
-127 245 144
-127 245 145
-127 245 146
-127 245 147
-127 245 148
-127 245 149
-127 245 150
-127 245 151
-127 245 152
-127 245 153
-127 245 154
-127 245 155
-127 245 156
-127 245 157
-127 245 158
-127 245 159
-127 246 144
-127 246 145
-127 246 146
-127 246 147
-127 246 148
-127 246 149
-127 246 150
-127 246 151
-127 246 152
-127 246 153
-127 246 154
-127 246 155
-127 246 156
-127 246 157
-127 246 158
-127 246 159
-127 247 144
-127 247 145
-127 247 147
-127 247 149
-127 247 150
-127 247 151
-127 247 152
-127 247 153
-127 247 154
-127 247 155
-127 247 156
-127 247 157
-127 247 158
-127 247 159
-127 248 150
-127 248 151
-127 248 152
-127 248 153
-127 248 154
-127 248 155
-127 248 156
-127 248 157
-127 248 158
-127 248 159
-127 249 150
-127 249 151
-127 249 152
-127 249 153
-127 249 155
-127 249 156
-127 249 157
-127 249 158
-127 249 159
-127 250 149
-127 250 150
-127 250 151
-127 250 152
-127 250 153
-127 250 154
-127 250 155
-127 250 156
-127 250 157
-127 250 158
-127 250 159
-127 251 152
-127 251 153
-127 251 155
-127 251 156
-127 251 157
-127 251 159
-127 252 153
-127 252 155
-126 234 144
-126 234 145
-126 234 146
-126 235 145
-126 236 144
-126 236 145
-126 236 146
-126 236 147
-126 236 148
-126 236 151
-126 237 144
-126 237 145
-126 237 146
-126 237 147
-126 237 149
-126 237 150
-126 237 151
-126 237 152
-126 238 144
-126 238 145
-126 238 146
-126 238 147
-126 238 148
-126 238 149
-126 238 151
-126 238 152
-126 238 153
-126 239 144
-126 239 145
-126 239 146
-126 239 147
-126 239 148
-126 239 149
-126 239 150
-126 239 151
-126 239 152
-126 239 153
-126 239 154
-126 239 159
-126 240 144
-126 240 145
-126 240 146
-126 240 147
-126 240 148
-126 240 149
-126 240 150
-126 240 151
-126 240 152
-126 240 156
-126 240 157
-126 240 158
-126 241 144
-126 241 145
-126 241 146
-126 241 147
-126 241 148
-126 241 149
-126 241 150
-126 241 151
-126 241 152
-126 241 153
-126 241 155
-126 241 156
-126 241 157
-126 241 158
-126 241 159
-126 242 144
-126 242 145
-126 242 146
-126 242 147
-126 242 148
-126 242 149
-126 242 150
-126 242 151
-126 242 152
-126 242 153
-126 242 154
-126 242 155
-126 242 156
-126 242 157
-126 242 158
-126 242 159
-126 243 144
-126 243 145
-126 243 146
-126 243 147
-126 243 148
-126 243 149
-126 243 150
-126 243 151
-126 243 152
-126 243 153
-126 243 154
-126 243 155
-126 243 156
-126 243 157
-126 243 158
-126 243 159
-126 244 144
-126 244 145
-126 244 146
-126 244 147
-126 244 148
-126 244 149
-126 244 150
-126 244 151
-126 244 152
-126 244 153
-126 244 154
-126 244 155
-126 244 156
-126 244 157
-126 244 158
-126 244 159
-126 245 144
-126 245 145
-126 245 146
-126 245 147
-126 245 148
-126 245 149
-126 245 150
-126 245 151
-126 245 152
-126 245 153
-126 245 154
-126 245 155
-126 245 156
-126 245 157
-126 245 158
-126 245 159
-126 246 144
-126 246 146
-126 246 147
-126 246 149
-126 246 150
-126 246 151
-126 246 152
-126 246 153
-126 246 154
-126 246 155
-126 246 156
-126 246 157
-126 246 158
-126 246 159
-126 247 144
-126 247 145
-126 247 146
-126 247 149
-126 247 150
-126 247 151
-126 247 152
-126 247 153
-126 247 154
-126 247 155
-126 247 156
-126 247 157
-126 247 158
-126 247 159
-126 248 144
-126 248 150
-126 248 151
-126 248 152
-126 248 153
-126 248 154
-126 248 156
-126 248 157
-126 248 158
-126 248 159
-126 249 144
-126 249 150
-126 249 151
-126 249 152
-126 249 153
-126 249 154
-126 249 155
-126 249 156
-126 249 157
-126 249 159
-126 250 151
-126 250 154
-126 250 155
-126 250 156
-126 250 157
-126 250 159
-126 251 156
-126 251 159
-126 252 159
-126 253 159
-125 234 144
-125 234 147
-125 235 147
-125 236 144
-125 236 145
-125 236 147
-125 236 152
-125 236 153
-125 237 144
-125 237 145
-125 237 146
-125 237 147
-125 237 148
-125 237 149
-125 237 150
-125 237 151
-125 237 153
-125 238 144
-125 238 145
-125 238 146
-125 238 147
-125 238 148
-125 238 149
-125 238 150
-125 238 151
-125 238 152
-125 238 153
-125 238 154
-125 239 144
-125 239 145
-125 239 146
-125 239 147
-125 239 148
-125 239 149
-125 239 150
-125 239 151
-125 239 152
-125 239 153
-125 239 154
-125 239 155
-125 239 156
-125 239 157
-125 239 158
-125 240 144
-125 240 145
-125 240 146
-125 240 147
-125 240 148
-125 240 149
-125 240 150
-125 240 151
-125 240 152
-125 240 153
-125 240 154
-125 240 155
-125 240 156
-125 240 157
-125 240 158
-125 240 159
-125 241 144
-125 241 145
-125 241 146
-125 241 147
-125 241 148
-125 241 149
-125 241 150
-125 241 151
-125 241 152
-125 241 153
-125 241 154
-125 241 155
-125 241 156
-125 241 157
-125 241 158
-125 241 159
-125 242 144
-125 242 145
-125 242 146
-125 242 147
-125 242 148
-125 242 149
-125 242 150
-125 242 151
-125 242 152
-125 242 153
-125 242 154
-125 242 155
-125 242 157
-125 242 159
-125 243 144
-125 243 145
-125 243 146
-125 243 147
-125 243 148
-125 243 149
-125 243 150
-125 243 151
-125 243 152
-125 243 153
-125 243 154
-125 243 155
-125 243 156
-125 243 157
-125 243 158
-125 243 159
-125 244 144
-125 244 145
-125 244 146
-125 244 147
-125 244 148
-125 244 149
-125 244 150
-125 244 151
-125 244 152
-125 244 153
-125 244 154
-125 244 155
-125 244 156
-125 244 157
-125 244 158
-125 244 159
-125 245 144
-125 245 145
-125 245 146
-125 245 147
-125 245 148
-125 245 149
-125 245 150
-125 245 151
-125 245 152
-125 245 154
-125 245 155
-125 245 156
-125 245 157
-125 245 158
-125 245 159
-125 246 144
-125 246 145
-125 246 146
-125 246 147
-125 246 148
-125 246 149
-125 246 150
-125 246 151
-125 246 152
-125 246 153
-125 246 154
-125 246 155
-125 246 156
-125 246 158
-125 246 159
-125 247 144
-125 247 145
-125 247 151
-125 247 152
-125 247 154
-125 247 155
-125 247 156
-125 247 157
-125 247 158
-125 247 159
-125 248 144
-125 248 145
-125 248 151
-125 248 153
-125 248 155
-125 248 156
-125 248 157
-125 248 158
-125 248 159
-125 249 144
-125 249 152
-125 249 155
-125 249 156
-125 249 157
-125 249 158
-125 249 159
-125 250 155
-125 250 156
-125 250 158
-125 250 159
-125 251 156
-125 251 159
-124 232 159
-124 233 145
-124 233 147
-124 234 144
-124 234 145
-124 234 146
-124 234 147
-124 235 144
-124 235 145
-124 235 146
-124 235 147
-124 235 149
-124 235 153
-124 236 144
-124 236 145
-124 236 146
-124 236 148
-124 236 149
-124 236 150
-124 236 151
-124 236 152
-124 236 153
-124 236 154
-124 237 144
-124 237 145
-124 237 146
-124 237 147
-124 237 148
-124 237 149
-124 237 150
-124 237 151
-124 237 153
-124 237 154
-124 237 155
-124 238 144
-124 238 145
-124 238 146
-124 238 147
-124 238 148
-124 238 149
-124 238 150
-124 238 151
-124 238 152
-124 238 153
-124 238 154
-124 238 155
-124 238 157
-124 238 158
-124 238 159
-124 239 144
-124 239 145
-124 239 146
-124 239 147
-124 239 148
-124 239 149
-124 239 150
-124 239 151
-124 239 152
-124 239 153
-124 239 154
-124 239 155
-124 239 156
-124 239 157
-124 239 158
-124 240 144
-124 240 145
-124 240 146
-124 240 147
-124 240 148
-124 240 149
-124 240 150
-124 240 151
-124 240 152
-124 240 153
-124 240 154
-124 240 155
-124 240 156
-124 240 157
-124 240 158
-124 240 159
-124 241 144
-124 241 145
-124 241 146
-124 241 148
-124 241 149
-124 241 150
-124 241 151
-124 241 152
-124 241 153
-124 241 154
-124 241 155
-124 241 156
-124 241 157
-124 241 158
-124 241 159
-124 242 144
-124 242 145
-124 242 146
-124 242 147
-124 242 148
-124 242 149
-124 242 150
-124 242 151
-124 242 152
-124 242 153
-124 242 154
-124 242 155
-124 242 156
-124 242 157
-124 242 158
-124 242 159
-124 243 144
-124 243 145
-124 243 146
-124 243 147
-124 243 148
-124 243 149
-124 243 150
-124 243 151
-124 243 152
-124 243 153
-124 243 154
-124 243 155
-124 243 156
-124 243 157
-124 243 158
-124 243 159
-124 244 144
-124 244 145
-124 244 146
-124 244 147
-124 244 148
-124 244 149
-124 244 150
-124 244 151
-124 244 152
-124 244 153
-124 244 154
-124 244 155
-124 244 156
-124 244 157
-124 244 158
-124 244 159
-124 245 144
-124 245 145
-124 245 146
-124 245 147
-124 245 148
-124 245 149
-124 245 150
-124 245 151
-124 245 152
-124 245 153
-124 245 154
-124 245 155
-124 245 156
-124 245 157
-124 245 158
-124 245 159
-124 246 144
-124 246 145
-124 246 146
-124 246 147
-124 246 148
-124 246 149
-124 246 153
-124 246 154
-124 246 156
-124 246 157
-124 246 158
-124 246 159
-124 247 145
-124 247 147
-124 247 148
-124 247 152
-124 247 154
-124 247 156
-124 247 157
-124 247 159
-124 248 155
-124 248 156
-124 248 158
-124 248 159
-124 249 156
-124 249 157
-124 249 159
-124 250 159
-123 231 144
-123 231 159
-123 232 144
-123 232 145
-123 232 147
-123 232 159
-123 233 144
-123 233 145
-123 233 146
-123 233 147
-123 234 144
-123 234 146
-123 234 147
-123 234 150
-123 234 151
-123 234 159
-123 235 144
-123 235 145
-123 235 146
-123 235 147
-123 235 148
-123 235 149
-123 235 150
-123 235 151
-123 236 144
-123 236 145
-123 236 146
-123 236 147
-123 236 148
-123 236 149
-123 236 150
-123 236 151
-123 236 152
-123 236 153
-123 237 144
-123 237 145
-123 237 146
-123 237 147
-123 237 148
-123 237 149
-123 237 150
-123 237 151
-123 237 152
-123 237 153
-123 237 154
-123 237 155
-123 237 156
-123 238 144
-123 238 145
-123 238 146
-123 238 147
-123 238 148
-123 238 149
-123 238 150
-123 238 151
-123 238 152
-123 238 153
-123 238 154
-123 238 155
-123 238 156
-123 238 157
-123 238 158
-123 238 159
-123 239 144
-123 239 145
-123 239 146
-123 239 147
-123 239 148
-123 239 149
-123 239 150
-123 239 151
-123 239 152
-123 239 153
-123 239 154
-123 239 155
-123 239 156
-123 239 157
-123 239 159
-123 240 144
-123 240 145
-123 240 146
-123 240 147
-123 240 148
-123 240 149
-123 240 150
-123 240 151
-123 240 152
-123 240 153
-123 240 154
-123 240 155
-123 240 156
-123 240 157
-123 240 158
-123 240 159
-123 241 144
-123 241 145
-123 241 146
-123 241 147
-123 241 148
-123 241 149
-123 241 150
-123 241 151
-123 241 152
-123 241 153
-123 241 154
-123 241 155
-123 241 156
-123 241 157
-123 241 158
-123 241 159
-123 242 144
-123 242 145
-123 242 146
-123 242 147
-123 242 148
-123 242 149
-123 242 150
-123 242 151
-123 242 152
-123 242 153
-123 242 154
-123 242 155
-123 242 156
-123 242 157
-123 242 158
-123 242 159
-123 243 144
-123 243 145
-123 243 146
-123 243 147
-123 243 148
-123 243 149
-123 243 150
-123 243 151
-123 243 152
-123 243 153
-123 243 154
-123 243 155
-123 243 156
-123 243 157
-123 243 158
-123 243 159
-123 244 144
-123 244 145
-123 244 146
-123 244 147
-123 244 148
-123 244 149
-123 244 150
-123 244 151
-123 244 152
-123 244 153
-123 244 154
-123 244 155
-123 244 156
-123 244 157
-123 244 158
-123 244 159
-123 245 144
-123 245 145
-123 245 146
-123 245 147
-123 245 148
-123 245 149
-123 245 150
-123 245 151
-123 245 152
-123 245 153
-123 245 154
-123 245 155
-123 245 156
-123 245 157
-123 245 158
-123 245 159
-123 246 144
-123 246 145
-123 246 146
-123 246 147
-123 246 148
-123 246 149
-123 246 150
-123 246 151
-123 246 152
-123 246 154
-123 246 155
-123 246 156
-123 246 157
-123 246 158
-123 246 159
-123 247 144
-123 247 146
-123 247 147
-123 247 150
-123 247 152
-123 247 157
-123 247 159
-123 248 147
-123 248 148
-123 248 158
-123 248 159
-123 250 159
-122 229 159
-122 231 159
-122 232 145
-122 232 146
-122 232 158
-122 232 159
-122 233 144
-122 233 145
-122 233 146
-122 233 159
-122 234 144
-122 234 145
-122 234 146
-122 234 147
-122 234 149
-122 234 151
-122 235 144
-122 235 145
-122 235 146
-122 235 147
-122 235 148
-122 235 149
-122 235 150
-122 235 151
-122 235 152
-122 235 153
-122 236 144
-122 236 145
-122 236 146
-122 236 147
-122 236 148
-122 236 149
-122 236 150
-122 236 151
-122 236 152
-122 236 153
-122 237 144
-122 237 145
-122 237 146
-122 237 147
-122 237 148
-122 237 149
-122 237 150
-122 237 151
-122 237 152
-122 237 153
-122 237 154
-122 237 156
-122 237 158
-122 237 159
-122 238 144
-122 238 145
-122 238 146
-122 238 147
-122 238 148
-122 238 149
-122 238 150
-122 238 151
-122 238 152
-122 238 153
-122 238 154
-122 238 155
-122 238 156
-122 238 157
-122 238 158
-122 238 159
-122 239 144
-122 239 145
-122 239 146
-122 239 147
-122 239 148
-122 239 149
-122 239 150
-122 239 151
-122 239 152
-122 239 153
-122 239 154
-122 239 155
-122 239 156
-122 239 157
-122 239 158
-122 239 159
-122 240 144
-122 240 145
-122 240 146
-122 240 147
-122 240 148
-122 240 149
-122 240 150
-122 240 151
-122 240 152
-122 240 153
-122 240 154
-122 240 155
-122 240 156
-122 240 157
-122 240 158
-122 240 159
-122 241 144
-122 241 145
-122 241 146
-122 241 147
-122 241 148
-122 241 149
-122 241 150
-122 241 151
-122 241 152
-122 241 153
-122 241 154
-122 241 155
-122 241 156
-122 241 157
-122 241 158
-122 241 159
-122 242 144
-122 242 145
-122 242 146
-122 242 147
-122 242 148
-122 242 149
-122 242 150
-122 242 151
-122 242 152
-122 242 153
-122 242 154
-122 242 155
-122 242 156
-122 242 157
-122 242 158
-122 242 159
-122 243 144
-122 243 145
-122 243 146
-122 243 147
-122 243 148
-122 243 149
-122 243 150
-122 243 151
-122 243 152
-122 243 153
-122 243 154
-122 243 155
-122 243 156
-122 243 157
-122 243 158
-122 243 159
-122 244 144
-122 244 145
-122 244 146
-122 244 147
-122 244 148
-122 244 149
-122 244 150
-122 244 151
-122 244 152
-122 244 153
-122 244 154
-122 244 155
-122 244 156
-122 244 157
-122 244 158
-122 244 159
-122 245 144
-122 245 145
-122 245 146
-122 245 147
-122 245 148
-122 245 149
-122 245 150
-122 245 151
-122 245 152
-122 245 153
-122 245 154
-122 245 155
-122 245 156
-122 245 157
-122 245 158
-122 245 159
-122 246 144
-122 246 145
-122 246 146
-122 246 147
-122 246 148
-122 246 149
-122 246 150
-122 246 151
-122 246 152
-122 246 153
-122 246 155
-122 246 156
-122 246 157
-122 246 158
-122 246 159
-122 247 144
-122 247 145
-122 247 146
-122 247 147
-122 247 148
-122 247 149
-122 247 150
-122 247 151
-122 247 152
-122 247 153
-122 247 155
-122 247 156
-122 247 158
-122 247 159
-122 248 144
-122 248 145
-122 248 146
-122 248 147
-122 248 148
-122 248 151
-122 248 158
-122 248 159
-121 232 144
-121 232 158
-121 232 159
-121 233 144
-121 233 145
-121 234 144
-121 234 145
-121 234 146
-121 234 147
-121 234 151
-121 235 144
-121 235 145
-121 235 147
-121 235 148
-121 235 149
-121 235 150
-121 235 151
-121 235 152
-121 236 144
-121 236 145
-121 236 146
-121 236 148
-121 236 149
-121 236 150
-121 236 151
-121 236 152
-121 236 153
-121 236 154
-121 236 156
-121 237 144
-121 237 145
-121 237 146
-121 237 147
-121 237 148
-121 237 149
-121 237 150
-121 237 151
-121 237 152
-121 237 153
-121 237 154
-121 237 155
-121 237 157
-121 237 158
-121 237 159
-121 238 144
-121 238 145
-121 238 146
-121 238 147
-121 238 148
-121 238 149
-121 238 150
-121 238 151
-121 238 153
-121 238 154
-121 238 155
-121 238 156
-121 238 157
-121 238 158
-121 238 159
-121 239 144
-121 239 145
-121 239 146
-121 239 147
-121 239 148
-121 239 149
-121 239 150
-121 239 151
-121 239 152
-121 239 153
-121 239 154
-121 239 155
-121 239 156
-121 239 157
-121 239 158
-121 239 159
-121 240 144
-121 240 145
-121 240 146
-121 240 147
-121 240 148
-121 240 149
-121 240 150
-121 240 151
-121 240 152
-121 240 153
-121 240 154
-121 240 155
-121 240 156
-121 240 157
-121 240 158
-121 240 159
-121 241 144
-121 241 145
-121 241 146
-121 241 147
-121 241 148
-121 241 149
-121 241 150
-121 241 151
-121 241 152
-121 241 153
-121 241 154
-121 241 155
-121 241 156
-121 241 157
-121 241 158
-121 241 159
-121 242 144
-121 242 145
-121 242 146
-121 242 147
-121 242 148
-121 242 149
-121 242 150
-121 242 151
-121 242 152
-121 242 153
-121 242 154
-121 242 155
-121 242 156
-121 242 157
-121 242 158
-121 242 159
-121 243 144
-121 243 145
-121 243 146
-121 243 147
-121 243 148
-121 243 149
-121 243 150
-121 243 151
-121 243 152
-121 243 153
-121 243 154
-121 243 155
-121 243 156
-121 243 157
-121 243 158
-121 243 159
-121 244 144
-121 244 145
-121 244 146
-121 244 147
-121 244 148
-121 244 149
-121 244 150
-121 244 151
-121 244 152
-121 244 153
-121 244 154
-121 244 155
-121 244 156
-121 244 157
-121 244 158
-121 244 159
-121 245 144
-121 245 145
-121 245 146
-121 245 147
-121 245 148
-121 245 149
-121 245 150
-121 245 151
-121 245 152
-121 245 153
-121 245 154
-121 245 155
-121 245 156
-121 245 157
-121 245 158
-121 245 159
-121 246 144
-121 246 145
-121 246 146
-121 246 147
-121 246 148
-121 246 149
-121 246 151
-121 246 152
-121 246 153
-121 246 154
-121 246 156
-121 246 157
-121 246 158
-121 246 159
-121 247 146
-121 247 147
-121 247 149
-121 247 150
-121 247 151
-121 247 152
-121 247 154
-121 247 155
-121 247 156
-121 247 157
-121 247 158
-121 247 159
-121 248 144
-121 248 148
-121 248 149
-121 248 152
-121 248 157
-120 232 159
-120 233 144
-120 233 159
-120 234 144
-120 234 145
-120 234 146
-120 234 148
-120 234 159
-120 235 144
-120 235 145
-120 235 146
-120 235 147
-120 235 148
-120 235 151
-120 235 156
-120 236 144
-120 236 145
-120 236 146
-120 236 147
-120 236 148
-120 236 149
-120 236 154
-120 236 155
-120 236 156
-120 236 158
-120 237 144
-120 237 145
-120 237 146
-120 237 147
-120 237 148
-120 237 149
-120 237 151
-120 237 152
-120 237 153
-120 237 154
-120 237 156
-120 237 157
-120 237 158
-120 237 159
-120 238 144
-120 238 145
-120 238 146
-120 238 147
-120 238 148
-120 238 149
-120 238 150
-120 238 151
-120 238 152
-120 238 153
-120 238 154
-120 238 155
-120 238 156
-120 238 157
-120 238 158
-120 238 159
-120 239 144
-120 239 145
-120 239 146
-120 239 147
-120 239 148
-120 239 149
-120 239 150
-120 239 151
-120 239 152
-120 239 153
-120 239 154
-120 239 155
-120 239 156
-120 239 157
-120 239 158
-120 239 159
-120 240 144
-120 240 145
-120 240 146
-120 240 147
-120 240 148
-120 240 149
-120 240 150
-120 240 151
-120 240 152
-120 240 153
-120 240 154
-120 240 155
-120 240 156
-120 240 157
-120 240 158
-120 240 159
-120 241 144
-120 241 145
-120 241 146
-120 241 147
-120 241 148
-120 241 149
-120 241 150
-120 241 151
-120 241 152
-120 241 153
-120 241 154
-120 241 155
-120 241 156
-120 241 157
-120 241 158
-120 241 159
-120 242 144
-120 242 145
-120 242 146
-120 242 147
-120 242 148
-120 242 149
-120 242 150
-120 242 151
-120 242 152
-120 242 153
-120 242 154
-120 242 155
-120 242 156
-120 242 157
-120 242 158
-120 242 159
-120 243 144
-120 243 145
-120 243 146
-120 243 147
-120 243 148
-120 243 149
-120 243 150
-120 243 151
-120 243 152
-120 243 153
-120 243 154
-120 243 155
-120 243 156
-120 243 157
-120 243 158
-120 243 159
-120 244 144
-120 244 145
-120 244 146
-120 244 147
-120 244 148
-120 244 149
-120 244 150
-120 244 151
-120 244 152
-120 244 153
-120 244 154
-120 244 155
-120 244 156
-120 244 157
-120 244 158
-120 244 159
-120 245 144
-120 245 145
-120 245 146
-120 245 147
-120 245 148
-120 245 149
-120 245 150
-120 245 151
-120 245 152
-120 245 153
-120 245 154
-120 245 155
-120 245 156
-120 245 157
-120 245 158
-120 245 159
-120 246 144
-120 246 145
-120 246 146
-120 246 147
-120 246 148
-120 246 149
-120 246 151
-120 246 152
-120 246 153
-120 246 154
-120 246 155
-120 246 156
-120 246 157
-120 246 158
-120 246 159
-120 247 144
-120 247 145
-120 247 146
-120 247 147
-120 247 150
-120 247 152
-120 247 157
-120 247 158
-120 247 159
-120 248 144
-120 248 146
-120 248 147
-120 248 148
-120 248 149
-120 248 157
-120 248 158
-120 249 144
-120 249 147
-119 230 144
-119 230 145
-119 231 144
-119 231 145
-119 232 144
-119 232 159
-119 233 144
-119 233 145
-119 234 144
-119 234 145
-119 234 146
-119 234 147
-119 235 144
-119 235 145
-119 235 146
-119 235 147
-119 236 144
-119 236 145
-119 236 146
-119 236 149
-119 236 153
-119 236 156
-119 237 144
-119 237 145
-119 237 146
-119 237 147
-119 237 148
-119 237 149
-119 237 150
-119 237 152
-119 237 153
-119 237 154
-119 237 156
-119 237 157
-119 237 158
-119 238 144
-119 238 145
-119 238 146
-119 238 147
-119 238 148
-119 238 149
-119 238 150
-119 238 151
-119 238 152
-119 238 153
-119 238 154
-119 238 155
-119 238 156
-119 238 157
-119 238 158
-119 238 159
-119 239 144
-119 239 145
-119 239 146
-119 239 147
-119 239 148
-119 239 149
-119 239 150
-119 239 151
-119 239 152
-119 239 153
-119 239 154
-119 239 155
-119 239 156
-119 239 157
-119 239 158
-119 239 159
-119 240 144
-119 240 145
-119 240 146
-119 240 147
-119 240 148
-119 240 149
-119 240 150
-119 240 151
-119 240 152
-119 240 153
-119 240 154
-119 240 155
-119 240 156
-119 240 157
-119 240 158
-119 240 159
-119 241 144
-119 241 145
-119 241 146
-119 241 147
-119 241 148
-119 241 149
-119 241 150
-119 241 151
-119 241 152
-119 241 153
-119 241 154
-119 241 155
-119 241 156
-119 241 157
-119 241 158
-119 241 159
-119 242 144
-119 242 145
-119 242 146
-119 242 147
-119 242 148
-119 242 149
-119 242 150
-119 242 151
-119 242 152
-119 242 153
-119 242 154
-119 242 155
-119 242 156
-119 242 157
-119 242 158
-119 242 159
-119 243 144
-119 243 145
-119 243 146
-119 243 147
-119 243 148
-119 243 149
-119 243 150
-119 243 151
-119 243 152
-119 243 153
-119 243 154
-119 243 155
-119 243 156
-119 243 157
-119 243 158
-119 243 159
-119 244 144
-119 244 145
-119 244 146
-119 244 147
-119 244 148
-119 244 149
-119 244 150
-119 244 151
-119 244 152
-119 244 153
-119 244 154
-119 244 155
-119 244 156
-119 244 157
-119 244 158
-119 244 159
-119 245 144
-119 245 145
-119 245 146
-119 245 147
-119 245 148
-119 245 149
-119 245 150
-119 245 151
-119 245 152
-119 245 153
-119 245 154
-119 245 155
-119 245 156
-119 245 157
-119 245 158
-119 245 159
-119 246 144
-119 246 145
-119 246 146
-119 246 147
-119 246 148
-119 246 149
-119 246 150
-119 246 153
-119 246 154
-119 246 156
-119 246 157
-119 246 158
-119 246 159
-119 247 144
-119 247 145
-119 247 146
-119 247 147
-119 247 148
-119 247 149
-119 247 150
-119 247 157
-119 247 158
-119 247 159
-119 248 144
-119 248 145
-119 248 146
-119 248 147
-119 248 148
-119 248 149
-119 248 150
-119 248 159
-119 249 145
-118 230 159
-118 231 158
-118 231 159
-118 232 144
-118 233 144
-118 233 145
-118 233 146
-118 234 144
-118 234 145
-118 234 146
-118 234 147
-118 235 144
-118 235 145
-118 235 146
-118 236 145
-118 236 146
-118 236 147
-118 236 148
-118 237 144
-118 237 145
-118 237 146
-118 237 147
-118 237 148
-118 237 149
-118 237 150
-118 237 156
-118 237 157
-118 237 159
-118 238 144
-118 238 145
-118 238 146
-118 238 147
-118 238 148
-118 238 149
-118 238 150
-118 238 152
-118 238 153
-118 238 155
-118 238 156
-118 238 157
-118 238 158
-118 238 159
-118 239 144
-118 239 145
-118 239 146
-118 239 147
-118 239 148
-118 239 149
-118 239 150
-118 239 151
-118 239 152
-118 239 154
-118 239 155
-118 239 156
-118 239 157
-118 239 158
-118 239 159
-118 240 144
-118 240 145
-118 240 146
-118 240 147
-118 240 148
-118 240 149
-118 240 150
-118 240 151
-118 240 152
-118 240 154
-118 240 155
-118 240 156
-118 240 157
-118 240 158
-118 240 159
-118 241 144
-118 241 145
-118 241 146
-118 241 147
-118 241 148
-118 241 149
-118 241 150
-118 241 151
-118 241 152
-118 241 153
-118 241 154
-118 241 155
-118 241 156
-118 241 157
-118 241 158
-118 241 159
-118 242 144
-118 242 145
-118 242 146
-118 242 147
-118 242 148
-118 242 149
-118 242 150
-118 242 151
-118 242 152
-118 242 153
-118 242 154
-118 242 155
-118 242 156
-118 242 157
-118 242 158
-118 242 159
-118 243 144
-118 243 145
-118 243 146
-118 243 147
-118 243 148
-118 243 149
-118 243 150
-118 243 151
-118 243 152
-118 243 153
-118 243 154
-118 243 155
-118 243 156
-118 243 157
-118 243 158
-118 243 159
-118 244 144
-118 244 145
-118 244 146
-118 244 147
-118 244 148
-118 244 149
-118 244 150
-118 244 151
-118 244 152
-118 244 153
-118 244 154
-118 244 155
-118 244 156
-118 244 157
-118 244 158
-118 244 159
-118 245 144
-118 245 145
-118 245 146
-118 245 147
-118 245 148
-118 245 149
-118 245 150
-118 245 151
-118 245 154
-118 245 155
-118 245 156
-118 245 157
-118 245 158
-118 245 159
-118 246 144
-118 246 145
-118 246 146
-118 246 147
-118 246 148
-118 246 149
-118 246 150
-118 246 151
-118 246 155
-118 246 156
-118 246 157
-118 246 159
-118 247 144
-118 247 146
-118 247 147
-118 247 148
-118 247 149
-118 247 150
-118 247 158
-118 247 159
-118 248 144
-118 248 145
-118 248 146
-118 248 147
-118 248 148
-118 248 149
-118 248 159
-118 249 144
-118 249 145
-118 249 146
-118 250 144
-118 250 145
-118 250 146
-118 251 144
-117 230 159
-117 233 145
-117 233 146
-117 234 144
-117 234 146
-117 234 159
-117 235 144
-117 235 145
-117 236 144
-117 236 145
-117 236 146
-117 236 147
-117 237 144
-117 237 145
-117 237 146
-117 237 147
-117 237 148
-117 237 151
-117 237 152
-117 237 154
-117 237 157
-117 237 158
-117 237 159
-117 238 144
-117 238 145
-117 238 146
-117 238 147
-117 238 148
-117 238 149
-117 238 150
-117 238 151
-117 238 152
-117 238 154
-117 238 155
-117 238 156
-117 238 157
-117 238 158
-117 238 159
-117 239 144
-117 239 145
-117 239 146
-117 239 147
-117 239 148
-117 239 149
-117 239 150
-117 239 151
-117 239 152
-117 239 153
-117 239 154
-117 239 155
-117 239 156
-117 239 157
-117 240 144
-117 240 145
-117 240 146
-117 240 147
-117 240 148
-117 240 149
-117 240 150
-117 240 151
-117 240 152
-117 240 153
-117 240 154
-117 240 155
-117 240 156
-117 240 157
-117 240 158
-117 240 159
-117 241 144
-117 241 145
-117 241 146
-117 241 147
-117 241 148
-117 241 149
-117 241 150
-117 241 151
-117 241 152
-117 241 153
-117 241 154
-117 241 155
-117 241 156
-117 241 157
-117 241 158
-117 241 159
-117 242 144
-117 242 145
-117 242 146
-117 242 147
-117 242 148
-117 242 149
-117 242 150
-117 242 151
-117 242 152
-117 242 153
-117 242 154
-117 242 155
-117 242 156
-117 242 157
-117 242 158
-117 242 159
-117 243 144
-117 243 145
-117 243 146
-117 243 147
-117 243 148
-117 243 149
-117 243 150
-117 243 151
-117 243 152
-117 243 153
-117 243 154
-117 243 155
-117 243 156
-117 243 157
-117 243 158
-117 243 159
-117 244 144
-117 244 145
-117 244 146
-117 244 147
-117 244 148
-117 244 149
-117 244 150
-117 244 151
-117 244 152
-117 244 153
-117 244 154
-117 244 155
-117 244 156
-117 244 158
-117 244 159
-117 245 144
-117 245 145
-117 245 146
-117 245 147
-117 245 148
-117 245 149
-117 245 150
-117 245 152
-117 245 155
-117 245 157
-117 245 158
-117 245 159
-117 246 144
-117 246 145
-117 246 146
-117 246 147
-117 246 148
-117 246 149
-117 246 150
-117 246 152
-117 246 158
-117 247 144
-117 247 145
-117 247 146
-117 247 147
-117 247 148
-117 247 149
-117 248 144
-117 248 145
-117 249 144
-117 249 146
-116 233 144
-116 233 145
-116 234 144
-116 234 145
-116 234 146
-116 235 145
-116 235 154
-116 236 144
-116 236 145
-116 236 146
-116 236 147
-116 236 154
-116 236 159
-116 237 144
-116 237 145
-116 237 146
-116 237 147
-116 237 153
-116 237 155
-116 237 156
-116 237 158
-116 237 159
-116 238 144
-116 238 145
-116 238 146
-116 238 147
-116 238 148
-116 238 150
-116 238 151
-116 238 152
-116 238 153
-116 238 154
-116 238 155
-116 238 156
-116 238 157
-116 238 158
-116 238 159
-116 239 144
-116 239 145
-116 239 146
-116 239 147
-116 239 148
-116 239 149
-116 239 150
-116 239 153
-116 239 154
-116 239 155
-116 239 156
-116 239 157
-116 239 158
-116 239 159
-116 240 144
-116 240 145
-116 240 146
-116 240 147
-116 240 148
-116 240 149
-116 240 150
-116 240 151
-116 240 152
-116 240 153
-116 240 154
-116 240 155
-116 240 156
-116 240 157
-116 240 158
-116 240 159
-116 241 144
-116 241 145
-116 241 146
-116 241 147
-116 241 148
-116 241 149
-116 241 150
-116 241 151
-116 241 152
-116 241 153
-116 241 154
-116 241 156
-116 241 157
-116 241 158
-116 241 159
-116 242 144
-116 242 145
-116 242 146
-116 242 147
-116 242 148
-116 242 149
-116 242 150
-116 242 151
-116 242 152
-116 242 153
-116 242 154
-116 242 155
-116 242 156
-116 242 157
-116 242 158
-116 242 159
-116 243 144
-116 243 145
-116 243 146
-116 243 147
-116 243 148
-116 243 149
-116 243 150
-116 243 152
-116 243 153
-116 243 154
-116 243 155
-116 243 156
-116 243 157
-116 243 158
-116 243 159
-116 244 144
-116 244 145
-116 244 146
-116 244 147
-116 244 148
-116 244 149
-116 244 151
-116 244 152
-116 244 153
-116 244 154
-116 244 155
-116 244 158
-116 244 159
-116 245 144
-116 245 145
-116 245 146
-116 245 147
-116 245 148
-116 245 149
-116 245 150
-116 245 151
-116 245 152
-116 245 153
-116 245 158
-116 246 144
-116 246 145
-116 246 146
-116 246 147
-116 246 148
-116 246 149
-116 246 151
-116 246 152
-116 247 144
-116 247 145
-116 247 146
-116 247 148
-116 247 152
-116 248 144
-116 248 145
-116 249 144
-115 234 144
-115 235 144
-115 235 153
-115 235 155
-115 236 144
-115 236 145
-115 236 146
-115 236 147
-115 236 153
-115 236 154
-115 236 155
-115 237 144
-115 237 145
-115 237 146
-115 237 151
-115 237 154
-115 237 155
-115 237 156
-115 237 157
-115 237 158
-115 237 159
-115 238 145
-115 238 146
-115 238 147
-115 238 148
-115 238 149
-115 238 150
-115 238 151
-115 238 152
-115 238 153
-115 238 154
-115 238 155
-115 238 156
-115 238 157
-115 238 158
-115 238 159
-115 239 144
-115 239 145
-115 239 146
-115 239 147
-115 239 148
-115 239 149
-115 239 150
-115 239 151
-115 239 152
-115 239 153
-115 239 154
-115 239 155
-115 239 156
-115 239 157
-115 239 158
-115 239 159
-115 240 144
-115 240 145
-115 240 146
-115 240 147
-115 240 148
-115 240 149
-115 240 150
-115 240 151
-115 240 152
-115 240 153
-115 240 154
-115 240 155
-115 240 156
-115 240 157
-115 240 158
-115 240 159
-115 241 144
-115 241 145
-115 241 146
-115 241 147
-115 241 148
-115 241 149
-115 241 150
-115 241 151
-115 241 152
-115 241 153
-115 241 155
-115 241 156
-115 241 157
-115 241 158
-115 241 159
-115 242 144
-115 242 145
-115 242 146
-115 242 147
-115 242 148
-115 242 149
-115 242 150
-115 242 151
-115 242 152
-115 242 153
-115 242 154
-115 242 155
-115 242 156
-115 242 157
-115 242 158
-115 242 159
-115 243 144
-115 243 145
-115 243 146
-115 243 147
-115 243 148
-115 243 149
-115 243 150
-115 243 151
-115 243 152
-115 243 153
-115 243 154
-115 243 155
-115 243 157
-115 244 144
-115 244 145
-115 244 146
-115 244 147
-115 244 148
-115 244 149
-115 244 150
-115 244 151
-115 244 152
-115 244 153
-115 244 154
-115 244 155
-115 245 144
-115 245 145
-115 245 146
-115 245 147
-115 245 148
-115 245 149
-115 245 151
-115 245 152
-115 245 153
-115 246 144
-115 246 145
-115 246 146
-115 246 152
-115 247 144
-115 247 145
-115 247 146
-115 247 152
-115 247 153
-115 248 144
-115 248 145
-115 248 152
-115 249 144
-114 234 144
-114 235 144
-114 235 156
-114 236 144
-114 236 145
-114 236 146
-114 236 152
-114 236 154
-114 236 155
-114 236 156
-114 236 157
-114 237 144
-114 237 145
-114 237 146
-114 237 148
-114 237 151
-114 237 152
-114 237 153
-114 237 154
-114 237 155
-114 237 156
-114 237 157
-114 237 158
-114 237 159
-114 238 144
-114 238 145
-114 238 146
-114 238 147
-114 238 148
-114 238 149
-114 238 150
-114 238 151
-114 238 152
-114 238 153
-114 238 154
-114 238 155
-114 238 156
-114 238 157
-114 238 158
-114 238 159
-114 239 144
-114 239 145
-114 239 146
-114 239 147
-114 239 148
-114 239 149
-114 239 150
-114 239 151
-114 239 152
-114 239 153
-114 239 154
-114 239 155
-114 239 156
-114 239 157
-114 239 158
-114 239 159
-114 240 144
-114 240 145
-114 240 146
-114 240 147
-114 240 148
-114 240 149
-114 240 150
-114 240 151
-114 240 152
-114 240 153
-114 240 154
-114 240 155
-114 240 156
-114 240 157
-114 240 158
-114 240 159
-114 241 144
-114 241 145
-114 241 146
-114 241 147
-114 241 148
-114 241 149
-114 241 150
-114 241 151
-114 241 152
-114 241 153
-114 241 154
-114 241 155
-114 241 156
-114 241 157
-114 241 158
-114 241 159
-114 242 144
-114 242 145
-114 242 146
-114 242 147
-114 242 148
-114 242 149
-114 242 150
-114 242 151
-114 242 152
-114 242 153
-114 242 154
-114 242 155
-114 242 156
-114 242 157
-114 242 158
-114 242 159
-114 243 144
-114 243 145
-114 243 146
-114 243 147
-114 243 148
-114 243 149
-114 243 150
-114 243 151
-114 243 152
-114 243 153
-114 243 154
-114 243 155
-114 243 156
-114 243 158
-114 243 159
-114 244 144
-114 244 145
-114 244 146
-114 244 147
-114 244 148
-114 244 149
-114 244 150
-114 244 151
-114 244 152
-114 244 153
-114 244 154
-114 244 155
-114 244 156
-114 245 144
-114 245 145
-114 245 146
-114 245 147
-114 245 148
-114 245 149
-114 245 150
-114 245 151
-114 245 152
-114 245 153
-114 245 154
-114 245 155
-114 245 156
-114 246 144
-114 246 145
-114 246 146
-114 246 151
-114 246 152
-114 246 153
-114 246 154
-114 247 144
-114 247 145
-114 248 145
-113 233 159
-113 234 154
-113 234 155
-113 234 156
-113 235 144
-113 235 154
-113 235 155
-113 235 156
-113 235 157
-113 236 144
-113 236 145
-113 236 152
-113 236 153
-113 236 154
-113 236 155
-113 236 156
-113 236 158
-113 236 159
-113 237 144
-113 237 145
-113 237 146
-113 237 147
-113 237 149
-113 237 150
-113 237 152
-113 237 153
-113 237 154
-113 237 155
-113 237 156
-113 237 157
-113 237 158
-113 237 159
-113 238 144
-113 238 145
-113 238 146
-113 238 147
-113 238 149
-113 238 150
-113 238 151
-113 238 152
-113 238 153
-113 238 154
-113 238 155
-113 238 156
-113 238 157
-113 238 158
-113 238 159
-113 239 144
-113 239 145
-113 239 146
-113 239 147
-113 239 148
-113 239 149
-113 239 150
-113 239 151
-113 239 152
-113 239 153
-113 239 154
-113 239 155
-113 239 156
-113 239 157
-113 239 158
-113 239 159
-113 240 144
-113 240 145
-113 240 146
-113 240 147
-113 240 148
-113 240 149
-113 240 150
-113 240 151
-113 240 152
-113 240 153
-113 240 154
-113 240 155
-113 240 156
-113 240 157
-113 240 158
-113 240 159
-113 241 144
-113 241 145
-113 241 146
-113 241 147
-113 241 148
-113 241 149
-113 241 150
-113 241 151
-113 241 152
-113 241 153
-113 241 154
-113 241 155
-113 241 156
-113 241 157
-113 241 158
-113 241 159
-113 242 144
-113 242 145
-113 242 146
-113 242 147
-113 242 148
-113 242 149
-113 242 150
-113 242 151
-113 242 152
-113 242 153
-113 242 154
-113 242 155
-113 242 156
-113 242 157
-113 242 158
-113 242 159
-113 243 144
-113 243 145
-113 243 146
-113 243 147
-113 243 148
-113 243 149
-113 243 150
-113 243 151
-113 243 152
-113 243 153
-113 243 154
-113 243 155
-113 243 156
-113 243 157
-113 243 158
-113 243 159
-113 244 144
-113 244 145
-113 244 146
-113 244 147
-113 244 148
-113 244 149
-113 244 150
-113 244 151
-113 244 152
-113 244 153
-113 244 154
-113 244 155
-113 244 156
-113 244 157
-113 244 158
-113 245 144
-113 245 145
-113 245 146
-113 245 147
-113 245 148
-113 245 149
-113 245 150
-113 245 152
-113 245 153
-113 245 154
-113 245 155
-113 245 156
-113 245 157
-113 245 158
-113 246 144
-113 246 145
-113 246 148
-113 246 150
-113 246 151
-113 246 152
-113 246 153
-113 246 154
-113 246 155
-113 247 144
-113 247 147
-113 247 151
-113 247 153
-113 248 144

