alfheim:altLeaves
6
208 218 -43
208 219 -44
208 219 -43
208 219 -42
208 220 -48
208 220 -47
208 220 -46
208 220 -45
208 220 -44
208 220 -43
208 220 -42
208 220 -41
208 221 -48
208 221 -47
208 221 -46
208 221 -45
208 221 -44
208 221 -43
208 221 -42
208 221 -41
208 221 -40
208 222 -48
208 222 -47
208 222 -46
208 222 -45
208 222 -44
208 222 -43
208 222 -42
208 223 -48
208 223 -47
208 223 -46
208 223 -45
208 223 -44
208 223 -43
208 223 -42
208 223 -41
208 224 -48
208 224 -47
208 224 -46
208 224 -45
208 224 -42
209 217 -45
209 217 -44
209 218 -48
209 218 -47
209 218 -46
209 218 -45
209 218 -44
209 218 -43
209 218 -42
209 219 -48
209 219 -46
209 219 -45
209 219 -43
209 219 -42
209 220 -48
209 220 -47
209 220 -46
209 220 -45
209 220 -44
209 220 -43
209 220 -42
209 221 -48
209 221 -47
209 221 -46
209 221 -45
209 221 -44
209 221 -43
209 221 -42
209 221 -41
209 222 -48
209 222 -47
209 222 -46
209 222 -45
209 222 -44
209 222 -43
209 222 -42
209 222 -41
209 223 -48
209 223 -47
209 223 -46
209 223 -45
209 223 -44
209 223 -43
209 223 -42
209 224 -48
209 224 -47
209 224 -46
209 224 -45
209 224 -44
209 224 -43
210 217 -47
210 217 -46
210 217 -44
210 218 -46
210 218 -45
210 218 -44
210 218 -43
210 218 -42
210 219 -46
210 219 -45
210 219 -44
210 219 -42
210 220 -48
210 220 -46
210 220 -45
210 220 -44
210 220 -43
210 220 -42
210 220 -41
210 221 -47
210 221 -46
210 221 -45
210 221 -44
210 221 -43
210 221 -42
210 221 -41
210 222 -48
210 222 -47
210 222 -46
210 222 -45
210 222 -44
210 222 -43
210 222 -42
210 223 -48
210 223 -47
210 223 -46
210 223 -45
210 223 -44
210 223 -43
210 223 -42
210 224 -48
210 224 -47
210 224 -46
210 224 -45
210 224 -44
210 224 -43
210 224 -42
211 216 -45
211 216 -44
211 217 -45
211 217 -44
211 218 -46
211 218 -45
211 218 -43
211 218 -42
211 219 -47
211 219 -46
211 219 -45
211 219 -44
211 219 -43
211 219 -42
211 220 -45
211 220 -44
211 220 -43
211 220 -42
211 221 -47
211 221 -46
211 221 -45
211 221 -44
211 221 -43
211 221 -42
211 222 -47
211 222 -46
211 222 -45
211 222 -44
211 222 -43
211 222 -42
211 223 -48
211 223 -47
211 223 -46
211 223 -45
211 223 -44
211 223 -43
211 223 -42
211 224 -48
211 224 -45
211 224 -44
212 217 -46
212 217 -45
212 218 -46
212 218 -45
212 219 -46
212 219 -45
212 219 -44
212 220 -46
212 220 -45
212 220 -44
212 221 -46
212 221 -45
212 221 -44
212 221 -43
212 222 -46
212 222 -45
212 222 -44
212 222 -43
212 223 -46
212 223 -45
212 223 -44
212 223 -43
212 224 -48
212 224 -46
212 224 -45
213 218 -46
213 219 -45
213 219 -44
213 220 -45
213 221 -45
213 221 -44
213 222 -45
213 223 -44
208 225 -48
208 225 -47
208 225 -46
208 225 -45
208 226 -48
208 226 -47
208 227 -48
208 227 -47
208 227 -40
208 227 -36
208 227 -35
208 228 -48
208 228 -47
208 228 -46
208 228 -45
208 228 -44
208 228 -43
208 228 -41
208 228 -40
208 228 -39
208 228 -38
208 228 -37
208 228 -36
208 228 -35
208 228 -34
208 228 -33
208 229 -48
208 229 -47
208 229 -46
208 229 -45
208 229 -44
208 229 -43
208 229 -42
208 229 -41
208 229 -40
208 229 -39
208 229 -37
208 229 -36
208 229 -35
208 229 -34
208 229 -33
208 230 -48
208 230 -47
208 230 -46
208 230 -45
208 230 -44
208 230 -43
208 230 -42
208 230 -41
208 230 -40
208 230 -39
208 230 -38
208 230 -37
208 230 -36
208 230 -35
208 230 -34
208 230 -33
208 231 -48
208 231 -47
208 231 -46
208 231 -45
208 231 -44
208 231 -43
208 231 -42
208 231 -41
208 231 -40
208 231 -39
208 231 -38
208 231 -37
208 231 -36
208 231 -35
208 231 -34
208 231 -33
208 232 -48
208 232 -47
208 232 -46
208 232 -45
208 232 -44
208 232 -43
208 232 -42
208 232 -41
208 232 -40
208 232 -39
208 232 -38
208 232 -37
208 232 -36
208 232 -35
208 232 -34
208 232 -33
208 233 -47
208 233 -46
208 233 -45
208 233 -44
208 233 -43
208 233 -42
208 233 -41
208 233 -40
208 233 -39
208 233 -38
208 233 -37
208 233 -36
208 233 -35
208 233 -34
208 233 -33
208 234 -48
208 234 -47
208 234 -46
208 234 -45
208 234 -44
208 234 -43
208 234 -42
208 234 -41
208 234 -40
208 234 -39
208 234 -38
208 234 -37
208 234 -36
208 234 -35
208 234 -34
208 234 -33
208 235 -48
208 235 -47
208 235 -46
208 235 -45
208 235 -44
208 235 -43
208 235 -42
208 235 -41
208 235 -40
208 235 -39
208 235 -38
208 235 -37
208 235 -36
208 235 -35
208 235 -34
208 235 -33
208 236 -48
208 236 -46
208 236 -45
208 236 -44
208 236 -43
208 236 -42
208 236 -41
208 236 -40
208 236 -39
208 236 -38
208 236 -37
208 236 -36
208 236 -35
208 236 -34
208 236 -33
208 237 -45
208 237 -44
208 237 -43
208 237 -42
208 237 -41
208 237 -40
208 237 -39
208 237 -38
208 237 -35
208 237 -34
208 238 -44
208 238 -43
208 238 -42
208 238 -40
208 238 -39
208 238 -37
208 238 -36
208 238 -35
208 239 -40
208 239 -39
208 239 -38
208 239 -37
208 240 -39
208 240 -37
208 242 -38
208 242 -37
208 243 -44
208 243 -43
208 243 -35
208 243 -34
208 243 -33
208 244 -48
208 244 -47
208 244 -46
208 244 -45
208 244 -44
208 244 -43
208 244 -42
208 244 -38
208 244 -37
208 244 -36
208 244 -35
208 244 -34
208 245 -48
208 245 -47
208 245 -46
208 245 -45
208 245 -44
208 245 -43
208 245 -42
208 245 -41
208 245 -39
208 245 -38
208 245 -36
208 245 -35
208 245 -34
208 245 -33
208 246 -48
208 246 -47
208 246 -46
208 246 -45
208 246 -44
208 246 -43
208 246 -42
208 246 -41
208 246 -39
208 246 -38
208 246 -37
208 246 -36
208 246 -35
208 246 -34
208 246 -33
208 247 -48
208 247 -47
208 247 -46
208 247 -45
208 247 -44
208 247 -43
208 247 -42
208 247 -41
208 247 -40
208 247 -39
208 247 -38
208 247 -37
208 247 -36
208 247 -35
208 247 -34
208 247 -33
208 248 -48
208 248 -47
208 248 -46
208 248 -45
208 248 -44
208 248 -43
208 248 -42
208 248 -41
208 248 -40
208 248 -39
208 248 -38
208 248 -37
208 248 -36
208 248 -35
208 248 -34
208 248 -33
208 249 -48
208 249 -47
208 249 -46
208 249 -45
208 249 -44
208 249 -43
208 249 -42
208 249 -41
208 249 -40
208 249 -39
208 249 -38
208 249 -37
208 249 -36
208 249 -35
208 249 -34
208 249 -33
208 250 -48
208 250 -47
208 250 -46
208 250 -45
208 250 -44
208 250 -43
208 250 -42
208 250 -41
208 250 -40
208 250 -39
208 250 -38
208 250 -37
208 250 -36
208 250 -35
208 250 -34
208 250 -33
208 251 -48
208 251 -47
208 251 -46
208 251 -45
208 251 -44
208 251 -43
208 251 -42
208 251 -41
208 251 -40
208 251 -39
208 251 -38
208 251 -37
208 251 -36
208 251 -35
208 251 -34
208 251 -33
208 252 -48
208 252 -47
208 252 -46
208 252 -45
208 252 -43
208 252 -42
208 252 -40
208 252 -39
208 252 -38
208 252 -37
208 252 -36
208 252 -35
208 252 -34
208 252 -33
208 253 -48
208 253 -47
208 253 -45
208 253 -43
208 253 -42
208 253 -40
208 253 -39
208 253 -38
208 253 -37
208 253 -36
208 253 -35
208 253 -34
208 253 -33
208 254 -48
208 254 -42
208 254 -41
208 254 -40
208 254 -39
208 254 -38
208 254 -36
208 254 -35
208 254 -34
208 254 -33
209 225 -48
209 225 -47
209 225 -45
209 226 -48
209 226 -37
209 227 -48
209 227 -47
209 227 -38
209 227 -37
209 227 -36
209 227 -33
209 228 -47
209 228 -46
209 228 -45
209 228 -44
209 228 -43
209 228 -40
209 228 -38
209 228 -37
209 228 -36
209 228 -35
209 228 -34
209 228 -33
209 229 -47
209 229 -46
209 229 -45
209 229 -44
209 229 -43
209 229 -42
209 229 -41
209 229 -40
209 229 -39
209 229 -37
209 229 -36
209 229 -35
209 229 -34
209 229 -33
209 230 -47
209 230 -46
209 230 -44
209 230 -43
209 230 -42
209 230 -41
209 230 -40
209 230 -39
209 230 -38
209 230 -37
209 230 -36
209 230 -35
209 230 -34
209 230 -33
209 231 -48
209 231 -47
209 231 -46
209 231 -45
209 231 -44
209 231 -43
209 231 -42
209 231 -41
209 231 -40
209 231 -39
209 231 -38
209 231 -37
209 231 -36
209 231 -35
209 231 -34
209 231 -33
209 232 -48
209 232 -47
209 232 -46
209 232 -45
209 232 -44
209 232 -43
209 232 -42
209 232 -41
209 232 -40
209 232 -39
209 232 -38
209 232 -37
209 232 -36
209 232 -35
209 232 -34
209 232 -33
209 233 -48
209 233 -47
209 233 -46
209 233 -45
209 233 -44
209 233 -43
209 233 -42
209 233 -41
209 233 -40
209 233 -39
209 233 -38
209 233 -37
209 233 -36
209 233 -35
209 233 -34
209 233 -33
209 234 -48
209 234 -47
209 234 -46
209 234 -45
209 234 -44
209 234 -43
209 234 -42
209 234 -41
209 234 -40
209 234 -39
209 234 -38
209 234 -37
209 234 -36
209 234 -35
209 234 -34
209 234 -33
209 235 -46
209 235 -44
209 235 -42
209 235 -41
209 235 -39
209 235 -38
209 235 -36
209 235 -35
209 235 -34
209 235 -33
209 236 -44
209 236 -43
209 236 -42
209 236 -39
209 236 -38
209 236 -37
209 236 -36
209 236 -35
209 236 -34
209 236 -33
209 237 -41
209 237 -40
209 237 -39
209 237 -38
209 237 -37
209 237 -36
209 237 -35
209 237 -34
209 237 -33
209 238 -43
209 238 -38
209 238 -37
209 238 -34
209 238 -33
209 239 -39
209 239 -38
209 242 -43
209 242 -35
209 242 -34
209 242 -33
209 243 -47
209 243 -45
209 243 -43
209 243 -42
209 243 -36
209 243 -34
209 243 -33
209 244 -48
209 244 -47
209 244 -46
209 244 -45
209 244 -44
209 244 -43
209 244 -42
209 244 -41
209 244 -39
209 244 -38
209 244 -37
209 244 -36
209 244 -35
209 244 -34
209 245 -48
209 245 -47
209 245 -46
209 245 -45
209 245 -44
209 245 -43
209 245 -42
209 245 -41
209 245 -40
209 245 -39
209 245 -36
209 245 -35
209 245 -33
209 246 -48
209 246 -47
209 246 -46
209 246 -45
209 246 -44
209 246 -43
209 246 -42
209 246 -41
209 246 -40
209 246 -39
209 246 -38
209 246 -37
209 246 -36
209 246 -35
209 246 -34
209 246 -33
209 247 -48
209 247 -47
209 247 -46
209 247 -45
209 247 -44
209 247 -43
209 247 -42
209 247 -40
209 247 -39
209 247 -38
209 247 -37
209 247 -36
209 247 -35
209 247 -34
209 247 -33
209 248 -48
209 248 -47
209 248 -46
209 248 -45
209 248 -44
209 248 -43
209 248 -42
209 248 -41
209 248 -40
209 248 -39
209 248 -38
209 248 -37
209 248 -36
209 248 -35
209 248 -34
209 248 -33
209 249 -48
209 249 -47
209 249 -46
209 249 -45
209 249 -44
209 249 -43
209 249 -42
209 249 -41
209 249 -40
209 249 -39
209 249 -38
209 249 -37
209 249 -36
209 249 -35
209 249 -34
209 249 -33
209 250 -48
209 250 -47
209 250 -46
209 250 -45
209 250 -44
209 250 -43
209 250 -42
209 250 -41
209 250 -39
209 250 -38
209 250 -37
209 250 -36
209 250 -35
209 250 -34
209 250 -33
209 251 -48
209 251 -47
209 251 -46
209 251 -45
209 251 -44
209 251 -43
209 251 -42
209 251 -40
209 251 -39
209 251 -38
209 251 -37
209 251 -36
209 251 -35
209 251 -34
209 251 -33
209 252 -48
209 252 -47
209 252 -45
209 252 -44
209 252 -43
209 252 -42
209 252 -41
209 252 -40
209 252 -39
209 252 -38
209 252 -37
209 252 -36
209 252 -35
209 252 -34
209 253 -48
209 253 -47
209 253 -46
209 253 -45
209 253 -44
209 253 -43
209 253 -40
209 253 -39
209 253 -38
209 253 -37
209 253 -36
209 253 -34
209 254 -48
209 254 -46
209 254 -45
209 254 -44
209 254 -40
209 254 -38
209 254 -37
209 254 -36
209 254 -35
210 225 -48
210 225 -46
210 225 -45
210 226 -48
210 226 -46
210 227 -48
210 227 -33
210 228 -42
210 228 -38
210 229 -44
210 229 -42
210 229 -39
210 229 -37
210 229 -36
210 229 -35
210 229 -34
210 229 -33
210 230 -47
210 230 -45
210 230 -44
210 230 -43
210 230 -42
210 230 -40
210 230 -39
210 230 -37
210 230 -36
210 230 -35
210 230 -34
210 230 -33
210 231 -47
210 231 -46
210 231 -45
210 231 -44
210 231 -43
210 231 -42
210 231 -41
210 231 -40
210 231 -39
210 231 -38
210 231 -37
210 231 -36
210 231 -35
210 231 -34
210 231 -33
210 232 -48
210 232 -47
210 232 -45
210 232 -44
210 232 -43
210 232 -41
210 232 -40
210 232 -39
210 232 -38
210 232 -37
210 232 -36
210 232 -35
210 232 -34
210 232 -33
210 233 -47
210 233 -45
210 233 -44
210 233 -43
210 233 -42
210 233 -41
210 233 -40
210 233 -38
210 233 -37
210 233 -36
210 233 -35
210 233 -34
210 233 -33
210 234 -45
210 234 -44
210 234 -43
210 234 -42
210 234 -41
210 234 -40
210 234 -39
210 234 -38
210 234 -37
210 234 -36
210 234 -35
210 234 -34
210 234 -33
210 235 -43
210 235 -42
210 235 -38
210 235 -37
210 235 -36
210 235 -35
210 235 -34
210 235 -33
210 236 -38
210 236 -37
210 236 -36
210 236 -35
210 236 -34
210 236 -33
210 237 -40
210 237 -39
210 237 -38
210 237 -37
210 237 -36
210 237 -34
210 237 -33
210 238 -38
210 238 -34
210 238 -33
210 239 -33
210 240 -35
210 241 -35
210 241 -34
210 242 -36
210 242 -35
210 243 -43
210 243 -37
210 243 -36
210 243 -35
210 243 -34
210 243 -33
210 244 -48
210 244 -45
210 244 -43
210 244 -42
210 244 -37
210 244 -36
210 244 -35
210 244 -34
210 244 -33
210 245 -48
210 245 -46
210 245 -44
210 245 -43
210 245 -42
210 245 -41
210 245 -40
210 245 -39
210 245 -37
210 245 -36
210 245 -35
210 245 -34
210 245 -33
210 246 -48
210 246 -47
210 246 -46
210 246 -45
210 246 -44
210 246 -43
210 246 -42
210 246 -41
210 246 -40
210 246 -39
210 246 -38
210 246 -37
210 246 -36
210 246 -35
210 246 -34
210 246 -33
210 247 -48
210 247 -47
210 247 -46
210 247 -45
210 247 -44
210 247 -43
210 247 -42
210 247 -41
210 247 -40
210 247 -39
210 247 -38
210 247 -37
210 247 -36
210 247 -35
210 247 -34
210 247 -33
210 248 -48
210 248 -47
210 248 -46
210 248 -45
210 248 -44
210 248 -43
210 248 -42
210 248 -41
210 248 -40
210 248 -39
210 248 -38
210 248 -37
210 248 -36
210 248 -35
210 248 -34
210 248 -33
210 249 -48
210 249 -47
210 249 -46
210 249 -45
210 249 -44
210 249 -43
210 249 -42
210 249 -41
210 249 -40
210 249 -39
210 249 -38
210 249 -37
210 249 -36
210 249 -35
210 249 -34
210 249 -33
210 250 -48
210 250 -47
210 250 -46
210 250 -45
210 250 -44
210 250 -43
210 250 -42
210 250 -41
210 250 -40
210 250 -39
210 250 -38
210 250 -37
210 250 -36
210 250 -35
210 250 -34
210 250 -33
210 251 -48
210 251 -47
210 251 -46
210 251 -45
210 251 -44
210 251 -43
210 251 -42
210 251 -41
210 251 -40
210 251 -39
210 251 -38
210 251 -37
210 251 -36
210 251 -35
210 251 -34
210 251 -33
210 252 -48
210 252 -47
210 252 -46
210 252 -45
210 252 -44
210 252 -43
210 252 -40
210 252 -37
210 252 -35
210 252 -34
210 252 -33
210 253 -48
210 253 -47
210 253 -44
210 253 -43
210 253 -40
210 253 -38
210 253 -37
210 253 -36
210 253 -35
210 253 -34
210 253 -33
210 254 -48
210 254 -47
210 254 -44
211 225 -45
211 228 -33
211 229 -42
211 229 -34
211 229 -33
211 230 -43
211 230 -38
211 230 -35
211 230 -34
211 231 -47
211 231 -46
211 231 -44
211 231 -43
211 231 -42
211 231 -40
211 231 -38
211 231 -37
211 231 -36
211 231 -35
211 231 -34
211 231 -33
211 232 -48
211 232 -45
211 232 -44
211 232 -41
211 232 -40
211 232 -39
211 232 -38
211 232 -37
211 232 -36
211 232 -35
211 232 -34
211 232 -33
211 233 -43
211 233 -40
211 233 -38
211 233 -37
211 233 -36
211 233 -35
211 233 -34
211 233 -33
211 234 -43
211 234 -42
211 234 -41
211 234 -40
211 234 -37
211 234 -36
211 234 -34
211 234 -33
211 235 -42
211 235 -39
211 235 -38
211 235 -37
211 235 -36
211 235 -34
211 235 -33
211 236 -34
211 236 -33
211 237 -38
211 242 -34
211 243 -34
211 243 -33
211 244 -34
211 244 -33
211 245 -48
211 245 -46
211 245 -43
211 245 -40
211 245 -39
211 245 -38
211 245 -37
211 245 -36
211 245 -35
211 245 -34
211 245 -33
211 246 -48
211 246 -47
211 246 -46
211 246 -44
211 246 -43
211 246 -42
211 246 -41
211 246 -40
211 246 -39
211 246 -37
211 246 -36
211 246 -35
211 246 -34
211 246 -33
211 247 -48
211 247 -47
211 247 -46
211 247 -45
211 247 -44
211 247 -43
211 247 -42
211 247 -41
211 247 -40
211 247 -39
211 247 -38
211 247 -37
211 247 -36
211 247 -35
211 247 -34
211 247 -33
211 248 -48
211 248 -47
211 248 -46
211 248 -45
211 248 -44
211 248 -43
211 248 -42
211 248 -41
211 248 -40
211 248 -39
211 248 -38
211 248 -37
211 248 -36
211 248 -35
211 248 -34
211 248 -33
211 249 -48
211 249 -47
211 249 -46
211 249 -45
211 249 -44
211 249 -43
211 249 -42
211 249 -41
211 249 -40
211 249 -39
211 249 -38
211 249 -37
211 249 -36
211 249 -35
211 249 -34
211 249 -33
211 250 -48
211 250 -47
211 250 -46
211 250 -45
211 250 -44
211 250 -43
211 250 -42
211 250 -41
211 250 -40
211 250 -38
211 250 -37
211 250 -36
211 250 -35
211 250 -34
211 250 -33
211 251 -48
211 251 -47
211 251 -46
211 251 -45
211 251 -44
211 251 -43
211 251 -42
211 251 -39
211 251 -37
211 251 -36
211 251 -35
211 251 -34
211 251 -33
211 252 -48
211 252 -47
211 252 -46
211 252 -45
211 252 -44
211 252 -43
211 252 -40
211 252 -38
211 252 -37
211 252 -36
211 252 -35
211 252 -34
211 252 -33
211 253 -48
211 253 -47
211 253 -46
211 253 -37
211 253 -36
211 253 -35
211 254 -47
211 254 -36
211 254 -35
212 225 -45
212 230 -37
212 230 -34
212 231 -44
212 231 -38
212 231 -37
212 231 -36
212 231 -35
212 232 -39
212 232 -38
212 232 -37
212 232 -35
212 232 -34
212 233 -39
212 233 -37
212 233 -35
212 233 -33
212 234 -42
212 234 -39
212 234 -38
212 234 -37
212 234 -36
212 234 -35
212 234 -34
212 234 -33
212 235 -39
212 235 -38
212 235 -37
212 235 -36
212 235 -35
212 235 -33
212 236 -38
212 236 -37
212 243 -34
212 243 -33
212 244 -37
212 244 -36
212 244 -35
212 244 -34
212 244 -33
212 245 -48
212 245 -46
212 245 -39
212 245 -38
212 245 -37
212 245 -36
212 245 -35
212 245 -34
212 245 -33
212 246 -48
212 246 -47
212 246 -46
212 246 -44
212 246 -43
212 246 -40
212 246 -39
212 246 -38
212 246 -36
212 246 -35
212 246 -34
212 246 -33
212 247 -48
212 247 -47
212 247 -46
212 247 -45
212 247 -44
212 247 -43
212 247 -39
212 247 -38
212 247 -37
212 247 -36
212 247 -35
212 247 -34
212 247 -33
212 248 -48
212 248 -47
212 248 -46
212 248 -45
212 248 -44
212 248 -40
212 248 -39
212 248 -37
212 248 -36
212 248 -35
212 248 -34
212 248 -33
212 249 -48
212 249 -47
212 249 -46
212 249 -45
212 249 -44
212 249 -43
212 249 -42
212 249 -41
212 249 -40
212 249 -39
212 249 -38
212 249 -37
212 249 -36
212 249 -35
212 249 -34
212 249 -33
212 250 -48
212 250 -46
212 250 -45
212 250 -44
212 250 -43
212 250 -42
212 250 -41
212 250 -40
212 250 -39
212 250 -38
212 250 -37
212 250 -36
212 250 -35
212 250 -34
212 250 -33
212 251 -48
212 251 -47
212 251 -46
212 251 -45
212 251 -44
212 251 -43
212 251 -42
212 251 -41
212 251 -39
212 251 -38
212 251 -37
212 251 -36
212 251 -35
212 251 -34
212 251 -33
212 252 -48
212 252 -46
212 252 -45
212 252 -44
212 252 -43
212 252 -37
212 252 -33
212 253 -45
212 253 -36
212 253 -35
212 254 -45
213 231 -38
213 231 -37
213 233 -38
213 233 -36
213 233 -35
213 233 -33
213 234 -39
213 234 -38
213 234 -37
213 234 -36
213 242 -34
213 243 -35
213 243 -34
213 243 -33
213 244 -37
213 244 -35
213 244 -34
213 244 -33
213 245 -37
213 245 -36
213 245 -35
213 245 -34
213 245 -33
213 246 -47
213 246 -46
213 246 -37
213 246 -36
213 246 -35
213 246 -34
213 246 -33
213 247 -48
213 247 -47
213 247 -46
213 247 -40
213 247 -39
213 247 -38
213 247 -37
213 247 -36
213 247 -35
213 247 -34
213 247 -33
213 248 -48
213 248 -47
213 248 -46
213 248 -45
213 248 -44
213 248 -40
213 248 -39
213 248 -37
213 248 -36
213 248 -35
213 248 -34
213 248 -33
213 249 -48
213 249 -47
213 249 -46
213 249 -45
213 249 -37
213 249 -36
213 249 -35
213 249 -34
213 249 -33
213 250 -48
213 250 -47
213 250 -46
213 250 -45
213 250 -43
213 250 -42
213 250 -41
213 250 -40
213 250 -38
213 250 -37
213 250 -36
213 250 -35
213 250 -34
213 250 -33
213 251 -48
213 251 -47
213 251 -45
213 251 -44
213 251 -41
213 251 -38
213 251 -36
213 251 -35
213 251 -34
213 251 -33
213 252 -48
213 252 -44
213 252 -36
213 252 -35
213 252 -34
213 252 -33
213 253 -34
214 231 -37
214 234 -37
214 234 -36
214 243 -35
214 243 -34
214 244 -35
214 244 -34
214 244 -33
214 245 -37
214 245 -36
214 245 -34
214 245 -33
214 246 -38
214 246 -37
214 246 -36
214 246 -35
214 246 -34
214 246 -33
214 247 -46
214 247 -39
214 247 -38
214 247 -37
214 247 -36
214 247 -35
214 247 -34
214 247 -33
214 248 -48
214 248 -47
214 248 -46
214 248 -45
214 248 -36
214 248 -35
214 248 -34
214 249 -46
214 249 -45
214 249 -44
214 249 -38
214 249 -37
214 249 -35
214 249 -34
214 249 -33
214 250 -46
214 250 -45
214 250 -37
214 250 -36
214 250 -35
214 250 -34
214 250 -33
214 251 -48
214 251 -46
214 251 -45
214 251 -37
214 251 -36
214 251 -35
214 251 -34
214 251 -33
214 252 -46
214 252 -36
214 252 -35
215 244 -35
215 245 -34
215 245 -33
215 246 -37
215 246 -36
215 246 -35
215 246 -34
215 246 -33
215 247 -38
215 247 -37
215 247 -36
215 247 -35
215 247 -34
215 247 -33
215 248 -46
215 248 -37
215 248 -36
215 248 -35
215 248 -34
215 248 -33
215 249 -46
215 249 -45
215 249 -36
215 249 -34
215 249 -33
215 250 -47
215 250 -46
215 250 -45
215 250 -37
215 250 -36
215 250 -35
215 250 -34
215 251 -46
215 251 -37
215 251 -35
215 251 -34
215 251 -33
216 245 -35
216 246 -36
216 246 -35
216 246 -34
216 247 -37
216 247 -36
216 247 -35
216 247 -34
216 248 -34
216 248 -33
216 249 -34
216 250 -46
216 250 -36
216 250 -34
216 250 -33
217 246 -35
217 246 -34
217 247 -35
217 248 -35
217 249 -34
217 250 -34

