alfheim:altWood1
12
-96 224 -154
-95 223 -160
-95 223 -159
-95 223 -158
-95 223 -157
-95 223 -156
-95 223 -155
-95 224 -160
-95 224 -159
-95 224 -158
-95 224 -157
-95 224 -156
-95 224 -155
-95 224 -154
-95 224 -153
-94 221 -160
-94 221 -159
-94 221 -158
-94 221 -157
-94 221 -156
-94 222 -160
-94 222 -159
-94 222 -158
-94 222 -157
-94 222 -156
-94 222 -155
-94 222 -154
-94 223 -160
-94 223 -159
-94 223 -158
-94 223 -157
-94 223 -156
-94 223 -155
-94 223 -154
-94 223 -153
-94 224 -160
-94 224 -159
-94 224 -158
-94 224 -157
-94 224 -156
-94 224 -155
-94 224 -154
-94 224 -153
-93 220 -160
-93 220 -159
-93 220 -158
-93 220 -157
-93 220 -156
-93 221 -160
-93 221 -159
-93 221 -158
-93 221 -157
-93 221 -156
-93 221 -155
-93 221 -154
-93 221 -153
-93 222 -160
-93 222 -159
-93 222 -158
-93 222 -157
-93 222 -156
-93 222 -155
-93 222 -154
-93 222 -153
-93 222 -152
-93 222 -151
-93 223 -160
-93 223 -159
-93 223 -158
-93 223 -157
-93 223 -156
-93 223 -155
-93 223 -154
-93 223 -153
-93 223 -152
-93 223 -151
-93 223 -150
-93 223 -149
-93 224 -160
-93 224 -159
-93 224 -158
-93 224 -157
-93 224 -156
-93 224 -155
-93 224 -154
-93 224 -153
-93 224 -152
-93 224 -151
-93 224 -149
-92 220 -160
-92 220 -159
-92 220 -158
-92 220 -157
-92 220 -156
-92 220 -155
-92 220 -154
-92 221 -160
-92 221 -159
-92 221 -158
-92 221 -157
-92 221 -156
-92 221 -155
-92 221 -154
-92 221 -153
-92 221 -152
-92 221 -151
-92 221 -150
-92 221 -149
-92 222 -160
-92 222 -159
-92 222 -158
-92 222 -157
-92 222 -156
-92 222 -155
-92 222 -154
-92 222 -153
-92 222 -152
-92 222 -151
-92 222 -150
-92 222 -149
-92 222 -148
-92 222 -147
-92 222 -146
-92 223 -160
-92 223 -159
-92 223 -158
-92 223 -157
-92 223 -156
-92 223 -155
-92 223 -154
-92 223 -153
-92 223 -152
-92 223 -151
-92 223 -150
-92 223 -149
-92 223 -148
-92 223 -147
-92 223 -145
-92 224 -160
-92 224 -159
-92 224 -158
-92 224 -157
-92 224 -156
-92 224 -155
-92 224 -154
-92 224 -153
-92 224 -152
-92 224 -151
-92 224 -148
-92 224 -145
-91 219 -160
-91 219 -159
-91 219 -158
-91 219 -157
-91 219 -156
-91 219 -155
-91 220 -160
-91 220 -159
-91 220 -158
-91 220 -157
-91 220 -156
-91 220 -155
-91 220 -154
-91 220 -153
-91 220 -152
-91 220 -151
-91 220 -150
-91 220 -149
-91 220 -148
-91 220 -147
-91 220 -146
-91 220 -145
-91 221 -160
-91 221 -159
-91 221 -158
-91 221 -157
-91 221 -156
-91 221 -155
-91 221 -154
-91 221 -153
-91 221 -152
-91 221 -151
-91 221 -150
-91 221 -149
-91 221 -148
-91 221 -147
-91 221 -146
-91 221 -145
-91 222 -160
-91 222 -159
-91 222 -158
-91 222 -157
-91 222 -156
-91 222 -155
-91 222 -154
-91 222 -153
-91 222 -152
-91 222 -151
-91 222 -150
-91 222 -149
-91 222 -148
-91 222 -147
-91 222 -146
-91 222 -145
-91 223 -160
-91 223 -159
-91 223 -158
-91 223 -157
-91 223 -156
-91 223 -155
-91 223 -154
-91 223 -153
-91 223 -152
-91 223 -151
-91 223 -150
-91 223 -149
-91 223 -148
-91 223 -147
-91 223 -146
-91 223 -145
-91 224 -160
-91 224 -159
-91 224 -158
-91 224 -157
-91 224 -156
-91 224 -155
-91 224 -154
-91 224 -153
-91 224 -152
-91 224 -151
-91 224 -150
-91 224 -149
-91 224 -148
-91 224 -147
-91 224 -146
-91 224 -145
-90 219 -160
-90 219 -159
-90 219 -158
-90 219 -157
-90 219 -156
-90 219 -155
-90 219 -154
-90 219 -153
-90 219 -152
-90 219 -151
-90 219 -150
-90 219 -149
-90 219 -148
-90 219 -147
-90 219 -146
-90 219 -145
-90 220 -160
-90 220 -159
-90 220 -158
-90 220 -157
-90 220 -156
-90 220 -155
-90 220 -154
-90 220 -153
-90 220 -152
-90 220 -151
-90 220 -150
-90 220 -149
-90 220 -148
-90 220 -147
-90 220 -146
-90 220 -145
-90 221 -160
-90 221 -159
-90 221 -158
-90 221 -157
-90 221 -156
-90 221 -155
-90 221 -154
-90 221 -153
-90 221 -152
-90 221 -151
-90 221 -150
-90 221 -149
-90 221 -148
-90 221 -147
-90 221 -146
-90 221 -145
-90 222 -160
-90 222 -159
-90 222 -158
-90 222 -157
-90 222 -156
-90 222 -155
-90 222 -154
-90 222 -153
-90 222 -152
-90 222 -151
-90 222 -150
-90 222 -149
-90 222 -148
-90 222 -147
-90 222 -146
-90 222 -145
-90 223 -160
-90 223 -159
-90 223 -158
-90 223 -157
-90 223 -156
-90 223 -155
-90 223 -154
-90 223 -153
-90 223 -152
-90 223 -151
-90 223 -150
-90 223 -149
-90 223 -148
-90 223 -147
-90 223 -146
-90 223 -145
-90 224 -160
-90 224 -159
-90 224 -158
-90 224 -157
-90 224 -156
-90 224 -155
-90 224 -154
-90 224 -153
-90 224 -152
-90 224 -151
-90 224 -150
-90 224 -149
-90 224 -148
-90 224 -147
-90 224 -146
-90 224 -145
-89 218 -145
-89 219 -160
-89 219 -159
-89 219 -158
-89 219 -157
-89 219 -156
-89 219 -155
-89 219 -154
-89 219 -153
-89 219 -152
-89 219 -151
-89 219 -150
-89 219 -149
-89 219 -148
-89 219 -147
-89 219 -146
-89 219 -145
-89 220 -160
-89 220 -159
-89 220 -158
-89 220 -157
-89 220 -156
-89 220 -155
-89 220 -154
-89 220 -153
-89 220 -152
-89 220 -151
-89 220 -150
-89 220 -149
-89 220 -148
-89 220 -147
-89 220 -146
-89 220 -145
-89 221 -160
-89 221 -159
-89 221 -158
-89 221 -157
-89 221 -156
-89 221 -155
-89 221 -154
-89 221 -153
-89 221 -152
-89 221 -151
-89 221 -150
-89 221 -149
-89 221 -148
-89 221 -147
-89 221 -146
-89 221 -145
-89 222 -160
-89 222 -159
-89 222 -158
-89 222 -157
-89 222 -156
-89 222 -155
-89 222 -154
-89 222 -153
-89 222 -152
-89 222 -151
-89 222 -150
-89 222 -149
-89 222 -148
-89 222 -147
-89 222 -146
-89 222 -145
-89 223 -160
-89 223 -159
-89 223 -158
-89 223 -157
-89 223 -156
-89 223 -155
-89 223 -154
-89 223 -153
-89 223 -152
-89 223 -151
-89 223 -150
-89 223 -149
-89 223 -148
-89 223 -147
-89 223 -146
-89 223 -145
-89 224 -160
-89 224 -159
-89 224 -158
-89 224 -157
-89 224 -156
-89 224 -155
-89 224 -154
-89 224 -153
-89 224 -152
-89 224 -151
-89 224 -150
-89 224 -149
-89 224 -148
-89 224 -147
-89 224 -146
-89 224 -145
-88 218 -146
-88 218 -145
-88 219 -154
-88 219 -152
-88 219 -151
-88 219 -150
-88 219 -149
-88 219 -148
-88 219 -147
-88 219 -146
-88 219 -145
-88 220 -160
-88 220 -159
-88 220 -158
-88 220 -157
-88 220 -156
-88 220 -155
-88 220 -154
-88 220 -153
-88 220 -152
-88 220 -151
-88 220 -150
-88 220 -149
-88 220 -148
-88 220 -147
-88 220 -146
-88 220 -145
-88 221 -160
-88 221 -159
-88 221 -158
-88 221 -157
-88 221 -156
-88 221 -155
-88 221 -154
-88 221 -153
-88 221 -152
-88 221 -151
-88 221 -150
-88 221 -149
-88 221 -148
-88 221 -147
-88 221 -146
-88 221 -145
-88 222 -160
-88 222 -159
-88 222 -158
-88 222 -157
-88 222 -156
-88 222 -155
-88 222 -154
-88 222 -153
-88 222 -152
-88 222 -151
-88 222 -150
-88 222 -149
-88 222 -148
-88 222 -147
-88 222 -146
-88 222 -145
-88 223 -160
-88 223 -159
-88 223 -158
-88 223 -157
-88 223 -156
-88 223 -155
-88 223 -154
-88 223 -153
-88 223 -152
-88 223 -151
-88 223 -150
-88 223 -149
-88 223 -148
-88 223 -147
-88 223 -146
-88 223 -145
-88 224 -160
-88 224 -159
-88 224 -158
-88 224 -157
-88 224 -156
-88 224 -155
-88 224 -154
-88 224 -153
-88 224 -152
-88 224 -151
-88 224 -150
-88 224 -149
-88 224 -148
-88 224 -147
-88 224 -146
-88 224 -145
-87 218 -146
-87 218 -145
-87 219 -151
-87 219 -150
-87 219 -149
-87 219 -148
-87 219 -147
-87 219 -146
-87 219 -145
-87 220 -160
-87 220 -159
-87 220 -158
-87 220 -157
-87 220 -156
-87 220 -155
-87 220 -154
-87 220 -153
-87 220 -152
-87 220 -151
-87 220 -150
-87 220 -149
-87 220 -148
-87 220 -147
-87 220 -146
-87 220 -145
-87 221 -160
-87 221 -159
-87 221 -158
-87 221 -157
-87 221 -156
-87 221 -155
-87 221 -154
-87 221 -153
-87 221 -152
-87 221 -151
-87 221 -150
-87 221 -149
-87 221 -148
-87 221 -147
-87 221 -146
-87 221 -145
-87 222 -160
-87 222 -159
-87 222 -158
-87 222 -157
-87 222 -156
-87 222 -155
-87 222 -154
-87 222 -153
-87 222 -152
-87 222 -151
-87 222 -150
-87 222 -149
-87 222 -148
-87 222 -147
-87 222 -146
-87 222 -145
-87 223 -160
-87 223 -159
-87 223 -158
-87 223 -157
-87 223 -156
-87 223 -155
-87 223 -154
-87 223 -153
-87 223 -152
-87 223 -151
-87 223 -150
-87 223 -149
-87 223 -148
-87 223 -147
-87 223 -146
-87 223 -145
-87 224 -160
-87 224 -159
-87 224 -158
-87 224 -157
-87 224 -156
-87 224 -155
-87 224 -154
-87 224 -153
-87 224 -152
-87 224 -151
-87 224 -150
-87 224 -149
-87 224 -148
-87 224 -147
-87 224 -146
-87 224 -145
-86 218 -146
-86 218 -145
-86 219 -149
-86 219 -148
-86 219 -147
-86 219 -146
-86 219 -145
-86 220 -152
-86 220 -151
-86 220 -150
-86 220 -149
-86 220 -148
-86 220 -147
-86 220 -146
-86 220 -145
-86 221 -159
-86 221 -158
-86 221 -157
-86 221 -156
-86 221 -155
-86 221 -154
-86 221 -153
-86 221 -152
-86 221 -151
-86 221 -150
-86 221 -149
-86 221 -148
-86 221 -147
-86 221 -146
-86 221 -145
-86 222 -160
-86 222 -159
-86 222 -158
-86 222 -157
-86 222 -156
-86 222 -155
-86 222 -154
-86 222 -153
-86 222 -152
-86 222 -151
-86 222 -150
-86 222 -149
-86 222 -148
-86 222 -147
-86 222 -146
-86 222 -145
-86 223 -160
-86 223 -159
-86 223 -158
-86 223 -157
-86 223 -156
-86 223 -155
-86 223 -154
-86 223 -153
-86 223 -152
-86 223 -151
-86 223 -150
-86 223 -149
-86 223 -148
-86 223 -147
-86 223 -146
-86 223 -145
-86 224 -160
-86 224 -158
-86 224 -157
-86 224 -156
-86 224 -155
-86 224 -154
-86 224 -153
-86 224 -152
-86 224 -151
-86 224 -150
-86 224 -149
-86 224 -148
-86 224 -147
-86 224 -146
-86 224 -145
-85 218 -145
-85 219 -147
-85 219 -146
-85 219 -145
-85 220 -150
-85 220 -149
-85 220 -148
-85 220 -147
-85 220 -146
-85 220 -145
-85 221 -152
-85 221 -151
-85 221 -150
-85 221 -149
-85 221 -148
-85 221 -147
-85 221 -146
-85 221 -145
-85 222 -154
-85 222 -153
-85 222 -152
-85 222 -151
-85 222 -150
-85 222 -149
-85 222 -148
-85 222 -147
-85 222 -146
-85 222 -145
-85 223 -160
-85 223 -159
-85 223 -158
-85 223 -157
-85 223 -156
-85 223 -155
-85 223 -154
-85 223 -153
-85 223 -152
-85 223 -151
-85 223 -150
-85 223 -149
-85 223 -148
-85 223 -147
-85 223 -146
-85 223 -145
-85 224 -160
-85 224 -158
-85 224 -157
-85 224 -156
-85 224 -155
-85 224 -154
-85 224 -153
-85 224 -152
-85 224 -151
-85 224 -150
-85 224 -148
-85 224 -147
-85 224 -146
-85 224 -145
-84 219 -145
-84 220 -148
-84 220 -147
-84 220 -146
-84 220 -145
-84 221 -150
-84 221 -149
-84 221 -148
-84 221 -147
-84 221 -146
-84 221 -145
-84 222 -152
-84 222 -151
-84 222 -150
-84 222 -149
-84 222 -148
-84 222 -147
-84 222 -146
-84 222 -145
-84 223 -153
-84 223 -152
-84 223 -151
-84 223 -150
-84 223 -149
-84 223 -148
-84 223 -147
-84 223 -145
-84 224 -153
-84 224 -152
-84 224 -151
-84 224 -148
-84 224 -147
-84 224 -146
-84 224 -145
-83 220 -145
-83 221 -147
-83 221 -146
-83 221 -145
-83 222 -149
-83 222 -148
-83 222 -147
-83 222 -146
-83 223 -151
-83 223 -150
-83 223 -147
-83 223 -145
-82 222 -146
-82 223 -145
-96 225 -157
-96 225 -156
-96 225 -155
-96 225 -154
-96 226 -158
-96 226 -157
-96 226 -156
-96 226 -152
-96 227 -158
-96 227 -157
-96 227 -156
-96 228 -158
-96 228 -157
-96 228 -156
-96 228 -154
-96 229 -158
-96 229 -157
-96 229 -156
-96 229 -155
-96 229 -154
-96 230 -157
-96 230 -156
-96 230 -155
-95 225 -160
-95 225 -159
-95 225 -158
-95 225 -157
-95 225 -156
-95 225 -155
-95 225 -154
-95 226 -158
-95 226 -157
-95 226 -156
-95 226 -155
-95 226 -154
-95 227 -159
-95 227 -158
-95 227 -157
-95 227 -156
-95 227 -155
-95 227 -154
-95 227 -153
-95 228 -158
-95 228 -157
-95 228 -156
-95 228 -155
-95 229 -158
-95 229 -157
-95 229 -156
-95 229 -155
-95 229 -154
-95 229 -153
-95 229 -152
-95 230 -156
-95 230 -155
-95 230 -154
-95 230 -153
-94 225 -160
-94 225 -159
-94 225 -158
-94 225 -157
-94 225 -156
-94 225 -155
-94 225 -154
-94 226 -160
-94 226 -159
-94 226 -158
-94 226 -157
-94 226 -156
-94 226 -155
-94 226 -154
-94 226 -153
-94 226 -152
-94 227 -160
-94 227 -159
-94 227 -158
-94 227 -157
-94 227 -156
-94 227 -155
-94 227 -154
-94 227 -153
-94 227 -152
-94 227 -151
-94 228 -159
-94 228 -158
-94 228 -157
-94 228 -156
-94 228 -155
-94 228 -154
-94 228 -152
-94 229 -158
-94 229 -157
-94 229 -156
-94 229 -155
-94 229 -154
-94 229 -153
-93 225 -160
-93 225 -159
-93 225 -158
-93 225 -157
-93 225 -156
-93 225 -155
-93 225 -154
-93 225 -153
-93 225 -151
-93 226 -160
-93 226 -159
-93 226 -158
-93 226 -157
-93 226 -156
-93 226 -155
-93 226 -154
-93 226 -153
-93 226 -152
-93 226 -151
-93 227 -160
-93 227 -159
-93 227 -158
-93 227 -157
-93 227 -156
-93 227 -155
-93 227 -154
-93 227 -153
-93 227 -151
-93 228 -160
-93 228 -159
-93 228 -158
-93 228 -157
-93 228 -156
-93 228 -155
-93 228 -154
-93 229 -157
-93 229 -156
-93 229 -155
-93 229 -154
-92 225 -160
-92 225 -159
-92 225 -158
-92 225 -157
-92 225 -156
-92 225 -155
-92 225 -154
-92 225 -153
-92 225 -152
-92 225 -151
-92 225 -146
-92 226 -160
-92 226 -159
-92 226 -158
-92 226 -157
-92 226 -156
-92 226 -155
-92 226 -154
-92 226 -153
-92 226 -152
-92 226 -151
-92 226 -150
-92 226 -149
-92 227 -160
-92 227 -159
-92 227 -158
-92 227 -157
-92 227 -156
-92 227 -155
-92 227 -154
-92 227 -153
-92 227 -152
-92 227 -151
-92 228 -160
-92 228 -159
-92 228 -158
-92 228 -157
-92 228 -156
-92 228 -155
-92 228 -154
-92 228 -153
-92 228 -151
-92 229 -157
-91 225 -160
-91 225 -159
-91 225 -158
-91 225 -157
-91 225 -156
-91 225 -155
-91 225 -154
-91 225 -153
-91 225 -152
-91 225 -151
-91 225 -146
-91 226 -160
-91 226 -159
-91 226 -158
-91 226 -157
-91 226 -156
-91 226 -155
-91 226 -154
-91 226 -153
-91 226 -152
-91 226 -151
-91 226 -150
-91 226 -149
-91 227 -160
-91 227 -159
-91 227 -158
-91 227 -157
-91 227 -156
-91 227 -155
-91 227 -154
-91 227 -153
-91 227 -152
-91 227 -151
-91 227 -148
-91 228 -160
-91 228 -159
-91 228 -158
-91 228 -157
-91 228 -156
-91 228 -155
-91 228 -154
-91 228 -153
-91 228 -152
-91 228 -151
-91 229 -160
-91 229 -159
-91 229 -158
-91 229 -157
-91 229 -156
-90 225 -160
-90 225 -159
-90 225 -158
-90 225 -157
-90 225 -156
-90 225 -155
-90 225 -154
-90 225 -153
-90 225 -152
-90 225 -151
-90 225 -150
-90 225 -149
-90 225 -148
-90 225 -146
-90 225 -145
-90 226 -160
-90 226 -159
-90 226 -158
-90 226 -157
-90 226 -156
-90 226 -155
-90 226 -154
-90 226 -153
-90 226 -152
-90 226 -151
-90 226 -150
-90 226 -149
-90 226 -148
-90 226 -147
-90 227 -160
-90 227 -159
-90 227 -158
-90 227 -157
-90 227 -156
-90 227 -155
-90 227 -154
-90 227 -153
-90 227 -152
-90 227 -151
-90 227 -150
-90 227 -147
-90 227 -145
-90 228 -160
-90 228 -159
-90 228 -158
-90 228 -157
-90 228 -156
-90 228 -155
-90 228 -154
-90 228 -153
-90 228 -152
-90 228 -151
-90 229 -160
-90 229 -159
-90 229 -158
-90 229 -157
-90 229 -156
-90 229 -155
-90 229 -154
-90 229 -153
-90 229 -152
-89 225 -160
-89 225 -159
-89 225 -158
-89 225 -157
-89 225 -156
-89 225 -155
-89 225 -154
-89 225 -153
-89 225 -152
-89 225 -151
-89 225 -150
-89 225 -149
-89 225 -148
-89 225 -147
-89 225 -146
-89 225 -145
-89 226 -160
-89 226 -159
-89 226 -158
-89 226 -157
-89 226 -156
-89 226 -155
-89 226 -154
-89 226 -153
-89 226 -152
-89 226 -151
-89 226 -150
-89 226 -149
-89 226 -148
-89 226 -147
-89 226 -146
-89 226 -145
-89 227 -160
-89 227 -159
-89 227 -158
-89 227 -157
-89 227 -156
-89 227 -155
-89 227 -154
-89 227 -153
-89 227 -152
-89 227 -151
-89 227 -150
-89 227 -149
-89 227 -148
-89 227 -147
-89 227 -145
-89 228 -160
-89 228 -159
-89 228 -158
-89 228 -157
-89 228 -156
-89 228 -155
-89 228 -154
-89 228 -153
-89 228 -152
-89 228 -151
-89 228 -150
-89 229 -160
-89 229 -159
-89 229 -158
-89 229 -157
-89 229 -156
-89 229 -155
-89 229 -154
-89 229 -153
-89 229 -152
-89 229 -151
-89 229 -150
-89 229 -149
-88 225 -160
-88 225 -159
-88 225 -158
-88 225 -157
-88 225 -156
-88 225 -155
-88 225 -154
-88 225 -153
-88 225 -152
-88 225 -151
-88 225 -150
-88 225 -149
-88 225 -148
-88 225 -147
-88 225 -146
-88 225 -145
-88 226 -160
-88 226 -159
-88 226 -158
-88 226 -157
-88 226 -156
-88 226 -155
-88 226 -154
-88 226 -153
-88 226 -152
-88 226 -151
-88 226 -150
-88 226 -149
-88 226 -148
-88 226 -147
-88 226 -146
-88 226 -145
-88 227 -160
-88 227 -159
-88 227 -158
-88 227 -157
-88 227 -156
-88 227 -155
-88 227 -154
-88 227 -153
-88 227 -152
-88 227 -151
-88 227 -150
-88 227 -149
-88 227 -148
-88 227 -147
-88 227 -146
-88 227 -145
-88 228 -160
-88 228 -159
-88 228 -158
-88 228 -157
-88 228 -156
-88 228 -155
-88 228 -154
-88 228 -153
-88 228 -152
-88 228 -151
-88 228 -150
-88 228 -149
-88 228 -148
-88 228 -146
-88 228 -145
-88 229 -153
-88 229 -152
-88 229 -151
-88 229 -150
-88 229 -149
-87 225 -160
-87 225 -159
-87 225 -158
-87 225 -157
-87 225 -156
-87 225 -155
-87 225 -154
-87 225 -153
-87 225 -152
-87 225 -151
-87 225 -150
-87 225 -149
-87 225 -148
-87 225 -147
-87 225 -146
-87 225 -145
-87 226 -160
-87 226 -159
-87 226 -158
-87 226 -157
-87 226 -156
-87 226 -155
-87 226 -154
-87 226 -153
-87 226 -152
-87 226 -151
-87 226 -150
-87 226 -149
-87 226 -148
-87 226 -147
-87 226 -146
-87 226 -145
-87 227 -160
-87 227 -159
-87 227 -158
-87 227 -157
-87 227 -156
-87 227 -155
-87 227 -154
-87 227 -153
-87 227 -152
-87 227 -151
-87 227 -150
-87 227 -149
-87 227 -148
-87 227 -147
-87 227 -146
-87 227 -145
-87 228 -159
-87 228 -158
-87 228 -157
-87 228 -156
-87 228 -155
-87 228 -154
-87 228 -153
-87 228 -152
-87 228 -151
-87 228 -150
-87 228 -149
-87 228 -148
-87 228 -147
-87 228 -146
-87 228 -145
-87 229 -150
-87 229 -149
-86 225 -160
-86 225 -159
-86 225 -158
-86 225 -157
-86 225 -156
-86 225 -155
-86 225 -154
-86 225 -153
-86 225 -152
-86 225 -151
-86 225 -150
-86 225 -149
-86 225 -148
-86 225 -147
-86 225 -146
-86 225 -145
-86 226 -158
-86 226 -157
-86 226 -156
-86 226 -155
-86 226 -154
-86 226 -153
-86 226 -152
-86 226 -151
-86 226 -150
-86 226 -149
-86 226 -148
-86 226 -147
-86 226 -146
-86 227 -158
-86 227 -157
-86 227 -156
-86 227 -155
-86 227 -154
-86 227 -153
-86 227 -152
-86 227 -151
-86 227 -150
-86 227 -149
-86 227 -148
-86 227 -147
-86 227 -146
-86 228 -151
-86 228 -150
-86 228 -149
-86 228 -148
-86 228 -147
-86 228 -146
-86 228 -145
-85 225 -158
-85 225 -157
-85 225 -156
-85 225 -155
-85 225 -154
-85 225 -153
-85 225 -152
-85 225 -151
-85 225 -150
-85 225 -149
-85 225 -148
-85 225 -147
-85 225 -146
-85 225 -145
-85 226 -154
-85 226 -153
-85 226 -152
-85 226 -150
-85 226 -149
-85 226 -148
-85 226 -147
-85 227 -152
-85 227 -151
-85 227 -150
-85 227 -149
-85 227 -148
-85 227 -147
-85 227 -146
-85 228 -150
-85 228 -149
-85 228 -148
-84 225 -152
-84 225 -150
-84 225 -149
-84 225 -148
-84 225 -146
-84 226 -149
-84 226 -148
-84 227 -150
-84 227 -149
-84 227 -148
-84 227 -147
-83 225 -148
alfheim:altLeaves
6
-96 218 -147
-96 218 -146
-96 219 -149
-96 219 -147
-96 219 -146
-96 220 -149
-96 220 -148
-96 220 -147
-96 220 -146
-96 221 -149
-96 221 -148
-96 221 -147
-96 222 -151
-96 222 -150
-96 222 -149
-96 222 -148
-96 222 -147
-96 222 -146
-96 223 -152
-96 223 -151
-96 223 -150
-96 223 -149
-96 223 -148
-96 223 -147
-96 223 -146
-96 223 -145
-96 224 -153
-96 224 -152
-96 224 -151
-96 224 -150
-96 224 -149
-96 224 -148
-96 224 -147
-96 224 -146
-96 224 -145
-95 218 -148
-95 219 -148
-95 219 -146
-95 220 -150
-95 220 -149
-95 220 -148
-95 220 -146
-95 221 -151
-95 221 -150
-95 221 -149
-95 221 -148
-95 221 -147
-95 222 -152
-95 222 -151
-95 222 -150
-95 222 -149
-95 222 -148
-95 222 -147
-95 222 -146
-95 223 -152
-95 223 -151
-95 223 -150
-95 223 -149
-95 223 -148
-95 223 -147
-95 223 -146
-95 223 -145
-95 224 -152
-95 224 -151
-95 224 -150
-95 224 -149
-95 224 -148
-95 224 -147
-95 224 -146
-95 224 -145
-94 219 -148
-94 220 -148
-94 220 -146
-94 221 -149
-94 221 -148
-94 221 -147
-94 222 -150
-94 222 -149
-94 222 -148
-94 222 -147
-94 222 -145
-94 223 -151
-94 223 -150
-94 223 -149
-94 223 -148
-94 223 -147
-94 223 -146
-94 223 -145
-94 224 -152
-94 224 -151
-94 224 -150
-94 224 -149
-94 224 -147
-94 224 -146
-94 224 -145
-93 221 -148
-93 222 -150
-93 222 -147
-93 223 -148
-93 223 -147
-93 223 -145
-93 224 -150
-93 224 -148
-93 224 -147
-93 224 -146
-92 223 -146
-92 224 -150
-92 224 -149
-92 224 -147
-92 224 -146
-86 221 -160
-86 224 -159
-85 220 -160
-85 220 -159
-85 221 -160
-85 222 -160
-85 222 -159
-85 224 -159
-85 224 -149
-84 216 -159
-84 217 -159
-84 217 -158
-84 218 -160
-84 218 -159
-84 219 -160
-84 219 -159
-84 220 -160
-84 220 -159
-84 221 -160
-84 221 -159
-84 222 -160
-84 222 -159
-84 222 -158
-84 223 -160
-84 223 -159
-84 223 -158
-84 223 -146
-84 224 -160
-84 224 -159
-84 224 -158
-84 224 -150
-84 224 -149
-83 215 -159
-83 216 -159
-83 216 -158
-83 217 -160
-83 217 -159
-83 217 -158
-83 218 -160
-83 219 -160
-83 219 -159
-83 219 -157
-83 220 -160
-83 220 -159
-83 220 -158
-83 221 -160
-83 221 -158
-83 221 -157
-83 221 -156
-83 222 -160
-83 222 -159
-83 222 -158
-83 222 -157
-83 222 -145
-83 223 -160
-83 223 -159
-83 223 -158
-83 223 -149
-83 223 -148
-83 223 -146
-83 224 -160
-83 224 -159
-83 224 -158
-83 224 -157
-83 224 -151
-83 224 -150
-83 224 -149
-83 224 -148
-83 224 -147
-83 224 -146
-83 224 -145
-82 215 -159
-82 216 -160
-82 216 -159
-82 216 -158
-82 217 -160
-82 217 -159
-82 217 -158
-82 217 -157
-82 218 -160
-82 218 -158
-82 218 -157
-82 218 -156
-82 219 -160
-82 219 -159
-82 219 -157
-82 220 -160
-82 220 -159
-82 220 -158
-82 220 -157
-82 220 -155
-82 220 -145
-82 221 -160
-82 221 -159
-82 221 -158
-82 221 -157
-82 221 -156
-82 221 -149
-82 222 -160
-82 222 -159
-82 222 -158
-82 222 -152
-82 222 -151
-82 222 -150
-82 222 -149
-82 222 -147
-82 222 -145
-82 223 -160
-82 223 -159
-82 223 -158
-82 223 -157
-82 223 -150
-82 223 -149
-82 223 -148
-82 223 -147
-82 223 -146
-82 224 -160
-82 224 -159
-82 224 -158
-82 224 -157
-82 224 -152
-82 224 -151
-82 224 -150
-82 224 -149
-82 224 -148
-82 224 -147
-82 224 -146
-82 224 -145
-81 215 -160
-81 215 -158
-81 216 -160
-81 216 -159
-81 216 -158
-81 217 -160
-81 217 -159
-81 217 -158
-81 217 -157
-81 218 -160
-81 218 -159
-81 218 -158
-81 218 -157
-81 219 -160
-81 219 -159
-81 219 -158
-81 219 -157
-81 219 -156
-81 219 -146
-81 219 -145
-81 220 -160
-81 220 -159
-81 220 -158
-81 220 -157
-81 220 -156
-81 220 -155
-81 220 -152
-81 220 -145
-81 221 -160
-81 221 -159
-81 221 -158
-81 221 -157
-81 221 -156
-81 221 -154
-81 221 -150
-81 221 -148
-81 221 -147
-81 221 -146
-81 221 -145
-81 222 -160
-81 222 -159
-81 222 -158
-81 222 -157
-81 222 -156
-81 222 -155
-81 222 -152
-81 222 -151
-81 222 -149
-81 222 -148
-81 222 -147
-81 222 -146
-81 222 -145
-81 223 -159
-81 223 -157
-81 223 -156
-81 223 -155
-81 223 -153
-81 223 -152
-81 223 -151
-81 223 -150
-81 223 -149
-81 223 -148
-81 223 -147
-81 223 -146
-81 223 -145
-81 224 -160
-81 224 -159
-81 224 -158
-81 224 -157
-81 224 -155
-81 224 -151
-81 224 -150
-81 224 -149
-81 224 -148
-81 224 -147
-81 224 -146
-81 224 -145
-96 225 -153
-96 225 -152
-96 225 -151
-96 225 -150
-96 225 -149
-96 225 -148
-96 225 -147
-96 225 -146
-96 225 -145
-96 226 -155
-96 226 -154
-96 226 -153
-96 226 -151
-96 226 -150
-96 226 -149
-96 226 -148
-96 226 -147
-96 226 -146
-96 226 -145
-96 227 -155
-96 227 -154
-96 227 -153
-96 227 -152
-96 227 -151
-96 227 -150
-96 227 -149
-96 227 -148
-96 227 -147
-96 227 -146
-96 227 -145
-96 228 -155
-96 228 -153
-96 228 -152
-96 228 -151
-96 228 -150
-96 228 -149
-96 228 -148
-96 228 -147
-96 228 -146
-96 228 -145
-96 229 -153
-96 229 -152
-96 229 -151
-96 229 -150
-96 229 -149
-96 229 -148
-96 229 -147
-96 229 -146
-96 229 -145
-96 230 -154
-96 230 -153
-96 230 -152
-96 230 -151
-96 230 -150
-96 230 -149
-96 230 -148
-96 230 -147
-96 230 -146
-96 230 -145
-96 231 -154
-96 231 -150
-96 231 -149
-96 231 -148
-96 231 -147
-96 231 -146
-96 231 -145
-96 232 -149
-96 232 -148
-96 232 -147
-96 232 -146
-96 232 -145
-96 233 -150
-96 233 -149
-96 233 -148
-96 233 -147
-96 233 -146
-96 233 -145
-96 234 -157
-96 234 -156
-96 234 -155
-96 234 -150
-96 234 -149
-96 234 -148
-96 234 -147
-96 234 -146
-96 234 -145
-96 235 -157
-96 235 -156
-96 235 -149
-96 235 -148
-96 235 -147
-96 235 -146
-96 235 -145
-96 236 -158
-96 236 -157
-96 236 -155
-96 236 -154
-96 236 -149
-96 236 -148
-96 236 -147
-96 236 -146
-96 236 -145
-96 237 -157
-96 237 -155
-96 237 -150
-96 237 -148
-96 237 -147
-96 237 -146
-96 237 -145
-96 238 -148
-96 238 -147
-96 238 -145
-96 239 -160
-96 239 -159
-96 239 -150
-96 239 -149
-96 239 -148
-96 239 -147
-96 239 -146
-96 240 -160
-96 240 -159
-96 240 -158
-96 240 -157
-96 240 -153
-96 240 -151
-96 240 -150
-96 240 -149
-96 240 -148
-96 240 -146
-96 240 -145
-96 241 -160
-96 241 -159
-96 241 -158
-96 241 -154
-96 241 -153
-96 241 -152
-96 241 -151
-96 241 -150
-96 241 -149
-96 241 -148
-96 241 -147
-96 241 -146
-96 241 -145
-96 242 -160
-96 242 -159
-96 242 -158
-96 242 -157
-96 242 -156
-96 242 -153
-96 242 -152
-96 242 -151
-96 242 -150
-96 242 -149
-96 242 -148
-96 242 -147
-96 242 -146
-96 242 -145
-96 243 -160
-96 243 -159
-96 243 -158
-96 243 -157
-96 243 -155
-96 243 -154
-96 243 -153
-96 243 -152
-96 243 -151
-96 243 -150
-96 243 -149
-96 243 -148
-96 243 -147
-96 243 -146
-96 243 -145
-96 244 -160
-96 244 -159
-96 244 -158
-96 244 -156
-96 244 -155
-96 244 -154
-96 244 -153
-96 244 -152
-96 244 -151
-96 244 -150
-96 244 -149
-96 244 -148
-96 244 -147
-96 244 -146
-96 244 -145
-96 245 -160
-96 245 -159
-96 245 -158
-96 245 -157
-96 245 -156
-96 245 -155
-96 245 -154
-96 245 -153
-96 245 -152
-96 245 -151
-96 245 -150
-96 245 -149
-96 245 -148
-96 245 -147
-96 245 -146
-96 245 -145
-96 246 -160
-96 246 -159
-96 246 -158
-96 246 -157
-96 246 -156
-96 246 -155
-96 246 -154
-96 246 -153
-96 246 -152
-96 246 -151
-96 246 -150
-96 246 -149
-96 246 -148
-96 246 -147
-96 246 -146
-96 246 -145
-96 247 -160
-96 247 -159
-96 247 -155
-96 247 -154
-96 247 -153
-96 247 -152
-96 247 -151
-96 247 -150
-96 247 -149
-96 247 -147
-96 247 -146
-96 247 -145
-96 248 -155
-96 248 -154
-96 248 -153
-96 248 -152
-96 248 -151
-96 248 -150
-96 248 -149
-96 248 -148
-96 248 -147
-96 248 -145
-96 249 -155
-96 249 -154
-96 249 -153
-96 249 -152
-96 249 -151
-96 249 -150
-96 249 -148
-96 249 -147
-96 249 -145
-96 250 -155
-96 250 -154
-96 250 -153
-96 250 -152
-96 250 -151
-96 250 -150
-96 250 -147
-96 251 -152
-96 251 -151
-96 252 -152
-96 252 -151
-95 225 -153
-95 225 -152
-95 225 -151
-95 225 -150
-95 225 -149
-95 225 -148
-95 225 -147
-95 225 -146
-95 225 -145
-95 226 -153
-95 226 -152
-95 226 -151
-95 226 -150
-95 226 -149
-95 226 -148
-95 226 -147
-95 226 -146
-95 226 -145
-95 227 -152
-95 227 -151
-95 227 -150
-95 227 -149
-95 227 -148
-95 227 -147
-95 227 -146
-95 227 -145
-95 228 -154
-95 228 -153
-95 228 -152
-95 228 -151
-95 228 -150
-95 228 -149
-95 228 -148
-95 228 -147
-95 228 -146
-95 228 -145
-95 229 -151
-95 229 -150
-95 229 -149
-95 229 -148
-95 229 -147
-95 229 -146
-95 229 -145
-95 230 -152
-95 230 -151
-95 230 -150
-95 230 -149
-95 230 -148
-95 230 -147
-95 230 -146
-95 230 -145
-95 231 -149
-95 231 -148
-95 231 -147
-95 231 -146
-95 231 -145
-95 232 -149
-95 232 -148
-95 232 -147
-95 232 -146
-95 232 -145
-95 233 -149
-95 233 -148
-95 233 -147
-95 233 -146
-95 233 -145
-95 234 -149
-95 234 -148
-95 234 -147
-95 234 -146
-95 234 -145
-95 235 -148
-95 235 -147
-95 235 -146
-95 235 -145
-95 236 -148
-95 236 -147
-95 236 -146
-95 236 -145
-95 237 -148
-95 237 -147
-95 237 -145
-95 238 -147
-95 238 -145
-95 239 -159
-95 239 -149
-95 239 -148
-95 239 -146
-95 239 -145
-95 240 -160
-95 240 -159
-95 240 -158
-95 240 -151
-95 240 -150
-95 240 -149
-95 240 -148
-95 240 -147
-95 240 -146
-95 240 -145
-95 241 -160
-95 241 -159
-95 241 -153
-95 241 -152
-95 241 -151
-95 241 -150
-95 241 -149
-95 241 -148
-95 241 -147
-95 241 -146
-95 241 -145
-95 242 -160
-95 242 -159
-95 242 -158
-95 242 -155
-95 242 -153
-95 242 -152
-95 242 -151
-95 242 -150
-95 242 -149
-95 242 -148
-95 242 -147
-95 242 -146
-95 242 -145
-95 243 -160
-95 243 -159
-95 243 -157
-95 243 -156
-95 243 -155
-95 243 -154
-95 243 -153
-95 243 -152
-95 243 -151
-95 243 -150
-95 243 -149
-95 243 -148
-95 243 -147
-95 243 -146
-95 243 -145
-95 244 -160
-95 244 -159
-95 244 -158
-95 244 -156
-95 244 -155
-95 244 -154
-95 244 -153
-95 244 -152
-95 244 -151
-95 244 -150
-95 244 -149
-95 244 -148
-95 244 -147
-95 244 -146
-95 244 -145
-95 245 -160
-95 245 -159
-95 245 -158
-95 245 -157
-95 245 -156
-95 245 -155
-95 245 -154
-95 245 -153
-95 245 -152
-95 245 -151
-95 245 -150
-95 245 -149
-95 245 -148
-95 245 -147
-95 245 -146
-95 245 -145
-95 246 -160
-95 246 -159
-95 246 -158
-95 246 -157
-95 246 -156
-95 246 -155
-95 246 -154
-95 246 -153
-95 246 -152
-95 246 -151
-95 246 -150
-95 246 -149
-95 246 -148
-95 246 -147
-95 246 -146
-95 246 -145
-95 247 -160
-95 247 -158
-95 247 -157
-95 247 -156
-95 247 -155
-95 247 -154
-95 247 -153
-95 247 -152
-95 247 -151
-95 247 -150
-95 247 -149
-95 247 -148
-95 247 -147
-95 247 -146
-95 247 -145
-95 248 -160
-95 248 -156
-95 248 -154
-95 248 -153
-95 248 -152
-95 248 -151
-95 248 -150
-95 248 -149
-95 248 -148
-95 248 -146
-95 248 -145
-95 249 -155
-95 249 -153
-95 249 -152
-95 249 -151
-95 249 -150
-95 249 -149
-95 249 -148
-95 250 -152
-95 250 -151
-95 250 -150
-95 250 -149
-95 251 -151
-95 251 -150
-95 252 -152
-95 252 -151
-95 253 -151
-94 225 -153
-94 225 -152
-94 225 -151
-94 225 -150
-94 225 -149
-94 225 -148
-94 225 -147
-94 225 -146
-94 225 -145
-94 226 -151
-94 226 -150
-94 226 -149
-94 226 -148
-94 226 -147
-94 226 -146
-94 226 -145
-94 227 -149
-94 227 -148
-94 227 -147
-94 227 -146
-94 227 -145
-94 228 -153
-94 228 -150
-94 228 -149
-94 228 -148
-94 228 -147
-94 228 -146
-94 228 -145
-94 229 -152
-94 229 -151
-94 229 -150
-94 229 -149
-94 229 -148
-94 229 -147
-94 229 -146
-94 229 -145
-94 230 -151
-94 230 -150
-94 230 -149
-94 230 -148
-94 230 -147
-94 230 -146
-94 230 -145
-94 231 -151
-94 231 -150
-94 231 -149
-94 231 -148
-94 231 -147
-94 231 -146
-94 231 -145
-94 232 -148
-94 232 -147
-94 232 -146
-94 232 -145
-94 233 -149
-94 233 -148
-94 233 -147
-94 233 -146
-94 233 -145
-94 234 -148
-94 234 -147
-94 234 -145
-94 235 -145
-94 236 -145
-94 238 -160
-94 238 -147
-94 238 -145
-94 240 -159
-94 240 -149
-94 240 -145
-94 241 -160
-94 241 -159
-94 241 -158
-94 241 -153
-94 241 -150
-94 241 -149
-94 241 -145
-94 242 -159
-94 242 -157
-94 242 -156
-94 242 -155
-94 242 -154
-94 242 -153
-94 242 -152
-94 242 -151
-94 242 -150
-94 242 -149
-94 242 -146
-94 242 -145
-94 243 -160
-94 243 -159
-94 243 -158
-94 243 -157
-94 243 -156
-94 243 -155
-94 243 -154
-94 243 -153
-94 243 -152
-94 243 -151
-94 243 -150
-94 243 -149
-94 243 -148
-94 243 -147
-94 243 -146
-94 243 -145
-94 244 -160
-94 244 -158
-94 244 -156
-94 244 -155
-94 244 -154
-94 244 -153
-94 244 -152
-94 244 -151
-94 244 -150
-94 244 -149
-94 244 -148
-94 244 -147
-94 244 -146
-94 244 -145
-94 245 -160
-94 245 -159
-94 245 -158
-94 245 -157
-94 245 -156
-94 245 -155
-94 245 -154
-94 245 -153
-94 245 -152
-94 245 -151
-94 245 -150
-94 245 -149
-94 245 -148
-94 245 -147
-94 245 -146
-94 245 -145
-94 246 -160
-94 246 -159
-94 246 -158
-94 246 -157
-94 246 -156
-94 246 -155
-94 246 -154
-94 246 -153
-94 246 -152
-94 246 -151
-94 246 -150
-94 246 -149
-94 246 -148
-94 246 -147
-94 246 -146
-94 246 -145
-94 247 -160
-94 247 -159
-94 247 -158
-94 247 -157
-94 247 -156
-94 247 -155
-94 247 -154
-94 247 -153
-94 247 -152
-94 247 -151
-94 247 -150
-94 247 -149
-94 247 -148
-94 247 -147
-94 247 -146
-94 247 -145
-94 248 -159
-94 248 -156
-94 248 -155
-94 248 -154
-94 248 -153
-94 248 -152
-94 248 -151
-94 248 -150
-94 248 -149
-94 248 -148
-94 248 -147
-94 248 -146
-94 248 -145
-94 249 -156
-94 249 -155
-94 249 -154
-94 249 -153
-94 249 -152
-94 249 -151
-94 249 -150
-94 249 -147
-94 250 -152
-94 250 -151
-94 251 -152
-94 251 -151
-94 251 -150
-93 225 -152
-93 225 -150
-93 225 -149
-93 225 -148
-93 225 -147
-93 225 -146
-93 225 -145
-93 226 -150
-93 226 -149
-93 226 -148
-93 226 -147
-93 226 -146
-93 226 -145
-93 227 -152
-93 227 -150
-93 227 -148
-93 227 -147
-93 227 -146
-93 227 -145
-93 228 -153
-93 228 -152
-93 228 -151
-93 228 -150
-93 228 -149
-93 228 -148
-93 228 -147
-93 228 -146
-93 228 -145
-93 229 -153
-93 229 -152
-93 229 -151
-93 229 -150
-93 229 -149
-93 229 -148
-93 229 -147
-93 229 -146
-93 229 -145
-93 230 -152
-93 230 -151
-93 230 -150
-93 230 -149
-93 230 -148
-93 230 -147
-93 230 -146
-93 230 -145
-93 231 -151
-93 231 -150
-93 231 -149
-93 231 -148
-93 231 -147
-93 231 -146
-93 231 -145
-93 232 -149
-93 232 -148
-93 232 -147
-93 232 -146
-93 232 -145
-93 233 -148
-93 234 -149
-93 234 -148
-93 234 -147
-93 235 -148
-93 236 -145
-93 237 -145
-93 241 -160
-93 241 -157
-93 241 -156
-93 241 -155
-93 241 -153
-93 241 -151
-93 241 -145
-93 242 -160
-93 242 -159
-93 242 -158
-93 242 -157
-93 242 -156
-93 242 -155
-93 242 -154
-93 242 -153
-93 242 -152
-93 242 -151
-93 242 -150
-93 242 -149
-93 242 -148
-93 242 -146
-93 242 -145
-93 243 -160
-93 243 -159
-93 243 -158
-93 243 -157
-93 243 -156
-93 243 -155
-93 243 -154
-93 243 -153
-93 243 -152
-93 243 -151
-93 243 -150
-93 243 -149
-93 243 -148
-93 243 -147
-93 243 -146
-93 243 -145
-93 244 -160
-93 244 -159
-93 244 -158
-93 244 -157
-93 244 -156
-93 244 -155
-93 244 -154
-93 244 -153
-93 244 -152
-93 244 -151
-93 244 -150
-93 244 -149
-93 244 -148
-93 244 -147
-93 244 -146
-93 244 -145
-93 245 -160
-93 245 -159
-93 245 -158
-93 245 -157
-93 245 -156
-93 245 -155
-93 245 -154
-93 245 -153
-93 245 -152
-93 245 -151
-93 245 -150
-93 245 -149
-93 245 -148
-93 245 -147
-93 245 -146
-93 245 -145
-93 246 -160
-93 246 -159
-93 246 -158
-93 246 -157
-93 246 -156
-93 246 -155
-93 246 -154
-93 246 -153
-93 246 -152
-93 246 -151
-93 246 -150
-93 246 -149
-93 246 -148
-93 246 -147
-93 246 -146
-93 246 -145
-93 247 -160
-93 247 -159
-93 247 -158
-93 247 -157
-93 247 -156
-93 247 -155
-93 247 -154
-93 247 -153
-93 247 -152
-93 247 -151
-93 247 -150
-93 247 -149
-93 247 -148
-93 247 -147
-93 247 -146
-93 247 -145
-93 248 -159
-93 248 -157
-93 248 -156
-93 248 -155
-93 248 -154
-93 248 -153
-93 248 -152
-93 248 -151
-93 248 -150
-93 248 -149
-93 248 -148
-93 248 -147
-93 248 -146
-93 248 -145
-93 249 -158
-93 249 -156
-93 249 -155
-93 249 -154
-93 249 -153
-93 249 -152
-93 249 -151
-93 249 -150
-93 249 -149
-93 249 -148
-93 249 -147
-93 249 -145
-93 250 -157
-93 250 -156
-93 250 -155
-93 250 -154
-93 250 -152
-93 250 -151
-93 250 -150
-93 251 -155
-93 251 -151
-92 225 -150
-92 225 -149
-92 225 -148
-92 225 -147
-92 226 -148
-92 226 -147
-92 226 -146
-92 226 -145
-92 227 -150
-92 227 -149
-92 227 -148
-92 227 -147
-92 227 -146
-92 227 -145
-92 228 -152
-92 228 -150
-92 228 -149
-92 228 -148
-92 228 -147
-92 228 -146
-92 228 -145
-92 229 -151
-92 229 -149
-92 229 -148
-92 229 -147
-92 229 -146
-92 229 -145
-92 230 -152
-92 230 -151
-92 230 -150
-92 230 -149
-92 230 -148
-92 230 -147
-92 230 -146
-92 230 -145
-92 231 -150
-92 231 -149
-92 231 -147
-92 231 -146
-92 231 -145
-92 232 -149
-92 232 -148
-92 232 -146
-92 232 -145
-92 233 -148
-92 234 -148
-92 240 -160
-92 241 -160
-92 241 -157
-92 241 -155
-92 241 -152
-92 241 -151
-92 241 -150
-92 241 -147
-92 241 -145
-92 242 -160
-92 242 -159
-92 242 -157
-92 242 -156
-92 242 -154
-92 242 -153
-92 242 -152
-92 242 -151
-92 242 -150
-92 242 -149
-92 242 -147
-92 242 -145
-92 243 -160
-92 243 -159
-92 243 -158
-92 243 -157
-92 243 -156
-92 243 -155
-92 243 -154
-92 243 -153
-92 243 -152
-92 243 -151
-92 243 -150
-92 243 -149
-92 243 -148
-92 243 -147
-92 243 -146
-92 243 -145
-92 244 -160
-92 244 -159
-92 244 -158
-92 244 -157
-92 244 -156
-92 244 -155
-92 244 -154
-92 244 -153
-92 244 -152
-92 244 -151
-92 244 -150
-92 244 -149
-92 244 -148
-92 244 -147
-92 244 -146
-92 244 -145
-92 245 -160
-92 245 -159
-92 245 -158
-92 245 -157
-92 245 -156
-92 245 -155
-92 245 -154
-92 245 -153
-92 245 -152
-92 245 -151
-92 245 -150
-92 245 -149
-92 245 -148
-92 245 -147
-92 245 -146
-92 245 -145
-92 246 -160
-92 246 -159
-92 246 -158
-92 246 -157
-92 246 -156
-92 246 -155
-92 246 -154
-92 246 -153
-92 246 -152
-92 246 -151
-92 246 -150
-92 246 -149
-92 246 -148
-92 246 -147
-92 246 -146
-92 246 -145
-92 247 -159
-92 247 -158
-92 247 -157
-92 247 -156
-92 247 -155
-92 247 -154
-92 247 -153
-92 247 -152
-92 247 -151
-92 247 -150
-92 247 -149
-92 247 -148
-92 247 -146
-92 247 -145
-92 248 -159
-92 248 -158
-92 248 -157
-92 248 -156
-92 248 -155
-92 248 -154
-92 248 -153
-92 248 -151
-92 248 -150
-92 248 -149
-92 248 -148
-92 248 -147
-92 248 -146
-92 249 -160
-92 249 -159
-92 249 -158
-92 249 -157
-92 249 -155
-92 249 -154
-92 249 -153
-92 249 -152
-92 249 -150
-92 249 -147
-92 249 -146
-92 249 -145
-92 250 -159
-92 250 -157
-92 250 -154
-92 250 -153
-92 250 -152
-92 250 -147
-91 225 -150
-91 225 -149
-91 225 -148
-91 225 -147
-91 225 -145
-91 226 -148
-91 226 -147
-91 226 -146
-91 226 -145
-91 227 -150
-91 227 -149
-91 227 -147
-91 227 -146
-91 227 -145
-91 228 -150
-91 228 -149
-91 228 -148
-91 228 -147
-91 228 -146
-91 228 -145
-91 229 -150
-91 229 -149
-91 229 -148
-91 229 -147
-91 229 -146
-91 229 -145
-91 230 -151
-91 230 -150
-91 230 -148
-91 230 -146
-91 230 -145
-91 231 -147
-91 231 -146
-91 232 -146
-91 232 -145
-91 234 -145
-91 235 -146
-91 235 -145
-91 236 -157
-91 236 -154
-91 236 -146
-91 237 -158
-91 237 -156
-91 237 -147
-91 237 -146
-91 237 -145
-91 238 -157
-91 238 -156
-91 238 -154
-91 239 -155
-91 239 -154
-91 240 -158
-91 240 -156
-91 240 -155
-91 241 -159
-91 241 -158
-91 241 -156
-91 241 -155
-91 241 -150
-91 241 -148
-91 241 -147
-91 241 -146
-91 241 -145
-91 242 -160
-91 242 -159
-91 242 -158
-91 242 -157
-91 242 -155
-91 242 -154
-91 242 -152
-91 242 -151
-91 242 -150
-91 242 -149
-91 242 -147
-91 242 -146
-91 242 -145
-91 243 -160
-91 243 -159
-91 243 -158
-91 243 -157
-91 243 -156
-91 243 -155
-91 243 -154
-91 243 -153
-91 243 -152
-91 243 -151
-91 243 -150
-91 243 -149
-91 243 -148
-91 243 -147
-91 243 -146
-91 243 -145
-91 244 -160
-91 244 -159
-91 244 -158
-91 244 -157
-91 244 -156
-91 244 -155
-91 244 -154
-91 244 -153
-91 244 -152
-91 244 -151
-91 244 -150
-91 244 -149
-91 244 -148
-91 244 -147
-91 244 -146
-91 244 -145
-91 245 -160
-91 245 -159
-91 245 -158
-91 245 -157
-91 245 -156
-91 245 -155
-91 245 -154
-91 245 -153
-91 245 -152
-91 245 -151
-91 245 -150
-91 245 -149
-91 245 -148
-91 245 -147
-91 245 -146
-91 245 -145
-91 246 -160
-91 246 -159
-91 246 -158
-91 246 -157
-91 246 -156
-91 246 -155
-91 246 -154
-91 246 -153
-91 246 -152
-91 246 -151
-91 246 -150
-91 246 -149
-91 246 -148
-91 246 -147
-91 246 -146
-91 247 -160
-91 247 -159
-91 247 -158
-91 247 -157
-91 247 -156
-91 247 -155
-91 247 -154
-91 247 -153
-91 247 -152
-91 247 -151
-91 247 -150
-91 247 -149
-91 247 -148
-91 247 -147
-91 247 -146
-91 247 -145
-91 248 -159
-91 248 -158
-91 248 -157
-91 248 -156
-91 248 -155
-91 248 -154
-91 248 -153
-91 248 -152
-91 248 -151
-91 248 -150
-91 248 -149
-91 248 -148
-91 248 -147
-91 248 -146
-91 248 -145
-91 249 -159
-91 249 -158
-91 249 -157
-91 249 -156
-91 249 -155
-91 249 -154
-91 249 -153
-91 249 -150
-91 249 -148
-91 249 -145
-91 250 -157
-91 250 -155
-91 250 -154
-91 250 -153
-91 250 -150
-91 251 -156
-91 251 -154
-91 251 -153
-91 252 -154
-90 225 -147
-90 226 -146
-90 226 -145
-90 227 -149
-90 227 -148
-90 227 -146
-90 228 -150
-90 228 -149
-90 228 -148
-90 228 -146
-90 229 -150
-90 229 -149
-90 229 -148
-90 229 -147
-90 229 -146
-90 229 -145
-90 230 -146
-90 232 -156
-90 233 -154
-90 233 -145
-90 234 -146
-90 235 -157
-90 235 -155
-90 235 -154
-90 235 -146
-90 235 -145
-90 236 -159
-90 236 -158
-90 236 -157
-90 236 -156
-90 236 -155
-90 236 -154
-90 236 -153
-90 236 -152
-90 236 -146
-90 236 -145
-90 237 -160
-90 237 -158
-90 237 -157
-90 237 -156
-90 237 -155
-90 237 -154
-90 237 -152
-90 237 -151
-90 237 -147
-90 237 -146
-90 237 -145
-90 238 -159
-90 238 -158
-90 238 -157
-90 238 -156
-90 238 -155
-90 238 -154
-90 238 -153
-90 238 -152
-90 238 -146
-90 238 -145
-90 239 -157
-90 239 -156
-90 239 -155
-90 239 -154
-90 240 -159
-90 240 -158
-90 240 -157
-90 240 -156
-90 240 -155
-90 240 -152
-90 240 -150
-90 240 -148
-90 240 -147
-90 241 -159
-90 241 -158
-90 241 -157
-90 241 -156
-90 241 -154
-90 241 -152
-90 241 -150
-90 241 -149
-90 241 -148
-90 241 -147
-90 241 -146
-90 241 -145
-90 242 -160
-90 242 -159
-90 242 -158
-90 242 -157
-90 242 -156
-90 242 -155
-90 242 -154
-90 242 -152
-90 242 -151
-90 242 -150
-90 242 -149
-90 242 -148
-90 242 -147
-90 242 -146
-90 242 -145
-90 243 -160
-90 243 -159
-90 243 -158
-90 243 -157
-90 243 -156
-90 243 -155
-90 243 -154
-90 243 -153
-90 243 -152
-90 243 -151
-90 243 -150
-90 243 -149
-90 243 -148
-90 243 -147
-90 243 -146
-90 243 -145
-90 244 -160
-90 244 -159
-90 244 -158
-90 244 -157
-90 244 -156
-90 244 -155
-90 244 -154
-90 244 -153
-90 244 -152
-90 244 -151
-90 244 -150
-90 244 -149
-90 244 -148
-90 244 -147
-90 244 -146
-90 244 -145
-90 245 -160
-90 245 -159
-90 245 -158
-90 245 -157
-90 245 -156
-90 245 -155
-90 245 -154
-90 245 -153
-90 245 -152
-90 245 -151
-90 245 -150
-90 245 -149
-90 245 -148
-90 245 -147
-90 245 -146
-90 245 -145
-90 246 -160
-90 246 -159
-90 246 -158
-90 246 -157
-90 246 -156
-90 246 -155
-90 246 -154
-90 246 -153
-90 246 -152
-90 246 -151
-90 246 -150
-90 246 -149
-90 246 -148
-90 246 -147
-90 246 -146
-90 246 -145
-90 247 -160
-90 247 -159
-90 247 -158
-90 247 -157
-90 247 -156
-90 247 -155
-90 247 -154
-90 247 -153
-90 247 -152
-90 247 -151
-90 247 -150
-90 247 -149
-90 247 -148
-90 247 -147
-90 247 -146
-90 248 -160
-90 248 -159
-90 248 -158
-90 248 -156
-90 248 -155
-90 248 -154
-90 248 -153
-90 248 -152
-90 248 -151
-90 248 -150
-90 248 -149
-90 248 -148
-90 248 -147
-90 248 -146
-90 248 -145
-90 249 -160
-90 249 -159
-90 249 -158
-90 249 -157
-90 249 -156
-90 249 -155
-90 249 -154
-90 249 -153
-90 249 -152
-90 249 -151
-90 249 -149
-90 249 -146
-90 250 -160
-90 250 -159
-90 250 -158
-90 250 -157
-90 250 -156
-90 250 -155
-90 250 -153
-90 250 -152
-90 250 -151
-90 250 -149
-90 251 -156
-90 251 -155
-90 251 -154
-90 251 -153
-90 252 -153
-89 227 -146
-89 228 -149
-89 228 -148
-89 228 -147
-89 228 -146
-89 229 -148
-89 229 -147
-89 229 -145
-89 230 -146
-89 231 -156
-89 232 -156
-89 232 -154
-89 233 -154
-89 233 -146
-89 234 -155
-89 234 -154
-89 234 -145
-89 235 -158
-89 235 -157
-89 235 -156
-89 235 -155
-89 235 -153
-89 235 -146
-89 235 -145
-89 236 -157
-89 236 -156
-89 236 -155
-89 236 -154
-89 236 -153
-89 236 -145
-89 237 -160
-89 237 -159
-89 237 -158
-89 237 -157
-89 237 -156
-89 237 -155
-89 237 -154
-89 237 -153
-89 237 -152
-89 237 -148
-89 237 -147
-89 237 -146
-89 237 -145
-89 238 -158
-89 238 -157
-89 238 -156
-89 238 -155
-89 238 -154
-89 238 -152
-89 238 -151
-89 238 -148
-89 238 -147
-89 238 -145
-89 239 -158
-89 239 -157
-89 239 -156
-89 239 -155
-89 239 -154
-89 239 -153
-89 239 -152
-89 239 -147
-89 239 -146
-89 239 -145
-89 240 -159
-89 240 -158
-89 240 -157
-89 240 -156
-89 240 -150
-89 240 -149
-89 240 -148
-89 240 -147
-89 240 -145
-89 241 -160
-89 241 -158
-89 241 -157
-89 241 -156
-89 241 -154
-89 241 -151
-89 241 -150
-89 241 -149
-89 241 -148
-89 241 -147
-89 241 -146
-89 241 -145
-89 242 -160
-89 242 -159
-89 242 -158
-89 242 -157
-89 242 -155
-89 242 -154
-89 242 -153
-89 242 -152
-89 242 -151
-89 242 -150
-89 242 -149
-89 242 -148
-89 242 -147
-89 242 -146
-89 242 -145
-89 243 -160
-89 243 -159
-89 243 -158
-89 243 -157
-89 243 -156
-89 243 -155
-89 243 -154
-89 243 -153
-89 243 -152
-89 243 -151
-89 243 -150
-89 243 -149
-89 243 -148
-89 243 -147
-89 243 -146
-89 243 -145
-89 244 -160
-89 244 -159
-89 244 -158
-89 244 -157
-89 244 -156
-89 244 -155
-89 244 -154
-89 244 -153
-89 244 -152
-89 244 -151
-89 244 -150
-89 244 -149
-89 244 -148
-89 244 -147
-89 244 -146
-89 244 -145
-89 245 -160
-89 245 -159
-89 245 -158
-89 245 -157
-89 245 -156
-89 245 -155
-89 245 -154
-89 245 -153
-89 245 -152
-89 245 -151
-89 245 -150
-89 245 -149
-89 245 -148
-89 245 -147
-89 245 -146
-89 245 -145
-89 246 -160
-89 246 -159
-89 246 -158
-89 246 -157
-89 246 -156
-89 246 -155
-89 246 -154
-89 246 -153
-89 246 -152
-89 246 -151
-89 246 -150
-89 246 -149
-89 246 -148
-89 246 -147
-89 246 -146
-89 246 -145
-89 247 -160
-89 247 -159
-89 247 -158
-89 247 -157
-89 247 -156
-89 247 -155
-89 247 -154
-89 247 -153
-89 247 -152
-89 247 -151
-89 247 -150
-89 247 -149
-89 247 -148
-89 247 -147
-89 247 -146
-89 247 -145
-89 248 -160
-89 248 -159
-89 248 -158
-89 248 -157
-89 248 -156
-89 248 -155
-89 248 -154
-89 248 -153
-89 248 -152
-89 248 -151
-89 248 -150
-89 248 -149
-89 248 -148
-89 248 -147
-89 248 -146
-89 248 -145
-89 249 -160
-89 249 -159
-89 249 -158
-89 249 -157
-89 249 -156
-89 249 -155
-89 249 -154
-89 249 -153
-89 249 -152
-89 249 -151
-89 249 -149
-89 249 -148
-89 249 -147
-89 249 -145
-89 250 -159
-89 250 -158
-89 250 -157
-89 250 -156
-89 250 -155
-89 250 -154
-89 250 -153
-89 250 -148
-89 251 -160
-89 251 -159
-89 251 -158
-89 251 -156
-89 251 -155
-89 251 -154
-89 252 -155
-89 252 -154
-88 228 -147
-88 229 -147
-88 229 -146
-88 230 -147
-88 231 -156
-88 231 -154
-88 232 -158
-88 232 -157
-88 232 -156
-88 232 -155
-88 232 -154
-88 232 -146
-88 232 -145
-88 233 -158
-88 233 -157
-88 233 -156
-88 233 -154
-88 233 -153
-88 233 -152
-88 233 -147
-88 233 -146
-88 233 -145
-88 234 -157
-88 234 -156
-88 234 -155
-88 234 -154
-88 234 -153
-88 234 -145
-88 235 -160
-88 235 -158
-88 235 -157
-88 235 -156
-88 235 -155
-88 235 -154
-88 235 -147
-88 235 -146
-88 235 -145
-88 236 -160
-88 236 -159
-88 236 -158
-88 236 -157
-88 236 -156
-88 236 -155
-88 236 -154
-88 236 -153
-88 236 -151
-88 236 -148
-88 236 -147
-88 236 -146
-88 236 -145
-88 237 -160
-88 237 -159
-88 237 -158
-88 237 -157
-88 237 -156
-88 237 -155
-88 237 -154
-88 237 -153
-88 237 -152
-88 237 -151
-88 237 -147
-88 237 -146
-88 237 -145
-88 238 -160
-88 238 -159
-88 238 -157
-88 238 -156
-88 238 -154
-88 238 -153
-88 238 -152
-88 238 -151
-88 238 -150
-88 238 -147
-88 238 -146
-88 238 -145
-88 239 -160
-88 239 -159
-88 239 -158
-88 239 -157
-88 239 -156
-88 239 -155
-88 239 -154
-88 239 -153
-88 239 -152
-88 239 -151
-88 239 -147
-88 239 -146
-88 239 -145
-88 240 -159
-88 240 -158
-88 240 -157
-88 240 -156
-88 240 -154
-88 240 -151
-88 240 -150
-88 240 -148
-88 240 -147
-88 240 -146
-88 240 -145
-88 241 -159
-88 241 -158
-88 241 -157
-88 241 -156
-88 241 -155
-88 241 -154
-88 241 -153
-88 241 -152
-88 241 -151
-88 241 -150
-88 241 -149
-88 241 -148
-88 241 -147
-88 241 -146
-88 241 -145
-88 242 -160
-88 242 -159
-88 242 -158
-88 242 -157
-88 242 -156
-88 242 -155
-88 242 -154
-88 242 -153
-88 242 -152
-88 242 -151
-88 242 -150
-88 242 -149
-88 242 -148
-88 242 -147
-88 242 -146
-88 242 -145
-88 243 -160
-88 243 -159
-88 243 -158
-88 243 -157
-88 243 -156
-88 243 -155
-88 243 -154
-88 243 -153
-88 243 -152
-88 243 -151
-88 243 -150
-88 243 -149
-88 243 -148
-88 243 -147
-88 243 -146
-88 243 -145
-88 244 -160
-88 244 -159
-88 244 -158
-88 244 -157
-88 244 -156
-88 244 -155
-88 244 -154
-88 244 -153
-88 244 -152
-88 244 -151
-88 244 -150
-88 244 -149
-88 244 -148
-88 244 -147
-88 244 -146
-88 244 -145
-88 245 -160
-88 245 -159
-88 245 -158
-88 245 -157
-88 245 -156
-88 245 -155
-88 245 -154
-88 245 -153
-88 245 -152
-88 245 -151
-88 245 -150
-88 245 -149
-88 245 -148
-88 245 -147
-88 245 -146
-88 245 -145
-88 246 -160
-88 246 -159
-88 246 -158
-88 246 -157
-88 246 -156
-88 246 -155
-88 246 -154
-88 246 -153
-88 246 -152
-88 246 -151
-88 246 -150
-88 246 -149
-88 246 -148
-88 246 -147
-88 246 -146
-88 246 -145
-88 247 -160
-88 247 -159
-88 247 -158
-88 247 -157
-88 247 -156
-88 247 -155
-88 247 -154
-88 247 -153
-88 247 -152
-88 247 -151
-88 247 -150
-88 247 -149
-88 247 -148
-88 247 -147
-88 247 -146
-88 247 -145
-88 248 -160
-88 248 -159
-88 248 -158
-88 248 -157
-88 248 -156
-88 248 -155
-88 248 -154
-88 248 -153
-88 248 -152
-88 248 -151
-88 248 -150
-88 248 -148
-88 248 -147
-88 248 -146
-88 248 -145
-88 249 -160
-88 249 -159
-88 249 -158
-88 249 -157
-88 249 -156
-88 249 -155
-88 249 -154
-88 249 -153
-88 249 -152
-88 249 -150
-88 249 -149
-88 249 -148
-88 249 -147
-88 249 -146
-88 250 -159
-88 250 -158
-88 250 -157
-88 250 -156
-88 250 -155
-88 250 -154
-88 250 -153
-88 250 -147
-88 251 -160
-88 251 -159
-88 251 -157
-88 251 -156
-88 251 -155
-88 251 -154
-88 252 -160
-88 252 -159
-88 252 -158
-88 252 -155
-87 229 -147
-87 230 -157
-87 230 -156
-87 231 -157
-87 231 -156
-87 231 -154
-87 231 -153
-87 231 -145
-87 232 -158
-87 232 -157
-87 232 -156
-87 232 -155
-87 232 -154
-87 232 -153
-87 232 -152
-87 232 -146
-87 232 -145
-87 233 -158
-87 233 -157
-87 233 -156
-87 233 -155
-87 233 -154
-87 233 -153
-87 233 -152
-87 233 -146
-87 233 -145
-87 234 -160
-87 234 -159
-87 234 -157
-87 234 -156
-87 234 -155
-87 234 -154
-87 234 -153
-87 234 -152
-87 234 -151
-87 234 -146
-87 234 -145
-87 235 -160
-87 235 -159
-87 235 -158
-87 235 -157
-87 235 -156
-87 235 -155
-87 235 -154
-87 235 -153
-87 235 -148
-87 235 -146
-87 235 -145
-87 236 -160
-87 236 -159
-87 236 -158
-87 236 -157
-87 236 -156
-87 236 -155
-87 236 -154
-87 236 -153
-87 236 -152
-87 236 -151
-87 236 -148
-87 236 -147
-87 236 -146
-87 236 -145
-87 237 -160
-87 237 -159
-87 237 -158
-87 237 -157
-87 237 -156
-87 237 -155
-87 237 -154
-87 237 -153
-87 237 -152
-87 237 -151
-87 237 -150
-87 237 -148
-87 237 -147
-87 237 -146
-87 237 -145
-87 238 -160
-87 238 -159
-87 238 -158
-87 238 -157
-87 238 -156
-87 238 -155
-87 238 -154
-87 238 -153
-87 238 -152
-87 238 -151
-87 238 -150
-87 238 -148
-87 238 -147
-87 238 -146
-87 238 -145
-87 239 -160
-87 239 -159
-87 239 -158
-87 239 -157
-87 239 -156
-87 239 -155
-87 239 -154
-87 239 -153
-87 239 -152
-87 239 -151
-87 239 -150
-87 239 -148
-87 239 -147
-87 239 -146
-87 239 -145
-87 240 -159
-87 240 -158
-87 240 -157
-87 240 -156
-87 240 -155
-87 240 -154
-87 240 -153
-87 240 -152
-87 240 -151
-87 240 -150
-87 240 -148
-87 240 -147
-87 240 -146
-87 240 -145
-87 241 -159
-87 241 -158
-87 241 -157
-87 241 -156
-87 241 -155
-87 241 -154
-87 241 -153
-87 241 -152
-87 241 -151
-87 241 -150
-87 241 -149
-87 241 -148
-87 241 -147
-87 241 -146
-87 241 -145
-87 242 -160
-87 242 -159
-87 242 -158
-87 242 -157
-87 242 -156
-87 242 -155
-87 242 -153
-87 242 -152
-87 242 -151
-87 242 -150
-87 242 -149
-87 242 -148
-87 242 -147
-87 242 -146
-87 242 -145
-87 243 -160
-87 243 -159
-87 243 -158
-87 243 -157
-87 243 -156
-87 243 -155
-87 243 -154
-87 243 -153
-87 243 -152
-87 243 -151
-87 243 -150
-87 243 -149
-87 243 -148
-87 243 -147
-87 243 -146
-87 243 -145
-87 244 -160
-87 244 -159
-87 244 -158
-87 244 -157
-87 244 -156
-87 244 -155
-87 244 -154
-87 244 -153
-87 244 -152
-87 244 -151
-87 244 -150
-87 244 -149
-87 244 -148
-87 244 -147
-87 244 -146
-87 244 -145
-87 245 -160
-87 245 -159
-87 245 -158
-87 245 -157
-87 245 -156
-87 245 -155
-87 245 -154
-87 245 -153
-87 245 -152
-87 245 -151
-87 245 -150
-87 245 -149
-87 245 -148
-87 245 -147
-87 245 -146
-87 245 -145
-87 246 -160
-87 246 -159
-87 246 -158
-87 246 -157
-87 246 -156
-87 246 -155
-87 246 -154
-87 246 -153
-87 246 -152
-87 246 -151
-87 246 -150
-87 246 -149
-87 246 -148
-87 246 -147
-87 246 -146
-87 246 -145
-87 247 -160
-87 247 -159
-87 247 -158
-87 247 -157
-87 247 -156
-87 247 -155
-87 247 -154
-87 247 -153
-87 247 -152
-87 247 -151
-87 247 -150
-87 247 -149
-87 247 -148
-87 247 -147
-87 247 -146
-87 247 -145
-87 248 -160
-87 248 -159
-87 248 -158
-87 248 -157
-87 248 -156
-87 248 -155
-87 248 -154
-87 248 -153
-87 248 -152
-87 248 -151
-87 248 -150
-87 248 -149
-87 248 -148
-87 248 -147
-87 248 -146
-87 248 -145
-87 249 -160
-87 249 -159
-87 249 -158
-87 249 -157
-87 249 -156
-87 249 -154
-87 249 -151
-87 249 -150
-87 249 -149
-87 249 -148
-87 249 -147
-87 249 -146
-87 249 -145
-87 250 -159
-87 250 -158
-87 250 -155
-87 250 -154
-87 250 -152
-87 250 -151
-87 250 -148
-87 251 -159
-87 251 -158
-87 251 -155
-87 252 -159
-86 226 -160
-86 226 -159
-86 226 -145
-86 227 -160
-86 227 -159
-86 227 -145
-86 230 -156
-86 230 -153
-86 230 -147
-86 231 -157
-86 231 -156
-86 231 -155
-86 231 -154
-86 231 -152
-86 231 -145
-86 232 -157
-86 232 -156
-86 232 -155
-86 232 -154
-86 232 -153
-86 232 -146
-86 232 -145
-86 233 -160
-86 233 -159
-86 233 -158
-86 233 -157
-86 233 -156
-86 233 -155
-86 233 -154
-86 233 -153
-86 233 -151
-86 233 -146
-86 233 -145
-86 234 -160
-86 234 -159
-86 234 -158
-86 234 -157
-86 234 -156
-86 234 -155
-86 234 -154
-86 234 -153
-86 234 -151
-86 234 -148
-86 234 -147
-86 234 -146
-86 234 -145
-86 235 -160
-86 235 -159
-86 235 -158
-86 235 -157
-86 235 -156
-86 235 -155
-86 235 -154
-86 235 -153
-86 235 -152
-86 235 -151
-86 235 -148
-86 235 -147
-86 235 -146
-86 235 -145
-86 236 -160
-86 236 -159
-86 236 -158
-86 236 -157
-86 236 -156
-86 236 -155
-86 236 -154
-86 236 -153
-86 236 -152
-86 236 -151
-86 236 -147
-86 236 -146
-86 236 -145
-86 237 -160
-86 237 -159
-86 237 -158
-86 237 -157
-86 237 -156
-86 237 -155
-86 237 -154
-86 237 -153
-86 237 -152
-86 237 -151
-86 237 -147
-86 237 -146
-86 237 -145
-86 238 -160
-86 238 -159
-86 238 -158
-86 238 -157
-86 238 -156
-86 238 -155
-86 238 -154
-86 238 -153
-86 238 -152
-86 238 -151
-86 238 -150
-86 238 -149
-86 238 -148
-86 238 -147
-86 238 -146
-86 238 -145
-86 239 -160
-86 239 -159
-86 239 -158
-86 239 -157
-86 239 -156
-86 239 -155
-86 239 -154
-86 239 -153
-86 239 -152
-86 239 -151
-86 239 -150
-86 239 -148
-86 239 -147
-86 239 -146
-86 239 -145
-86 240 -160
-86 240 -159
-86 240 -158
-86 240 -157
-86 240 -156
-86 240 -155
-86 240 -154
-86 240 -153
-86 240 -152
-86 240 -151
-86 240 -150
-86 240 -149
-86 240 -147
-86 240 -146
-86 240 -145
-86 241 -160
-86 241 -159
-86 241 -158
-86 241 -157
-86 241 -155
-86 241 -154
-86 241 -153
-86 241 -152
-86 241 -151
-86 241 -150
-86 241 -149
-86 241 -148
-86 241 -147
-86 241 -146
-86 241 -145
-86 242 -160
-86 242 -159
-86 242 -158
-86 242 -157
-86 242 -156
-86 242 -155
-86 242 -154
-86 242 -153
-86 242 -152
-86 242 -151
-86 242 -149
-86 242 -147
-86 242 -146
-86 242 -145
-86 243 -160
-86 243 -159
-86 243 -158
-86 243 -157
-86 243 -156
-86 243 -155
-86 243 -154
-86 243 -153
-86 243 -152
-86 243 -151
-86 243 -150
-86 243 -149
-86 243 -148
-86 243 -147
-86 243 -146
-86 243 -145
-86 244 -160
-86 244 -159
-86 244 -158
-86 244 -157
-86 244 -156
-86 244 -155
-86 244 -154
-86 244 -153
-86 244 -152
-86 244 -151
-86 244 -150
-86 244 -149
-86 244 -148
-86 244 -147
-86 244 -146
-86 244 -145
-86 245 -160
-86 245 -159
-86 245 -158
-86 245 -157
-86 245 -156
-86 245 -155
-86 245 -154
-86 245 -153
-86 245 -152
-86 245 -151
-86 245 -150
-86 245 -149
-86 245 -148
-86 245 -147
-86 245 -146
-86 245 -145
-86 246 -160
-86 246 -159
-86 246 -158
-86 246 -157
-86 246 -156
-86 246 -155
-86 246 -154
-86 246 -153
-86 246 -152
-86 246 -151
-86 246 -150
-86 246 -149
-86 246 -148
-86 246 -147
-86 246 -146
-86 246 -145
-86 247 -160
-86 247 -159
-86 247 -158
-86 247 -157
-86 247 -156
-86 247 -155
-86 247 -154
-86 247 -153
-86 247 -152
-86 247 -151
-86 247 -150
-86 247 -149
-86 247 -148
-86 247 -147
-86 247 -146
-86 247 -145
-86 248 -160
-86 248 -159
-86 248 -158
-86 248 -157
-86 248 -156
-86 248 -155
-86 248 -153
-86 248 -152
-86 248 -151
-86 248 -150
-86 248 -149
-86 248 -148
-86 248 -147
-86 248 -146
-86 248 -145
-86 249 -159
-86 249 -157
-86 249 -156
-86 249 -152
-86 249 -151
-86 249 -150
-86 249 -149
-86 249 -148
-86 249 -147
-86 249 -146
-86 250 -158
-86 250 -157
-86 250 -152
-86 250 -151
-86 250 -150
-86 250 -149
-86 250 -148
-86 250 -147
-86 251 -158
-86 251 -152
-86 251 -150
-86 251 -148
-85 225 -160
-85 225 -159
-85 226 -160
-85 226 -159
-85 226 -158
-85 226 -157
-85 226 -151
-85 226 -146
-85 226 -145
-85 227 -160
-85 227 -159
-85 227 -145
-85 228 -159
-85 228 -146
-85 229 -147
-85 229 -146
-85 229 -145
-85 230 -156
-85 230 -155
-85 230 -154
-85 230 -153
-85 230 -152
-85 230 -148
-85 230 -147
-85 230 -146
-85 230 -145
-85 231 -157
-85 231 -156
-85 231 -155
-85 231 -154
-85 231 -153
-85 231 -152
-85 231 -151
-85 231 -147
-85 231 -146
-85 231 -145
-85 232 -157
-85 232 -156
-85 232 -155
-85 232 -154
-85 232 -153
-85 232 -152
-85 232 -151
-85 232 -147
-85 232 -146
-85 232 -145
-85 233 -160
-85 233 -158
-85 233 -157
-85 233 -156
-85 233 -155
-85 233 -154
-85 233 -153
-85 233 -152
-85 233 -151
-85 233 -150
-85 233 -147
-85 233 -146
-85 233 -145
-85 234 -160
-85 234 -159
-85 234 -158
-85 234 -157
-85 234 -156
-85 234 -155
-85 234 -154
-85 234 -153
-85 234 -152
-85 234 -151
-85 234 -150
-85 234 -147
-85 234 -145
-85 235 -160
-85 235 -159
-85 235 -158
-85 235 -157
-85 235 -156
-85 235 -155
-85 235 -154
-85 235 -153
-85 235 -152
-85 235 -151
-85 235 -150
-85 235 -148
-85 235 -147
-85 235 -146
-85 235 -145
-85 236 -160
-85 236 -159
-85 236 -158
-85 236 -157
-85 236 -156
-85 236 -155
-85 236 -154
-85 236 -153
-85 236 -152
-85 236 -151
-85 236 -150
-85 236 -149
-85 236 -148
-85 236 -147
-85 236 -146
-85 236 -145
-85 237 -160
-85 237 -159
-85 237 -158
-85 237 -157
-85 237 -156
-85 237 -155
-85 237 -154
-85 237 -153
-85 237 -152
-85 237 -151
-85 237 -149
-85 237 -148
-85 237 -147
-85 237 -146
-85 237 -145
-85 238 -160
-85 238 -159
-85 238 -158
-85 238 -157
-85 238 -156
-85 238 -155
-85 238 -154
-85 238 -153
-85 238 -152
-85 238 -151
-85 238 -150
-85 238 -148
-85 238 -147
-85 238 -146
-85 238 -145
-85 239 -160
-85 239 -157
-85 239 -156
-85 239 -155
-85 239 -154
-85 239 -153
-85 239 -152
-85 239 -151
-85 239 -150
-85 239 -148
-85 239 -147
-85 239 -146
-85 239 -145
-85 240 -160
-85 240 -159
-85 240 -158
-85 240 -157
-85 240 -156
-85 240 -155
-85 240 -154
-85 240 -153
-85 240 -152
-85 240 -151
-85 240 -150
-85 240 -149
-85 240 -148
-85 240 -147
-85 240 -146
-85 240 -145
-85 241 -160
-85 241 -159
-85 241 -158
-85 241 -157
-85 241 -156
-85 241 -155
-85 241 -154
-85 241 -153
-85 241 -152
-85 241 -151
-85 241 -150
-85 241 -149
-85 241 -148
-85 241 -147
-85 241 -146
-85 241 -145
-85 242 -160
-85 242 -159
-85 242 -158
-85 242 -157
-85 242 -156
-85 242 -155
-85 242 -154
-85 242 -153
-85 242 -152
-85 242 -151
-85 242 -150
-85 242 -149
-85 242 -148
-85 242 -147
-85 242 -146
-85 242 -145
-85 243 -160
-85 243 -159
-85 243 -158
-85 243 -157
-85 243 -156
-85 243 -155
-85 243 -154
-85 243 -153
-85 243 -152
-85 243 -151
-85 243 -150
-85 243 -149
-85 243 -148
-85 243 -147
-85 243 -146
-85 243 -145
-85 244 -160
-85 244 -159
-85 244 -158
-85 244 -157
-85 244 -156
-85 244 -155
-85 244 -154
-85 244 -153
-85 244 -152
-85 244 -151
-85 244 -150
-85 244 -149
-85 244 -148
-85 244 -147
-85 244 -146
-85 244 -145
-85 245 -160
-85 245 -159
-85 245 -158
-85 245 -157
-85 245 -156
-85 245 -155
-85 245 -154
-85 245 -153
-85 245 -152
-85 245 -151
-85 245 -150
-85 245 -149
-85 245 -148
-85 245 -147
-85 245 -146
-85 245 -145
-85 246 -160
-85 246 -159
-85 246 -158
-85 246 -157
-85 246 -156
-85 246 -155
-85 246 -154
-85 246 -153
-85 246 -152
-85 246 -151
-85 246 -150
-85 246 -149
-85 246 -148
-85 246 -147
-85 246 -146
-85 246 -145
-85 247 -160
-85 247 -159
-85 247 -158
-85 247 -157
-85 247 -156
-85 247 -155
-85 247 -154
-85 247 -153
-85 247 -152
-85 247 -151
-85 247 -150
-85 247 -149
-85 247 -148
-85 247 -147
-85 247 -146
-85 247 -145
-85 248 -160
-85 248 -159
-85 248 -158
-85 248 -157
-85 248 -156
-85 248 -153
-85 248 -152
-85 248 -151
-85 248 -150
-85 248 -149
-85 248 -148
-85 248 -147
-85 248 -146
-85 249 -160
-85 249 -158
-85 249 -157
-85 249 -156
-85 249 -152
-85 249 -151
-85 249 -150
-85 249 -149
-85 249 -148
-85 249 -147
-85 249 -146
-85 250 -157
-85 250 -151
-85 250 -150
-85 250 -149
-85 250 -148
-85 251 -148
-84 225 -159
-84 225 -151
-84 225 -147
-84 225 -145
-84 226 -160
-84 226 -159
-84 226 -158
-84 226 -157
-84 226 -152
-84 226 -151
-84 226 -150
-84 226 -147
-84 226 -146
-84 226 -145
-84 227 -160
-84 227 -159
-84 227 -158
-84 227 -157
-84 227 -156
-84 227 -146
-84 227 -145
-84 228 -160
-84 228 -159
-84 228 -158
-84 228 -157
-84 228 -147
-84 228 -146
-84 228 -145
-84 229 -158
-84 229 -148
-84 229 -147
-84 229 -146
-84 229 -145
-84 230 -154
-84 230 -148
-84 230 -147
-84 230 -146
-84 230 -145
-84 231 -157
-84 231 -156
-84 231 -155
-84 231 -154
-84 231 -153
-84 231 -149
-84 231 -148
-84 231 -146
-84 231 -145
-84 232 -159
-84 232 -158
-84 232 -157
-84 232 -156
-84 232 -155
-84 232 -153
-84 232 -151
-84 232 -150
-84 232 -149
-84 232 -148
-84 232 -146
-84 232 -145
-84 233 -160
-84 233 -159
-84 233 -158
-84 233 -157
-84 233 -156
-84 233 -155
-84 233 -154
-84 233 -153
-84 233 -151
-84 233 -149
-84 233 -148
-84 233 -146
-84 233 -145
-84 234 -159
-84 234 -158
-84 234 -157
-84 234 -156
-84 234 -155
-84 234 -154
-84 234 -153
-84 234 -152
-84 234 -151
-84 234 -150
-84 234 -148
-84 234 -147
-84 234 -146
-84 234 -145
-84 235 -160
-84 235 -159
-84 235 -158
-84 235 -157
-84 235 -156
-84 235 -155
-84 235 -154
-84 235 -153
-84 235 -152
-84 235 -149
-84 235 -148
-84 235 -147
-84 235 -146
-84 235 -145
-84 236 -160
-84 236 -159
-84 236 -158
-84 236 -157
-84 236 -156
-84 236 -155
-84 236 -154
-84 236 -153
-84 236 -152
-84 236 -151
-84 236 -150
-84 236 -149
-84 236 -148
-84 236 -147
-84 236 -146
-84 236 -145
-84 237 -160
-84 237 -159
-84 237 -158
-84 237 -157
-84 237 -156
-84 237 -155
-84 237 -154
-84 237 -153
-84 237 -152
-84 237 -151
-84 237 -150
-84 237 -149
-84 237 -148
-84 237 -147
-84 237 -146
-84 237 -145
-84 238 -160
-84 238 -159
-84 238 -158
-84 238 -157
-84 238 -156
-84 238 -155
-84 238 -154
-84 238 -153
-84 238 -152
-84 238 -151
-84 238 -150
-84 238 -149
-84 238 -148
-84 238 -147
-84 238 -146
-84 238 -145
-84 239 -160
-84 239 -159
-84 239 -158
-84 239 -157
-84 239 -156
-84 239 -155
-84 239 -154
-84 239 -153
-84 239 -152
-84 239 -151
-84 239 -150
-84 239 -149
-84 239 -148
-84 239 -147
-84 239 -146
-84 239 -145
-84 240 -160
-84 240 -159
-84 240 -158
-84 240 -157
-84 240 -156
-84 240 -155
-84 240 -154
-84 240 -153
-84 240 -152
-84 240 -151
-84 240 -150
-84 240 -149
-84 240 -148
-84 240 -146
-84 240 -145
-84 241 -160
-84 241 -159
-84 241 -158
-84 241 -157
-84 241 -156
-84 241 -155
-84 241 -154
-84 241 -153
-84 241 -152
-84 241 -151
-84 241 -150
-84 241 -149
-84 241 -146
-84 241 -145
-84 242 -160
-84 242 -159
-84 242 -158
-84 242 -157
-84 242 -156
-84 242 -155
-84 242 -154
-84 242 -153
-84 242 -152
-84 242 -151
-84 242 -150
-84 242 -149
-84 242 -148
-84 242 -147
-84 242 -146
-84 242 -145
-84 243 -160
-84 243 -159
-84 243 -158
-84 243 -157
-84 243 -156
-84 243 -155
-84 243 -154
-84 243 -153
-84 243 -152
-84 243 -150
-84 243 -149
-84 243 -148
-84 243 -147
-84 243 -146
-84 243 -145
-84 244 -160
-84 244 -159
-84 244 -158
-84 244 -157
-84 244 -156
-84 244 -155
-84 244 -154
-84 244 -153
-84 244 -152
-84 244 -151
-84 244 -150
-84 244 -149
-84 244 -148
-84 244 -147
-84 244 -146
-84 244 -145
-84 245 -160
-84 245 -159
-84 245 -158
-84 245 -157
-84 245 -156
-84 245 -155
-84 245 -154
-84 245 -153
-84 245 -152
-84 245 -151
-84 245 -150
-84 245 -149
-84 245 -148
-84 245 -147
-84 245 -146
-84 245 -145
-84 246 -160
-84 246 -159
-84 246 -158
-84 246 -157
-84 246 -156
-84 246 -155
-84 246 -154
-84 246 -153
-84 246 -152
-84 246 -151
-84 246 -150
-84 246 -149
-84 246 -148
-84 246 -147
-84 246 -146
-84 246 -145
-84 247 -160
-84 247 -159
-84 247 -158
-84 247 -157
-84 247 -156
-84 247 -155
-84 247 -154
-84 247 -153
-84 247 -152
-84 247 -151
-84 247 -150
-84 247 -149
-84 247 -148
-84 247 -147
-84 247 -146
-84 247 -145
-84 248 -160
-84 248 -158
-84 248 -157
-84 248 -156
-84 248 -154
-84 248 -153
-84 248 -152
-84 248 -151
-84 248 -150
-84 248 -149
-84 248 -148
-84 248 -147
-84 248 -146
-84 248 -145
-84 249 -157
-84 249 -154
-84 249 -153
-84 249 -151
-84 249 -150
-84 249 -149
-84 249 -148
-84 250 -148
-83 225 -160
-83 225 -159
-83 225 -158
-83 225 -151
-83 225 -150
-83 225 -149
-83 225 -147
-83 225 -146
-83 225 -145
-83 226 -160
-83 226 -159
-83 226 -158
-83 226 -157
-83 226 -155
-83 226 -152
-83 226 -151
-83 226 -149
-83 226 -148
-83 226 -147
-83 226 -146
-83 226 -145
-83 227 -160
-83 227 -159
-83 227 -158
-83 227 -157
-83 227 -156
-83 227 -151
-83 227 -149
-83 227 -148
-83 227 -147
-83 227 -146
-83 227 -145
-83 228 -159
-83 228 -158
-83 228 -156
-83 228 -151
-83 228 -148
-83 228 -147
-83 228 -146
-83 228 -145
-83 229 -160
-83 229 -158
-83 229 -151
-83 229 -148
-83 229 -147
-83 229 -146
-83 229 -145
-83 230 -158
-83 230 -154
-83 230 -148
-83 230 -147
-83 230 -146
-83 230 -145
-83 231 -156
-83 231 -155
-83 231 -154
-83 231 -148
-83 231 -147
-83 231 -146
-83 231 -145
-83 232 -159
-83 232 -158
-83 232 -157
-83 232 -156
-83 232 -155
-83 232 -153
-83 232 -150
-83 232 -149
-83 232 -148
-83 232 -146
-83 232 -145
-83 233 -159
-83 233 -158
-83 233 -157
-83 233 -156
-83 233 -155
-83 233 -153
-83 233 -148
-83 233 -147
-83 233 -146
-83 233 -145
-83 234 -160
-83 234 -159
-83 234 -158
-83 234 -157
-83 234 -156
-83 234 -155
-83 234 -154
-83 234 -153
-83 234 -152
-83 234 -148
-83 234 -147
-83 234 -146
-83 234 -145
-83 235 -160
-83 235 -159
-83 235 -158
-83 235 -157
-83 235 -156
-83 235 -155
-83 235 -154
-83 235 -153
-83 235 -152
-83 235 -151
-83 235 -150
-83 235 -148
-83 235 -147
-83 235 -146
-83 235 -145
-83 236 -160
-83 236 -159
-83 236 -158
-83 236 -157
-83 236 -156
-83 236 -155
-83 236 -154
-83 236 -153
-83 236 -152
-83 236 -151
-83 236 -150
-83 236 -149
-83 236 -148
-83 236 -147
-83 236 -146
-83 236 -145
-83 237 -160
-83 237 -159
-83 237 -158
-83 237 -157
-83 237 -156
-83 237 -155
-83 237 -154
-83 237 -153
-83 237 -152
-83 237 -151
-83 237 -150
-83 237 -149
-83 237 -148
-83 237 -147
-83 237 -146
-83 237 -145
-83 238 -160
-83 238 -159
-83 238 -158
-83 238 -157
-83 238 -156
-83 238 -155
-83 238 -154
-83 238 -153
-83 238 -152
-83 238 -151
-83 238 -150
-83 238 -149
-83 238 -148
-83 238 -147
-83 238 -146
-83 238 -145
-83 239 -160
-83 239 -159
-83 239 -158
-83 239 -157
-83 239 -156
-83 239 -155
-83 239 -154
-83 239 -153
-83 239 -152
-83 239 -151
-83 239 -150
-83 239 -149
-83 239 -148
-83 239 -147
-83 239 -146
-83 239 -145
-83 240 -160
-83 240 -159
-83 240 -158
-83 240 -157
-83 240 -156
-83 240 -155
-83 240 -154
-83 240 -153
-83 240 -152
-83 240 -151
-83 240 -150
-83 240 -149
-83 240 -146
-83 240 -145
-83 241 -160
-83 241 -159
-83 241 -158
-83 241 -157
-83 241 -156
-83 241 -155
-83 241 -154
-83 241 -153
-83 241 -152
-83 241 -151
-83 241 -150
-83 241 -149
-83 241 -148
-83 241 -147
-83 241 -146
-83 241 -145
-83 242 -160
-83 242 -159
-83 242 -158
-83 242 -157
-83 242 -156
-83 242 -155
-83 242 -154
-83 242 -153
-83 242 -152
-83 242 -151
-83 242 -150
-83 242 -149
-83 242 -148
-83 242 -147
-83 242 -146
-83 242 -145
-83 243 -160
-83 243 -159
-83 243 -158
-83 243 -157
-83 243 -156
-83 243 -155
-83 243 -154
-83 243 -153
-83 243 -152
-83 243 -151
-83 243 -150
-83 243 -149
-83 243 -148
-83 243 -147
-83 243 -146
-83 243 -145
-83 244 -160
-83 244 -159
-83 244 -158
-83 244 -157
-83 244 -156
-83 244 -155
-83 244 -154
-83 244 -153
-83 244 -152
-83 244 -151
-83 244 -150
-83 244 -149
-83 244 -148
-83 244 -147
-83 244 -146
-83 244 -145
-83 245 -160
-83 245 -159
-83 245 -158
-83 245 -157
-83 245 -156
-83 245 -155
-83 245 -154
-83 245 -153
-83 245 -152
-83 245 -151
-83 245 -150
-83 245 -149
-83 245 -148
-83 245 -147
-83 245 -146
-83 245 -145
-83 246 -160
-83 246 -159
-83 246 -158
-83 246 -157
-83 246 -156
-83 246 -155
-83 246 -154
-83 246 -153
-83 246 -152
-83 246 -151
-83 246 -150
-83 246 -148
-83 246 -147
-83 246 -146
-83 246 -145
-83 247 -159
-83 247 -158
-83 247 -157
-83 247 -156
-83 247 -155
-83 247 -154
-83 247 -153
-83 247 -152
-83 247 -151
-83 247 -150
-83 247 -149
-83 247 -148
-83 247 -147
-83 247 -146
-83 248 -159
-83 248 -158
-83 248 -157
-83 248 -155
-83 248 -154
-83 248 -153
-83 248 -152
-83 248 -151
-83 248 -150
-83 248 -149
-83 248 -148
-83 248 -147
-83 249 -156
-83 249 -154
-83 249 -153
-83 249 -151
-83 250 -154
-83 250 -153
-82 225 -160
-82 225 -159
-82 225 -158
-82 225 -156
-82 225 -155
-82 225 -152
-82 225 -151
-82 225 -150
-82 225 -149
-82 225 -148
-82 225 -147
-82 225 -146
-82 225 -145
-82 226 -160
-82 226 -159
-82 226 -158
-82 226 -157
-82 226 -156
-82 226 -155
-82 226 -154
-82 226 -153
-82 226 -152
-82 226 -151
-82 226 -150
-82 226 -149
-82 226 -148
-82 226 -147
-82 226 -146
-82 226 -145
-82 227 -160
-82 227 -159
-82 227 -158
-82 227 -157
-82 227 -156
-82 227 -153
-82 227 -152
-82 227 -151
-82 227 -150
-82 227 -148
-82 227 -147
-82 227 -146
-82 227 -145
-82 228 -160
-82 228 -159
-82 228 -158
-82 228 -157
-82 228 -156
-82 228 -153
-82 228 -152
-82 228 -147
-82 228 -146
-82 228 -145
-82 229 -160
-82 229 -159
-82 229 -158
-82 229 -157
-82 229 -156
-82 229 -152
-82 229 -151
-82 229 -150
-82 229 -148
-82 229 -147
-82 229 -146
-82 229 -145
-82 230 -160
-82 230 -158
-82 230 -157
-82 230 -154
-82 230 -153
-82 230 -151
-82 230 -149
-82 230 -148
-82 230 -147
-82 230 -146
-82 230 -145
-82 231 -158
-82 231 -157
-82 231 -156
-82 231 -155
-82 231 -154
-82 231 -153
-82 231 -150
-82 231 -149
-82 231 -148
-82 231 -147
-82 231 -146
-82 231 -145
-82 232 -160
-82 232 -158
-82 232 -157
-82 232 -156
-82 232 -155
-82 232 -154
-82 232 -153
-82 232 -150
-82 232 -149
-82 232 -148
-82 232 -147
-82 232 -146
-82 232 -145
-82 233 -160
-82 233 -158
-82 233 -157
-82 233 -156
-82 233 -155
-82 233 -154
-82 233 -153
-82 233 -150
-82 233 -149
-82 233 -148
-82 233 -147
-82 233 -146
-82 233 -145
-82 234 -160
-82 234 -159
-82 234 -158
-82 234 -157
-82 234 -156
-82 234 -155
-82 234 -154
-82 234 -153
-82 234 -152
-82 234 -151
-82 234 -148
-82 234 -146
-82 234 -145
-82 235 -160
-82 235 -159
-82 235 -158
-82 235 -157
-82 235 -156
-82 235 -155
-82 235 -154
-82 235 -153
-82 235 -152
-82 235 -151
-82 235 -148
-82 235 -147
-82 235 -146
-82 235 -145
-82 236 -160
-82 236 -159
-82 236 -158
-82 236 -157
-82 236 -156
-82 236 -155
-82 236 -154
-82 236 -153
-82 236 -152
-82 236 -151
-82 236 -150
-82 236 -149
-82 236 -148
-82 236 -147
-82 236 -146
-82 236 -145
-82 237 -160
-82 237 -159
-82 237 -158
-82 237 -157
-82 237 -156
-82 237 -155
-82 237 -154
-82 237 -153
-82 237 -152
-82 237 -151
-82 237 -150
-82 237 -149
-82 237 -148
-82 237 -147
-82 237 -146
-82 237 -145
-82 238 -160
-82 238 -159
-82 238 -158
-82 238 -157
-82 238 -156
-82 238 -155
-82 238 -154
-82 238 -153
-82 238 -152
-82 238 -151
-82 238 -150
-82 238 -149
-82 238 -148
-82 238 -147
-82 238 -146
-82 238 -145
-82 239 -160
-82 239 -159
-82 239 -158
-82 239 -157
-82 239 -156
-82 239 -155
-82 239 -154
-82 239 -153
-82 239 -152
-82 239 -151
-82 239 -150
-82 239 -149
-82 239 -146
-82 239 -145
-82 240 -160
-82 240 -159
-82 240 -158
-82 240 -157
-82 240 -156
-82 240 -155
-82 240 -154
-82 240 -153
-82 240 -152
-82 240 -151
-82 240 -150
-82 240 -149
-82 240 -148
-82 240 -147
-82 240 -146
-82 240 -145
-82 241 -160
-82 241 -159
-82 241 -158
-82 241 -157
-82 241 -156
-82 241 -155
-82 241 -154
-82 241 -153
-82 241 -152
-82 241 -151
-82 241 -150
-82 241 -149
-82 241 -148
-82 241 -146
-82 241 -145
-82 242 -160
-82 242 -158
-82 242 -157
-82 242 -156
-82 242 -155
-82 242 -154
-82 242 -153
-82 242 -152
-82 242 -151
-82 242 -150
-82 242 -149
-82 242 -146
-82 242 -145
-82 243 -160
-82 243 -159
-82 243 -158
-82 243 -157
-82 243 -156
-82 243 -155
-82 243 -154
-82 243 -153
-82 243 -152
-82 243 -151
-82 243 -150
-82 243 -149
-82 243 -148
-82 243 -147
-82 243 -145
-82 244 -160
-82 244 -159
-82 244 -158
-82 244 -157
-82 244 -156
-82 244 -155
-82 244 -154
-82 244 -153
-82 244 -152
-82 244 -151
-82 244 -150
-82 244 -149
-82 244 -148
-82 244 -147
-82 244 -146
-82 244 -145
-82 245 -160
-82 245 -159
-82 245 -158
-82 245 -157
-82 245 -156
-82 245 -155
-82 245 -154
-82 245 -153
-82 245 -152
-82 245 -151
-82 245 -150
-82 245 -149
-82 245 -148
-82 245 -147
-82 245 -146
-82 245 -145
-82 246 -160
-82 246 -159
-82 246 -158
-82 246 -157
-82 246 -156
-82 246 -155
-82 246 -154
-82 246 -153
-82 246 -152
-82 246 -151
-82 246 -149
-82 246 -148
-82 246 -147
-82 246 -146
-82 246 -145
-82 247 -160
-82 247 -159
-82 247 -158
-82 247 -157
-82 247 -156
-82 247 -155
-82 247 -154
-82 247 -153
-82 247 -152
-82 247 -151
-82 247 -150
-82 247 -149
-82 247 -148
-82 247 -147
-82 247 -146
-82 247 -145
-82 248 -160
-82 248 -159
-82 248 -158
-82 248 -157
-82 248 -156
-82 248 -155
-82 248 -154
-82 248 -153
-82 248 -152
-82 248 -151
-82 248 -150
-82 248 -149
-82 248 -148
-82 249 -159
-82 249 -156
-82 249 -155
-82 249 -154
-82 249 -151
-82 250 -156
-82 250 -155
-82 250 -154
-81 225 -160
-81 225 -159
-81 225 -158
-81 225 -157
-81 225 -156
-81 225 -155
-81 225 -154
-81 225 -153
-81 225 -152
-81 225 -151
-81 225 -150
-81 225 -149
-81 225 -148
-81 225 -147
-81 225 -146
-81 225 -145
-81 226 -160
-81 226 -159
-81 226 -158
-81 226 -157
-81 226 -156
-81 226 -155
-81 226 -154
-81 226 -153
-81 226 -152
-81 226 -151
-81 226 -150
-81 226 -149
-81 226 -148
-81 226 -147
-81 226 -146
-81 226 -145
-81 227 -160
-81 227 -159
-81 227 -158
-81 227 -157
-81 227 -156
-81 227 -155
-81 227 -154
-81 227 -153
-81 227 -152
-81 227 -151
-81 227 -150
-81 227 -149
-81 227 -148
-81 227 -147
-81 227 -146
-81 227 -145
-81 228 -160
-81 228 -159
-81 228 -157
-81 228 -156
-81 228 -155
-81 228 -154
-81 228 -153
-81 228 -152
-81 228 -151
-81 228 -150
-81 228 -149
-81 228 -148
-81 228 -147
-81 228 -146
-81 228 -145
-81 229 -160
-81 229 -159
-81 229 -158
-81 229 -157
-81 229 -156
-81 229 -155
-81 229 -154
-81 229 -153
-81 229 -152
-81 229 -151
-81 229 -150
-81 229 -149
-81 229 -148
-81 229 -147
-81 229 -146
-81 229 -145
-81 230 -160
-81 230 -159
-81 230 -158
-81 230 -157
-81 230 -156
-81 230 -155
-81 230 -154
-81 230 -153
-81 230 -152
-81 230 -149
-81 230 -148
-81 230 -147
-81 230 -146
-81 230 -145
-81 231 -159
-81 231 -158
-81 231 -157
-81 231 -156
-81 231 -155
-81 231 -154
-81 231 -153
-81 231 -152
-81 231 -151
-81 231 -150
-81 231 -149
-81 231 -148
-81 231 -147
-81 231 -146
-81 231 -145
-81 232 -160
-81 232 -159
-81 232 -158
-81 232 -157
-81 232 -155
-81 232 -154
-81 232 -153
-81 232 -149
-81 232 -148
-81 232 -147
-81 232 -146
-81 232 -145
-81 233 -160
-81 233 -159
-81 233 -158
-81 233 -157
-81 233 -156
-81 233 -155
-81 233 -154
-81 233 -153
-81 233 -152
-81 233 -150
-81 233 -149
-81 233 -148
-81 233 -147
-81 233 -146
-81 233 -145
-81 234 -160
-81 234 -159
-81 234 -158
-81 234 -157
-81 234 -156
-81 234 -155
-81 234 -154
-81 234 -153
-81 234 -152
-81 234 -148
-81 234 -146
-81 234 -145
-81 235 -160
-81 235 -159
-81 235 -158
-81 235 -157
-81 235 -156
-81 235 -155
-81 235 -154
-81 235 -153
-81 235 -152
-81 235 -151
-81 235 -150
-81 235 -149
-81 235 -148
-81 235 -147
-81 235 -146
-81 235 -145
-81 236 -160
-81 236 -159
-81 236 -158
-81 236 -157
-81 236 -156
-81 236 -155
-81 236 -154
-81 236 -153
-81 236 -152
-81 236 -151
-81 236 -150
-81 236 -149
-81 236 -148
-81 236 -147
-81 236 -146
-81 236 -145
-81 237 -160
-81 237 -159
-81 237 -158
-81 237 -157
-81 237 -156
-81 237 -155
-81 237 -154
-81 237 -153
-81 237 -152
-81 237 -151
-81 237 -150
-81 237 -149
-81 237 -148
-81 237 -147
-81 237 -146
-81 237 -145
-81 238 -160
-81 238 -159
-81 238 -158
-81 238 -157
-81 238 -156
-81 238 -155
-81 238 -154
-81 238 -153
-81 238 -152
-81 238 -151
-81 238 -150
-81 238 -149
-81 238 -148
-81 238 -147
-81 238 -146
-81 238 -145
-81 239 -160
-81 239 -159
-81 239 -158
-81 239 -157
-81 239 -156
-81 239 -155
-81 239 -154
-81 239 -153
-81 239 -152
-81 239 -151
-81 239 -150
-81 239 -149
-81 239 -148
-81 239 -147
-81 239 -146
-81 239 -145
-81 240 -160
-81 240 -159
-81 240 -158
-81 240 -157
-81 240 -156
-81 240 -155
-81 240 -154
-81 240 -153
-81 240 -152
-81 240 -151
-81 240 -150
-81 240 -149
-81 240 -148
-81 240 -147
-81 240 -146
-81 240 -145
-81 241 -159
-81 241 -158
-81 241 -157
-81 241 -156
-81 241 -155
-81 241 -154
-81 241 -153
-81 241 -152
-81 241 -151
-81 241 -150
-81 241 -149
-81 241 -148
-81 241 -147
-81 241 -146
-81 241 -145
-81 242 -159
-81 242 -158
-81 242 -157
-81 242 -156
-81 242 -155
-81 242 -154
-81 242 -153
-81 242 -152
-81 242 -151
-81 242 -150
-81 242 -149
-81 242 -148
-81 242 -147
-81 242 -146
-81 242 -145
-81 243 -160
-81 243 -159
-81 243 -158
-81 243 -157
-81 243 -156
-81 243 -155
-81 243 -154
-81 243 -153
-81 243 -152
-81 243 -151
-81 243 -150
-81 243 -149
-81 243 -148
-81 243 -147
-81 243 -146
-81 243 -145
-81 244 -160
-81 244 -159
-81 244 -158
-81 244 -157
-81 244 -156
-81 244 -155
-81 244 -154
-81 244 -153
-81 244 -152
-81 244 -151
-81 244 -150
-81 244 -149
-81 244 -148
-81 244 -147
-81 244 -146
-81 244 -145
-81 245 -160
-81 245 -159
-81 245 -158
-81 245 -157
-81 245 -156
-81 245 -155
-81 245 -154
-81 245 -153
-81 245 -152
-81 245 -151
-81 245 -150
-81 245 -149
-81 245 -148
-81 245 -147
-81 245 -146
-81 245 -145
-81 246 -160
-81 246 -159
-81 246 -158
-81 246 -157
-81 246 -156
-81 246 -155
-81 246 -154
-81 246 -153
-81 246 -152
-81 246 -151
-81 246 -150
-81 246 -149
-81 246 -148
-81 246 -147
-81 246 -146
-81 246 -145
-81 247 -160
-81 247 -159
-81 247 -158
-81 247 -157
-81 247 -156
-81 247 -155
-81 247 -154
-81 247 -153
-81 247 -152
-81 247 -151
-81 247 -150
-81 247 -149
-81 247 -148
-81 247 -147
-81 247 -146
-81 247 -145
-81 248 -159
-81 248 -158
-81 248 -157
-81 248 -156
-81 248 -155
-81 248 -154
-81 248 -153
-81 248 -152
-81 248 -151
-81 248 -150
-81 248 -145
-81 249 -157
-81 249 -156
-81 249 -155
-81 249 -154
-81 249 -153
-81 249 -152
-81 249 -151
-81 249 -145
-81 250 -157
-81 250 -156
-81 250 -154
-81 250 -153
-81 250 -145
-81 251 -156
-81 251 -154
-81 251 -153

