alfheim:altLeaves
6
-16 204 -215
-16 205 -215
-16 205 -214
-16 206 -217
-16 206 -216
-16 206 -214
-16 206 -213
-16 207 -216
-16 207 -215
-16 207 -214
-16 207 -213
-16 207 -212
-16 207 -211
-16 208 -215
-16 208 -214
-16 208 -213
-16 208 -212
-16 209 -217
-16 209 -216
-16 209 -215
-16 209 -214
-16 209 -213
-16 209 -212
-16 210 -216
-16 210 -215
-16 210 -214
-16 210 -213
-16 211 -217
-16 211 -216
-16 211 -215
-16 211 -214
-16 211 -213
-16 211 -212
-16 212 -218
-16 212 -217
-16 212 -216
-16 212 -215
-16 212 -214
-16 212 -213
-16 212 -212
-16 213 -217
-16 213 -216
-16 213 -215
-16 213 -214
-16 213 -213
-16 213 -212
-16 214 -217
-16 214 -216
-16 214 -215
-16 214 -214
-16 215 -218
-16 215 -217
-16 215 -216
-16 215 -215
-16 215 -214
-16 216 -218
-16 216 -217
-16 216 -216
-16 216 -215
-16 216 -214
-16 216 -213
-16 217 -220
-16 217 -219
-16 217 -218
-16 217 -217
-16 217 -216
-16 217 -215
-16 217 -214
-16 217 -213
-16 217 -210
-16 218 -221
-16 218 -220
-16 218 -219
-16 218 -218
-16 218 -217
-16 218 -216
-16 218 -215
-16 218 -214
-16 218 -213
-16 218 -212
-16 218 -211
-16 218 -210
-16 218 -209
-16 219 -222
-16 219 -221
-16 219 -219
-16 219 -218
-16 219 -217
-16 219 -216
-16 219 -215
-16 219 -214
-16 219 -213
-16 219 -212
-16 219 -211
-16 219 -210
-16 219 -209
-16 220 -220
-16 220 -219
-16 220 -218
-16 220 -217
-16 220 -216
-16 220 -215
-16 220 -214
-16 220 -213
-16 220 -212
-16 220 -211
-16 220 -210
-16 220 -209
-16 221 -221
-16 221 -220
-16 221 -219
-16 221 -218
-16 221 -217
-16 221 -216
-16 221 -215
-16 221 -214
-16 221 -213
-16 221 -212
-16 221 -211
-16 221 -210
-16 221 -209
-16 222 -222
-16 222 -221
-16 222 -220
-16 222 -219
-16 222 -218
-16 222 -217
-16 222 -216
-16 222 -215
-16 222 -214
-16 222 -213
-16 222 -212
-16 222 -211
-16 222 -210
-16 222 -209
-16 223 -221
-16 223 -219
-16 223 -218
-16 223 -217
-16 223 -216
-16 223 -215
-16 223 -214
-16 223 -213
-16 223 -212
-16 223 -211
-16 223 -210
-16 223 -209
-16 224 -220
-16 224 -219
-16 224 -218
-16 224 -217
-16 224 -216
-16 224 -215
-16 224 -214
-16 224 -213
-16 224 -212
-16 224 -211
-16 224 -210
-16 224 -209
-15 204 -217
-15 204 -215
-15 204 -214
-15 205 -217
-15 205 -216
-15 205 -215
-15 205 -214
-15 206 -217
-15 206 -216
-15 206 -215
-15 206 -214
-15 206 -213
-15 207 -218
-15 207 -217
-15 207 -216
-15 207 -215
-15 207 -214
-15 207 -213
-15 207 -212
-15 208 -218
-15 208 -216
-15 208 -215
-15 208 -214
-15 208 -213
-15 208 -212
-15 209 -218
-15 209 -217
-15 209 -216
-15 209 -215
-15 209 -214
-15 209 -213
-15 209 -212
-15 210 -218
-15 210 -217
-15 210 -216
-15 210 -215
-15 210 -214
-15 210 -213
-15 211 -217
-15 211 -216
-15 211 -215
-15 211 -214
-15 211 -213
-15 211 -212
-15 212 -218
-15 212 -216
-15 212 -215
-15 212 -214
-15 212 -213
-15 212 -212
-15 213 -218
-15 213 -217
-15 213 -216
-15 213 -215
-15 213 -214
-15 213 -213
-15 213 -212
-15 213 -211
-15 214 -218
-15 214 -217
-15 214 -216
-15 214 -215
-15 214 -214
-15 214 -213
-15 214 -212
-15 215 -217
-15 215 -216
-15 215 -215
-15 215 -214
-15 216 -220
-15 216 -218
-15 216 -217
-15 216 -216
-15 216 -215
-15 216 -214
-15 216 -213
-15 217 -220
-15 217 -218
-15 217 -217
-15 217 -216
-15 217 -215
-15 217 -214
-15 217 -213
-15 217 -212
-15 217 -211
-15 217 -210
-15 218 -220
-15 218 -219
-15 218 -218
-15 218 -217
-15 218 -216
-15 218 -215
-15 218 -214
-15 218 -213
-15 218 -212
-15 218 -211
-15 218 -210
-15 218 -209
-15 219 -223
-15 219 -222
-15 219 -221
-15 219 -219
-15 219 -218
-15 219 -217
-15 219 -216
-15 219 -215
-15 219 -214
-15 219 -213
-15 219 -212
-15 219 -211
-15 219 -210
-15 219 -209
-15 220 -223
-15 220 -222
-15 220 -221
-15 220 -220
-15 220 -219
-15 220 -218
-15 220 -217
-15 220 -216
-15 220 -215
-15 220 -214
-15 220 -213
-15 220 -212
-15 220 -211
-15 220 -210
-15 220 -209
-15 221 -222
-15 221 -221
-15 221 -220
-15 221 -219
-15 221 -218
-15 221 -217
-15 221 -216
-15 221 -215
-15 221 -214
-15 221 -213
-15 221 -212
-15 221 -211
-15 221 -210
-15 221 -209
-15 222 -222
-15 222 -221
-15 222 -220
-15 222 -219
-15 222 -218
-15 222 -217
-15 222 -216
-15 222 -215
-15 222 -214
-15 222 -213
-15 222 -212
-15 222 -211
-15 222 -210
-15 222 -209
-15 223 -221
-15 223 -220
-15 223 -219
-15 223 -218
-15 223 -217
-15 223 -216
-15 223 -215
-15 223 -214
-15 223 -213
-15 223 -212
-15 223 -211
-15 223 -210
-15 223 -209
-15 224 -222
-15 224 -221
-15 224 -220
-15 224 -219
-15 224 -218
-15 224 -217
-15 224 -216
-15 224 -215
-15 224 -214
-15 224 -213
-15 224 -212
-15 224 -211
-15 224 -210
-15 224 -209
-14 204 -215
-14 204 -214
-14 205 -216
-14 205 -215
-14 206 -217
-14 206 -216
-14 206 -215
-14 206 -214
-14 206 -213
-14 207 -217
-14 207 -216
-14 207 -215
-14 207 -214
-14 207 -213
-14 208 -218
-14 208 -217
-14 208 -216
-14 208 -215
-14 208 -214
-14 208 -213
-14 208 -212
-14 209 -218
-14 209 -217
-14 209 -216
-14 209 -215
-14 209 -214
-14 209 -213
-14 210 -217
-14 210 -216
-14 210 -215
-14 210 -214
-14 210 -213
-14 211 -217
-14 211 -216
-14 211 -215
-14 211 -214
-14 211 -213
-14 212 -217
-14 212 -216
-14 212 -215
-14 212 -214
-14 212 -213
-14 212 -212
-14 213 -218
-14 213 -217
-14 213 -216
-14 213 -215
-14 213 -214
-14 213 -213
-14 214 -217
-14 214 -216
-14 214 -215
-14 214 -214
-14 215 -218
-14 215 -217
-14 215 -216
-14 215 -215
-14 215 -214
-14 216 -221
-14 216 -220
-14 216 -217
-14 216 -216
-14 216 -215
-14 217 -220
-14 217 -219
-14 217 -217
-14 217 -216
-14 217 -215
-14 217 -212
-14 218 -222
-14 218 -220
-14 218 -219
-14 218 -218
-14 218 -217
-14 218 -216
-14 218 -215
-14 218 -214
-14 218 -213
-14 218 -212
-14 218 -210
-14 219 -222
-14 219 -221
-14 219 -220
-14 219 -219
-14 219 -218
-14 219 -217
-14 219 -216
-14 219 -214
-14 219 -213
-14 219 -212
-14 219 -211
-14 220 -221
-14 220 -220
-14 220 -219
-14 220 -218
-14 220 -217
-14 220 -216
-14 220 -215
-14 220 -214
-14 220 -213
-14 220 -212
-14 220 -211
-14 220 -210
-14 220 -209
-14 221 -221
-14 221 -220
-14 221 -219
-14 221 -218
-14 221 -217
-14 221 -216
-14 221 -215
-14 221 -214
-14 221 -213
-14 221 -212
-14 221 -211
-14 221 -210
-14 221 -209
-14 222 -221
-14 222 -220
-14 222 -219
-14 222 -218
-14 222 -217
-14 222 -216
-14 222 -215
-14 222 -214
-14 222 -213
-14 222 -212
-14 222 -211
-14 222 -210
-14 222 -209
-14 223 -221
-14 223 -219
-14 223 -218
-14 223 -217
-14 223 -216
-14 223 -215
-14 223 -214
-14 223 -213
-14 223 -212
-14 223 -211
-14 223 -210
-14 223 -209
-14 224 -221
-14 224 -220
-14 224 -219
-14 224 -218
-14 224 -217
-14 224 -216
-14 224 -215
-14 224 -214
-14 224 -213
-14 224 -212
-14 224 -211
-14 224 -210
-14 224 -209
-13 205 -216
-13 205 -215
-13 206 -217
-13 206 -216
-13 206 -215
-13 206 -214
-13 207 -217
-13 207 -216
-13 207 -215
-13 207 -214
-13 207 -213
-13 208 -215
-13 208 -214
-13 208 -213
-13 209 -217
-13 209 -216
-13 209 -215
-13 209 -214
-13 209 -213
-13 209 -212
-13 210 -214
-13 211 -217
-13 211 -216
-13 211 -215
-13 211 -214
-13 211 -213
-13 212 -216
-13 212 -215
-13 212 -214
-13 213 -216
-13 213 -215
-13 213 -214
-13 215 -215
-13 216 -220
-13 216 -217
-13 216 -216
-13 216 -215
-13 217 -219
-13 217 -217
-13 217 -216
-13 218 -220
-13 218 -219
-13 218 -218
-13 218 -217
-13 218 -216
-13 218 -215
-13 218 -213
-13 219 -222
-13 219 -221
-13 219 -220
-13 219 -219
-13 219 -218
-13 219 -217
-13 219 -216
-13 219 -215
-13 219 -214
-13 219 -213
-13 219 -211
-13 220 -222
-13 220 -221
-13 220 -220
-13 220 -219
-13 220 -218
-13 220 -217
-13 220 -216
-13 220 -215
-13 220 -214
-13 220 -213
-13 220 -212
-13 220 -211
-13 220 -210
-13 220 -209
-13 221 -222
-13 221 -221
-13 221 -220
-13 221 -219
-13 221 -218
-13 221 -217
-13 221 -216
-13 221 -215
-13 221 -214
-13 221 -213
-13 221 -212
-13 221 -211
-13 221 -210
-13 221 -209
-13 222 -221
-13 222 -220
-13 222 -219
-13 222 -218
-13 222 -217
-13 222 -216
-13 222 -215
-13 222 -214
-13 222 -212
-13 222 -211
-13 222 -210
-13 222 -209
-13 223 -221
-13 223 -219
-13 223 -218
-13 223 -217
-13 223 -216
-13 223 -215
-13 223 -214
-13 223 -213
-13 223 -212
-13 223 -211
-13 223 -210
-13 223 -209
-13 224 -220
-13 224 -219
-13 224 -218
-13 224 -217
-13 224 -216
-13 224 -215
-13 224 -214
-13 224 -213
-13 224 -212
-13 224 -211
-13 224 -210
-13 224 -209
-12 206 -214
-12 207 -215
-12 207 -213
-12 208 -215
-12 208 -214
-12 209 -215
-12 211 -216
-12 211 -215
-12 212 -215
-12 217 -219
-12 218 -220
-12 218 -219
-12 218 -218
-12 218 -217
-12 218 -215
-12 219 -219
-12 219 -218
-12 219 -217
-12 219 -216
-12 219 -215
-12 219 -213
-12 219 -209
-12 220 -221
-12 220 -220
-12 220 -219
-12 220 -218
-12 220 -216
-12 220 -215
-12 220 -213
-12 220 -212
-12 220 -211
-12 220 -209
-12 221 -222
-12 221 -220
-12 221 -219
-12 221 -218
-12 221 -217
-12 221 -215
-12 221 -214
-12 221 -213
-12 221 -212
-12 221 -211
-12 221 -210
-12 221 -209
-12 222 -223
-12 222 -222
-12 222 -221
-12 222 -220
-12 222 -219
-12 222 -218
-12 222 -217
-12 222 -216
-12 222 -215
-12 222 -213
-12 222 -212
-12 222 -211
-12 222 -210
-12 222 -209
-12 223 -222
-12 223 -219
-12 223 -218
-12 223 -217
-12 223 -216
-12 223 -215
-12 223 -214
-12 223 -213
-12 223 -212
-12 223 -211
-12 223 -210
-12 223 -209
-12 224 -219
-12 224 -218
-12 224 -217
-12 224 -216
-12 224 -215
-12 224 -214
-12 224 -213
-12 224 -212
-12 224 -211
-12 224 -210
-12 224 -209
-11 208 -215
-11 217 -219
-11 217 -216
-11 218 -219
-11 218 -218
-11 218 -217
-11 218 -216
-11 218 -215
-11 218 -210
-11 218 -209
-11 219 -221
-11 219 -220
-11 219 -219
-11 219 -218
-11 219 -217
-11 219 -216
-11 219 -215
-11 219 -214
-11 219 -211
-11 219 -210
-11 219 -209
-11 220 -220
-11 220 -219
-11 220 -218
-11 220 -217
-11 220 -216
-11 220 -215
-11 220 -212
-11 220 -211
-11 220 -210
-11 220 -209
-11 221 -221
-11 221 -220
-11 221 -219
-11 221 -218
-11 221 -217
-11 221 -215
-11 221 -214
-11 221 -212
-11 221 -211
-11 221 -210
-11 221 -209
-11 222 -221
-11 222 -220
-11 222 -219
-11 222 -218
-11 222 -217
-11 222 -216
-11 222 -215
-11 222 -214
-11 222 -213
-11 222 -212
-11 222 -211
-11 222 -210
-11 222 -209
-11 223 -221
-11 223 -220
-11 223 -219
-11 223 -218
-11 223 -217
-11 223 -216
-11 223 -215
-11 223 -214
-11 223 -213
-11 223 -212
-11 223 -211
-11 223 -210
-11 223 -209
-11 224 -220
-11 224 -219
-11 224 -218
-11 224 -217
-11 224 -216
-11 224 -215
-11 224 -214
-11 224 -213
-11 224 -212
-11 224 -211
-11 224 -210
-11 224 -209
-10 217 -209
-10 218 -219
-10 218 -216
-10 218 -210
-10 218 -209
-10 219 -211
-10 219 -210
-10 219 -209
-10 220 -219
-10 220 -218
-10 220 -217
-10 220 -212
-10 220 -211
-10 220 -210
-10 220 -209
-10 221 -221
-10 221 -219
-10 221 -218
-10 221 -217
-10 221 -216
-10 221 -215
-10 221 -214
-10 221 -213
-10 221 -212
-10 221 -211
-10 221 -210
-10 221 -209
-10 222 -220
-10 222 -219
-10 222 -218
-10 222 -217
-10 222 -216
-10 222 -215
-10 222 -214
-10 222 -213
-10 222 -212
-10 222 -211
-10 222 -210
-10 222 -209
-10 223 -220
-10 223 -219
-10 223 -218
-10 223 -217
-10 223 -216
-10 223 -215
-10 223 -214
-10 223 -213
-10 223 -212
-10 223 -211
-10 223 -210
-10 223 -209
-10 224 -221
-10 224 -220
-10 224 -219
-10 224 -218
-10 224 -217
-10 224 -216
-10 224 -215
-10 224 -214
-10 224 -213
-10 224 -212
-10 224 -211
-10 224 -210
-10 224 -209
-9 218 -211
-9 218 -210
-9 218 -209
-9 219 -211
-9 219 -210
-9 219 -209
-9 220 -219
-9 220 -217
-9 220 -216
-9 220 -215
-9 220 -214
-9 220 -213
-9 220 -212
-9 220 -211
-9 220 -210
-9 220 -209
-9 221 -217
-9 221 -216
-9 221 -215
-9 221 -213
-9 221 -212
-9 221 -211
-9 221 -210
-9 221 -209
-9 222 -219
-9 222 -218
-9 222 -217
-9 222 -216
-9 222 -215
-9 222 -214
-9 222 -213
-9 222 -212
-9 222 -211
-9 222 -210
-9 222 -209
-9 223 -221
-9 223 -219
-9 223 -218
-9 223 -217
-9 223 -216
-9 223 -215
-9 223 -214
-9 223 -213
-9 223 -212
-9 223 -211
-9 223 -210
-9 223 -209
-9 224 -221
-9 224 -220
-9 224 -219
-9 224 -218
-9 224 -217
-9 224 -216
-9 224 -215
-9 224 -214
-9 224 -213
-9 224 -212
-9 224 -211
-9 224 -210
-9 224 -209
-8 216 -209
-8 217 -209
-8 218 -212
-8 218 -210
-8 219 -215
-8 219 -214
-8 219 -213
-8 219 -212
-8 219 -211
-8 219 -210
-8 219 -209
-8 220 -217
-8 220 -216
-8 220 -215
-8 220 -214
-8 220 -213
-8 220 -212
-8 220 -211
-8 220 -210
-8 220 -209
-8 221 -219
-8 221 -218
-8 221 -217
-8 221 -216
-8 221 -215
-8 221 -214
-8 221 -213
-8 221 -212
-8 221 -211
-8 221 -210
-8 221 -209
-8 222 -221
-8 222 -220
-8 222 -218
-8 222 -217
-8 222 -216
-8 222 -215
-8 222 -214
-8 222 -213
-8 222 -212
-8 222 -211
-8 222 -210
-8 222 -209
-8 223 -221
-8 223 -220
-8 223 -219
-8 223 -218
-8 223 -217
-8 223 -216
-8 223 -215
-8 223 -214
-8 223 -213
-8 223 -212
-8 223 -211
-8 223 -210
-8 223 -209
-8 224 -221
-8 224 -220
-8 224 -219
-8 224 -218
-8 224 -217
-8 224 -216
-8 224 -215
-8 224 -214
-8 224 -213
-8 224 -212
-8 224 -211
-8 224 -210
-8 224 -209
-7 215 -209
-7 216 -210
-7 216 -209
-7 217 -212
-7 217 -211
-7 217 -210
-7 217 -209
-7 218 -213
-7 218 -212
-7 218 -210
-7 218 -209
-7 219 -215
-7 219 -213
-7 219 -212
-7 219 -211
-7 219 -210
-7 219 -209
-7 220 -216
-7 220 -215
-7 220 -214
-7 220 -213
-7 220 -212
-7 220 -211
-7 220 -210
-7 220 -209
-7 221 -219
-7 221 -216
-7 221 -215
-7 221 -214
-7 221 -213
-7 221 -212
-7 221 -211
-7 221 -210
-7 221 -209
-7 222 -220
-7 222 -219
-7 222 -218
-7 222 -216
-7 222 -215
-7 222 -214
-7 222 -213
-7 222 -212
-7 222 -211
-7 222 -210
-7 222 -209
-7 223 -221
-7 223 -220
-7 223 -219
-7 223 -218
-7 223 -217
-7 223 -216
-7 223 -215
-7 223 -214
-7 223 -213
-7 223 -212
-7 223 -211
-7 223 -210
-7 223 -209
-7 224 -222
-7 224 -221
-7 224 -220
-7 224 -219
-7 224 -218
-7 224 -217
-7 224 -216
-7 224 -215
-7 224 -214
-7 224 -213
-7 224 -212
-7 224 -211
-7 224 -210
-7 224 -209
-6 216 -210
-6 217 -209
-6 218 -211
-6 218 -210
-6 218 -209
-6 219 -213
-6 219 -212
-6 219 -211
-6 219 -210
-6 220 -214
-6 220 -212
-6 220 -211
-6 220 -210
-6 220 -209
-6 221 -218
-6 221 -216
-6 221 -215
-6 221 -214
-6 221 -213
-6 221 -212
-6 221 -211
-6 221 -210
-6 221 -209
-6 222 -220
-6 222 -219
-6 222 -218
-6 222 -217
-6 222 -216
-6 222 -215
-6 222 -214
-6 222 -213
-6 222 -212
-6 222 -211
-6 222 -210
-6 222 -209
-6 223 -221
-6 223 -220
-6 223 -219
-6 223 -218
-6 223 -217
-6 223 -216
-6 223 -215
-6 223 -214
-6 223 -213
-6 223 -212
-6 223 -211
-6 223 -210
-6 223 -209
-6 224 -222
-6 224 -221
-6 224 -220
-6 224 -219
-6 224 -218
-6 224 -217
-6 224 -216
-6 224 -215
-6 224 -214
-6 224 -213
-6 224 -212
-6 224 -211
-6 224 -210
-6 224 -209
-5 216 -209
-5 217 -210
-5 217 -209
-5 218 -211
-5 218 -210
-5 218 -209
-5 219 -218
-5 219 -213
-5 219 -212
-5 219 -211
-5 219 -210
-5 219 -209
-5 220 -218
-5 220 -217
-5 220 -212
-5 220 -210
-5 220 -209
-5 221 -219
-5 221 -217
-5 221 -216
-5 221 -215
-5 221 -212
-5 221 -211
-5 221 -210
-5 221 -209
-5 222 -220
-5 222 -219
-5 222 -218
-5 222 -217
-5 222 -216
-5 222 -215
-5 222 -214
-5 222 -212
-5 222 -211
-5 222 -210
-5 222 -209
-5 223 -221
-5 223 -220
-5 223 -219
-5 223 -218
-5 223 -217
-5 223 -216
-5 223 -215
-5 223 -214
-5 223 -213
-5 223 -212
-5 223 -211
-5 223 -210
-5 223 -209
-5 224 -222
-5 224 -221
-5 224 -220
-5 224 -219
-5 224 -218
-5 224 -217
-5 224 -216
-5 224 -215
-5 224 -214
-5 224 -213
-5 224 -212
-5 224 -211
-5 224 -210
-5 224 -209
-4 217 -210
-4 218 -210
-4 218 -209
-4 219 -218
-4 219 -212
-4 219 -210
-4 219 -209
-4 220 -218
-4 220 -217
-4 220 -216
-4 220 -215
-4 220 -211
-4 220 -210
-4 220 -209
-4 221 -221
-4 221 -220
-4 221 -218
-4 221 -217
-4 221 -216
-4 221 -215
-4 221 -214
-4 221 -213
-4 221 -212
-4 221 -211
-4 221 -210
-4 221 -209
-4 222 -222
-4 222 -220
-4 222 -219
-4 222 -218
-4 222 -217
-4 222 -216
-4 222 -215
-4 222 -214
-4 222 -213
-4 222 -212
-4 222 -211
-4 222 -210
-4 222 -209
-4 223 -222
-4 223 -221
-4 223 -220
-4 223 -219
-4 223 -218
-4 223 -217
-4 223 -216
-4 223 -215
-4 223 -214
-4 223 -213
-4 223 -212
-4 223 -211
-4 223 -210
-4 223 -209
-4 224 -223
-4 224 -222
-4 224 -221
-4 224 -220
-4 224 -219
-4 224 -218
-4 224 -217
-4 224 -216
-4 224 -215
-4 224 -214
-4 224 -213
-4 224 -212
-4 224 -210
-4 224 -209
-3 217 -218
-3 218 -218
-3 218 -217
-3 218 -216
-3 219 -219
-3 219 -218
-3 219 -217
-3 219 -216
-3 220 -221
-3 220 -220
-3 220 -219
-3 220 -218
-3 220 -217
-3 220 -216
-3 220 -215
-3 220 -210
-3 220 -209
-3 221 -222
-3 221 -221
-3 221 -220
-3 221 -219
-3 221 -218
-3 221 -217
-3 221 -216
-3 221 -215
-3 221 -214
-3 221 -213
-3 221 -211
-3 221 -210
-3 221 -209
-3 222 -223
-3 222 -222
-3 222 -221
-3 222 -220
-3 222 -219
-3 222 -218
-3 222 -217
-3 222 -216
-3 222 -215
-3 222 -214
-3 222 -213
-3 222 -211
-3 222 -209
-3 223 -224
-3 223 -223
-3 223 -222
-3 223 -221
-3 223 -220
-3 223 -219
-3 223 -218
-3 223 -217
-3 223 -216
-3 223 -215
-3 223 -214
-3 223 -213
-3 223 -212
-3 223 -211
-3 223 -209
-3 224 -223
-3 224 -222
-3 224 -221
-3 224 -220
-3 224 -219
-3 224 -218
-3 224 -217
-3 224 -216
-3 224 -215
-3 224 -214
-3 224 -213
-3 224 -212
-3 224 -211
-3 224 -210
-3 224 -209
-2 218 -217
-2 218 -216
-2 218 -215
-2 219 -221
-2 219 -220
-2 219 -218
-2 219 -217
-2 219 -216
-2 219 -215
-2 219 -214
-2 220 -221
-2 220 -220
-2 220 -219
-2 220 -218
-2 220 -217
-2 220 -216
-2 220 -215
-2 220 -214
-2 221 -222
-2 221 -221
-2 221 -220
-2 221 -219
-2 221 -218
-2 221 -217
-2 221 -216
-2 221 -215
-2 221 -214
-2 221 -213
-2 221 -212
-2 221 -211
-2 221 -210
-2 221 -209
-2 222 -224
-2 222 -223
-2 222 -222
-2 222 -221
-2 222 -220
-2 222 -219
-2 222 -218
-2 222 -217
-2 222 -216
-2 222 -215
-2 222 -214
-2 222 -212
-2 222 -211
-2 223 -223
-2 223 -222
-2 223 -221
-2 223 -220
-2 223 -219
-2 223 -218
-2 223 -217
-2 223 -216
-2 223 -215
-2 223 -214
-2 223 -213
-2 223 -212
-2 224 -224
-2 224 -223
-2 224 -222
-2 224 -221
-2 224 -220
-2 224 -219
-2 224 -218
-2 224 -217
-2 224 -216
-2 224 -215
-2 224 -214
-2 224 -213
-2 224 -212
-1 218 -219
-1 218 -217
-1 218 -216
-1 219 -218
-1 219 -217
-1 219 -216
-1 219 -215
-1 219 -214
-1 220 -223
-1 220 -218
-1 220 -217
-1 220 -216
-1 220 -215
-1 220 -214
-1 220 -210
-1 220 -209
-1 221 -224
-1 221 -223
-1 221 -222
-1 221 -221
-1 221 -220
-1 221 -219
-1 221 -218
-1 221 -217
-1 221 -216
-1 221 -215
-1 221 -214
-1 221 -213
-1 221 -212
-1 221 -211
-1 221 -210
-1 222 -224
-1 222 -223
-1 222 -222
-1 222 -221
-1 222 -220
-1 222 -219
-1 222 -218
-1 222 -217
-1 222 -216
-1 222 -215
-1 222 -214
-1 222 -213
-1 222 -212
-1 222 -211
-1 222 -210
-1 223 -224
-1 223 -223
-1 223 -222
-1 223 -221
-1 223 -220
-1 223 -219
-1 223 -218
-1 223 -217
-1 223 -216
-1 223 -215
-1 223 -214
-1 223 -213
-1 223 -212
-1 224 -224
-1 224 -223
-1 224 -222
-1 224 -221
-1 224 -220
-1 224 -219
-1 224 -218
-1 224 -217
-1 224 -216
-1 224 -215
-1 224 -214
-1 224 -213
-1 224 -212
-16 225 -219
-16 225 -218
-16 225 -217
-16 225 -216
-16 225 -215
-16 225 -214
-16 225 -213
-16 225 -212
-16 225 -211
-16 225 -210
-16 225 -209
-16 226 -219
-16 226 -218
-16 226 -217
-16 226 -216
-16 226 -215
-16 226 -214
-16 226 -213
-16 226 -212
-16 226 -211
-16 226 -210
-16 226 -209
-16 227 -219
-16 227 -218
-16 227 -217
-16 227 -216
-16 227 -215
-16 227 -214
-16 227 -213
-16 227 -212
-16 227 -211
-16 227 -210
-16 227 -209
-16 228 -219
-16 228 -218
-16 228 -217
-16 228 -216
-16 228 -215
-16 228 -214
-16 228 -213
-16 228 -212
-16 228 -211
-16 228 -210
-16 228 -209
-16 229 -219
-16 229 -218
-16 229 -216
-16 229 -215
-16 229 -214
-16 229 -213
-16 229 -212
-16 229 -211
-16 229 -210
-16 230 -218
-16 230 -217
-16 230 -216
-16 230 -215
-16 230 -214
-16 230 -213
-16 230 -212
-16 230 -211
-16 230 -210
-16 231 -218
-16 231 -217
-16 231 -215
-16 231 -214
-16 231 -213
-16 231 -212
-16 231 -211
-16 232 -216
-16 232 -215
-16 232 -214
-16 232 -213
-16 232 -212
-16 232 -211
-16 232 -210
-16 233 -216
-16 233 -215
-16 233 -214
-16 233 -213
-16 233 -211
-16 234 -215
-16 234 -213
-16 235 -215
-16 244 -210
-16 245 -210
-16 246 -211
-16 246 -209
-16 247 -210
-16 247 -209
-16 248 -212
-16 248 -211
-16 248 -210
-16 248 -209
-16 249 -213
-16 249 -212
-16 249 -211
-16 249 -210
-16 249 -209
-16 250 -210
-16 250 -209
-16 251 -211
-16 251 -210
-16 251 -209
-16 252 -211
-16 252 -210
-16 252 -209
-16 253 -209
-15 225 -220
-15 225 -219
-15 225 -218
-15 225 -217
-15 225 -216
-15 225 -215
-15 225 -214
-15 225 -213
-15 225 -212
-15 225 -211
-15 225 -210
-15 225 -209
-15 226 -220
-15 226 -219
-15 226 -218
-15 226 -217
-15 226 -216
-15 226 -215
-15 226 -214
-15 226 -213
-15 226 -212
-15 226 -211
-15 226 -210
-15 226 -209
-15 227 -220
-15 227 -219
-15 227 -218
-15 227 -217
-15 227 -216
-15 227 -215
-15 227 -214
-15 227 -213
-15 227 -212
-15 227 -211
-15 227 -210
-15 227 -209
-15 228 -219
-15 228 -218
-15 228 -217
-15 228 -216
-15 228 -215
-15 228 -214
-15 228 -213
-15 228 -212
-15 228 -211
-15 228 -210
-15 228 -209
-15 229 -219
-15 229 -218
-15 229 -217
-15 229 -216
-15 229 -215
-15 229 -214
-15 229 -213
-15 229 -212
-15 229 -211
-15 229 -210
-15 229 -209
-15 230 -219
-15 230 -218
-15 230 -217
-15 230 -216
-15 230 -215
-15 230 -214
-15 230 -213
-15 230 -212
-15 230 -211
-15 230 -209
-15 231 -218
-15 231 -217
-15 231 -216
-15 231 -215
-15 231 -214
-15 231 -213
-15 231 -212
-15 231 -211
-15 231 -210
-15 232 -217
-15 232 -216
-15 232 -215
-15 232 -214
-15 232 -213
-15 232 -212
-15 233 -217
-15 233 -216
-15 233 -215
-15 233 -214
-15 233 -213
-15 233 -212
-15 234 -216
-15 234 -215
-15 234 -213
-15 234 -212
-15 242 -209
-15 243 -210
-15 243 -209
-15 244 -210
-15 244 -209
-15 245 -210
-15 245 -209
-15 246 -211
-15 246 -210
-15 246 -209
-15 247 -211
-15 247 -210
-15 247 -209
-15 248 -213
-15 248 -212
-15 248 -211
-15 248 -210
-15 248 -209
-15 249 -214
-15 249 -213
-15 249 -212
-15 249 -211
-15 249 -210
-15 249 -209
-15 250 -212
-15 250 -211
-15 250 -210
-15 250 -209
-15 251 -212
-15 251 -211
-15 251 -210
-15 251 -209
-15 252 -212
-15 252 -211
-15 252 -210
-15 252 -209
-15 253 -210
-15 253 -209
-15 254 -209
-14 225 -219
-14 225 -218
-14 225 -217
-14 225 -216
-14 225 -215
-14 225 -214
-14 225 -213
-14 225 -212
-14 225 -211
-14 225 -210
-14 225 -209
-14 226 -219
-14 226 -218
-14 226 -217
-14 226 -216
-14 226 -215
-14 226 -214
-14 226 -213
-14 226 -212
-14 226 -211
-14 226 -210
-14 226 -209
-14 227 -219
-14 227 -218
-14 227 -217
-14 227 -216
-14 227 -215
-14 227 -214
-14 227 -213
-14 227 -212
-14 227 -211
-14 227 -210
-14 227 -209
-14 228 -219
-14 228 -218
-14 228 -217
-14 228 -216
-14 228 -215
-14 228 -214
-14 228 -213
-14 228 -212
-14 228 -211
-14 228 -210
-14 228 -209
-14 229 -219
-14 229 -218
-14 229 -217
-14 229 -216
-14 229 -215
-14 229 -214
-14 229 -213
-14 229 -212
-14 229 -211
-14 229 -210
-14 229 -209
-14 230 -218
-14 230 -217
-14 230 -216
-14 230 -215
-14 230 -214
-14 230 -213
-14 230 -212
-14 230 -211
-14 230 -210
-14 230 -209
-14 231 -217
-14 231 -216
-14 231 -215
-14 231 -214
-14 231 -212
-14 231 -211
-14 231 -210
-14 232 -217
-14 232 -216
-14 232 -214
-14 232 -213
-14 232 -212
-14 233 -214
-14 233 -213
-14 233 -212
-14 234 -214
-14 244 -209
-14 245 -210
-14 245 -209
-14 246 -212
-14 246 -211
-14 246 -210
-14 246 -209
-14 247 -213
-14 247 -212
-14 247 -211
-14 247 -210
-14 247 -209
-14 248 -213
-14 248 -212
-14 248 -211
-14 248 -210
-14 248 -209
-14 249 -212
-14 249 -211
-14 249 -210
-14 249 -209
-14 250 -213
-14 250 -212
-14 250 -211
-14 250 -210
-14 250 -209
-14 251 -212
-14 251 -211
-14 251 -210
-14 251 -209
-14 252 -212
-14 252 -211
-14 252 -210
-14 252 -209
-14 253 -211
-14 253 -210
-14 253 -209
-14 254 -210
-14 254 -209
-13 225 -220
-13 225 -219
-13 225 -218
-13 225 -217
-13 225 -216
-13 225 -215
-13 225 -214
-13 225 -213
-13 225 -212
-13 225 -211
-13 225 -210
-13 225 -209
-13 226 -220
-13 226 -219
-13 226 -218
-13 226 -217
-13 226 -216
-13 226 -215
-13 226 -214
-13 226 -213
-13 226 -212
-13 226 -211
-13 226 -210
-13 226 -209
-13 227 -220
-13 227 -219
-13 227 -218
-13 227 -217
-13 227 -216
-13 227 -215
-13 227 -214
-13 227 -213
-13 227 -212
-13 227 -211
-13 227 -210
-13 227 -209
-13 228 -220
-13 228 -219
-13 228 -218
-13 228 -217
-13 228 -216
-13 228 -215
-13 228 -214
-13 228 -213
-13 228 -212
-13 228 -211
-13 228 -210
-13 228 -209
-13 229 -218
-13 229 -217
-13 229 -216
-13 229 -215
-13 229 -214
-13 229 -213
-13 229 -212
-13 229 -211
-13 229 -209
-13 230 -218
-13 230 -217
-13 230 -216
-13 230 -215
-13 230 -214
-13 230 -213
-13 230 -212
-13 230 -211
-13 230 -209
-13 231 -218
-13 231 -217
-13 231 -216
-13 231 -215
-13 231 -214
-13 231 -213
-13 231 -212
-13 232 -217
-13 232 -216
-13 232 -215
-13 232 -214
-13 232 -213
-13 232 -212
-13 233 -216
-13 233 -214
-13 233 -213
-13 233 -212
-13 234 -214
-13 235 -214
-13 243 -211
-13 244 -212
-13 244 -211
-13 244 -210
-13 244 -209
-13 245 -212
-13 245 -211
-13 245 -210
-13 245 -209
-13 246 -214
-13 246 -213
-13 246 -212
-13 246 -211
-13 246 -210
-13 246 -209
-13 247 -213
-13 247 -212
-13 247 -211
-13 247 -210
-13 247 -209
-13 248 -215
-13 248 -214
-13 248 -213
-13 248 -212
-13 248 -211
-13 248 -210
-13 248 -209
-13 249 -213
-13 249 -212
-13 249 -211
-13 249 -210
-13 249 -209
-13 250 -213
-13 250 -212
-13 250 -211
-13 250 -210
-13 250 -209
-13 251 -213
-13 251 -211
-13 251 -210
-13 251 -209
-13 252 -211
-13 252 -210
-13 252 -209
-13 253 -210
-13 253 -209
-13 254 -209
-12 225 -220
-12 225 -219
-12 225 -218
-12 225 -217
-12 225 -216
-12 225 -215
-12 225 -214
-12 225 -213
-12 225 -212
-12 225 -211
-12 225 -210
-12 225 -209
-12 226 -220
-12 226 -219
-12 226 -218
-12 226 -217
-12 226 -216
-12 226 -215
-12 226 -214
-12 226 -213
-12 226 -212
-12 226 -211
-12 226 -210
-12 226 -209
-12 227 -220
-12 227 -218
-12 227 -217
-12 227 -216
-12 227 -215
-12 227 -214
-12 227 -213
-12 227 -212
-12 227 -211
-12 227 -210
-12 227 -209
-12 228 -221
-12 228 -220
-12 228 -219
-12 228 -218
-12 228 -217
-12 228 -216
-12 228 -215
-12 228 -214
-12 228 -213
-12 228 -212
-12 228 -211
-12 228 -210
-12 228 -209
-12 229 -220
-12 229 -219
-12 229 -218
-12 229 -217
-12 229 -216
-12 229 -215
-12 229 -214
-12 229 -213
-12 229 -212
-12 229 -211
-12 230 -218
-12 230 -217
-12 230 -216
-12 230 -215
-12 230 -214
-12 230 -213
-12 230 -212
-12 230 -211
-12 230 -210
-12 231 -219
-12 231 -218
-12 231 -217
-12 231 -216
-12 231 -215
-12 231 -214
-12 231 -213
-12 231 -212
-12 231 -211
-12 232 -217
-12 232 -216
-12 232 -214
-12 233 -214
-12 233 -213
-12 234 -214
-12 242 -210
-12 243 -211
-12 243 -210
-12 243 -209
-12 244 -211
-12 244 -210
-12 244 -209
-12 245 -212
-12 245 -210
-12 245 -209
-12 246 -214
-12 246 -213
-12 246 -212
-12 246 -211
-12 246 -210
-12 246 -209
-12 247 -213
-12 247 -212
-12 247 -211
-12 247 -210
-12 247 -209
-12 248 -216
-12 248 -215
-12 248 -214
-12 248 -213
-12 248 -212
-12 248 -211
-12 248 -210
-12 248 -209
-12 249 -214
-12 249 -212
-12 249 -211
-12 249 -210
-12 249 -209
-12 250 -213
-12 250 -212
-12 250 -211
-12 250 -210
-12 250 -209
-12 251 -213
-12 251 -212
-12 251 -211
-12 251 -210
-12 251 -209
-12 252 -213
-12 252 -212
-12 252 -211
-12 252 -210
-12 252 -209
-12 253 -209
-11 225 -220
-11 225 -219
-11 225 -218
-11 225 -217
-11 225 -216
-11 225 -215
-11 225 -214
-11 225 -213
-11 225 -212
-11 225 -211
-11 225 -210
-11 225 -209
-11 226 -220
-11 226 -219
-11 226 -218
-11 226 -217
-11 226 -216
-11 226 -215
-11 226 -214
-11 226 -213
-11 226 -212
-11 226 -211
-11 226 -210
-11 226 -209
-11 227 -219
-11 227 -218
-11 227 -217
-11 227 -216
-11 227 -215
-11 227 -214
-11 227 -213
-11 227 -212
-11 227 -211
-11 227 -210
-11 227 -209
-11 228 -219
-11 228 -218
-11 228 -217
-11 228 -216
-11 228 -215
-11 228 -214
-11 228 -213
-11 228 -212
-11 228 -211
-11 228 -210
-11 228 -209
-11 229 -220
-11 229 -218
-11 229 -217
-11 229 -216
-11 229 -215
-11 229 -214
-11 229 -213
-11 229 -212
-11 229 -211
-11 229 -210
-11 229 -209
-11 230 -219
-11 230 -218
-11 230 -217
-11 230 -216
-11 230 -215
-11 230 -214
-11 230 -213
-11 230 -212
-11 230 -211
-11 230 -210
-11 231 -219
-11 231 -217
-11 231 -216
-11 231 -215
-11 231 -214
-11 231 -213
-11 231 -212
-11 232 -216
-11 232 -215
-11 233 -216
-11 233 -214
-11 243 -209
-11 244 -213
-11 244 -212
-11 244 -210
-11 244 -209
-11 245 -214
-11 245 -213
-11 245 -212
-11 245 -211
-11 245 -210
-11 245 -209
-11 246 -215
-11 246 -214
-11 246 -213
-11 246 -212
-11 246 -211
-11 246 -210
-11 246 -209
-11 247 -214
-11 247 -213
-11 247 -212
-11 247 -211
-11 247 -210
-11 247 -209
-11 248 -217
-11 248 -216
-11 248 -215
-11 248 -214
-11 248 -213
-11 248 -212
-11 248 -211
-11 248 -210
-11 248 -209
-11 249 -216
-11 249 -214
-11 249 -213
-11 249 -212
-11 249 -211
-11 249 -210
-11 249 -209
-11 250 -214
-11 250 -213
-11 250 -212
-11 250 -211
-11 250 -210
-11 250 -209
-11 251 -214
-11 251 -213
-11 251 -212
-11 251 -211
-11 251 -210
-11 251 -209
-11 252 -213
-11 252 -211
-11 252 -209
-11 253 -209
-11 254 -209
-10 225 -221
-10 225 -220
-10 225 -219
-10 225 -218
-10 225 -217
-10 225 -216
-10 225 -215
-10 225 -214
-10 225 -213
-10 225 -212
-10 225 -211
-10 225 -210
-10 225 -209
-10 226 -222
-10 226 -221
-10 226 -220
-10 226 -219
-10 226 -218
-10 226 -217
-10 226 -216
-10 226 -215
-10 226 -214
-10 226 -213
-10 226 -212
-10 226 -211
-10 226 -210
-10 226 -209
-10 227 -220
-10 227 -219
-10 227 -218
-10 227 -217
-10 227 -216
-10 227 -215
-10 227 -214
-10 227 -213
-10 227 -212
-10 227 -211
-10 227 -210
-10 227 -209
-10 228 -220
-10 228 -219
-10 228 -218
-10 228 -217
-10 228 -216
-10 228 -215
-10 228 -214
-10 228 -213
-10 228 -212
-10 228 -211
-10 228 -210
-10 228 -209
-10 229 -219
-10 229 -218
-10 229 -217
-10 229 -216
-10 229 -215
-10 229 -214
-10 229 -213
-10 229 -212
-10 229 -211
-10 229 -209
-10 230 -219
-10 230 -218
-10 230 -217
-10 230 -216
-10 230 -215
-10 230 -214
-10 230 -213
-10 230 -212
-10 231 -219
-10 231 -218
-10 231 -217
-10 231 -216
-10 231 -215
-10 231 -214
-10 231 -213
-10 232 -217
-10 232 -216
-10 232 -215
-10 232 -213
-10 243 -210
-10 243 -209
-10 244 -213
-10 244 -211
-10 244 -210
-10 244 -209
-10 245 -214
-10 245 -213
-10 245 -212
-10 245 -211
-10 245 -210
-10 245 -209
-10 246 -216
-10 246 -214
-10 246 -213
-10 246 -212
-10 246 -211
-10 246 -210
-10 246 -209
-10 247 -215
-10 247 -214
-10 247 -213
-10 247 -212
-10 247 -211
-10 247 -210
-10 247 -209
-10 248 -218
-10 248 -217
-10 248 -216
-10 248 -215
-10 248 -214
-10 248 -213
-10 248 -212
-10 248 -211
-10 248 -210
-10 248 -209
-10 249 -217
-10 249 -214
-10 249 -213
-10 249 -212
-10 249 -211
-10 249 -210
-10 249 -209
-10 250 -215
-10 250 -213
-10 250 -212
-10 250 -211
-10 250 -210
-10 250 -209
-10 251 -213
-10 251 -212
-10 251 -211
-10 251 -210
-10 251 -209
-10 252 -211
-10 252 -210
-10 252 -209
-10 253 -210
-10 253 -209
-10 254 -209
-9 225 -220
-9 225 -219
-9 225 -218
-9 225 -217
-9 225 -216
-9 225 -215
-9 225 -214
-9 225 -213
-9 225 -212
-9 225 -211
-9 225 -210
-9 225 -209
-9 226 -221
-9 226 -220
-9 226 -219
-9 226 -217
-9 226 -216
-9 226 -215
-9 226 -214
-9 226 -213
-9 226 -212
-9 226 -211
-9 226 -210
-9 226 -209
-9 227 -220
-9 227 -219
-9 227 -218
-9 227 -217
-9 227 -216
-9 227 -215
-9 227 -214
-9 227 -213
-9 227 -212
-9 227 -211
-9 227 -210
-9 227 -209
-9 228 -221
-9 228 -220
-9 228 -219
-9 228 -218
-9 228 -217
-9 228 -216
-9 228 -215
-9 228 -214
-9 228 -213
-9 228 -212
-9 228 -211
-9 228 -210
-9 228 -209
-9 229 -220
-9 229 -219
-9 229 -218
-9 229 -217
-9 229 -216
-9 229 -215
-9 229 -214
-9 229 -213
-9 230 -219
-9 230 -218
-9 230 -217
-9 230 -216
-9 230 -215
-9 230 -214
-9 230 -213
-9 231 -219
-9 231 -218
-9 231 -217
-9 231 -216
-9 231 -215
-9 231 -214
-9 232 -218
-9 232 -215
-9 232 -214
-9 233 -215
-9 242 -209
-9 243 -210
-9 243 -209
-9 244 -212
-9 244 -211
-9 244 -210
-9 244 -209
-9 245 -216
-9 245 -213
-9 245 -212
-9 245 -211
-9 245 -210
-9 245 -209
-9 246 -216
-9 246 -215
-9 246 -213
-9 246 -212
-9 246 -211
-9 246 -210
-9 246 -209
-9 247 -217
-9 247 -216
-9 247 -215
-9 247 -214
-9 247 -213
-9 247 -212
-9 247 -211
-9 247 -210
-9 247 -209
-9 248 -218
-9 248 -217
-9 248 -216
-9 248 -215
-9 248 -214
-9 248 -213
-9 248 -212
-9 248 -211
-9 248 -210
-9 248 -209
-9 249 -217
-9 249 -215
-9 249 -214
-9 249 -213
-9 249 -212
-9 249 -211
-9 249 -210
-9 249 -209
-9 250 -215
-9 250 -214
-9 250 -213
-9 250 -212
-9 250 -211
-9 250 -210
-9 250 -209
-9 251 -213
-9 251 -212
-9 251 -211
-9 251 -210
-9 251 -209
-9 252 -213
-9 252 -212
-9 252 -211
-9 252 -210
-9 252 -209
-9 253 -212
-9 253 -211
-9 253 -210
-9 253 -209
-8 225 -221
-8 225 -220
-8 225 -219
-8 225 -218
-8 225 -217
-8 225 -216
-8 225 -215
-8 225 -214
-8 225 -213
-8 225 -212
-8 225 -211
-8 225 -210
-8 225 -209
-8 226 -221
-8 226 -220
-8 226 -219
-8 226 -218
-8 226 -217
-8 226 -216
-8 226 -215
-8 226 -214
-8 226 -213
-8 226 -212
-8 226 -211
-8 226 -210
-8 226 -209
-8 227 -220
-8 227 -219
-8 227 -218
-8 227 -217
-8 227 -216
-8 227 -215
-8 227 -214
-8 227 -213
-8 227 -212
-8 227 -211
-8 227 -210
-8 227 -209
-8 228 -220
-8 228 -219
-8 228 -218
-8 228 -217
-8 228 -216
-8 228 -215
-8 228 -214
-8 228 -213
-8 228 -212
-8 228 -211
-8 228 -210
-8 228 -209
-8 229 -219
-8 229 -218
-8 229 -217
-8 229 -216
-8 229 -215
-8 229 -214
-8 229 -212
-8 229 -209
-8 230 -219
-8 230 -218
-8 230 -217
-8 230 -216
-8 230 -215
-8 230 -214
-8 231 -218
-8 231 -216
-8 231 -215
-8 231 -214
-8 232 -217
-8 232 -216
-8 232 -215
-8 243 -213
-8 243 -211
-8 243 -209
-8 244 -213
-8 244 -212
-8 244 -211
-8 244 -209
-8 245 -217
-8 245 -215
-8 245 -214
-8 245 -213
-8 245 -212
-8 245 -211
-8 245 -210
-8 245 -209
-8 246 -217
-8 246 -216
-8 246 -215
-8 246 -214
-8 246 -213
-8 246 -212
-8 246 -211
-8 246 -210
-8 246 -209
-8 247 -219
-8 247 -218
-8 247 -217
-8 247 -216
-8 247 -214
-8 247 -213
-8 247 -212
-8 247 -211
-8 247 -210
-8 247 -209
-8 248 -218
-8 248 -217
-8 248 -216
-8 248 -215
-8 248 -214
-8 248 -213
-8 248 -212
-8 248 -211
-8 248 -210
-8 248 -209
-8 249 -218
-8 249 -217
-8 249 -215
-8 249 -214
-8 249 -213
-8 249 -212
-8 249 -211
-8 249 -210
-8 249 -209
-8 250 -217
-8 250 -216
-8 250 -214
-8 250 -213
-8 250 -212
-8 250 -211
-8 250 -210
-8 250 -209
-8 251 -213
-8 251 -212
-8 251 -211
-8 251 -210
-8 251 -209
-8 252 -213
-8 252 -212
-8 252 -210
-8 252 -209
-8 253 -212
-8 253 -211
-8 253 -210
-8 253 -209
-7 225 -222
-7 225 -221
-7 225 -220
-7 225 -219
-7 225 -218
-7 225 -217
-7 225 -216
-7 225 -215
-7 225 -214
-7 225 -213
-7 225 -212
-7 225 -211
-7 225 -210
-7 225 -209
-7 226 -222
-7 226 -221
-7 226 -220
-7 226 -219
-7 226 -218
-7 226 -217
-7 226 -216
-7 226 -215
-7 226 -214
-7 226 -213
-7 226 -212
-7 226 -211
-7 226 -210
-7 226 -209
-7 227 -222
-7 227 -221
-7 227 -220
-7 227 -219
-7 227 -218
-7 227 -217
-7 227 -216
-7 227 -215
-7 227 -214
-7 227 -213
-7 227 -212
-7 227 -211
-7 227 -210
-7 227 -209
-7 228 -220
-7 228 -219
-7 228 -218
-7 228 -217
-7 228 -216
-7 228 -215
-7 228 -214
-7 228 -213
-7 228 -212
-7 228 -211
-7 228 -210
-7 228 -209
-7 229 -219
-7 229 -218
-7 229 -217
-7 229 -216
-7 229 -215
-7 229 -214
-7 229 -213
-7 229 -212
-7 230 -219
-7 230 -218
-7 230 -217
-7 230 -216
-7 230 -215
-7 231 -218
-7 231 -216
-7 243 -212
-7 243 -210
-7 243 -209
-7 244 -215
-7 244 -214
-7 244 -213
-7 244 -212
-7 244 -211
-7 244 -209
-7 245 -215
-7 245 -214
-7 245 -213
-7 245 -212
-7 245 -211
-7 245 -210
-7 245 -209
-7 246 -217
-7 246 -216
-7 246 -215
-7 246 -214
-7 246 -213
-7 246 -212
-7 246 -211
-7 246 -210
-7 246 -209
-7 247 -218
-7 247 -217
-7 247 -216
-7 247 -215
-7 247 -214
-7 247 -213
-7 247 -212
-7 247 -211
-7 247 -210
-7 247 -209
-7 248 -217
-7 248 -216
-7 248 -215
-7 248 -214
-7 248 -213
-7 248 -212
-7 248 -211
-7 248 -210
-7 248 -209
-7 249 -217
-7 249 -216
-7 249 -215
-7 249 -214
-7 249 -213
-7 249 -212
-7 249 -211
-7 249 -210
-7 249 -209
-7 250 -217
-7 250 -216
-7 250 -215
-7 250 -214
-7 250 -213
-7 250 -212
-7 250 -211
-7 250 -210
-7 250 -209
-7 251 -217
-7 251 -216
-7 251 -215
-7 251 -214
-7 251 -213
-7 251 -212
-7 251 -211
-7 251 -210
-7 251 -209
-7 252 -213
-7 252 -212
-7 252 -211
-7 252 -210
-7 252 -209
-7 253 -213
-7 253 -212
-7 253 -211
-7 253 -210
-7 253 -209
-7 254 -212
-7 254 -211
-7 254 -210
-7 254 -209
-6 225 -222
-6 225 -221
-6 225 -220
-6 225 -219
-6 225 -218
-6 225 -217
-6 225 -216
-6 225 -215
-6 225 -214
-6 225 -213
-6 225 -212
-6 225 -211
-6 225 -210
-6 225 -209
-6 226 -222
-6 226 -221
-6 226 -220
-6 226 -219
-6 226 -218
-6 226 -217
-6 226 -216
-6 226 -215
-6 226 -214
-6 226 -213
-6 226 -212
-6 226 -211
-6 226 -210
-6 226 -209
-6 227 -222
-6 227 -221
-6 227 -220
-6 227 -219
-6 227 -218
-6 227 -217
-6 227 -216
-6 227 -215
-6 227 -214
-6 227 -213
-6 227 -212
-6 227 -211
-6 227 -210
-6 228 -220
-6 228 -219
-6 228 -218
-6 228 -217
-6 228 -216
-6 228 -215
-6 228 -214
-6 228 -213
-6 228 -212
-6 229 -220
-6 229 -219
-6 229 -218
-6 229 -217
-6 229 -216
-6 229 -215
-6 229 -214
-6 229 -213
-6 230 -219
-6 230 -218
-6 230 -217
-6 230 -216
-6 231 -217
-6 243 -214
-6 243 -211
-6 243 -210
-6 243 -209
-6 244 -214
-6 244 -213
-6 244 -212
-6 244 -211
-6 244 -210
-6 244 -209
-6 245 -216
-6 245 -215
-6 245 -214
-6 245 -213
-6 245 -211
-6 245 -210
-6 245 -209
-6 246 -215
-6 246 -214
-6 246 -213
-6 246 -212
-6 246 -211
-6 246 -210
-6 246 -209
-6 247 -217
-6 247 -216
-6 247 -215
-6 247 -214
-6 247 -213
-6 247 -212
-6 247 -211
-6 247 -210
-6 247 -209
-6 248 -216
-6 248 -215
-6 248 -214
-6 248 -213
-6 248 -212
-6 248 -211
-6 248 -210
-6 248 -209
-6 249 -218
-6 249 -217
-6 249 -216
-6 249 -215
-6 249 -214
-6 249 -213
-6 249 -212
-6 249 -211
-6 249 -210
-6 249 -209
-6 250 -216
-6 250 -215
-6 250 -214
-6 250 -213
-6 250 -212
-6 250 -211
-6 250 -210
-6 250 -209
-6 251 -215
-6 251 -213
-6 251 -212
-6 251 -211
-6 251 -210
-6 251 -209
-6 252 -213
-6 252 -211
-6 252 -210
-6 252 -209
-6 253 -213
-6 253 -211
-6 253 -209
-6 254 -209
-5 225 -221
-5 225 -220
-5 225 -219
-5 225 -218
-5 225 -217
-5 225 -216
-5 225 -215
-5 225 -214
-5 225 -213
-5 225 -212
-5 225 -211
-5 225 -210
-5 225 -209
-5 226 -223
-5 226 -222
-5 226 -221
-5 226 -220
-5 226 -219
-5 226 -218
-5 226 -217
-5 226 -216
-5 226 -215
-5 226 -214
-5 226 -213
-5 226 -212
-5 226 -211
-5 226 -210
-5 226 -209
-5 227 -222
-5 227 -221
-5 227 -220
-5 227 -219
-5 227 -218
-5 227 -217
-5 227 -216
-5 227 -215
-5 227 -214
-5 227 -213
-5 227 -212
-5 227 -211
-5 228 -221
-5 228 -220
-5 228 -219
-5 228 -218
-5 228 -217
-5 228 -216
-5 228 -215
-5 228 -214
-5 228 -213
-5 228 -212
-5 229 -220
-5 229 -219
-5 229 -218
-5 229 -217
-5 229 -216
-5 229 -215
-5 229 -214
-5 229 -212
-5 230 -218
-5 230 -217
-5 230 -216
-5 230 -214
-5 231 -216
-5 232 -216
-5 242 -209
-5 243 -210
-5 243 -209
-5 244 -212
-5 244 -210
-5 244 -209
-5 245 -215
-5 245 -214
-5 245 -213
-5 245 -212
-5 245 -211
-5 245 -210
-5 245 -209
-5 246 -216
-5 246 -215
-5 246 -214
-5 246 -213
-5 246 -212
-5 246 -211
-5 246 -210
-5 246 -209
-5 247 -215
-5 247 -214
-5 247 -213
-5 247 -212
-5 247 -211
-5 247 -210
-5 247 -209
-5 248 -216
-5 248 -214
-5 248 -213
-5 248 -212
-5 248 -211
-5 248 -210
-5 248 -209
-5 249 -216
-5 249 -215
-5 249 -214
-5 249 -213
-5 249 -212
-5 249 -211
-5 249 -210
-5 249 -209
-5 250 -215
-5 250 -214
-5 250 -213
-5 250 -212
-5 250 -211
-5 250 -210
-5 250 -209
-5 251 -215
-5 251 -214
-5 251 -213
-5 251 -212
-5 251 -211
-5 251 -210
-5 251 -209
-5 252 -214
-5 252 -212
-5 252 -211
-5 252 -210
-5 252 -209
-5 253 -210
-5 253 -209
-5 254 -209
-4 225 -223
-4 225 -222
-4 225 -221
-4 225 -220
-4 225 -219
-4 225 -218
-4 225 -217
-4 225 -216
-4 225 -215
-4 225 -214
-4 225 -213
-4 225 -212
-4 225 -211
-4 225 -210
-4 226 -224
-4 226 -223
-4 226 -222
-4 226 -221
-4 226 -220
-4 226 -219
-4 226 -218
-4 226 -217
-4 226 -216
-4 226 -215
-4 226 -214
-4 226 -213
-4 226 -212
-4 226 -211
-4 226 -210
-4 226 -209
-4 227 -223
-4 227 -222
-4 227 -221
-4 227 -220
-4 227 -219
-4 227 -218
-4 227 -217
-4 227 -216
-4 227 -215
-4 227 -214
-4 227 -213
-4 227 -212
-4 227 -211
-4 228 -222
-4 228 -221
-4 228 -220
-4 228 -219
-4 228 -218
-4 228 -217
-4 228 -216
-4 228 -215
-4 228 -214
-4 228 -213
-4 228 -212
-4 229 -220
-4 229 -218
-4 229 -217
-4 229 -216
-4 229 -214
-4 229 -213
-4 229 -212
-4 229 -211
-4 230 -217
-4 230 -216
-4 230 -215
-4 230 -214
-4 231 -219
-4 231 -216
-4 231 -215
-4 231 -214
-4 231 -213
-4 232 -216
-4 242 -209
-4 243 -209
-4 244 -211
-4 244 -210
-4 244 -209
-4 245 -213
-4 245 -211
-4 245 -210
-4 245 -209
-4 246 -214
-4 246 -213
-4 246 -212
-4 246 -211
-4 246 -210
-4 246 -209
-4 247 -214
-4 247 -213
-4 247 -212
-4 247 -211
-4 247 -210
-4 247 -209
-4 248 -215
-4 248 -214
-4 248 -213
-4 248 -212
-4 248 -211
-4 248 -210
-4 248 -209
-4 249 -215
-4 249 -214
-4 249 -213
-4 249 -212
-4 249 -211
-4 249 -210
-4 249 -209
-4 250 -215
-4 250 -214
-4 250 -213
-4 250 -212
-4 250 -211
-4 250 -210
-4 250 -209
-4 251 -213
-4 251 -212
-4 251 -211
-4 251 -210
-4 251 -209
-4 252 -212
-4 252 -211
-4 252 -210
-4 252 -209
-4 253 -211
-4 253 -209
-3 225 -223
-3 225 -222
-3 225 -221
-3 225 -220
-3 225 -219
-3 225 -218
-3 225 -217
-3 225 -216
-3 225 -215
-3 225 -214
-3 225 -213
-3 225 -212
-3 226 -223
-3 226 -222
-3 226 -221
-3 226 -220
-3 226 -219
-3 226 -218
-3 226 -217
-3 226 -216
-3 226 -215
-3 226 -214
-3 226 -213
-3 226 -212
-3 226 -211
-3 227 -221
-3 227 -220
-3 227 -219
-3 227 -218
-3 227 -217
-3 227 -216
-3 227 -215
-3 227 -214
-3 227 -213
-3 227 -212
-3 228 -220
-3 228 -219
-3 228 -218
-3 228 -217
-3 228 -216
-3 228 -215
-3 228 -214
-3 228 -213
-3 228 -212
-3 228 -211
-3 228 -210
-3 229 -219
-3 229 -218
-3 229 -217
-3 229 -216
-3 229 -215
-3 229 -214
-3 229 -213
-3 229 -212
-3 229 -211
-3 230 -221
-3 230 -220
-3 230 -219
-3 230 -218
-3 230 -217
-3 230 -216
-3 230 -215
-3 230 -214
-3 230 -213
-3 231 -220
-3 231 -219
-3 231 -217
-3 231 -216
-3 231 -215
-3 231 -214
-3 232 -216
-3 232 -215
-3 243 -210
-3 244 -210
-3 244 -209
-3 245 -214
-3 245 -213
-3 245 -212
-3 245 -210
-3 245 -209
-3 246 -214
-3 246 -213
-3 246 -212
-3 246 -211
-3 246 -210
-3 246 -209
-3 247 -215
-3 247 -214
-3 247 -213
-3 247 -212
-3 247 -211
-3 247 -210
-3 247 -209
-3 248 -217
-3 248 -216
-3 248 -215
-3 248 -214
-3 248 -213
-3 248 -212
-3 248 -211
-3 248 -210
-3 248 -209
-3 249 -216
-3 249 -215
-3 249 -214
-3 249 -213
-3 249 -212
-3 249 -211
-3 249 -210
-3 249 -209
-3 250 -215
-3 250 -214
-3 250 -213
-3 250 -212
-3 250 -211
-3 250 -210
-3 250 -209
-3 251 -216
-3 251 -215
-3 251 -213
-3 251 -212
-3 251 -211
-3 251 -210
-3 251 -209
-3 252 -213
-3 252 -212
-3 252 -210
-3 252 -209
-3 253 -213
-3 253 -210
-2 225 -223
-2 225 -222
-2 225 -221
-2 225 -220
-2 225 -219
-2 225 -218
-2 225 -217
-2 225 -216
-2 225 -215
-2 225 -214
-2 225 -213
-2 226 -222
-2 226 -221
-2 226 -220
-2 226 -219
-2 226 -218
-2 226 -217
-2 226 -216
-2 226 -215
-2 226 -214
-2 226 -213
-2 226 -212
-2 226 -211
-2 227 -222
-2 227 -221
-2 227 -220
-2 227 -219
-2 227 -218
-2 227 -217
-2 227 -216
-2 227 -213
-2 227 -212
-2 228 -220
-2 228 -219
-2 228 -218
-2 228 -217
-2 228 -216
-2 228 -215
-2 228 -214
-2 228 -213
-2 229 -220
-2 229 -219
-2 229 -218
-2 229 -217
-2 229 -216
-2 229 -214
-2 230 -220
-2 230 -219
-2 230 -218
-2 230 -217
-2 230 -216
-2 230 -215
-2 230 -213
-2 231 -219
-2 231 -217
-2 231 -216
-2 242 -209
-2 244 -209
-2 245 -214
-2 245 -212
-2 245 -211
-2 245 -210
-2 245 -209
-2 246 -214
-2 246 -213
-2 246 -212
-2 246 -211
-2 246 -210
-2 246 -209
-2 247 -215
-2 247 -214
-2 247 -213
-2 247 -212
-2 247 -211
-2 247 -210
-2 247 -209
-2 248 -216
-2 248 -215
-2 248 -214
-2 248 -213
-2 248 -212
-2 248 -211
-2 248 -210
-2 248 -209
-2 249 -216
-2 249 -215
-2 249 -214
-2 249 -213
-2 249 -212
-2 249 -211
-2 249 -210
-2 249 -209
-2 250 -214
-2 250 -213
-2 250 -212
-2 250 -211
-2 250 -210
-2 250 -209
-2 251 -214
-2 251 -213
-2 251 -212
-2 251 -211
-2 251 -210
-2 251 -209
-2 252 -213
-2 252 -212
-2 252 -211
-2 252 -210
-2 252 -209
-2 253 -214
-2 253 -213
-2 253 -212
-2 253 -211
-2 253 -210
-2 254 -212
-1 225 -224
-1 225 -223
-1 225 -222
-1 225 -221
-1 225 -220
-1 225 -219
-1 225 -218
-1 225 -217
-1 225 -216
-1 225 -215
-1 225 -214
-1 225 -213
-1 225 -212
-1 225 -211
-1 226 -223
-1 226 -222
-1 226 -221
-1 226 -220
-1 226 -219
-1 226 -218
-1 226 -217
-1 226 -216
-1 226 -215
-1 226 -214
-1 226 -213
-1 226 -212
-1 226 -209
-1 227 -220
-1 227 -219
-1 227 -218
-1 227 -217
-1 227 -216
-1 227 -215
-1 227 -214
-1 227 -213
-1 227 -212
-1 227 -211
-1 228 -222
-1 228 -221
-1 228 -220
-1 228 -219
-1 228 -218
-1 228 -217
-1 228 -216
-1 228 -215
-1 228 -214
-1 228 -212
-1 229 -220
-1 229 -219
-1 229 -218
-1 229 -217
-1 229 -216
-1 229 -215
-1 229 -214
-1 229 -213
-1 230 -223
-1 230 -222
-1 230 -219
-1 230 -218
-1 230 -217
-1 230 -216
-1 230 -215
-1 230 -214
-1 231 -223
-1 231 -221
-1 231 -217
-1 232 -221
-1 244 -214
-1 244 -213
-1 244 -212
-1 244 -209
-1 245 -215
-1 245 -214
-1 245 -213
-1 245 -212
-1 245 -211
-1 245 -210
-1 245 -209
-1 246 -215
-1 246 -214
-1 246 -212
-1 246 -211
-1 246 -210
-1 246 -209
-1 247 -214
-1 247 -213
-1 247 -212
-1 247 -211
-1 247 -210
-1 247 -209
-1 248 -215
-1 248 -214
-1 248 -213
-1 248 -212
-1 248 -211
-1 248 -210
-1 248 -209
-1 249 -216
-1 249 -215
-1 249 -214
-1 249 -213
-1 249 -212
-1 249 -211
-1 249 -210
-1 249 -209
-1 250 -216
-1 250 -215
-1 250 -214
-1 250 -213
-1 250 -212
-1 250 -211
-1 250 -210
-1 250 -209
-1 251 -214
-1 251 -213
-1 251 -212
-1 251 -211
-1 251 -210
-1 251 -209
-1 252 -214
-1 252 -213
-1 252 -212
-1 252 -211
-1 252 -210
-1 252 -209
-1 253 -214
-1 253 -213
-1 253 -212
-1 254 -212

