alfheim:altWood1
12
-80 208 128
-80 209 128
-80 209 129
-80 210 128
-80 210 129
-80 210 130
-80 211 128
-80 211 129
-80 211 130
-80 211 131
-80 212 128
-80 212 129
-80 212 130
-80 212 131
-80 212 132
-80 213 128
-80 213 129
-80 213 130
-80 213 131
-80 213 132
-80 213 133
-80 214 128
-80 214 129
-80 214 130
-80 214 131
-80 214 132
-80 214 133
-80 214 134
-80 214 135
-80 215 128
-80 215 129
-80 215 130
-80 215 131
-80 215 132
-80 215 133
-80 215 134
-80 215 135
-80 216 128
-80 216 129
-80 216 130
-80 216 131
-80 216 132
-80 216 133
-80 216 134
-80 216 135
-80 217 128
-80 217 129
-80 217 130
-80 217 131
-80 217 132
-80 217 133
-80 217 134
-80 217 135
-80 218 128
-80 218 129
-80 218 130
-80 218 131
-80 218 132
-80 218 133
-80 218 134
-80 219 128
-80 219 129
-80 219 130
-80 219 131
-80 219 132
-80 219 133
-80 219 134
-80 220 128
-80 220 129
-80 220 130
-80 220 131
-80 220 132
-80 220 133
-80 220 134
-80 221 128
-80 221 129
-80 221 130
-80 221 131
-80 221 132
-80 221 133
-80 222 128
-80 222 129
-80 222 130
-80 222 131
-80 222 132
-79 208 128
-79 209 128
-79 209 129
-79 210 128
-79 210 129
-79 211 128
-79 211 129
-79 211 130
-79 212 128
-79 212 129
-79 212 130
-79 212 131
-79 213 128
-79 213 129
-79 213 130
-79 213 131
-79 213 132
-79 214 128
-79 214 129
-79 214 130
-79 214 131
-79 214 132
-79 214 133
-79 215 128
-79 215 129
-79 215 130
-79 215 131
-79 215 132
-79 215 133
-79 215 134
-79 216 128
-79 216 129
-79 216 130
-79 216 131
-79 216 132
-79 216 133
-79 216 134
-79 217 128
-79 217 129
-79 217 130
-79 217 131
-79 217 132
-79 217 133
-79 217 134
-79 218 128
-79 218 129
-79 218 130
-79 218 131
-79 218 132
-79 218 133
-79 218 134
-79 219 128
-79 219 129
-79 219 130
-79 219 131
-79 219 132
-79 219 133
-79 219 134
-79 220 128
-79 220 129
-79 220 130
-79 220 131
-79 220 132
-79 220 133
-79 221 128
-79 221 129
-79 221 130
-79 221 131
-79 221 132
-79 222 128
-79 222 129
-79 222 130
-79 222 131
-78 209 128
-78 210 128
-78 210 129
-78 211 128
-78 211 129
-78 211 130
-78 212 128
-78 212 129
-78 212 130
-78 212 131
-78 213 128
-78 213 129
-78 213 130
-78 213 131
-78 213 132
-78 214 128
-78 214 129
-78 214 130
-78 214 131
-78 214 132
-78 215 128
-78 215 129
-78 215 130
-78 215 131
-78 215 132
-78 215 133
-78 216 128
-78 216 129
-78 216 130
-78 216 131
-78 216 132
-78 216 133
-78 217 128
-78 217 129
-78 217 130
-78 217 131
-78 217 132
-78 217 133
-78 218 128
-78 218 129
-78 218 130
-78 218 131
-78 218 132
-78 218 133
-78 219 128
-78 219 129
-78 219 130
-78 219 131
-78 219 132
-78 219 133
-78 220 128
-78 220 129
-78 220 130
-78 220 131
-78 220 132
-78 220 133
-78 221 128
-78 221 129
-78 221 130
-78 221 131
-78 221 132
-78 222 128
-78 222 129
-77 209 128
-77 210 128
-77 210 129
-77 211 128
-77 211 129
-77 212 128
-77 212 129
-77 212 130
-77 213 128
-77 213 129
-77 213 130
-77 213 131
-77 214 128
-77 214 129
-77 214 130
-77 214 131
-77 214 132
-77 215 128
-77 215 129
-77 215 130
-77 215 131
-77 215 132
-77 216 128
-77 216 129
-77 216 130
-77 216 131
-77 216 132
-77 217 128
-77 217 129
-77 217 130
-77 217 131
-77 217 132
-77 218 128
-77 218 129
-77 218 130
-77 218 131
-77 218 132
-77 219 128
-77 219 129
-77 219 130
-77 219 131
-77 219 132
-77 220 128
-77 220 129
-77 220 130
-77 220 131
-77 220 132
-77 221 128
-77 221 129
-76 209 128
-76 210 128
-76 211 128
-76 211 129
-76 212 128
-76 212 129
-76 213 128
-76 213 129
-76 213 130
-76 214 128
-76 214 129
-76 214 130
-76 214 131
-76 215 128
-76 215 129
-76 215 130
-76 215 131
-76 216 128
-76 216 129
-76 216 130
-76 216 131
-76 217 128
-76 217 129
-76 217 130
-76 217 131
-76 218 128
-76 218 129
-76 218 130
-76 218 131
-76 219 128
-76 219 129
-76 219 130
-76 219 131
-76 220 128
-76 220 129
-76 221 128
-75 210 128
-75 211 128
-75 211 129
-75 212 128
-75 212 129
-75 213 128
-75 213 129
-75 213 130
-75 214 128
-75 214 129
-75 214 130
-75 215 128
-75 215 129
-75 215 130
-75 216 128
-75 216 129
-75 216 130
-75 217 128
-75 217 129
-75 217 130
-75 218 128
-75 218 129
-75 219 128
-75 219 129
-75 220 128
-75 220 129
-74 210 128
-74 211 128
-74 212 128
-74 212 129
-74 213 128
-74 213 129
-74 213 130
-74 214 128
-74 214 129
-74 214 130
-74 215 128
-74 215 129
-74 216 128
-74 216 129
-74 217 128
-74 217 129
-74 218 128
-74 218 129
-74 219 128
-74 219 129
-73 211 128
-73 212 128
-73 212 129
-73 213 128
-73 213 129
-73 214 128
-73 214 129
-73 215 128
-73 215 129
-73 216 128
-73 216 129
-73 217 128
-73 217 129
-73 218 128
-73 219 128
-73 220 128
-72 211 128
-72 212 128
-72 212 129
-72 213 128
-72 213 129
-72 214 128
-72 214 129
-72 215 128
-72 215 129
-72 216 128
-72 217 128
-72 218 128
-71 211 128
-71 212 128
-71 213 128
-71 213 129
-71 214 128
-71 214 129
-71 215 128
-71 215 129
-71 216 128
-71 217 128
-70 212 128
-70 213 128
-70 214 128
-70 215 128
-70 216 128
-77 239 136
-77 240 134
-77 240 135
-76 239 135
-76 239 136
-76 241 135
-75 238 137
-75 239 135
-75 239 136
-75 239 137
-75 240 136
-75 242 141
-75 242 142
-74 238 136
-74 238 137
-74 239 137
-74 239 143
-74 240 136
-74 240 137
-74 240 141
-74 240 142
-74 240 143
-74 241 141
-74 241 142
-74 241 143
-74 242 142
-74 242 143
-74 243 140
-74 243 142
-74 244 128
-73 237 138
-73 237 143
-73 238 137
-73 238 138
-73 238 142
-73 238 143
-73 239 137
-73 239 141
-73 239 142
-73 239 143
-73 240 141
-73 240 142
-73 240 143
-73 241 140
-73 241 141
-73 241 142
-73 241 143
-73 242 140
-73 242 141
-73 242 142
-73 242 143
-73 243 128
-73 243 129
-73 243 140
-73 243 141
-73 243 142
-72 236 143
-72 237 137
-72 237 138
-72 237 142
-72 237 143
-72 238 138
-72 238 142
-72 238 143
-72 239 137
-72 239 138
-72 239 141
-72 239 142
-72 239 143
-72 240 141
-72 240 142
-72 240 143
-72 241 140
-72 241 141
-72 241 142
-72 241 143
-72 242 128
-72 242 129
-72 242 141
-72 242 142
-72 243 129
-72 243 141
-72 244 129
-71 234 143
-71 235 142
-71 235 143
-71 236 139
-71 236 142
-71 236 143
-71 237 138
-71 237 142
-71 237 143
-71 238 138
-71 238 139
-71 238 141
-71 238 142
-71 238 143
-71 239 141
-71 239 142
-71 239 143
-71 240 141
-71 240 142
-71 240 143
-71 241 128
-71 241 129
-71 241 141
-71 241 142
-71 242 129
-71 243 129
-70 233 143
-70 234 142
-70 234 143
-70 235 142
-70 235 143
-70 236 139
-70 236 141
-70 236 142
-70 236 143
-70 237 139
-70 237 140
-70 237 141
-70 237 142
-70 237 143
-70 238 138
-70 238 142
-70 238 143
-70 239 142
-70 239 143
-70 240 128
-70 240 129
-70 240 143
-70 241 129
-70 242 129
-69 233 142
-69 233 143
-69 234 141
-69 234 142
-69 234 143
-69 235 140
-69 235 141
-69 235 142
-69 235 143
-69 236 139
-69 236 141
-69 236 142
-69 236 143
-69 237 139
-69 237 140
-69 237 142
-69 237 143
-69 238 129
-69 238 143
-69 239 129
-69 240 129
-69 241 129
-68 233 142
-68 233 143
-68 234 141
-68 234 142
-68 234 143
-68 235 140
-68 235 141
-68 235 142
-68 235 143
-68 236 140
-68 236 141
-68 236 142
-68 236 143
-68 237 129
-68 237 139
-68 237 142
-68 237 143
-68 238 128
-68 238 129
-68 239 128
-68 239 129
-68 240 129
-67 233 141
-67 233 142
-67 233 143
-67 234 140
-67 234 141
-67 234 142
-67 234 143
-67 235 140
-67 235 141
-67 235 142
-67 235 143
-67 236 129
-67 236 140
-67 236 141
-67 236 142
-67 236 143
-67 237 128
-67 237 129
-67 237 142
-67 237 143
-67 238 128
-67 238 129
-66 233 141
-66 233 142
-66 234 140
-66 234 141
-66 234 142
-66 234 143
-66 235 129
-66 235 140
-66 235 141
-66 235 142
-66 235 143
-66 236 128
-66 236 130
-66 236 140
-66 236 141
-66 236 142
-66 236 143
-66 237 128
-66 237 129
-65 233 128
-65 233 140
-65 233 141
-65 233 142
-65 234 128
-65 234 129
-65 234 139
-65 234 140
-65 234 141
-65 234 142
-65 234 143
-65 235 128
-65 235 130
-65 235 139
-65 235 140
-65 235 141
-65 235 142
-65 235 143
-65 236 128
-65 236 129
-65 236 140
-65 236 141
-65 236 142
-65 237 141
alfheim:altLeaves
6
-80 229 128
-80 230 128
-80 231 128
-80 231 129
-80 231 130
-80 231 139
-80 232 128
-80 232 129
-80 232 131
-80 232 140
-80 233 128
-80 233 129
-80 233 130
-80 233 131
-80 233 137
-80 233 138
-80 233 139
-80 233 140
-80 234 128
-80 234 129
-80 234 130
-80 234 131
-80 234 136
-80 234 137
-80 234 138
-80 234 139
-80 234 140
-80 234 141
-80 234 142
-80 235 128
-80 235 129
-80 235 130
-80 235 131
-80 235 132
-80 235 135
-80 235 136
-80 235 137
-80 235 138
-80 235 139
-80 235 140
-80 235 141
-80 235 142
-80 235 143
-80 236 128
-80 236 129
-80 236 130
-80 236 131
-80 236 132
-80 236 133
-80 236 134
-80 236 135
-80 236 136
-80 236 137
-80 236 138
-80 236 139
-80 236 140
-80 236 141
-80 236 142
-80 237 128
-80 237 129
-80 237 130
-80 237 131
-80 237 132
-80 237 133
-80 237 134
-80 237 135
-80 237 136
-80 237 137
-80 237 138
-80 237 139
-80 237 140
-80 237 141
-80 237 142
-80 237 143
-80 238 128
-80 238 129
-80 238 130
-80 238 131
-80 238 132
-80 238 133
-80 238 134
-80 238 135
-80 238 136
-80 238 137
-80 238 138
-80 238 139
-80 238 140
-80 238 141
-80 238 142
-80 239 128
-80 239 129
-80 239 130
-80 239 131
-80 239 132
-80 239 133
-80 239 134
-80 239 135
-80 239 138
-80 239 139
-80 239 140
-80 239 141
-80 239 142
-80 240 128
-80 240 129
-80 240 130
-80 240 131
-80 240 132
-80 240 133
-80 240 134
-80 240 135
-80 240 137
-80 240 138
-80 240 139
-80 240 140
-80 240 141
-80 240 142
-80 240 143
-80 241 128
-80 241 129
-80 241 130
-80 241 131
-80 241 132
-80 241 133
-80 241 134
-80 241 135
-80 241 136
-80 241 137
-80 241 138
-80 241 139
-80 241 140
-80 241 141
-80 241 142
-80 241 143
-80 242 128
-80 242 129
-80 242 130
-80 242 131
-80 242 132
-80 242 133
-80 242 134
-80 242 135
-80 242 136
-80 242 137
-80 242 138
-80 242 139
-80 242 140
-80 242 141
-80 242 142
-80 242 143
-80 243 128
-80 243 129
-80 243 130
-80 243 131
-80 243 132
-80 243 133
-80 243 134
-80 243 135
-80 243 136
-80 243 137
-80 243 138
-80 243 139
-80 243 140
-80 243 141
-80 243 142
-80 243 143
-80 244 128
-80 244 129
-80 244 130
-80 244 131
-80 244 132
-80 244 133
-80 244 134
-80 244 135
-80 244 136
-80 244 137
-80 244 138
-80 244 139
-80 244 140
-80 244 141
-80 244 142
-80 244 143
-80 245 128
-80 245 129
-80 245 130
-80 245 131
-80 245 132
-80 245 133
-80 245 134
-80 245 135
-80 245 136
-80 245 137
-80 245 138
-80 245 139
-80 245 140
-80 245 141
-80 245 142
-80 245 143
-80 246 128
-80 246 129
-80 246 130
-80 246 131
-80 246 132
-80 246 133
-80 246 134
-80 246 135
-80 246 136
-80 246 137
-80 246 138
-80 246 139
-80 246 140
-80 246 141
-80 246 142
-80 246 143
-80 247 128
-80 247 129
-80 247 130
-80 247 131
-80 247 132
-80 247 133
-80 247 134
-80 247 135
-80 247 136
-80 247 137
-80 247 138
-80 247 139
-80 247 140
-80 247 141
-80 248 128
-80 248 129
-80 248 130
-80 248 131
-80 248 132
-80 248 133
-80 248 134
-80 248 135
-80 248 136
-80 248 137
-80 248 138
-80 248 139
-80 248 140
-80 248 141
-80 249 128
-80 249 129
-80 249 130
-80 249 131
-80 249 132
-80 249 133
-80 249 134
-80 249 135
-80 249 136
-80 249 137
-80 249 138
-80 249 139
-80 250 128
-80 250 129
-80 250 130
-80 250 131
-80 250 132
-80 250 133
-80 250 134
-80 250 135
-80 250 136
-80 250 137
-80 250 138
-80 251 128
-80 251 129
-80 251 130
-80 251 131
-80 251 132
-80 251 133
-80 251 134
-80 252 128
-80 252 130
-80 252 131
-80 252 132
-80 252 133
-80 253 128
-80 253 130
-80 253 133
-79 232 128
-79 232 129
-79 232 130
-79 232 139
-79 233 128
-79 233 129
-79 233 130
-79 233 137
-79 233 138
-79 233 139
-79 234 129
-79 234 130
-79 234 131
-79 234 137
-79 234 138
-79 234 140
-79 234 141
-79 235 128
-79 235 129
-79 235 130
-79 235 131
-79 235 135
-79 235 137
-79 235 138
-79 235 139
-79 235 140
-79 235 141
-79 236 128
-79 236 129
-79 236 130
-79 236 131
-79 236 134
-79 236 136
-79 236 137
-79 236 138
-79 236 141
-79 237 128
-79 237 129
-79 237 130
-79 237 131
-79 237 132
-79 237 133
-79 237 136
-79 237 137
-79 237 138
-79 237 139
-79 237 140
-79 238 128
-79 238 129
-79 238 130
-79 238 131
-79 238 133
-79 238 134
-79 238 137
-79 238 138
-79 238 139
-79 238 141
-79 238 142
-79 238 143
-79 239 128
-79 239 129
-79 239 130
-79 239 131
-79 239 132
-79 239 133
-79 239 134
-79 239 135
-79 239 136
-79 239 137
-79 239 138
-79 239 139
-79 239 140
-79 239 141
-79 239 142
-79 239 143
-79 240 128
-79 240 129
-79 240 130
-79 240 131
-79 240 132
-79 240 133
-79 240 134
-79 240 135
-79 240 136
-79 240 137
-79 240 138
-79 240 139
-79 240 140
-79 240 141
-79 240 142
-79 240 143
-79 241 128
-79 241 129
-79 241 130
-79 241 131
-79 241 132
-79 241 133
-79 241 134
-79 241 135
-79 241 136
-79 241 137
-79 241 138
-79 241 139
-79 241 140
-79 241 141
-79 241 143
-79 242 128
-79 242 129
-79 242 130
-79 242 131
-79 242 132
-79 242 133
-79 242 134
-79 242 135
-79 242 136
-79 242 137
-79 242 138
-79 242 139
-79 242 140
-79 242 141
-79 242 142
-79 242 143
-79 243 129
-79 243 130
-79 243 131
-79 243 132
-79 243 133
-79 243 134
-79 243 135
-79 243 136
-79 243 137
-79 243 138
-79 243 139
-79 243 140
-79 243 141
-79 243 142
-79 243 143
-79 244 128
-79 244 129
-79 244 130
-79 244 131
-79 244 132
-79 244 133
-79 244 134
-79 244 135
-79 244 136
-79 244 137
-79 244 138
-79 244 139
-79 244 140
-79 244 141
-79 244 142
-79 244 143
-79 245 128
-79 245 129
-79 245 130
-79 245 131
-79 245 132
-79 245 133
-79 245 134
-79 245 135
-79 245 136
-79 245 137
-79 245 138
-79 245 139
-79 245 140
-79 245 141
-79 245 142
-79 245 143
-79 246 128
-79 246 129
-79 246 130
-79 246 131
-79 246 132
-79 246 133
-79 246 134
-79 246 135
-79 246 136
-79 246 137
-79 246 138
-79 246 139
-79 246 140
-79 246 141
-79 246 142
-79 246 143
-79 247 128
-79 247 129
-79 247 130
-79 247 131
-79 247 132
-79 247 133
-79 247 134
-79 247 135
-79 247 136
-79 247 137
-79 247 138
-79 247 139
-79 247 140
-79 247 141
-79 248 128
-79 248 129
-79 248 130
-79 248 131
-79 248 132
-79 248 133
-79 248 134
-79 248 135
-79 248 136
-79 248 137
-79 248 138
-79 248 139
-79 248 140
-79 248 141
-79 248 142
-79 249 128
-79 249 129
-79 249 130
-79 249 131
-79 249 132
-79 249 133
-79 249 134
-79 249 135
-79 249 136
-79 249 137
-79 249 138
-79 249 139
-79 249 140
-79 249 142
-79 249 143
-79 250 128
-79 250 129
-79 250 130
-79 250 131
-79 250 132
-79 250 133
-79 250 134
-79 250 135
-79 250 136
-79 250 137
-79 250 138
-79 250 139
-79 251 128
-79 251 129
-79 251 130
-79 251 131
-79 251 132
-79 251 133
-79 251 134
-79 251 136
-79 252 128
-79 252 129
-79 252 130
-79 252 132
-79 252 133
-79 252 134
-79 253 128
-79 253 130
-79 254 130
-78 232 128
-78 233 128
-78 233 129
-78 233 138
-78 233 139
-78 234 128
-78 234 129
-78 234 130
-78 234 137
-78 234 138
-78 234 139
-78 235 128
-78 235 129
-78 235 130
-78 235 131
-78 235 137
-78 235 140
-78 236 128
-78 236 129
-78 236 130
-78 236 131
-78 236 137
-78 236 138
-78 237 128
-78 237 129
-78 237 130
-78 237 131
-78 237 138
-78 238 128
-78 238 134
-78 238 137
-78 238 138
-78 238 140
-78 239 128
-78 239 130
-78 239 131
-78 239 133
-78 239 138
-78 239 140
-78 239 141
-78 239 142
-78 240 129
-78 240 131
-78 240 132
-78 240 133
-78 240 136
-78 240 137
-78 240 138
-78 240 139
-78 240 140
-78 240 141
-78 240 142
-78 240 143
-78 241 128
-78 241 129
-78 241 130
-78 241 131
-78 241 132
-78 241 133
-78 241 134
-78 241 136
-78 241 137
-78 241 138
-78 241 139
-78 241 140
-78 241 141
-78 241 143
-78 242 128
-78 242 129
-78 242 130
-78 242 131
-78 242 132
-78 242 133
-78 242 134
-78 242 135
-78 242 136
-78 242 137
-78 242 138
-78 242 139
-78 242 140
-78 242 141
-78 242 142
-78 242 143
-78 243 128
-78 243 129
-78 243 130
-78 243 131
-78 243 132
-78 243 133
-78 243 134
-78 243 135
-78 243 136
-78 243 137
-78 243 138
-78 243 139
-78 243 140
-78 243 141
-78 243 142
-78 243 143
-78 244 128
-78 244 129
-78 244 131
-78 244 132
-78 244 133
-78 244 134
-78 244 135
-78 244 136
-78 244 137
-78 244 138
-78 244 139
-78 244 140
-78 244 141
-78 244 143
-78 245 128
-78 245 129
-78 245 130
-78 245 131
-78 245 132
-78 245 133
-78 245 134
-78 245 135
-78 245 136
-78 245 137
-78 245 138
-78 245 139
-78 245 140
-78 245 141
-78 245 142
-78 245 143
-78 246 128
-78 246 129
-78 246 130
-78 246 131
-78 246 132
-78 246 133
-78 246 134
-78 246 135
-78 246 136
-78 246 137
-78 246 138
-78 246 139
-78 246 140
-78 246 141
-78 246 142
-78 246 143
-78 247 128
-78 247 129
-78 247 130
-78 247 131
-78 247 132
-78 247 133
-78 247 134
-78 247 135
-78 247 136
-78 247 137
-78 247 138
-78 247 139
-78 247 140
-78 247 141
-78 247 142
-78 247 143
-78 248 128
-78 248 129
-78 248 130
-78 248 131
-78 248 132
-78 248 133
-78 248 134
-78 248 135
-78 248 136
-78 248 137
-78 248 138
-78 248 139
-78 248 140
-78 248 141
-78 248 142
-78 248 143
-78 249 128
-78 249 129
-78 249 130
-78 249 131
-78 249 132
-78 249 133
-78 249 134
-78 249 135
-78 249 136
-78 249 137
-78 249 138
-78 249 139
-78 249 140
-78 249 141
-78 249 142
-78 249 143
-78 250 128
-78 250 129
-78 250 130
-78 250 131
-78 250 132
-78 250 133
-78 250 134
-78 250 135
-78 250 136
-78 250 137
-78 250 138
-78 250 139
-78 250 143
-78 251 128
-78 251 129
-78 251 130
-78 251 131
-78 251 135
-78 251 136
-78 251 137
-78 252 129
-78 252 130
-78 252 131
-78 252 135
-78 253 128
-78 253 129
-77 234 128
-77 234 130
-77 235 128
-77 236 128
-77 236 129
-77 236 130
-77 237 128
-77 237 129
-77 237 130
-77 238 128
-77 238 129
-77 239 128
-77 239 129
-77 239 131
-77 239 133
-77 239 139
-77 239 140
-77 239 142
-77 240 129
-77 240 131
-77 240 132
-77 240 136
-77 240 137
-77 240 139
-77 240 140
-77 240 141
-77 241 128
-77 241 129
-77 241 130
-77 241 131
-77 241 132
-77 241 133
-77 241 134
-77 241 136
-77 241 137
-77 241 139
-77 241 141
-77 241 143
-77 242 128
-77 242 129
-77 242 130
-77 242 131
-77 242 132
-77 242 133
-77 242 134
-77 242 135
-77 242 136
-77 242 137
-77 242 138
-77 242 139
-77 242 140
-77 242 141
-77 242 142
-77 242 143
-77 243 128
-77 243 129
-77 243 130
-77 243 131
-77 243 132
-77 243 133
-77 243 134
-77 243 135
-77 243 136
-77 243 137
-77 243 138
-77 243 139
-77 243 140
-77 243 141
-77 243 142
-77 243 143
-77 244 128
-77 244 129
-77 244 130
-77 244 131
-77 244 132
-77 244 133
-77 244 134
-77 244 135
-77 244 136
-77 244 137
-77 244 138
-77 244 139
-77 244 140
-77 244 141
-77 244 142
-77 244 143
-77 245 128
-77 245 129
-77 245 130
-77 245 131
-77 245 132
-77 245 133
-77 245 134
-77 245 135
-77 245 136
-77 245 137
-77 245 138
-77 245 139
-77 245 140
-77 245 141
-77 245 142
-77 245 143
-77 246 128
-77 246 129
-77 246 130
-77 246 131
-77 246 132
-77 246 133
-77 246 134
-77 246 135
-77 246 136
-77 246 137
-77 246 138
-77 246 139
-77 246 140
-77 246 141
-77 246 142
-77 246 143
-77 247 128
-77 247 129
-77 247 130
-77 247 131
-77 247 132
-77 247 133
-77 247 134
-77 247 135
-77 247 136
-77 247 137
-77 247 138
-77 247 139
-77 247 140
-77 247 141
-77 247 142
-77 247 143
-77 248 128
-77 248 129
-77 248 130
-77 248 131
-77 248 132
-77 248 133
-77 248 134
-77 248 135
-77 248 136
-77 248 137
-77 248 138
-77 248 139
-77 248 140
-77 248 141
-77 248 142
-77 248 143
-77 249 128
-77 249 129
-77 249 130
-77 249 131
-77 249 132
-77 249 133
-77 249 134
-77 249 135
-77 249 136
-77 249 137
-77 249 138
-77 249 139
-77 249 140
-77 249 141
-77 249 142
-77 249 143
-77 250 128
-77 250 129
-77 250 130
-77 250 131
-77 250 132
-77 250 133
-77 250 135
-77 250 136
-77 250 137
-77 250 138
-77 250 139
-77 250 140
-77 250 141
-77 250 142
-77 250 143
-77 251 128
-77 251 129
-77 251 130
-77 251 135
-77 251 136
-77 251 137
-77 251 138
-77 251 142
-77 251 143
-77 252 128
-77 252 130
-77 253 128
-77 254 128
-76 235 128
-76 235 129
-76 236 128
-76 236 129
-76 236 130
-76 237 128
-76 237 129
-76 238 128
-76 239 137
-76 239 138
-76 239 139
-76 240 132
-76 240 137
-76 240 138
-76 240 139
-76 241 129
-76 241 131
-76 241 132
-76 241 133
-76 241 134
-76 241 136
-76 241 137
-76 241 138
-76 241 139
-76 241 140
-76 241 141
-76 242 128
-76 242 129
-76 242 131
-76 242 132
-76 242 133
-76 242 134
-76 242 135
-76 242 136
-76 242 137
-76 242 138
-76 242 139
-76 242 140
-76 242 141
-76 243 128
-76 243 129
-76 243 130
-76 243 131
-76 243 132
-76 243 133
-76 243 134
-76 243 135
-76 243 136
-76 243 137
-76 243 138
-76 243 139
-76 243 140
-76 243 141
-76 243 142
-76 244 128
-76 244 129
-76 244 130
-76 244 131
-76 244 132
-76 244 133
-76 244 134
-76 244 135
-76 244 136
-76 244 137
-76 244 138
-76 244 139
-76 244 140
-76 244 141
-76 244 142
-76 244 143
-76 245 128
-76 245 129
-76 245 130
-76 245 131
-76 245 132
-76 245 133
-76 245 134
-76 245 135
-76 245 136
-76 245 137
-76 245 138
-76 245 139
-76 245 140
-76 245 141
-76 245 142
-76 245 143
-76 246 128
-76 246 129
-76 246 130
-76 246 131
-76 246 132
-76 246 133
-76 246 134
-76 246 135
-76 246 136
-76 246 137
-76 246 138
-76 246 139
-76 246 140
-76 246 141
-76 246 142
-76 246 143
-76 247 128
-76 247 129
-76 247 130
-76 247 131
-76 247 132
-76 247 133
-76 247 134
-76 247 135
-76 247 136
-76 247 137
-76 247 138
-76 247 139
-76 247 140
-76 247 141
-76 247 142
-76 247 143
-76 248 128
-76 248 129
-76 248 130
-76 248 131
-76 248 132
-76 248 133
-76 248 134
-76 248 135
-76 248 136
-76 248 137
-76 248 138
-76 248 139
-76 248 140
-76 248 141
-76 248 142
-76 248 143
-76 249 128
-76 249 129
-76 249 130
-76 249 131
-76 249 132
-76 249 133
-76 249 135
-76 249 136
-76 249 137
-76 249 138
-76 249 139
-76 249 140
-76 249 141
-76 249 142
-76 249 143
-76 250 128
-76 250 129
-76 250 130
-76 250 131
-76 250 133
-76 250 135
-76 250 136
-76 250 137
-76 250 138
-76 250 139
-76 250 140
-76 250 141
-76 250 142
-76 250 143
-76 251 128
-76 251 129
-76 251 130
-76 251 131
-76 251 132
-76 251 135
-76 251 137
-76 251 138
-76 251 139
-76 251 143
-76 252 128
-76 252 129
-76 252 130
-76 252 131
-76 252 132
-76 253 128
-76 253 129
-76 253 130
-76 254 129
-75 235 128
-75 235 129
-75 236 128
-75 236 129
-75 236 130
-75 237 128
-75 240 135
-75 240 137
-75 241 134
-75 241 135
-75 241 136
-75 241 137
-75 241 138
-75 241 139
-75 241 140
-75 241 141
-75 242 128
-75 242 129
-75 242 134
-75 242 135
-75 242 136
-75 242 137
-75 242 138
-75 242 139
-75 242 140
-75 243 129
-75 243 130
-75 243 134
-75 243 135
-75 243 136
-75 243 137
-75 243 138
-75 243 139
-75 243 140
-75 243 141
-75 243 142
-75 244 128
-75 244 129
-75 244 130
-75 244 132
-75 244 133
-75 244 134
-75 244 135
-75 244 136
-75 244 137
-75 244 138
-75 244 139
-75 244 140
-75 244 141
-75 244 142
-75 244 143
-75 245 128
-75 245 129
-75 245 130
-75 245 131
-75 245 132
-75 245 133
-75 245 134
-75 245 135
-75 245 136
-75 245 137
-75 245 138
-75 245 139
-75 245 140
-75 245 141
-75 245 142
-75 245 143
-75 246 128
-75 246 129
-75 246 130
-75 246 131
-75 246 132
-75 246 133
-75 246 134
-75 246 135
-75 246 136
-75 246 137
-75 246 138
-75 246 139
-75 246 140
-75 246 141
-75 246 142
-75 246 143
-75 247 128
-75 247 129
-75 247 130
-75 247 131
-75 247 132
-75 247 133
-75 247 134
-75 247 135
-75 247 136
-75 247 137
-75 247 138
-75 247 139
-75 247 140
-75 247 141
-75 247 142
-75 247 143
-75 248 128
-75 248 129
-75 248 130
-75 248 131
-75 248 132
-75 248 133
-75 248 134
-75 248 135
-75 248 136
-75 248 137
-75 248 138
-75 248 139
-75 248 140
-75 248 141
-75 248 142
-75 248 143
-75 249 128
-75 249 129
-75 249 130
-75 249 131
-75 249 132
-75 249 133
-75 249 134
-75 249 135
-75 249 136
-75 249 137
-75 249 138
-75 249 139
-75 249 140
-75 249 141
-75 249 142
-75 249 143
-75 250 128
-75 250 129
-75 250 130
-75 250 131
-75 250 132
-75 250 133
-75 250 136
-75 250 137
-75 250 138
-75 250 139
-75 250 140
-75 250 141
-75 250 142
-75 250 143
-75 251 128
-75 251 129
-75 251 130
-75 251 131
-75 251 137
-75 251 138
-75 251 139
-75 251 143
-75 252 128
-75 252 129
-75 252 130
-75 252 131
-75 252 132
-75 253 128
-75 253 129
-75 253 130
-75 253 131
-75 254 129
-74 235 128
-74 236 129
-74 241 128
-74 241 134
-74 241 140
-74 242 134
-74 242 135
-74 242 136
-74 242 138
-74 242 139
-74 242 140
-74 242 141
-74 243 128
-74 243 129
-74 243 130
-74 243 134
-74 243 135
-74 243 136
-74 243 137
-74 243 138
-74 243 139
-74 243 141
-74 244 129
-74 244 130
-74 244 133
-74 244 134
-74 244 135
-74 244 136
-74 244 137
-74 244 138
-74 244 139
-74 244 140
-74 244 141
-74 244 142
-74 244 143
-74 245 128
-74 245 129
-74 245 130
-74 245 131
-74 245 133
-74 245 134
-74 245 135
-74 245 136
-74 245 137
-74 245 138
-74 245 139
-74 245 140
-74 245 141
-74 245 142
-74 245 143
-74 246 128
-74 246 129
-74 246 130
-74 246 131
-74 246 132
-74 246 133
-74 246 134
-74 246 135
-74 246 136
-74 246 137
-74 246 138
-74 246 139
-74 246 140
-74 246 141
-74 246 142
-74 246 143
-74 247 128
-74 247 129
-74 247 130
-74 247 131
-74 247 132
-74 247 133
-74 247 134
-74 247 135
-74 247 136
-74 247 137
-74 247 138
-74 247 139
-74 247 140
-74 247 141
-74 247 142
-74 247 143
-74 248 128
-74 248 129
-74 248 130
-74 248 131
-74 248 132
-74 248 133
-74 248 134
-74 248 135
-74 248 136
-74 248 137
-74 248 138
-74 248 139
-74 248 140
-74 248 141
-74 248 142
-74 248 143
-74 249 128
-74 249 129
-74 249 130
-74 249 131
-74 249 132
-74 249 133
-74 249 134
-74 249 135
-74 249 136
-74 249 137
-74 249 138
-74 249 139
-74 249 140
-74 249 141
-74 249 142
-74 249 143
-74 250 128
-74 250 129
-74 250 130
-74 250 131
-74 250 132
-74 250 134
-74 250 136
-74 250 137
-74 250 138
-74 250 139
-74 250 140
-74 250 141
-74 250 142
-74 250 143
-74 251 128
-74 251 129
-74 251 130
-74 251 131
-74 251 132
-74 251 133
-74 251 136
-74 251 143
-74 252 128
-74 252 129
-74 252 130
-74 252 131
-74 252 132
-74 252 133
-74 253 128
-74 253 130
-74 253 132
-74 253 133
-74 254 128
-74 254 129
-74 254 130
-74 254 131
-74 254 132
-73 241 138
-73 242 136
-73 242 137
-73 242 138
-73 242 139
-73 243 135
-73 243 136
-73 243 137
-73 243 138
-73 244 129
-73 244 130
-73 244 131
-73 244 132
-73 244 134
-73 244 135
-73 244 136
-73 244 137
-73 244 138
-73 244 139
-73 244 140
-73 244 142
-73 244 143
-73 245 128
-73 245 129
-73 245 130
-73 245 131
-73 245 132
-73 245 134
-73 245 135
-73 245 136
-73 245 137
-73 245 138
-73 245 139
-73 245 140
-73 245 141
-73 245 142
-73 246 128
-73 246 129
-73 246 130
-73 246 131
-73 246 132
-73 246 133
-73 246 135
-73 246 136
-73 246 137
-73 246 138
-73 246 139
-73 246 140
-73 246 141
-73 246 142
-73 246 143
-73 247 128
-73 247 129
-73 247 130
-73 247 131
-73 247 132
-73 247 133
-73 247 134
-73 247 135
-73 247 136
-73 247 137
-73 247 138
-73 247 139
-73 247 140
-73 247 141
-73 247 142
-73 247 143
-73 248 128
-73 248 129
-73 248 130
-73 248 131
-73 248 132
-73 248 133
-73 248 134
-73 248 135
-73 248 136
-73 248 137
-73 248 138
-73 248 139
-73 248 140
-73 248 141
-73 248 142
-73 248 143
-73 249 128
-73 249 129
-73 249 130
-73 249 131
-73 249 132
-73 249 133
-73 249 134
-73 249 135
-73 249 136
-73 249 137
-73 249 138
-73 249 139
-73 249 140
-73 249 141
-73 249 142
-73 249 143
-73 250 128
-73 250 129
-73 250 130
-73 250 131
-73 250 132
-73 250 133
-73 250 134
-73 250 135
-73 250 136
-73 250 137
-73 250 138
-73 250 139
-73 250 140
-73 250 141
-73 250 142
-73 250 143
-73 251 128
-73 251 129
-73 251 130
-73 251 131
-73 251 132
-73 251 137
-73 251 139
-73 251 143
-73 252 128
-73 252 129
-73 252 130
-73 252 131
-73 252 132
-73 253 128
-73 253 129
-73 253 130
-73 254 128
-73 254 129
-73 254 130
-72 242 137
-72 242 138
-72 242 140
-72 242 143
-72 243 136
-72 243 137
-72 243 138
-72 243 140
-72 243 142
-72 243 143
-72 244 128
-72 244 130
-72 244 131
-72 244 134
-72 244 135
-72 244 136
-72 244 137
-72 244 138
-72 244 139
-72 244 140
-72 244 142
-72 244 143
-72 245 128
-72 245 129
-72 245 130
-72 245 133
-72 245 134
-72 245 135
-72 245 136
-72 245 137
-72 245 138
-72 245 139
-72 245 140
-72 245 141
-72 245 142
-72 245 143
-72 246 128
-72 246 129
-72 246 130
-72 246 131
-72 246 132
-72 246 133
-72 246 134
-72 246 135
-72 246 136
-72 246 137
-72 246 138
-72 246 139
-72 246 140
-72 246 141
-72 246 142
-72 246 143
-72 247 128
-72 247 129
-72 247 130
-72 247 131
-72 247 132
-72 247 133
-72 247 134
-72 247 135
-72 247 136
-72 247 137
-72 247 138
-72 247 139
-72 247 140
-72 247 141
-72 247 142
-72 247 143
-72 248 128
-72 248 129
-72 248 130
-72 248 131
-72 248 132
-72 248 133
-72 248 134
-72 248 135
-72 248 136
-72 248 137
-72 248 138
-72 248 139
-72 248 140
-72 248 141
-72 248 142
-72 248 143
-72 249 128
-72 249 129
-72 249 130
-72 249 131
-72 249 132
-72 249 133
-72 249 134
-72 249 135
-72 249 136
-72 249 137
-72 249 138
-72 249 139
-72 249 140
-72 249 141
-72 249 142
-72 249 143
-72 250 128
-72 250 129
-72 250 130
-72 250 131
-72 250 132
-72 250 133
-72 250 134
-72 250 135
-72 250 136
-72 250 137
-72 250 138
-72 250 139
-72 250 140
-72 250 141
-72 250 143
-72 251 128
-72 251 129
-72 251 130
-72 251 131
-72 251 132
-72 251 133
-72 251 136
-72 251 137
-72 251 138
-72 251 139
-72 252 128
-72 252 129
-72 252 130
-72 252 131
-72 252 132
-72 252 133
-72 252 136
-72 252 137
-72 253 128
-72 253 129
-72 254 128
-71 241 133
-71 241 143
-71 242 132
-71 242 133
-71 242 137
-71 242 138
-71 242 139
-71 242 143
-71 243 133
-71 243 137
-71 243 138
-71 243 139
-71 243 140
-71 243 141
-71 243 143
-71 244 128
-71 244 129
-71 244 130
-71 244 132
-71 244 133
-71 244 134
-71 244 136
-71 244 137
-71 244 138
-71 244 139
-71 244 140
-71 244 141
-71 244 142
-71 244 143
-71 245 128
-71 245 129
-71 245 130
-71 245 131
-71 245 132
-71 245 133
-71 245 134
-71 245 136
-71 245 137
-71 245 138
-71 245 139
-71 245 140
-71 245 141
-71 245 142
-71 245 143
-71 246 128
-71 246 129
-71 246 130
-71 246 131
-71 246 132
-71 246 133
-71 246 134
-71 246 136
-71 246 137
-71 246 138
-71 246 139
-71 246 140
-71 246 141
-71 246 142
-71 246 143
-71 247 128
-71 247 129
-71 247 130
-71 247 131
-71 247 132
-71 247 134
-71 247 136
-71 247 137
-71 247 138
-71 247 139
-71 247 140
-71 247 141
-71 247 142
-71 247 143
-71 248 128
-71 248 129
-71 248 130
-71 248 131
-71 248 132
-71 248 133
-71 248 134
-71 248 135
-71 248 136
-71 248 137
-71 248 138
-71 248 139
-71 248 140
-71 248 141
-71 248 142
-71 248 143
-71 249 128
-71 249 129
-71 249 130
-71 249 131
-71 249 132
-71 249 133
-71 249 134
-71 249 135
-71 249 136
-71 249 137
-71 249 138
-71 249 139
-71 249 140
-71 249 141
-71 249 142
-71 249 143
-71 250 128
-71 250 129
-71 250 130
-71 250 131
-71 250 132
-71 250 133
-71 250 135
-71 250 137
-71 250 138
-71 250 139
-71 250 141
-71 250 143
-71 251 128
-71 251 129
-71 251 130
-71 251 131
-71 251 132
-71 251 136
-71 251 137
-71 251 138
-71 251 139
-71 251 143
-71 252 128
-71 252 129
-71 252 130
-71 252 131
-71 252 132
-71 252 138
-71 253 128
-71 253 129
-71 253 131
-71 253 138
-71 254 128
-70 241 133
-70 241 140
-70 241 142
-70 241 143
-70 242 132
-70 242 133
-70 242 134
-70 242 138
-70 242 140
-70 242 142
-70 242 143
-70 243 129
-70 243 131
-70 243 135
-70 243 137
-70 243 138
-70 243 139
-70 243 140
-70 243 141
-70 243 142
-70 243 143
-70 244 128
-70 244 129
-70 244 130
-70 244 132
-70 244 133
-70 244 134
-70 244 135
-70 244 136
-70 244 137
-70 244 138
-70 244 139
-70 244 140
-70 244 141
-70 244 142
-70 244 143
-70 245 128
-70 245 129
-70 245 130
-70 245 131
-70 245 132
-70 245 133
-70 245 137
-70 245 138
-70 245 139
-70 245 140
-70 245 141
-70 245 142
-70 245 143
-70 246 128
-70 246 129
-70 246 130
-70 246 131
-70 246 132
-70 246 133
-70 246 134
-70 246 135
-70 246 136
-70 246 137
-70 246 138
-70 246 139
-70 246 141
-70 246 142
-70 246 143
-70 247 128
-70 247 129
-70 247 130
-70 247 131
-70 247 132
-70 247 133
-70 247 134
-70 247 135
-70 247 136
-70 247 137
-70 247 138
-70 247 139
-70 247 140
-70 247 141
-70 247 142
-70 247 143
-70 248 128
-70 248 129
-70 248 130
-70 248 131
-70 248 132
-70 248 133
-70 248 134
-70 248 135
-70 248 136
-70 248 137
-70 248 138
-70 248 139
-70 248 140
-70 248 141
-70 248 142
-70 248 143
-70 249 128
-70 249 129
-70 249 130
-70 249 131
-70 249 132
-70 249 133
-70 249 134
-70 249 135
-70 249 136
-70 249 137
-70 249 138
-70 249 139
-70 249 140
-70 249 141
-70 249 142
-70 249 143
-70 250 128
-70 250 129
-70 250 130
-70 250 131
-70 250 132
-70 250 133
-70 250 134
-70 250 135
-70 250 136
-70 250 137
-70 250 138
-70 250 139
-70 250 140
-70 250 141
-70 250 142
-70 250 143
-70 251 128
-70 251 129
-70 251 130
-70 251 131
-70 251 132
-70 251 133
-70 251 134
-70 251 135
-70 251 137
-70 251 138
-70 251 140
-70 251 142
-70 251 143
-70 252 128
-70 252 129
-70 252 130
-70 252 131
-70 252 132
-70 252 137
-70 252 138
-70 252 139
-70 252 140
-70 253 128
-70 253 129
-70 253 130
-70 253 131
-70 253 138
-70 254 129
-69 238 141
-69 240 133
-69 240 141
-69 240 142
-69 241 132
-69 241 133
-69 241 134
-69 241 140
-69 241 141
-69 241 142
-69 241 143
-69 242 132
-69 242 133
-69 242 134
-69 242 135
-69 242 138
-69 242 139
-69 242 140
-69 242 141
-69 242 142
-69 242 143
-69 243 131
-69 243 132
-69 243 133
-69 243 134
-69 243 135
-69 243 136
-69 243 137
-69 243 138
-69 243 140
-69 243 141
-69 243 142
-69 243 143
-69 244 128
-69 244 129
-69 244 130
-69 244 131
-69 244 132
-69 244 133
-69 244 134
-69 244 135
-69 244 136
-69 244 137
-69 244 138
-69 244 140
-69 244 141
-69 244 142
-69 244 143
-69 245 128
-69 245 129
-69 245 130
-69 245 131
-69 245 132
-69 245 133
-69 245 134
-69 245 135
-69 245 136
-69 245 137
-69 245 138
-69 245 139
-69 245 140
-69 245 141
-69 245 142
-69 245 143
-69 246 128
-69 246 129
-69 246 130
-69 246 131
-69 246 132
-69 246 133
-69 246 134
-69 246 135
-69 246 136
-69 246 138
-69 246 139
-69 246 140
-69 246 141
-69 246 142
-69 246 143
-69 247 128
-69 247 129
-69 247 130
-69 247 131
-69 247 132
-69 247 133
-69 247 134
-69 247 135
-69 247 136
-69 247 137
-69 247 138
-69 247 139
-69 247 140
-69 247 141
-69 247 142
-69 247 143
-69 248 128
-69 248 129
-69 248 130
-69 248 131
-69 248 132
-69 248 133
-69 248 134
-69 248 135
-69 248 136
-69 248 137
-69 248 138
-69 248 139
-69 248 140
-69 248 141
-69 248 142
-69 248 143
-69 249 128
-69 249 129
-69 249 130
-69 249 131
-69 249 132
-69 249 133
-69 249 134
-69 249 135
-69 249 136
-69 249 137
-69 249 138
-69 249 139
-69 249 140
-69 249 141
-69 249 142
-69 249 143
-69 250 128
-69 250 129
-69 250 130
-69 250 131
-69 250 132
-69 250 133
-69 250 134
-69 250 135
-69 250 136
-69 250 137
-69 250 138
-69 250 139
-69 250 140
-69 250 141
-69 250 142
-69 251 128
-69 251 129
-69 251 130
-69 251 131
-69 251 134
-69 251 135
-69 251 137
-69 251 138
-69 251 139
-69 252 129
-69 252 139
-69 253 128
-68 237 141
-68 238 141
-68 239 132
-68 239 141
-68 240 133
-68 240 134
-68 240 135
-68 240 141
-68 240 142
-68 240 143
-68 241 132
-68 241 133
-68 241 134
-68 241 135
-68 241 139
-68 241 140
-68 241 141
-68 241 143
-68 242 131
-68 242 132
-68 242 133
-68 242 134
-68 242 135
-68 242 136
-68 242 137
-68 242 140
-68 242 141
-68 242 142
-68 242 143
-68 243 128
-68 243 130
-68 243 132
-68 243 133
-68 243 134
-68 243 135
-68 243 136
-68 243 137
-68 243 138
-68 243 139
-68 243 140
-68 243 141
-68 243 142
-68 243 143
-68 244 128
-68 244 129
-68 244 130
-68 244 131
-68 244 132
-68 244 133
-68 244 134
-68 244 135
-68 244 136
-68 244 137
-68 244 138
-68 244 139
-68 244 140
-68 244 141
-68 244 142
-68 244 143
-68 245 128
-68 245 129
-68 245 130
-68 245 131
-68 245 132
-68 245 133
-68 245 134
-68 245 135
-68 245 136
-68 245 137
-68 245 138
-68 245 139
-68 245 140
-68 245 141
-68 245 142
-68 245 143
-68 246 128
-68 246 129
-68 246 130
-68 246 131
-68 246 132
-68 246 133
-68 246 134
-68 246 135
-68 246 136
-68 246 137
-68 246 138
-68 246 139
-68 246 140
-68 246 141
-68 246 142
-68 246 143
-68 247 128
-68 247 129
-68 247 130
-68 247 131
-68 247 132
-68 247 133
-68 247 134
-68 247 135
-68 247 136
-68 247 137
-68 247 138
-68 247 139
-68 247 140
-68 247 141
-68 247 142
-68 247 143
-68 248 128
-68 248 129
-68 248 130
-68 248 131
-68 248 132
-68 248 133
-68 248 134
-68 248 135
-68 248 136
-68 248 137
-68 248 139
-68 248 140
-68 248 141
-68 248 142
-68 248 143
-68 249 128
-68 249 129
-68 249 130
-68 249 131
-68 249 132
-68 249 133
-68 249 134
-68 249 135
-68 249 136
-68 249 137
-68 249 138
-68 249 139
-68 249 140
-68 249 141
-68 249 142
-68 249 143
-68 250 128
-68 250 129
-68 250 130
-68 250 131
-68 250 132
-68 250 133
-68 250 134
-68 250 135
-68 250 136
-68 250 138
-68 250 139
-68 250 140
-68 250 141
-68 250 142
-68 250 143
-68 251 128
-68 251 129
-68 251 130
-68 251 131
-68 251 132
-68 251 134
-68 251 135
-68 251 136
-68 251 139
-68 251 140
-68 251 141
-68 251 142
-68 251 143
-68 252 130
-68 252 140
-67 237 140
-67 237 141
-67 238 133
-67 238 141
-67 238 142
-67 239 131
-67 239 132
-67 239 133
-67 239 135
-67 239 139
-67 239 140
-67 239 141
-67 239 142
-67 239 143
-67 240 131
-67 240 132
-67 240 134
-67 240 135
-67 240 139
-67 240 140
-67 240 142
-67 241 130
-67 241 131
-67 241 132
-67 241 133
-67 241 134
-67 241 135
-67 241 136
-67 241 138
-67 241 139
-67 241 140
-67 241 141
-67 241 142
-67 242 128
-67 242 129
-67 242 130
-67 242 131
-67 242 132
-67 242 133
-67 242 134
-67 242 135
-67 242 136
-67 242 137
-67 242 138
-67 242 139
-67 242 140
-67 242 141
-67 242 142
-67 242 143
-67 243 128
-67 243 129
-67 243 130
-67 243 131
-67 243 132
-67 243 133
-67 243 134
-67 243 135
-67 243 136
-67 243 137
-67 243 138
-67 243 139
-67 243 140
-67 243 141
-67 243 142
-67 243 143
-67 244 128
-67 244 129
-67 244 130
-67 244 131
-67 244 132
-67 244 133
-67 244 134
-67 244 135
-67 244 136
-67 244 137
-67 244 138
-67 244 139
-67 244 140
-67 244 141
-67 244 142
-67 244 143
-67 245 128
-67 245 129
-67 245 130
-67 245 131
-67 245 132
-67 245 133
-67 245 134
-67 245 135
-67 245 136
-67 245 137
-67 245 138
-67 245 139
-67 245 140
-67 245 141
-67 245 142
-67 245 143
-67 246 128
-67 246 129
-67 246 130
-67 246 131
-67 246 132
-67 246 133
-67 246 134
-67 246 135
-67 246 136
-67 246 137
-67 246 138
-67 246 139
-67 246 140
-67 246 141
-67 246 142
-67 246 143
-67 247 128
-67 247 129
-67 247 130
-67 247 131
-67 247 132
-67 247 133
-67 247 134
-67 247 135
-67 247 136
-67 247 137
-67 247 138
-67 247 139
-67 247 140
-67 247 141
-67 247 142
-67 247 143
-67 248 128
-67 248 129
-67 248 130
-67 248 131
-67 248 132
-67 248 133
-67 248 134
-67 248 135
-67 248 136
-67 248 137
-67 248 138
-67 248 139
-67 248 140
-67 248 141
-67 248 142
-67 248 143
-67 249 128
-67 249 129
-67 249 130
-67 249 131
-67 249 132
-67 249 133
-67 249 134
-67 249 135
-67 249 136
-67 249 137
-67 249 138
-67 249 139
-67 249 141
-67 249 142
-67 249 143
-67 250 128
-67 250 129
-67 250 130
-67 250 131
-67 250 132
-67 250 133
-67 250 134
-67 250 135
-67 250 136
-67 250 138
-67 250 139
-67 250 140
-67 250 141
-67 250 142
-67 250 143
-67 251 128
-67 251 129
-67 251 130
-67 251 131
-67 251 132
-67 251 133
-67 251 134
-67 251 135
-67 251 136
-67 251 139
-67 251 140
-67 251 141
-67 252 132
-66 237 140
-66 237 141
-66 237 142
-66 237 143
-66 238 132
-66 238 133
-66 238 134
-66 238 141
-66 238 142
-66 239 130
-66 239 132
-66 239 133
-66 239 134
-66 239 137
-66 239 138
-66 239 139
-66 239 140
-66 239 141
-66 239 142
-66 240 131
-66 240 132
-66 240 133
-66 240 136
-66 240 137
-66 240 139
-66 240 141
-66 240 142
-66 240 143
-66 241 128
-66 241 130
-66 241 131
-66 241 132
-66 241 133
-66 241 134
-66 241 135
-66 241 136
-66 241 137
-66 241 138
-66 241 139
-66 241 140
-66 241 141
-66 241 142
-66 241 143
-66 242 128
-66 242 130
-66 242 131
-66 242 132
-66 242 133
-66 242 134
-66 242 135
-66 242 137
-66 242 138
-66 242 139
-66 242 140
-66 242 141
-66 242 142
-66 242 143
-66 243 128
-66 243 129
-66 243 130
-66 243 131
-66 243 132
-66 243 133
-66 243 134
-66 243 135
-66 243 136
-66 243 137
-66 243 138
-66 243 139
-66 243 140
-66 243 141
-66 243 142
-66 243 143
-66 244 128
-66 244 129
-66 244 130
-66 244 131
-66 244 132
-66 244 133
-66 244 134
-66 244 135
-66 244 136
-66 244 137
-66 244 138
-66 244 139
-66 244 140
-66 244 141
-66 244 142
-66 244 143
-66 245 128
-66 245 129
-66 245 130
-66 245 131
-66 245 132
-66 245 133
-66 245 134
-66 245 135
-66 245 136
-66 245 137
-66 245 138
-66 245 139
-66 245 140
-66 245 141
-66 245 142
-66 245 143
-66 246 128
-66 246 129
-66 246 130
-66 246 131
-66 246 132
-66 246 133
-66 246 134
-66 246 135
-66 246 136
-66 246 137
-66 246 138
-66 246 139
-66 246 140
-66 246 141
-66 246 142
-66 246 143
-66 247 128
-66 247 129
-66 247 130
-66 247 131
-66 247 132
-66 247 133
-66 247 134
-66 247 135
-66 247 136
-66 247 137
-66 247 138
-66 247 139
-66 247 140
-66 247 141
-66 247 142
-66 247 143
-66 248 128
-66 248 129
-66 248 130
-66 248 131
-66 248 132
-66 248 133
-66 248 134
-66 248 135
-66 248 136
-66 248 137
-66 248 138
-66 248 139
-66 248 140
-66 248 141
-66 248 142
-66 248 143
-66 249 128
-66 249 129
-66 249 130
-66 249 131
-66 249 132
-66 249 133
-66 249 134
-66 249 135
-66 249 136
-66 249 137
-66 249 138
-66 249 139
-66 249 140
-66 249 141
-66 249 142
-66 249 143
-66 250 128
-66 250 129
-66 250 130
-66 250 131
-66 250 132
-66 250 133
-66 250 134
-66 250 135
-66 250 136
-66 250 138
-66 250 139
-66 250 140
-66 250 141
-66 250 142
-66 250 143
-66 251 128
-66 251 129
-66 251 130
-66 251 131
-66 251 132
-66 251 133
-66 251 134
-66 251 135
-66 251 136
-66 251 137
-66 251 139
-66 251 140
-66 251 143
-66 252 130
-66 252 131
-66 252 132
-66 252 133
-66 252 136
-66 252 139
-66 253 131
-66 253 132
-66 253 133
-66 254 137
-65 237 142
-65 237 143
-65 238 130
-65 238 131
-65 238 132
-65 238 133
-65 238 134
-65 238 135
-65 238 138
-65 238 139
-65 238 142
-65 238 143
-65 239 130
-65 239 131
-65 239 132
-65 239 133
-65 239 134
-65 239 135
-65 239 138
-65 239 139
-65 239 140
-65 239 141
-65 239 142
-65 239 143
-65 240 128
-65 240 129
-65 240 130
-65 240 131
-65 240 132
-65 240 133
-65 240 134
-65 240 135
-65 240 136
-65 240 137
-65 240 138
-65 240 139
-65 240 140
-65 240 141
-65 240 142
-65 240 143
-65 241 128
-65 241 129
-65 241 130
-65 241 131
-65 241 132
-65 241 133
-65 241 134
-65 241 135
-65 241 136
-65 241 137
-65 241 138
-65 241 139
-65 241 140
-65 241 141
-65 241 142
-65 241 143
-65 242 128
-65 242 129
-65 242 130
-65 242 131
-65 242 132
-65 242 133
-65 242 134
-65 242 135
-65 242 136
-65 242 137
-65 242 138
-65 242 139
-65 242 140
-65 242 141
-65 242 142
-65 242 143
-65 243 128
-65 243 129
-65 243 130
-65 243 131
-65 243 132
-65 243 133
-65 243 134
-65 243 135
-65 243 136
-65 243 137
-65 243 138
-65 243 139
-65 243 140
-65 243 141
-65 243 142
-65 243 143
-65 244 128
-65 244 129
-65 244 130
-65 244 131
-65 244 132
-65 244 133
-65 244 134
-65 244 135
-65 244 136
-65 244 137
-65 244 138
-65 244 139
-65 244 140
-65 244 141
-65 244 142
-65 244 143
-65 245 128
-65 245 129
-65 245 130
-65 245 131
-65 245 132
-65 245 133
-65 245 134
-65 245 136
-65 245 137
-65 245 138
-65 245 139
-65 245 140
-65 245 141
-65 245 142
-65 245 143
-65 246 128
-65 246 129
-65 246 130
-65 246 131
-65 246 132
-65 246 133
-65 246 134
-65 246 135
-65 246 136
-65 246 137
-65 246 138
-65 246 139
-65 246 140
-65 246 141
-65 246 142
-65 246 143
-65 247 128
-65 247 129
-65 247 130
-65 247 131
-65 247 132
-65 247 133
-65 247 134
-65 247 135
-65 247 136
-65 247 137
-65 247 138
-65 247 139
-65 247 140
-65 247 141
-65 247 142
-65 247 143
-65 248 128
-65 248 129
-65 248 130
-65 248 131
-65 248 132
-65 248 133
-65 248 134
-65 248 135
-65 248 136
-65 248 137
-65 248 138
-65 248 139
-65 248 140
-65 248 141
-65 248 142
-65 248 143
-65 249 128
-65 249 129
-65 249 130
-65 249 131
-65 249 132
-65 249 133
-65 249 134
-65 249 135
-65 249 136
-65 249 137
-65 249 138
-65 249 139
-65 249 140
-65 249 141
-65 249 142
-65 249 143
-65 250 128
-65 250 129
-65 250 130
-65 250 131
-65 250 132
-65 250 133
-65 250 134
-65 250 135
-65 250 136
-65 250 137
-65 250 138
-65 250 139
-65 250 140
-65 250 141
-65 250 142
-65 250 143
-65 251 128
-65 251 129
-65 251 130
-65 251 131
-65 251 132
-65 251 133
-65 251 134
-65 251 135
-65 251 136
-65 251 137
-65 251 139
-65 251 140
-65 251 143
-65 252 130
-65 252 131
-65 252 132
-65 252 133
-65 252 134
-65 252 135
-65 252 136
-65 252 138
-65 252 139
-65 252 140
-65 252 141
-65 253 131
-65 253 132
-65 253 133
-65 253 136
-65 254 136
-65 254 138

