alfheim:altWood1
12
160 230 111
160 231 104
160 231 105
160 232 103
160 232 104
160 232 105
160 233 104
160 233 105
161 230 104
161 231 103
161 231 104
161 231 105
161 232 103
161 232 104
161 232 105
161 232 106
161 233 103
161 233 104
161 233 105
161 234 104
162 231 104
162 232 103
162 232 104
162 232 105
162 233 103
162 233 104
162 233 105
162 234 104
163 233 103
163 233 104
alfheim:altLeaves
6
162 192 109
162 192 111
163 192 109
163 192 111
164 191 109
164 192 107
164 192 108
164 192 109
165 191 110
165 191 111
165 192 103
165 192 107
165 192 108
165 192 109
165 192 110
166 190 110
166 190 111
166 191 109
166 191 110
166 191 111
166 192 101
166 192 102
166 192 107
166 192 108
166 192 109
166 192 110
166 192 111
167 190 99
167 191 103
167 192 101
167 192 103
167 192 104
167 192 105
167 192 106
167 192 108
167 192 110
167 192 111
168 189 104
168 190 99
168 190 100
168 190 101
168 190 105
168 191 99
168 191 100
168 191 102
168 191 103
168 191 105
168 191 107
168 192 102
168 192 103
168 192 104
168 192 105
168 192 106
168 192 107
168 192 108
168 192 110
169 187 99
169 187 101
169 188 98
169 188 99
169 188 104
169 189 98
169 189 99
169 189 100
169 189 101
169 189 104
169 189 105
169 190 97
169 190 99
169 190 100
169 190 101
169 190 103
169 190 104
169 190 106
169 191 99
169 191 100
169 191 101
169 191 102
169 191 103
169 191 104
169 191 105
169 191 106
169 191 107
169 192 99
169 192 100
169 192 101
169 192 102
169 192 103
169 192 104
169 192 105
169 192 106
169 192 107
169 192 108
170 186 101
170 187 98
170 187 99
170 187 100
170 187 101
170 187 104
170 188 96
170 188 97
170 188 98
170 188 99
170 188 100
170 188 101
170 188 102
170 188 104
170 188 105
170 189 97
170 189 98
170 189 99
170 189 100
170 189 101
170 189 104
170 189 105
170 190 97
170 190 98
170 190 99
170 190 100
170 190 101
170 190 102
170 190 103
170 190 104
170 190 106
170 191 97
170 191 99
170 191 100
170 191 101
170 191 102
170 191 103
170 191 104
170 191 105
170 191 106
170 192 98
170 192 99
170 192 100
170 192 101
170 192 102
170 192 103
170 192 104
170 192 105
170 192 106
170 192 107
170 192 108
171 185 99
171 185 102
171 186 99
171 186 100
171 186 101
171 186 102
171 187 97
171 187 98
171 187 99
171 187 100
171 187 101
171 187 102
171 188 96
171 188 97
171 188 98
171 188 99
171 188 100
171 188 101
171 188 102
171 188 104
171 189 96
171 189 97
171 189 98
171 189 99
171 189 100
171 189 101
171 189 102
171 189 103
171 189 104
171 190 96
171 190 97
171 190 98
171 190 99
171 190 100
171 190 101
171 190 102
171 190 103
171 190 104
171 190 106
171 191 98
171 191 99
171 191 100
171 191 101
171 191 102
171 191 103
171 191 104
171 191 105
171 191 106
171 192 96
171 192 98
171 192 99
171 192 100
171 192 101
171 192 102
171 192 103
171 192 104
171 192 105
171 192 106
171 192 107
172 184 100
172 184 101
172 185 99
172 185 100
172 185 101
172 186 97
172 186 98
172 186 99
172 186 100
172 186 101
172 186 102
172 186 103
172 187 96
172 187 97
172 187 98
172 187 99
172 187 100
172 187 101
172 187 102
172 187 103
172 188 96
172 188 97
172 188 98
172 188 99
172 188 100
172 188 101
172 188 102
172 189 97
172 189 98
172 189 99
172 189 100
172 189 101
172 189 102
172 189 103
172 190 97
172 190 98
172 190 99
172 190 100
172 190 101
172 190 102
172 190 103
172 190 104
172 191 96
172 191 97
172 191 98
172 191 99
172 191 100
172 191 101
172 191 102
172 191 103
172 191 104
172 191 106
172 192 96
172 192 97
172 192 98
172 192 99
172 192 100
172 192 101
172 192 102
172 192 103
172 192 104
172 192 105
172 192 106
172 192 107
173 184 100
173 185 98
173 185 99
173 185 100
173 186 97
173 186 98
173 186 99
173 186 100
173 186 101
173 186 102
173 187 96
173 187 97
173 187 98
173 187 99
173 187 100
173 187 101
173 187 102
173 188 97
173 188 98
173 188 99
173 188 100
173 188 101
173 189 97
173 189 98
173 189 99
173 189 101
173 190 96
173 190 97
173 190 98
173 190 99
173 190 103
173 190 104
173 191 96
173 191 97
173 191 98
173 191 99
173 191 100
173 191 101
173 191 102
173 191 103
173 191 105
173 192 96
173 192 97
173 192 98
173 192 99
173 192 100
173 192 101
173 192 102
173 192 103
173 192 104
173 192 105
174 185 100
174 185 101
174 186 99
174 186 100
174 186 101
174 187 99
174 187 100
174 187 101
174 187 102
174 188 98
174 188 99
174 188 100
174 188 101
174 188 102
174 189 98
174 189 99
174 190 98
174 190 99
174 191 97
174 191 98
174 191 99
174 191 100
174 191 102
174 191 103
174 191 104
174 191 105
174 192 96
174 192 97
174 192 98
174 192 100
174 192 101
174 192 102
174 192 103
174 192 104
174 192 105
175 186 99
175 187 99
175 187 102
175 188 101
175 190 97
175 190 98
175 191 96
175 191 97
175 191 102
175 191 103
175 191 104
175 192 96
175 192 97
175 192 98
175 192 99
175 192 101
175 192 103
175 192 104
175 192 105
160 194 111
160 196 109
160 196 110
160 196 111
160 197 109
160 197 110
160 197 111
160 198 109
160 198 110
160 198 111
160 199 109
160 199 110
160 199 111
160 200 100
160 200 101
160 200 102
160 200 106
160 200 110
160 200 111
160 201 100
160 201 101
160 201 106
160 201 107
160 201 110
160 201 111
160 202 100
160 202 101
160 202 102
160 202 103
160 202 105
160 202 106
160 202 107
160 202 108
160 202 109
160 202 110
160 203 96
160 203 99
160 203 100
160 203 101
160 203 102
160 203 103
160 203 104
160 203 105
160 203 106
160 203 107
160 203 108
160 203 109
160 203 110
160 203 111
160 204 98
160 204 100
160 204 101
160 204 102
160 204 103
160 204 104
160 204 105
160 204 106
160 204 107
160 204 108
160 204 109
160 204 110
160 204 111
160 205 98
160 205 100
160 205 101
160 205 102
160 205 103
160 205 104
160 205 105
160 205 106
160 205 107
160 205 108
160 205 109
160 205 110
160 205 111
160 206 98
160 206 100
160 206 101
160 206 102
160 206 103
160 206 104
160 206 105
160 206 106
160 206 107
160 206 108
160 206 109
160 207 96
160 207 99
160 207 100
160 207 101
160 207 105
160 207 106
160 207 107
160 207 108
160 207 109
160 207 110
160 208 101
160 208 107
160 208 108
161 194 109
161 194 111
161 195 109
161 195 110
161 195 111
161 196 107
161 196 110
161 196 111
161 197 107
161 197 109
161 197 110
161 197 111
161 198 107
161 198 108
161 198 109
161 198 110
161 198 111
161 199 109
161 199 110
161 199 111
161 200 96
161 200 99
161 200 100
161 200 101
161 200 105
161 200 107
161 200 108
161 200 109
161 200 110
161 200 111
161 201 96
161 201 100
161 201 102
161 201 105
161 201 106
161 201 107
161 201 108
161 201 109
161 201 110
161 201 111
161 202 99
161 202 100
161 202 101
161 202 102
161 202 103
161 202 105
161 202 106
161 202 107
161 202 108
161 202 109
161 202 110
161 203 96
161 203 97
161 203 99
161 203 100
161 203 101
161 203 102
161 203 103
161 203 104
161 203 105
161 203 107
161 203 108
161 203 109
161 203 110
161 204 97
161 204 99
161 204 100
161 204 101
161 204 102
161 204 103
161 204 104
161 204 105
161 204 106
161 204 107
161 204 108
161 204 109
161 204 110
161 205 96
161 205 97
161 205 98
161 205 99
161 205 100
161 205 101
161 205 102
161 205 103
161 205 104
161 205 105
161 205 106
161 205 107
161 205 108
161 205 109
161 205 110
161 205 111
161 206 97
161 206 100
161 206 101
161 206 102
161 206 103
161 206 104
161 206 105
161 206 106
161 206 107
161 206 108
161 206 110
161 206 111
161 207 96
161 207 97
161 207 99
161 207 100
161 207 101
161 207 102
161 207 103
161 207 105
161 207 106
161 207 107
161 207 108
161 208 96
161 208 99
161 208 101
161 208 107
161 208 108
161 209 101
161 209 102
161 209 107
161 210 107
162 193 108
162 193 109
162 193 110
162 193 111
162 194 107
162 194 108
162 194 109
162 194 111
162 195 106
162 195 108
162 195 109
162 195 110
162 195 111
162 196 107
162 196 108
162 196 109
162 196 110
162 196 111
162 197 107
162 197 108
162 197 109
162 197 110
162 197 111
162 198 106
162 198 107
162 198 108
162 198 109
162 198 110
162 198 111
162 199 96
162 199 97
162 199 100
162 199 101
162 199 108
162 199 109
162 199 110
162 199 111
162 200 96
162 200 97
162 200 98
162 200 99
162 200 100
162 200 101
162 200 102
162 200 103
162 200 104
162 200 105
162 200 106
162 200 107
162 200 108
162 200 109
162 200 110
162 200 111
162 201 96
162 201 97
162 201 98
162 201 99
162 201 100
162 201 101
162 201 102
162 201 103
162 201 104
162 201 105
162 201 106
162 201 107
162 201 108
162 201 109
162 201 110
162 201 111
162 202 96
162 202 97
162 202 98
162 202 99
162 202 100
162 202 101
162 202 102
162 202 103
162 202 104
162 202 105
162 202 106
162 202 107
162 202 108
162 202 109
162 202 110
162 202 111
162 203 96
162 203 97
162 203 98
162 203 99
162 203 100
162 203 101
162 203 102
162 203 103
162 203 104
162 203 105
162 203 106
162 203 107
162 203 108
162 203 109
162 203 110
162 203 111
162 204 96
162 204 97
162 204 98
162 204 100
162 204 101
162 204 102
162 204 103
162 204 104
162 204 105
162 204 106
162 204 107
162 204 108
162 204 109
162 204 110
162 204 111
162 205 96
162 205 98
162 205 99
162 205 100
162 205 101
162 205 102
162 205 103
162 205 104
162 205 105
162 205 106
162 205 107
162 205 108
162 205 109
162 205 110
162 205 111
162 206 96
162 206 97
162 206 98
162 206 99
162 206 100
162 206 101
162 206 102
162 206 103
162 206 104
162 206 105
162 206 106
162 206 107
162 206 108
162 206 109
162 206 110
162 206 111
162 207 96
162 207 97
162 207 100
162 207 101
162 207 102
162 207 103
162 207 104
162 207 105
162 207 106
162 207 107
162 207 108
162 207 109
162 208 96
162 208 101
162 208 102
162 208 106
162 208 107
162 208 108
162 208 109
162 208 110
162 209 96
162 209 100
162 209 101
162 209 102
162 209 107
162 209 108
162 209 109
162 210 100
162 210 101
162 210 102
162 210 108
162 210 109
162 211 101
163 193 107
163 193 108
163 193 109
163 193 111
163 194 106
163 194 107
163 194 108
163 194 110
163 194 111
163 195 106
163 195 107
163 195 108
163 195 109
163 195 110
163 195 111
163 196 104
163 196 106
163 196 107
163 196 108
163 196 109
163 196 110
163 196 111
163 197 103
163 197 104
163 197 105
163 197 106
163 197 107
163 197 108
163 197 109
163 197 110
163 197 111
163 198 99
163 198 100
163 198 105
163 198 106
163 198 107
163 198 108
163 198 109
163 198 110
163 198 111
163 199 96
163 199 97
163 199 98
163 199 99
163 199 100
163 199 101
163 199 103
163 199 105
163 199 106
163 199 107
163 199 108
163 199 109
163 199 110
163 199 111
163 200 96
163 200 97
163 200 98
163 200 99
163 200 100
163 200 101
163 200 102
163 200 103
163 200 104
163 200 106
163 200 107
163 200 108
163 200 109
163 200 110
163 200 111
163 201 96
163 201 97
163 201 98
163 201 99
163 201 100
163 201 101
163 201 102
163 201 103
163 201 104
163 201 105
163 201 106
163 201 107
163 201 108
163 201 109
163 201 110
163 201 111
163 202 96
163 202 97
163 202 98
163 202 99
163 202 100
163 202 101
163 202 102
163 202 103
163 202 104
163 202 105
163 202 106
163 202 107
163 202 108
163 202 109
163 202 110
163 202 111
163 203 96
163 203 97
163 203 98
163 203 99
163 203 100
163 203 101
163 203 102
163 203 103
163 203 104
163 203 105
163 203 106
163 203 107
163 203 108
163 203 109
163 203 110
163 203 111
163 204 96
163 204 97
163 204 98
163 204 99
163 204 100
163 204 101
163 204 102
163 204 103
163 204 104
163 204 105
163 204 106
163 204 107
163 204 108
163 204 109
163 204 110
163 204 111
163 205 96
163 205 97
163 205 98
163 205 99
163 205 100
163 205 101
163 205 102
163 205 103
163 205 104
163 205 105
163 205 106
163 205 107
163 205 108
163 205 109
163 205 110
163 205 111
163 206 96
163 206 97
163 206 98
163 206 99
163 206 100
163 206 101
163 206 102
163 206 103
163 206 104
163 206 105
163 206 106
163 206 107
163 206 108
163 206 109
163 206 110
163 206 111
163 207 96
163 207 97
163 207 99
163 207 100
163 207 101
163 207 102
163 207 103
163 207 105
163 207 106
163 207 107
163 207 108
163 207 109
163 207 110
163 207 111
163 208 96
163 208 99
163 208 100
163 208 101
163 208 102
163 208 103
163 208 107
163 208 108
163 208 109
163 208 110
163 208 111
163 209 100
163 209 101
163 209 102
163 209 103
163 209 108
163 209 109
163 209 111
163 210 100
163 210 101
163 210 102
163 210 103
163 210 108
163 210 109
163 211 100
163 211 101
163 211 108
163 211 109
163 212 101
164 193 103
164 193 104
164 193 105
164 193 107
164 193 108
164 193 109
164 193 110
164 193 111
164 194 103
164 194 104
164 194 105
164 194 106
164 194 108
164 194 109
164 194 110
164 194 111
164 195 103
164 195 105
164 195 106
164 195 107
164 195 108
164 195 109
164 195 110
164 195 111
164 196 103
164 196 104
164 196 105
164 196 107
164 196 108
164 196 109
164 196 110
164 196 111
164 197 101
164 197 104
164 197 105
164 197 106
164 197 107
164 197 108
164 197 109
164 197 110
164 197 111
164 198 100
164 198 101
164 198 102
164 198 103
164 198 104
164 198 105
164 198 106
164 198 107
164 198 108
164 198 109
164 198 110
164 198 111
164 199 96
164 199 97
164 199 98
164 199 99
164 199 101
164 199 102
164 199 103
164 199 104
164 199 105
164 199 106
164 199 107
164 199 108
164 199 109
164 199 110
164 199 111
164 200 96
164 200 97
164 200 98
164 200 99
164 200 100
164 200 101
164 200 102
164 200 103
164 200 104
164 200 105
164 200 106
164 200 107
164 200 108
164 200 109
164 200 110
164 200 111
164 201 96
164 201 97
164 201 98
164 201 99
164 201 100
164 201 101
164 201 102
164 201 103
164 201 104
164 201 105
164 201 106
164 201 107
164 201 108
164 201 109
164 201 110
164 201 111
164 202 96
164 202 97
164 202 98
164 202 99
164 202 100
164 202 101
164 202 102
164 202 103
164 202 104
164 202 105
164 202 106
164 202 107
164 202 108
164 202 109
164 202 110
164 202 111
164 203 96
164 203 97
164 203 98
164 203 99
164 203 100
164 203 101
164 203 102
164 203 103
164 203 104
164 203 105
164 203 106
164 203 107
164 203 108
164 203 109
164 203 110
164 203 111
164 204 96
164 204 97
164 204 98
164 204 99
164 204 100
164 204 101
164 204 102
164 204 103
164 204 104
164 204 105
164 204 106
164 204 107
164 204 108
164 204 109
164 204 110
164 204 111
164 205 96
164 205 97
164 205 98
164 205 99
164 205 100
164 205 101
164 205 102
164 205 103
164 205 104
164 205 105
164 205 106
164 205 107
164 205 108
164 205 109
164 205 110
164 205 111
164 206 96
164 206 97
164 206 98
164 206 99
164 206 100
164 206 101
164 206 102
164 206 103
164 206 105
164 206 106
164 206 107
164 206 108
164 206 109
164 206 110
164 206 111
164 207 96
164 207 97
164 207 98
164 207 99
164 207 100
164 207 101
164 207 102
164 207 103
164 207 104
164 207 105
164 207 106
164 207 107
164 207 108
164 207 109
164 207 110
164 207 111
164 208 96
164 208 97
164 208 98
164 208 99
164 208 100
164 208 101
164 208 102
164 208 103
164 208 104
164 208 105
164 208 106
164 208 107
164 208 108
164 208 110
164 209 96
164 209 99
164 209 100
164 209 101
164 209 102
164 209 103
164 209 105
164 209 106
164 209 107
164 209 108
164 209 109
164 210 100
164 210 101
164 210 102
164 210 103
164 210 106
164 210 107
164 210 108
164 210 109
164 211 100
164 211 101
164 211 102
164 212 101
165 193 101
165 193 103
165 193 105
165 193 106
165 193 107
165 193 108
165 193 109
165 193 110
165 193 111
165 194 102
165 194 103
165 194 104
165 194 105
165 194 106
165 194 107
165 194 108
165 194 109
165 194 110
165 194 111
165 195 102
165 195 104
165 195 105
165 195 106
165 195 107
165 195 108
165 195 109
165 195 110
165 195 111
165 196 104
165 196 105
165 196 106
165 196 107
165 196 108
165 196 109
165 196 110
165 196 111
165 197 100
165 197 101
165 197 103
165 197 104
165 197 105
165 197 106
165 197 107
165 197 108
165 197 109
165 197 110
165 197 111
165 198 97
165 198 99
165 198 100
165 198 101
165 198 103
165 198 104
165 198 105
165 198 106
165 198 107
165 198 108
165 198 109
165 198 110
165 198 111
165 199 96
165 199 97
165 199 98
165 199 101
165 199 103
165 199 104
165 199 105
165 199 106
165 199 107
165 199 108
165 199 109
165 199 110
165 199 111
165 200 96
165 200 97
165 200 98
165 200 99
165 200 100
165 200 101
165 200 103
165 200 104
165 200 105
165 200 106
165 200 107
165 200 108
165 200 109
165 200 110
165 200 111
165 201 96
165 201 97
165 201 98
165 201 99
165 201 100
165 201 101
165 201 102
165 201 103
165 201 104
165 201 105
165 201 106
165 201 107
165 201 108
165 201 109
165 201 110
165 201 111
165 202 96
165 202 97
165 202 98
165 202 99
165 202 100
165 202 101
165 202 102
165 202 103
165 202 104
165 202 105
165 202 106
165 202 107
165 202 108
165 202 109
165 202 110
165 202 111
165 203 96
165 203 97
165 203 98
165 203 99
165 203 100
165 203 101
165 203 102
165 203 103
165 203 104
165 203 105
165 203 106
165 203 107
165 203 108
165 203 109
165 203 110
165 203 111
165 204 96
165 204 97
165 204 98
165 204 99
165 204 100
165 204 101
165 204 102
165 204 103
165 204 104
165 204 105
165 204 106
165 204 107
165 204 108
165 204 109
165 204 110
165 204 111
165 205 96
165 205 97
165 205 98
165 205 99
165 205 100
165 205 101
165 205 102
165 205 103
165 205 104
165 205 105
165 205 106
165 205 107
165 205 108
165 205 109
165 205 110
165 205 111
165 206 96
165 206 97
165 206 98
165 206 100
165 206 101
165 206 102
165 206 103
165 206 104
165 206 105
165 206 106
165 206 107
165 206 108
165 206 109
165 206 110
165 206 111
165 207 96
165 207 97
165 207 98
165 207 99
165 207 100
165 207 101
165 207 102
165 207 103
165 207 104
165 207 105
165 207 106
165 207 107
165 207 108
165 207 109
165 208 96
165 208 98
165 208 100
165 208 101
165 208 102
165 208 103
165 208 104
165 208 105
165 208 106
165 208 107
165 208 108
165 208 109
165 208 110
165 209 99
165 209 100
165 209 105
165 209 106
165 209 107
165 209 108
165 210 99
165 210 100
165 210 101
165 210 102
165 210 106
165 210 107
165 211 100
165 211 107
165 224 110
166 193 101
166 193 102
166 193 103
166 193 104
166 193 105
166 193 106
166 193 107
166 193 108
166 193 110
166 193 111
166 194 103
166 194 104
166 194 105
166 194 106
166 194 107
166 194 108
166 194 109
166 194 110
166 194 111
166 195 101
166 195 102
166 195 103
166 195 104
166 195 105
166 195 106
166 195 107
166 195 108
166 195 109
166 195 110
166 195 111
166 196 103
166 196 104
166 196 105
166 196 106
166 196 107
166 196 108
166 196 109
166 196 110
166 196 111
166 197 101
166 197 102
166 197 103
166 197 104
166 197 105
166 197 106
166 197 107
166 197 108
166 197 109
166 197 110
166 197 111
166 198 102
166 198 103
166 198 104
166 198 105
166 198 106
166 198 107
166 198 108
166 198 109
166 198 110
166 198 111
166 199 96
166 199 99
166 199 100
166 199 101
166 199 102
166 199 103
166 199 104
166 199 105
166 199 106
166 199 107
166 199 108
166 199 109
166 199 110
166 199 111
166 200 96
166 200 99
166 200 100
166 200 101
166 200 102
166 200 103
166 200 104
166 200 105
166 200 106
166 200 107
166 200 108
166 200 109
166 200 110
166 200 111
166 201 96
166 201 97
166 201 98
166 201 99
166 201 100
166 201 101
166 201 102
166 201 103
166 201 104
166 201 105
166 201 106
166 201 107
166 201 108
166 201 109
166 201 110
166 201 111
166 202 96
166 202 97
166 202 98
166 202 99
166 202 100
166 202 101
166 202 102
166 202 103
166 202 104
166 202 105
166 202 106
166 202 107
166 202 108
166 202 109
166 202 110
166 202 111
166 203 96
166 203 97
166 203 98
166 203 99
166 203 100
166 203 101
166 203 102
166 203 103
166 203 104
166 203 105
166 203 106
166 203 107
166 203 108
166 203 109
166 203 110
166 203 111
166 204 96
166 204 97
166 204 98
166 204 99
166 204 100
166 204 101
166 204 102
166 204 103
166 204 104
166 204 105
166 204 106
166 204 107
166 204 108
166 204 109
166 204 110
166 204 111
166 205 96
166 205 97
166 205 98
166 205 99
166 205 100
166 205 101
166 205 102
166 205 103
166 205 104
166 205 105
166 205 106
166 205 107
166 205 108
166 205 109
166 205 110
166 205 111
166 206 96
166 206 97
166 206 98
166 206 99
166 206 100
166 206 101
166 206 102
166 206 103
166 206 104
166 206 105
166 206 106
166 206 107
166 206 108
166 206 109
166 206 110
166 206 111
166 207 96
166 207 97
166 207 99
166 207 100
166 207 101
166 207 102
166 207 103
166 207 105
166 207 106
166 207 107
166 207 108
166 207 109
166 207 111
166 208 96
166 208 97
166 208 99
166 208 100
166 208 101
166 208 102
166 208 103
166 208 104
166 208 105
166 208 106
166 208 107
166 208 108
166 208 110
166 209 96
166 209 99
166 209 100
166 209 101
166 209 102
166 209 106
166 209 107
166 209 108
166 210 107
167 193 99
167 193 100
167 193 101
167 193 103
167 193 104
167 193 105
167 193 106
167 193 107
167 193 108
167 193 109
167 193 110
167 193 111
167 194 100
167 194 101
167 194 102
167 194 103
167 194 104
167 194 105
167 194 106
167 194 107
167 194 108
167 194 109
167 194 110
167 194 111
167 195 99
167 195 100
167 195 101
167 195 102
167 195 103
167 195 104
167 195 105
167 195 106
167 195 107
167 195 108
167 195 109
167 195 110
167 195 111
167 196 101
167 196 102
167 196 103
167 196 104
167 196 105
167 196 106
167 196 107
167 196 108
167 196 109
167 196 110
167 196 111
167 197 100
167 197 101
167 197 102
167 197 103
167 197 104
167 197 105
167 197 106
167 197 107
167 197 108
167 197 109
167 197 110
167 197 111
167 198 98
167 198 100
167 198 101
167 198 102
167 198 103
167 198 104
167 198 105
167 198 106
167 198 107
167 198 108
167 198 109
167 198 110
167 198 111
167 199 98
167 199 99
167 199 100
167 199 101
167 199 102
167 199 103
167 199 104
167 199 105
167 199 106
167 199 107
167 199 108
167 199 109
167 199 110
167 199 111
167 200 96
167 200 97
167 200 98
167 200 99
167 200 100
167 200 101
167 200 102
167 200 103
167 200 104
167 200 105
167 200 106
167 200 107
167 200 108
167 200 109
167 200 110
167 200 111
167 201 96
167 201 97
167 201 98
167 201 99
167 201 100
167 201 101
167 201 102
167 201 103
167 201 104
167 201 105
167 201 106
167 201 107
167 201 108
167 201 109
167 201 110
167 201 111
167 202 96
167 202 97
167 202 98
167 202 99
167 202 100
167 202 101
167 202 102
167 202 103
167 202 104
167 202 105
167 202 106
167 202 107
167 202 108
167 202 109
167 202 110
167 202 111
167 203 96
167 203 97
167 203 98
167 203 99
167 203 100
167 203 101
167 203 102
167 203 103
167 203 104
167 203 105
167 203 106
167 203 107
167 203 108
167 203 109
167 203 110
167 203 111
167 204 96
167 204 97
167 204 98
167 204 99
167 204 100
167 204 101
167 204 102
167 204 103
167 204 104
167 204 105
167 204 106
167 204 107
167 204 108
167 204 109
167 204 110
167 204 111
167 205 96
167 205 97
167 205 98
167 205 99
167 205 100
167 205 101
167 205 102
167 205 103
167 205 104
167 205 105
167 205 106
167 205 107
167 205 108
167 205 109
167 205 110
167 205 111
167 206 96
167 206 97
167 206 98
167 206 99
167 206 100
167 206 101
167 206 103
167 206 104
167 206 105
167 206 106
167 206 107
167 206 108
167 206 109
167 206 110
167 207 96
167 207 97
167 207 98
167 207 101
167 207 106
167 207 107
167 207 108
167 207 110
167 208 97
167 208 100
167 208 101
167 208 104
167 208 106
167 208 107
167 208 108
167 208 109
167 209 100
167 209 107
167 209 108
168 193 98
168 193 99
168 193 100
168 193 101
168 193 102
168 193 103
168 193 104
168 193 105
168 193 106
168 193 107
168 193 108
168 193 109
168 193 110
168 193 111
168 194 100
168 194 101
168 194 102
168 194 103
168 194 104
168 194 105
168 194 106
168 194 107
168 194 108
168 194 109
168 194 110
168 194 111
168 195 99
168 195 100
168 195 101
168 195 102
168 195 103
168 195 104
168 195 105
168 195 106
168 195 107
168 195 108
168 195 109
168 195 110
168 195 111
168 196 99
168 196 100
168 196 101
168 196 102
168 196 103
168 196 104
168 196 105
168 196 106
168 196 107
168 196 108
168 196 109
168 196 110
168 196 111
168 197 97
168 197 98
168 197 99
168 197 100
168 197 102
168 197 103
168 197 104
168 197 105
168 197 106
168 197 107
168 197 108
168 197 109
168 197 110
168 197 111
168 198 97
168 198 98
168 198 99
168 198 100
168 198 102
168 198 103
168 198 104
168 198 105
168 198 106
168 198 107
168 198 108
168 198 109
168 198 110
168 198 111
168 199 96
168 199 97
168 199 99
168 199 100
168 199 101
168 199 102
168 199 103
168 199 104
168 199 105
168 199 106
168 199 107
168 199 108
168 199 109
168 199 110
168 199 111
168 200 98
168 200 99
168 200 100
168 200 101
168 200 102
168 200 103
168 200 104
168 200 105
168 200 106
168 200 107
168 200 108
168 200 109
168 200 110
168 200 111
168 201 96
168 201 97
168 201 98
168 201 99
168 201 100
168 201 101
168 201 102
168 201 104
168 201 105
168 201 106
168 201 107
168 201 108
168 201 109
168 201 110
168 201 111
168 202 96
168 202 97
168 202 98
168 202 99
168 202 100
168 202 101
168 202 102
168 202 103
168 202 104
168 202 105
168 202 106
168 202 107
168 202 108
168 202 109
168 202 110
168 202 111
168 203 96
168 203 97
168 203 98
168 203 99
168 203 100
168 203 101
168 203 102
168 203 103
168 203 104
168 203 105
168 203 107
168 203 108
168 203 109
168 203 110
168 203 111
168 204 96
168 204 97
168 204 98
168 204 99
168 204 100
168 204 101
168 204 102
168 204 103
168 204 104
168 204 105
168 204 106
168 204 107
168 204 108
168 204 109
168 204 110
168 204 111
168 205 96
168 205 97
168 205 98
168 205 99
168 205 100
168 205 101
168 205 102
168 205 103
168 205 104
168 205 105
168 205 106
168 205 107
168 205 108
168 205 109
168 205 110
168 206 96
168 206 98
168 206 99
168 206 102
168 206 103
168 206 104
168 206 106
168 206 108
168 206 109
168 207 96
168 207 97
168 207 101
168 207 103
168 207 106
168 207 108
168 207 109
168 208 108
169 193 99
169 193 100
169 193 101
169 193 102
169 193 103
169 193 104
169 193 105
169 193 106
169 193 107
169 193 108
169 193 109
169 193 110
169 193 111
169 194 97
169 194 98
169 194 99
169 194 100
169 194 101
169 194 102
169 194 103
169 194 104
169 194 105
169 194 106
169 194 107
169 194 108
169 194 109
169 194 110
169 194 111
169 195 98
169 195 99
169 195 100
169 195 101
169 195 102
169 195 103
169 195 104
169 195 105
169 195 106
169 195 107
169 195 108
169 195 109
169 195 110
169 195 111
169 196 97
169 196 98
169 196 99
169 196 100
169 196 101
169 196 102
169 196 103
169 196 104
169 196 105
169 196 106
169 196 107
169 196 108
169 196 109
169 196 110
169 196 111
169 197 96
169 197 97
169 197 98
169 197 99
169 197 100
169 197 101
169 197 102
169 197 103
169 197 104
169 197 105
169 197 106
169 197 107
169 197 108
169 197 109
169 197 110
169 197 111
169 198 96
169 198 97
169 198 98
169 198 99
169 198 101
169 198 102
169 198 103
169 198 104
169 198 105
169 198 106
169 198 107
169 198 108
169 198 109
169 198 110
169 198 111
169 199 96
169 199 97
169 199 98
169 199 99
169 199 100
169 199 101
169 199 102
169 199 103
169 199 104
169 199 105
169 199 106
169 199 107
169 199 108
169 199 109
169 199 110
169 199 111
169 200 96
169 200 98
169 200 99
169 200 100
169 200 101
169 200 102
169 200 103
169 200 104
169 200 105
169 200 106
169 200 107
169 200 108
169 200 109
169 200 110
169 200 111
169 201 96
169 201 97
169 201 98
169 201 99
169 201 100
169 201 101
169 201 102
169 201 103
169 201 104
169 201 105
169 201 106
169 201 107
169 201 108
169 201 109
169 201 110
169 201 111
169 202 96
169 202 97
169 202 98
169 202 99
169 202 100
169 202 101
169 202 103
169 202 104
169 202 105
169 202 106
169 202 107
169 202 108
169 202 109
169 202 110
169 202 111
169 203 96
169 203 97
169 203 98
169 203 99
169 203 100
169 203 101
169 203 102
169 203 103
169 203 104
169 203 105
169 203 106
169 203 107
169 203 108
169 203 109
169 204 96
169 204 97
169 204 98
169 204 99
169 204 100
169 204 101
169 204 102
169 204 103
169 204 104
169 204 105
169 204 106
169 204 107
169 204 108
169 204 109
169 205 96
169 205 97
169 205 98
169 205 99
169 205 100
169 205 101
169 205 102
169 205 104
169 205 106
169 205 107
169 205 108
169 205 109
169 205 110
169 206 98
169 206 101
169 206 103
169 206 104
169 206 106
169 206 107
169 206 108
169 206 109
169 207 108
170 193 96
170 193 97
170 193 98
170 193 99
170 193 100
170 193 101
170 193 102
170 193 103
170 193 104
170 193 105
170 193 106
170 193 107
170 193 108
170 194 96
170 194 97
170 194 98
170 194 99
170 194 100
170 194 101
170 194 102
170 194 103
170 194 104
170 194 105
170 194 106
170 194 107
170 194 108
170 194 109
170 194 111
170 195 97
170 195 98
170 195 99
170 195 100
170 195 101
170 195 102
170 195 103
170 195 104
170 195 105
170 195 106
170 195 107
170 195 108
170 195 109
170 195 110
170 195 111
170 196 96
170 196 97
170 196 98
170 196 99
170 196 100
170 196 101
170 196 102
170 196 103
170 196 104
170 196 105
170 196 106
170 196 107
170 196 108
170 196 109
170 196 110
170 196 111
170 197 96
170 197 97
170 197 98
170 197 99
170 197 100
170 197 101
170 197 102
170 197 103
170 197 104
170 197 105
170 197 106
170 197 107
170 197 108
170 197 109
170 197 110
170 197 111
170 198 96
170 198 97
170 198 98
170 198 99
170 198 100
170 198 101
170 198 102
170 198 103
170 198 104
170 198 105
170 198 106
170 198 107
170 198 108
170 198 109
170 198 110
170 198 111
170 199 96
170 199 97
170 199 98
170 199 99
170 199 100
170 199 101
170 199 102
170 199 103
170 199 104
170 199 105
170 199 106
170 199 107
170 199 108
170 199 109
170 199 110
170 199 111
170 200 97
170 200 98
170 200 99
170 200 100
170 200 101
170 200 102
170 200 103
170 200 104
170 200 105
170 200 106
170 200 107
170 200 108
170 200 109
170 200 110
170 200 111
170 201 96
170 201 97
170 201 98
170 201 99
170 201 100
170 201 101
170 201 102
170 201 103
170 201 104
170 201 105
170 201 106
170 201 107
170 201 108
170 201 109
170 201 110
170 201 111
170 202 96
170 202 97
170 202 98
170 202 99
170 202 100
170 202 101
170 202 102
170 202 103
170 202 104
170 202 105
170 202 106
170 202 107
170 202 108
170 202 109
170 202 110
170 203 96
170 203 97
170 203 98
170 203 99
170 203 100
170 203 101
170 203 102
170 203 103
170 203 104
170 203 105
170 203 106
170 203 107
170 203 108
170 203 109
170 203 110
170 203 111
170 204 96
170 204 97
170 204 98
170 204 99
170 204 100
170 204 101
170 204 102
170 204 103
170 204 104
170 204 107
170 204 108
170 204 109
170 205 96
170 205 97
170 205 98
170 205 99
170 205 100
170 205 101
170 205 102
170 205 103
170 205 104
170 205 106
170 205 107
170 205 108
170 205 109
170 205 110
170 206 97
170 206 100
170 206 101
170 206 102
170 206 107
170 207 100
170 207 101
170 208 101
171 193 96
171 193 97
171 193 98
171 193 99
171 193 100
171 193 101
171 193 102
171 193 103
171 193 104
171 193 105
171 193 106
171 193 107
171 193 108
171 194 96
171 194 97
171 194 98
171 194 99
171 194 100
171 194 101
171 194 102
171 194 103
171 194 104
171 194 105
171 194 106
171 194 107
171 194 108
171 194 109
171 194 110
171 195 96
171 195 97
171 195 98
171 195 99
171 195 100
171 195 101
171 195 102
171 195 103
171 195 104
171 195 105
171 195 106
171 195 107
171 195 108
171 195 109
171 195 110
171 195 111
171 196 96
171 196 97
171 196 98
171 196 99
171 196 100
171 196 101
171 196 102
171 196 103
171 196 104
171 196 105
171 196 106
171 196 107
171 196 108
171 196 109
171 196 110
171 196 111
171 197 96
171 197 97
171 197 98
171 197 99
171 197 100
171 197 101
171 197 102
171 197 103
171 197 104
171 197 105
171 197 106
171 197 107
171 197 108
171 197 109
171 197 110
171 197 111
171 198 96
171 198 97
171 198 98
171 198 99
171 198 100
171 198 101
171 198 102
171 198 103
171 198 104
171 198 105
171 198 106
171 198 107
171 198 108
171 198 109
171 198 110
171 198 111
171 199 96
171 199 97
171 199 98
171 199 99
171 199 100
171 199 101
171 199 102
171 199 103
171 199 104
171 199 105
171 199 106
171 199 107
171 199 108
171 199 109
171 199 110
171 199 111
171 200 96
171 200 97
171 200 98
171 200 99
171 200 100
171 200 101
171 200 102
171 200 103
171 200 104
171 200 105
171 200 106
171 200 107
171 200 108
171 200 109
171 200 110
171 200 111
171 201 96
171 201 97
171 201 98
171 201 99
171 201 100
171 201 101
171 201 102
171 201 103
171 201 104
171 201 105
171 201 106
171 201 107
171 201 108
171 201 109
171 201 110
171 201 111
171 202 96
171 202 97
171 202 98
171 202 99
171 202 100
171 202 101
171 202 102
171 202 103
171 202 104
171 202 105
171 202 106
171 202 107
171 202 109
171 202 111
171 203 96
171 203 97
171 203 98
171 203 99
171 203 100
171 203 101
171 203 102
171 203 103
171 203 104
171 203 105
171 203 106
171 203 107
171 203 111
171 204 96
171 204 97
171 204 98
171 204 99
171 204 100
171 204 101
171 204 102
171 204 103
171 204 104
171 204 105
171 204 106
171 204 107
171 204 108
171 205 96
171 205 97
171 205 99
171 205 100
171 205 101
171 205 102
171 205 103
171 205 104
171 205 105
171 205 107
171 205 108
171 205 109
171 206 99
171 206 100
171 206 101
171 206 102
171 207 101
172 193 96
172 193 97
172 193 98
172 193 99
172 193 100
172 193 101
172 193 102
172 193 103
172 193 104
172 193 105
172 193 106
172 193 107
172 193 108
172 193 109
172 194 96
172 194 97
172 194 98
172 194 99
172 194 100
172 194 101
172 194 102
172 194 103
172 194 104
172 194 105
172 194 106
172 194 107
172 194 108
172 194 109
172 194 110
172 194 111
172 195 96
172 195 97
172 195 98
172 195 99
172 195 100
172 195 101
172 195 102
172 195 103
172 195 104
172 195 105
172 195 106
172 195 107
172 195 108
172 195 109
172 195 110
172 195 111
172 196 96
172 196 97
172 196 98
172 196 99
172 196 100
172 196 101
172 196 102
172 196 103
172 196 104
172 196 105
172 196 106
172 196 107
172 196 108
172 196 109
172 196 110
172 197 96
172 197 97
172 197 98
172 197 99
172 197 100
172 197 101
172 197 102
172 197 103
172 197 104
172 197 105
172 197 106
172 197 107
172 197 108
172 197 109
172 197 110
172 197 111
172 198 96
172 198 97
172 198 98
172 198 99
172 198 100
172 198 101
172 198 102
172 198 103
172 198 104
172 198 105
172 198 106
172 198 107
172 198 108
172 198 109
172 198 110
172 198 111
172 199 96
172 199 97
172 199 98
172 199 99
172 199 100
172 199 101
172 199 102
172 199 103
172 199 104
172 199 105
172 199 106
172 199 107
172 199 108
172 199 109
172 199 110
172 199 111
172 200 96
172 200 97
172 200 98
172 200 99
172 200 100
172 200 101
172 200 102
172 200 103
172 200 104
172 200 105
172 200 106
172 200 107
172 200 108
172 200 109
172 200 110
172 200 111
172 201 96
172 201 97
172 201 98
172 201 99
172 201 100
172 201 101
172 201 102
172 201 103
172 201 104
172 201 106
172 201 107
172 201 108
172 201 109
172 201 110
172 201 111
172 202 96
172 202 97
172 202 98
172 202 99
172 202 100
172 202 101
172 202 102
172 202 103
172 202 104
172 202 105
172 202 106
172 202 107
172 202 108
172 202 109
172 202 110
172 202 111
172 203 96
172 203 97
172 203 98
172 203 100
172 203 101
172 203 102
172 203 103
172 203 104
172 203 105
172 203 107
172 203 109
172 203 110
172 203 111
172 204 96
172 204 97
172 204 98
172 204 99
172 204 100
172 204 101
172 204 102
172 204 103
172 204 104
172 204 105
172 204 106
172 204 107
172 204 111
172 205 98
172 205 99
172 205 100
172 205 101
172 205 102
172 205 103
172 205 105
172 206 99
172 206 102
172 206 103
172 206 104
172 206 105
172 207 99
172 207 103
173 193 96
173 193 97
173 193 98
173 193 99
173 193 100
173 193 101
173 193 102
173 193 103
173 193 104
173 193 105
173 193 106
173 193 107
173 193 108
173 194 96
173 194 97
173 194 98
173 194 99
173 194 100
173 194 101
173 194 102
173 194 103
173 194 104
173 194 105
173 194 106
173 194 107
173 194 108
173 194 109
173 194 110
173 195 96
173 195 97
173 195 98
173 195 99
173 195 100
173 195 101
173 195 102
173 195 103
173 195 104
173 195 105
173 195 106
173 195 107
173 195 108
173 195 110
173 195 111
173 196 96
173 196 97
173 196 98
173 196 99
173 196 100
173 196 101
173 196 102
173 196 103
173 196 104
173 196 105
173 196 106
173 196 107
173 196 108
173 196 109
173 196 110
173 196 111
173 197 96
173 197 97
173 197 98
173 197 99
173 197 100
173 197 101
173 197 102
173 197 103
173 197 104
173 197 105
173 197 106
173 197 107
173 197 108
173 197 109
173 197 110
173 197 111
173 198 96
173 198 97
173 198 98
173 198 99
173 198 100
173 198 101
173 198 102
173 198 103
173 198 104
173 198 105
173 198 106
173 198 107
173 198 109
173 198 110
173 198 111
173 199 96
173 199 97
173 199 98
173 199 99
173 199 100
173 199 101
173 199 102
173 199 103
173 199 104
173 199 105
173 199 106
173 199 107
173 199 108
173 199 109
173 199 110
173 199 111
173 200 96
173 200 97
173 200 98
173 200 99
173 200 100
173 200 101
173 200 102
173 200 103
173 200 105
173 200 106
173 200 107
173 200 108
173 200 109
173 200 110
173 200 111
173 201 96
173 201 97
173 201 98
173 201 99
173 201 100
173 201 101
173 201 102
173 201 103
173 201 104
173 201 106
173 201 107
173 201 108
173 201 109
173 201 110
173 201 111
173 202 96
173 202 97
173 202 98
173 202 99
173 202 100
173 202 101
173 202 102
173 202 103
173 202 104
173 202 105
173 202 106
173 202 107
173 202 108
173 202 110
173 202 111
173 203 96
173 203 97
173 203 98
173 203 99
173 203 100
173 203 101
173 203 102
173 203 103
173 203 104
173 203 105
173 203 106
173 203 107
173 203 111
173 204 96
173 204 97
173 204 98
173 204 99
173 204 100
173 204 101
173 204 102
173 204 103
173 204 105
173 205 96
173 205 97
173 205 98
173 205 99
173 205 100
173 205 101
173 205 102
173 205 103
173 206 96
173 206 97
173 206 98
173 206 99
173 206 100
173 206 101
173 206 102
173 207 98
173 207 99
173 207 102
174 193 96
174 193 97
174 193 99
174 193 100
174 193 101
174 193 102
174 193 103
174 193 104
174 193 105
174 194 96
174 194 97
174 194 98
174 194 99
174 194 100
174 194 101
174 194 102
174 194 103
174 194 104
174 194 105
174 194 106
174 194 107
174 194 108
174 195 96
174 195 97
174 195 98
174 195 99
174 195 100
174 195 101
174 195 102
174 195 103
174 195 104
174 195 105
174 195 106
174 195 107
174 195 108
174 195 109
174 195 111
174 196 96
174 196 97
174 196 98
174 196 99
174 196 100
174 196 101
174 196 102
174 196 103
174 196 104
174 196 105
174 196 106
174 196 107
174 196 108
174 196 109
174 196 110
174 196 111
174 197 96
174 197 97
174 197 98
174 197 99
174 197 100
174 197 101
174 197 102
174 197 103
174 197 104
174 197 105
174 197 106
174 197 107
174 197 108
174 197 109
174 197 110
174 197 111
174 198 96
174 198 97
174 198 98
174 198 99
174 198 100
174 198 101
174 198 102
174 198 103
174 198 104
174 198 105
174 198 106
174 198 107
174 198 108
174 198 109
174 198 110
174 198 111
174 199 96
174 199 97
174 199 98
174 199 99
174 199 100
174 199 101
174 199 102
174 199 103
174 199 104
174 199 105
174 199 106
174 199 107
174 199 108
174 199 109
174 199 110
174 199 111
174 200 96
174 200 97
174 200 98
174 200 99
174 200 100
174 200 101
174 200 102
174 200 103
174 200 104
174 200 105
174 200 106
174 200 107
174 200 108
174 200 109
174 200 110
174 200 111
174 201 96
174 201 97
174 201 98
174 201 99
174 201 100
174 201 101
174 201 102
174 201 103
174 201 104
174 201 105
174 201 106
174 201 107
174 201 108
174 201 109
174 201 110
174 201 111
174 202 96
174 202 97
174 202 98
174 202 99
174 202 100
174 202 101
174 202 102
174 202 103
174 202 104
174 202 105
174 202 106
174 202 107
174 202 108
174 202 109
174 202 111
174 203 96
174 203 97
174 203 98
174 203 99
174 203 100
174 203 101
174 203 102
174 203 103
174 203 104
174 203 105
174 203 106
174 203 107
174 203 108
174 203 110
174 203 111
174 204 96
174 204 97
174 204 98
174 204 99
174 204 100
174 204 101
174 204 102
174 204 103
174 204 104
174 204 105
174 204 107
174 204 108
174 205 96
174 205 97
174 205 98
174 205 99
174 205 100
174 205 101
174 205 102
174 205 103
174 206 97
174 206 98
174 206 99
174 206 100
174 206 102
174 207 98
175 193 96
175 193 97
175 193 98
175 193 99
175 193 100
175 193 101
175 193 102
175 193 103
175 193 104
175 193 107
175 194 96
175 194 97
175 194 98
175 194 99
175 194 100
175 194 101
175 194 102
175 194 103
175 194 104
175 194 107
175 195 96
175 195 97
175 195 98
175 195 99
175 195 100
175 195 101
175 195 102
175 195 103
175 195 104
175 195 105
175 195 106
175 195 107
175 195 108
175 195 109
175 196 96
175 196 97
175 196 98
175 196 99
175 196 100
175 196 101
175 196 102
175 196 103
175 196 104
175 196 105
175 196 106
175 196 107
175 196 108
175 196 109
175 196 111
175 197 96
175 197 97
175 197 98
175 197 99
175 197 100
175 197 101
175 197 102
175 197 103
175 197 104
175 197 105
175 197 106
175 197 107
175 197 108
175 197 109
175 197 110
175 197 111
175 198 96
175 198 97
175 198 98
175 198 99
175 198 100
175 198 101
175 198 102
175 198 103
175 198 104
175 198 105
175 198 106
175 198 107
175 198 108
175 198 109
175 198 110
175 198 111
175 199 96
175 199 97
175 199 98
175 199 99
175 199 100
175 199 101
175 199 102
175 199 103
175 199 104
175 199 105
175 199 106
175 199 107
175 199 108
175 199 109
175 199 110
175 199 111
175 200 96
175 200 97
175 200 98
175 200 99
175 200 100
175 200 101
175 200 102
175 200 103
175 200 104
175 200 106
175 200 107
175 200 108
175 200 109
175 200 110
175 200 111
175 201 96
175 201 97
175 201 98
175 201 99
175 201 100
175 201 101
175 201 102
175 201 103
175 201 104
175 201 105
175 201 106
175 201 107
175 201 108
175 201 109
175 201 110
175 201 111
175 202 96
175 202 97
175 202 98
175 202 99
175 202 100
175 202 101
175 202 102
175 202 103
175 202 104
175 202 105
175 202 106
175 202 107
175 202 108
175 202 110
175 202 111
175 203 96
175 203 97
175 203 98
175 203 99
175 203 100
175 203 101
175 203 102
175 203 103
175 203 104
175 203 105
175 203 106
175 203 107
175 203 108
175 203 110
175 203 111
175 204 96
175 204 97
175 204 98
175 204 99
175 204 100
175 204 101
175 204 102
175 204 103
175 204 104
175 204 105
175 204 107
175 204 111
175 205 97
175 205 98
175 205 99
175 205 100
175 205 101
175 205 103
175 206 96
175 206 97
175 206 98
175 206 99
175 206 100
175 207 97
175 207 98
175 207 99
175 207 100
175 208 98
175 208 99
175 224 96
160 229 109
160 229 110
160 232 96
160 234 96
160 234 100
160 235 96
160 235 97
160 235 98
160 235 100
160 235 110
160 235 111
160 236 96
160 236 97
160 236 98
160 236 99
160 236 100
160 236 101
160 236 102
160 236 103
160 236 105
160 236 106
160 236 107
160 236 108
160 236 109
160 236 110
160 236 111
160 237 96
160 237 97
160 237 98
160 237 99
160 237 100
160 237 101
160 237 102
160 237 103
160 237 104
160 237 105
160 237 106
160 237 107
160 237 108
160 237 109
160 237 110
160 237 111
160 238 96
160 238 97
160 238 98
160 238 99
160 238 100
160 238 101
160 238 102
160 238 103
160 238 104
160 238 105
160 238 106
160 238 107
160 238 108
160 238 109
160 238 110
160 238 111
160 239 96
160 239 97
160 239 98
160 239 99
160 239 100
160 239 101
160 239 102
160 239 103
160 239 104
160 239 105
160 239 106
160 239 107
160 239 108
160 239 109
160 239 110
160 239 111
160 240 96
160 240 97
160 240 98
160 240 99
160 240 100
160 240 101
160 240 102
160 240 103
160 240 104
160 240 105
160 240 106
160 240 107
160 240 108
160 240 109
160 240 110
160 240 111
160 241 96
160 241 97
160 241 98
160 241 99
160 241 100
160 241 101
160 241 102
160 241 103
160 241 104
160 241 105
160 241 106
160 241 107
160 241 108
160 241 109
160 241 110
160 241 111
160 242 96
160 242 97
160 242 98
160 242 99
160 242 100
160 242 101
160 242 102
160 242 103
160 242 105
160 242 106
160 242 107
160 242 108
160 242 109
160 242 110
160 242 111
160 243 96
160 243 97
160 243 98
160 243 99
160 243 100
160 243 101
160 243 102
160 243 103
160 243 104
160 243 105
160 243 106
160 243 107
160 243 108
160 243 109
160 243 110
160 243 111
160 244 96
160 244 97
160 244 98
160 244 99
160 244 100
160 244 101
160 244 102
160 244 103
160 244 104
160 244 105
160 244 106
160 244 107
160 244 108
160 244 109
160 244 110
160 244 111
160 245 96
160 245 97
160 245 98
160 245 99
160 245 100
160 245 101
160 245 102
160 245 103
160 245 104
160 245 105
160 245 106
160 245 107
160 245 108
160 245 109
160 245 110
160 246 96
160 246 97
160 246 98
160 246 99
160 246 100
160 246 101
160 246 103
160 246 104
160 246 105
160 246 106
160 246 107
160 246 108
160 246 109
160 246 110
160 246 111
160 247 96
160 247 97
160 247 98
160 247 99
160 247 100
160 247 101
160 247 106
160 247 107
160 247 108
160 247 109
160 247 110
160 247 111
160 248 96
160 248 97
160 248 98
160 248 99
160 248 106
160 248 107
160 248 108
160 248 109
160 249 96
160 249 97
160 249 98
160 249 108
160 250 97
161 228 110
161 228 111
161 229 110
161 229 111
161 230 110
161 231 97
161 231 110
161 232 96
161 232 97
161 233 96
161 233 97
161 233 98
161 233 99
161 234 96
161 234 97
161 234 98
161 234 99
161 234 111
161 235 96
161 235 97
161 235 98
161 235 99
161 235 109
161 235 111
161 236 96
161 236 97
161 236 100
161 236 101
161 236 103
161 236 106
161 236 107
161 236 109
161 236 110
161 236 111
161 237 96
161 237 97
161 237 98
161 237 99
161 237 100
161 237 101
161 237 102
161 237 103
161 237 106
161 237 108
161 237 109
161 237 110
161 237 111
161 238 96
161 238 97
161 238 98
161 238 99
161 238 100
161 238 101
161 238 102
161 238 103
161 238 104
161 238 105
161 238 106
161 238 107
161 238 108
161 238 109
161 238 110
161 238 111
161 239 96
161 239 97
161 239 98
161 239 99
161 239 100
161 239 101
161 239 102
161 239 103
161 239 104
161 239 105
161 239 106
161 239 107
161 239 108
161 239 109
161 239 110
161 239 111
161 240 96
161 240 97
161 240 98
161 240 99
161 240 100
161 240 101
161 240 102
161 240 103
161 240 104
161 240 105
161 240 106
161 240 107
161 240 108
161 240 109
161 240 110
161 240 111
161 241 96
161 241 97
161 241 98
161 241 99
161 241 100
161 241 101
161 241 102
161 241 103
161 241 104
161 241 105
161 241 106
161 241 107
161 241 108
161 241 109
161 241 110
161 241 111
161 242 96
161 242 97
161 242 98
161 242 99
161 242 100
161 242 101
161 242 102
161 242 103
161 242 104
161 242 105
161 242 106
161 242 107
161 242 108
161 242 109
161 242 110
161 242 111
161 243 96
161 243 97
161 243 98
161 243 99
161 243 100
161 243 101
161 243 102
161 243 103
161 243 104
161 243 105
161 243 106
161 243 107
161 243 108
161 243 109
161 243 110
161 243 111
161 244 96
161 244 97
161 244 98
161 244 99
161 244 100
161 244 101
161 244 102
161 244 103
161 244 104
161 244 105
161 244 106
161 244 107
161 244 108
161 244 109
161 244 110
161 244 111
161 245 96
161 245 97
161 245 98
161 245 99
161 245 100
161 245 101
161 245 102
161 245 103
161 245 104
161 245 105
161 245 106
161 245 107
161 245 108
161 245 109
161 245 110
161 246 96
161 246 97
161 246 98
161 246 99
161 246 100
161 246 101
161 246 102
161 246 105
161 246 106
161 246 107
161 246 108
161 246 109
161 246 110
161 247 96
161 247 97
161 247 98
161 247 99
161 247 100
161 247 101
161 247 103
161 247 105
161 247 106
161 247 107
161 247 109
161 248 96
161 248 97
161 248 98
161 248 105
161 248 106
161 248 107
161 248 108
161 248 109
161 249 97
161 249 107
162 228 108
162 228 109
162 228 110
162 228 111
162 229 108
162 229 109
162 229 110
162 229 111
162 230 108
162 230 110
162 230 111
162 231 98
162 231 109
162 231 111
162 232 96
162 232 98
162 232 99
162 232 109
162 232 110
162 232 111
162 233 96
162 233 97
162 233 98
162 233 100
162 234 96
162 234 97
162 234 98
162 234 99
162 234 100
162 234 109
162 234 110
162 234 111
162 235 96
162 235 97
162 235 98
162 235 99
162 235 107
162 235 109
162 235 110
162 235 111
162 236 96
162 236 97
162 236 98
162 236 99
162 236 106
162 236 107
162 236 108
162 236 109
162 236 110
162 236 111
162 237 96
162 237 97
162 237 98
162 237 99
162 237 100
162 237 105
162 237 106
162 237 107
162 237 108
162 237 109
162 237 110
162 237 111
162 238 96
162 238 97
162 238 98
162 238 99
162 238 100
162 238 101
162 238 102
162 238 106
162 238 107
162 238 108
162 238 109
162 238 110
162 238 111
162 239 96
162 239 97
162 239 98
162 239 99
162 239 100
162 239 101
162 239 102
162 239 103
162 239 104
162 239 105
162 239 106
162 239 107
162 239 108
162 239 109
162 239 110
162 239 111
162 240 96
162 240 97
162 240 98
162 240 99
162 240 100
162 240 101
162 240 102
162 240 103
162 240 104
162 240 105
162 240 106
162 240 107
162 240 108
162 240 109
162 240 110
162 240 111
162 241 96
162 241 97
162 241 98
162 241 99
162 241 100
162 241 101
162 241 102
162 241 103
162 241 104
162 241 105
162 241 106
162 241 107
162 241 108
162 241 109
162 241 110
162 241 111
162 242 96
162 242 97
162 242 98
162 242 99
162 242 100
162 242 101
162 242 102
162 242 103
162 242 104
162 242 105
162 242 106
162 242 107
162 242 108
162 242 109
162 242 110
162 242 111
162 243 96
162 243 97
162 243 98
162 243 99
162 243 100
162 243 101
162 243 102
162 243 103
162 243 104
162 243 105
162 243 106
162 243 107
162 243 108
162 243 109
162 243 110
162 243 111
162 244 96
162 244 97
162 244 98
162 244 99
162 244 100
162 244 101
162 244 102
162 244 103
162 244 104
162 244 105
162 244 106
162 244 107
162 244 108
162 244 109
162 244 110
162 244 111
162 245 96
162 245 97
162 245 98
162 245 99
162 245 100
162 245 101
162 245 102
162 245 103
162 245 104
162 245 105
162 245 106
162 245 107
162 245 108
162 245 109
162 246 96
162 246 97
162 246 98
162 246 99
162 246 100
162 246 101
162 246 102
162 246 103
162 246 104
162 246 105
162 246 106
162 246 108
162 246 109
162 246 110
162 247 96
162 247 97
162 247 98
162 247 99
162 247 100
162 247 102
162 247 103
162 247 104
162 247 105
162 247 106
162 248 97
162 248 98
162 248 100
162 248 101
162 248 103
162 248 105
163 226 111
163 227 108
163 227 110
163 227 111
163 228 107
163 228 108
163 228 109
163 228 110
163 228 111
163 229 107
163 229 108
163 229 109
163 229 110
163 229 111
163 230 108
163 230 109
163 230 110
163 230 111
163 231 97
163 231 98
163 231 109
163 231 110
163 231 111
163 232 97
163 232 98
163 232 104
163 232 108
163 232 109
163 232 110
163 233 96
163 233 97
163 233 99
163 233 110
163 233 111
163 234 96
163 234 97
163 234 98
163 234 99
163 234 110
163 234 111
163 235 97
163 235 98
163 235 108
163 235 110
163 235 111
163 236 96
163 236 97
163 236 98
163 236 100
163 236 106
163 236 107
163 236 108
163 236 109
163 236 110
163 236 111
163 237 96
163 237 97
163 237 98
163 237 99
163 237 100
163 237 101
163 237 102
163 237 103
163 237 105
163 237 106
163 237 107
163 237 108
163 237 110
163 237 111
163 238 96
163 238 97
163 238 98
163 238 99
163 238 100
163 238 101
163 238 102
163 238 103
163 238 104
163 238 105
163 238 106
163 238 107
163 238 108
163 238 109
163 238 110
163 238 111
163 239 96
163 239 97
163 239 98
163 239 99
163 239 100
163 239 101
163 239 102
163 239 103
163 239 104
163 239 105
163 239 106
163 239 107
163 239 108
163 239 109
163 239 110
163 239 111
163 240 96
163 240 97
163 240 98
163 240 99
163 240 100
163 240 101
163 240 102
163 240 103
163 240 104
163 240 105
163 240 106
163 240 107
163 240 108
163 240 109
163 240 110
163 240 111
163 241 96
163 241 97
163 241 98
163 241 99
163 241 100
163 241 101
163 241 102
163 241 103
163 241 104
163 241 105
163 241 106
163 241 107
163 241 108
163 241 109
163 241 110
163 241 111
163 242 96
163 242 97
163 242 98
163 242 99
163 242 100
163 242 101
163 242 102
163 242 103
163 242 104
163 242 105
163 242 106
163 242 107
163 242 108
163 242 109
163 242 110
163 242 111
163 243 96
163 243 97
163 243 98
163 243 99
163 243 100
163 243 101
163 243 102
163 243 103
163 243 104
163 243 105
163 243 106
163 243 107
163 243 108
163 243 109
163 243 110
163 243 111
163 244 96
163 244 97
163 244 98
163 244 99
163 244 100
163 244 101
163 244 102
163 244 103
163 244 104
163 244 105
163 244 106
163 244 107
163 244 108
163 244 109
163 244 110
163 244 111
163 245 96
163 245 97
163 245 98
163 245 99
163 245 100
163 245 101
163 245 102
163 245 103
163 245 105
163 245 106
163 245 107
163 245 108
163 246 96
163 246 98
163 246 99
163 246 100
163 246 101
163 246 102
163 246 103
163 246 104
163 246 105
163 246 106
163 246 107
163 246 108
163 246 109
163 247 96
163 247 97
163 247 98
163 247 100
163 247 101
163 247 102
163 247 103
163 247 105
163 248 96
163 248 101
163 248 103
163 248 105
163 249 99
163 249 100
163 250 100
164 225 110
164 226 110
164 226 111
164 227 107
164 227 108
164 227 109
164 227 111
164 228 107
164 228 108
164 228 109
164 228 110
164 229 108
164 229 109
164 229 110
164 229 111
164 230 108
164 230 109
164 230 110
164 230 111
164 231 104
164 231 107
164 231 108
164 231 109
164 231 110
164 231 111
164 232 97
164 232 104
164 232 105
164 232 110
164 232 111
164 233 99
164 233 109
164 233 110
164 234 97
164 234 98
164 234 99
164 234 108
164 234 111
164 235 96
164 235 97
164 235 98
164 235 99
164 235 100
164 235 101
164 235 107
164 235 108
164 235 109
164 235 110
164 235 111
164 236 96
164 236 97
164 236 98
164 236 99
164 236 100
164 236 101
164 236 102
164 236 104
164 236 105
164 236 107
164 236 108
164 236 109
164 236 110
164 236 111
164 237 96
164 237 97
164 237 98
164 237 99
164 237 100
164 237 101
164 237 102
164 237 103
164 237 104
164 237 105
164 237 106
164 237 107
164 237 108
164 237 109
164 237 110
164 237 111
164 238 96
164 238 97
164 238 98
164 238 99
164 238 100
164 238 101
164 238 102
164 238 103
164 238 104
164 238 105
164 238 106
164 238 107
164 238 108
164 238 109
164 238 110
164 238 111
164 239 96
164 239 97
164 239 98
164 239 99
164 239 100
164 239 101
164 239 102
164 239 103
164 239 104
164 239 105
164 239 106
164 239 107
164 239 108
164 239 109
164 239 110
164 239 111
164 240 96
164 240 97
164 240 98
164 240 99
164 240 100
164 240 101
164 240 102
164 240 103
164 240 104
164 240 105
164 240 106
164 240 107
164 240 108
164 240 109
164 240 110
164 240 111
164 241 96
164 241 97
164 241 98
164 241 99
164 241 100
164 241 101
164 241 102
164 241 103
164 241 104
164 241 105
164 241 106
164 241 107
164 241 108
164 241 109
164 241 110
164 241 111
164 242 96
164 242 97
164 242 98
164 242 99
164 242 100
164 242 101
164 242 102
164 242 103
164 242 104
164 242 105
164 242 106
164 242 107
164 242 108
164 242 109
164 242 111
164 243 96
164 243 97
164 243 98
164 243 99
164 243 100
164 243 101
164 243 102
164 243 103
164 243 104
164 243 105
164 243 106
164 243 107
164 243 108
164 243 109
164 243 110
164 243 111
164 244 96
164 244 97
164 244 98
164 244 99
164 244 100
164 244 101
164 244 102
164 244 103
164 244 104
164 244 105
164 244 106
164 244 107
164 244 108
164 244 109
164 244 111
164 245 96
164 245 97
164 245 98
164 245 99
164 245 100
164 245 101
164 245 102
164 245 103
164 245 104
164 245 105
164 245 106
164 245 107
164 245 108
164 245 109
164 246 96
164 246 97
164 246 98
164 246 99
164 246 100
164 246 101
164 246 102
164 246 103
164 247 96
164 247 97
164 247 98
164 247 99
164 247 100
164 247 101
164 247 102
164 247 103
164 248 96
164 248 100
164 248 102
164 248 103
164 249 99
164 249 100
164 249 101
164 250 99
164 250 100
164 250 101
164 251 100
165 225 109
165 225 110
165 225 111
165 226 109
165 226 110
165 227 108
165 227 109
165 227 110
165 227 111
165 228 107
165 228 108
165 228 109
165 228 110
165 228 111
165 229 108
165 229 110
165 229 111
165 230 109
165 230 110
165 230 111
165 231 100
165 231 104
165 231 108
165 231 109
165 231 110
165 231 111
165 232 100
165 232 101
165 232 104
165 232 105
165 232 106
165 232 108
165 232 111
165 233 97
165 233 99
165 233 103
165 233 104
165 233 109
165 233 110
165 233 111
165 234 96
165 234 97
165 234 98
165 234 99
165 234 100
165 234 101
165 234 103
165 234 104
165 234 105
165 234 109
165 234 111
165 235 96
165 235 97
165 235 98
165 235 99
165 235 100
165 235 101
165 235 104
165 235 106
165 235 107
165 235 108
165 235 109
165 235 111
165 236 96
165 236 97
165 236 98
165 236 99
165 236 100
165 236 101
165 236 102
165 236 103
165 236 104
165 236 105
165 236 106
165 236 107
165 236 108
165 236 109
165 236 110
165 236 111
165 237 96
165 237 97
165 237 98
165 237 99
165 237 100
165 237 101
165 237 102
165 237 103
165 237 104
165 237 105
165 237 106
165 237 107
165 237 108
165 237 109
165 237 110
165 237 111
165 238 96
165 238 97
165 238 98
165 238 99
165 238 100
165 238 101
165 238 102
165 238 103
165 238 104
165 238 105
165 238 106
165 238 107
165 238 108
165 238 109
165 238 110
165 238 111
165 239 96
165 239 97
165 239 98
165 239 99
165 239 100
165 239 101
165 239 102
165 239 103
165 239 104
165 239 105
165 239 106
165 239 107
165 239 108
165 239 109
165 239 110
165 239 111
165 240 96
165 240 97
165 240 98
165 240 99
165 240 100
165 240 101
165 240 102
165 240 103
165 240 104
165 240 105
165 240 106
165 240 107
165 240 108
165 240 109
165 240 110
165 240 111
165 241 96
165 241 97
165 241 98
165 241 99
165 241 100
165 241 101
165 241 102
165 241 103
165 241 104
165 241 105
165 241 107
165 241 108
165 241 109
165 241 110
165 241 111
165 242 96
165 242 97
165 242 98
165 242 99
165 242 100
165 242 101
165 242 102
165 242 103
165 242 104
165 242 105
165 242 106
165 242 107
165 242 108
165 242 109
165 242 110
165 242 111
165 243 96
165 243 97
165 243 98
165 243 99
165 243 100
165 243 101
165 243 102
165 243 103
165 243 104
165 243 105
165 243 106
165 243 107
165 243 108
165 243 109
165 243 110
165 243 111
165 244 96
165 244 97
165 244 98
165 244 99
165 244 100
165 244 101
165 244 102
165 244 103
165 244 104
165 244 105
165 244 106
165 244 107
165 244 109
165 245 96
165 245 97
165 245 98
165 245 99
165 245 100
165 245 101
165 245 102
165 245 103
165 245 104
165 245 105
165 245 106
165 246 96
165 246 97
165 246 98
165 246 99
165 246 100
165 246 101
165 246 102
165 246 103
165 246 106
165 247 96
165 247 97
165 247 98
165 247 99
165 247 100
165 247 101
165 247 102
165 247 103
165 248 96
165 248 97
165 248 99
165 248 100
165 248 101
165 248 102
165 248 103
165 248 104
165 249 99
165 249 100
165 249 101
165 249 102
165 250 98
165 250 99
165 250 100
165 251 100
165 251 101
165 252 100
166 225 108
166 225 110
166 226 108
166 226 109
166 226 110
166 226 111
166 227 107
166 227 109
166 227 110
166 227 111
166 228 107
166 228 108
166 228 109
166 228 110
166 228 111
166 229 108
166 229 109
166 229 110
166 229 111
166 230 101
166 230 107
166 230 108
166 230 109
166 230 110
166 230 111
166 231 98
166 231 99
166 231 100
166 231 104
166 231 105
166 231 108
166 231 109
166 231 110
166 231 111
166 232 96
166 232 98
166 232 100
166 232 101
166 232 102
166 232 103
166 232 104
166 232 105
166 232 109
166 232 111
166 233 96
166 233 97
166 233 98
166 233 100
166 233 102
166 233 103
166 233 104
166 233 105
166 233 106
166 233 111
166 234 96
166 234 97
166 234 98
166 234 100
166 234 101
166 234 103
166 234 104
166 234 105
166 234 106
166 234 107
166 234 110
166 234 111
166 235 96
166 235 97
166 235 98
166 235 99
166 235 100
166 235 101
166 235 103
166 235 104
166 235 105
166 235 106
166 235 107
166 235 109
166 235 110
166 235 111
166 236 96
166 236 97
166 236 98
166 236 99
166 236 100
166 236 101
166 236 102
166 236 103
166 236 104
166 236 105
166 236 106
166 236 107
166 236 108
166 236 109
166 236 110
166 236 111
166 237 96
166 237 97
166 237 98
166 237 99
166 237 100
166 237 101
166 237 102
166 237 103
166 237 104
166 237 105
166 237 106
166 237 107
166 237 108
166 237 109
166 237 110
166 237 111
166 238 96
166 238 97
166 238 98
166 238 99
166 238 100
166 238 101
166 238 102
166 238 103
166 238 104
166 238 105
166 238 106
166 238 107
166 238 108
166 238 109
166 238 110
166 238 111
166 239 96
166 239 97
166 239 98
166 239 99
166 239 100
166 239 101
166 239 102
166 239 103
166 239 104
166 239 105
166 239 106
166 239 107
166 239 108
166 239 109
166 239 110
166 239 111
166 240 96
166 240 97
166 240 98
166 240 99
166 240 100
166 240 101
166 240 102
166 240 103
166 240 104
166 240 105
166 240 106
166 240 107
166 240 108
166 240 109
166 240 110
166 240 111
166 241 96
166 241 97
166 241 98
166 241 99
166 241 100
166 241 101
166 241 102
166 241 103
166 241 104
166 241 105
166 241 106
166 241 107
166 241 108
166 241 109
166 241 110
166 241 111
166 242 96
166 242 97
166 242 98
166 242 99
166 242 100
166 242 101
166 242 102
166 242 103
166 242 104
166 242 105
166 242 106
166 242 107
166 242 108
166 242 109
166 242 110
166 242 111
166 243 96
166 243 97
166 243 98
166 243 99
166 243 100
166 243 101
166 243 102
166 243 103
166 243 104
166 243 105
166 243 106
166 243 107
166 243 108
166 243 109
166 243 111
166 244 96
166 244 97
166 244 98
166 244 99
166 244 100
166 244 101
166 244 102
166 244 103
166 244 104
166 244 105
166 244 106
166 244 108
166 245 96
166 245 97
166 245 98
166 245 99
166 245 100
166 245 101
166 245 102
166 245 103
166 245 104
166 245 106
166 246 96
166 246 97
166 246 98
166 246 100
166 246 101
166 246 102
166 246 103
166 247 96
166 247 97
166 247 98
166 247 99
166 247 100
166 247 101
166 247 102
166 247 105
166 248 97
166 248 99
166 248 100
166 248 101
166 248 102
166 248 103
166 249 99
166 250 100
167 225 108
167 225 109
167 225 111
167 226 107
167 226 108
167 226 109
167 226 110
167 226 111
167 227 106
167 227 107
167 227 108
167 227 109
167 227 110
167 227 111
167 228 108
167 228 109
167 228 110
167 228 111
167 229 104
167 229 106
167 229 107
167 229 108
167 229 109
167 229 110
167 229 111
167 230 96
167 230 98
167 230 99
167 230 101
167 230 104
167 230 106
167 230 107
167 230 108
167 230 109
167 230 110
167 230 111
167 231 96
167 231 97
167 231 98
167 231 99
167 231 100
167 231 101
167 231 104
167 231 106
167 231 107
167 231 108
167 231 109
167 231 110
167 231 111
167 232 96
167 232 97
167 232 98
167 232 99
167 232 100
167 232 101
167 232 102
167 232 103
167 232 104
167 232 105
167 232 106
167 232 107
167 232 108
167 232 109
167 232 110
167 232 111
167 233 96
167 233 97
167 233 99
167 233 100
167 233 101
167 233 102
167 233 103
167 233 104
167 233 105
167 233 107
167 233 108
167 233 109
167 233 110
167 233 111
167 234 96
167 234 97
167 234 98
167 234 99
167 234 100
167 234 101
167 234 102
167 234 103
167 234 104
167 234 105
167 234 106
167 234 107
167 234 108
167 234 111
167 235 96
167 235 97
167 235 98
167 235 99
167 235 100
167 235 101
167 235 102
167 235 103
167 235 104
167 235 106
167 235 107
167 235 108
167 235 109
167 235 110
167 235 111
167 236 96
167 236 97
167 236 98
167 236 99
167 236 100
167 236 101
167 236 102
167 236 103
167 236 104
167 236 105
167 236 106
167 236 107
167 236 108
167 236 109
167 236 110
167 236 111
167 237 96
167 237 97
167 237 98
167 237 99
167 237 100
167 237 101
167 237 102
167 237 103
167 237 104
167 237 105
167 237 106
167 237 107
167 237 108
167 237 110
167 237 111
167 238 96
167 238 97
167 238 98
167 238 99
167 238 100
167 238 101
167 238 102
167 238 103
167 238 104
167 238 105
167 238 106
167 238 107
167 238 108
167 238 109
167 238 110
167 238 111
167 239 96
167 239 97
167 239 98
167 239 99
167 239 100
167 239 101
167 239 102
167 239 103
167 239 104
167 239 105
167 239 106
167 239 107
167 239 108
167 239 109
167 239 110
167 239 111
167 240 96
167 240 97
167 240 98
167 240 99
167 240 100
167 240 101
167 240 102
167 240 103
167 240 104
167 240 105
167 240 106
167 240 107
167 240 108
167 240 109
167 240 110
167 240 111
167 241 96
167 241 97
167 241 98
167 241 99
167 241 100
167 241 101
167 241 102
167 241 103
167 241 104
167 241 105
167 241 106
167 241 107
167 241 108
167 241 109
167 241 110
167 241 111
167 242 96
167 242 97
167 242 98
167 242 99
167 242 100
167 242 101
167 242 102
167 242 103
167 242 104
167 242 105
167 242 106
167 242 107
167 242 108
167 242 109
167 242 110
167 242 111
167 243 96
167 243 97
167 243 98
167 243 99
167 243 100
167 243 101
167 243 102
167 243 103
167 243 104
167 243 105
167 243 106
167 243 107
167 243 108
167 243 109
167 243 110
167 243 111
167 244 96
167 244 97
167 244 98
167 244 99
167 244 100
167 244 101
167 244 102
167 244 103
167 244 104
167 244 105
167 244 108
167 244 109
167 244 110
167 245 96
167 245 97
167 245 98
167 245 99
167 245 100
167 245 101
167 245 102
167 245 103
167 245 104
167 245 105
167 245 106
167 245 107
167 246 96
167 246 98
167 246 99
167 246 100
167 246 101
167 246 104
167 246 105
167 246 106
167 247 100
167 247 101
167 247 102
167 247 105
167 248 99
167 248 100
167 248 102
167 248 105
168 226 108
168 226 109
168 226 110
168 226 111
168 227 108
168 227 109
168 227 110
168 227 111
168 228 103
168 228 105
168 228 106
168 228 107
168 228 108
168 228 109
168 228 110
168 228 111
168 229 101
168 229 103
168 229 104
168 229 105
168 229 106
168 229 107
168 229 108
168 229 109
168 229 110
168 229 111
168 230 100
168 230 101
168 230 102
168 230 103
168 230 104
168 230 105
168 230 106
168 230 107
168 230 108
168 230 109
168 230 110
168 230 111
168 231 98
168 231 99
168 231 100
168 231 101
168 231 103
168 231 104
168 231 105
168 231 106
168 231 107
168 231 108
168 231 109
168 231 110
168 231 111
168 232 97
168 232 98
168 232 99
168 232 100
168 232 101
168 232 102
168 232 103
168 232 104
168 232 105
168 232 106
168 232 107
168 232 108
168 232 109
168 232 110
168 232 111
168 233 96
168 233 97
168 233 98
168 233 99
168 233 100
168 233 101
168 233 102
168 233 103
168 233 104
168 233 105
168 233 106
168 233 107
168 233 108
168 233 109
168 233 110
168 233 111
168 234 96
168 234 97
168 234 98
168 234 99
168 234 100
168 234 101
168 234 102
168 234 103
168 234 104
168 234 105
168 234 106
168 234 107
168 234 108
168 234 109
168 234 111
168 235 96
168 235 97
168 235 98
168 235 99
168 235 100
168 235 101
168 235 102
168 235 103
168 235 104
168 235 105
168 235 106
168 235 107
168 235 108
168 235 109
168 235 110
168 235 111
168 236 96
168 236 97
168 236 98
168 236 99
168 236 100
168 236 101
168 236 102
168 236 103
168 236 104
168 236 105
168 236 106
168 236 107
168 236 108
168 236 109
168 236 110
168 236 111
168 237 96
168 237 97
168 237 98
168 237 99
168 237 100
168 237 101
168 237 102
168 237 103
168 237 104
168 237 105
168 237 106
168 237 107
168 237 108
168 237 109
168 237 110
168 237 111
168 238 96
168 238 97
168 238 98
168 238 99
168 238 100
168 238 101
168 238 102
168 238 103
168 238 104
168 238 105
168 238 106
168 238 107
168 238 108
168 238 109
168 238 110
168 238 111
168 239 96
168 239 97
168 239 98
168 239 99
168 239 100
168 239 101
168 239 102
168 239 103
168 239 104
168 239 105
168 239 106
168 239 107
168 239 108
168 239 109
168 239 110
168 239 111
168 240 96
168 240 97
168 240 98
168 240 99
168 240 100
168 240 101
168 240 102
168 240 103
168 240 104
168 240 105
168 240 106
168 240 107
168 240 108
168 240 109
168 240 110
168 240 111
168 241 96
168 241 97
168 241 98
168 241 99
168 241 100
168 241 101
168 241 102
168 241 103
168 241 104
168 241 105
168 241 106
168 241 107
168 241 108
168 241 109
168 241 110
168 241 111
168 242 96
168 242 97
168 242 98
168 242 99
168 242 100
168 242 101
168 242 102
168 242 103
168 242 104
168 242 105
168 242 106
168 242 107
168 242 108
168 242 109
168 242 110
168 242 111
168 243 96
168 243 97
168 243 98
168 243 99
168 243 100
168 243 101
168 243 102
168 243 103
168 243 104
168 243 105
168 243 106
168 243 107
168 243 108
168 243 109
168 243 110
168 243 111
168 244 96
168 244 98
168 244 99
168 244 100
168 244 101
168 244 102
168 244 103
168 244 104
168 244 106
168 244 107
168 244 108
168 244 109
168 244 110
168 244 111
168 245 96
168 245 97
168 245 99
168 245 100
168 245 101
168 245 102
168 245 104
168 245 106
168 245 107
168 246 98
168 246 99
168 246 100
168 246 101
168 246 102
168 246 104
168 246 106
168 246 107
168 247 99
168 247 100
168 247 101
168 247 105
168 247 106
168 248 100
169 226 109
169 226 110
169 227 104
169 227 106
169 227 110
169 227 111
169 228 98
169 228 103
169 228 104
169 228 105
169 228 106
169 228 107
169 228 108
169 228 109
169 228 110
169 228 111
169 229 97
169 229 98
169 229 99
169 229 101
169 229 102
169 229 103
169 229 104
169 229 105
169 229 106
169 229 107
169 229 108
169 229 109
169 229 110
169 229 111
169 230 97
169 230 98
169 230 99
169 230 100
169 230 101
169 230 102
169 230 103
169 230 104
169 230 105
169 230 106
169 230 107
169 230 108
169 230 109
169 230 110
169 230 111
169 231 96
169 231 97
169 231 98
169 231 99
169 231 100
169 231 101
169 231 102
169 231 103
169 231 104
169 231 105
169 231 106
169 231 107
169 231 108
169 231 109
169 231 110
169 231 111
169 232 96
169 232 97
169 232 98
169 232 99
169 232 100
169 232 101
169 232 102
169 232 103
169 232 104
169 232 105
169 232 106
169 232 107
169 232 108
169 232 109
169 232 110
169 232 111
169 233 96
169 233 97
169 233 98
169 233 99
169 233 100
169 233 101
169 233 102
169 233 103
169 233 104
169 233 105
169 233 106
169 233 107
169 233 108
169 233 109
169 233 110
169 233 111
169 234 96
169 234 97
169 234 98
169 234 99
169 234 100
169 234 101
169 234 102
169 234 103
169 234 104
169 234 105
169 234 106
169 234 107
169 234 108
169 234 109
169 234 110
169 234 111
169 235 96
169 235 97
169 235 98
169 235 99
169 235 100
169 235 101
169 235 102
169 235 103
169 235 104
169 235 105
169 235 106
169 235 107
169 235 108
169 235 110
169 235 111
169 236 96
169 236 97
169 236 98
169 236 99
169 236 100
169 236 101
169 236 102
169 236 103
169 236 104
169 236 106
169 236 107
169 236 108
169 236 109
169 236 110
169 236 111
169 237 96
169 237 97
169 237 98
169 237 99
169 237 100
169 237 101
169 237 102
169 237 103
169 237 104
169 237 105
169 237 106
169 237 107
169 237 108
169 237 109
169 237 110
169 237 111
169 238 96
169 238 97
169 238 98
169 238 99
169 238 100
169 238 101
169 238 102
169 238 103
169 238 104
169 238 105
169 238 106
169 238 107
169 238 108
169 238 109
169 238 110
169 238 111
169 239 97
169 239 98
169 239 99
169 239 100
169 239 101
169 239 102
169 239 103
169 239 104
169 239 105
169 239 106
169 239 107
169 239 108
169 239 109
169 239 110
169 239 111
169 240 96
169 240 97
169 240 98
169 240 99
169 240 100
169 240 101
169 240 102
169 240 103
169 240 104
169 240 105
169 240 106
169 240 107
169 240 108
169 240 109
169 240 110
169 240 111
169 241 96
169 241 97
169 241 98
169 241 99
169 241 100
169 241 101
169 241 102
169 241 103
169 241 104
169 241 105
169 241 106
169 241 107
169 241 108
169 241 109
169 241 110
169 241 111
169 242 96
169 242 97
169 242 98
169 242 99
169 242 100
169 242 101
169 242 102
169 242 103
169 242 104
169 242 105
169 242 106
169 242 108
169 242 109
169 242 110
169 242 111
169 243 96
169 243 97
169 243 98
169 243 99
169 243 100
169 243 101
169 243 102
169 243 103
169 243 104
169 243 105
169 243 106
169 243 107
169 243 108
169 243 109
169 243 110
169 244 96
169 244 97
169 244 98
169 244 100
169 244 101
169 244 102
169 244 104
169 244 105
169 244 106
169 244 107
169 244 108
169 244 109
169 244 110
169 244 111
169 245 96
169 245 98
169 245 99
169 245 100
169 245 101
169 245 104
169 245 105
169 245 107
169 245 108
169 245 110
169 245 111
169 246 99
169 246 100
169 246 101
169 246 106
169 246 107
169 247 100
170 225 108
170 225 109
170 226 104
170 226 108
170 226 109
170 226 110
170 227 102
170 227 104
170 227 105
170 227 108
170 227 109
170 227 110
170 228 97
170 228 101
170 228 102
170 228 104
170 228 105
170 228 106
170 228 107
170 228 108
170 228 109
170 228 110
170 228 111
170 229 96
170 229 97
170 229 98
170 229 99
170 229 100
170 229 101
170 229 102
170 229 103
170 229 104
170 229 105
170 229 106
170 229 107
170 229 108
170 229 109
170 229 110
170 229 111
170 230 97
170 230 98
170 230 99
170 230 100
170 230 101
170 230 102
170 230 103
170 230 104
170 230 105
170 230 106
170 230 107
170 230 108
170 230 109
170 230 110
170 230 111
170 231 96
170 231 97
170 231 98
170 231 99
170 231 100
170 231 101
170 231 102
170 231 103
170 231 104
170 231 105
170 231 106
170 231 107
170 231 108
170 231 109
170 231 110
170 231 111
170 232 96
170 232 97
170 232 98
170 232 99
170 232 100
170 232 101
170 232 102
170 232 103
170 232 104
170 232 105
170 232 106
170 232 107
170 232 108
170 232 109
170 232 110
170 232 111
170 233 96
170 233 97
170 233 98
170 233 99
170 233 100
170 233 101
170 233 102
170 233 103
170 233 104
170 233 105
170 233 106
170 233 107
170 233 108
170 233 109
170 233 110
170 233 111
170 234 96
170 234 97
170 234 98
170 234 99
170 234 100
170 234 101
170 234 102
170 234 103
170 234 104
170 234 105
170 234 106
170 234 107
170 234 108
170 234 109
170 234 110
170 234 111
170 235 96
170 235 97
170 235 98
170 235 99
170 235 100
170 235 101
170 235 102
170 235 103
170 235 104
170 235 105
170 235 106
170 235 107
170 235 108
170 235 109
170 235 110
170 235 111
170 236 96
170 236 97
170 236 98
170 236 99
170 236 100
170 236 101
170 236 102
170 236 103
170 236 104
170 236 105
170 236 106
170 236 107
170 236 108
170 236 109
170 236 110
170 236 111
170 237 96
170 237 97
170 237 98
170 237 99
170 237 100
170 237 101
170 237 102
170 237 103
170 237 104
170 237 105
170 237 106
170 237 107
170 237 108
170 237 109
170 237 110
170 237 111
170 238 96
170 238 97
170 238 98
170 238 99
170 238 100
170 238 101
170 238 102
170 238 103
170 238 104
170 238 105
170 238 106
170 238 107
170 238 108
170 238 109
170 238 110
170 238 111
170 239 96
170 239 97
170 239 98
170 239 99
170 239 100
170 239 101
170 239 102
170 239 103
170 239 104
170 239 105
170 239 106
170 239 107
170 239 108
170 239 109
170 239 110
170 239 111
170 240 96
170 240 97
170 240 98
170 240 100
170 240 101
170 240 102
170 240 103
170 240 104
170 240 105
170 240 106
170 240 107
170 240 108
170 240 109
170 240 110
170 240 111
170 241 96
170 241 97
170 241 98
170 241 99
170 241 100
170 241 101
170 241 102
170 241 103
170 241 104
170 241 105
170 241 106
170 241 107
170 241 108
170 241 109
170 241 110
170 241 111
170 242 96
170 242 97
170 242 98
170 242 99
170 242 100
170 242 101
170 242 102
170 242 103
170 242 104
170 242 105
170 242 106
170 242 107
170 242 108
170 242 109
170 242 111
170 243 96
170 243 97
170 243 98
170 243 100
170 243 101
170 243 103
170 243 104
170 243 105
170 243 106
170 243 107
170 243 108
170 243 109
170 243 110
170 243 111
170 244 96
170 244 97
170 244 100
170 244 101
170 244 103
170 244 106
170 244 107
170 244 109
170 244 110
170 244 111
170 245 98
170 245 99
170 245 100
170 245 106
170 245 107
170 245 108
170 245 111
170 246 100
171 225 103
171 226 102
171 226 103
171 226 104
171 226 105
171 226 109
171 226 111
171 227 103
171 227 104
171 227 108
171 227 109
171 227 110
171 227 111
171 228 101
171 228 102
171 228 103
171 228 104
171 228 105
171 228 106
171 228 107
171 228 108
171 228 109
171 228 110
171 228 111
171 229 100
171 229 102
171 229 103
171 229 104
171 229 105
171 229 106
171 229 108
171 229 109
171 229 110
171 229 111
171 230 97
171 230 98
171 230 99
171 230 100
171 230 101
171 230 102
171 230 103
171 230 104
171 230 105
171 230 106
171 230 107
171 230 108
171 230 109
171 230 110
171 230 111
171 231 96
171 231 97
171 231 98
171 231 99
171 231 100
171 231 101
171 231 102
171 231 103
171 231 104
171 231 105
171 231 106
171 231 107
171 231 108
171 231 109
171 231 110
171 231 111
171 232 96
171 232 98
171 232 99
171 232 100
171 232 101
171 232 102
171 232 103
171 232 104
171 232 105
171 232 106
171 232 107
171 232 108
171 232 109
171 232 110
171 232 111
171 233 96
171 233 97
171 233 98
171 233 99
171 233 100
171 233 101
171 233 102
171 233 103
171 233 104
171 233 105
171 233 106
171 233 107
171 233 108
171 233 109
171 233 110
171 233 111
171 234 96
171 234 97
171 234 98
171 234 99
171 234 100
171 234 101
171 234 102
171 234 103
171 234 104
171 234 105
171 234 106
171 234 107
171 234 108
171 234 109
171 234 110
171 234 111
171 235 96
171 235 97
171 235 98
171 235 99
171 235 100
171 235 101
171 235 102
171 235 103
171 235 104
171 235 105
171 235 106
171 235 107
171 235 108
171 235 109
171 235 110
171 235 111
171 236 96
171 236 97
171 236 98
171 236 99
171 236 100
171 236 101
171 236 102
171 236 103
171 236 104
171 236 105
171 236 106
171 236 107
171 236 108
171 236 109
171 236 110
171 236 111
171 237 96
171 237 97
171 237 98
171 237 99
171 237 100
171 237 101
171 237 102
171 237 103
171 237 104
171 237 105
171 237 106
171 237 107
171 237 108
171 237 109
171 237 110
171 237 111
171 238 96
171 238 97
171 238 98
171 238 99
171 238 100
171 238 101
171 238 102
171 238 103
171 238 104
171 238 105
171 238 106
171 238 107
171 238 108
171 238 109
171 238 110
171 238 111
171 239 96
171 239 97
171 239 98
171 239 99
171 239 100
171 239 102
171 239 103
171 239 104
171 239 105
171 239 106
171 239 107
171 239 108
171 239 109
171 239 110
171 239 111
171 240 96
171 240 97
171 240 98
171 240 99
171 240 100
171 240 101
171 240 102
171 240 103
171 240 105
171 240 106
171 240 107
171 240 108
171 240 109
171 240 110
171 240 111
171 241 97
171 241 98
171 241 99
171 241 100
171 241 101
171 241 102
171 241 103
171 241 104
171 241 105
171 241 106
171 241 107
171 241 108
171 241 109
171 241 110
171 241 111
171 242 99
171 242 100
171 242 101
171 242 102
171 242 103
171 242 104
171 242 105
171 242 106
171 242 107
171 242 109
171 242 110
171 242 111
171 243 100
171 243 101
171 243 102
171 243 103
171 243 104
171 243 105
171 243 106
171 243 107
171 243 108
171 243 109
171 243 110
171 243 111
171 244 99
171 244 100
171 244 102
171 244 103
171 244 105
171 244 106
171 244 107
171 244 110
171 244 111
172 225 110
172 226 103
172 226 104
172 226 110
172 226 111
172 227 103
172 227 104
172 227 105
172 227 109
172 227 110
172 227 111
172 228 102
172 228 103
172 228 104
172 228 105
172 228 106
172 228 108
172 228 109
172 228 110
172 228 111
172 229 100
172 229 102
172 229 103
172 229 104
172 229 105
172 229 106
172 229 107
172 229 108
172 229 109
172 229 110
172 229 111
172 230 97
172 230 98
172 230 99
172 230 100
172 230 101
172 230 102
172 230 103
172 230 104
172 230 105
172 230 106
172 230 107
172 230 108
172 230 109
172 230 110
172 230 111
172 231 96
172 231 97
172 231 98
172 231 99
172 231 100
172 231 101
172 231 102
172 231 103
172 231 104
172 231 105
172 231 106
172 231 107
172 231 108
172 231 109
172 231 110
172 231 111
172 232 96
172 232 97
172 232 98
172 232 99
172 232 100
172 232 101
172 232 102
172 232 103
172 232 104
172 232 105
172 232 106
172 232 107
172 232 108
172 232 109
172 232 110
172 232 111
172 233 96
172 233 97
172 233 98
172 233 99
172 233 100
172 233 101
172 233 102
172 233 103
172 233 104
172 233 105
172 233 106
172 233 107
172 233 108
172 233 109
172 233 110
172 233 111
172 234 96
172 234 97
172 234 98
172 234 99
172 234 100
172 234 101
172 234 102
172 234 103
172 234 104
172 234 105
172 234 106
172 234 107
172 234 108
172 234 109
172 234 110
172 234 111
172 235 96
172 235 97
172 235 98
172 235 99
172 235 100
172 235 101
172 235 102
172 235 103
172 235 104
172 235 105
172 235 106
172 235 107
172 235 108
172 235 109
172 235 110
172 235 111
172 236 96
172 236 97
172 236 98
172 236 100
172 236 101
172 236 102
172 236 103
172 236 104
172 236 105
172 236 106
172 236 107
172 236 108
172 236 109
172 236 110
172 236 111
172 237 96
172 237 97
172 237 98
172 237 99
172 237 100
172 237 101
172 237 102
172 237 104
172 237 105
172 237 106
172 237 107
172 237 108
172 237 109
172 237 110
172 237 111
172 238 96
172 238 97
172 238 98
172 238 99
172 238 100
172 238 101
172 238 102
172 238 103
172 238 104
172 238 105
172 238 106
172 238 107
172 238 108
172 238 109
172 238 110
172 238 111
172 239 103
172 239 104
172 239 106
172 239 107
172 239 108
172 239 109
172 239 110
172 239 111
172 240 102
172 240 104
172 240 105
172 240 106
172 240 107
172 240 108
172 240 109
172 240 110
172 241 97
172 241 98
172 241 100
172 241 103
172 241 104
172 241 105
172 241 106
172 241 107
172 241 110
172 241 111
172 242 100
172 242 102
172 242 103
172 242 104
172 242 105
172 242 106
172 242 107
172 242 111
172 243 100
172 243 102
172 243 103
172 243 104
172 243 106
172 243 107
172 244 105
172 244 106
172 244 111
172 245 105
173 226 110
173 227 103
173 227 104
173 227 110
173 227 111
173 228 106
173 228 109
173 228 110
173 228 111
173 229 101
173 229 102
173 229 103
173 229 104
173 229 106
173 229 107
173 229 110
173 229 111
173 230 97
173 230 98
173 230 99
173 230 100
173 230 101
173 230 102
173 230 103
173 230 104
173 230 105
173 230 106
173 230 107
173 230 108
173 230 109
173 230 110
173 230 111
173 231 98
173 231 99
173 231 100
173 231 101
173 231 102
173 231 103
173 231 104
173 231 105
173 231 106
173 231 107
173 231 108
173 231 109
173 231 110
173 231 111
173 232 96
173 232 97
173 232 98
173 232 99
173 232 100
173 232 101
173 232 102
173 232 103
173 232 104
173 232 105
173 232 106
173 232 107
173 232 108
173 232 109
173 232 110
173 232 111
173 233 97
173 233 98
173 233 99
173 233 100
173 233 101
173 233 102
173 233 103
173 233 104
173 233 105
173 233 106
173 233 107
173 233 108
173 233 109
173 233 110
173 233 111
173 234 96
173 234 97
173 234 98
173 234 99
173 234 100
173 234 101
173 234 102
173 234 103
173 234 104
173 234 105
173 234 106
173 234 107
173 234 108
173 234 109
173 234 110
173 234 111
173 235 97
173 235 98
173 235 99
173 235 100
173 235 101
173 235 102
173 235 103
173 235 104
173 235 105
173 235 106
173 235 107
173 235 108
173 235 109
173 235 110
173 235 111
173 236 97
173 236 98
173 236 100
173 236 101
173 236 102
173 236 103
173 236 107
173 236 108
173 236 109
173 236 110
173 236 111
173 237 96
173 237 98
173 237 105
173 237 107
173 237 108
173 237 109
173 237 110
173 237 111
173 238 100
173 238 102
173 238 104
173 238 105
173 238 106
173 238 107
173 238 108
173 238 110
173 238 111
173 239 100
173 239 103
173 239 104
173 239 105
173 239 106
173 239 108
173 239 109
173 239 110
173 239 111
173 240 103
173 240 104
173 240 105
173 240 106
173 240 107
173 240 108
173 240 109
173 240 110
173 241 98
173 241 103
173 241 104
173 241 105
173 241 106
173 241 107
173 241 108
173 241 110
173 241 111
173 242 100
173 242 105
173 242 106
173 242 107
173 242 108
173 242 111
173 243 100
173 243 106
173 243 107
174 227 107
174 227 108
174 228 107
174 228 108
174 228 109
174 228 110
174 228 111
174 229 103
174 229 104
174 229 105
174 229 106
174 229 107
174 229 108
174 229 110
174 229 111
174 230 99
174 230 100
174 230 103
174 230 104
174 230 105
174 230 106
174 230 107
174 230 108
174 230 109
174 230 110
174 230 111
174 231 97
174 231 98
174 231 99
174 231 100
174 231 101
174 231 102
174 231 103
174 231 104
174 231 105
174 231 106
174 231 107
174 231 108
174 231 109
174 231 110
174 231 111
174 232 97
174 232 98
174 232 99
174 232 100
174 232 101
174 232 102
174 232 103
174 232 104
174 232 105
174 232 106
174 232 107
174 232 108
174 232 109
174 232 110
174 232 111
174 233 96
174 233 98
174 233 99
174 233 100
174 233 101
174 233 102
174 233 103
174 233 104
174 233 105
174 233 106
174 233 107
174 233 108
174 233 109
174 233 110
174 233 111
174 234 96
174 234 97
174 234 98
174 234 99
174 234 100
174 234 101
174 234 102
174 234 103
174 234 104
174 234 106
174 234 107
174 234 108
174 234 109
174 234 110
174 234 111
174 235 96
174 235 97
174 235 98
174 235 101
174 235 102
174 235 103
174 235 104
174 235 105
174 235 106
174 235 107
174 235 108
174 235 109
174 235 110
174 236 100
174 236 101
174 236 102
174 236 103
174 236 106
174 236 107
174 236 108
174 236 110
174 236 111
174 237 106
174 237 110
174 238 100
174 238 105
174 238 106
174 238 109
174 238 110
174 238 111
174 239 103
174 239 106
174 239 107
174 239 108
174 239 109
174 239 111
174 240 104
174 240 105
174 240 106
174 240 107
174 240 108
174 240 110
174 240 111
174 241 104
174 241 105
174 241 106
174 242 100
174 242 105
175 228 108
175 229 106
175 229 107
175 229 108
175 229 109
175 229 110
175 229 111
175 230 102
175 230 103
175 230 106
175 230 107
175 230 108
175 230 109
175 230 110
175 230 111
175 231 99
175 231 100
175 231 101
175 231 102
175 231 103
175 231 104
175 231 105
175 231 106
175 231 107
175 231 108
175 231 109
175 231 110
175 231 111
175 232 98
175 232 99
175 232 100
175 232 101
175 232 102
175 232 103
175 232 104
175 232 105
175 232 106
175 232 107
175 232 108
175 232 109
175 232 110
175 232 111
175 233 98
175 233 99
175 233 100
175 233 101
175 233 102
175 233 103
175 233 104
175 233 105
175 233 106
175 233 107
175 233 108
175 233 109
175 233 110
175 233 111
175 234 96
175 234 97
175 234 98
175 234 99
175 234 100
175 234 101
175 234 102
175 234 103
175 234 104
175 234 105
175 234 106
175 234 107
175 234 108
175 234 109
175 234 110
175 234 111
175 235 98
175 235 100
175 235 102
175 235 108
175 235 109
175 235 110
175 235 111
175 236 103
175 236 106
175 236 107
175 236 108
175 236 110
175 236 111
175 237 108
175 237 110
175 238 105
175 238 111
175 239 106
175 239 107
175 240 105
175 240 106
175 240 107
175 240 110
175 241 105
175 241 106

