alfheim:altWood1
12
176 195 84
176 196 82
176 196 83
176 196 84
176 196 85
176 197 82
176 197 84
176 198 86
176 216 80
177 216 80
177 217 80
177 217 81
177 219 80
178 217 81
178 218 80
178 219 80
178 219 81
178 219 82
178 220 82
179 220 82
alfheim:altLeaves
6
176 192 95
177 191 82
177 191 94
177 191 95
177 192 93
177 192 95
178 188 83
178 191 80
178 191 82
178 191 83
178 191 94
178 191 95
178 192 82
178 192 89
178 192 94
178 192 95
179 184 82
179 186 82
179 186 83
179 187 82
179 187 83
179 188 80
179 188 81
179 188 82
179 188 83
179 189 81
179 189 82
179 189 83
179 189 84
179 190 80
179 190 81
179 191 80
179 191 81
179 191 82
179 191 83
179 191 84
179 192 81
179 192 82
179 192 83
179 192 88
179 192 89
179 192 91
179 192 92
179 192 93
179 192 95
180 183 82
180 184 81
180 184 82
180 185 82
180 185 83
180 186 81
180 186 82
180 186 83
180 187 80
180 187 81
180 187 82
180 187 83
180 187 84
180 188 80
180 188 81
180 188 82
180 188 83
180 188 84
180 188 85
180 189 81
180 189 82
180 189 83
180 190 80
180 190 81
180 190 82
180 190 83
180 190 90
180 191 80
180 191 81
180 191 82
180 191 83
180 191 84
180 191 85
180 191 87
180 191 88
180 191 89
180 191 90
180 191 91
180 191 94
180 191 95
180 192 80
180 192 81
180 192 82
180 192 83
180 192 87
180 192 88
180 192 89
180 192 90
180 192 91
180 192 94
180 192 95
181 183 81
181 183 82
181 184 80
181 184 81
181 184 82
181 184 83
181 184 84
181 185 80
181 185 81
181 185 82
181 186 80
181 186 81
181 186 82
181 186 83
181 186 84
181 187 80
181 187 81
181 187 82
181 187 83
181 187 84
181 187 85
181 188 81
181 188 82
181 188 83
181 188 84
181 188 85
181 188 86
181 189 80
181 189 81
181 189 82
181 189 83
181 189 85
181 190 80
181 190 81
181 190 82
181 190 83
181 191 80
181 191 81
181 191 82
181 191 83
181 191 84
181 191 85
181 191 88
181 191 90
181 192 80
181 192 81
181 192 82
181 192 83
181 192 84
181 192 88
181 192 89
181 192 90
181 192 91
181 192 94
181 192 95
182 183 81
182 183 82
182 183 83
182 183 84
182 184 80
182 184 81
182 184 82
182 184 83
182 184 84
182 184 85
182 185 81
182 185 82
182 185 83
182 185 84
182 185 85
182 186 81
182 186 82
182 186 83
182 187 80
182 187 81
182 187 82
182 187 83
182 187 84
182 188 80
182 188 81
182 188 82
182 188 83
182 188 84
182 188 85
182 189 80
182 189 81
182 189 82
182 190 80
182 190 81
182 190 82
182 190 83
182 191 81
182 191 82
182 191 83
182 191 87
182 192 81
182 192 82
182 192 83
182 192 87
182 192 89
183 183 81
183 184 80
183 184 81
183 184 82
183 185 81
183 185 82
183 185 83
183 186 81
183 186 83
183 186 84
183 187 80
183 187 82
183 187 83
183 188 81
183 188 82
183 188 83
183 188 84
183 189 81
183 190 81
183 191 80
183 191 81
183 191 82
183 192 81
183 192 82
183 192 83
183 192 87
183 192 88
184 185 82
184 187 82
184 187 83
184 188 82
184 190 82
184 191 81
184 191 82
184 191 83
184 192 81
184 192 82
184 192 83
185 187 82
176 193 92
176 193 93
176 193 94
176 193 95
176 194 89
176 194 91
176 194 92
176 194 93
176 194 94
176 194 95
176 195 80
176 195 90
176 195 91
176 195 92
176 195 93
176 195 94
176 195 95
176 196 80
176 196 86
176 196 88
176 196 89
176 196 90
176 196 91
176 196 92
176 196 93
176 196 94
176 196 95
176 197 80
176 197 81
176 197 83
176 197 85
176 197 86
176 197 87
176 197 88
176 197 89
176 197 90
176 197 91
176 197 92
176 197 93
176 197 94
176 197 95
176 198 80
176 198 81
176 198 82
176 198 83
176 198 84
176 198 85
176 198 87
176 198 88
176 198 89
176 198 90
176 198 91
176 198 92
176 198 93
176 198 94
176 198 95
176 199 80
176 199 81
176 199 82
176 199 83
176 199 84
176 199 85
176 199 86
176 199 87
176 199 88
176 199 89
176 199 90
176 199 91
176 199 92
176 199 93
176 199 94
176 199 95
176 200 80
176 200 81
176 200 82
176 200 83
176 200 84
176 200 85
176 200 86
176 200 87
176 200 88
176 200 89
176 200 90
176 200 91
176 200 92
176 200 93
176 200 94
176 200 95
176 201 80
176 201 81
176 201 82
176 201 83
176 201 84
176 201 85
176 201 86
176 201 87
176 201 88
176 201 89
176 201 90
176 201 91
176 201 92
176 201 93
176 201 94
176 201 95
176 202 80
176 202 81
176 202 82
176 202 83
176 202 84
176 202 85
176 202 86
176 202 87
176 202 88
176 202 89
176 202 90
176 202 91
176 202 92
176 202 93
176 202 94
176 202 95
176 203 80
176 203 81
176 203 82
176 203 83
176 203 84
176 203 85
176 203 86
176 203 87
176 203 88
176 203 89
176 203 90
176 203 91
176 203 92
176 203 93
176 203 94
176 203 95
176 204 80
176 204 82
176 204 83
176 204 84
176 204 85
176 204 86
176 204 87
176 204 88
176 204 89
176 204 90
176 204 91
176 204 92
176 204 93
176 204 94
176 204 95
176 205 80
176 205 81
176 205 82
176 205 83
176 205 84
176 205 85
176 205 86
176 205 87
176 205 88
176 205 89
176 205 90
176 205 91
176 205 92
176 205 93
176 205 94
176 205 95
176 206 81
176 206 82
176 206 83
176 206 84
176 206 85
176 206 86
176 206 87
176 206 89
176 206 91
176 206 92
176 206 93
176 206 94
176 206 95
176 207 80
176 207 81
176 207 83
176 207 84
176 207 86
176 207 89
176 207 93
176 207 94
176 208 84
176 208 85
176 208 86
176 208 89
176 208 90
176 208 93
176 209 84
176 209 92
176 213 86
176 213 87
176 213 88
176 213 89
176 214 85
176 214 86
176 214 87
176 214 88
176 214 89
176 214 90
176 215 84
176 215 85
176 215 86
176 215 87
176 215 88
176 215 89
176 216 81
176 216 84
176 216 85
176 216 86
176 216 87
176 216 88
176 216 89
176 216 90
176 216 91
176 216 92
176 216 93
176 217 80
176 217 81
176 217 83
176 217 84
176 217 85
176 217 86
176 217 87
176 217 88
176 217 89
176 217 90
176 217 91
176 217 92
176 218 80
176 218 81
176 218 82
176 218 83
176 218 84
176 218 85
176 218 86
176 218 87
176 218 88
176 218 89
176 218 90
176 218 91
176 218 92
176 218 93
176 218 94
176 219 80
176 219 81
176 219 82
176 219 83
176 219 84
176 219 85
176 219 86
176 219 87
176 219 88
176 219 89
176 219 90
176 219 91
176 219 92
176 220 80
176 220 81
176 220 82
176 220 83
176 220 84
176 220 85
176 220 86
176 220 87
176 220 88
176 220 89
176 220 90
176 220 91
176 220 92
176 220 93
176 221 80
176 221 81
176 221 82
176 221 83
176 221 84
176 221 85
176 221 86
176 221 87
176 221 88
176 221 89
176 221 90
176 221 91
176 221 92
176 221 93
176 221 94
176 221 95
176 222 80
176 222 81
176 222 82
176 222 83
176 222 84
176 222 85
176 222 86
176 222 87
176 222 88
176 222 89
176 222 90
176 222 91
176 222 92
176 222 93
176 222 94
176 222 95
176 223 80
176 223 81
176 223 82
176 223 83
176 223 84
176 223 85
176 223 86
176 223 87
176 223 88
176 223 89
176 223 90
176 223 91
176 223 92
176 223 93
176 223 94
176 223 95
176 224 80
176 224 81
176 224 82
176 224 83
176 224 84
176 224 85
176 224 86
176 224 87
176 224 88
176 224 89
176 224 90
176 224 91
176 224 92
176 224 93
176 224 94
176 224 95
177 193 91
177 193 92
177 193 93
177 193 94
177 193 95
177 194 82
177 194 83
177 194 88
177 194 89
177 194 91
177 194 92
177 194 93
177 194 94
177 194 95
177 195 80
177 195 81
177 195 86
177 195 88
177 195 89
177 195 90
177 195 91
177 195 92
177 195 93
177 195 94
177 195 95
177 196 80
177 196 81
177 196 82
177 196 83
177 196 84
177 196 85
177 196 86
177 196 88
177 196 89
177 196 90
177 196 91
177 196 92
177 196 93
177 196 94
177 196 95
177 197 80
177 197 81
177 197 82
177 197 83
177 197 84
177 197 85
177 197 86
177 197 87
177 197 88
177 197 89
177 197 90
177 197 91
177 197 92
177 197 93
177 197 94
177 197 95
177 198 80
177 198 81
177 198 82
177 198 83
177 198 84
177 198 85
177 198 86
177 198 87
177 198 88
177 198 89
177 198 90
177 198 91
177 198 92
177 198 93
177 198 94
177 198 95
177 199 80
177 199 81
177 199 82
177 199 83
177 199 84
177 199 85
177 199 86
177 199 87
177 199 88
177 199 89
177 199 90
177 199 91
177 199 92
177 199 93
177 199 94
177 199 95
177 200 80
177 200 81
177 200 82
177 200 83
177 200 84
177 200 85
177 200 86
177 200 87
177 200 88
177 200 89
177 200 90
177 200 91
177 200 92
177 200 93
177 200 94
177 200 95
177 201 80
177 201 81
177 201 82
177 201 83
177 201 84
177 201 85
177 201 86
177 201 87
177 201 88
177 201 89
177 201 90
177 201 91
177 201 92
177 201 93
177 201 94
177 201 95
177 202 80
177 202 81
177 202 82
177 202 83
177 202 84
177 202 85
177 202 86
177 202 87
177 202 88
177 202 89
177 202 90
177 202 91
177 202 92
177 202 93
177 202 94
177 202 95
177 203 80
177 203 81
177 203 82
177 203 83
177 203 84
177 203 85
177 203 86
177 203 87
177 203 88
177 203 89
177 203 90
177 203 91
177 203 92
177 203 93
177 203 94
177 203 95
177 204 80
177 204 81
177 204 82
177 204 83
177 204 84
177 204 85
177 204 86
177 204 87
177 204 88
177 204 89
177 204 90
177 204 91
177 204 92
177 204 93
177 204 94
177 204 95
177 205 80
177 205 81
177 205 82
177 205 83
177 205 84
177 205 85
177 205 86
177 205 87
177 205 88
177 205 89
177 205 90
177 205 91
177 205 92
177 205 93
177 205 94
177 205 95
177 206 80
177 206 82
177 206 83
177 206 84
177 206 85
177 206 86
177 206 87
177 206 91
177 206 92
177 206 93
177 207 82
177 207 83
177 207 85
177 207 86
177 207 87
177 207 92
177 207 93
177 208 84
177 208 85
177 213 86
177 213 87
177 213 88
177 214 87
177 214 88
177 214 89
177 214 90
177 214 91
177 215 84
177 215 85
177 215 86
177 215 87
177 215 88
177 215 89
177 215 90
177 215 91
177 216 83
177 216 84
177 216 85
177 216 86
177 216 87
177 216 88
177 216 89
177 216 90
177 216 91
177 217 82
177 217 83
177 217 84
177 217 85
177 217 86
177 217 87
177 217 88
177 217 89
177 217 90
177 217 91
177 217 92
177 217 93
177 218 80
177 218 81
177 218 82
177 218 83
177 218 84
177 218 85
177 218 86
177 218 87
177 218 88
177 218 89
177 218 90
177 218 91
177 218 92
177 219 81
177 219 82
177 219 83
177 219 84
177 219 85
177 219 86
177 219 87
177 219 88
177 219 89
177 219 90
177 219 91
177 219 92
177 219 93
177 219 94
177 220 80
177 220 81
177 220 82
177 220 83
177 220 84
177 220 85
177 220 86
177 220 87
177 220 88
177 220 89
177 220 90
177 220 91
177 220 92
177 220 93
177 220 94
177 220 95
177 221 80
177 221 81
177 221 82
177 221 83
177 221 84
177 221 85
177 221 86
177 221 87
177 221 88
177 221 89
177 221 90
177 221 91
177 221 92
177 221 93
177 221 94
177 221 95
177 222 80
177 222 81
177 222 82
177 222 83
177 222 84
177 222 85
177 222 86
177 222 87
177 222 88
177 222 89
177 222 90
177 222 91
177 222 92
177 222 94
177 222 95
177 223 80
177 223 81
177 223 82
177 223 83
177 223 84
177 223 85
177 223 86
177 223 87
177 223 88
177 223 89
177 223 90
177 223 91
177 223 92
177 223 93
177 224 80
177 224 81
177 224 82
177 224 83
177 224 84
177 224 85
177 224 86
177 224 87
177 224 88
177 224 89
177 224 90
177 224 91
177 224 92
177 224 93
177 224 94
177 224 95
178 193 82
178 193 83
178 193 88
178 193 89
178 193 90
178 193 91
178 193 92
178 193 94
178 193 95
178 194 82
178 194 83
178 194 89
178 194 90
178 194 91
178 194 92
178 194 93
178 194 94
178 194 95
178 195 81
178 195 82
178 195 83
178 195 84
178 195 85
178 195 88
178 195 89
178 195 90
178 195 91
178 195 92
178 195 93
178 195 94
178 195 95
178 196 81
178 196 82
178 196 83
178 196 84
178 196 85
178 196 86
178 196 88
178 196 89
178 196 90
178 196 91
178 196 92
178 196 93
178 196 94
178 196 95
178 197 80
178 197 81
178 197 82
178 197 83
178 197 84
178 197 85
178 197 86
178 197 87
178 197 88
178 197 89
178 197 90
178 197 91
178 197 92
178 197 93
178 197 94
178 197 95
178 198 80
178 198 81
178 198 82
178 198 83
178 198 84
178 198 85
178 198 86
178 198 87
178 198 88
178 198 89
178 198 90
178 198 91
178 198 92
178 198 93
178 198 94
178 198 95
178 199 80
178 199 81
178 199 82
178 199 83
178 199 84
178 199 85
178 199 86
178 199 87
178 199 88
178 199 89
178 199 90
178 199 91
178 199 92
178 199 93
178 199 94
178 199 95
178 200 80
178 200 81
178 200 82
178 200 83
178 200 84
178 200 85
178 200 86
178 200 87
178 200 88
178 200 89
178 200 90
178 200 91
178 200 92
178 200 93
178 200 94
178 200 95
178 201 80
178 201 81
178 201 82
178 201 83
178 201 84
178 201 85
178 201 86
178 201 87
178 201 88
178 201 89
178 201 90
178 201 91
178 201 92
178 201 93
178 201 94
178 201 95
178 202 80
178 202 81
178 202 82
178 202 83
178 202 84
178 202 85
178 202 86
178 202 87
178 202 88
178 202 89
178 202 90
178 202 91
178 202 92
178 202 93
178 202 94
178 202 95
178 203 80
178 203 81
178 203 82
178 203 83
178 203 84
178 203 85
178 203 86
178 203 87
178 203 88
178 203 89
178 203 90
178 203 91
178 203 92
178 203 93
178 203 94
178 203 95
178 204 80
178 204 81
178 204 82
178 204 83
178 204 84
178 204 85
178 204 86
178 204 87
178 204 88
178 204 89
178 204 90
178 204 91
178 204 92
178 204 93
178 204 94
178 204 95
178 205 80
178 205 81
178 205 82
178 205 83
178 205 84
178 205 85
178 205 86
178 205 87
178 205 88
178 205 89
178 205 90
178 205 91
178 205 92
178 205 93
178 205 94
178 205 95
178 206 81
178 206 83
178 206 84
178 206 85
178 206 86
178 206 87
178 206 88
178 206 89
178 206 90
178 206 91
178 206 93
178 207 81
178 207 82
178 207 84
178 207 85
178 207 86
178 207 89
178 207 90
178 207 91
178 208 82
178 208 91
178 213 85
178 213 88
178 214 84
178 214 85
178 214 87
178 214 88
178 214 89
178 214 90
178 214 91
178 215 81
178 215 84
178 215 85
178 215 86
178 215 87
178 215 88
178 215 89
178 215 90
178 215 91
178 216 80
178 216 83
178 216 84
178 216 85
178 216 86
178 216 87
178 216 88
178 216 89
178 216 90
178 216 91
178 216 92
178 217 80
178 217 84
178 217 85
178 217 86
178 217 87
178 217 88
178 217 89
178 217 90
178 217 91
178 217 92
178 218 81
178 218 82
178 218 83
178 218 84
178 218 85
178 218 86
178 218 87
178 218 88
178 218 89
178 218 90
178 218 91
178 218 92
178 218 93
178 219 83
178 219 84
178 219 85
178 219 86
178 219 87
178 219 88
178 219 89
178 219 90
178 219 91
178 219 92
178 219 93
178 220 80
178 220 81
178 220 83
178 220 84
178 220 85
178 220 86
178 220 87
178 220 88
178 220 89
178 220 90
178 220 91
178 220 92
178 220 93
178 220 94
178 221 80
178 221 81
178 221 82
178 221 83
178 221 84
178 221 85
178 221 86
178 221 87
178 221 88
178 221 89
178 221 90
178 221 91
178 221 92
178 222 80
178 222 81
178 222 82
178 222 83
178 222 84
178 222 85
178 222 86
178 222 87
178 222 88
178 222 89
178 222 90
178 222 91
178 222 92
178 222 93
178 222 94
178 223 80
178 223 81
178 223 82
178 223 83
178 223 84
178 223 85
178 223 86
178 223 87
178 223 88
178 223 89
178 223 90
178 223 91
178 223 92
178 223 93
178 224 80
178 224 81
178 224 82
178 224 83
178 224 84
178 224 85
178 224 86
178 224 87
178 224 88
178 224 89
178 224 90
178 224 91
178 224 92
178 224 93
178 224 94
178 224 95
179 193 81
179 193 82
179 193 87
179 193 88
179 193 89
179 193 90
179 193 91
179 193 92
179 193 93
179 193 94
179 193 95
179 194 81
179 194 82
179 194 83
179 194 84
179 194 85
179 194 87
179 194 88
179 194 89
179 194 90
179 194 91
179 194 93
179 194 94
179 194 95
179 195 80
179 195 81
179 195 82
179 195 83
179 195 84
179 195 85
179 195 86
179 195 87
179 195 88
179 195 89
179 195 90
179 195 91
179 195 92
179 195 93
179 195 94
179 195 95
179 196 81
179 196 82
179 196 83
179 196 84
179 196 85
179 196 86
179 196 87
179 196 88
179 196 89
179 196 90
179 196 91
179 196 92
179 196 93
179 196 94
179 196 95
179 197 80
179 197 81
179 197 82
179 197 83
179 197 84
179 197 85
179 197 86
179 197 87
179 197 88
179 197 89
179 197 90
179 197 91
179 197 92
179 197 93
179 197 94
179 197 95
179 198 80
179 198 81
179 198 82
179 198 83
179 198 84
179 198 85
179 198 86
179 198 87
179 198 88
179 198 89
179 198 90
179 198 91
179 198 92
179 198 93
179 198 94
179 198 95
179 199 80
179 199 81
179 199 82
179 199 83
179 199 84
179 199 85
179 199 86
179 199 87
179 199 88
179 199 89
179 199 90
179 199 91
179 199 92
179 199 93
179 199 94
179 199 95
179 200 80
179 200 81
179 200 82
179 200 83
179 200 84
179 200 85
179 200 86
179 200 87
179 200 88
179 200 89
179 200 90
179 200 91
179 200 92
179 200 93
179 200 94
179 200 95
179 201 80
179 201 81
179 201 82
179 201 83
179 201 84
179 201 85
179 201 86
179 201 87
179 201 88
179 201 89
179 201 90
179 201 91
179 201 92
179 201 93
179 201 94
179 201 95
179 202 80
179 202 81
179 202 82
179 202 83
179 202 84
179 202 85
179 202 86
179 202 87
179 202 88
179 202 89
179 202 90
179 202 91
179 202 92
179 202 93
179 202 94
179 202 95
179 203 80
179 203 81
179 203 82
179 203 83
179 203 84
179 203 85
179 203 86
179 203 87
179 203 88
179 203 89
179 203 90
179 203 91
179 203 92
179 203 93
179 203 94
179 203 95
179 204 80
179 204 81
179 204 82
179 204 83
179 204 84
179 204 85
179 204 86
179 204 87
179 204 88
179 204 89
179 204 90
179 204 91
179 204 92
179 204 93
179 204 94
179 204 95
179 205 80
179 205 81
179 205 82
179 205 83
179 205 84
179 205 85
179 205 86
179 205 87
179 205 88
179 205 89
179 205 90
179 205 91
179 205 92
179 205 93
179 206 82
179 206 83
179 206 84
179 206 85
179 206 86
179 206 87
179 206 88
179 206 89
179 206 90
179 206 91
179 206 93
179 207 81
179 207 82
179 207 83
179 207 84
179 207 85
179 207 86
179 207 88
179 207 89
179 207 90
179 208 82
179 208 83
179 208 86
179 208 87
179 208 89
179 209 86
179 212 89
179 213 84
179 213 86
179 213 89
179 214 81
179 214 84
179 214 85
179 214 86
179 214 89
179 214 91
179 215 81
179 215 82
179 215 83
179 215 84
179 215 85
179 215 87
179 215 88
179 215 89
179 215 90
179 215 91
179 216 80
179 216 81
179 216 82
179 216 83
179 216 84
179 216 85
179 216 86
179 216 87
179 216 88
179 216 89
179 216 90
179 216 91
179 217 80
179 217 81
179 217 83
179 217 84
179 217 85
179 217 86
179 217 87
179 217 88
179 217 89
179 217 90
179 217 91
179 217 92
179 218 80
179 218 82
179 218 83
179 218 84
179 218 85
179 218 86
179 218 87
179 218 88
179 218 89
179 218 90
179 218 91
179 218 92
179 218 93
179 219 81
179 219 82
179 219 83
179 219 84
179 219 85
179 219 86
179 219 87
179 219 88
179 219 89
179 219 90
179 219 91
179 219 92
179 219 93
179 220 80
179 220 81
179 220 83
179 220 84
179 220 85
179 220 86
179 220 87
179 220 88
179 220 89
179 220 90
179 220 91
179 220 92
179 220 93
179 220 94
179 221 80
179 221 81
179 221 82
179 221 83
179 221 84
179 221 85
179 221 86
179 221 87
179 221 88
179 221 89
179 221 90
179 221 91
179 221 92
179 221 94
179 222 80
179 222 81
179 222 82
179 222 83
179 222 84
179 222 85
179 222 86
179 222 87
179 222 88
179 222 89
179 222 90
179 222 91
179 222 92
179 222 93
179 223 80
179 223 81
179 223 82
179 223 83
179 223 84
179 223 85
179 223 86
179 223 87
179 223 88
179 223 89
179 223 90
179 223 91
179 223 92
179 223 93
179 223 94
179 223 95
179 224 80
179 224 81
179 224 82
179 224 83
179 224 84
179 224 85
179 224 86
179 224 87
179 224 88
179 224 89
179 224 90
179 224 91
179 224 92
179 224 93
180 193 80
180 193 81
180 193 82
180 193 83
180 193 84
180 193 88
180 193 89
180 193 90
180 193 91
180 193 93
180 193 94
180 193 95
180 194 80
180 194 81
180 194 82
180 194 83
180 194 84
180 194 85
180 194 88
180 194 89
180 194 90
180 194 91
180 194 92
180 194 93
180 194 94
180 194 95
180 195 80
180 195 81
180 195 82
180 195 83
180 195 84
180 195 85
180 195 86
180 195 87
180 195 88
180 195 89
180 195 90
180 195 91
180 195 92
180 195 93
180 195 94
180 195 95
180 196 80
180 196 81
180 196 82
180 196 83
180 196 84
180 196 85
180 196 86
180 196 87
180 196 88
180 196 89
180 196 90
180 196 91
180 196 92
180 196 93
180 196 94
180 196 95
180 197 80
180 197 81
180 197 82
180 197 83
180 197 84
180 197 85
180 197 86
180 197 87
180 197 88
180 197 89
180 197 90
180 197 91
180 197 92
180 197 93
180 197 94
180 197 95
180 198 80
180 198 81
180 198 82
180 198 83
180 198 84
180 198 85
180 198 86
180 198 87
180 198 88
180 198 89
180 198 90
180 198 91
180 198 92
180 198 93
180 198 94
180 198 95
180 199 80
180 199 81
180 199 82
180 199 83
180 199 84
180 199 85
180 199 86
180 199 87
180 199 88
180 199 89
180 199 90
180 199 91
180 199 92
180 199 93
180 199 94
180 199 95
180 200 80
180 200 81
180 200 82
180 200 83
180 200 84
180 200 85
180 200 86
180 200 87
180 200 88
180 200 89
180 200 90
180 200 91
180 200 92
180 200 93
180 200 94
180 200 95
180 201 80
180 201 81
180 201 82
180 201 83
180 201 84
180 201 85
180 201 86
180 201 87
180 201 88
180 201 89
180 201 90
180 201 91
180 201 92
180 201 93
180 201 94
180 201 95
180 202 80
180 202 81
180 202 82
180 202 83
180 202 84
180 202 85
180 202 86
180 202 87
180 202 88
180 202 89
180 202 90
180 202 91
180 202 92
180 202 93
180 202 94
180 202 95
180 203 80
180 203 81
180 203 82
180 203 83
180 203 84
180 203 85
180 203 86
180 203 87
180 203 88
180 203 89
180 203 90
180 203 91
180 203 92
180 203 93
180 203 94
180 203 95
180 204 80
180 204 81
180 204 82
180 204 83
180 204 84
180 204 85
180 204 86
180 204 87
180 204 88
180 204 89
180 204 90
180 204 91
180 204 92
180 204 93
180 204 94
180 204 95
180 205 80
180 205 81
180 205 82
180 205 83
180 205 84
180 205 85
180 205 86
180 205 87
180 205 88
180 205 89
180 205 90
180 205 91
180 205 92
180 205 93
180 205 94
180 206 81
180 206 82
180 206 84
180 206 85
180 206 86
180 206 87
180 206 88
180 206 89
180 206 90
180 206 91
180 206 93
180 207 82
180 207 83
180 207 87
180 207 89
180 208 86
180 212 81
180 213 80
180 213 81
180 213 82
180 213 83
180 213 85
180 213 89
180 213 90
180 214 81
180 214 82
180 214 83
180 214 84
180 214 85
180 214 86
180 214 87
180 214 90
180 214 91
180 215 80
180 215 81
180 215 82
180 215 85
180 215 86
180 215 87
180 215 88
180 215 89
180 215 90
180 215 91
180 216 80
180 216 81
180 216 82
180 216 83
180 216 84
180 216 85
180 216 86
180 216 87
180 216 88
180 216 89
180 216 90
180 217 80
180 217 81
180 217 82
180 217 83
180 217 84
180 217 85
180 217 86
180 217 87
180 217 88
180 217 89
180 217 90
180 217 91
180 217 92
180 218 80
180 218 82
180 218 83
180 218 84
180 218 85
180 218 86
180 218 87
180 218 88
180 218 89
180 218 90
180 218 91
180 218 92
180 218 93
180 219 80
180 219 81
180 219 82
180 219 83
180 219 84
180 219 85
180 219 86
180 219 87
180 219 88
180 219 89
180 219 90
180 219 91
180 219 92
180 219 93
180 220 80
180 220 81
180 220 82
180 220 83
180 220 84
180 220 85
180 220 86
180 220 87
180 220 88
180 220 89
180 220 90
180 220 91
180 220 93
180 220 95
180 221 80
180 221 81
180 221 82
180 221 83
180 221 84
180 221 85
180 221 86
180 221 87
180 221 88
180 221 89
180 221 90
180 221 91
180 221 92
180 221 93
180 221 94
180 222 80
180 222 81
180 222 82
180 222 83
180 222 84
180 222 85
180 222 86
180 222 87
180 222 88
180 222 89
180 222 90
180 222 91
180 222 92
180 222 93
180 222 94
180 223 80
180 223 81
180 223 82
180 223 83
180 223 84
180 223 85
180 223 86
180 223 87
180 223 88
180 223 89
180 223 90
180 223 91
180 223 92
180 223 93
180 223 94
180 223 95
180 224 80
180 224 81
180 224 82
180 224 83
180 224 84
180 224 85
180 224 86
180 224 87
180 224 88
180 224 89
180 224 90
180 224 91
180 224 93
180 224 94
181 193 80
181 193 81
181 193 82
181 193 83
181 193 88
181 193 89
181 193 90
181 193 91
181 193 92
181 193 93
181 193 94
181 193 95
181 194 81
181 194 82
181 194 83
181 194 84
181 194 85
181 194 87
181 194 88
181 194 89
181 194 91
181 194 93
181 194 94
181 194 95
181 195 80
181 195 81
181 195 82
181 195 83
181 195 84
181 195 85
181 195 86
181 195 87
181 195 88
181 195 89
181 195 90
181 195 91
181 195 93
181 195 94
181 195 95
181 196 80
181 196 81
181 196 82
181 196 83
181 196 84
181 196 85
181 196 86
181 196 87
181 196 88
181 196 89
181 196 90
181 196 91
181 196 92
181 196 93
181 196 94
181 196 95
181 197 80
181 197 81
181 197 82
181 197 83
181 197 84
181 197 85
181 197 86
181 197 87
181 197 88
181 197 89
181 197 90
181 197 91
181 197 92
181 197 93
181 197 94
181 197 95
181 198 80
181 198 81
181 198 82
181 198 83
181 198 84
181 198 85
181 198 86
181 198 87
181 198 88
181 198 89
181 198 90
181 198 91
181 198 92
181 198 93
181 198 94
181 198 95
181 199 80
181 199 81
181 199 82
181 199 83
181 199 84
181 199 85
181 199 86
181 199 87
181 199 88
181 199 89
181 199 90
181 199 91
181 199 92
181 199 93
181 199 94
181 199 95
181 200 80
181 200 81
181 200 82
181 200 83
181 200 84
181 200 85
181 200 86
181 200 87
181 200 88
181 200 89
181 200 90
181 200 91
181 200 92
181 200 93
181 200 94
181 200 95
181 201 80
181 201 81
181 201 82
181 201 83
181 201 84
181 201 85
181 201 86
181 201 87
181 201 88
181 201 89
181 201 90
181 201 91
181 201 92
181 201 93
181 201 94
181 201 95
181 202 80
181 202 81
181 202 82
181 202 83
181 202 84
181 202 85
181 202 86
181 202 87
181 202 88
181 202 89
181 202 90
181 202 91
181 202 92
181 202 93
181 202 94
181 202 95
181 203 80
181 203 81
181 203 82
181 203 83
181 203 84
181 203 85
181 203 86
181 203 87
181 203 88
181 203 89
181 203 90
181 203 91
181 203 92
181 203 93
181 203 94
181 203 95
181 204 80
181 204 81
181 204 82
181 204 83
181 204 84
181 204 85
181 204 86
181 204 87
181 204 88
181 204 89
181 204 90
181 204 91
181 204 92
181 204 93
181 204 94
181 204 95
181 205 81
181 205 82
181 205 83
181 205 84
181 205 85
181 205 86
181 205 87
181 205 88
181 205 90
181 205 91
181 205 92
181 205 93
181 205 94
181 205 95
181 206 82
181 206 83
181 206 84
181 206 85
181 206 86
181 206 87
181 206 88
181 206 89
181 206 92
181 206 93
181 206 94
181 206 95
181 207 85
181 207 86
181 207 87
181 207 88
181 207 89
181 207 95
181 208 87
181 211 84
181 212 81
181 212 83
181 212 84
181 212 85
181 213 80
181 213 81
181 213 82
181 213 83
181 213 84
181 213 85
181 213 86
181 213 87
181 214 81
181 214 83
181 214 84
181 214 85
181 214 86
181 214 87
181 214 88
181 214 89
181 214 90
181 214 91
181 215 80
181 215 81
181 215 82
181 215 83
181 215 84
181 215 85
181 215 86
181 215 87
181 215 88
181 215 91
181 216 80
181 216 81
181 216 82
181 216 83
181 216 84
181 216 85
181 216 86
181 216 87
181 216 88
181 216 89
181 216 90
181 216 91
181 216 92
181 216 93
181 217 80
181 217 81
181 217 82
181 217 83
181 217 84
181 217 85
181 217 86
181 217 87
181 217 88
181 217 89
181 217 90
181 217 91
181 217 92
181 218 80
181 218 81
181 218 82
181 218 83
181 218 84
181 218 85
181 218 86
181 218 87
181 218 88
181 218 89
181 218 90
181 218 91
181 218 92
181 218 94
181 219 80
181 219 81
181 219 82
181 219 83
181 219 84
181 219 85
181 219 86
181 219 87
181 219 88
181 219 89
181 219 90
181 219 91
181 219 92
181 219 93
181 219 94
181 219 95
181 220 80
181 220 81
181 220 82
181 220 83
181 220 84
181 220 85
181 220 86
181 220 87
181 220 88
181 220 89
181 220 90
181 220 91
181 220 92
181 220 93
181 220 94
181 220 95
181 221 80
181 221 81
181 221 82
181 221 83
181 221 84
181 221 85
181 221 86
181 221 87
181 221 88
181 221 89
181 221 90
181 221 91
181 221 92
181 221 93
181 221 94
181 221 95
181 222 80
181 222 81
181 222 82
181 222 83
181 222 84
181 222 85
181 222 86
181 222 87
181 222 88
181 222 89
181 222 90
181 222 91
181 222 92
181 222 93
181 222 94
181 222 95
181 223 80
181 223 81
181 223 82
181 223 83
181 223 84
181 223 85
181 223 86
181 223 87
181 223 88
181 223 89
181 223 90
181 223 91
181 223 92
181 223 93
181 223 94
181 223 95
181 224 80
181 224 81
181 224 82
181 224 83
181 224 84
181 224 85
181 224 86
181 224 87
181 224 88
181 224 89
181 224 90
181 224 91
181 224 92
181 224 93
181 224 94
181 224 95
182 193 82
182 193 84
182 193 85
182 193 86
182 193 87
182 193 88
182 193 89
182 193 90
182 194 80
182 194 81
182 194 82
182 194 83
182 194 84
182 194 85
182 194 86
182 194 87
182 194 88
182 194 89
182 194 90
182 194 92
182 194 93
182 194 95
182 195 80
182 195 81
182 195 82
182 195 83
182 195 84
182 195 85
182 195 86
182 195 87
182 195 88
182 195 89
182 195 90
182 195 91
182 195 92
182 195 93
182 195 94
182 195 95
182 196 80
182 196 81
182 196 82
182 196 83
182 196 84
182 196 85
182 196 86
182 196 87
182 196 88
182 196 89
182 196 90
182 196 91
182 196 92
182 196 93
182 196 94
182 196 95
182 197 80
182 197 81
182 197 82
182 197 83
182 197 84
182 197 85
182 197 86
182 197 87
182 197 88
182 197 89
182 197 90
182 197 91
182 197 92
182 197 93
182 197 94
182 197 95
182 198 80
182 198 81
182 198 82
182 198 83
182 198 84
182 198 85
182 198 86
182 198 87
182 198 88
182 198 89
182 198 90
182 198 91
182 198 92
182 198 93
182 198 94
182 198 95
182 199 80
182 199 81
182 199 82
182 199 83
182 199 84
182 199 85
182 199 86
182 199 87
182 199 88
182 199 89
182 199 90
182 199 91
182 199 92
182 199 93
182 199 94
182 199 95
182 200 80
182 200 81
182 200 82
182 200 83
182 200 84
182 200 85
182 200 86
182 200 87
182 200 88
182 200 89
182 200 90
182 200 91
182 200 92
182 200 93
182 200 94
182 200 95
182 201 80
182 201 81
182 201 82
182 201 83
182 201 84
182 201 85
182 201 86
182 201 87
182 201 88
182 201 89
182 201 90
182 201 91
182 201 92
182 201 93
182 201 94
182 201 95
182 202 80
182 202 81
182 202 82
182 202 83
182 202 84
182 202 85
182 202 86
182 202 87
182 202 88
182 202 89
182 202 90
182 202 91
182 202 92
182 202 93
182 202 94
182 202 95
182 203 81
182 203 82
182 203 83
182 203 84
182 203 85
182 203 86
182 203 87
182 203 88
182 203 89
182 203 90
182 203 91
182 203 92
182 203 93
182 203 94
182 203 95
182 204 80
182 204 81
182 204 82
182 204 83
182 204 84
182 204 85
182 204 86
182 204 87
182 204 88
182 204 89
182 204 90
182 204 91
182 204 92
182 204 93
182 204 94
182 204 95
182 205 81
182 205 82
182 205 83
182 205 84
182 205 85
182 205 86
182 205 87
182 205 88
182 205 90
182 205 91
182 205 92
182 205 93
182 205 95
182 206 82
182 206 84
182 206 85
182 206 86
182 206 87
182 206 88
182 207 86
182 207 87
182 207 88
182 208 87
182 209 87
182 211 82
182 211 86
182 212 80
182 212 81
182 212 82
182 212 83
182 212 84
182 212 85
182 212 86
182 213 80
182 213 81
182 213 82
182 213 83
182 213 84
182 213 85
182 213 86
182 214 80
182 214 81
182 214 82
182 214 83
182 214 84
182 214 85
182 214 86
182 214 87
182 214 88
182 214 89
182 215 80
182 215 81
182 215 82
182 215 83
182 215 84
182 215 85
182 215 86
182 215 87
182 215 88
182 215 89
182 215 92
182 215 93
182 216 80
182 216 81
182 216 82
182 216 83
182 216 84
182 216 85
182 216 86
182 216 87
182 216 88
182 216 89
182 216 90
182 216 91
182 216 92
182 216 93
182 216 94
182 217 80
182 217 81
182 217 82
182 217 83
182 217 84
182 217 85
182 217 86
182 217 87
182 217 88
182 217 89
182 217 90
182 217 91
182 217 92
182 217 93
182 218 80
182 218 81
182 218 82
182 218 83
182 218 84
182 218 85
182 218 86
182 218 87
182 218 88
182 218 89
182 218 90
182 218 91
182 218 92
182 218 93
182 219 80
182 219 81
182 219 82
182 219 83
182 219 84
182 219 85
182 219 86
182 219 87
182 219 88
182 219 89
182 219 90
182 219 91
182 219 92
182 219 93
182 219 95
182 220 80
182 220 81
182 220 82
182 220 83
182 220 84
182 220 85
182 220 86
182 220 87
182 220 88
182 220 89
182 220 90
182 220 91
182 220 92
182 220 93
182 220 94
182 220 95
182 221 80
182 221 81
182 221 82
182 221 83
182 221 84
182 221 85
182 221 86
182 221 87
182 221 88
182 221 89
182 221 90
182 221 91
182 221 93
182 221 94
182 221 95
182 222 80
182 222 81
182 222 82
182 222 83
182 222 84
182 222 85
182 222 86
182 222 87
182 222 88
182 222 89
182 222 90
182 222 91
182 222 92
182 222 93
182 222 94
182 223 80
182 223 81
182 223 82
182 223 83
182 223 84
182 223 85
182 223 86
182 223 87
182 223 88
182 223 89
182 223 90
182 223 91
182 223 92
182 223 93
182 223 94
182 223 95
182 224 80
182 224 81
182 224 82
182 224 83
182 224 84
182 224 85
182 224 86
182 224 87
182 224 88
182 224 89
182 224 90
182 224 91
182 224 92
182 224 93
182 224 94
182 224 95
183 193 82
183 193 85
183 193 87
183 193 88
183 193 90
183 194 81
183 194 82
183 194 83
183 194 84
183 194 85
183 194 86
183 194 87
183 194 88
183 194 90
183 194 93
183 195 80
183 195 81
183 195 82
183 195 83
183 195 84
183 195 85
183 195 86
183 195 87
183 195 88
183 195 89
183 195 90
183 195 92
183 195 94
183 196 80
183 196 81
183 196 82
183 196 83
183 196 84
183 196 85
183 196 86
183 196 87
183 196 88
183 196 89
183 196 90
183 196 91
183 196 92
183 196 93
183 196 94
183 196 95
183 197 81
183 197 82
183 197 83
183 197 84
183 197 85
183 197 86
183 197 87
183 197 88
183 197 89
183 197 90
183 197 91
183 197 92
183 197 93
183 197 94
183 197 95
183 198 80
183 198 81
183 198 82
183 198 83
183 198 84
183 198 85
183 198 86
183 198 87
183 198 88
183 198 89
183 198 90
183 198 91
183 198 92
183 198 93
183 198 94
183 198 95
183 199 80
183 199 81
183 199 82
183 199 83
183 199 84
183 199 85
183 199 86
183 199 87
183 199 88
183 199 89
183 199 90
183 199 91
183 199 92
183 199 93
183 199 94
183 199 95
183 200 80
183 200 81
183 200 82
183 200 83
183 200 84
183 200 85
183 200 86
183 200 87
183 200 88
183 200 89
183 200 91
183 200 92
183 200 93
183 200 94
183 200 95
183 201 80
183 201 81
183 201 82
183 201 83
183 201 84
183 201 85
183 201 86
183 201 87
183 201 88
183 201 89
183 201 90
183 201 91
183 201 92
183 201 93
183 201 94
183 201 95
183 202 80
183 202 81
183 202 82
183 202 83
183 202 84
183 202 85
183 202 86
183 202 87
183 202 88
183 202 89
183 202 90
183 202 91
183 202 92
183 202 93
183 202 94
183 202 95
183 203 82
183 203 83
183 203 84
183 203 85
183 203 86
183 203 87
183 203 88
183 203 89
183 203 90
183 203 91
183 203 92
183 203 93
183 203 94
183 203 95
183 204 83
183 204 84
183 204 85
183 204 87
183 204 89
183 204 90
183 204 91
183 204 92
183 204 93
183 204 94
183 204 95
183 205 81
183 205 85
183 205 86
183 205 87
183 205 88
183 205 91
183 205 92
183 205 94
183 205 95
183 206 86
183 206 94
183 207 86
183 207 87
183 207 88
183 207 94
183 208 86
183 211 80
183 211 85
183 212 80
183 212 81
183 212 82
183 212 83
183 212 84
183 212 85
183 213 80
183 213 81
183 213 82
183 213 83
183 213 84
183 213 85
183 214 80
183 214 81
183 214 82
183 214 83
183 214 84
183 214 85
183 214 86
183 214 88
183 214 91
183 215 80
183 215 81
183 215 82
183 215 83
183 215 84
183 215 85
183 215 86
183 215 87
183 215 88
183 215 89
183 215 90
183 215 91
183 216 80
183 216 81
183 216 82
183 216 83
183 216 84
183 216 85
183 216 86
183 216 87
183 216 88
183 216 89
183 216 90
183 216 91
183 216 92
183 217 80
183 217 81
183 217 82
183 217 83
183 217 84
183 217 85
183 217 86
183 217 87
183 217 88
183 217 89
183 217 90
183 217 92
183 217 93
183 218 80
183 218 81
183 218 82
183 218 83
183 218 84
183 218 85
183 218 86
183 218 87
183 218 88
183 218 89
183 218 90
183 218 91
183 218 92
183 218 93
183 219 80
183 219 81
183 219 82
183 219 83
183 219 84
183 219 85
183 219 86
183 219 87
183 219 88
183 219 89
183 219 90
183 219 91
183 219 92
183 219 93
183 219 95
183 220 80
183 220 81
183 220 82
183 220 83
183 220 84
183 220 85
183 220 86
183 220 87
183 220 88
183 220 89
183 220 90
183 220 91
183 220 92
183 220 93
183 220 94
183 220 95
183 221 80
183 221 81
183 221 82
183 221 83
183 221 84
183 221 85
183 221 86
183 221 87
183 221 88
183 221 89
183 221 90
183 221 91
183 221 92
183 221 93
183 221 94
183 221 95
183 222 80
183 222 81
183 222 82
183 222 83
183 222 84
183 222 85
183 222 86
183 222 87
183 222 88
183 222 89
183 222 90
183 222 91
183 222 92
183 222 93
183 222 94
183 222 95
183 223 80
183 223 81
183 223 82
183 223 83
183 223 84
183 223 85
183 223 86
183 223 87
183 223 89
183 223 90
183 223 91
183 223 92
183 223 93
183 223 94
183 223 95
183 224 80
183 224 81
183 224 82
183 224 83
183 224 84
183 224 85
183 224 86
183 224 87
183 224 88
183 224 89
183 224 90
183 224 91
183 224 92
183 224 93
183 224 94
183 224 95
184 193 81
184 193 82
184 193 83
184 193 89
184 194 81
184 194 82
184 194 83
184 194 84
184 194 88
184 194 89
184 194 90
184 195 81
184 195 82
184 195 83
184 195 84
184 195 85
184 195 87
184 195 88
184 195 89
184 195 90
184 196 80
184 196 81
184 196 82
184 196 83
184 196 84
184 196 85
184 196 86
184 196 87
184 196 88
184 196 89
184 196 90
184 196 92
184 196 93
184 196 94
184 196 95
184 197 80
184 197 81
184 197 82
184 197 83
184 197 84
184 197 85
184 197 86
184 197 87
184 197 88
184 197 89
184 197 90
184 197 91
184 197 92
184 197 93
184 197 94
184 198 80
184 198 81
184 198 82
184 198 83
184 198 84
184 198 85
184 198 86
184 198 87
184 198 88
184 198 89
184 198 90
184 198 91
184 198 92
184 198 93
184 198 94
184 198 95
184 199 81
184 199 82
184 199 83
184 199 84
184 199 85
184 199 86
184 199 87
184 199 88
184 199 89
184 199 90
184 199 91
184 199 92
184 199 93
184 199 94
184 199 95
184 200 80
184 200 81
184 200 82
184 200 83
184 200 84
184 200 85
184 200 86
184 200 87
184 200 88
184 200 90
184 200 91
184 200 92
184 200 93
184 200 94
184 200 95
184 201 80
184 201 81
184 201 82
184 201 83
184 201 84
184 201 85
184 201 86
184 201 87
184 201 88
184 201 89
184 201 90
184 201 91
184 201 92
184 201 93
184 201 94
184 201 95
184 202 81
184 202 82
184 202 83
184 202 84
184 202 85
184 202 86
184 202 87
184 202 88
184 202 89
184 202 90
184 202 91
184 202 92
184 202 93
184 202 94
184 202 95
184 203 82
184 203 83
184 203 84
184 203 85
184 203 86
184 203 87
184 203 88
184 203 89
184 203 90
184 203 91
184 203 92
184 203 93
184 203 94
184 203 95
184 204 84
184 204 86
184 204 87
184 204 88
184 204 90
184 204 91
184 204 92
184 204 93
184 204 94
184 204 95
184 205 85
184 205 86
184 205 87
184 205 88
184 205 89
184 205 91
184 205 92
184 205 93
184 205 94
184 206 85
184 206 86
184 206 87
184 206 88
184 206 92
184 207 87
184 211 80
184 211 81
184 212 80
184 212 83
184 213 80
184 213 81
184 213 82
184 213 83
184 213 84
184 213 86
184 213 87
184 214 80
184 214 81
184 214 83
184 214 84
184 214 86
184 214 87
184 215 80
184 215 81
184 215 82
184 215 83
184 215 84
184 215 85
184 215 86
184 215 87
184 215 88
184 215 89
184 215 90
184 216 80
184 216 81
184 216 82
184 216 83
184 216 84
184 216 85
184 216 86
184 216 87
184 216 88
184 216 89
184 216 90
184 217 80
184 217 81
184 217 82
184 217 83
184 217 84
184 217 85
184 217 86
184 217 87
184 217 88
184 217 89
184 217 90
184 217 91
184 217 92
184 218 80
184 218 81
184 218 82
184 218 83
184 218 84
184 218 85
184 218 86
184 218 87
184 218 88
184 218 89
184 218 90
184 218 91
184 218 92
184 218 94
184 219 80
184 219 81
184 219 82
184 219 83
184 219 84
184 219 85
184 219 87
184 219 88
184 219 89
184 219 90
184 219 91
184 219 92
184 219 93
184 219 94
184 219 95
184 220 80
184 220 81
184 220 82
184 220 83
184 220 84
184 220 85
184 220 86
184 220 87
184 220 88
184 220 89
184 220 90
184 220 92
184 220 93
184 220 94
184 220 95
184 221 80
184 221 81
184 221 82
184 221 83
184 221 84
184 221 85
184 221 86
184 221 87
184 221 88
184 221 89
184 221 90
184 221 91
184 221 92
184 221 93
184 221 94
184 221 95
184 222 80
184 222 81
184 222 82
184 222 83
184 222 84
184 222 85
184 222 86
184 222 87
184 222 88
184 222 89
184 222 90
184 222 91
184 222 92
184 222 93
184 222 94
184 222 95
184 223 80
184 223 81
184 223 82
184 223 83
184 223 84
184 223 85
184 223 86
184 223 88
184 223 89
184 223 90
184 223 91
184 223 92
184 223 93
184 223 94
184 223 95
184 224 80
184 224 81
184 224 82
184 224 83
184 224 84
184 224 85
184 224 86
184 224 87
184 224 88
184 224 89
184 224 90
184 224 91
184 224 92
184 224 93
184 224 94
184 224 95
185 193 82
185 194 81
185 194 82
185 194 84
185 194 85
185 194 86
185 194 89
185 195 82
185 195 83
185 195 85
185 195 86
185 195 88
185 195 89
185 196 80
185 196 82
185 196 83
185 196 84
185 196 85
185 196 86
185 196 89
185 196 90
185 197 81
185 197 82
185 197 83
185 197 84
185 197 85
185 197 87
185 197 88
185 197 89
185 197 90
185 197 91
185 197 92
185 197 93
185 198 80
185 198 81
185 198 82
185 198 83
185 198 84
185 198 85
185 198 88
185 198 89
185 198 91
185 198 92
185 198 93
185 199 80
185 199 81
185 199 82
185 199 83
185 199 85
185 199 86
185 199 88
185 199 89
185 199 90
185 199 91
185 199 92
185 199 93
185 199 94
185 199 95
185 200 80
185 200 81
185 200 82
185 200 83
185 200 84
185 200 86
185 200 88
185 200 89
185 200 90
185 200 91
185 200 92
185 200 93
185 200 94
185 200 95
185 201 80
185 201 81
185 201 82
185 201 83
185 201 85
185 201 87
185 201 88
185 201 89
185 201 90
185 201 91
185 201 92
185 201 93
185 201 94
185 201 95
185 202 82
185 202 86
185 202 87
185 202 88
185 202 89
185 202 90
185 202 91
185 202 92
185 202 93
185 202 94
185 202 95
185 203 84
185 203 85
185 203 87
185 203 88
185 203 89
185 203 90
185 203 91
185 203 92
185 203 93
185 203 95
185 204 84
185 204 85
185 204 86
185 204 87
185 204 88
185 204 89
185 204 90
185 204 91
185 204 92
185 204 93
185 204 94
185 205 85
185 205 86
185 205 87
185 205 92
185 205 93
185 206 86
185 206 92
185 210 80
185 210 82
185 211 80
185 211 81
185 211 82
185 212 80
185 212 81
185 212 82
185 212 83
185 213 80
185 213 81
185 213 82
185 213 83
185 214 80
185 214 81
185 214 82
185 214 83
185 214 84
185 214 85
185 214 86
185 214 87
185 215 80
185 215 81
185 215 82
185 215 83
185 215 84
185 215 85
185 216 80
185 216 81
185 216 82
185 216 83
185 216 84
185 216 85
185 216 86
185 216 87
185 216 89
185 216 90
185 217 80
185 217 81
185 217 82
185 217 83
185 217 84
185 217 85
185 217 86
185 217 87
185 217 88
185 217 89
185 217 90
185 217 92
185 218 80
185 218 81
185 218 82
185 218 83
185 218 84
185 218 85
185 218 86
185 218 87
185 218 88
185 218 89
185 218 90
185 218 91
185 218 92
185 219 80
185 219 81
185 219 82
185 219 83
185 219 84
185 219 85
185 219 86
185 219 87
185 219 88
185 219 89
185 219 90
185 219 91
185 219 92
185 219 93
185 220 80
185 220 81
185 220 82
185 220 83
185 220 84
185 220 85
185 220 86
185 220 87
185 220 88
185 220 89
185 220 90
185 220 91
185 220 92
185 220 93
185 220 94
185 220 95
185 221 80
185 221 81
185 221 82
185 221 83
185 221 84
185 221 85
185 221 86
185 221 87
185 221 88
185 221 89
185 221 90
185 221 91
185 221 92
185 221 93
185 221 94
185 221 95
185 222 80
185 222 81
185 222 82
185 222 83
185 222 84
185 222 85
185 222 86
185 222 87
185 222 88
185 222 89
185 222 90
185 222 91
185 222 92
185 222 93
185 222 94
185 222 95
185 223 80
185 223 81
185 223 82
185 223 83
185 223 84
185 223 85
185 223 86
185 223 87
185 223 88
185 223 89
185 223 90
185 223 91
185 223 92
185 223 93
185 223 94
185 223 95
185 224 80
185 224 81
185 224 82
185 224 83
185 224 84
185 224 85
185 224 86
185 224 87
185 224 88
185 224 89
185 224 90
185 224 91
185 224 92
185 224 93
185 224 94
185 224 95
186 193 82
186 194 82
186 194 84
186 195 82
186 195 85
186 196 81
186 196 82
186 196 83
186 196 84
186 196 85
186 196 86
186 197 80
186 197 81
186 197 82
186 197 83
186 197 84
186 197 85
186 197 88
186 197 92
186 198 82
186 198 83
186 198 84
186 198 90
186 198 91
186 198 92
186 199 80
186 199 81
186 199 83
186 199 84
186 199 85
186 199 90
186 199 91
186 199 92
186 199 93
186 199 94
186 199 95
186 200 82
186 200 83
186 200 84
186 200 89
186 200 90
186 200 92
186 200 93
186 201 81
186 201 82
186 201 83
186 201 87
186 201 90
186 201 92
186 201 93
186 201 94
186 202 82
186 202 87
186 202 88
186 202 89
186 202 90
186 202 92
186 202 94
186 202 95
186 203 87
186 203 89
186 203 90
186 203 91
186 203 93
186 203 94
186 204 86
186 204 87
186 204 88
186 204 92
186 204 93
186 205 86
186 205 93
186 209 80
186 211 80
186 211 82
186 212 80
186 213 80
186 213 81
186 213 82
186 214 80
186 214 81
186 214 82
186 214 83
186 214 84
186 214 85
186 215 80
186 215 81
186 215 82
186 215 83
186 215 84
186 215 85
186 215 86
186 216 80
186 216 81
186 216 82
186 216 83
186 216 84
186 216 85
186 216 87
186 217 80
186 217 81
186 217 82
186 217 83
186 217 84
186 217 85
186 217 86
186 217 87
186 217 89
186 217 90
186 218 80
186 218 81
186 218 82
186 218 83
186 218 84
186 218 85
186 218 86
186 218 87
186 218 89
186 219 80
186 219 81
186 219 82
186 219 83
186 219 84
186 219 85
186 219 86
186 219 87
186 219 88
186 219 89
186 219 90
186 219 91
186 220 80
186 220 81
186 220 82
186 220 83
186 220 84
186 220 85
186 220 86
186 220 87
186 220 88
186 220 89
186 220 90
186 220 91
186 220 92
186 220 93
186 221 80
186 221 81
186 221 82
186 221 83
186 221 84
186 221 85
186 221 86
186 221 87
186 221 88
186 221 89
186 221 90
186 221 91
186 221 92
186 221 93
186 221 95
186 222 80
186 222 81
186 222 82
186 222 83
186 222 84
186 222 85
186 222 86
186 222 87
186 222 88
186 222 90
186 222 91
186 222 92
186 222 93
186 222 94
186 222 95
186 223 80
186 223 81
186 223 82
186 223 83
186 223 84
186 223 85
186 223 86
186 223 87
186 223 88
186 223 89
186 223 90
186 223 91
186 223 92
186 223 93
186 223 94
186 224 80
186 224 81
186 224 82
186 224 83
186 224 84
186 224 85
186 224 86
186 224 87
186 224 88
186 224 89
186 224 90
186 224 91
186 224 92
186 224 93
186 224 94
186 224 95
187 195 82
187 195 85
187 196 82
187 196 85
187 196 86
187 197 81
187 197 82
187 197 83
187 197 84
187 197 85
187 197 88
187 197 92
187 198 82
187 198 84
187 198 91
187 198 92
187 199 83
187 199 85
187 199 90
187 199 91
187 199 92
187 199 93
187 199 94
187 200 82
187 200 91
187 200 92
187 200 93
187 200 94
187 201 91
187 201 92
187 201 93
187 202 91
187 202 92
187 202 93
187 203 92
187 203 93
187 204 93
187 209 80
187 210 80
187 211 80
187 212 80
187 212 81
187 213 80
187 213 81
187 213 82
187 213 83
187 213 84
187 214 80
187 214 81
187 214 82
187 214 83
187 214 84
187 214 85
187 215 80
187 215 81
187 215 82
187 215 83
187 215 84
187 216 80
187 216 81
187 216 82
187 216 83
187 216 84
187 216 85
187 216 86
187 216 87
187 217 80
187 217 81
187 217 82
187 217 83
187 217 84
187 217 85
187 217 86
187 217 87
187 217 89
187 218 80
187 218 81
187 218 82
187 218 83
187 218 84
187 218 85
187 218 86
187 218 87
187 218 88
187 218 91
187 219 80
187 219 81
187 219 82
187 219 83
187 219 84
187 219 85
187 219 86
187 219 87
187 219 88
187 219 89
187 219 91
187 219 92
187 220 80
187 220 81
187 220 82
187 220 83
187 220 84
187 220 85
187 220 86
187 220 87
187 220 89
187 220 90
187 220 91
187 220 92
187 221 80
187 221 81
187 221 82
187 221 83
187 221 84
187 221 85
187 221 87
187 221 89
187 221 90
187 221 91
187 221 92
187 221 93
187 221 94
187 221 95
187 222 80
187 222 81
187 222 82
187 222 83
187 222 84
187 222 85
187 222 86
187 222 87
187 222 88
187 222 89
187 222 90
187 222 91
187 222 92
187 222 93
187 222 94
187 222 95
187 223 80
187 223 81
187 223 82
187 223 83
187 223 84
187 223 85
187 223 86
187 223 87
187 223 88
187 223 89
187 223 90
187 223 91
187 223 92
187 223 93
187 223 94
187 224 80
187 224 81
187 224 82
187 224 83
187 224 84
187 224 85
187 224 86
187 224 87
187 224 88
187 224 89
187 224 90
187 224 91
187 224 92
187 224 93
187 224 94
187 224 95
188 197 82
188 198 92
188 199 91
188 200 91
188 200 92
188 201 91
188 201 92
188 202 92
188 209 80
188 209 81
188 211 80
188 211 81
188 212 80
188 212 81
188 212 83
188 212 84
188 213 80
188 213 81
188 213 82
188 213 83
188 213 84
188 214 80
188 214 81
188 214 82
188 214 83
188 214 84
188 214 85
188 215 80
188 215 81
188 215 82
188 215 83
188 215 84
188 215 86
188 216 80
188 216 81
188 216 82
188 216 83
188 216 84
188 216 86
188 216 87
188 216 88
188 216 89
188 217 80
188 217 81
188 217 82
188 217 83
188 217 84
188 217 85
188 217 86
188 217 87
188 217 88
188 217 89
188 218 80
188 218 81
188 218 82
188 218 83
188 218 84
188 218 85
188 218 86
188 218 87
188 218 88
188 218 89
188 219 80
188 219 81
188 219 82
188 219 83
188 219 84
188 219 85
188 219 86
188 219 91
188 220 80
188 220 81
188 220 82
188 220 83
188 220 84
188 220 85
188 220 86
188 220 88
188 220 90
188 220 91
188 220 92
188 220 93
188 221 80
188 221 81
188 221 82
188 221 83
188 221 84
188 221 85
188 221 86
188 221 87
188 221 88
188 221 89
188 221 90
188 221 91
188 221 92
188 221 93
188 221 95
188 222 80
188 222 81
188 222 82
188 222 83
188 222 84
188 222 85
188 222 86
188 222 87
188 222 88
188 222 89
188 222 90
188 222 91
188 222 93
188 222 94
188 222 95
188 223 80
188 223 81
188 223 82
188 223 83
188 223 84
188 223 85
188 223 86
188 223 87
188 223 88
188 223 89
188 223 90
188 223 91
188 223 92
188 223 93
188 223 94
188 223 95
188 224 80
188 224 81
188 224 82
188 224 83
188 224 84
188 224 86
188 224 87
188 224 88
188 224 89
188 224 90
188 224 91
188 224 92
188 224 93
188 224 94
188 224 95
189 207 80
189 208 80
189 208 81
189 209 80
189 209 81
189 209 82
189 210 80
189 211 80
189 211 81
189 211 82
189 212 80
189 212 81
189 213 80
189 213 81
189 213 82
189 213 83
189 214 80
189 214 81
189 214 82
189 214 83
189 215 80
189 215 81
189 215 82
189 215 83
189 215 84
189 216 80
189 216 81
189 216 82
189 216 83
189 216 84
189 216 85
189 216 86
189 216 87
189 217 80
189 217 81
189 217 82
189 217 83
189 217 84
189 217 85
189 217 87
189 217 88
189 217 89
189 218 80
189 218 81
189 218 82
189 218 83
189 218 84
189 218 85
189 218 86
189 218 87
189 218 88
189 219 80
189 219 81
189 219 82
189 219 83
189 219 84
189 219 85
189 219 86
189 219 87
189 220 80
189 220 81
189 220 82
189 220 83
189 220 84
189 220 85
189 220 86
189 221 80
189 221 81
189 221 82
189 221 83
189 221 84
189 221 85
189 221 86
189 221 87
189 221 88
189 221 91
189 221 93
189 221 94
189 222 80
189 222 81
189 222 82
189 222 83
189 222 84
189 222 85
189 222 86
189 222 87
189 222 88
189 222 89
189 222 93
189 222 94
189 223 80
189 223 81
189 223 82
189 223 83
189 223 84
189 223 85
189 223 86
189 223 87
189 223 88
189 223 89
189 223 90
189 223 93
189 224 80
189 224 81
189 224 82
189 224 83
189 224 84
189 224 85
189 224 86
189 224 87
189 224 88
189 224 89
189 224 90
189 224 91
189 224 92
189 224 93
189 224 94
189 224 95
190 208 80
190 209 80
190 210 80
190 210 81
190 211 80
190 211 81
190 212 80
190 212 81
190 212 82
190 213 80
190 213 81
190 213 82
190 213 83
190 213 84
190 214 80
190 214 81
190 214 82
190 214 83
190 214 84
190 214 85
190 214 86
190 215 80
190 215 81
190 215 82
190 215 83
190 215 84
190 215 85
190 215 86
190 215 87
190 216 80
190 216 81
190 216 82
190 216 83
190 216 84
190 216 85
190 216 86
190 217 80
190 217 81
190 217 82
190 217 83
190 217 84
190 217 85
190 217 87
190 218 80
190 218 81
190 218 82
190 218 83
190 218 84
190 218 85
190 218 86
190 218 87
190 219 80
190 219 81
190 219 82
190 219 83
190 219 84
190 219 85
190 220 80
190 220 81
190 220 82
190 220 83
190 220 84
190 220 85
190 220 86
190 220 87
190 220 88
190 221 80
190 221 81
190 221 82
190 221 83
190 221 84
190 221 85
190 221 86
190 221 87
190 221 88
190 221 93
190 222 80
190 222 81
190 222 82
190 222 83
190 222 84
190 222 85
190 222 86
190 222 87
190 222 88
190 222 93
190 222 94
190 223 80
190 223 81
190 223 82
190 223 83
190 223 84
190 223 85
190 223 86
190 223 87
190 223 88
190 223 89
190 223 91
190 223 92
190 223 93
190 224 80
190 224 81
190 224 82
190 224 83
190 224 84
190 224 85
190 224 86
190 224 89
190 224 93
190 224 94
191 210 80
191 211 80
191 211 82
191 212 80
191 212 82
191 213 80
191 213 81
191 213 82
191 213 83
191 213 85
191 214 80
191 214 81
191 214 82
191 214 83
191 214 84
191 214 85
191 215 80
191 215 81
191 215 82
191 215 83
191 215 84
191 215 85
191 216 80
191 216 81
191 216 82
191 216 83
191 216 84
191 216 85
191 216 86
191 216 87
191 217 80
191 217 81
191 217 82
191 217 83
191 217 84
191 217 85
191 218 80
191 218 81
191 218 82
191 218 83
191 218 84
191 218 85
191 218 86
191 219 80
191 219 81
191 219 82
191 219 83
191 219 84
191 219 85
191 219 86
191 220 80
191 220 81
191 220 82
191 220 83
191 220 84
191 220 85
191 220 86
191 220 87
191 221 80
191 221 81
191 221 82
191 221 83
191 221 84
191 221 85
191 221 86
191 222 80
191 222 81
191 222 82
191 222 83
191 222 84
191 222 85
191 222 86
191 222 87
191 223 80
191 223 81
191 223 82
191 223 83
191 223 84
191 223 85
191 223 86
191 223 88
191 223 93
191 224 80
191 224 81
191 224 82
191 224 83
191 224 84
191 224 85
191 224 94
176 225 80
176 225 81
176 225 82
176 225 83
176 225 84
176 225 85
176 225 86
176 225 87
176 225 88
176 225 89
176 225 90
176 225 91
176 225 92
176 225 93
176 225 94
176 226 80
176 226 81
176 226 82
176 226 83
176 226 84
176 226 85
176 226 86
176 226 87
176 226 88
176 226 89
176 226 90
176 226 91
176 226 92
176 226 93
176 227 80
176 227 81
176 227 82
176 227 83
176 227 84
176 227 85
176 227 86
176 227 87
176 227 88
176 227 89
176 227 90
176 227 91
176 227 92
176 227 93
176 228 80
176 228 81
176 228 83
176 228 84
176 228 87
176 228 88
176 228 89
176 228 90
176 228 91
176 228 92
176 228 93
176 229 81
176 229 82
176 229 87
176 229 88
176 229 89
176 229 90
176 229 91
176 230 82
176 230 88
177 225 80
177 225 81
177 225 82
177 225 83
177 225 84
177 225 85
177 225 86
177 225 87
177 225 88
177 225 89
177 225 90
177 225 91
177 225 92
177 225 93
177 225 94
177 226 80
177 226 81
177 226 83
177 226 84
177 226 85
177 226 86
177 226 87
177 226 88
177 226 89
177 226 90
177 226 91
177 226 94
177 226 95
177 227 80
177 227 81
177 227 82
177 227 83
177 227 84
177 227 85
177 227 86
177 227 87
177 227 88
177 227 89
177 227 90
177 227 91
177 228 80
177 228 83
177 228 84
177 228 86
177 228 87
177 228 88
177 228 89
177 228 91
177 228 92
177 229 84
177 229 88
177 229 89
177 229 91
177 230 89
178 225 80
178 225 81
178 225 82
178 225 83
178 225 84
178 225 85
178 225 86
178 225 87
178 225 88
178 225 89
178 225 90
178 225 91
178 225 93
178 225 94
178 225 95
178 226 80
178 226 82
178 226 83
178 226 84
178 226 85
178 226 86
178 226 87
178 226 88
178 226 89
178 226 90
178 226 91
178 226 92
178 226 93
178 227 80
178 227 81
178 227 82
178 227 83
178 227 84
178 227 85
178 227 86
178 227 87
178 227 88
178 227 89
178 227 90
178 227 91
178 227 92
178 228 80
178 228 81
178 228 83
178 228 84
178 228 85
178 228 87
178 228 88
178 228 89
178 228 90
178 229 80
178 229 81
178 229 82
178 229 84
178 229 89
178 230 80
178 230 84
179 225 80
179 225 81
179 225 82
179 225 84
179 225 85
179 225 87
179 225 88
179 225 89
179 225 90
179 225 91
179 225 93
179 226 80
179 226 81
179 226 82
179 226 83
179 226 84
179 226 85
179 226 87
179 226 88
179 226 91
179 226 92
179 226 93
179 227 80
179 227 81
179 227 82
179 227 83
179 227 84
179 227 85
179 227 86
179 227 87
179 227 88
179 227 89
179 228 80
179 228 81
179 228 82
179 228 83
179 228 84
179 228 85
179 228 86
179 228 87
179 228 92
179 229 80
179 229 81
179 229 83
179 229 84
179 229 85
179 230 80
179 230 84
180 225 80
180 225 81
180 225 82
180 225 83
180 225 84
180 225 85
180 225 86
180 225 87
180 225 88
180 225 89
180 225 90
180 225 91
180 225 92
180 225 93
180 225 94
180 225 95
180 226 80
180 226 81
180 226 82
180 226 83
180 226 84
180 226 85
180 226 86
180 226 88
180 226 89
180 226 90
180 226 91
180 226 92
180 226 93
180 226 94
180 226 95
180 227 80
180 227 81
180 227 82
180 227 83
180 227 84
180 227 85
180 227 86
180 227 90
180 227 91
180 227 92
180 227 93
180 228 80
180 228 81
180 228 82
180 228 83
180 228 84
180 228 86
180 228 91
180 228 92
180 229 80
180 229 81
180 229 84
180 229 85
180 229 92
180 230 80
180 230 85
181 225 80
181 225 81
181 225 82
181 225 83
181 225 84
181 225 85
181 225 86
181 225 87
181 225 88
181 225 89
181 225 90
181 225 91
181 225 92
181 225 93
181 225 94
181 225 95
181 226 80
181 226 81
181 226 82
181 226 83
181 226 84
181 226 85
181 226 86
181 226 88
181 226 89
181 226 90
181 226 91
181 226 92
181 226 93
181 226 94
181 226 95
181 227 80
181 227 81
181 227 82
181 227 83
181 227 84
181 227 85
181 227 86
181 227 87
181 227 88
181 227 90
181 227 91
181 227 92
181 227 93
181 227 94
181 227 95
181 228 80
181 228 81
181 228 82
181 228 83
181 228 84
181 228 90
181 228 91
181 228 92
181 228 93
181 229 80
181 229 81
181 229 83
181 229 85
181 229 91
181 229 92
181 229 93
182 225 80
182 225 81
182 225 82
182 225 83
182 225 84
182 225 85
182 225 86
182 225 87
182 225 88
182 225 89
182 225 90
182 225 91
182 225 92
182 225 93
182 225 94
182 225 95
182 226 80
182 226 81
182 226 82
182 226 83
182 226 84
182 226 85
182 226 86
182 226 87
182 226 88
182 226 90
182 226 91
182 226 92
182 226 93
182 226 94
182 226 95
182 227 80
182 227 81
182 227 82
182 227 83
182 227 85
182 227 89
182 227 90
182 227 91
182 227 92
182 227 93
182 227 94
182 227 95
182 228 80
182 228 81
182 228 82
182 228 83
182 228 85
182 228 86
182 228 90
182 228 91
182 228 92
182 228 93
182 228 94
182 229 80
182 229 81
182 229 82
182 229 93
182 230 80
182 230 93
183 225 80
183 225 81
183 225 82
183 225 83
183 225 84
183 225 85
183 225 86
183 225 87
183 225 89
183 225 90
183 225 91
183 225 92
183 225 93
183 225 94
183 225 95
183 226 80
183 226 81
183 226 82
183 226 83
183 226 84
183 226 86
183 226 88
183 226 89
183 226 90
183 226 91
183 226 92
183 226 93
183 226 94
183 226 95
183 227 80
183 227 81
183 227 82
183 227 83
183 227 84
183 227 85
183 227 86
183 227 89
183 227 90
183 227 91
183 227 92
183 227 93
183 227 94
183 227 95
183 228 80
183 228 81
183 228 82
183 228 84
183 228 85
183 228 90
183 228 91
183 228 92
183 228 93
183 228 94
183 228 95
183 229 80
183 229 90
183 229 93
183 230 92
183 230 93
184 225 80
184 225 81
184 225 82
184 225 83
184 225 84
184 225 85
184 225 86
184 225 87
184 225 88
184 225 89
184 225 90
184 225 91
184 225 92
184 225 93
184 225 94
184 225 95
184 226 80
184 226 81
184 226 82
184 226 83
184 226 84
184 226 85
184 226 86
184 226 89
184 226 90
184 226 91
184 226 92
184 226 93
184 226 94
184 226 95
184 227 80
184 227 81
184 227 82
184 227 83
184 227 84
184 227 85
184 227 87
184 227 88
184 227 89
184 227 90
184 227 91
184 227 92
184 227 93
184 227 94
184 227 95
184 228 80
184 228 81
184 228 83
184 228 84
184 228 85
184 228 88
184 228 89
184 228 90
184 228 91
184 228 92
184 228 93
184 228 94
184 228 95
184 229 83
184 229 85
184 229 90
184 229 92
184 229 93
184 229 94
184 229 95
184 230 90
184 230 93
184 230 94
185 225 80
185 225 81
185 225 82
185 225 83
185 225 84
185 225 85
185 225 86
185 225 87
185 225 88
185 225 89
185 225 90
185 225 91
185 225 92
185 225 93
185 225 94
185 225 95
185 226 80
185 226 81
185 226 82
185 226 83
185 226 84
185 226 85
185 226 86
185 226 87
185 226 88
185 226 89
185 226 90
185 226 91
185 226 92
185 226 93
185 226 94
185 226 95
185 227 81
185 227 82
185 227 83
185 227 84
185 227 85
185 227 86
185 227 89
185 227 90
185 227 91
185 227 92
185 227 93
185 227 94
185 227 95
185 228 80
185 228 81
185 228 82
185 228 83
185 228 84
185 228 86
185 228 87
185 228 88
185 228 89
185 228 90
185 228 91
185 228 92
185 228 93
185 228 94
185 228 95
185 229 82
185 229 84
185 229 85
185 229 88
185 229 89
185 229 90
185 229 91
185 229 92
185 229 93
185 229 94
185 229 95
185 230 90
185 230 93
185 230 94
185 230 95
186 225 80
186 225 81
186 225 82
186 225 83
186 225 84
186 225 85
186 225 86
186 225 87
186 225 88
186 225 89
186 225 90
186 225 91
186 225 92
186 225 93
186 225 94
186 225 95
186 226 80
186 226 81
186 226 82
186 226 83
186 226 84
186 226 85
186 226 86
186 226 87
186 226 89
186 226 90
186 226 91
186 226 92
186 226 93
186 226 94
186 226 95
186 227 80
186 227 81
186 227 82
186 227 83
186 227 84
186 227 86
186 227 88
186 227 89
186 227 90
186 227 91
186 227 92
186 227 93
186 227 94
186 227 95
186 228 80
186 228 81
186 228 82
186 228 83
186 228 84
186 228 85
186 228 86
186 228 88
186 228 89
186 228 90
186 228 91
186 228 92
186 228 93
186 228 94
186 228 95
186 229 80
186 229 81
186 229 83
186 229 85
186 229 90
186 229 91
186 229 92
186 229 93
186 229 95
186 230 83
186 230 85
186 230 89
186 230 90
186 230 91
186 230 93
186 231 90
186 231 91
187 225 80
187 225 81
187 225 82
187 225 83
187 225 84
187 225 85
187 225 86
187 225 87
187 225 88
187 225 89
187 225 90
187 225 91
187 225 92
187 225 93
187 225 94
187 225 95
187 226 80
187 226 81
187 226 82
187 226 83
187 226 84
187 226 85
187 226 86
187 226 87
187 226 88
187 226 89
187 226 90
187 226 91
187 226 92
187 226 93
187 226 94
187 227 80
187 227 81
187 227 82
187 227 83
187 227 84
187 227 85
187 227 86
187 227 87
187 227 88
187 227 90
187 227 91
187 227 92
187 227 93
187 227 94
187 227 95
187 228 80
187 228 81
187 228 82
187 228 83
187 228 84
187 228 85
187 228 86
187 228 87
187 228 88
187 228 90
187 228 91
187 228 92
187 228 93
187 228 94
187 228 95
187 229 81
187 229 82
187 229 83
187 229 84
187 229 85
187 229 86
187 229 89
187 229 90
187 229 91
187 229 92
187 229 93
187 229 95
187 230 81
187 230 82
187 230 83
187 230 85
187 230 91
187 230 93
187 231 83
187 231 85
188 225 80
188 225 81
188 225 82
188 225 83
188 225 84
188 225 85
188 225 86
188 225 87
188 225 88
188 225 89
188 225 90
188 225 92
188 225 93
188 225 94
188 226 80
188 226 81
188 226 82
188 226 83
188 226 84
188 226 85
188 226 86
188 226 87
188 226 88
188 226 89
188 226 90
188 226 91
188 226 92
188 226 93
188 226 94
188 227 80
188 227 81
188 227 82
188 227 83
188 227 84
188 227 85
188 227 86
188 227 87
188 227 90
188 227 91
188 227 92
188 227 93
188 227 94
188 228 80
188 228 81
188 228 82
188 228 83
188 228 84
188 228 85
188 228 86
188 228 87
188 228 90
188 228 91
188 228 92
188 228 93
188 228 94
188 228 95
188 229 80
188 229 81
188 229 82
188 229 83
188 229 84
188 229 85
188 229 91
188 229 92
188 229 93
188 229 94
188 229 95
188 230 80
188 230 81
188 230 82
188 230 83
188 230 84
188 230 85
188 230 86
188 230 87
188 230 91
188 230 92
188 230 93
188 230 94
188 231 83
188 231 84
188 231 85
189 225 80
189 225 81
189 225 82
189 225 83
189 225 84
189 225 85
189 225 86
189 225 87
189 225 88
189 225 89
189 225 90
189 225 91
189 225 93
189 225 94
189 226 80
189 226 81
189 226 82
189 226 83
189 226 84
189 226 85
189 226 86
189 226 87
189 226 88
189 226 89
189 226 90
189 226 92
189 226 93
189 226 94
189 227 82
189 227 83
189 227 84
189 227 85
189 227 86
189 227 87
189 227 88
189 227 89
189 227 92
189 227 93
189 227 94
189 228 81
189 228 82
189 228 83
189 228 84
189 228 85
189 228 86
189 228 87
189 228 88
189 229 81
189 229 83
189 229 84
189 229 85
189 229 86
189 229 87
189 229 91
189 229 93
189 230 83
189 230 85
190 225 80
190 225 81
190 225 82
190 225 83
190 225 84
190 225 85
190 225 86
190 225 93
190 226 80
190 226 82
190 226 83
190 226 84
190 226 85
190 226 86
190 226 87
190 226 88
190 226 90
190 227 80
190 227 81
190 227 82
190 227 83
190 227 84
190 227 85
190 227 86
190 227 87
190 227 92
190 227 93
190 227 94
190 228 81
190 228 82
190 228 83
190 228 84
190 228 85
190 228 87
190 228 93
190 229 81
190 229 82
190 229 83
190 229 84
190 229 93
190 230 82
191 225 80
191 225 81
191 225 82
191 225 83
191 225 84
191 225 85
191 225 86
191 226 80
191 226 81
191 226 82
191 226 83
191 226 84
191 226 85
191 227 81
191 227 82
191 227 83
191 227 84
191 227 86
191 227 93
191 228 82
191 228 83
191 228 84
191 228 85
191 229 82

