alfheim:altWood1
12
-56 224 173
-56 224 174
-56 224 175
-55 223 175
-55 224 173
-55 224 174
-55 224 175
-54 223 173
-54 223 174
-54 224 172
-54 224 173
-54 224 174
-54 224 175
-53 223 172
-53 223 173
-53 223 174
-53 224 170
-53 224 171
-53 224 172
-53 224 173
-53 224 174
-53 224 175
-52 222 165
-52 222 166
-52 222 167
-52 223 166
-52 223 167
-52 223 168
-52 223 169
-52 223 170
-52 223 171
-52 223 172
-52 223 173
-52 224 168
-52 224 169
-52 224 170
-52 224 171
-52 224 172
-52 224 173
-52 224 174
-51 219 166
-51 220 165
-51 220 166
-51 220 167
-51 221 164
-51 221 165
-51 221 166
-51 221 167
-51 221 168
-51 222 164
-51 222 165
-51 222 166
-51 222 167
-51 222 168
-51 222 169
-51 222 170
-51 223 164
-51 223 165
-51 223 166
-51 223 167
-51 223 168
-51 223 169
-51 223 170
-51 223 171
-51 224 166
-51 224 167
-51 224 168
-51 224 169
-51 224 170
-51 224 171
-51 224 172
-51 224 173
-50 218 165
-50 218 166
-50 218 167
-50 219 165
-50 219 166
-50 219 167
-50 220 164
-50 220 165
-50 220 166
-50 220 167
-50 220 168
-50 221 163
-50 221 164
-50 221 165
-50 221 166
-50 221 167
-50 221 168
-50 221 169
-50 222 163
-50 222 164
-50 222 165
-50 222 166
-50 222 167
-50 222 168
-50 222 169
-50 223 163
-50 223 164
-50 223 165
-50 223 166
-50 223 167
-50 223 168
-50 223 169
-50 223 170
-50 224 164
-50 224 165
-50 224 166
-50 224 167
-50 224 168
-50 224 169
-50 224 170
-50 224 171
-49 217 165
-49 217 166
-49 217 167
-49 218 164
-49 218 165
-49 218 166
-49 218 167
-49 218 168
-49 219 164
-49 219 165
-49 219 166
-49 219 167
-49 219 168
-49 220 163
-49 220 164
-49 220 165
-49 220 166
-49 220 167
-49 220 168
-49 220 169
-49 221 163
-49 221 164
-49 221 165
-49 221 166
-49 221 167
-49 221 168
-49 221 169
-49 222 163
-49 222 164
-49 222 165
-49 222 166
-49 222 167
-49 222 168
-49 222 169
-49 222 170
-49 223 163
-49 223 164
-49 223 165
-49 223 166
-49 223 167
-49 223 168
-49 223 169
-49 223 170
-49 224 164
-49 224 165
-49 224 166
-49 224 167
-49 224 168
-49 224 169
-49 224 170
-61 236 165
-61 236 166
-60 234 166
-60 234 167
-60 235 165
-60 235 166
-60 236 166
-60 237 165
-59 233 166
-59 233 167
-59 234 166
-59 234 167
-59 235 166
-59 236 166
-58 231 168
-58 232 167
-58 232 168
-58 233 167
-58 234 167
-57 225 174
-57 229 169
-57 230 168
-57 230 169
-57 231 167
-57 231 168
-57 232 168
-56 225 173
-56 225 174
-56 225 175
-56 226 173
-56 226 174
-56 226 175
-56 228 169
-56 228 170
-56 229 168
-56 229 169
-56 230 169
-55 225 173
-55 225 174
-55 225 175
-55 226 170
-55 226 171
-55 226 173
-55 226 174
-55 226 175
-55 227 170
-55 227 173
-55 227 174
-55 227 175
-55 228 169
-55 228 170
-55 229 169
-54 225 171
-54 225 172
-54 225 173
-54 225 174
-54 225 175
-54 226 170
-54 226 171
-54 226 172
-54 226 173
-54 226 174
-54 226 175
-54 227 169
-54 227 170
-54 227 173
-54 227 174
-54 227 175
-54 228 174
-53 225 170
-53 225 171
-53 225 172
-53 225 173
-53 225 174
-53 225 175
-53 226 171
-53 226 172
-53 226 173
-53 226 174
-53 226 175
-53 227 172
-53 227 173
-53 227 174
-53 227 175
-53 228 173
-52 225 169
-52 225 170
-52 225 171
-52 225 172
-52 225 173
-52 225 174
-52 226 169
-52 226 170
-52 226 171
-52 226 172
-52 226 173
-52 226 174
-52 227 171
-52 227 172
-52 227 173
-51 225 167
-51 225 168
-51 225 169
-51 225 170
-51 225 171
-51 225 172
-51 225 173
-51 226 168
-51 226 169
-51 226 170
-51 226 171
-51 226 172
-51 226 173
-51 227 170
-51 227 171
-50 225 166
-50 225 167
-50 225 168
-50 225 169
-50 225 170
-50 225 171
-50 225 172
-50 226 168
-50 226 169
-50 226 170
-50 226 171
-50 227 169
-49 225 167
-49 225 168
-49 225 169
-49 225 170
-49 225 171
-49 226 169
-49 226 170
alfheim:altLeaves
6
-49 224 175
-64 235 164
-64 236 164
-64 237 164
-64 237 165
-64 237 166
-64 237 167
-64 237 175
-64 238 160
-64 238 162
-64 238 163
-64 238 164
-64 238 165
-64 238 166
-64 238 167
-64 238 168
-64 238 169
-64 238 173
-64 238 175
-64 239 160
-64 239 162
-64 239 163
-64 239 164
-64 239 165
-64 239 166
-64 239 167
-64 239 168
-64 239 169
-64 239 173
-64 239 174
-64 239 175
-64 240 160
-64 240 161
-64 240 162
-64 240 163
-64 240 164
-64 240 165
-64 240 166
-64 240 167
-64 240 168
-64 240 170
-64 240 171
-64 240 173
-64 240 174
-64 240 175
-64 241 160
-64 241 161
-64 241 162
-64 241 163
-64 241 164
-64 241 165
-64 241 166
-64 241 167
-64 241 168
-64 241 169
-64 241 170
-64 241 171
-64 241 172
-64 241 173
-64 241 174
-64 241 175
-64 242 160
-64 242 161
-64 242 162
-64 242 163
-64 242 164
-64 242 165
-64 242 166
-64 242 167
-64 242 168
-64 242 169
-64 242 170
-64 242 171
-64 242 172
-64 242 173
-64 242 174
-64 242 175
-64 243 160
-64 243 161
-64 243 162
-64 243 163
-64 243 164
-64 243 165
-64 243 166
-64 243 167
-64 243 168
-64 243 169
-64 243 170
-64 243 171
-64 243 172
-64 243 173
-64 243 174
-64 243 175
-64 244 160
-64 244 161
-64 244 162
-64 244 163
-64 244 164
-64 244 165
-64 244 166
-64 244 167
-64 244 168
-64 244 169
-64 244 170
-64 244 171
-64 244 172
-64 244 173
-64 244 174
-64 244 175
-64 245 160
-64 245 161
-64 245 162
-64 245 163
-64 245 164
-64 245 165
-64 245 166
-64 245 167
-64 245 168
-64 245 169
-64 245 170
-64 245 171
-64 245 172
-64 245 173
-64 245 174
-64 245 175
-64 246 160
-64 246 161
-64 246 162
-64 246 163
-64 246 164
-64 246 165
-64 246 166
-64 246 167
-64 246 168
-64 246 169
-64 246 170
-64 246 171
-64 246 172
-64 246 173
-64 246 174
-64 246 175
-64 247 160
-64 247 161
-64 247 162
-64 247 163
-64 247 164
-64 247 165
-64 247 166
-64 247 167
-64 247 168
-64 247 169
-64 247 170
-64 247 171
-64 247 172
-64 247 173
-64 247 174
-64 247 175
-64 248 160
-64 248 161
-64 248 162
-64 248 163
-64 248 164
-64 248 165
-64 248 166
-64 248 168
-64 248 169
-64 248 170
-64 248 173
-64 248 175
-64 249 160
-64 249 163
-64 249 164
-64 249 165
-64 249 166
-64 249 167
-64 249 168
-64 249 169
-64 249 173
-64 250 162
-64 250 163
-64 250 164
-64 250 165
-64 250 166
-64 250 169
-64 251 163
-63 236 164
-63 236 165
-63 236 167
-63 237 163
-63 237 164
-63 237 165
-63 237 166
-63 237 167
-63 237 169
-63 237 174
-63 238 162
-63 238 163
-63 238 164
-63 238 165
-63 238 166
-63 238 167
-63 238 168
-63 238 169
-63 238 173
-63 238 174
-63 239 160
-63 239 162
-63 239 163
-63 239 164
-63 239 165
-63 239 166
-63 239 167
-63 239 168
-63 239 169
-63 239 171
-63 239 173
-63 239 174
-63 239 175
-63 240 161
-63 240 162
-63 240 163
-63 240 164
-63 240 165
-63 240 166
-63 240 167
-63 240 168
-63 240 169
-63 240 170
-63 240 171
-63 240 172
-63 240 173
-63 240 174
-63 240 175
-63 241 160
-63 241 161
-63 241 162
-63 241 163
-63 241 164
-63 241 165
-63 241 166
-63 241 167
-63 241 168
-63 241 169
-63 241 170
-63 241 171
-63 241 172
-63 241 173
-63 241 174
-63 241 175
-63 242 160
-63 242 161
-63 242 162
-63 242 163
-63 242 164
-63 242 165
-63 242 166
-63 242 167
-63 242 168
-63 242 169
-63 242 170
-63 242 171
-63 242 172
-63 242 173
-63 242 174
-63 242 175
-63 243 160
-63 243 161
-63 243 162
-63 243 163
-63 243 164
-63 243 165
-63 243 166
-63 243 167
-63 243 168
-63 243 169
-63 243 170
-63 243 171
-63 243 172
-63 243 173
-63 243 174
-63 243 175
-63 244 160
-63 244 161
-63 244 162
-63 244 163
-63 244 164
-63 244 165
-63 244 166
-63 244 167
-63 244 168
-63 244 169
-63 244 170
-63 244 171
-63 244 172
-63 244 173
-63 244 174
-63 244 175
-63 245 160
-63 245 161
-63 245 162
-63 245 163
-63 245 164
-63 245 165
-63 245 166
-63 245 167
-63 245 168
-63 245 169
-63 245 170
-63 245 171
-63 245 172
-63 245 173
-63 245 174
-63 245 175
-63 246 160
-63 246 161
-63 246 162
-63 246 163
-63 246 164
-63 246 165
-63 246 166
-63 246 167
-63 246 168
-63 246 169
-63 246 170
-63 246 171
-63 246 172
-63 246 173
-63 246 174
-63 246 175
-63 247 160
-63 247 161
-63 247 162
-63 247 163
-63 247 164
-63 247 165
-63 247 166
-63 247 167
-63 247 168
-63 247 169
-63 247 170
-63 247 171
-63 247 172
-63 247 173
-63 247 174
-63 247 175
-63 248 161
-63 248 162
-63 248 163
-63 248 164
-63 248 165
-63 248 166
-63 248 167
-63 248 168
-63 248 169
-63 248 173
-63 248 175
-63 249 160
-63 249 162
-63 249 163
-63 249 164
-63 249 166
-63 249 167
-63 249 173
-63 249 175
-63 250 165
-63 250 166
-63 250 167
-63 250 173
-63 251 165
-63 251 166
-62 235 167
-62 236 166
-62 236 167
-62 236 168
-62 237 164
-62 237 166
-62 237 167
-62 237 168
-62 237 169
-62 237 170
-62 237 174
-62 237 175
-62 238 164
-62 238 165
-62 238 166
-62 238 167
-62 238 168
-62 238 169
-62 238 171
-62 238 173
-62 238 174
-62 238 175
-62 239 161
-62 239 162
-62 239 163
-62 239 164
-62 239 165
-62 239 166
-62 239 167
-62 239 168
-62 239 169
-62 239 170
-62 239 171
-62 239 172
-62 239 173
-62 239 174
-62 239 175
-62 240 161
-62 240 162
-62 240 163
-62 240 164
-62 240 165
-62 240 166
-62 240 167
-62 240 168
-62 240 169
-62 240 170
-62 240 171
-62 240 172
-62 240 173
-62 240 174
-62 240 175
-62 241 160
-62 241 161
-62 241 162
-62 241 163
-62 241 164
-62 241 165
-62 241 166
-62 241 167
-62 241 168
-62 241 169
-62 241 170
-62 241 171
-62 241 172
-62 241 173
-62 241 174
-62 241 175
-62 242 160
-62 242 161
-62 242 162
-62 242 163
-62 242 164
-62 242 165
-62 242 166
-62 242 167
-62 242 168
-62 242 169
-62 242 170
-62 242 171
-62 242 172
-62 242 173
-62 242 174
-62 242 175
-62 243 160
-62 243 161
-62 243 162
-62 243 163
-62 243 164
-62 243 165
-62 243 166
-62 243 167
-62 243 168
-62 243 169
-62 243 170
-62 243 171
-62 243 172
-62 243 173
-62 243 174
-62 243 175
-62 244 160
-62 244 161
-62 244 162
-62 244 163
-62 244 164
-62 244 165
-62 244 166
-62 244 167
-62 244 168
-62 244 169
-62 244 170
-62 244 171
-62 244 172
-62 244 173
-62 244 174
-62 244 175
-62 245 160
-62 245 161
-62 245 162
-62 245 163
-62 245 164
-62 245 165
-62 245 166
-62 245 167
-62 245 168
-62 245 169
-62 245 170
-62 245 171
-62 245 172
-62 245 173
-62 245 174
-62 245 175
-62 246 160
-62 246 161
-62 246 162
-62 246 163
-62 246 164
-62 246 165
-62 246 166
-62 246 167
-62 246 168
-62 246 169
-62 246 170
-62 246 171
-62 246 172
-62 246 173
-62 246 174
-62 246 175
-62 247 160
-62 247 161
-62 247 162
-62 247 163
-62 247 164
-62 247 165
-62 247 166
-62 247 167
-62 247 168
-62 247 169
-62 247 170
-62 247 171
-62 247 172
-62 247 173
-62 247 174
-62 247 175
-62 248 160
-62 248 161
-62 248 162
-62 248 163
-62 248 164
-62 248 165
-62 248 166
-62 248 167
-62 248 168
-62 248 172
-62 248 173
-62 248 175
-62 249 160
-62 249 161
-62 249 162
-62 249 164
-62 249 165
-62 249 166
-62 249 167
-62 249 172
-62 249 173
-62 249 174
-62 249 175
-62 250 160
-62 250 161
-62 250 162
-62 250 163
-62 250 166
-62 250 167
-62 250 173
-62 250 175
-62 251 162
-61 235 166
-61 236 167
-61 236 174
-61 237 163
-61 237 164
-61 237 165
-61 237 166
-61 237 167
-61 237 169
-61 237 173
-61 237 174
-61 238 163
-61 238 165
-61 238 166
-61 238 167
-61 238 168
-61 238 169
-61 238 172
-61 238 173
-61 238 174
-61 238 175
-61 239 162
-61 239 163
-61 239 164
-61 239 165
-61 239 166
-61 239 167
-61 239 168
-61 239 169
-61 239 170
-61 239 171
-61 239 173
-61 239 174
-61 239 175
-61 240 160
-61 240 161
-61 240 162
-61 240 163
-61 240 164
-61 240 165
-61 240 166
-61 240 167
-61 240 168
-61 240 169
-61 240 170
-61 240 171
-61 240 172
-61 240 173
-61 240 174
-61 240 175
-61 241 160
-61 241 161
-61 241 162
-61 241 163
-61 241 164
-61 241 165
-61 241 166
-61 241 167
-61 241 168
-61 241 169
-61 241 170
-61 241 171
-61 241 172
-61 241 173
-61 241 174
-61 241 175
-61 242 160
-61 242 161
-61 242 162
-61 242 163
-61 242 164
-61 242 165
-61 242 166
-61 242 167
-61 242 168
-61 242 169
-61 242 170
-61 242 171
-61 242 172
-61 242 173
-61 242 174
-61 242 175
-61 243 161
-61 243 162
-61 243 163
-61 243 164
-61 243 165
-61 243 166
-61 243 167
-61 243 168
-61 243 169
-61 243 170
-61 243 171
-61 243 172
-61 243 173
-61 243 174
-61 243 175
-61 244 160
-61 244 161
-61 244 162
-61 244 163
-61 244 164
-61 244 165
-61 244 166
-61 244 167
-61 244 168
-61 244 169
-61 244 170
-61 244 171
-61 244 172
-61 244 173
-61 244 174
-61 244 175
-61 245 160
-61 245 161
-61 245 162
-61 245 163
-61 245 164
-61 245 165
-61 245 166
-61 245 167
-61 245 169
-61 245 170
-61 245 171
-61 245 172
-61 245 173
-61 245 174
-61 245 175
-61 246 160
-61 246 161
-61 246 162
-61 246 163
-61 246 164
-61 246 165
-61 246 166
-61 246 167
-61 246 168
-61 246 169
-61 246 170
-61 246 171
-61 246 172
-61 246 173
-61 246 174
-61 246 175
-61 247 160
-61 247 161
-61 247 162
-61 247 163
-61 247 164
-61 247 165
-61 247 166
-61 247 167
-61 247 168
-61 247 169
-61 247 171
-61 247 172
-61 247 173
-61 247 174
-61 247 175
-61 248 160
-61 248 161
-61 248 162
-61 248 163
-61 248 164
-61 248 165
-61 248 167
-61 248 168
-61 248 171
-61 248 172
-61 248 173
-61 248 174
-61 248 175
-61 249 160
-61 249 161
-61 249 162
-61 249 163
-61 249 164
-61 249 165
-61 249 166
-61 249 172
-61 249 174
-61 249 175
-61 250 161
-61 250 164
-61 250 165
-61 250 174
-61 250 175
-61 251 161
-61 251 162
-60 234 175
-60 235 173
-60 235 174
-60 236 174
-60 236 175
-60 237 168
-60 237 170
-60 237 172
-60 237 173
-60 237 174
-60 237 175
-60 238 163
-60 238 167
-60 238 168
-60 238 169
-60 238 170
-60 238 171
-60 238 172
-60 238 173
-60 238 174
-60 238 175
-60 239 163
-60 239 164
-60 239 165
-60 239 166
-60 239 167
-60 239 168
-60 239 169
-60 239 170
-60 239 171
-60 239 172
-60 239 173
-60 239 174
-60 239 175
-60 240 162
-60 240 163
-60 240 164
-60 240 165
-60 240 166
-60 240 167
-60 240 168
-60 240 169
-60 240 170
-60 240 171
-60 240 172
-60 240 173
-60 240 174
-60 240 175
-60 241 161
-60 241 162
-60 241 163
-60 241 164
-60 241 165
-60 241 166
-60 241 167
-60 241 168
-60 241 169
-60 241 170
-60 241 171
-60 241 172
-60 241 173
-60 241 174
-60 241 175
-60 242 160
-60 242 161
-60 242 162
-60 242 163
-60 242 164
-60 242 165
-60 242 166
-60 242 167
-60 242 168
-60 242 169
-60 242 170
-60 242 171
-60 242 172
-60 242 173
-60 242 174
-60 242 175
-60 243 160
-60 243 161
-60 243 162
-60 243 163
-60 243 164
-60 243 165
-60 243 166
-60 243 167
-60 243 168
-60 243 169
-60 243 170
-60 243 171
-60 243 172
-60 243 173
-60 243 174
-60 243 175
-60 244 160
-60 244 161
-60 244 162
-60 244 163
-60 244 164
-60 244 165
-60 244 166
-60 244 167
-60 244 168
-60 244 169
-60 244 170
-60 244 171
-60 244 172
-60 244 173
-60 244 174
-60 244 175
-60 245 160
-60 245 161
-60 245 162
-60 245 163
-60 245 164
-60 245 165
-60 245 166
-60 245 167
-60 245 168
-60 245 169
-60 245 170
-60 245 171
-60 245 172
-60 245 173
-60 245 174
-60 245 175
-60 246 160
-60 246 161
-60 246 162
-60 246 163
-60 246 164
-60 246 165
-60 246 166
-60 246 167
-60 246 168
-60 246 169
-60 246 170
-60 246 171
-60 246 172
-60 246 173
-60 246 174
-60 246 175
-60 247 160
-60 247 161
-60 247 162
-60 247 163
-60 247 164
-60 247 165
-60 247 166
-60 247 167
-60 247 169
-60 247 170
-60 247 171
-60 247 172
-60 247 173
-60 247 174
-60 247 175
-60 248 160
-60 248 161
-60 248 162
-60 248 163
-60 248 165
-60 248 170
-60 248 172
-60 248 175
-60 249 160
-60 249 161
-60 249 162
-60 249 163
-60 249 164
-60 249 165
-60 249 166
-60 249 170
-60 250 160
-60 250 161
-60 250 162
-60 250 163
-60 251 160
-60 251 161
-60 251 162
-59 233 175
-59 234 174
-59 234 175
-59 235 174
-59 235 175
-59 236 171
-59 236 174
-59 236 175
-59 237 167
-59 237 168
-59 237 169
-59 237 170
-59 237 171
-59 237 172
-59 237 173
-59 237 174
-59 237 175
-59 238 167
-59 238 168
-59 238 169
-59 238 170
-59 238 171
-59 238 172
-59 238 173
-59 238 174
-59 238 175
-59 239 163
-59 239 164
-59 239 165
-59 239 166
-59 239 167
-59 239 168
-59 239 169
-59 239 170
-59 239 171
-59 239 172
-59 239 173
-59 239 174
-59 239 175
-59 240 162
-59 240 163
-59 240 164
-59 240 165
-59 240 166
-59 240 167
-59 240 168
-59 240 169
-59 240 170
-59 240 171
-59 240 172
-59 240 173
-59 240 174
-59 240 175
-59 241 163
-59 241 164
-59 241 165
-59 241 166
-59 241 167
-59 241 168
-59 241 169
-59 241 170
-59 241 171
-59 241 172
-59 241 173
-59 241 174
-59 241 175
-59 242 160
-59 242 161
-59 242 162
-59 242 163
-59 242 164
-59 242 165
-59 242 166
-59 242 167
-59 242 168
-59 242 169
-59 242 170
-59 242 171
-59 242 172
-59 242 173
-59 242 174
-59 242 175
-59 243 160
-59 243 161
-59 243 162
-59 243 163
-59 243 164
-59 243 165
-59 243 166
-59 243 167
-59 243 168
-59 243 169
-59 243 170
-59 243 171
-59 243 172
-59 243 173
-59 243 174
-59 243 175
-59 244 160
-59 244 162
-59 244 163
-59 244 164
-59 244 165
-59 244 166
-59 244 167
-59 244 168
-59 244 169
-59 244 170
-59 244 171
-59 244 172
-59 244 173
-59 244 174
-59 244 175
-59 245 160
-59 245 161
-59 245 162
-59 245 163
-59 245 164
-59 245 165
-59 245 166
-59 245 167
-59 245 168
-59 245 169
-59 245 170
-59 245 171
-59 245 172
-59 245 173
-59 245 174
-59 245 175
-59 246 160
-59 246 161
-59 246 162
-59 246 163
-59 246 164
-59 246 165
-59 246 166
-59 246 167
-59 246 168
-59 246 169
-59 246 170
-59 246 171
-59 246 172
-59 246 173
-59 246 174
-59 246 175
-59 247 160
-59 247 161
-59 247 162
-59 247 163
-59 247 164
-59 247 165
-59 247 166
-59 247 169
-59 247 170
-59 247 171
-59 247 172
-59 247 173
-59 247 174
-59 248 160
-59 248 161
-59 248 162
-59 248 163
-59 248 164
-59 248 165
-59 248 166
-59 248 168
-59 248 169
-59 248 170
-59 248 171
-59 248 172
-59 248 173
-59 248 174
-59 248 175
-59 249 160
-59 249 161
-59 249 162
-59 249 163
-59 249 164
-59 249 165
-59 249 173
-59 250 160
-59 250 161
-59 250 162
-59 250 163
-59 250 164
-59 251 160
-59 251 161
-59 251 162
-59 252 161
-59 252 162
-59 253 161
-58 233 174
-58 233 175
-58 234 175
-58 235 174
-58 236 168
-58 236 169
-58 236 170
-58 236 173
-58 236 174
-58 236 175
-58 237 168
-58 237 169
-58 237 170
-58 237 171
-58 237 172
-58 237 173
-58 237 174
-58 237 175
-58 238 167
-58 238 168
-58 238 169
-58 238 170
-58 238 171
-58 238 172
-58 238 173
-58 238 174
-58 238 175
-58 239 163
-58 239 165
-58 239 166
-58 239 167
-58 239 168
-58 239 169
-58 239 170
-58 239 171
-58 239 172
-58 239 173
-58 239 174
-58 239 175
-58 240 163
-58 240 164
-58 240 165
-58 240 166
-58 240 167
-58 240 168
-58 240 169
-58 240 170
-58 240 171
-58 240 172
-58 240 173
-58 240 174
-58 240 175
-58 241 162
-58 241 163
-58 241 164
-58 241 165
-58 241 166
-58 241 167
-58 241 168
-58 241 169
-58 241 170
-58 241 171
-58 241 172
-58 241 173
-58 241 174
-58 241 175
-58 242 160
-58 242 161
-58 242 162
-58 242 163
-58 242 164
-58 242 165
-58 242 166
-58 242 167
-58 242 168
-58 242 169
-58 242 170
-58 242 171
-58 242 172
-58 242 173
-58 242 174
-58 242 175
-58 243 160
-58 243 161
-58 243 162
-58 243 164
-58 243 165
-58 243 166
-58 243 167
-58 243 168
-58 243 169
-58 243 170
-58 243 171
-58 243 172
-58 243 173
-58 243 174
-58 243 175
-58 244 160
-58 244 161
-58 244 162
-58 244 163
-58 244 164
-58 244 165
-58 244 166
-58 244 167
-58 244 168
-58 244 169
-58 244 170
-58 244 171
-58 244 172
-58 244 173
-58 244 174
-58 244 175
-58 245 160
-58 245 161
-58 245 162
-58 245 163
-58 245 164
-58 245 165
-58 245 166
-58 245 168
-58 245 169
-58 245 170
-58 245 171
-58 245 172
-58 245 173
-58 245 174
-58 245 175
-58 246 160
-58 246 161
-58 246 162
-58 246 163
-58 246 164
-58 246 165
-58 246 166
-58 246 168
-58 246 170
-58 246 171
-58 246 172
-58 246 173
-58 246 175
-58 247 160
-58 247 161
-58 247 162
-58 247 163
-58 247 164
-58 247 165
-58 247 166
-58 247 167
-58 247 169
-58 247 170
-58 247 171
-58 247 172
-58 247 173
-58 247 174
-58 248 160
-58 248 161
-58 248 162
-58 248 163
-58 248 164
-58 248 165
-58 248 166
-58 248 167
-58 248 169
-58 248 170
-58 248 171
-58 248 172
-58 249 160
-58 249 161
-58 249 162
-58 249 163
-58 249 164
-58 249 165
-58 249 166
-58 249 172
-58 250 160
-58 250 161
-58 250 162
-58 250 163
-58 250 164
-58 251 160
-58 251 161
-58 252 160
-58 252 161
-58 252 162
-58 252 163
-58 253 160
-58 253 161
-57 231 174
-57 231 175
-57 232 175
-57 233 174
-57 233 175
-57 234 175
-57 235 170
-57 235 171
-57 235 172
-57 235 174
-57 235 175
-57 236 167
-57 236 169
-57 236 170
-57 236 171
-57 236 172
-57 236 173
-57 236 174
-57 236 175
-57 237 166
-57 237 167
-57 237 169
-57 237 170
-57 237 171
-57 237 172
-57 237 173
-57 237 174
-57 237 175
-57 238 164
-57 238 165
-57 238 166
-57 238 167
-57 238 168
-57 238 169
-57 238 170
-57 238 171
-57 238 172
-57 238 173
-57 238 174
-57 238 175
-57 239 163
-57 239 164
-57 239 165
-57 239 166
-57 239 167
-57 239 168
-57 239 169
-57 239 170
-57 239 171
-57 239 172
-57 239 173
-57 239 174
-57 239 175
-57 240 163
-57 240 164
-57 240 165
-57 240 166
-57 240 167
-57 240 168
-57 240 169
-57 240 170
-57 240 171
-57 240 172
-57 240 173
-57 240 174
-57 240 175
-57 241 162
-57 241 163
-57 241 164
-57 241 165
-57 241 166
-57 241 167
-57 241 168
-57 241 169
-57 241 170
-57 241 171
-57 241 172
-57 241 173
-57 241 174
-57 241 175
-57 242 161
-57 242 162
-57 242 163
-57 242 164
-57 242 165
-57 242 166
-57 242 167
-57 242 168
-57 242 169
-57 242 170
-57 242 171
-57 242 172
-57 242 173
-57 242 174
-57 242 175
-57 243 161
-57 243 162
-57 243 163
-57 243 164
-57 243 165
-57 243 166
-57 243 167
-57 243 168
-57 243 169
-57 243 170
-57 243 171
-57 243 172
-57 243 173
-57 243 174
-57 243 175
-57 244 160
-57 244 161
-57 244 162
-57 244 163
-57 244 164
-57 244 165
-57 244 166
-57 244 167
-57 244 168
-57 244 169
-57 244 170
-57 244 171
-57 244 172
-57 244 173
-57 244 174
-57 245 160
-57 245 161
-57 245 162
-57 245 163
-57 245 164
-57 245 165
-57 245 166
-57 245 167
-57 245 168
-57 245 169
-57 245 170
-57 245 171
-57 245 172
-57 245 173
-57 245 174
-57 245 175
-57 246 160
-57 246 161
-57 246 162
-57 246 163
-57 246 164
-57 246 165
-57 246 166
-57 246 168
-57 246 169
-57 246 170
-57 246 171
-57 246 172
-57 246 173
-57 246 174
-57 247 160
-57 247 161
-57 247 162
-57 247 163
-57 247 164
-57 247 165
-57 247 166
-57 247 167
-57 247 168
-57 247 170
-57 247 171
-57 247 172
-57 247 173
-57 248 160
-57 248 161
-57 248 162
-57 248 163
-57 248 164
-57 248 165
-57 248 166
-57 248 167
-57 248 172
-57 248 173
-57 249 160
-57 249 161
-57 249 162
-57 249 163
-57 249 164
-57 249 172
-57 250 160
-57 250 161
-57 250 162
-57 250 163
-57 251 160
-57 251 161
-57 252 160
-57 252 161
-56 230 172
-56 232 175
-56 234 171
-56 235 168
-56 235 169
-56 235 171
-56 235 173
-56 235 174
-56 235 175
-56 236 168
-56 236 169
-56 236 170
-56 236 171
-56 236 172
-56 236 173
-56 236 174
-56 236 175
-56 237 162
-56 237 165
-56 237 167
-56 237 168
-56 237 169
-56 237 171
-56 237 172
-56 237 173
-56 237 174
-56 237 175
-56 238 164
-56 238 165
-56 238 167
-56 238 168
-56 238 169
-56 238 170
-56 238 171
-56 238 173
-56 238 174
-56 238 175
-56 239 162
-56 239 163
-56 239 164
-56 239 165
-56 239 166
-56 239 167
-56 239 168
-56 239 169
-56 239 170
-56 239 171
-56 239 172
-56 239 173
-56 239 174
-56 239 175
-56 240 163
-56 240 164
-56 240 165
-56 240 166
-56 240 167
-56 240 168
-56 240 169
-56 240 170
-56 240 171
-56 240 172
-56 240 173
-56 240 174
-56 240 175
-56 241 162
-56 241 163
-56 241 164
-56 241 165
-56 241 166
-56 241 167
-56 241 168
-56 241 169
-56 241 170
-56 241 171
-56 241 172
-56 241 173
-56 241 174
-56 241 175
-56 242 160
-56 242 161
-56 242 162
-56 242 163
-56 242 164
-56 242 165
-56 242 166
-56 242 167
-56 242 168
-56 242 169
-56 242 170
-56 242 171
-56 242 172
-56 242 173
-56 242 174
-56 242 175
-56 243 160
-56 243 161
-56 243 162
-56 243 163
-56 243 164
-56 243 165
-56 243 166
-56 243 167
-56 243 168
-56 243 169
-56 243 170
-56 243 171
-56 243 172
-56 243 173
-56 243 174
-56 243 175
-56 244 160
-56 244 161
-56 244 162
-56 244 163
-56 244 164
-56 244 165
-56 244 166
-56 244 167
-56 244 168
-56 244 169
-56 244 170
-56 244 171
-56 244 172
-56 244 173
-56 244 174
-56 244 175
-56 245 160
-56 245 161
-56 245 162
-56 245 163
-56 245 164
-56 245 165
-56 245 166
-56 245 167
-56 245 168
-56 245 169
-56 245 170
-56 245 171
-56 245 172
-56 245 173
-56 245 174
-56 245 175
-56 246 160
-56 246 161
-56 246 162
-56 246 163
-56 246 164
-56 246 165
-56 246 166
-56 246 167
-56 246 168
-56 246 170
-56 246 171
-56 246 172
-56 246 173
-56 246 174
-56 247 160
-56 247 161
-56 247 162
-56 247 163
-56 247 164
-56 247 165
-56 247 166
-56 247 167
-56 247 171
-56 247 172
-56 248 160
-56 248 161
-56 248 162
-56 248 163
-56 248 164
-56 248 165
-56 248 166
-56 248 167
-56 248 171
-56 249 160
-56 249 161
-56 249 162
-56 249 163
-56 249 164
-56 249 165
-56 249 166
-56 250 160
-56 250 161
-56 250 165
-56 250 166
-56 251 160
-56 251 161
-56 252 160
-55 229 172
-55 230 172
-55 231 172
-55 232 171
-55 234 170
-55 235 170
-55 235 171
-55 235 172
-55 235 173
-55 235 174
-55 235 175
-55 236 165
-55 236 168
-55 236 169
-55 236 170
-55 236 171
-55 236 172
-55 236 174
-55 236 175
-55 237 163
-55 237 165
-55 237 166
-55 237 167
-55 237 168
-55 237 169
-55 237 170
-55 237 171
-55 237 172
-55 237 173
-55 237 174
-55 237 175
-55 238 161
-55 238 162
-55 238 163
-55 238 164
-55 238 165
-55 238 166
-55 238 167
-55 238 168
-55 238 169
-55 238 170
-55 238 171
-55 238 172
-55 238 173
-55 238 174
-55 238 175
-55 239 161
-55 239 162
-55 239 163
-55 239 164
-55 239 165
-55 239 166
-55 239 167
-55 239 168
-55 239 169
-55 239 170
-55 239 171
-55 239 172
-55 239 173
-55 239 174
-55 239 175
-55 240 162
-55 240 163
-55 240 164
-55 240 165
-55 240 166
-55 240 167
-55 240 168
-55 240 169
-55 240 170
-55 240 171
-55 240 172
-55 240 173
-55 240 174
-55 240 175
-55 241 162
-55 241 163
-55 241 164
-55 241 165
-55 241 166
-55 241 167
-55 241 168
-55 241 169
-55 241 170
-55 241 171
-55 241 172
-55 241 173
-55 241 174
-55 241 175
-55 242 160
-55 242 161
-55 242 162
-55 242 163
-55 242 164
-55 242 165
-55 242 166
-55 242 167
-55 242 168
-55 242 169
-55 242 170
-55 242 171
-55 242 172
-55 242 173
-55 242 174
-55 242 175
-55 243 161
-55 243 162
-55 243 163
-55 243 164
-55 243 165
-55 243 166
-55 243 167
-55 243 168
-55 243 169
-55 243 170
-55 243 171
-55 243 172
-55 243 173
-55 243 174
-55 243 175
-55 244 160
-55 244 161
-55 244 162
-55 244 163
-55 244 164
-55 244 165
-55 244 166
-55 244 167
-55 244 168
-55 244 169
-55 244 170
-55 244 171
-55 244 173
-55 244 174
-55 245 160
-55 245 161
-55 245 162
-55 245 163
-55 245 164
-55 245 165
-55 245 166
-55 245 167
-55 245 168
-55 245 170
-55 245 171
-55 245 172
-55 245 173
-55 245 174
-55 246 160
-55 246 161
-55 246 162
-55 246 163
-55 246 164
-55 246 165
-55 246 166
-55 246 167
-55 246 168
-55 246 169
-55 246 170
-55 246 171
-55 246 172
-55 246 174
-55 247 160
-55 247 161
-55 247 162
-55 247 163
-55 247 164
-55 247 165
-55 247 166
-55 247 167
-55 247 168
-55 247 171
-55 247 172
-55 248 160
-55 248 161
-55 248 162
-55 248 163
-55 248 164
-55 248 165
-55 248 166
-55 248 167
-55 248 168
-55 249 160
-55 249 161
-55 249 162
-55 249 163
-55 249 167
-55 249 168
-55 250 160
-55 250 161
-55 250 164
-55 250 166
-55 250 167
-55 251 160
-55 251 161
-55 251 162
-55 251 163
-55 252 160
-55 252 161
-54 229 171
-54 229 172
-54 229 173
-54 230 170
-54 230 171
-54 230 172
-54 230 173
-54 230 175
-54 231 170
-54 231 171
-54 231 172
-54 231 175
-54 232 169
-54 232 170
-54 232 171
-54 232 172
-54 232 173
-54 233 169
-54 233 170
-54 233 171
-54 233 172
-54 234 169
-54 234 170
-54 234 173
-54 234 174
-54 235 168
-54 235 169
-54 235 170
-54 235 171
-54 235 172
-54 235 173
-54 236 164
-54 236 167
-54 236 168
-54 236 169
-54 236 171
-54 236 172
-54 236 173
-54 236 174
-54 237 160
-54 237 164
-54 237 165
-54 237 166
-54 237 168
-54 237 169
-54 237 170
-54 237 171
-54 237 172
-54 237 173
-54 237 174
-54 237 175
-54 238 164
-54 238 165
-54 238 166
-54 238 167
-54 238 168
-54 238 169
-54 238 170
-54 238 171
-54 238 172
-54 238 173
-54 238 174
-54 238 175
-54 239 160
-54 239 162
-54 239 163
-54 239 164
-54 239 165
-54 239 166
-54 239 167
-54 239 168
-54 239 169
-54 239 170
-54 239 171
-54 239 172
-54 239 173
-54 239 174
-54 239 175
-54 240 160
-54 240 163
-54 240 164
-54 240 165
-54 240 166
-54 240 167
-54 240 168
-54 240 169
-54 240 170
-54 240 171
-54 240 172
-54 240 173
-54 240 174
-54 240 175
-54 241 161
-54 241 162
-54 241 163
-54 241 164
-54 241 165
-54 241 166
-54 241 167
-54 241 168
-54 241 169
-54 241 170
-54 241 171
-54 241 172
-54 241 173
-54 241 174
-54 241 175
-54 242 160
-54 242 161
-54 242 162
-54 242 163
-54 242 164
-54 242 165
-54 242 166
-54 242 167
-54 242 168
-54 242 169
-54 242 170
-54 242 171
-54 242 172
-54 242 173
-54 242 174
-54 242 175
-54 243 160
-54 243 161
-54 243 162
-54 243 163
-54 243 164
-54 243 165
-54 243 166
-54 243 167
-54 243 168
-54 243 169
-54 243 170
-54 243 171
-54 243 172
-54 243 173
-54 243 174
-54 243 175
-54 244 160
-54 244 161
-54 244 162
-54 244 163
-54 244 164
-54 244 165
-54 244 166
-54 244 167
-54 244 168
-54 244 169
-54 244 170
-54 244 171
-54 244 172
-54 244 173
-54 244 174
-54 244 175
-54 245 160
-54 245 161
-54 245 162
-54 245 163
-54 245 164
-54 245 165
-54 245 166
-54 245 167
-54 245 168
-54 245 169
-54 245 170
-54 245 171
-54 245 172
-54 245 173
-54 245 174
-54 246 160
-54 246 161
-54 246 162
-54 246 163
-54 246 164
-54 246 165
-54 246 166
-54 246 167
-54 246 168
-54 246 169
-54 246 170
-54 246 173
-54 247 160
-54 247 161
-54 247 162
-54 247 163
-54 247 164
-54 247 165
-54 247 166
-54 247 167
-54 247 168
-54 248 160
-54 248 161
-54 248 162
-54 248 163
-54 248 164
-54 248 165
-54 248 166
-54 248 167
-54 248 168
-54 249 160
-54 249 161
-54 249 162
-54 249 163
-54 249 164
-54 249 166
-54 249 167
-54 250 160
-54 250 161
-54 250 162
-54 250 163
-54 250 164
-54 250 166
-54 250 167
-54 251 160
-54 251 161
-54 251 162
-54 251 163
-54 251 166
-54 252 160
-54 252 161
-54 253 160
-53 229 173
-53 230 171
-53 230 172
-53 230 173
-53 230 174
-53 230 175
-53 231 171
-53 231 172
-53 231 173
-53 231 174
-53 231 175
-53 232 170
-53 232 171
-53 232 172
-53 232 173
-53 232 174
-53 232 175
-53 233 169
-53 233 170
-53 233 171
-53 233 172
-53 233 173
-53 233 174
-53 233 175
-53 234 166
-53 234 169
-53 234 170
-53 234 172
-53 234 173
-53 234 174
-53 235 168
-53 235 169
-53 235 170
-53 235 171
-53 235 172
-53 235 173
-53 235 174
-53 235 175
-53 236 168
-53 236 169
-53 236 170
-53 236 171
-53 236 172
-53 236 173
-53 236 174
-53 236 175
-53 237 164
-53 237 167
-53 237 168
-53 237 170
-53 237 171
-53 237 172
-53 237 173
-53 237 174
-53 237 175
-53 238 160
-53 238 163
-53 238 164
-53 238 166
-53 238 168
-53 238 169
-53 238 170
-53 238 171
-53 238 172
-53 238 173
-53 238 174
-53 238 175
-53 239 164
-53 239 165
-53 239 166
-53 239 167
-53 239 168
-53 239 169
-53 239 170
-53 239 171
-53 239 172
-53 239 173
-53 239 174
-53 239 175
-53 240 160
-53 240 162
-53 240 163
-53 240 164
-53 240 165
-53 240 166
-53 240 167
-53 240 168
-53 240 169
-53 240 170
-53 240 171
-53 240 172
-53 240 173
-53 240 174
-53 240 175
-53 241 160
-53 241 161
-53 241 162
-53 241 163
-53 241 164
-53 241 165
-53 241 166
-53 241 167
-53 241 168
-53 241 169
-53 241 170
-53 241 171
-53 241 172
-53 241 173
-53 241 174
-53 241 175
-53 242 161
-53 242 162
-53 242 163
-53 242 164
-53 242 165
-53 242 166
-53 242 167
-53 242 168
-53 242 169
-53 242 170
-53 242 171
-53 242 172
-53 242 173
-53 242 174
-53 242 175
-53 243 160
-53 243 161
-53 243 162
-53 243 163
-53 243 164
-53 243 165
-53 243 166
-53 243 167
-53 243 168
-53 243 169
-53 243 170
-53 243 171
-53 243 172
-53 243 173
-53 243 174
-53 243 175
-53 244 160
-53 244 161
-53 244 162
-53 244 163
-53 244 164
-53 244 165
-53 244 166
-53 244 167
-53 244 168
-53 244 169
-53 244 170
-53 244 171
-53 244 174
-53 244 175
-53 245 160
-53 245 161
-53 245 162
-53 245 163
-53 245 164
-53 245 165
-53 245 166
-53 245 167
-53 245 168
-53 245 169
-53 245 171
-53 245 172
-53 245 175
-53 246 160
-53 246 161
-53 246 162
-53 246 163
-53 246 164
-53 246 165
-53 246 166
-53 246 167
-53 246 168
-53 246 169
-53 247 160
-53 247 161
-53 247 162
-53 247 163
-53 247 164
-53 247 165
-53 247 166
-53 247 167
-53 247 168
-53 248 160
-53 248 161
-53 248 162
-53 248 163
-53 248 164
-53 248 165
-53 248 166
-53 248 167
-53 248 168
-53 249 160
-53 249 161
-53 249 162
-53 249 163
-53 249 164
-53 249 166
-53 250 160
-53 250 161
-53 250 162
-53 250 163
-53 250 164
-53 251 160
-53 251 161
-53 252 160
-53 252 161
-53 252 162
-53 252 163
-53 253 160
-53 253 161
-52 228 175
-52 229 171
-52 229 172
-52 229 173
-52 229 175
-52 230 171
-52 230 172
-52 230 173
-52 230 174
-52 230 175
-52 231 169
-52 231 170
-52 231 171
-52 231 172
-52 231 174
-52 231 175
-52 232 170
-52 232 171
-52 232 172
-52 232 173
-52 232 174
-52 232 175
-52 233 168
-52 233 169
-52 233 170
-52 233 171
-52 233 172
-52 233 173
-52 233 174
-52 233 175
-52 234 165
-52 234 166
-52 234 168
-52 234 169
-52 234 170
-52 234 171
-52 234 172
-52 234 173
-52 234 174
-52 234 175
-52 235 166
-52 235 167
-52 235 168
-52 235 169
-52 235 170
-52 235 171
-52 235 172
-52 235 173
-52 235 174
-52 235 175
-52 236 167
-52 236 168
-52 236 169
-52 236 170
-52 236 171
-52 236 172
-52 236 173
-52 236 174
-52 236 175
-52 237 164
-52 237 166
-52 237 167
-52 237 168
-52 237 169
-52 237 170
-52 237 171
-52 237 172
-52 237 173
-52 237 174
-52 237 175
-52 238 160
-52 238 162
-52 238 163
-52 238 164
-52 238 165
-52 238 167
-52 238 168
-52 238 169
-52 238 170
-52 238 171
-52 238 172
-52 238 173
-52 238 174
-52 238 175
-52 239 161
-52 239 163
-52 239 164
-52 239 165
-52 239 166
-52 239 167
-52 239 169
-52 239 170
-52 239 171
-52 239 172
-52 239 173
-52 239 174
-52 239 175
-52 240 160
-52 240 162
-52 240 163
-52 240 164
-52 240 165
-52 240 166
-52 240 167
-52 240 169
-52 240 170
-52 240 171
-52 240 172
-52 240 173
-52 240 174
-52 240 175
-52 241 160
-52 241 161
-52 241 162
-52 241 163
-52 241 164
-52 241 165
-52 241 166
-52 241 167
-52 241 168
-52 241 169
-52 241 170
-52 241 171
-52 241 172
-52 241 173
-52 241 174
-52 241 175
-52 242 160
-52 242 161
-52 242 162
-52 242 163
-52 242 164
-52 242 165
-52 242 166
-52 242 167
-52 242 168
-52 242 170
-52 242 171
-52 242 172
-52 242 173
-52 242 174
-52 242 175
-52 243 160
-52 243 161
-52 243 162
-52 243 163
-52 243 164
-52 243 165
-52 243 166
-52 243 167
-52 243 168
-52 243 169
-52 243 171
-52 243 173
-52 243 174
-52 243 175
-52 244 160
-52 244 161
-52 244 162
-52 244 163
-52 244 164
-52 244 165
-52 244 166
-52 244 167
-52 244 174
-52 244 175
-52 245 160
-52 245 161
-52 245 162
-52 245 163
-52 245 164
-52 245 165
-52 245 166
-52 245 167
-52 245 168
-52 246 160
-52 246 161
-52 246 162
-52 246 163
-52 246 164
-52 246 165
-52 246 166
-52 246 167
-52 246 168
-52 246 169
-52 247 160
-52 247 161
-52 247 162
-52 247 163
-52 247 164
-52 247 165
-52 247 166
-52 247 167
-52 247 168
-52 247 169
-52 248 160
-52 248 161
-52 248 162
-52 248 163
-52 248 164
-52 248 165
-52 248 166
-52 248 168
-52 249 160
-52 249 161
-52 249 162
-52 249 163
-52 249 164
-52 249 165
-52 249 168
-52 250 160
-52 250 161
-52 250 162
-52 250 163
-52 250 164
-52 250 165
-52 251 160
-52 251 161
-52 251 162
-52 251 163
-52 252 160
-52 252 161
-52 252 162
-52 252 163
-52 252 164
-52 253 162
-52 253 163
-51 227 175
-51 228 171
-51 229 170
-51 229 171
-51 229 172
-51 229 173
-51 229 174
-51 229 175
-51 230 168
-51 230 169
-51 230 170
-51 230 171
-51 230 172
-51 230 173
-51 230 174
-51 230 175
-51 231 167
-51 231 168
-51 231 169
-51 231 170
-51 231 171
-51 231 172
-51 231 173
-51 231 174
-51 231 175
-51 232 166
-51 232 167
-51 232 168
-51 232 169
-51 232 170
-51 232 171
-51 232 172
-51 232 173
-51 232 174
-51 232 175
-51 233 165
-51 233 166
-51 233 167
-51 233 168
-51 233 169
-51 233 170
-51 233 171
-51 233 172
-51 233 173
-51 233 174
-51 233 175
-51 234 164
-51 234 165
-51 234 166
-51 234 167
-51 234 168
-51 234 169
-51 234 170
-51 234 171
-51 234 172
-51 234 173
-51 234 174
-51 234 175
-51 235 160
-51 235 166
-51 235 167
-51 235 168
-51 235 169
-51 235 170
-51 235 171
-51 235 172
-51 235 173
-51 235 174
-51 235 175
-51 236 163
-51 236 167
-51 236 168
-51 236 169
-51 236 170
-51 236 171
-51 236 172
-51 236 173
-51 236 174
-51 236 175
-51 237 162
-51 237 163
-51 237 165
-51 237 166
-51 237 167
-51 237 169
-51 237 170
-51 237 171
-51 237 172
-51 237 173
-51 237 174
-51 237 175
-51 238 160
-51 238 161
-51 238 162
-51 238 163
-51 238 164
-51 238 165
-51 238 168
-51 238 169
-51 238 170
-51 238 171
-51 238 172
-51 238 173
-51 238 174
-51 238 175
-51 239 160
-51 239 161
-51 239 162
-51 239 163
-51 239 164
-51 239 165
-51 239 166
-51 239 168
-51 239 169
-51 239 171
-51 239 172
-51 239 173
-51 239 174
-51 239 175
-51 240 160
-51 240 161
-51 240 162
-51 240 163
-51 240 164
-51 240 165
-51 240 166
-51 240 167
-51 240 169
-51 240 170
-51 240 171
-51 240 172
-51 240 173
-51 240 174
-51 240 175
-51 241 160
-51 241 161
-51 241 162
-51 241 163
-51 241 164
-51 241 165
-51 241 166
-51 241 167
-51 241 169
-51 241 170
-51 241 171
-51 241 172
-51 241 173
-51 241 174
-51 241 175
-51 242 160
-51 242 161
-51 242 162
-51 242 163
-51 242 164
-51 242 165
-51 242 166
-51 242 167
-51 242 168
-51 242 169
-51 242 170
-51 242 171
-51 242 172
-51 242 173
-51 242 174
-51 243 160
-51 243 161
-51 243 162
-51 243 163
-51 243 164
-51 243 165
-51 243 166
-51 243 167
-51 243 168
-51 243 169
-51 243 170
-51 243 171
-51 243 175
-51 244 160
-51 244 161
-51 244 162
-51 244 163
-51 244 164
-51 244 165
-51 244 166
-51 244 167
-51 245 160
-51 245 161
-51 245 162
-51 245 163
-51 245 164
-51 245 165
-51 245 166
-51 245 167
-51 245 168
-51 246 160
-51 246 161
-51 246 162
-51 246 163
-51 246 164
-51 246 165
-51 246 166
-51 246 167
-51 246 168
-51 246 169
-51 246 170
-51 247 160
-51 247 161
-51 247 162
-51 247 163
-51 247 164
-51 247 165
-51 247 166
-51 247 167
-51 247 168
-51 247 169
-51 248 160
-51 248 161
-51 248 162
-51 248 163
-51 248 164
-51 248 165
-51 248 166
-51 248 167
-51 248 168
-51 248 169
-51 249 160
-51 249 161
-51 249 162
-51 249 163
-51 249 164
-51 249 167
-51 250 160
-51 250 161
-51 250 162
-51 250 163
-51 250 164
-51 251 160
-51 251 161
-51 251 162
-51 252 160
-51 252 161
-51 252 162
-51 252 163
-51 253 160
-51 253 161
-50 227 173
-50 227 174
-50 227 175
-50 228 169
-50 228 172
-50 228 173
-50 228 174
-50 228 175
-50 229 169
-50 229 170
-50 229 171
-50 229 172
-50 229 173
-50 229 174
-50 229 175
-50 230 167
-50 230 168
-50 230 169
-50 230 170
-50 230 171
-50 230 172
-50 230 173
-50 230 174
-50 230 175
-50 231 167
-50 231 168
-50 231 169
-50 231 170
-50 231 171
-50 231 172
-50 231 173
-50 231 174
-50 231 175
-50 232 166
-50 232 167
-50 232 168
-50 232 169
-50 232 170
-50 232 171
-50 232 172
-50 232 173
-50 232 174
-50 232 175
-50 233 165
-50 233 166
-50 233 167
-50 233 168
-50 233 169
-50 233 170
-50 233 171
-50 233 172
-50 233 173
-50 233 174
-50 233 175
-50 234 164
-50 234 165
-50 234 166
-50 234 167
-50 234 168
-50 234 169
-50 234 170
-50 234 171
-50 234 172
-50 234 173
-50 234 174
-50 234 175
-50 235 164
-50 235 165
-50 235 166
-50 235 167
-50 235 168
-50 235 169
-50 235 170
-50 235 171
-50 235 172
-50 235 173
-50 235 174
-50 235 175
-50 236 161
-50 236 164
-50 236 166
-50 236 167
-50 236 168
-50 236 169
-50 236 170
-50 236 171
-50 236 172
-50 236 173
-50 236 174
-50 236 175
-50 237 160
-50 237 161
-50 237 163
-50 237 164
-50 237 165
-50 237 166
-50 237 167
-50 237 168
-50 237 169
-50 237 170
-50 237 171
-50 237 172
-50 237 173
-50 237 174
-50 237 175
-50 238 160
-50 238 161
-50 238 162
-50 238 163
-50 238 164
-50 238 165
-50 238 166
-50 238 167
-50 238 168
-50 238 169
-50 238 170
-50 238 171
-50 238 172
-50 238 173
-50 238 174
-50 238 175
-50 239 160
-50 239 161
-50 239 162
-50 239 163
-50 239 164
-50 239 165
-50 239 166
-50 239 167
-50 239 168
-50 239 169
-50 239 171
-50 239 172
-50 239 173
-50 239 174
-50 239 175
-50 240 160
-50 240 161
-50 240 162
-50 240 163
-50 240 164
-50 240 165
-50 240 166
-50 240 167
-50 240 168
-50 240 169
-50 240 170
-50 240 171
-50 240 172
-50 240 173
-50 240 174
-50 240 175
-50 241 160
-50 241 161
-50 241 162
-50 241 163
-50 241 164
-50 241 165
-50 241 166
-50 241 167
-50 241 168
-50 241 169
-50 241 170
-50 241 171
-50 241 172
-50 241 173
-50 241 174
-50 242 160
-50 242 161
-50 242 162
-50 242 163
-50 242 164
-50 242 165
-50 242 166
-50 242 167
-50 242 168
-50 242 169
-50 242 170
-50 242 171
-50 242 172
-50 242 174
-50 243 160
-50 243 161
-50 243 162
-50 243 163
-50 243 164
-50 243 165
-50 243 166
-50 243 167
-50 243 168
-50 243 169
-50 243 170
-50 243 171
-50 243 172
-50 244 160
-50 244 161
-50 244 162
-50 244 163
-50 244 164
-50 244 165
-50 244 166
-50 244 167
-50 244 168
-50 244 169
-50 245 160
-50 245 161
-50 245 162
-50 245 163
-50 245 164
-50 245 165
-50 245 166
-50 245 167
-50 245 168
-50 245 169
-50 246 160
-50 246 161
-50 246 162
-50 246 163
-50 246 164
-50 246 165
-50 246 166
-50 246 167
-50 246 169
-50 247 160
-50 247 161
-50 247 162
-50 247 163
-50 247 164
-50 247 165
-50 247 166
-50 247 167
-50 247 168
-50 247 169
-50 248 160
-50 248 161
-50 248 162
-50 248 163
-50 248 164
-50 248 165
-50 248 168
-50 249 160
-50 249 161
-50 249 162
-50 249 163
-50 249 164
-50 250 160
-50 250 161
-50 250 163
-50 250 164
-50 251 160
-50 251 161
-50 251 162
-50 251 163
-50 252 160
-49 225 173
-49 226 172
-49 226 173
-49 227 172
-49 227 173
-49 227 174
-49 227 175
-49 228 171
-49 228 172
-49 228 173
-49 228 174
-49 228 175
-49 229 171
-49 229 172
-49 229 173
-49 229 174
-49 229 175
-49 230 166
-49 230 168
-49 230 169
-49 230 170
-49 230 171
-49 230 172
-49 230 173
-49 230 174
-49 230 175
-49 231 168
-49 231 169
-49 231 170
-49 231 171
-49 231 172
-49 231 173
-49 231 174
-49 231 175
-49 232 165
-49 232 166
-49 232 167
-49 232 168
-49 232 169
-49 232 170
-49 232 171
-49 232 172
-49 232 173
-49 232 174
-49 232 175
-49 233 164
-49 233 165
-49 233 166
-49 233 167
-49 233 168
-49 233 169
-49 233 170
-49 233 171
-49 233 172
-49 233 173
-49 233 174
-49 233 175
-49 234 164
-49 234 165
-49 234 166
-49 234 167
-49 234 168
-49 234 169
-49 234 170
-49 234 171
-49 234 172
-49 234 173
-49 234 174
-49 234 175
-49 235 164
-49 235 165
-49 235 166
-49 235 167
-49 235 168
-49 235 169
-49 235 170
-49 235 171
-49 235 172
-49 235 173
-49 235 174
-49 235 175
-49 236 161
-49 236 164
-49 236 165
-49 236 166
-49 236 167
-49 236 168
-49 236 169
-49 236 170
-49 236 171
-49 236 172
-49 236 173
-49 236 174
-49 236 175
-49 237 160
-49 237 161
-49 237 164
-49 237 165
-49 237 166
-49 237 167
-49 237 168
-49 237 169
-49 237 170
-49 237 171
-49 237 172
-49 237 173
-49 237 174
-49 237 175
-49 238 160
-49 238 161
-49 238 163
-49 238 164
-49 238 165
-49 238 166
-49 238 167
-49 238 168
-49 238 169
-49 238 170
-49 238 171
-49 238 172
-49 238 173
-49 238 174
-49 238 175
-49 239 160
-49 239 161
-49 239 162
-49 239 163
-49 239 164
-49 239 165
-49 239 166
-49 239 167
-49 239 168
-49 239 169
-49 239 170
-49 239 171
-49 239 172
-49 239 173
-49 239 174
-49 239 175
-49 240 160
-49 240 161
-49 240 162
-49 240 163
-49 240 164
-49 240 165
-49 240 166
-49 240 167
-49 240 168
-49 240 169
-49 240 170
-49 240 171
-49 240 172
-49 240 173
-49 240 174
-49 240 175
-49 241 160
-49 241 161
-49 241 162
-49 241 163
-49 241 164
-49 241 165
-49 241 166
-49 241 167
-49 241 168
-49 241 169
-49 241 170
-49 241 171
-49 241 172
-49 241 173
-49 241 174
-49 241 175
-49 242 160
-49 242 161
-49 242 162
-49 242 163
-49 242 164
-49 242 165
-49 242 166
-49 242 167
-49 242 168
-49 242 169
-49 242 170
-49 242 171
-49 242 172
-49 242 173
-49 242 174
-49 243 160
-49 243 161
-49 243 162
-49 243 163
-49 243 164
-49 243 165
-49 243 166
-49 243 167
-49 243 168
-49 243 169
-49 243 170
-49 243 172
-49 244 160
-49 244 161
-49 244 162
-49 244 163
-49 244 164
-49 244 165
-49 244 166
-49 244 167
-49 244 172
-49 245 160
-49 245 161
-49 245 162
-49 245 163
-49 245 164
-49 245 165
-49 245 166
-49 245 167
-49 245 168
-49 246 160
-49 246 161
-49 246 162
-49 246 163
-49 246 164
-49 246 165
-49 246 166
-49 246 167
-49 247 160
-49 247 161
-49 247 162
-49 247 163
-49 247 165
-49 247 166
-49 248 160
-49 248 161
-49 248 162
-49 248 163
-49 248 164
-49 248 165
-49 248 166
-49 249 160
-49 249 161
-49 249 162
-49 249 163
-49 250 160
-49 250 163
-49 251 160
-49 251 161

