alfheim:altLeaves
6
-144 214 -194
-144 215 -195
-144 216 -196
-144 216 -195
-144 216 -194
-144 216 -193
-144 217 -198
-144 217 -197
-144 217 -196
-144 217 -195
-144 217 -194
-144 217 -193
-144 218 -197
-144 218 -196
-144 218 -195
-144 218 -194
-144 218 -193
-144 219 -198
-144 219 -197
-144 219 -196
-144 219 -195
-144 219 -194
-144 219 -193
-144 220 -198
-144 220 -197
-144 220 -196
-144 220 -195
-144 220 -194
-144 220 -193
-144 221 -198
-144 221 -197
-144 221 -196
-144 221 -195
-144 221 -194
-144 221 -193
-144 222 -198
-144 222 -197
-144 222 -196
-144 222 -195
-144 222 -194
-144 222 -193
-144 223 -197
-144 223 -196
-144 223 -195
-144 223 -194
-144 223 -193
-144 224 -198
-144 224 -197
-144 224 -195
-144 224 -194
-144 224 -193
-143 214 -194
-143 215 -196
-143 215 -195
-143 215 -194
-143 215 -193
-143 216 -199
-143 216 -198
-143 216 -197
-143 216 -196
-143 216 -195
-143 216 -194
-143 216 -193
-143 217 -199
-143 217 -198
-143 217 -196
-143 217 -195
-143 217 -194
-143 217 -193
-143 218 -199
-143 218 -198
-143 218 -197
-143 218 -196
-143 218 -195
-143 218 -194
-143 218 -193
-143 219 -199
-143 219 -198
-143 219 -197
-143 219 -196
-143 219 -195
-143 219 -194
-143 219 -193
-143 220 -200
-143 220 -198
-143 220 -197
-143 220 -196
-143 220 -195
-143 220 -194
-143 220 -193
-143 221 -200
-143 221 -199
-143 221 -198
-143 221 -197
-143 221 -196
-143 221 -195
-143 221 -194
-143 221 -193
-143 222 -198
-143 222 -197
-143 222 -196
-143 222 -195
-143 222 -194
-143 222 -193
-143 223 -197
-143 223 -196
-143 223 -195
-143 223 -194
-143 223 -193
-143 224 -197
-143 224 -196
-143 224 -195
-143 224 -194
-143 224 -193
-142 214 -194
-142 215 -194
-142 216 -199
-142 216 -198
-142 216 -197
-142 216 -195
-142 216 -193
-142 217 -200
-142 217 -199
-142 217 -197
-142 217 -196
-142 217 -195
-142 217 -194
-142 217 -193
-142 218 -200
-142 218 -199
-142 218 -198
-142 218 -197
-142 218 -196
-142 218 -195
-142 218 -194
-142 218 -193
-142 219 -199
-142 219 -198
-142 219 -197
-142 219 -196
-142 219 -195
-142 219 -194
-142 219 -193
-142 220 -202
-142 220 -201
-142 220 -200
-142 220 -199
-142 220 -198
-142 220 -197
-142 220 -196
-142 220 -195
-142 220 -194
-142 220 -193
-142 221 -201
-142 221 -200
-142 221 -199
-142 221 -198
-142 221 -197
-142 221 -196
-142 221 -195
-142 221 -194
-142 221 -193
-142 222 -198
-142 222 -197
-142 222 -196
-142 222 -195
-142 222 -194
-142 222 -193
-142 223 -198
-142 223 -197
-142 223 -196
-142 223 -195
-142 223 -194
-142 223 -193
-142 224 -197
-142 224 -196
-142 224 -195
-142 224 -194
-142 224 -193
-141 215 -196
-141 215 -194
-141 216 -197
-141 216 -196
-141 216 -195
-141 216 -194
-141 216 -193
-141 217 -198
-141 217 -197
-141 217 -196
-141 217 -195
-141 217 -194
-141 218 -199
-141 218 -198
-141 218 -197
-141 218 -196
-141 218 -195
-141 218 -194
-141 218 -193
-141 219 -201
-141 219 -200
-141 219 -199
-141 219 -198
-141 219 -197
-141 219 -196
-141 219 -195
-141 219 -194
-141 219 -193
-141 220 -200
-141 220 -199
-141 220 -198
-141 220 -197
-141 220 -196
-141 220 -195
-141 220 -194
-141 220 -193
-141 221 -199
-141 221 -198
-141 221 -197
-141 221 -196
-141 221 -195
-141 221 -194
-141 221 -193
-141 222 -199
-141 222 -197
-141 222 -196
-141 222 -195
-141 222 -194
-141 222 -193
-141 223 -199
-141 223 -198
-141 223 -196
-141 223 -195
-141 223 -194
-141 223 -193
-141 224 -197
-141 224 -196
-141 224 -195
-141 224 -194
-141 224 -193
-140 216 -196
-140 216 -195
-140 216 -194
-140 217 -198
-140 217 -197
-140 217 -195
-140 217 -194
-140 217 -193
-140 218 -199
-140 218 -198
-140 218 -197
-140 218 -196
-140 218 -195
-140 218 -194
-140 218 -193
-140 219 -199
-140 219 -198
-140 219 -197
-140 219 -196
-140 219 -195
-140 219 -194
-140 219 -193
-140 220 -201
-140 220 -200
-140 220 -199
-140 220 -198
-140 220 -197
-140 220 -196
-140 220 -195
-140 220 -194
-140 220 -193
-140 221 -199
-140 221 -198
-140 221 -197
-140 221 -196
-140 221 -195
-140 221 -194
-140 221 -193
-140 222 -198
-140 222 -197
-140 222 -196
-140 222 -195
-140 222 -194
-140 222 -193
-140 223 -197
-140 223 -196
-140 223 -195
-140 223 -194
-140 223 -193
-140 224 -197
-140 224 -196
-140 224 -195
-140 224 -194
-140 224 -193
-139 215 -194
-139 215 -193
-139 216 -198
-139 216 -196
-139 216 -195
-139 216 -194
-139 216 -193
-139 217 -199
-139 217 -198
-139 217 -197
-139 217 -196
-139 217 -195
-139 217 -194
-139 217 -193
-139 218 -200
-139 218 -199
-139 218 -198
-139 218 -197
-139 218 -196
-139 218 -195
-139 218 -194
-139 218 -193
-139 219 -198
-139 219 -197
-139 219 -196
-139 219 -195
-139 219 -194
-139 219 -193
-139 220 -201
-139 220 -200
-139 220 -199
-139 220 -198
-139 220 -197
-139 220 -196
-139 220 -195
-139 220 -194
-139 220 -193
-139 221 -200
-139 221 -199
-139 221 -198
-139 221 -197
-139 221 -196
-139 221 -195
-139 221 -194
-139 221 -193
-139 222 -200
-139 222 -199
-139 222 -198
-139 222 -197
-139 222 -196
-139 222 -195
-139 222 -194
-139 222 -193
-139 223 -199
-139 223 -198
-139 223 -197
-139 223 -196
-139 223 -195
-139 223 -194
-139 224 -197
-139 224 -196
-139 224 -195
-139 224 -194
-139 224 -193
-138 214 -196
-138 215 -197
-138 215 -195
-138 216 -199
-138 216 -196
-138 216 -195
-138 216 -194
-138 216 -193
-138 217 -200
-138 217 -199
-138 217 -197
-138 217 -196
-138 217 -195
-138 217 -193
-138 218 -199
-138 218 -198
-138 218 -197
-138 218 -196
-138 218 -195
-138 218 -194
-138 218 -193
-138 219 -200
-138 219 -199
-138 219 -198
-138 219 -197
-138 219 -196
-138 219 -195
-138 219 -194
-138 219 -193
-138 220 -202
-138 220 -201
-138 220 -200
-138 220 -199
-138 220 -198
-138 220 -197
-138 220 -196
-138 220 -195
-138 220 -194
-138 220 -193
-138 221 -201
-138 221 -200
-138 221 -199
-138 221 -198
-138 221 -197
-138 221 -196
-138 221 -195
-138 221 -194
-138 221 -193
-138 222 -200
-138 222 -198
-138 222 -197
-138 222 -196
-138 222 -195
-138 222 -194
-138 222 -193
-138 223 -196
-138 223 -195
-138 223 -194
-138 223 -193
-138 224 -200
-138 224 -199
-138 224 -196
-138 224 -195
-138 224 -194
-138 224 -193
-137 213 -196
-137 214 -197
-137 214 -196
-137 215 -199
-137 215 -198
-137 215 -197
-137 215 -196
-137 215 -194
-137 216 -199
-137 216 -197
-137 216 -196
-137 216 -195
-137 216 -194
-137 216 -193
-137 217 -200
-137 217 -199
-137 217 -198
-137 217 -197
-137 217 -196
-137 217 -195
-137 217 -194
-137 218 -201
-137 218 -198
-137 218 -197
-137 218 -196
-137 218 -195
-137 218 -194
-137 218 -193
-137 219 -201
-137 219 -200
-137 219 -199
-137 219 -198
-137 219 -197
-137 219 -196
-137 219 -195
-137 219 -194
-137 219 -193
-137 220 -203
-137 220 -202
-137 220 -201
-137 220 -200
-137 220 -199
-137 220 -198
-137 220 -197
-137 220 -196
-137 220 -195
-137 220 -194
-137 220 -193
-137 221 -200
-137 221 -199
-137 221 -198
-137 221 -197
-137 221 -196
-137 221 -195
-137 221 -194
-137 221 -193
-137 222 -200
-137 222 -199
-137 222 -198
-137 222 -196
-137 222 -195
-137 222 -194
-137 222 -193
-137 223 -200
-137 223 -199
-137 223 -198
-137 223 -197
-137 223 -196
-137 223 -195
-137 223 -194
-137 223 -193
-137 224 -201
-137 224 -200
-137 224 -199
-137 224 -198
-137 224 -197
-137 224 -196
-137 224 -195
-137 224 -194
-137 224 -193
-136 212 -197
-136 213 -197
-136 213 -196
-136 214 -197
-136 214 -196
-136 214 -195
-136 214 -193
-136 215 -200
-136 215 -199
-136 215 -198
-136 215 -197
-136 215 -196
-136 215 -195
-136 215 -194
-136 215 -193
-136 216 -200
-136 216 -199
-136 216 -198
-136 216 -197
-136 216 -196
-136 216 -195
-136 216 -194
-136 216 -193
-136 217 -201
-136 217 -200
-136 217 -199
-136 217 -198
-136 217 -197
-136 217 -196
-136 217 -195
-136 217 -194
-136 217 -193
-136 218 -201
-136 218 -200
-136 218 -199
-136 218 -198
-136 218 -197
-136 218 -196
-136 218 -195
-136 218 -194
-136 218 -193
-136 219 -200
-136 219 -199
-136 219 -198
-136 219 -197
-136 219 -196
-136 219 -195
-136 219 -194
-136 219 -193
-136 220 -202
-136 220 -201
-136 220 -200
-136 220 -199
-136 220 -198
-136 220 -197
-136 220 -196
-136 220 -195
-136 220 -194
-136 220 -193
-136 221 -201
-136 221 -200
-136 221 -199
-136 221 -198
-136 221 -197
-136 221 -196
-136 221 -195
-136 221 -194
-136 221 -193
-136 222 -202
-136 222 -201
-136 222 -200
-136 222 -199
-136 222 -198
-136 222 -197
-136 222 -196
-136 222 -195
-136 222 -194
-136 222 -193
-136 223 -200
-136 223 -199
-136 223 -198
-136 223 -197
-136 223 -196
-136 223 -195
-136 223 -194
-136 223 -193
-136 224 -200
-136 224 -199
-136 224 -198
-136 224 -197
-136 224 -196
-136 224 -195
-136 224 -194
-136 224 -193
-135 213 -197
-135 213 -196
-135 214 -199
-135 214 -198
-135 214 -197
-135 214 -196
-135 214 -195
-135 215 -199
-135 215 -197
-135 215 -196
-135 215 -195
-135 215 -194
-135 215 -193
-135 216 -201
-135 216 -200
-135 216 -199
-135 216 -198
-135 216 -197
-135 216 -196
-135 216 -195
-135 216 -194
-135 216 -193
-135 217 -203
-135 217 -202
-135 217 -201
-135 217 -200
-135 217 -199
-135 217 -198
-135 217 -197
-135 217 -196
-135 217 -195
-135 217 -194
-135 217 -193
-135 218 -202
-135 218 -201
-135 218 -200
-135 218 -199
-135 218 -198
-135 218 -197
-135 218 -196
-135 218 -195
-135 218 -194
-135 218 -193
-135 219 -202
-135 219 -201
-135 219 -200
-135 219 -199
-135 219 -198
-135 219 -197
-135 219 -196
-135 219 -195
-135 219 -194
-135 219 -193
-135 220 -203
-135 220 -202
-135 220 -201
-135 220 -200
-135 220 -199
-135 220 -198
-135 220 -197
-135 220 -196
-135 220 -195
-135 220 -194
-135 220 -193
-135 221 -202
-135 221 -201
-135 221 -200
-135 221 -199
-135 221 -198
-135 221 -197
-135 221 -196
-135 221 -195
-135 221 -194
-135 221 -193
-135 222 -202
-135 222 -201
-135 222 -200
-135 222 -199
-135 222 -198
-135 222 -197
-135 222 -196
-135 222 -195
-135 222 -194
-135 222 -193
-135 223 -201
-135 223 -200
-135 223 -199
-135 223 -198
-135 223 -197
-135 223 -196
-135 223 -195
-135 223 -194
-135 223 -193
-135 224 -197
-135 224 -196
-135 224 -195
-135 224 -194
-135 224 -193
-134 213 -199
-134 213 -198
-134 213 -196
-134 214 -201
-134 214 -199
-134 214 -196
-134 214 -195
-134 214 -194
-134 214 -193
-134 215 -202
-134 215 -201
-134 215 -200
-134 215 -199
-134 215 -198
-134 215 -197
-134 215 -196
-134 215 -195
-134 215 -193
-134 216 -202
-134 216 -201
-134 216 -200
-134 216 -199
-134 216 -198
-134 216 -197
-134 216 -196
-134 216 -195
-134 216 -194
-134 216 -193
-134 217 -203
-134 217 -202
-134 217 -201
-134 217 -200
-134 217 -199
-134 217 -198
-134 217 -197
-134 217 -196
-134 217 -195
-134 217 -194
-134 217 -193
-134 218 -203
-134 218 -202
-134 218 -201
-134 218 -200
-134 218 -199
-134 218 -198
-134 218 -197
-134 218 -196
-134 218 -195
-134 218 -194
-134 218 -193
-134 219 -203
-134 219 -201
-134 219 -200
-134 219 -199
-134 219 -198
-134 219 -197
-134 219 -196
-134 219 -195
-134 219 -194
-134 219 -193
-134 220 -202
-134 220 -201
-134 220 -200
-134 220 -199
-134 220 -198
-134 220 -197
-134 220 -196
-134 220 -195
-134 220 -194
-134 220 -193
-134 221 -202
-134 221 -201
-134 221 -200
-134 221 -199
-134 221 -198
-134 221 -197
-134 221 -196
-134 221 -195
-134 221 -194
-134 221 -193
-134 222 -202
-134 222 -200
-134 222 -199
-134 222 -198
-134 222 -197
-134 222 -196
-134 222 -195
-134 222 -194
-134 222 -193
-134 223 -200
-134 223 -199
-134 223 -198
-134 223 -197
-134 223 -196
-134 223 -195
-134 223 -194
-134 223 -193
-134 224 -198
-134 224 -197
-134 224 -196
-134 224 -195
-134 224 -194
-134 224 -193
-133 212 -193
-133 213 -200
-133 213 -199
-133 213 -198
-133 213 -196
-133 213 -195
-133 213 -194
-133 213 -193
-133 214 -200
-133 214 -199
-133 214 -198
-133 214 -197
-133 214 -196
-133 214 -193
-133 215 -202
-133 215 -201
-133 215 -200
-133 215 -199
-133 215 -198
-133 215 -197
-133 215 -196
-133 215 -195
-133 215 -194
-133 216 -202
-133 216 -201
-133 216 -200
-133 216 -199
-133 216 -198
-133 216 -197
-133 216 -196
-133 216 -195
-133 216 -194
-133 216 -193
-133 217 -203
-133 217 -202
-133 217 -201
-133 217 -200
-133 217 -199
-133 217 -198
-133 217 -197
-133 217 -196
-133 217 -195
-133 217 -194
-133 217 -193
-133 218 -203
-133 218 -202
-133 218 -201
-133 218 -200
-133 218 -199
-133 218 -198
-133 218 -197
-133 218 -196
-133 218 -195
-133 218 -194
-133 218 -193
-133 219 -203
-133 219 -202
-133 219 -201
-133 219 -200
-133 219 -199
-133 219 -198
-133 219 -197
-133 219 -196
-133 219 -195
-133 219 -194
-133 219 -193
-133 220 -203
-133 220 -202
-133 220 -201
-133 220 -200
-133 220 -199
-133 220 -198
-133 220 -197
-133 220 -196
-133 220 -195
-133 220 -194
-133 220 -193
-133 221 -203
-133 221 -201
-133 221 -200
-133 221 -199
-133 221 -198
-133 221 -197
-133 221 -196
-133 221 -195
-133 221 -194
-133 221 -193
-133 222 -202
-133 222 -201
-133 222 -200
-133 222 -199
-133 222 -198
-133 222 -197
-133 222 -196
-133 222 -195
-133 222 -194
-133 222 -193
-133 223 -199
-133 223 -198
-133 223 -197
-133 223 -196
-133 223 -195
-133 223 -194
-133 223 -193
-133 224 -199
-133 224 -198
-133 224 -197
-133 224 -196
-133 224 -195
-133 224 -194
-133 224 -193
-132 212 -199
-132 212 -194
-132 212 -193
-132 213 -200
-132 213 -199
-132 213 -198
-132 213 -197
-132 213 -196
-132 213 -193
-132 214 -201
-132 214 -200
-132 214 -199
-132 214 -198
-132 214 -197
-132 214 -196
-132 214 -195
-132 214 -194
-132 214 -193
-132 215 -202
-132 215 -201
-132 215 -200
-132 215 -199
-132 215 -198
-132 215 -197
-132 215 -196
-132 215 -195
-132 215 -194
-132 215 -193
-132 216 -203
-132 216 -202
-132 216 -201
-132 216 -200
-132 216 -199
-132 216 -198
-132 216 -197
-132 216 -196
-132 216 -195
-132 216 -194
-132 216 -193
-132 217 -205
-132 217 -202
-132 217 -201
-132 217 -200
-132 217 -199
-132 217 -198
-132 217 -197
-132 217 -196
-132 217 -195
-132 217 -194
-132 217 -193
-132 218 -206
-132 218 -205
-132 218 -204
-132 218 -203
-132 218 -202
-132 218 -201
-132 218 -200
-132 218 -199
-132 218 -198
-132 218 -197
-132 218 -196
-132 218 -195
-132 218 -194
-132 218 -193
-132 219 -206
-132 219 -205
-132 219 -204
-132 219 -203
-132 219 -202
-132 219 -201
-132 219 -200
-132 219 -199
-132 219 -198
-132 219 -197
-132 219 -196
-132 219 -195
-132 219 -194
-132 219 -193
-132 220 -204
-132 220 -203
-132 220 -202
-132 220 -201
-132 220 -200
-132 220 -199
-132 220 -198
-132 220 -197
-132 220 -196
-132 220 -195
-132 220 -194
-132 220 -193
-132 221 -203
-132 221 -202
-132 221 -201
-132 221 -200
-132 221 -199
-132 221 -198
-132 221 -197
-132 221 -196
-132 221 -195
-132 221 -194
-132 221 -193
-132 222 -202
-132 222 -201
-132 222 -200
-132 222 -199
-132 222 -198
-132 222 -197
-132 222 -196
-132 222 -195
-132 222 -194
-132 222 -193
-132 223 -202
-132 223 -201
-132 223 -200
-132 223 -199
-132 223 -198
-132 223 -197
-132 223 -196
-132 223 -195
-132 223 -194
-132 223 -193
-132 224 -199
-132 224 -198
-132 224 -197
-132 224 -196
-132 224 -195
-132 224 -194
-131 209 -193
-131 211 -194
-131 211 -193
-131 212 -197
-131 212 -195
-131 212 -194
-131 212 -193
-131 213 -200
-131 213 -197
-131 213 -196
-131 213 -195
-131 213 -194
-131 213 -193
-131 214 -204
-131 214 -201
-131 214 -200
-131 214 -199
-131 214 -198
-131 214 -197
-131 214 -196
-131 214 -194
-131 214 -193
-131 215 -205
-131 215 -204
-131 215 -202
-131 215 -201
-131 215 -200
-131 215 -199
-131 215 -198
-131 215 -197
-131 215 -196
-131 215 -195
-131 215 -194
-131 215 -193
-131 216 -205
-131 216 -204
-131 216 -203
-131 216 -202
-131 216 -201
-131 216 -200
-131 216 -199
-131 216 -198
-131 216 -197
-131 216 -196
-131 216 -195
-131 216 -194
-131 216 -193
-131 217 -206
-131 217 -205
-131 217 -204
-131 217 -203
-131 217 -202
-131 217 -201
-131 217 -200
-131 217 -199
-131 217 -198
-131 217 -197
-131 217 -196
-131 217 -195
-131 217 -194
-131 217 -193
-131 218 -205
-131 218 -204
-131 218 -203
-131 218 -202
-131 218 -201
-131 218 -200
-131 218 -199
-131 218 -198
-131 218 -197
-131 218 -196
-131 218 -195
-131 218 -194
-131 218 -193
-131 219 -206
-131 219 -205
-131 219 -204
-131 219 -203
-131 219 -202
-131 219 -201
-131 219 -200
-131 219 -199
-131 219 -198
-131 219 -197
-131 219 -196
-131 219 -195
-131 219 -194
-131 219 -193
-131 220 -205
-131 220 -204
-131 220 -203
-131 220 -202
-131 220 -201
-131 220 -200
-131 220 -199
-131 220 -198
-131 220 -197
-131 220 -196
-131 220 -195
-131 220 -194
-131 220 -193
-131 221 -205
-131 221 -204
-131 221 -203
-131 221 -202
-131 221 -201
-131 221 -200
-131 221 -199
-131 221 -198
-131 221 -197
-131 221 -196
-131 221 -195
-131 221 -194
-131 221 -193
-131 222 -202
-131 222 -201
-131 222 -200
-131 222 -199
-131 222 -198
-131 222 -197
-131 222 -196
-131 222 -195
-131 222 -194
-131 222 -193
-131 223 -201
-131 223 -200
-131 223 -199
-131 223 -197
-131 223 -196
-131 223 -195
-131 224 -201
-131 224 -200
-131 224 -199
-131 224 -198
-131 224 -197
-131 224 -196
-131 224 -195
-131 224 -194
-131 224 -193
-130 208 -193
-130 209 -194
-130 209 -193
-130 210 -196
-130 210 -195
-130 210 -193
-130 211 -195
-130 211 -194
-130 211 -193
-130 212 -200
-130 212 -199
-130 212 -198
-130 212 -195
-130 212 -193
-130 213 -200
-130 213 -198
-130 213 -197
-130 213 -196
-130 213 -195
-130 213 -194
-130 213 -193
-130 214 -205
-130 214 -204
-130 214 -203
-130 214 -201
-130 214 -200
-130 214 -199
-130 214 -198
-130 214 -197
-130 214 -196
-130 214 -195
-130 214 -194
-130 214 -193
-130 215 -205
-130 215 -204
-130 215 -203
-130 215 -202
-130 215 -201
-130 215 -200
-130 215 -199
-130 215 -198
-130 215 -197
-130 215 -196
-130 215 -195
-130 215 -194
-130 215 -193
-130 216 -206
-130 216 -205
-130 216 -204
-130 216 -203
-130 216 -202
-130 216 -201
-130 216 -200
-130 216 -199
-130 216 -198
-130 216 -197
-130 216 -196
-130 216 -195
-130 216 -194
-130 216 -193
-130 217 -206
-130 217 -205
-130 217 -204
-130 217 -203
-130 217 -202
-130 217 -201
-130 217 -200
-130 217 -199
-130 217 -198
-130 217 -197
-130 217 -196
-130 217 -195
-130 217 -194
-130 217 -193
-130 218 -205
-130 218 -204
-130 218 -203
-130 218 -202
-130 218 -201
-130 218 -200
-130 218 -199
-130 218 -198
-130 218 -197
-130 218 -196
-130 218 -195
-130 218 -194
-130 218 -193
-130 219 -207
-130 219 -206
-130 219 -205
-130 219 -204
-130 219 -203
-130 219 -202
-130 219 -201
-130 219 -200
-130 219 -199
-130 219 -198
-130 219 -197
-130 219 -196
-130 219 -195
-130 219 -194
-130 219 -193
-130 220 -206
-130 220 -205
-130 220 -204
-130 220 -203
-130 220 -202
-130 220 -201
-130 220 -200
-130 220 -199
-130 220 -198
-130 220 -197
-130 220 -196
-130 220 -195
-130 220 -194
-130 220 -193
-130 221 -205
-130 221 -204
-130 221 -203
-130 221 -202
-130 221 -201
-130 221 -200
-130 221 -199
-130 221 -198
-130 221 -197
-130 221 -196
-130 221 -195
-130 221 -194
-130 221 -193
-130 222 -204
-130 222 -203
-130 222 -202
-130 222 -201
-130 222 -200
-130 222 -199
-130 222 -198
-130 222 -197
-130 222 -196
-130 222 -194
-130 222 -193
-130 223 -202
-130 223 -201
-130 223 -199
-130 223 -197
-130 223 -196
-130 223 -195
-130 223 -193
-130 224 -201
-130 224 -200
-130 224 -199
-130 224 -198
-130 224 -197
-130 224 -196
-130 224 -195
-130 224 -194
-130 224 -193
-129 208 -193
-129 209 -195
-129 209 -194
-129 209 -193
-129 210 -200
-129 210 -195
-129 210 -194
-129 210 -193
-129 211 -200
-129 211 -199
-129 211 -194
-129 211 -193
-129 212 -201
-129 212 -200
-129 212 -198
-129 212 -197
-129 212 -196
-129 212 -195
-129 212 -194
-129 212 -193
-129 213 -204
-129 213 -203
-129 213 -201
-129 213 -200
-129 213 -199
-129 213 -198
-129 213 -197
-129 213 -196
-129 213 -195
-129 213 -194
-129 213 -193
-129 214 -205
-129 214 -204
-129 214 -203
-129 214 -202
-129 214 -201
-129 214 -200
-129 214 -199
-129 214 -198
-129 214 -197
-129 214 -196
-129 214 -195
-129 214 -194
-129 214 -193
-129 215 -206
-129 215 -205
-129 215 -204
-129 215 -203
-129 215 -202
-129 215 -201
-129 215 -200
-129 215 -199
-129 215 -198
-129 215 -197
-129 215 -196
-129 215 -195
-129 215 -194
-129 215 -193
-129 216 -207
-129 216 -206
-129 216 -205
-129 216 -204
-129 216 -203
-129 216 -202
-129 216 -201
-129 216 -200
-129 216 -199
-129 216 -198
-129 216 -197
-129 216 -196
-129 216 -195
-129 216 -194
-129 216 -193
-129 217 -208
-129 217 -207
-129 217 -206
-129 217 -205
-129 217 -204
-129 217 -203
-129 217 -202
-129 217 -201
-129 217 -200
-129 217 -199
-129 217 -198
-129 217 -197
-129 217 -196
-129 217 -195
-129 217 -194
-129 217 -193
-129 218 -206
-129 218 -205
-129 218 -204
-129 218 -203
-129 218 -202
-129 218 -201
-129 218 -200
-129 218 -199
-129 218 -198
-129 218 -197
-129 218 -196
-129 218 -195
-129 218 -194
-129 218 -193
-129 219 -206
-129 219 -205
-129 219 -204
-129 219 -203
-129 219 -202
-129 219 -201
-129 219 -200
-129 219 -199
-129 219 -198
-129 219 -197
-129 219 -196
-129 219 -195
-129 219 -194
-129 219 -193
-129 220 -206
-129 220 -205
-129 220 -204
-129 220 -203
-129 220 -202
-129 220 -201
-129 220 -200
-129 220 -199
-129 220 -197
-129 220 -196
-129 220 -195
-129 220 -194
-129 220 -193
-129 221 -205
-129 221 -204
-129 221 -203
-129 221 -202
-129 221 -201
-129 221 -200
-129 221 -199
-129 221 -198
-129 221 -197
-129 221 -196
-129 221 -195
-129 221 -194
-129 221 -193
-129 222 -204
-129 222 -202
-129 222 -201
-129 222 -200
-129 222 -199
-129 222 -197
-129 222 -196
-129 222 -195
-129 222 -194
-129 222 -193
-129 223 -204
-129 223 -203
-129 223 -202
-129 223 -200
-129 223 -198
-129 223 -196
-129 223 -195
-129 223 -194
-129 223 -193
-129 224 -202
-129 224 -200
-129 224 -199
-129 224 -198
-129 224 -197
-129 224 -196
-129 224 -195
-129 224 -194
-129 224 -193
-144 225 -195
-144 225 -193
-143 225 -198
-143 225 -197
-143 225 -196
-143 225 -195
-143 225 -194
-143 225 -193
-143 226 -196
-143 226 -195
-143 226 -194
-142 225 -197
-142 225 -196
-142 225 -195
-142 225 -194
-142 225 -193
-142 226 -198
-142 226 -197
-142 226 -196
-142 226 -195
-142 226 -194
-142 226 -193
-142 227 -195
-142 227 -194
-142 227 -193
-142 228 -193
-142 229 -193
-141 225 -197
-141 225 -196
-141 225 -195
-141 225 -194
-141 225 -193
-141 226 -195
-141 226 -194
-141 227 -196
-141 227 -193
-141 228 -194
-141 228 -193
-140 225 -197
-140 225 -196
-140 225 -194
-140 225 -193
-140 226 -194
-140 226 -193
-140 227 -196
-140 227 -195
-140 227 -194
-140 228 -196
-140 228 -195
-140 228 -194
-140 228 -193
-140 229 -194
-140 229 -193
-140 230 -193
-139 225 -196
-139 225 -195
-139 225 -193
-139 226 -194
-139 226 -193
-139 227 -197
-139 227 -196
-139 227 -195
-139 227 -194
-139 227 -193
-139 228 -196
-139 228 -193
-139 229 -196
-139 229 -194
-139 229 -193
-139 230 -194
-139 230 -193
-139 231 -194
-139 231 -193
-139 232 -193
-138 225 -197
-138 225 -196
-138 225 -195
-138 225 -193
-138 226 -197
-138 226 -196
-138 226 -195
-138 226 -194
-138 226 -193
-138 227 -197
-138 227 -196
-138 227 -195
-138 227 -194
-138 227 -193
-138 228 -196
-138 228 -195
-138 228 -194
-138 228 -193
-138 229 -196
-138 229 -195
-138 229 -194
-138 229 -193
-138 230 -194
-138 230 -193
-138 231 -194
-138 231 -193
-138 232 -193
-137 225 -200
-137 225 -197
-137 225 -196
-137 225 -195
-137 225 -194
-137 225 -193
-137 226 -198
-137 226 -197
-137 226 -196
-137 226 -195
-137 226 -194
-137 226 -193
-137 227 -199
-137 227 -198
-137 227 -197
-137 227 -196
-137 227 -195
-137 227 -194
-137 227 -193
-137 228 -198
-137 228 -197
-137 228 -196
-137 228 -195
-137 228 -194
-137 228 -193
-137 229 -198
-137 229 -197
-137 229 -196
-137 229 -195
-137 229 -194
-137 229 -193
-137 230 -196
-137 230 -195
-137 230 -194
-137 230 -193
-137 231 -194
-137 231 -193
-136 225 -200
-136 225 -199
-136 225 -197
-136 225 -196
-136 225 -195
-136 225 -194
-136 225 -193
-136 226 -200
-136 226 -199
-136 226 -197
-136 226 -196
-136 226 -195
-136 226 -194
-136 226 -193
-136 227 -200
-136 227 -199
-136 227 -198
-136 227 -197
-136 227 -196
-136 227 -195
-136 227 -194
-136 227 -193
-136 228 -199
-136 228 -198
-136 228 -197
-136 228 -196
-136 228 -195
-136 228 -194
-136 228 -193
-136 229 -198
-136 229 -197
-136 229 -196
-136 229 -195
-136 229 -194
-136 229 -193
-136 230 -198
-136 230 -197
-136 230 -196
-136 230 -195
-136 230 -194
-136 230 -193
-136 231 -196
-136 231 -195
-136 231 -194
-136 231 -193
-136 232 -194
-136 234 -196
-136 234 -195
-136 234 -194
-136 234 -193
-136 235 -197
-136 235 -193
-136 236 -196
-136 236 -195
-136 236 -193
-135 225 -199
-135 225 -197
-135 225 -196
-135 225 -195
-135 225 -194
-135 225 -193
-135 226 -199
-135 226 -197
-135 226 -196
-135 226 -195
-135 226 -194
-135 226 -193
-135 227 -201
-135 227 -200
-135 227 -199
-135 227 -198
-135 227 -197
-135 227 -196
-135 227 -195
-135 227 -194
-135 227 -193
-135 228 -200
-135 228 -199
-135 228 -198
-135 228 -197
-135 228 -196
-135 228 -195
-135 228 -194
-135 228 -193
-135 229 -199
-135 229 -198
-135 229 -197
-135 229 -196
-135 229 -195
-135 229 -194
-135 229 -193
-135 230 -197
-135 230 -196
-135 230 -195
-135 230 -194
-135 230 -193
-135 231 -197
-135 231 -196
-135 231 -195
-135 231 -194
-135 231 -193
-135 232 -195
-135 232 -193
-135 233 -195
-135 233 -193
-135 234 -197
-135 234 -196
-135 234 -195
-135 234 -194
-135 234 -193
-135 235 -198
-135 235 -197
-135 235 -196
-135 235 -195
-135 235 -194
-135 235 -193
-135 236 -197
-135 236 -196
-135 236 -195
-135 236 -194
-135 236 -193
-135 237 -196
-135 237 -194
-135 238 -194
-134 225 -198
-134 225 -197
-134 225 -196
-134 225 -195
-134 225 -194
-134 225 -193
-134 226 -200
-134 226 -199
-134 226 -198
-134 226 -197
-134 226 -196
-134 226 -195
-134 226 -194
-134 226 -193
-134 227 -201
-134 227 -200
-134 227 -199
-134 227 -198
-134 227 -197
-134 227 -196
-134 227 -195
-134 227 -194
-134 227 -193
-134 228 -201
-134 228 -200
-134 228 -199
-134 228 -198
-134 228 -197
-134 228 -196
-134 228 -195
-134 228 -194
-134 228 -193
-134 229 -200
-134 229 -199
-134 229 -197
-134 229 -196
-134 229 -195
-134 229 -194
-134 229 -193
-134 230 -200
-134 230 -199
-134 230 -197
-134 230 -196
-134 230 -195
-134 230 -194
-134 230 -193
-134 231 -197
-134 231 -196
-134 231 -195
-134 231 -194
-134 231 -193
-134 232 -196
-134 232 -195
-134 232 -194
-134 232 -193
-134 233 -197
-134 233 -196
-134 233 -195
-134 233 -194
-134 233 -193
-134 234 -197
-134 234 -196
-134 234 -195
-134 234 -194
-134 234 -193
-134 235 -197
-134 235 -196
-134 235 -195
-134 235 -194
-134 235 -193
-134 236 -198
-134 236 -197
-134 236 -196
-134 236 -195
-134 236 -193
-134 237 -195
-134 237 -194
-134 237 -193
-134 238 -195
-134 238 -194
-134 238 -193
-133 225 -199
-133 225 -198
-133 225 -197
-133 225 -196
-133 225 -195
-133 225 -194
-133 225 -193
-133 226 -201
-133 226 -200
-133 226 -199
-133 226 -198
-133 226 -197
-133 226 -196
-133 226 -195
-133 226 -194
-133 226 -193
-133 227 -200
-133 227 -199
-133 227 -198
-133 227 -197
-133 227 -196
-133 227 -195
-133 227 -194
-133 227 -193
-133 228 -200
-133 228 -199
-133 228 -198
-133 228 -197
-133 228 -196
-133 228 -195
-133 228 -194
-133 228 -193
-133 229 -200
-133 229 -199
-133 229 -198
-133 229 -197
-133 229 -196
-133 229 -195
-133 229 -194
-133 229 -193
-133 230 -200
-133 230 -199
-133 230 -198
-133 230 -197
-133 230 -196
-133 230 -195
-133 230 -194
-133 230 -193
-133 231 -199
-133 231 -198
-133 231 -197
-133 231 -196
-133 231 -195
-133 231 -194
-133 231 -193
-133 232 -196
-133 232 -195
-133 232 -194
-133 232 -193
-133 233 -197
-133 233 -195
-133 233 -194
-133 233 -193
-133 234 -199
-133 234 -198
-133 234 -197
-133 234 -196
-133 234 -195
-133 234 -194
-133 234 -193
-133 235 -199
-133 235 -198
-133 235 -197
-133 235 -196
-133 235 -195
-133 235 -194
-133 235 -193
-133 236 -198
-133 236 -196
-133 236 -195
-133 236 -194
-133 236 -193
-133 237 -196
-133 237 -195
-133 237 -194
-133 237 -193
-133 238 -196
-133 238 -195
-132 225 -200
-132 225 -199
-132 225 -198
-132 225 -197
-132 225 -196
-132 225 -195
-132 225 -194
-132 225 -193
-132 226 -202
-132 226 -201
-132 226 -200
-132 226 -199
-132 226 -198
-132 226 -197
-132 226 -196
-132 226 -195
-132 226 -194
-132 226 -193
-132 227 -202
-132 227 -201
-132 227 -200
-132 227 -199
-132 227 -198
-132 227 -197
-132 227 -196
-132 227 -195
-132 227 -194
-132 227 -193
-132 228 -201
-132 228 -200
-132 228 -199
-132 228 -198
-132 228 -197
-132 228 -196
-132 228 -195
-132 228 -194
-132 228 -193
-132 229 -200
-132 229 -199
-132 229 -198
-132 229 -197
-132 229 -196
-132 229 -194
-132 229 -193
-132 230 -200
-132 230 -199
-132 230 -198
-132 230 -197
-132 230 -196
-132 230 -195
-132 230 -194
-132 230 -193
-132 231 -199
-132 231 -198
-132 231 -197
-132 231 -195
-132 231 -194
-132 231 -193
-132 232 -198
-132 232 -197
-132 232 -196
-132 232 -195
-132 232 -194
-132 232 -193
-132 233 -196
-132 233 -195
-132 233 -194
-132 233 -193
-132 234 -198
-132 234 -197
-132 234 -196
-132 234 -195
-132 234 -194
-132 234 -193
-132 235 -198
-132 235 -197
-132 235 -196
-132 235 -195
-132 235 -194
-132 235 -193
-132 236 -198
-132 236 -197
-132 236 -196
-132 236 -195
-132 236 -194
-132 236 -193
-132 237 -198
-132 237 -197
-132 237 -196
-132 237 -195
-132 237 -194
-132 237 -193
-132 238 -194
-132 240 -194
-131 225 -201
-131 225 -200
-131 225 -199
-131 225 -198
-131 225 -197
-131 225 -196
-131 225 -195
-131 225 -194
-131 225 -193
-131 226 -202
-131 226 -201
-131 226 -200
-131 226 -199
-131 226 -198
-131 226 -197
-131 226 -196
-131 226 -195
-131 226 -194
-131 226 -193
-131 227 -202
-131 227 -201
-131 227 -200
-131 227 -199
-131 227 -198
-131 227 -197
-131 227 -196
-131 227 -195
-131 227 -194
-131 227 -193
-131 228 -202
-131 228 -200
-131 228 -199
-131 228 -198
-131 228 -197
-131 228 -196
-131 228 -195
-131 228 -194
-131 228 -193
-131 229 -200
-131 229 -199
-131 229 -198
-131 229 -197
-131 229 -196
-131 229 -195
-131 229 -194
-131 229 -193
-131 230 -200
-131 230 -199
-131 230 -198
-131 230 -197
-131 230 -196
-131 230 -195
-131 230 -194
-131 230 -193
-131 231 -200
-131 231 -199
-131 231 -198
-131 231 -197
-131 231 -196
-131 231 -195
-131 231 -194
-131 231 -193
-131 232 -200
-131 232 -198
-131 232 -197
-131 232 -195
-131 232 -194
-131 232 -193
-131 233 -198
-131 233 -197
-131 233 -196
-131 233 -195
-131 233 -194
-131 233 -193
-131 234 -198
-131 234 -197
-131 234 -196
-131 234 -195
-131 234 -194
-131 234 -193
-131 235 -199
-131 235 -198
-131 235 -197
-131 235 -196
-131 235 -195
-131 235 -194
-131 235 -193
-131 236 -199
-131 236 -198
-131 236 -197
-131 236 -196
-131 236 -195
-131 236 -194
-131 236 -193
-131 237 -198
-131 237 -197
-131 237 -196
-131 237 -195
-131 237 -194
-131 237 -193
-131 238 -196
-131 238 -195
-131 238 -194
-131 239 -196
-131 239 -194
-131 239 -193
-131 240 -194
-131 241 -194
-130 225 -199
-130 225 -198
-130 225 -197
-130 225 -196
-130 225 -195
-130 225 -194
-130 225 -193
-130 226 -201
-130 226 -200
-130 226 -199
-130 226 -198
-130 226 -197
-130 226 -196
-130 226 -195
-130 226 -194
-130 226 -193
-130 227 -202
-130 227 -201
-130 227 -200
-130 227 -199
-130 227 -198
-130 227 -197
-130 227 -196
-130 227 -195
-130 227 -194
-130 227 -193
-130 228 -202
-130 228 -200
-130 228 -199
-130 228 -198
-130 228 -197
-130 228 -196
-130 228 -195
-130 228 -194
-130 228 -193
-130 229 -201
-130 229 -200
-130 229 -199
-130 229 -198
-130 229 -197
-130 229 -196
-130 229 -195
-130 229 -194
-130 230 -202
-130 230 -201
-130 230 -200
-130 230 -199
-130 230 -198
-130 230 -197
-130 230 -196
-130 230 -195
-130 230 -194
-130 230 -193
-130 231 -200
-130 231 -199
-130 231 -198
-130 231 -197
-130 231 -196
-130 231 -195
-130 231 -194
-130 231 -193
-130 232 -201
-130 232 -200
-130 232 -199
-130 232 -198
-130 232 -195
-130 232 -194
-130 232 -193
-130 233 -198
-130 233 -197
-130 233 -195
-130 233 -194
-130 233 -193
-130 234 -198
-130 234 -197
-130 234 -195
-130 234 -194
-130 234 -193
-130 235 -199
-130 235 -198
-130 235 -196
-130 235 -195
-130 235 -194
-130 235 -193
-130 236 -198
-130 236 -196
-130 236 -195
-130 236 -194
-130 236 -193
-130 237 -197
-130 237 -196
-130 237 -195
-130 237 -194
-130 237 -193
-130 238 -196
-130 238 -195
-130 238 -194
-130 238 -193
-130 239 -196
-130 239 -195
-130 239 -194
-130 239 -193
-130 240 -196
-130 240 -195
-130 240 -194
-130 240 -193
-130 241 -195
-129 225 -203
-129 225 -200
-129 225 -199
-129 225 -198
-129 225 -197
-129 225 -196
-129 225 -195
-129 225 -194
-129 225 -193
-129 226 -202
-129 226 -201
-129 226 -200
-129 226 -199
-129 226 -198
-129 226 -197
-129 226 -196
-129 226 -195
-129 226 -194
-129 226 -193
-129 227 -203
-129 227 -202
-129 227 -201
-129 227 -200
-129 227 -199
-129 227 -198
-129 227 -197
-129 227 -196
-129 227 -195
-129 227 -194
-129 227 -193
-129 228 -202
-129 228 -201
-129 228 -200
-129 228 -199
-129 228 -198
-129 228 -197
-129 228 -196
-129 228 -195
-129 228 -194
-129 228 -193
-129 229 -203
-129 229 -201
-129 229 -200
-129 229 -199
-129 229 -198
-129 229 -197
-129 229 -196
-129 229 -195
-129 229 -194
-129 229 -193
-129 230 -202
-129 230 -200
-129 230 -199
-129 230 -198
-129 230 -197
-129 230 -196
-129 230 -195
-129 230 -194
-129 230 -193
-129 231 -201
-129 231 -200
-129 231 -199
-129 231 -198
-129 231 -197
-129 231 -196
-129 231 -195
-129 231 -194
-129 231 -193
-129 232 -200
-129 232 -199
-129 232 -198
-129 232 -197
-129 232 -196
-129 232 -195
-129 232 -194
-129 232 -193
-129 233 -198
-129 233 -197
-129 233 -196
-129 233 -195
-129 233 -194
-129 233 -193
-129 234 -199
-129 234 -198
-129 234 -197
-129 234 -196
-129 234 -195
-129 234 -194
-129 234 -193
-129 235 -197
-129 235 -196
-129 235 -195
-129 235 -194
-129 235 -193
-129 236 -198
-129 236 -197
-129 236 -196
-129 236 -195
-129 236 -194
-129 236 -193
-129 237 -198
-129 237 -197
-129 237 -196
-129 237 -195
-129 237 -194
-129 237 -193
-129 238 -197
-129 238 -196
-129 238 -195
-129 238 -194
-129 238 -193
-129 239 -197
-129 239 -196
-129 239 -195
-129 239 -194
-129 239 -193
-129 240 -196
-129 240 -195
-129 240 -194
-129 240 -193
-129 241 -194
-129 241 -193

