alfheim:altLeaves
6
160 184 129
160 185 128
160 185 129
160 185 130
160 186 128
160 186 129
160 186 131
160 186 132
160 187 128
160 187 129
160 187 130
160 187 131
160 187 132
160 188 128
160 188 129
160 188 130
160 188 131
160 188 132
160 189 128
160 189 129
160 189 130
160 189 131
160 189 132
160 190 128
160 190 129
160 190 130
160 190 131
160 190 132
160 190 133
160 191 128
160 191 129
160 191 130
160 191 131
160 191 132
160 191 133
160 192 128
160 192 129
160 192 130
160 192 131
161 184 129
161 185 128
161 185 129
161 185 130
161 185 131
161 186 128
161 186 129
161 187 128
161 187 130
161 187 131
161 188 128
161 188 129
161 188 130
161 188 131
161 188 132
161 188 133
161 189 128
161 189 129
161 189 130
161 189 131
161 189 132
161 190 128
161 190 129
161 190 130
161 190 131
161 190 132
161 191 128
161 191 129
161 191 130
161 191 131
161 191 132
161 192 128
161 192 129
161 192 130
161 192 131
162 183 129
162 184 128
162 184 129
162 184 130
162 184 131
162 185 129
162 185 130
162 186 128
162 186 129
162 186 130
162 186 131
162 186 132
162 187 128
162 187 129
162 187 130
162 187 131
162 187 132
162 188 128
162 188 129
162 188 130
162 189 128
162 189 129
162 189 130
162 189 131
162 189 132
162 190 128
162 190 129
162 190 130
162 190 131
162 190 132
162 191 128
162 191 129
162 191 130
162 192 128
162 192 129
162 192 130
162 192 131
162 192 132
163 184 128
163 184 129
163 185 128
163 185 129
163 185 130
163 186 128
163 186 129
163 186 130
163 187 128
163 187 129
163 187 130
163 187 131
163 187 132
163 188 128
163 188 129
163 188 130
163 188 131
163 189 128
163 189 129
163 189 130
163 189 131
163 190 128
163 190 129
163 190 130
163 190 131
163 190 132
163 191 128
163 191 129
163 191 130
163 191 131
163 192 128
163 192 129
163 192 130
163 192 131
164 184 128
164 185 128
164 185 129
164 186 129
164 186 130
164 187 128
164 187 129
164 187 130
164 187 131
164 188 128
164 188 129
164 188 130
164 188 131
164 189 128
164 189 129
164 189 130
164 190 128
164 190 129
164 190 130
164 190 131
164 190 132
164 191 128
164 191 129
164 191 130
164 191 132
164 192 128
164 192 129
164 192 130
164 192 131
165 186 128
165 186 129
165 187 128
165 187 129
165 187 130
165 188 128
165 188 129
165 188 130
165 189 128
165 189 130
165 189 131
165 189 132
165 190 128
165 190 129
165 190 130
165 190 131
165 191 128
165 191 130
165 191 131
165 191 132
165 192 128
165 192 129
165 192 130
165 192 131
166 186 128
166 187 129
166 188 128
166 188 129
166 189 128
166 189 129
166 189 130
166 189 131
166 190 128
166 190 129
166 190 130
166 191 128
166 191 129
166 192 128
166 192 129
167 188 128
167 189 128
167 189 129
167 190 128
167 191 128
167 192 128
168 190 128
168 192 128
160 193 128
160 193 129
160 193 130
160 193 131
160 193 132
160 194 128
160 194 129
160 194 130
160 194 131
160 194 132
160 194 133
160 194 134
160 195 128
160 195 129
160 195 130
160 195 131
160 195 132
160 195 133
160 195 134
160 195 135
160 195 136
160 196 128
160 196 129
160 196 130
160 196 131
160 196 132
160 196 133
160 196 136
160 197 128
160 197 129
160 197 130
160 197 131
160 197 132
160 197 133
160 197 134
160 197 136
160 197 137
160 197 139
160 198 128
160 198 129
160 198 130
160 198 131
160 198 132
160 198 133
160 198 137
160 198 138
160 199 129
160 199 130
160 199 131
160 199 132
160 199 133
160 199 138
160 200 128
160 200 129
160 200 130
160 200 131
160 200 133
160 201 128
160 201 129
160 201 130
160 201 131
160 202 128
160 202 129
160 202 130
160 203 130
160 220 140
160 221 137
160 221 139
160 221 140
160 221 142
160 222 137
160 222 138
160 222 139
160 222 140
160 222 141
160 222 142
160 222 143
160 223 136
160 223 137
160 223 138
160 223 139
160 223 140
160 223 141
160 223 142
160 223 143
160 224 136
160 224 137
160 224 138
160 224 139
160 224 140
160 224 141
160 224 142
160 224 143
161 193 128
161 193 129
161 193 130
161 193 131
161 193 132
161 193 133
161 194 128
161 194 129
161 194 130
161 194 131
161 194 132
161 194 133
161 195 128
161 195 129
161 195 130
161 195 131
161 195 132
161 195 133
161 195 134
161 196 128
161 196 129
161 196 130
161 196 131
161 196 132
161 196 133
161 196 136
161 196 137
161 197 128
161 197 129
161 197 130
161 197 131
161 197 132
161 197 133
161 197 134
161 197 135
161 197 136
161 197 137
161 198 128
161 198 129
161 198 130
161 198 131
161 198 132
161 198 133
161 198 134
161 198 137
161 199 128
161 199 129
161 199 130
161 199 131
161 199 132
161 199 133
161 199 134
161 200 128
161 200 129
161 200 130
161 200 131
161 200 132
161 200 133
161 200 134
161 201 128
161 201 129
161 201 130
161 201 131
161 202 128
161 202 129
161 202 130
161 202 131
161 203 131
161 221 141
161 221 143
161 222 136
161 222 139
161 222 140
161 222 141
161 222 142
161 222 143
161 223 136
161 223 137
161 223 138
161 223 139
161 223 140
161 223 141
161 223 142
161 223 143
161 224 129
161 224 136
161 224 137
161 224 138
161 224 139
161 224 140
161 224 141
161 224 142
161 224 143
162 193 128
162 193 129
162 193 130
162 193 131
162 193 132
162 193 133
162 194 128
162 194 129
162 194 131
162 194 132
162 194 133
162 195 128
162 195 129
162 195 130
162 195 131
162 195 132
162 195 133
162 195 134
162 196 128
162 196 129
162 196 130
162 196 131
162 196 132
162 196 133
162 197 128
162 197 129
162 197 130
162 197 131
162 197 132
162 197 133
162 197 135
162 197 137
162 198 128
162 198 129
162 198 130
162 198 131
162 198 132
162 198 133
162 198 134
162 198 135
162 198 136
162 198 137
162 199 129
162 199 130
162 199 131
162 199 132
162 199 133
162 200 128
162 200 129
162 200 130
162 200 131
162 200 132
162 201 128
162 201 129
162 201 130
162 201 131
162 202 128
162 202 129
162 202 130
162 220 143
162 221 140
162 221 141
162 221 142
162 221 143
162 222 137
162 222 139
162 222 140
162 222 141
162 222 142
162 222 143
162 223 136
162 223 137
162 223 138
162 223 139
162 223 140
162 223 141
162 223 142
162 223 143
162 224 128
162 224 135
162 224 136
162 224 137
162 224 138
162 224 139
162 224 140
162 224 141
162 224 142
162 224 143
163 193 128
163 193 129
163 193 130
163 193 131
163 193 132
163 194 128
163 194 129
163 194 130
163 194 131
163 194 132
163 195 128
163 195 129
163 195 130
163 195 131
163 195 134
163 196 128
163 196 129
163 196 131
163 196 132
163 196 133
163 197 128
163 197 129
163 197 130
163 197 131
163 197 132
163 197 133
163 197 134
163 197 135
163 197 137
163 198 128
163 198 129
163 198 130
163 198 131
163 198 132
163 198 133
163 198 134
163 199 128
163 199 129
163 199 130
163 199 131
163 199 132
163 199 133
163 200 128
163 200 129
163 200 130
163 200 131
163 200 132
163 201 128
163 201 129
163 201 130
163 201 131
163 201 132
163 202 130
163 219 141
163 219 143
163 220 141
163 220 142
163 220 143
163 221 138
163 221 140
163 221 141
163 221 142
163 221 143
163 222 130
163 222 131
163 222 136
163 222 137
163 222 138
163 222 140
163 222 141
163 222 142
163 222 143
163 223 128
163 223 130
163 223 131
163 223 136
163 223 137
163 223 138
163 223 139
163 223 140
163 223 141
163 223 142
163 223 143
163 224 128
163 224 135
163 224 136
163 224 137
163 224 138
163 224 139
163 224 140
163 224 141
163 224 142
163 224 143
164 193 128
164 193 129
164 193 130
164 193 131
164 194 128
164 194 129
164 194 130
164 194 131
164 194 132
164 195 128
164 195 130
164 195 131
164 196 128
164 196 129
164 196 130
164 196 131
164 196 133
164 197 128
164 197 129
164 197 130
164 197 131
164 197 132
164 197 133
164 197 134
164 198 128
164 198 129
164 198 131
164 198 132
164 198 133
164 199 128
164 199 130
164 199 131
164 199 132
164 200 128
164 200 129
164 200 130
164 200 131
164 200 132
164 201 128
164 201 130
164 219 140
164 219 141
164 219 143
164 220 140
164 220 141
164 220 143
164 221 129
164 221 131
164 221 138
164 221 139
164 221 140
164 221 141
164 221 143
164 222 128
164 222 129
164 222 130
164 222 131
164 222 132
164 222 136
164 222 137
164 222 138
164 222 139
164 222 140
164 222 141
164 222 142
164 222 143
164 223 128
164 223 129
164 223 130
164 223 131
164 223 132
164 223 135
164 223 136
164 223 137
164 223 138
164 223 139
164 223 140
164 223 141
164 223 142
164 223 143
164 224 128
164 224 129
164 224 130
164 224 131
164 224 135
164 224 136
164 224 137
164 224 138
164 224 139
164 224 140
164 224 141
164 224 142
164 224 143
165 193 128
165 193 129
165 193 130
165 194 128
165 194 129
165 194 130
165 194 131
165 195 128
165 195 129
165 195 130
165 195 131
165 195 132
165 196 128
165 196 129
165 196 130
165 196 131
165 197 128
165 197 130
165 197 131
165 197 132
165 198 128
165 198 131
165 199 128
165 199 129
165 199 130
165 199 131
165 200 131
165 202 128
165 219 129
165 219 140
165 219 143
165 220 129
165 220 130
165 220 139
165 220 140
165 220 141
165 220 142
165 220 143
165 221 129
165 221 131
165 221 136
165 221 137
165 221 139
165 221 140
165 221 141
165 221 142
165 221 143
165 222 128
165 222 129
165 222 130
165 222 131
165 222 136
165 222 137
165 222 138
165 222 139
165 222 140
165 222 141
165 222 142
165 223 128
165 223 129
165 223 130
165 223 131
165 223 132
165 223 134
165 223 135
165 223 136
165 223 137
165 223 138
165 223 139
165 223 140
165 223 141
165 223 142
165 223 143
165 224 128
165 224 129
165 224 130
165 224 131
165 224 135
165 224 136
165 224 137
165 224 138
165 224 139
165 224 140
165 224 141
165 224 142
165 224 143
166 193 128
166 193 129
166 193 130
166 193 131
166 194 128
166 194 129
166 194 130
166 194 131
166 195 129
166 196 128
166 196 129
166 196 130
166 197 128
166 197 130
166 199 128
166 199 131
166 219 129
166 219 137
166 220 128
166 220 129
166 220 130
166 220 136
166 220 137
166 220 140
166 220 141
166 221 128
166 221 130
166 221 131
166 221 132
166 221 135
166 221 136
166 221 137
166 221 138
166 221 139
166 221 140
166 221 142
166 221 143
166 222 128
166 222 129
166 222 130
166 222 131
166 222 132
166 222 136
166 222 137
166 222 138
166 222 139
166 222 140
166 222 141
166 222 142
166 222 143
166 223 129
166 223 130
166 223 131
166 223 132
166 223 135
166 223 136
166 223 137
166 223 138
166 223 139
166 223 140
166 223 141
166 223 142
166 223 143
166 224 128
166 224 129
166 224 130
166 224 131
166 224 132
166 224 135
166 224 136
166 224 137
166 224 138
166 224 139
166 224 140
166 224 141
166 224 142
166 224 143
167 193 128
167 193 129
167 194 128
167 194 129
167 198 128
167 198 129
167 219 128
167 219 131
167 219 136
167 219 137
167 220 128
167 220 129
167 220 130
167 220 131
167 220 135
167 220 136
167 220 137
167 220 138
167 220 139
167 220 141
167 220 142
167 221 128
167 221 129
167 221 130
167 221 131
167 221 132
167 221 136
167 221 137
167 221 138
167 221 139
167 221 140
167 221 141
167 221 142
167 221 143
167 222 128
167 222 129
167 222 130
167 222 131
167 222 132
167 222 136
167 222 137
167 222 138
167 222 139
167 222 140
167 222 141
167 222 142
167 222 143
167 223 128
167 223 129
167 223 130
167 223 131
167 223 134
167 223 135
167 223 136
167 223 137
167 223 138
167 223 139
167 223 140
167 223 141
167 223 142
167 223 143
167 224 128
167 224 129
167 224 130
167 224 131
167 224 132
167 224 134
167 224 135
167 224 136
167 224 137
167 224 138
167 224 139
167 224 140
167 224 141
167 224 142
167 224 143
168 193 128
168 194 128
168 194 129
168 195 128
168 218 130
168 219 129
168 219 130
168 219 131
168 219 132
168 219 137
168 220 128
168 220 129
168 220 130
168 220 131
168 220 132
168 220 133
168 220 137
168 220 140
168 220 142
168 221 128
168 221 129
168 221 131
168 221 132
168 221 133
168 221 136
168 221 137
168 221 138
168 221 139
168 221 140
168 221 142
168 221 143
168 222 128
168 222 129
168 222 130
168 222 131
168 222 132
168 222 134
168 222 135
168 222 136
168 222 137
168 222 138
168 222 139
168 222 140
168 222 141
168 222 142
168 222 143
168 223 128
168 223 129
168 223 130
168 223 131
168 223 132
168 223 134
168 223 135
168 223 136
168 223 137
168 223 138
168 223 139
168 223 140
168 223 141
168 223 142
168 223 143
168 224 128
168 224 129
168 224 130
168 224 131
168 224 132
168 224 133
168 224 134
168 224 135
168 224 136
168 224 137
168 224 138
168 224 139
168 224 140
168 224 141
168 224 142
168 224 143
169 194 128
169 219 137
169 220 128
169 220 129
169 220 130
169 220 135
169 220 136
169 220 137
169 221 129
169 221 130
169 221 131
169 221 132
169 221 136
169 221 137
169 221 138
169 221 140
169 222 129
169 222 130
169 222 131
169 222 132
169 222 133
169 222 134
169 222 135
169 222 136
169 222 137
169 222 138
169 222 139
169 222 140
169 222 141
169 222 143
169 223 128
169 223 129
169 223 130
169 223 131
169 223 132
169 223 133
169 223 134
169 223 135
169 223 136
169 223 137
169 223 138
169 223 139
169 223 140
169 223 141
169 223 142
169 223 143
169 224 128
169 224 129
169 224 130
169 224 131
169 224 132
169 224 133
169 224 134
169 224 135
169 224 136
169 224 137
169 224 138
169 224 139
169 224 140
169 224 141
169 224 142
169 224 143
170 220 128
170 220 129
170 220 134
170 220 135
170 220 136
170 220 137
170 221 128
170 221 129
170 221 130
170 221 133
170 221 134
170 221 135
170 221 136
170 222 128
170 222 129
170 222 130
170 222 131
170 222 132
170 222 133
170 222 134
170 222 135
170 222 136
170 222 137
170 222 139
170 222 140
170 222 142
170 223 128
170 223 129
170 223 130
170 223 131
170 223 132
170 223 133
170 223 134
170 223 135
170 223 136
170 223 137
170 223 138
170 223 139
170 223 140
170 223 142
170 224 128
170 224 129
170 224 130
170 224 131
170 224 132
170 224 133
170 224 134
170 224 135
170 224 136
170 224 137
170 224 138
170 224 139
170 224 140
170 224 141
170 224 142
171 220 129
171 221 128
171 221 130
171 221 134
171 221 135
171 221 136
171 221 137
171 221 139
171 222 128
171 222 129
171 222 130
171 222 131
171 222 132
171 222 133
171 222 134
171 222 136
171 222 137
171 222 139
171 223 129
171 223 130
171 223 131
171 223 132
171 223 133
171 223 134
171 223 135
171 223 136
171 223 137
171 223 138
171 223 139
171 223 140
171 223 141
171 223 142
171 224 128
171 224 129
171 224 131
171 224 132
171 224 133
171 224 134
171 224 135
171 224 136
171 224 137
171 224 138
171 224 139
171 224 140
171 224 141
171 224 142
172 221 129
172 221 134
172 221 135
172 221 138
172 221 139
172 222 128
172 222 129
172 222 130
172 222 133
172 222 134
172 222 135
172 222 136
172 222 137
172 222 138
172 222 139
172 223 129
172 223 130
172 223 131
172 223 132
172 223 133
172 223 134
172 223 135
172 223 136
172 223 137
172 223 138
172 223 139
172 224 128
172 224 129
172 224 130
172 224 131
172 224 132
172 224 133
172 224 134
172 224 135
172 224 136
172 224 137
172 224 138
172 224 139
172 224 140
172 224 141
172 224 142
173 221 130
173 221 134
173 221 135
173 221 136
173 222 130
173 222 131
173 222 132
173 222 133
173 222 134
173 222 135
173 222 136
173 222 137
173 222 138
173 222 139
173 223 130
173 223 131
173 223 132
173 223 133
173 223 134
173 223 135
173 223 136
173 223 137
173 223 139
173 223 140
173 224 128
173 224 130
173 224 131
173 224 132
173 224 133
173 224 134
173 224 135
173 224 136
173 224 137
173 224 138
173 224 139
173 224 140
174 221 131
174 221 135
174 222 131
174 222 132
174 222 133
174 222 134
174 222 135
174 222 138
174 223 131
174 223 132
174 223 133
174 223 134
174 223 135
174 223 138
174 223 139
174 224 131
174 224 132
174 224 133
174 224 134
174 224 135
174 224 137
174 224 138
174 224 139
174 224 140
175 222 133
175 222 135
175 223 133
175 223 134
175 223 135
175 223 136
175 223 137
175 223 138
175 224 135
175 224 137
175 224 138
175 224 139
160 225 132
160 225 133
160 225 134
160 225 135
160 225 136
160 225 137
160 225 138
160 225 139
160 225 140
160 225 141
160 225 142
160 225 143
160 226 134
160 226 135
160 226 136
160 226 137
160 226 138
160 226 139
160 226 140
160 226 141
160 226 142
160 226 143
160 227 134
160 227 135
160 227 136
160 227 137
160 227 138
160 227 139
160 227 140
160 227 141
160 227 142
160 227 143
160 228 132
160 228 134
160 228 136
160 228 137
160 228 138
160 228 139
160 228 140
160 228 141
160 228 142
160 228 143
160 229 128
160 229 132
160 229 133
160 229 134
160 229 135
160 229 136
160 229 137
160 229 138
160 229 139
160 229 140
160 229 141
160 229 142
160 229 143
160 230 128
160 230 133
160 230 134
160 230 135
160 230 136
160 230 137
160 230 138
160 230 139
160 230 140
160 230 141
160 230 142
160 230 143
160 231 129
160 231 131
160 231 132
160 231 133
160 231 134
160 231 135
160 231 136
160 231 137
160 231 138
160 231 139
160 231 140
160 231 142
160 231 143
160 232 128
160 232 129
160 232 130
160 232 131
160 232 132
160 232 133
160 232 134
160 232 135
160 232 136
160 232 137
160 232 138
160 232 139
160 232 141
160 232 142
160 233 128
160 233 129
160 233 130
160 233 131
160 233 132
160 233 133
160 233 134
160 233 135
160 233 136
160 233 137
160 233 138
160 233 139
160 233 140
160 233 141
160 233 142
160 234 128
160 234 129
160 234 130
160 234 131
160 234 132
160 234 133
160 234 134
160 234 135
160 234 136
160 234 137
160 234 138
160 234 139
160 234 140
160 234 141
160 234 142
160 235 128
160 235 129
160 235 130
160 235 131
160 235 132
160 235 133
160 235 134
160 235 135
160 235 136
160 235 137
160 235 138
160 235 139
160 235 140
160 235 141
160 235 142
160 236 128
160 236 129
160 236 130
160 236 131
160 236 132
160 236 133
160 236 134
160 236 135
160 236 136
160 236 137
160 236 138
160 236 139
160 236 140
160 236 141
160 236 142
160 236 143
160 237 128
160 237 129
160 237 130
160 237 131
160 237 132
160 237 133
160 237 134
160 237 135
160 237 136
160 237 137
160 237 138
160 237 139
160 237 140
160 237 141
160 237 142
160 238 128
160 238 129
160 238 130
160 238 131
160 238 132
160 238 133
160 238 134
160 238 135
160 238 136
160 238 137
160 238 138
160 238 139
160 238 140
160 239 128
160 239 129
160 239 130
160 239 131
160 239 132
160 239 133
160 239 134
160 239 135
160 239 136
160 239 138
160 239 139
160 239 140
160 239 141
160 240 128
160 240 129
160 240 130
160 240 131
160 240 132
160 240 133
160 240 134
160 240 135
160 240 137
160 240 139
160 240 140
160 241 128
160 241 129
160 241 130
160 241 131
160 241 132
160 241 133
160 241 134
160 241 135
160 241 139
160 242 133
160 242 134
161 225 128
161 225 129
161 225 130
161 225 135
161 225 136
161 225 137
161 225 138
161 225 139
161 225 140
161 225 141
161 225 142
161 225 143
161 226 129
161 226 135
161 226 137
161 226 138
161 226 139
161 226 140
161 226 141
161 226 142
161 226 143
161 227 128
161 227 135
161 227 136
161 227 137
161 227 138
161 227 139
161 227 140
161 227 141
161 227 142
161 227 143
161 228 133
161 228 134
161 228 135
161 228 136
161 228 137
161 228 138
161 228 139
161 228 140
161 228 141
161 228 142
161 228 143
161 229 128
161 229 133
161 229 134
161 229 135
161 229 136
161 229 137
161 229 138
161 229 139
161 229 140
161 229 141
161 229 142
161 229 143
161 230 128
161 230 129
161 230 132
161 230 133
161 230 134
161 230 135
161 230 136
161 230 137
161 230 138
161 230 139
161 230 140
161 230 141
161 230 142
161 230 143
161 231 129
161 231 130
161 231 131
161 231 132
161 231 133
161 231 134
161 231 135
161 231 136
161 231 137
161 231 138
161 231 139
161 231 140
161 231 141
161 231 142
161 231 143
161 232 128
161 232 129
161 232 130
161 232 131
161 232 132
161 232 133
161 232 134
161 232 135
161 232 136
161 232 137
161 232 138
161 232 139
161 232 140
161 232 141
161 233 128
161 233 129
161 233 130
161 233 131
161 233 132
161 233 133
161 233 134
161 233 135
161 233 136
161 233 137
161 233 138
161 233 139
161 233 140
161 233 141
161 233 142
161 234 128
161 234 129
161 234 130
161 234 131
161 234 132
161 234 133
161 234 134
161 234 135
161 234 136
161 234 137
161 234 138
161 234 139
161 234 140
161 234 141
161 234 142
161 235 128
161 235 129
161 235 130
161 235 131
161 235 132
161 235 133
161 235 134
161 235 135
161 235 136
161 235 137
161 235 138
161 235 139
161 235 140
161 235 141
161 235 142
161 235 143
161 236 128
161 236 129
161 236 130
161 236 131
161 236 132
161 236 133
161 236 134
161 236 135
161 236 136
161 236 137
161 236 138
161 236 139
161 236 140
161 236 141
161 236 142
161 237 128
161 237 129
161 237 130
161 237 131
161 237 132
161 237 133
161 237 134
161 237 135
161 237 136
161 237 137
161 237 139
161 237 140
161 237 141
161 237 142
161 238 128
161 238 130
161 238 131
161 238 132
161 238 133
161 238 134
161 238 135
161 238 136
161 238 137
161 238 138
161 238 140
161 238 141
161 238 142
161 239 129
161 239 130
161 239 131
161 239 132
161 239 133
161 239 134
161 239 135
161 239 136
161 239 137
161 240 128
161 240 130
161 240 131
161 240 132
161 240 134
161 240 135
161 240 140
161 241 128
161 241 130
161 241 131
161 241 132
161 241 133
161 241 134
161 241 139
161 242 132
162 225 128
162 225 129
162 225 135
162 225 136
162 225 137
162 225 138
162 225 139
162 225 140
162 225 141
162 225 142
162 225 143
162 226 128
162 226 130
162 226 135
162 226 136
162 226 137
162 226 138
162 226 139
162 226 140
162 226 141
162 226 142
162 226 143
162 227 128
162 227 130
162 227 134
162 227 135
162 227 136
162 227 137
162 227 138
162 227 139
162 227 140
162 227 141
162 227 142
162 227 143
162 228 128
162 228 134
162 228 135
162 228 136
162 228 137
162 228 138
162 228 139
162 228 140
162 228 141
162 228 142
162 228 143
162 229 128
162 229 129
162 229 133
162 229 134
162 229 135
162 229 136
162 229 137
162 229 138
162 229 139
162 229 141
162 229 142
162 229 143
162 230 129
162 230 130
162 230 132
162 230 133
162 230 134
162 230 135
162 230 136
162 230 137
162 230 138
162 230 139
162 230 140
162 230 142
162 231 128
162 231 129
162 231 131
162 231 132
162 231 133
162 231 134
162 231 135
162 231 136
162 231 137
162 231 138
162 231 139
162 231 140
162 231 141
162 232 128
162 232 129
162 232 130
162 232 131
162 232 132
162 232 133
162 232 134
162 232 135
162 232 136
162 232 137
162 232 138
162 232 139
162 232 140
162 233 128
162 233 129
162 233 130
162 233 131
162 233 132
162 233 133
162 233 134
162 233 135
162 233 136
162 233 137
162 233 138
162 233 139
162 233 140
162 233 141
162 233 142
162 234 128
162 234 129
162 234 130
162 234 131
162 234 132
162 234 133
162 234 134
162 234 135
162 234 136
162 234 137
162 234 138
162 234 139
162 234 140
162 235 128
162 235 129
162 235 130
162 235 131
162 235 132
162 235 133
162 235 134
162 235 135
162 235 136
162 235 137
162 235 138
162 235 139
162 235 140
162 235 141
162 235 142
162 236 128
162 236 129
162 236 130
162 236 131
162 236 132
162 236 133
162 236 134
162 236 135
162 236 136
162 236 137
162 236 138
162 236 139
162 236 140
162 236 141
162 237 128
162 237 129
162 237 130
162 237 131
162 237 132
162 237 133
162 237 134
162 237 135
162 237 136
162 237 137
162 237 138
162 237 139
162 237 140
162 238 128
162 238 129
162 238 130
162 238 131
162 238 132
162 238 133
162 238 134
162 238 135
162 238 136
162 238 138
162 239 128
162 239 129
162 239 130
162 239 131
162 239 132
162 239 133
162 239 134
162 239 135
162 240 128
162 240 129
162 240 131
162 240 132
162 240 133
162 240 134
162 240 135
162 241 131
162 241 132
162 241 133
162 241 134
162 241 135
163 225 129
163 225 130
163 225 131
163 225 135
163 225 136
163 225 137
163 225 138
163 225 139
163 225 140
163 225 141
163 225 142
163 225 143
163 226 128
163 226 129
163 226 130
163 226 136
163 226 137
163 226 138
163 226 139
163 226 140
163 226 141
163 226 142
163 226 143
163 227 128
163 227 129
163 227 130
163 227 131
163 227 134
163 227 135
163 227 136
163 227 137
163 227 138
163 227 139
163 227 140
163 227 141
163 227 142
163 227 143
163 228 128
163 228 129
163 228 135
163 228 136
163 228 137
163 228 138
163 228 139
163 228 140
163 228 141
163 228 143
163 229 128
163 229 129
163 229 133
163 229 135
163 229 136
163 229 137
163 229 138
163 229 139
163 229 140
163 229 141
163 229 142
163 229 143
163 230 128
163 230 129
163 230 130
163 230 131
163 230 132
163 230 133
163 230 135
163 230 136
163 230 137
163 230 138
163 230 139
163 230 142
163 230 143
163 231 128
163 231 129
163 231 130
163 231 131
163 231 132
163 231 133
163 231 134
163 231 135
163 231 136
163 231 137
163 231 138
163 231 139
163 231 140
163 231 141
163 232 128
163 232 129
163 232 130
163 232 131
163 232 132
163 232 133
163 232 134
163 232 135
163 232 136
163 232 137
163 232 138
163 232 139
163 232 140
163 232 141
163 233 128
163 233 129
163 233 130
163 233 131
163 233 132
163 233 133
163 233 134
163 233 135
163 233 136
163 233 137
163 233 138
163 233 139
163 233 140
163 233 141
163 233 142
163 234 128
163 234 129
163 234 130
163 234 131
163 234 132
163 234 133
163 234 134
163 234 135
163 234 136
163 234 137
163 234 138
163 234 139
163 234 140
163 234 141
163 235 128
163 235 129
163 235 130
163 235 131
163 235 132
163 235 133
163 235 134
163 235 135
163 235 136
163 235 137
163 235 138
163 235 139
163 235 140
163 235 141
163 235 142
163 236 128
163 236 129
163 236 130
163 236 131
163 236 132
163 236 133
163 236 134
163 236 135
163 236 136
163 236 137
163 236 138
163 236 139
163 236 140
163 236 141
163 237 128
163 237 130
163 237 131
163 237 132
163 237 133
163 237 134
163 237 135
163 237 136
163 237 137
163 237 138
163 237 139
163 237 140
163 237 141
163 238 128
163 238 129
163 238 131
163 238 132
163 238 133
163 238 134
163 238 135
163 238 136
163 238 138
163 238 139
163 239 128
163 239 129
163 239 130
163 239 131
163 239 132
163 239 133
163 239 134
163 239 135
163 239 136
163 239 137
163 239 138
163 240 128
163 240 130
163 240 131
163 240 132
163 240 134
163 240 135
163 241 135
164 225 128
164 225 129
164 225 130
164 225 131
164 225 134
164 225 135
164 225 136
164 225 137
164 225 138
164 225 139
164 225 140
164 225 141
164 225 142
164 225 143
164 226 128
164 226 129
164 226 130
164 226 131
164 226 134
164 226 135
164 226 136
164 226 137
164 226 138
164 226 139
164 226 140
164 226 141
164 226 142
164 226 143
164 227 128
164 227 129
164 227 130
164 227 131
164 227 133
164 227 134
164 227 135
164 227 136
164 227 137
164 227 138
164 227 139
164 227 140
164 227 141
164 227 142
164 227 143
164 228 128
164 228 129
164 228 130
164 228 132
164 228 133
164 228 135
164 228 136
164 228 137
164 228 138
164 228 139
164 228 140
164 228 141
164 228 142
164 228 143
164 229 128
164 229 129
164 229 130
164 229 131
164 229 132
164 229 133
164 229 134
164 229 135
164 229 136
164 229 137
164 229 138
164 229 139
164 229 140
164 229 141
164 229 142
164 229 143
164 230 128
164 230 129
164 230 130
164 230 131
164 230 132
164 230 134
164 230 135
164 230 136
164 230 137
164 230 138
164 230 140
164 230 141
164 230 142
164 231 128
164 231 129
164 231 130
164 231 131
164 231 132
164 231 133
164 231 134
164 231 135
164 231 136
164 231 137
164 231 138
164 231 139
164 231 140
164 231 141
164 231 142
164 232 128
164 232 129
164 232 130
164 232 131
164 232 132
164 232 133
164 232 134
164 232 135
164 232 136
164 232 137
164 232 138
164 232 139
164 232 140
164 232 141
164 232 142
164 233 128
164 233 129
164 233 130
164 233 131
164 233 132
164 233 133
164 233 134
164 233 135
164 233 136
164 233 137
164 233 138
164 233 139
164 233 140
164 233 141
164 234 128
164 234 129
164 234 130
164 234 131
164 234 132
164 234 133
164 234 134
164 234 135
164 234 136
164 234 137
164 234 138
164 234 140
164 235 128
164 235 129
164 235 130
164 235 131
164 235 132
164 235 133
164 235 134
164 235 135
164 235 136
164 235 137
164 235 138
164 235 139
164 235 140
164 235 141
164 236 128
164 236 129
164 236 130
164 236 131
164 236 132
164 236 133
164 236 134
164 236 135
164 236 136
164 236 137
164 236 138
164 236 140
164 237 128
164 237 129
164 237 130
164 237 132
164 237 133
164 237 134
164 237 135
164 237 136
164 237 138
164 237 139
164 238 129
164 238 130
164 238 131
164 238 132
164 238 133
164 238 134
164 238 135
164 238 136
164 239 128
164 239 129
164 239 130
164 239 131
164 239 132
164 239 133
164 239 134
164 239 135
164 240 129
164 240 130
164 240 131
164 240 132
164 240 133
164 240 134
164 240 135
164 241 129
164 241 134
164 241 135
165 225 128
165 225 129
165 225 130
165 225 131
165 225 132
165 225 135
165 225 136
165 225 137
165 225 138
165 225 139
165 225 140
165 225 141
165 225 142
165 225 143
165 226 128
165 226 129
165 226 130
165 226 131
165 226 132
165 226 133
165 226 134
165 226 135
165 226 136
165 226 137
165 226 138
165 226 139
165 226 140
165 226 141
165 226 142
165 226 143
165 227 128
165 227 129
165 227 130
165 227 131
165 227 132
165 227 133
165 227 134
165 227 135
165 227 136
165 227 137
165 227 138
165 227 139
165 227 140
165 227 141
165 227 142
165 227 143
165 228 128
165 228 129
165 228 130
165 228 133
165 228 134
165 228 135
165 228 136
165 228 137
165 228 138
165 228 139
165 228 140
165 228 141
165 228 142
165 228 143
165 229 128
165 229 129
165 229 130
165 229 131
165 229 132
165 229 133
165 229 134
165 229 135
165 229 136
165 229 137
165 229 138
165 229 139
165 229 140
165 229 141
165 229 142
165 229 143
165 230 128
165 230 129
165 230 130
165 230 131
165 230 132
165 230 133
165 230 134
165 230 135
165 230 136
165 230 137
165 230 138
165 230 139
165 230 140
165 230 141
165 230 142
165 231 128
165 231 129
165 231 130
165 231 131
165 231 132
165 231 133
165 231 134
165 231 135
165 231 136
165 231 137
165 231 138
165 231 139
165 231 142
165 232 128
165 232 129
165 232 130
165 232 131
165 232 132
165 232 133
165 232 134
165 232 135
165 232 136
165 232 137
165 232 138
165 232 139
165 232 140
165 232 141
165 232 142
165 233 128
165 233 129
165 233 130
165 233 131
165 233 132
165 233 133
165 233 134
165 233 135
165 233 136
165 233 137
165 233 138
165 233 139
165 233 140
165 233 141
165 233 142
165 234 128
165 234 129
165 234 130
165 234 131
165 234 132
165 234 133
165 234 134
165 234 135
165 234 136
165 234 137
165 234 138
165 234 139
165 234 140
165 234 141
165 235 128
165 235 129
165 235 130
165 235 131
165 235 132
165 235 133
165 235 134
165 235 135
165 235 136
165 235 137
165 235 138
165 235 139
165 235 140
165 236 128
165 236 129
165 236 130
165 236 131
165 236 132
165 236 133
165 236 134
165 236 135
165 236 136
165 236 138
165 236 139
165 236 140
165 237 128
165 237 129
165 237 130
165 237 131
165 237 132
165 237 133
165 237 134
165 237 135
165 237 136
165 237 137
165 237 138
165 238 128
165 238 129
165 238 130
165 238 131
165 238 132
165 238 133
165 238 134
165 238 135
165 238 136
165 238 137
165 238 138
165 239 128
165 239 129
165 239 130
165 239 131
165 239 132
165 239 133
165 239 134
165 239 136
165 240 128
165 240 130
165 240 131
165 240 132
165 240 134
165 240 135
165 241 131
166 225 128
166 225 129
166 225 130
166 225 131
166 225 132
166 225 133
166 225 134
166 225 135
166 225 136
166 225 137
166 225 138
166 225 139
166 225 140
166 225 141
166 225 142
166 225 143
166 226 128
166 226 129
166 226 130
166 226 131
166 226 132
166 226 133
166 226 134
166 226 135
166 226 136
166 226 137
166 226 138
166 226 139
166 226 140
166 226 141
166 226 142
166 226 143
166 227 128
166 227 129
166 227 130
166 227 131
166 227 132
166 227 133
166 227 134
166 227 135
166 227 136
166 227 137
166 227 138
166 227 139
166 227 140
166 227 141
166 227 142
166 227 143
166 228 128
166 228 129
166 228 130
166 228 131
166 228 132
166 228 134
166 228 135
166 228 136
166 228 137
166 228 138
166 228 139
166 228 140
166 228 141
166 228 142
166 228 143
166 229 128
166 229 129
166 229 130
166 229 131
166 229 132
166 229 133
166 229 134
166 229 135
166 229 136
166 229 137
166 229 138
166 229 139
166 229 140
166 229 141
166 229 143
166 230 128
166 230 129
166 230 130
166 230 131
166 230 132
166 230 133
166 230 134
166 230 135
166 230 136
166 230 137
166 230 138
166 230 139
166 230 141
166 230 142
166 231 128
166 231 129
166 231 130
166 231 131
166 231 132
166 231 133
166 231 134
166 231 135
166 231 136
166 231 137
166 231 138
166 231 139
166 231 140
166 231 142
166 232 128
166 232 129
166 232 130
166 232 131
166 232 132
166 232 133
166 232 134
166 232 135
166 232 136
166 232 137
166 232 138
166 232 139
166 232 140
166 233 128
166 233 129
166 233 130
166 233 131
166 233 132
166 233 133
166 233 134
166 233 135
166 233 136
166 233 137
166 233 138
166 233 139
166 233 140
166 233 141
166 234 128
166 234 129
166 234 130
166 234 131
166 234 132
166 234 133
166 234 134
166 234 135
166 234 136
166 234 137
166 234 138
166 234 140
166 234 141
166 235 128
166 235 129
166 235 130
166 235 131
166 235 132
166 235 133
166 235 134
166 235 135
166 235 136
166 235 137
166 235 138
166 235 139
166 235 140
166 236 128
166 236 129
166 236 130
166 236 131
166 236 132
166 236 133
166 236 134
166 236 135
166 236 138
166 236 139
166 236 140
166 237 128
166 237 130
166 237 132
166 237 133
166 237 134
166 237 135
166 237 136
166 238 128
166 238 129
166 238 131
166 238 132
166 238 133
166 238 134
166 238 136
166 238 138
166 239 130
166 239 131
166 239 132
166 239 133
166 240 130
166 240 131
166 240 132
166 241 130
167 225 128
167 225 129
167 225 130
167 225 131
167 225 132
167 225 133
167 225 134
167 225 135
167 225 136
167 225 137
167 225 138
167 225 139
167 225 140
167 225 141
167 225 142
167 225 143
167 226 128
167 226 129
167 226 130
167 226 131
167 226 132
167 226 133
167 226 134
167 226 135
167 226 136
167 226 137
167 226 138
167 226 139
167 226 140
167 226 141
167 226 142
167 226 143
167 227 128
167 227 129
167 227 130
167 227 131
167 227 132
167 227 133
167 227 134
167 227 135
167 227 136
167 227 137
167 227 138
167 227 139
167 227 140
167 227 141
167 227 142
167 227 143
167 228 128
167 228 129
167 228 130
167 228 131
167 228 132
167 228 134
167 228 136
167 228 137
167 228 138
167 228 139
167 228 142
167 229 128
167 229 129
167 229 130
167 229 131
167 229 132
167 229 133
167 229 134
167 229 135
167 229 136
167 229 137
167 229 138
167 229 139
167 229 141
167 229 142
167 230 128
167 230 129
167 230 130
167 230 131
167 230 132
167 230 133
167 230 134
167 230 135
167 230 136
167 230 137
167 230 138
167 230 139
167 230 140
167 230 141
167 230 142
167 231 128
167 231 129
167 231 130
167 231 131
167 231 132
167 231 133
167 231 134
167 231 135
167 231 136
167 231 137
167 231 138
167 231 140
167 232 128
167 232 129
167 232 130
167 232 131
167 232 132
167 232 133
167 232 134
167 232 135
167 232 136
167 232 137
167 232 138
167 232 139
167 232 140
167 233 128
167 233 129
167 233 130
167 233 131
167 233 133
167 233 134
167 233 135
167 233 136
167 233 137
167 233 138
167 233 139
167 233 140
167 233 141
167 234 128
167 234 129
167 234 130
167 234 131
167 234 132
167 234 133
167 234 135
167 234 136
167 234 137
167 234 138
167 234 139
167 234 140
167 235 128
167 235 129
167 235 130
167 235 131
167 235 136
167 235 138
167 236 128
167 236 129
167 236 130
167 236 131
167 236 132
167 236 133
167 236 134
167 236 135
167 236 139
167 237 128
167 237 129
167 237 130
167 237 132
167 237 133
167 238 128
167 238 129
167 238 130
167 238 131
167 238 133
168 225 128
168 225 129
168 225 130
168 225 131
168 225 132
168 225 133
168 225 134
168 225 135
168 225 136
168 225 137
168 225 138
168 225 139
168 225 140
168 225 141
168 225 142
168 225 143
168 226 128
168 226 129
168 226 130
168 226 131
168 226 132
168 226 133
168 226 134
168 226 135
168 226 136
168 226 137
168 226 138
168 226 139
168 226 140
168 226 141
168 226 142
168 226 143
168 227 128
168 227 129
168 227 130
168 227 131
168 227 132
168 227 133
168 227 134
168 227 135
168 227 136
168 227 137
168 227 138
168 227 139
168 227 140
168 227 142
168 227 143
168 228 128
168 228 129
168 228 130
168 228 131
168 228 132
168 228 133
168 228 134
168 228 135
168 228 136
168 228 137
168 228 138
168 228 139
168 228 141
168 228 142
168 229 128
168 229 129
168 229 130
168 229 131
168 229 132
168 229 133
168 229 134
168 229 135
168 229 136
168 229 137
168 229 138
168 229 139
168 229 140
168 230 128
168 230 129
168 230 130
168 230 131
168 230 132
168 230 133
168 230 134
168 230 135
168 230 136
168 230 137
168 230 138
168 230 139
168 231 128
168 231 129
168 231 130
168 231 131
168 231 132
168 231 133
168 231 134
168 231 135
168 231 136
168 231 137
168 231 138
168 231 139
168 231 140
168 232 128
168 232 129
168 232 130
168 232 131
168 232 132
168 232 133
168 232 134
168 232 135
168 232 136
168 232 137
168 232 138
168 232 139
168 233 128
168 233 129
168 233 130
168 233 131
168 233 132
168 233 133
168 233 134
168 233 135
168 233 136
168 233 137
168 233 138
168 233 139
168 233 140
168 233 141
168 234 128
168 234 129
168 234 130
168 234 131
168 234 132
168 234 133
168 234 135
168 234 136
168 234 137
168 234 138
168 234 139
168 234 140
168 235 128
168 235 129
168 235 130
168 235 131
168 235 132
168 235 136
168 235 137
168 235 138
168 236 128
168 236 129
168 236 130
168 236 131
168 236 132
168 236 137
168 237 128
168 237 129
168 237 130
168 237 133
168 237 137
168 238 128
168 238 129
168 238 130
168 238 131
168 239 128
169 225 128
169 225 129
169 225 130
169 225 131
169 225 132
169 225 133
169 225 134
169 225 135
169 225 136
169 225 137
169 225 138
169 225 139
169 225 140
169 225 141
169 225 142
169 225 143
169 226 128
169 226 129
169 226 130
169 226 131
169 226 132
169 226 133
169 226 134
169 226 135
169 226 136
169 226 137
169 226 138
169 226 139
169 226 140
169 226 141
169 226 142
169 226 143
169 227 128
169 227 129
169 227 130
169 227 131
169 227 132
169 227 133
169 227 134
169 227 135
169 227 136
169 227 137
169 227 138
169 227 139
169 227 140
169 227 141
169 227 142
169 227 143
169 228 128
169 228 129
169 228 130
169 228 131
169 228 132
169 228 133
169 228 134
169 228 135
169 228 136
169 228 137
169 228 138
169 228 139
169 228 140
169 228 141
169 228 142
169 229 128
169 229 130
169 229 131
169 229 132
169 229 134
169 229 135
169 229 136
169 229 137
169 229 138
169 229 139
169 229 141
169 230 128
169 230 129
169 230 130
169 230 131
169 230 132
169 230 133
169 230 134
169 230 135
169 230 136
169 230 137
169 230 138
169 230 139
169 231 129
169 231 130
169 231 131
169 231 132
169 231 133
169 231 134
169 231 135
169 231 136
169 231 137
169 231 138
169 231 139
169 231 140
169 232 128
169 232 129
169 232 130
169 232 131
169 232 133
169 232 134
169 232 136
169 232 137
169 232 139
169 233 128
169 233 129
169 233 130
169 233 131
169 233 135
169 233 136
169 233 140
169 234 128
169 234 129
169 234 130
169 234 131
169 235 128
169 235 129
169 235 130
169 235 136
169 235 137
169 235 138
169 236 128
169 236 130
169 236 131
169 236 132
169 237 128
169 237 129
169 237 130
169 239 128
170 225 128
170 225 129
170 225 130
170 225 131
170 225 132
170 225 133
170 225 134
170 225 135
170 225 136
170 225 137
170 225 138
170 225 139
170 225 140
170 225 141
170 225 142
170 225 143
170 226 128
170 226 129
170 226 130
170 226 131
170 226 132
170 226 133
170 226 134
170 226 135
170 226 136
170 226 137
170 226 138
170 226 139
170 226 140
170 226 141
170 226 143
170 227 128
170 227 129
170 227 130
170 227 131
170 227 132
170 227 133
170 227 134
170 227 135
170 227 136
170 227 137
170 227 138
170 227 139
170 227 140
170 227 141
170 227 142
170 228 128
170 228 129
170 228 130
170 228 131
170 228 132
170 228 133
170 228 134
170 228 135
170 228 136
170 228 137
170 228 138
170 228 139
170 228 140
170 228 141
170 228 142
170 229 128
170 229 129
170 229 130
170 229 131
170 229 132
170 229 133
170 229 134
170 229 135
170 229 136
170 229 137
170 229 138
170 230 128
170 230 132
170 230 133
170 230 134
170 230 135
170 230 136
170 230 137
170 230 138
170 230 139
170 231 131
170 231 132
170 231 133
170 231 134
170 231 135
170 231 136
170 231 137
170 231 138
170 232 128
170 232 131
170 232 132
170 232 136
170 232 137
170 233 128
170 234 128
170 234 130
170 234 131
170 234 132
170 235 128
170 235 129
170 235 130
170 236 128
170 236 129
170 236 130
170 236 131
171 225 128
171 225 129
171 225 130
171 225 131
171 225 132
171 225 133
171 225 134
171 225 135
171 225 136
171 225 138
171 225 139
171 225 140
171 225 141
171 225 142
171 226 128
171 226 129
171 226 130
171 226 131
171 226 132
171 226 133
171 226 134
171 226 135
171 226 136
171 226 137
171 226 138
171 226 139
171 226 140
171 226 141
171 226 142
171 226 143
171 227 128
171 227 129
171 227 130
171 227 131
171 227 132
171 227 133
171 227 134
171 227 135
171 227 136
171 227 137
171 227 138
171 227 139
171 227 140
171 227 141
171 228 128
171 228 129
171 228 130
171 228 131
171 228 132
171 228 133
171 228 134
171 228 135
171 228 136
171 228 137
171 228 138
171 228 139
171 228 140
171 229 128
171 229 129
171 229 130
171 229 131
171 229 132
171 229 133
171 229 134
171 229 135
171 229 136
171 229 137
171 229 138
171 230 129
171 230 130
171 230 131
171 230 132
171 230 133
171 230 135
171 230 136
171 230 137
171 231 128
171 231 129
171 231 131
171 231 132
171 231 133
171 231 135
171 231 136
171 231 137
171 232 128
171 232 131
171 232 133
171 232 137
171 233 133
171 233 137
171 235 128
171 235 130
171 236 130
172 225 128
172 225 129
172 225 130
172 225 131
172 225 132
172 225 133
172 225 134
172 225 135
172 225 136
172 225 137
172 225 138
172 225 139
172 225 140
172 225 142
172 225 143
172 226 128
172 226 129
172 226 130
172 226 131
172 226 132
172 226 133
172 226 134
172 226 135
172 226 136
172 226 137
172 226 138
172 226 139
172 226 140
172 226 141
172 226 142
172 227 128
172 227 129
172 227 130
172 227 131
172 227 132
172 227 133
172 227 134
172 227 135
172 227 136
172 227 137
172 227 138
172 227 139
172 227 140
172 227 141
172 228 128
172 228 129
172 228 130
172 228 131
172 228 132
172 228 133
172 228 134
172 228 135
172 228 136
172 228 137
172 228 138
172 228 139
172 228 141
172 229 128
172 229 129
172 229 130
172 229 131
172 229 132
172 229 133
172 229 134
172 229 135
172 229 136
172 229 137
172 229 138
172 230 128
172 230 129
172 230 130
172 230 131
172 230 132
172 230 133
172 230 134
172 230 135
172 231 128
172 231 129
172 231 130
172 231 131
172 231 132
172 231 133
172 231 134
172 231 135
172 232 128
172 232 129
172 232 130
172 232 131
172 232 132
172 232 133
172 233 129
172 233 130
172 233 131
172 233 133
173 225 129
173 225 130
173 225 131
173 225 132
173 225 133
173 225 134
173 225 135
173 225 136
173 225 137
173 225 138
173 225 139
173 225 142
173 226 128
173 226 129
173 226 130
173 226 131
173 226 132
173 226 133
173 226 134
173 226 135
173 226 136
173 226 137
173 226 138
173 227 128
173 227 129
173 227 130
173 227 131
173 227 132
173 227 133
173 227 134
173 227 135
173 227 136
173 227 137
173 227 138
173 227 139
173 227 141
173 228 128
173 228 129
173 228 130
173 228 131
173 228 132
173 228 133
173 228 135
173 228 136
173 228 137
173 228 138
173 229 128
173 229 129
173 229 133
173 229 134
173 229 135
173 229 136
173 230 128
173 230 134
173 230 135
173 230 136
173 231 128
173 231 134
173 231 135
173 232 128
173 232 129
173 232 134
173 233 128
173 233 129
173 233 133
173 234 131
174 225 131
174 225 132
174 225 133
174 225 134
174 225 135
174 225 136
174 225 137
174 225 138
174 226 128
174 226 130
174 226 131
174 226 132
174 226 133
174 226 134
174 226 135
174 226 136
174 226 137
174 226 138
174 227 128
174 227 129
174 227 130
174 227 131
174 227 132
174 227 133
174 227 134
174 227 135
174 227 136
174 227 137
174 227 138
174 228 128
174 228 129
174 228 130
174 228 131
174 228 134
174 228 135
174 228 136
174 229 128
174 229 129
174 229 130
174 229 135
174 229 136
174 230 128
174 230 129
174 230 130
174 230 135
174 231 128
174 232 128
174 233 128
175 225 136
175 225 137
175 226 128
175 226 129
175 226 136
175 226 137
175 226 138
175 227 128
175 227 130
175 227 136
175 227 137
175 227 138
175 228 128
175 228 129
175 228 135
175 228 136
175 228 137
175 228 138
175 229 128
175 229 129
175 230 128
175 231 128
175 232 128
175 232 129
175 233 128
175 233 129

