alfheim:altLeaves
6
-61 224 193
-60 224 194
-60 224 195
-59 224 192
-59 224 195
-59 224 197
-58 222 195
-58 223 194
-58 223 195
-58 223 196
-58 224 192
-58 224 194
-58 224 195
-58 224 196
-57 221 195
-57 222 195
-57 223 193
-57 223 194
-57 223 195
-57 223 196
-57 224 192
-57 224 195
-57 224 196
-56 222 194
-56 222 195
-56 223 194
-56 223 195
-56 223 198
-56 224 193
-56 224 194
-56 224 195
-56 224 196
-56 224 198
-56 224 199
-55 222 194
-55 222 195
-55 223 192
-55 223 193
-55 223 194
-55 223 195
-55 223 196
-55 224 192
-55 224 193
-55 224 194
-55 224 195
-55 224 196
-55 224 197
-55 224 198
-54 222 194
-54 223 193
-54 223 194
-54 223 195
-54 223 196
-54 224 193
-54 224 194
-54 224 195
-54 224 196
-53 223 193
-53 223 195
-53 223 196
-53 224 192
-53 224 193
-53 224 194
-53 224 195
-53 224 196
-52 224 192
-52 224 193
-52 224 196
-50 224 199
-50 224 200
-49 224 200
-64 227 194
-64 227 195
-64 228 192
-64 228 194
-64 228 195
-64 228 196
-64 228 197
-64 228 199
-64 229 192
-64 229 193
-64 229 194
-64 229 195
-64 229 196
-64 229 197
-64 229 198
-64 229 199
-64 230 192
-64 230 193
-64 230 194
-64 230 195
-64 230 196
-64 230 197
-64 230 198
-64 230 199
-64 230 200
-64 231 192
-64 231 193
-64 231 194
-64 231 195
-64 231 196
-64 231 197
-64 231 198
-64 231 199
-64 231 200
-64 232 192
-64 232 193
-64 232 194
-64 232 195
-64 232 196
-64 232 197
-64 232 198
-64 232 199
-64 232 200
-64 233 192
-64 233 193
-64 233 194
-64 233 195
-64 233 196
-64 233 197
-64 233 198
-64 233 199
-64 233 200
-64 234 192
-64 234 193
-64 234 194
-64 234 195
-64 234 196
-64 234 197
-64 234 198
-64 234 199
-64 234 200
-64 234 201
-64 235 192
-64 235 193
-64 235 194
-64 235 195
-64 235 196
-64 235 197
-64 235 198
-64 235 199
-64 235 200
-64 235 201
-64 236 192
-64 236 193
-64 236 194
-64 236 195
-64 236 196
-64 236 197
-64 236 198
-64 236 199
-64 237 192
-64 237 193
-64 237 194
-64 237 195
-64 237 196
-64 237 197
-64 237 198
-64 237 199
-64 238 192
-64 238 193
-64 238 194
-64 238 195
-64 238 196
-64 238 197
-64 238 198
-64 239 192
-64 239 193
-64 239 194
-64 239 196
-64 240 192
-64 240 193
-64 240 194
-64 241 193
-64 241 194
-64 241 195
-63 227 194
-63 227 196
-63 227 197
-63 228 192
-63 228 193
-63 228 194
-63 228 196
-63 228 197
-63 229 192
-63 229 193
-63 229 194
-63 229 195
-63 229 196
-63 229 197
-63 229 198
-63 229 199
-63 230 192
-63 230 193
-63 230 194
-63 230 195
-63 230 196
-63 230 197
-63 230 198
-63 230 199
-63 230 200
-63 231 192
-63 231 193
-63 231 194
-63 231 195
-63 231 196
-63 231 197
-63 231 198
-63 231 199
-63 231 200
-63 232 192
-63 232 193
-63 232 194
-63 232 195
-63 232 196
-63 232 197
-63 232 198
-63 232 199
-63 232 200
-63 233 192
-63 233 193
-63 233 194
-63 233 195
-63 233 196
-63 233 197
-63 233 198
-63 233 199
-63 233 200
-63 233 201
-63 234 192
-63 234 193
-63 234 194
-63 234 195
-63 234 196
-63 234 197
-63 234 198
-63 234 199
-63 234 200
-63 234 201
-63 235 192
-63 235 193
-63 235 194
-63 235 195
-63 235 196
-63 235 197
-63 235 198
-63 235 199
-63 235 200
-63 236 192
-63 236 193
-63 236 194
-63 236 195
-63 236 196
-63 236 198
-63 236 199
-63 237 192
-63 237 193
-63 237 194
-63 237 196
-63 237 197
-63 237 198
-63 238 192
-63 238 193
-63 238 194
-63 238 198
-63 238 199
-63 239 192
-63 239 193
-63 239 194
-63 239 195
-63 239 196
-63 240 192
-63 240 193
-63 240 194
-63 240 195
-63 241 193
-63 241 194
-62 225 194
-62 226 192
-62 227 192
-62 227 195
-62 227 196
-62 227 197
-62 228 192
-62 228 193
-62 228 194
-62 228 195
-62 228 196
-62 228 197
-62 228 198
-62 229 192
-62 229 193
-62 229 194
-62 229 195
-62 229 196
-62 229 197
-62 229 198
-62 229 199
-62 230 192
-62 230 193
-62 230 194
-62 230 195
-62 230 196
-62 230 197
-62 230 198
-62 230 199
-62 231 192
-62 231 193
-62 231 194
-62 231 195
-62 231 196
-62 231 197
-62 231 198
-62 231 199
-62 232 192
-62 232 193
-62 232 194
-62 232 195
-62 232 196
-62 232 197
-62 232 198
-62 232 199
-62 232 200
-62 233 192
-62 233 193
-62 233 194
-62 233 195
-62 233 196
-62 233 197
-62 233 198
-62 233 199
-62 233 200
-62 233 201
-62 234 192
-62 234 193
-62 234 194
-62 234 195
-62 234 196
-62 234 197
-62 234 198
-62 234 199
-62 234 200
-62 234 201
-62 235 192
-62 235 193
-62 235 194
-62 235 195
-62 235 196
-62 235 197
-62 235 198
-62 235 199
-62 235 200
-62 236 192
-62 236 193
-62 236 194
-62 236 195
-62 236 196
-62 236 197
-62 236 198
-62 237 192
-62 237 193
-62 237 194
-62 237 195
-62 237 196
-62 237 197
-62 237 198
-62 238 192
-62 238 193
-62 238 194
-62 238 195
-62 238 197
-62 239 192
-62 239 193
-62 239 194
-62 239 195
-62 239 196
-62 239 197
-62 240 192
-62 240 193
-62 240 194
-62 240 195
-62 241 192
-62 241 195
-62 242 192
-62 242 193
-62 242 194
-61 225 192
-61 225 193
-61 225 194
-61 225 195
-61 226 192
-61 226 193
-61 226 194
-61 226 195
-61 226 197
-61 227 194
-61 227 195
-61 227 196
-61 227 197
-61 227 198
-61 228 192
-61 228 193
-61 228 194
-61 228 195
-61 228 196
-61 228 197
-61 228 198
-61 228 199
-61 229 192
-61 229 193
-61 229 195
-61 229 196
-61 229 197
-61 229 198
-61 230 192
-61 230 193
-61 230 194
-61 230 195
-61 230 196
-61 230 197
-61 230 199
-61 230 200
-61 230 201
-61 231 192
-61 231 193
-61 231 194
-61 231 195
-61 231 196
-61 231 197
-61 231 198
-61 231 199
-61 231 200
-61 231 201
-61 232 192
-61 232 193
-61 232 194
-61 232 195
-61 232 196
-61 232 197
-61 232 198
-61 232 199
-61 232 200
-61 232 201
-61 233 192
-61 233 193
-61 233 194
-61 233 195
-61 233 196
-61 233 197
-61 233 198
-61 233 199
-61 233 201
-61 234 192
-61 234 193
-61 234 194
-61 234 195
-61 234 196
-61 234 197
-61 234 198
-61 234 199
-61 234 200
-61 234 201
-61 234 202
-61 235 192
-61 235 193
-61 235 194
-61 235 195
-61 235 196
-61 235 197
-61 235 198
-61 235 199
-61 235 200
-61 235 201
-61 236 192
-61 236 193
-61 236 194
-61 236 195
-61 236 196
-61 236 197
-61 236 198
-61 236 199
-61 236 200
-61 237 192
-61 237 193
-61 237 194
-61 237 195
-61 237 196
-61 237 197
-61 237 199
-61 238 192
-61 238 193
-61 238 194
-61 238 195
-61 238 196
-61 239 192
-61 239 193
-61 239 194
-61 239 195
-61 239 196
-61 239 197
-61 239 198
-61 240 192
-61 240 193
-61 240 194
-61 240 195
-61 240 196
-61 241 192
-61 241 193
-61 241 194
-61 241 195
-61 242 192
-61 242 193
-61 242 194
-61 242 195
-61 243 193
-60 225 193
-60 225 196
-60 226 192
-60 226 193
-60 226 194
-60 226 196
-60 227 192
-60 227 193
-60 227 194
-60 227 195
-60 227 196
-60 227 198
-60 228 192
-60 228 193
-60 228 194
-60 228 195
-60 228 196
-60 228 197
-60 228 198
-60 228 199
-60 229 192
-60 229 193
-60 229 194
-60 229 195
-60 229 196
-60 229 197
-60 229 198
-60 229 199
-60 230 192
-60 230 193
-60 230 194
-60 230 195
-60 230 196
-60 230 197
-60 230 198
-60 230 199
-60 230 200
-60 230 201
-60 230 202
-60 231 192
-60 231 193
-60 231 194
-60 231 195
-60 231 196
-60 231 197
-60 231 198
-60 231 199
-60 231 200
-60 231 201
-60 231 202
-60 232 192
-60 232 193
-60 232 194
-60 232 195
-60 232 196
-60 232 197
-60 232 198
-60 232 199
-60 232 200
-60 232 201
-60 232 202
-60 232 203
-60 233 192
-60 233 193
-60 233 194
-60 233 195
-60 233 196
-60 233 197
-60 233 198
-60 233 199
-60 233 200
-60 233 201
-60 233 202
-60 234 192
-60 234 193
-60 234 194
-60 234 195
-60 234 196
-60 234 197
-60 234 198
-60 234 199
-60 234 200
-60 234 201
-60 234 202
-60 235 192
-60 235 193
-60 235 194
-60 235 195
-60 235 196
-60 235 197
-60 235 198
-60 235 199
-60 235 200
-60 236 192
-60 236 193
-60 236 194
-60 236 195
-60 236 196
-60 236 197
-60 236 198
-60 236 199
-60 236 200
-60 237 192
-60 237 193
-60 237 194
-60 237 195
-60 237 196
-60 237 198
-60 238 192
-60 238 193
-60 238 194
-60 238 195
-60 238 196
-60 238 197
-60 239 192
-60 239 193
-60 239 196
-60 240 192
-60 240 193
-60 240 194
-60 240 195
-60 240 196
-60 240 197
-60 241 192
-60 241 193
-60 241 194
-60 241 195
-60 241 196
-60 242 193
-60 242 194
-60 244 193
-59 225 192
-59 225 193
-59 225 194
-59 225 196
-59 225 197
-59 226 192
-59 226 193
-59 226 194
-59 226 195
-59 226 196
-59 227 192
-59 227 193
-59 227 194
-59 227 195
-59 227 196
-59 227 197
-59 227 198
-59 228 192
-59 228 193
-59 228 194
-59 228 195
-59 228 196
-59 228 197
-59 228 198
-59 228 199
-59 229 192
-59 229 193
-59 229 194
-59 229 195
-59 229 196
-59 229 197
-59 229 198
-59 229 199
-59 230 192
-59 230 193
-59 230 194
-59 230 195
-59 230 196
-59 230 197
-59 230 198
-59 230 199
-59 231 192
-59 231 193
-59 231 194
-59 231 195
-59 231 196
-59 231 197
-59 231 198
-59 231 199
-59 231 200
-59 231 202
-59 232 192
-59 232 193
-59 232 194
-59 232 195
-59 232 196
-59 232 197
-59 232 198
-59 232 199
-59 232 200
-59 232 201
-59 232 202
-59 233 192
-59 233 193
-59 233 194
-59 233 195
-59 233 196
-59 233 197
-59 233 198
-59 233 199
-59 233 200
-59 233 201
-59 233 202
-59 234 192
-59 234 193
-59 234 194
-59 234 195
-59 234 196
-59 234 197
-59 234 198
-59 234 199
-59 234 201
-59 235 192
-59 235 193
-59 235 194
-59 235 195
-59 235 196
-59 235 197
-59 235 198
-59 235 199
-59 235 200
-59 235 201
-59 235 202
-59 236 192
-59 236 193
-59 236 194
-59 236 195
-59 236 196
-59 236 197
-59 236 198
-59 236 199
-59 236 200
-59 236 201
-59 237 192
-59 237 193
-59 237 194
-59 237 195
-59 237 196
-59 237 197
-59 237 198
-59 238 192
-59 238 193
-59 238 194
-59 238 195
-59 238 196
-59 238 197
-59 239 192
-59 239 193
-59 239 194
-59 239 195
-59 239 196
-59 239 197
-59 240 192
-59 240 193
-59 240 194
-59 240 195
-59 240 196
-59 241 192
-59 241 193
-59 241 194
-59 241 195
-59 241 196
-59 242 192
-59 242 193
-59 242 194
-59 243 192
-59 243 193
-59 243 194
-59 243 195
-59 244 193
-59 244 194
-58 225 192
-58 225 193
-58 225 194
-58 225 195
-58 225 196
-58 225 197
-58 226 192
-58 226 193
-58 226 194
-58 226 195
-58 226 196
-58 226 197
-58 226 198
-58 227 192
-58 227 193
-58 227 194
-58 227 195
-58 227 196
-58 227 197
-58 227 198
-58 228 192
-58 228 193
-58 228 194
-58 228 195
-58 228 196
-58 228 197
-58 228 198
-58 228 199
-58 228 200
-58 229 192
-58 229 193
-58 229 194
-58 229 195
-58 229 196
-58 229 197
-58 229 198
-58 229 199
-58 230 192
-58 230 193
-58 230 194
-58 230 195
-58 230 196
-58 230 197
-58 230 198
-58 230 199
-58 230 200
-58 230 201
-58 231 192
-58 231 193
-58 231 194
-58 231 195
-58 231 196
-58 231 197
-58 231 198
-58 231 199
-58 231 200
-58 231 201
-58 231 202
-58 232 192
-58 232 193
-58 232 194
-58 232 195
-58 232 196
-58 232 197
-58 232 198
-58 232 199
-58 232 200
-58 232 201
-58 232 203
-58 233 192
-58 233 193
-58 233 194
-58 233 195
-58 233 196
-58 233 197
-58 233 198
-58 233 199
-58 233 200
-58 233 201
-58 233 202
-58 233 203
-58 234 192
-58 234 193
-58 234 194
-58 234 195
-58 234 196
-58 234 197
-58 234 198
-58 234 199
-58 234 200
-58 234 201
-58 234 202
-58 235 192
-58 235 193
-58 235 194
-58 235 195
-58 235 196
-58 235 197
-58 235 198
-58 235 200
-58 235 201
-58 236 192
-58 236 193
-58 236 194
-58 236 195
-58 236 196
-58 236 197
-58 236 198
-58 237 192
-58 237 193
-58 237 194
-58 237 195
-58 237 196
-58 237 197
-58 237 198
-58 238 192
-58 238 193
-58 238 194
-58 238 195
-58 239 192
-58 239 193
-58 239 195
-58 239 196
-58 239 197
-58 240 192
-58 240 193
-58 240 194
-58 240 195
-58 240 196
-58 240 197
-58 241 192
-58 241 193
-58 241 195
-58 242 193
-58 242 194
-58 243 192
-58 243 194
-58 244 193
-57 225 192
-57 225 193
-57 225 194
-57 225 195
-57 225 196
-57 225 197
-57 226 192
-57 226 193
-57 226 194
-57 226 195
-57 226 196
-57 226 197
-57 226 199
-57 226 200
-57 227 192
-57 227 193
-57 227 194
-57 227 195
-57 227 196
-57 227 197
-57 227 198
-57 227 199
-57 227 200
-57 228 192
-57 228 193
-57 228 194
-57 228 195
-57 228 196
-57 228 197
-57 228 198
-57 228 200
-57 229 192
-57 229 193
-57 229 194
-57 229 195
-57 229 196
-57 229 197
-57 229 198
-57 229 200
-57 229 201
-57 230 192
-57 230 193
-57 230 194
-57 230 195
-57 230 196
-57 230 197
-57 230 198
-57 230 199
-57 230 200
-57 230 201
-57 230 202
-57 230 203
-57 230 204
-57 231 192
-57 231 193
-57 231 194
-57 231 195
-57 231 196
-57 231 197
-57 231 198
-57 231 199
-57 231 200
-57 231 201
-57 231 202
-57 232 192
-57 232 193
-57 232 194
-57 232 195
-57 232 196
-57 232 197
-57 232 198
-57 232 199
-57 232 200
-57 232 201
-57 232 202
-57 232 203
-57 233 192
-57 233 193
-57 233 194
-57 233 195
-57 233 196
-57 233 197
-57 233 198
-57 233 199
-57 233 201
-57 233 202
-57 233 203
-57 233 204
-57 234 192
-57 234 193
-57 234 194
-57 234 195
-57 234 196
-57 234 197
-57 234 198
-57 234 199
-57 234 200
-57 234 201
-57 234 202
-57 234 203
-57 235 192
-57 235 193
-57 235 194
-57 235 195
-57 235 196
-57 235 197
-57 235 198
-57 235 199
-57 235 200
-57 235 201
-57 235 202
-57 236 192
-57 236 193
-57 236 194
-57 236 195
-57 236 196
-57 236 197
-57 236 198
-57 236 201
-57 236 202
-57 237 192
-57 237 193
-57 237 194
-57 237 195
-57 237 196
-57 237 197
-57 237 198
-57 238 192
-57 238 193
-57 238 194
-57 238 195
-57 238 196
-57 239 192
-57 239 193
-57 239 194
-57 239 195
-57 239 196
-57 240 192
-57 240 195
-57 240 196
-57 241 192
-57 241 193
-57 241 195
-57 242 192
-57 242 193
-57 242 194
-57 243 192
-57 243 193
-56 225 192
-56 225 193
-56 225 194
-56 225 195
-56 225 197
-56 225 198
-56 225 199
-56 226 192
-56 226 193
-56 226 194
-56 226 195
-56 226 196
-56 226 197
-56 226 198
-56 226 199
-56 226 200
-56 226 201
-56 227 192
-56 227 193
-56 227 194
-56 227 195
-56 227 196
-56 227 197
-56 227 198
-56 227 199
-56 227 200
-56 228 192
-56 228 193
-56 228 194
-56 228 195
-56 228 196
-56 228 197
-56 228 198
-56 228 199
-56 228 200
-56 228 201
-56 229 192
-56 229 193
-56 229 194
-56 229 195
-56 229 196
-56 229 197
-56 229 198
-56 229 199
-56 229 200
-56 229 201
-56 229 202
-56 229 203
-56 230 192
-56 230 193
-56 230 194
-56 230 195
-56 230 196
-56 230 197
-56 230 198
-56 230 199
-56 230 200
-56 230 201
-56 230 202
-56 231 192
-56 231 193
-56 231 194
-56 231 195
-56 231 196
-56 231 197
-56 231 198
-56 231 199
-56 231 200
-56 231 201
-56 231 202
-56 231 203
-56 231 204
-56 232 192
-56 232 193
-56 232 194
-56 232 195
-56 232 196
-56 232 197
-56 232 198
-56 232 199
-56 232 200
-56 232 201
-56 232 202
-56 232 203
-56 232 205
-56 233 192
-56 233 193
-56 233 194
-56 233 195
-56 233 196
-56 233 197
-56 233 198
-56 233 199
-56 233 200
-56 233 201
-56 233 202
-56 233 203
-56 233 204
-56 233 205
-56 234 192
-56 234 193
-56 234 194
-56 234 195
-56 234 196
-56 234 197
-56 234 198
-56 234 199
-56 234 200
-56 234 201
-56 234 202
-56 234 203
-56 234 205
-56 235 192
-56 235 193
-56 235 194
-56 235 195
-56 235 196
-56 235 197
-56 235 198
-56 235 199
-56 235 200
-56 235 201
-56 235 202
-56 236 192
-56 236 193
-56 236 194
-56 236 195
-56 236 196
-56 236 197
-56 236 198
-56 236 199
-56 236 200
-56 236 201
-56 236 202
-56 237 192
-56 237 193
-56 237 194
-56 237 195
-56 237 196
-56 237 197
-56 238 192
-56 238 193
-56 238 194
-56 238 195
-56 239 192
-56 239 193
-56 239 194
-56 239 195
-56 239 196
-56 240 192
-56 240 193
-56 240 194
-56 240 195
-56 240 196
-56 241 192
-56 241 193
-56 241 194
-56 241 195
-56 242 192
-56 242 193
-56 242 194
-56 242 195
-56 243 193
-56 243 194
-56 244 193
-55 225 193
-55 225 194
-55 225 195
-55 225 198
-55 226 192
-55 226 193
-55 226 194
-55 226 195
-55 226 196
-55 226 198
-55 226 199
-55 226 200
-55 227 192
-55 227 193
-55 227 194
-55 227 195
-55 227 196
-55 227 197
-55 227 198
-55 227 199
-55 227 200
-55 228 192
-55 228 193
-55 228 194
-55 228 195
-55 228 196
-55 228 197
-55 228 198
-55 228 199
-55 228 200
-55 228 201
-55 229 192
-55 229 193
-55 229 194
-55 229 195
-55 229 196
-55 229 197
-55 229 198
-55 229 199
-55 229 200
-55 229 202
-55 230 192
-55 230 193
-55 230 194
-55 230 195
-55 230 196
-55 230 197
-55 230 198
-55 230 199
-55 230 200
-55 230 201
-55 230 202
-55 231 192
-55 231 193
-55 231 194
-55 231 195
-55 231 196
-55 231 197
-55 231 198
-55 231 199
-55 231 200
-55 231 201
-55 231 202
-55 231 203
-55 231 204
-55 232 192
-55 232 193
-55 232 194
-55 232 195
-55 232 196
-55 232 197
-55 232 198
-55 232 199
-55 232 200
-55 232 201
-55 232 202
-55 232 203
-55 232 204
-55 232 205
-55 233 192
-55 233 193
-55 233 194
-55 233 195
-55 233 196
-55 233 197
-55 233 198
-55 233 199
-55 233 200
-55 233 201
-55 233 202
-55 233 203
-55 233 204
-55 234 192
-55 234 193
-55 234 194
-55 234 195
-55 234 196
-55 234 197
-55 234 198
-55 234 199
-55 234 200
-55 234 201
-55 234 202
-55 234 203
-55 235 192
-55 235 193
-55 235 194
-55 235 195
-55 235 196
-55 235 197
-55 235 198
-55 235 199
-55 235 200
-55 235 201
-55 235 202
-55 235 203
-55 236 192
-55 236 193
-55 236 194
-55 236 195
-55 236 196
-55 236 197
-55 236 198
-55 236 199
-55 236 200
-55 236 201
-55 236 202
-55 237 192
-55 237 193
-55 237 194
-55 237 195
-55 237 196
-55 237 199
-55 238 192
-55 238 193
-55 238 194
-55 238 195
-55 238 196
-55 238 197
-55 239 192
-55 239 193
-55 239 194
-55 239 195
-55 239 196
-55 239 197
-55 240 192
-55 240 193
-55 240 194
-55 240 195
-55 241 193
-55 241 194
-55 241 195
-55 242 193
-54 225 192
-54 225 193
-54 225 194
-54 225 195
-54 225 196
-54 226 192
-54 226 193
-54 226 194
-54 226 195
-54 226 196
-54 226 197
-54 226 198
-54 227 192
-54 227 193
-54 227 194
-54 227 195
-54 227 196
-54 227 197
-54 227 198
-54 227 199
-54 227 200
-54 228 192
-54 228 193
-54 228 194
-54 228 195
-54 228 197
-54 228 198
-54 228 199
-54 228 200
-54 229 192
-54 229 193
-54 229 194
-54 229 195
-54 229 196
-54 229 197
-54 229 198
-54 229 199
-54 229 200
-54 229 201
-54 230 192
-54 230 193
-54 230 194
-54 230 195
-54 230 196
-54 230 197
-54 230 198
-54 230 199
-54 230 200
-54 230 201
-54 231 192
-54 231 193
-54 231 194
-54 231 195
-54 231 196
-54 231 197
-54 231 198
-54 231 199
-54 231 200
-54 231 201
-54 231 202
-54 231 203
-54 232 192
-54 232 193
-54 232 194
-54 232 195
-54 232 196
-54 232 197
-54 232 198
-54 232 199
-54 232 200
-54 232 201
-54 232 202
-54 232 203
-54 232 204
-54 232 205
-54 233 192
-54 233 193
-54 233 194
-54 233 195
-54 233 196
-54 233 197
-54 233 198
-54 233 199
-54 233 200
-54 233 201
-54 233 202
-54 233 203
-54 234 192
-54 234 193
-54 234 194
-54 234 195
-54 234 196
-54 234 197
-54 234 198
-54 234 199
-54 234 200
-54 234 201
-54 234 202
-54 234 203
-54 234 204
-54 235 192
-54 235 193
-54 235 194
-54 235 195
-54 235 196
-54 235 197
-54 235 198
-54 235 199
-54 235 200
-54 235 201
-54 236 192
-54 236 193
-54 236 194
-54 236 195
-54 236 196
-54 236 197
-54 236 198
-54 236 199
-54 236 200
-54 236 201
-54 236 202
-54 237 192
-54 237 193
-54 237 194
-54 237 195
-54 237 196
-54 237 197
-54 237 201
-54 238 192
-54 238 193
-54 238 194
-54 238 195
-54 238 196
-54 238 197
-54 239 192
-54 239 193
-54 239 194
-54 239 195
-54 239 196
-54 240 192
-54 240 193
-54 240 194
-54 241 192
-54 241 193
-53 225 192
-53 225 193
-53 225 194
-53 225 195
-53 225 196
-53 226 192
-53 226 193
-53 226 194
-53 226 195
-53 226 197
-53 227 193
-53 227 194
-53 227 195
-53 227 196
-53 227 197
-53 227 198
-53 227 199
-53 227 200
-53 228 192
-53 228 193
-53 228 194
-53 228 195
-53 228 196
-53 228 197
-53 228 198
-53 228 199
-53 228 201
-53 229 192
-53 229 193
-53 229 194
-53 229 195
-53 229 196
-53 229 197
-53 229 198
-53 229 199
-53 229 200
-53 229 201
-53 230 192
-53 230 193
-53 230 194
-53 230 195
-53 230 196
-53 230 197
-53 230 198
-53 230 199
-53 230 200
-53 230 201
-53 230 202
-53 230 203
-53 231 192
-53 231 193
-53 231 194
-53 231 195
-53 231 196
-53 231 197
-53 231 198
-53 231 199
-53 231 200
-53 231 201
-53 231 202
-53 231 203
-53 232 192
-53 232 193
-53 232 194
-53 232 195
-53 232 196
-53 232 197
-53 232 198
-53 232 199
-53 232 200
-53 232 201
-53 232 202
-53 233 192
-53 233 193
-53 233 194
-53 233 195
-53 233 196
-53 233 197
-53 233 198
-53 233 199
-53 233 200
-53 233 201
-53 233 202
-53 233 203
-53 233 204
-53 234 192
-53 234 193
-53 234 194
-53 234 195
-53 234 196
-53 234 197
-53 234 198
-53 234 199
-53 234 200
-53 234 201
-53 234 202
-53 235 192
-53 235 193
-53 235 194
-53 235 195
-53 235 196
-53 235 197
-53 235 198
-53 235 199
-53 235 200
-53 235 201
-53 235 202
-53 236 192
-53 236 193
-53 236 194
-53 236 195
-53 236 196
-53 236 197
-53 236 198
-53 236 200
-53 236 201
-53 236 202
-53 237 192
-53 237 193
-53 237 194
-53 237 195
-53 237 196
-53 237 197
-53 237 198
-53 237 199
-53 237 200
-53 237 201
-53 238 192
-53 238 193
-53 238 194
-53 238 195
-53 238 196
-53 238 197
-53 238 198
-53 239 192
-53 239 193
-53 239 194
-53 239 195
-53 239 196
-53 240 192
-53 240 193
-53 240 194
-53 240 195
-52 225 192
-52 225 193
-52 225 194
-52 225 195
-52 225 196
-52 226 192
-52 226 193
-52 226 194
-52 226 195
-52 226 196
-52 226 197
-52 226 198
-52 226 200
-52 227 192
-52 227 193
-52 227 194
-52 227 195
-52 227 196
-52 227 197
-52 227 199
-52 227 200
-52 228 192
-52 228 193
-52 228 194
-52 228 195
-52 228 196
-52 228 197
-52 228 198
-52 228 199
-52 228 200
-52 228 201
-52 229 192
-52 229 193
-52 229 194
-52 229 195
-52 229 196
-52 229 197
-52 229 198
-52 229 199
-52 229 200
-52 229 201
-52 229 202
-52 229 203
-52 230 192
-52 230 193
-52 230 194
-52 230 195
-52 230 196
-52 230 197
-52 230 198
-52 230 199
-52 230 200
-52 230 201
-52 230 202
-52 230 203
-52 230 204
-52 231 192
-52 231 193
-52 231 194
-52 231 195
-52 231 196
-52 231 197
-52 231 198
-52 231 199
-52 231 200
-52 231 201
-52 231 202
-52 231 203
-52 232 192
-52 232 193
-52 232 194
-52 232 195
-52 232 196
-52 232 197
-52 232 198
-52 232 199
-52 232 200
-52 232 201
-52 232 202
-52 232 203
-52 232 204
-52 233 192
-52 233 193
-52 233 194
-52 233 195
-52 233 196
-52 233 197
-52 233 198
-52 233 199
-52 233 200
-52 233 201
-52 233 202
-52 234 192
-52 234 193
-52 234 194
-52 234 195
-52 234 196
-52 234 197
-52 234 198
-52 234 199
-52 234 200
-52 234 201
-52 234 202
-52 234 203
-52 235 192
-52 235 193
-52 235 194
-52 235 195
-52 235 196
-52 235 197
-52 235 198
-52 235 199
-52 235 200
-52 236 192
-52 236 193
-52 236 194
-52 236 195
-52 236 196
-52 236 197
-52 236 198
-52 236 199
-52 236 200
-52 236 201
-52 236 202
-52 237 192
-52 237 193
-52 237 194
-52 237 195
-52 237 196
-52 237 197
-52 237 198
-52 237 199
-52 237 200
-52 237 201
-52 238 192
-52 238 193
-52 238 194
-52 238 195
-52 238 196
-52 238 198
-52 238 201
-52 239 192
-52 239 193
-52 239 195
-52 240 192
-52 240 193
-52 240 195
-52 241 192
-52 241 193
-52 241 195
-51 225 192
-51 225 193
-51 225 194
-51 225 195
-51 225 196
-51 225 200
-51 226 192
-51 226 193
-51 226 194
-51 226 195
-51 226 196
-51 226 197
-51 226 199
-51 226 200
-51 226 202
-51 227 192
-51 227 193
-51 227 194
-51 227 195
-51 227 196
-51 227 198
-51 227 199
-51 227 200
-51 227 201
-51 228 192
-51 228 193
-51 228 194
-51 228 195
-51 228 196
-51 228 197
-51 228 198
-51 228 199
-51 228 200
-51 228 201
-51 228 202
-51 229 192
-51 229 193
-51 229 194
-51 229 195
-51 229 196
-51 229 197
-51 229 198
-51 229 199
-51 229 200
-51 229 201
-51 229 202
-51 229 203
-51 230 192
-51 230 193
-51 230 194
-51 230 195
-51 230 196
-51 230 197
-51 230 198
-51 230 199
-51 230 200
-51 230 201
-51 230 202
-51 230 203
-51 231 192
-51 231 193
-51 231 194
-51 231 195
-51 231 196
-51 231 197
-51 231 198
-51 231 199
-51 231 200
-51 231 201
-51 231 202
-51 231 203
-51 231 204
-51 231 205
-51 232 192
-51 232 193
-51 232 194
-51 232 195
-51 232 196
-51 232 197
-51 232 198
-51 232 199
-51 232 200
-51 232 201
-51 232 202
-51 232 203
-51 232 204
-51 232 205
-51 233 192
-51 233 193
-51 233 194
-51 233 195
-51 233 196
-51 233 197
-51 233 198
-51 233 199
-51 233 200
-51 233 201
-51 233 202
-51 233 203
-51 233 204
-51 233 205
-51 234 192
-51 234 193
-51 234 194
-51 234 195
-51 234 196
-51 234 197
-51 234 198
-51 234 199
-51 234 200
-51 234 201
-51 234 202
-51 234 203
-51 235 192
-51 235 193
-51 235 194
-51 235 195
-51 235 196
-51 235 197
-51 235 198
-51 235 199
-51 235 200
-51 235 205
-51 236 192
-51 236 193
-51 236 194
-51 236 195
-51 236 196
-51 236 197
-51 236 198
-51 236 199
-51 236 200
-51 236 201
-51 236 202
-51 236 203
-51 237 192
-51 237 193
-51 237 194
-51 237 195
-51 237 196
-51 237 197
-51 237 198
-51 237 199
-51 237 200
-51 238 192
-51 238 193
-51 238 194
-51 238 195
-51 238 196
-51 238 197
-51 238 198
-51 238 199
-51 238 200
-51 239 192
-51 239 193
-51 239 194
-51 239 195
-51 239 196
-51 239 199
-51 240 192
-51 240 193
-51 240 194
-51 240 195
-51 241 192
-51 241 193
-51 242 192
-51 242 193
-50 225 199
-50 225 200
-50 225 202
-50 226 194
-50 226 198
-50 226 199
-50 226 200
-50 226 201
-50 226 202
-50 227 192
-50 227 193
-50 227 194
-50 227 195
-50 227 196
-50 227 197
-50 227 198
-50 227 199
-50 227 200
-50 227 201
-50 228 192
-50 228 193
-50 228 194
-50 228 195
-50 228 197
-50 228 198
-50 228 199
-50 228 200
-50 228 201
-50 228 202
-50 228 203
-50 228 205
-50 229 192
-50 229 193
-50 229 194
-50 229 195
-50 229 196
-50 229 197
-50 229 198
-50 229 199
-50 229 200
-50 229 201
-50 229 202
-50 229 203
-50 229 204
-50 230 192
-50 230 193
-50 230 194
-50 230 195
-50 230 196
-50 230 197
-50 230 198
-50 230 199
-50 230 200
-50 230 201
-50 230 202
-50 230 203
-50 230 204
-50 230 205
-50 231 192
-50 231 193
-50 231 194
-50 231 195
-50 231 196
-50 231 197
-50 231 198
-50 231 199
-50 231 200
-50 231 201
-50 231 202
-50 231 203
-50 231 204
-50 231 205
-50 232 192
-50 232 193
-50 232 194
-50 232 195
-50 232 196
-50 232 197
-50 232 198
-50 232 199
-50 232 200
-50 232 201
-50 232 202
-50 232 203
-50 232 204
-50 232 205
-50 232 206
-50 233 192
-50 233 193
-50 233 194
-50 233 195
-50 233 196
-50 233 197
-50 233 198
-50 233 199
-50 233 200
-50 233 201
-50 233 202
-50 233 203
-50 233 204
-50 233 205
-50 233 206
-50 234 192
-50 234 193
-50 234 194
-50 234 195
-50 234 196
-50 234 197
-50 234 198
-50 234 199
-50 234 200
-50 234 201
-50 234 202
-50 234 203
-50 234 204
-50 234 205
-50 235 192
-50 235 193
-50 235 194
-50 235 195
-50 235 196
-50 235 197
-50 235 198
-50 235 199
-50 235 200
-50 235 201
-50 235 202
-50 235 204
-50 235 205
-50 235 206
-50 236 192
-50 236 193
-50 236 194
-50 236 195
-50 236 196
-50 236 197
-50 236 198
-50 236 199
-50 236 200
-50 236 201
-50 236 202
-50 236 203
-50 236 204
-50 237 192
-50 237 193
-50 237 194
-50 237 195
-50 237 196
-50 237 197
-50 237 199
-50 237 200
-50 237 201
-50 237 203
-50 238 192
-50 238 193
-50 238 194
-50 238 195
-50 238 196
-50 238 197
-50 238 198
-50 238 199
-50 238 200
-50 238 201
-50 239 192
-50 239 193
-50 239 194
-50 239 195
-50 239 196
-50 239 197
-50 239 200
-50 240 192
-50 240 193
-50 240 194
-50 240 195
-50 240 196
-50 240 200
-50 241 194
-50 242 194
-50 242 196
-49 225 199
-49 225 200
-49 225 201
-49 226 195
-49 226 196
-49 226 199
-49 226 201
-49 226 202
-49 227 192
-49 227 193
-49 227 194
-49 227 195
-49 227 196
-49 227 198
-49 227 199
-49 227 200
-49 227 201
-49 227 202
-49 227 203
-49 227 205
-49 228 192
-49 228 193
-49 228 194
-49 228 195
-49 228 196
-49 228 197
-49 228 198
-49 228 199
-49 228 200
-49 228 201
-49 228 202
-49 228 203
-49 228 204
-49 228 205
-49 228 206
-49 229 192
-49 229 193
-49 229 194
-49 229 195
-49 229 196
-49 229 197
-49 229 198
-49 229 199
-49 229 200
-49 229 201
-49 229 202
-49 229 203
-49 229 204
-49 229 206
-49 230 192
-49 230 193
-49 230 194
-49 230 195
-49 230 196
-49 230 197
-49 230 198
-49 230 199
-49 230 200
-49 230 201
-49 230 202
-49 230 203
-49 230 204
-49 230 205
-49 230 206
-49 230 207
-49 231 192
-49 231 193
-49 231 194
-49 231 195
-49 231 196
-49 231 197
-49 231 198
-49 231 199
-49 231 200
-49 231 201
-49 231 202
-49 231 203
-49 231 204
-49 231 205
-49 231 206
-49 231 207
-49 232 192
-49 232 193
-49 232 194
-49 232 195
-49 232 196
-49 232 197
-49 232 198
-49 232 199
-49 232 200
-49 232 201
-49 232 202
-49 232 203
-49 232 204
-49 232 205
-49 232 206
-49 233 192
-49 233 193
-49 233 194
-49 233 195
-49 233 196
-49 233 197
-49 233 198
-49 233 199
-49 233 200
-49 233 201
-49 233 202
-49 233 203
-49 233 204
-49 233 205
-49 233 206
-49 234 192
-49 234 193
-49 234 194
-49 234 195
-49 234 196
-49 234 197
-49 234 198
-49 234 199
-49 234 200
-49 234 201
-49 234 202
-49 234 203
-49 234 204
-49 234 205
-49 235 192
-49 235 193
-49 235 194
-49 235 195
-49 235 196
-49 235 197
-49 235 198
-49 235 199
-49 235 200
-49 235 201
-49 235 202
-49 235 203
-49 235 204
-49 235 205
-49 236 192
-49 236 193
-49 236 194
-49 236 195
-49 236 196
-49 236 197
-49 236 198
-49 236 199
-49 236 200
-49 236 201
-49 236 202
-49 236 203
-49 236 204
-49 236 205
-49 237 192
-49 237 193
-49 237 194
-49 237 195
-49 237 196
-49 237 197
-49 237 198
-49 237 199
-49 237 200
-49 237 201
-49 237 202
-49 237 203
-49 238 192
-49 238 193
-49 238 194
-49 238 195
-49 238 196
-49 238 197
-49 238 198
-49 238 199
-49 238 200
-49 238 201
-49 238 203
-49 239 192
-49 239 193
-49 239 194
-49 239 195
-49 239 196
-49 239 197
-49 239 200
-49 239 203
-49 240 192
-49 240 193
-49 240 194
-49 240 195
-49 240 196
-49 240 197
-49 241 193
-49 241 194
-49 241 195
-49 241 196
-49 241 197
-49 242 194
-49 242 195
-49 242 196

