alfheim:altLeaves
6
-218 206 -9
-218 206 -7
-218 207 -9
-218 207 -8
-218 207 -1
-218 208 -8
-218 208 -2
-218 209 -8
-218 209 -7
-218 209 -3
-218 209 -2
-217 204 -9
-217 206 -9
-217 206 -8
-217 206 -7
-217 206 -6
-217 206 -2
-217 206 -1
-217 207 -11
-217 207 -9
-217 207 -8
-217 207 -7
-217 207 -6
-217 207 -3
-217 207 -2
-217 207 -1
-217 208 -9
-217 208 -8
-217 208 -7
-217 208 -6
-217 208 -5
-217 208 -4
-217 208 -3
-217 208 -2
-217 209 -11
-217 209 -10
-217 209 -9
-217 209 -8
-217 209 -7
-217 209 -5
-217 209 -4
-217 209 -3
-217 209 -2
-217 209 -1
-217 210 -9
-217 210 -8
-217 210 -7
-217 210 -6
-217 210 -5
-217 210 -2
-217 211 -8
-216 202 -8
-216 203 -9
-216 203 -8
-216 203 -7
-216 204 -9
-216 204 -7
-216 204 -6
-216 205 -11
-216 205 -9
-216 205 -8
-216 205 -7
-216 206 -9
-216 206 -8
-216 206 -7
-216 206 -6
-216 206 -3
-216 207 -12
-216 207 -11
-216 207 -10
-216 207 -9
-216 207 -8
-216 207 -3
-216 207 -2
-216 207 -1
-216 208 -11
-216 208 -10
-216 208 -9
-216 208 -8
-216 208 -7
-216 208 -6
-216 208 -5
-216 208 -4
-216 208 -2
-216 208 -1
-216 209 -11
-216 209 -10
-216 209 -9
-216 209 -8
-216 209 -7
-216 209 -6
-216 209 -5
-216 209 -2
-216 209 -1
-216 210 -11
-216 210 -10
-216 210 -9
-216 210 -8
-216 210 -7
-216 210 -6
-216 210 -5
-216 210 -4
-216 210 -3
-216 210 -2
-216 210 -1
-216 211 -8
-216 211 -7
-216 211 -5
-216 211 -4
-216 211 -3
-216 211 -1
-216 212 -4
-216 221 -16
-215 201 -8
-215 202 -8
-215 203 -9
-215 203 -8
-215 204 -11
-215 204 -10
-215 204 -9
-215 204 -8
-215 204 -7
-215 204 -6
-215 205 -11
-215 205 -10
-215 205 -9
-215 205 -8
-215 205 -7
-215 205 -6
-215 205 -5
-215 206 -9
-215 206 -8
-215 206 -7
-215 206 -6
-215 206 -5
-215 206 -3
-215 206 -2
-215 206 -1
-215 207 -12
-215 207 -10
-215 207 -9
-215 207 -8
-215 207 -7
-215 207 -5
-215 207 -4
-215 207 -2
-215 207 -1
-215 208 -12
-215 208 -11
-215 208 -10
-215 208 -9
-215 208 -8
-215 208 -7
-215 208 -6
-215 208 -5
-215 208 -4
-215 208 -3
-215 208 -2
-215 208 -1
-215 209 -12
-215 209 -11
-215 209 -10
-215 209 -9
-215 209 -8
-215 209 -7
-215 209 -6
-215 209 -5
-215 209 -4
-215 209 -3
-215 209 -2
-215 209 -1
-215 210 -10
-215 210 -9
-215 210 -8
-215 210 -7
-215 210 -6
-215 210 -5
-215 210 -4
-215 210 -3
-215 210 -1
-215 211 -10
-215 211 -9
-215 211 -8
-215 211 -7
-215 211 -4
-215 211 -3
-215 211 -2
-215 212 -10
-215 212 -7
-215 212 -4
-215 213 -10
-215 213 -4
-215 220 -16
-214 202 -8
-214 203 -9
-214 203 -6
-214 204 -10
-214 204 -9
-214 204 -7
-214 204 -6
-214 204 -5
-214 204 -3
-214 205 -11
-214 205 -10
-214 205 -9
-214 205 -8
-214 205 -7
-214 205 -4
-214 205 -3
-214 205 -2
-214 205 -1
-214 206 -12
-214 206 -10
-214 206 -9
-214 206 -8
-214 206 -7
-214 206 -6
-214 206 -4
-214 206 -3
-214 206 -2
-214 206 -1
-214 207 -13
-214 207 -12
-214 207 -11
-214 207 -10
-214 207 -9
-214 207 -8
-214 207 -7
-214 207 -6
-214 207 -5
-214 207 -4
-214 207 -3
-214 207 -2
-214 207 -1
-214 208 -13
-214 208 -12
-214 208 -11
-214 208 -10
-214 208 -9
-214 208 -8
-214 208 -7
-214 208 -6
-214 208 -5
-214 208 -4
-214 208 -3
-214 208 -2
-214 208 -1
-214 209 -13
-214 209 -12
-214 209 -10
-214 209 -9
-214 209 -8
-214 209 -6
-214 209 -5
-214 209 -4
-214 209 -3
-214 209 -2
-214 209 -1
-214 210 -14
-214 210 -11
-214 210 -10
-214 210 -9
-214 210 -8
-214 210 -7
-214 210 -6
-214 210 -5
-214 210 -4
-214 210 -3
-214 210 -2
-214 210 -1
-214 211 -12
-214 211 -11
-214 211 -10
-214 211 -9
-214 211 -8
-214 211 -7
-214 211 -6
-214 211 -5
-214 211 -4
-214 211 -1
-214 212 -11
-214 212 -10
-214 212 -9
-214 212 -8
-214 212 -7
-214 212 -6
-214 212 -5
-214 212 -3
-214 212 -2
-214 213 -11
-214 213 -10
-214 213 -5
-214 213 -3
-214 214 -11
-214 220 -16
-214 220 -15
-214 221 -16
-214 221 -15
-214 221 -14
-214 222 -16
-213 202 -6
-213 203 -8
-213 203 -6
-213 203 -2
-213 204 -9
-213 204 -8
-213 204 -7
-213 204 -6
-213 204 -5
-213 204 -3
-213 204 -2
-213 204 -1
-213 205 -14
-213 205 -13
-213 205 -11
-213 205 -10
-213 205 -9
-213 205 -8
-213 205 -7
-213 205 -6
-213 205 -4
-213 205 -3
-213 205 -2
-213 205 -1
-213 206 -14
-213 206 -13
-213 206 -12
-213 206 -11
-213 206 -10
-213 206 -9
-213 206 -8
-213 206 -7
-213 206 -6
-213 206 -5
-213 206 -4
-213 206 -3
-213 206 -2
-213 206 -1
-213 207 -14
-213 207 -13
-213 207 -12
-213 207 -11
-213 207 -10
-213 207 -9
-213 207 -8
-213 207 -7
-213 207 -6
-213 207 -5
-213 207 -4
-213 207 -3
-213 207 -2
-213 207 -1
-213 208 -15
-213 208 -14
-213 208 -13
-213 208 -12
-213 208 -11
-213 208 -10
-213 208 -9
-213 208 -8
-213 208 -7
-213 208 -6
-213 208 -5
-213 208 -4
-213 208 -3
-213 208 -2
-213 208 -1
-213 209 -16
-213 209 -15
-213 209 -14
-213 209 -12
-213 209 -11
-213 209 -10
-213 209 -9
-213 209 -8
-213 209 -7
-213 209 -6
-213 209 -5
-213 209 -4
-213 209 -3
-213 209 -2
-213 209 -1
-213 210 -14
-213 210 -13
-213 210 -12
-213 210 -11
-213 210 -10
-213 210 -9
-213 210 -8
-213 210 -7
-213 210 -6
-213 210 -5
-213 210 -4
-213 210 -3
-213 210 -2
-213 210 -1
-213 211 -14
-213 211 -13
-213 211 -12
-213 211 -11
-213 211 -10
-213 211 -8
-213 211 -7
-213 211 -6
-213 211 -5
-213 211 -4
-213 211 -3
-213 211 -1
-213 212 -12
-213 212 -11
-213 212 -10
-213 212 -9
-213 212 -8
-213 212 -7
-213 212 -6
-213 212 -5
-213 212 -4
-213 212 -3
-213 212 -2
-213 212 -1
-213 213 -13
-213 213 -12
-213 213 -11
-213 213 -10
-213 213 -9
-213 213 -8
-213 213 -6
-213 213 -5
-213 213 -4
-213 213 -3
-213 214 -13
-213 214 -12
-213 214 -11
-213 214 -10
-213 214 -3
-213 215 -11
-213 219 -15
-213 220 -16
-213 220 -15
-213 220 -14
-213 221 -16
-213 221 -15
-213 222 -16
-213 222 -15
-213 223 -15
-213 224 -16
-212 201 -8
-212 201 -2
-212 202 -8
-212 202 -7
-212 202 -6
-212 202 -3
-212 202 -2
-212 203 -9
-212 203 -8
-212 203 -7
-212 203 -6
-212 203 -5
-212 203 -4
-212 203 -3
-212 203 -2
-212 203 -1
-212 204 -14
-212 204 -13
-212 204 -9
-212 204 -8
-212 204 -7
-212 204 -6
-212 204 -5
-212 204 -4
-212 204 -3
-212 204 -2
-212 204 -1
-212 205 -14
-212 205 -13
-212 205 -12
-212 205 -11
-212 205 -10
-212 205 -9
-212 205 -8
-212 205 -7
-212 205 -6
-212 205 -5
-212 205 -4
-212 205 -3
-212 205 -2
-212 205 -1
-212 206 -16
-212 206 -14
-212 206 -13
-212 206 -12
-212 206 -11
-212 206 -10
-212 206 -9
-212 206 -8
-212 206 -7
-212 206 -6
-212 206 -5
-212 206 -4
-212 206 -3
-212 206 -2
-212 206 -1
-212 207 -15
-212 207 -14
-212 207 -13
-212 207 -12
-212 207 -11
-212 207 -10
-212 207 -9
-212 207 -8
-212 207 -7
-212 207 -6
-212 207 -5
-212 207 -4
-212 207 -3
-212 207 -2
-212 207 -1
-212 208 -16
-212 208 -15
-212 208 -14
-212 208 -13
-212 208 -12
-212 208 -11
-212 208 -10
-212 208 -9
-212 208 -8
-212 208 -7
-212 208 -6
-212 208 -5
-212 208 -4
-212 208 -3
-212 208 -2
-212 208 -1
-212 209 -16
-212 209 -15
-212 209 -14
-212 209 -13
-212 209 -12
-212 209 -11
-212 209 -10
-212 209 -9
-212 209 -8
-212 209 -7
-212 209 -6
-212 209 -5
-212 209 -4
-212 209 -3
-212 209 -2
-212 209 -1
-212 210 -14
-212 210 -13
-212 210 -12
-212 210 -11
-212 210 -10
-212 210 -9
-212 210 -8
-212 210 -7
-212 210 -6
-212 210 -5
-212 210 -4
-212 210 -3
-212 210 -2
-212 210 -1
-212 211 -15
-212 211 -14
-212 211 -13
-212 211 -11
-212 211 -10
-212 211 -9
-212 211 -8
-212 211 -7
-212 211 -6
-212 211 -5
-212 211 -4
-212 211 -3
-212 211 -2
-212 211 -1
-212 212 -13
-212 212 -12
-212 212 -11
-212 212 -10
-212 212 -9
-212 212 -8
-212 212 -7
-212 212 -6
-212 212 -5
-212 212 -4
-212 212 -3
-212 212 -2
-212 212 -1
-212 213 -15
-212 213 -14
-212 213 -13
-212 213 -12
-212 213 -11
-212 213 -10
-212 213 -7
-212 213 -6
-212 213 -5
-212 213 -4
-212 213 -2
-212 213 -1
-212 214 -14
-212 214 -13
-212 214 -12
-212 214 -11
-212 214 -5
-212 214 -4
-212 214 -1
-212 215 -13
-212 215 -1
-212 216 -6
-212 217 -16
-212 218 -16
-212 219 -16
-212 220 -16
-212 220 -15
-212 220 -14
-212 221 -16
-212 221 -15
-212 221 -14
-212 221 -13
-212 222 -16
-212 222 -15
-212 222 -14
-212 223 -15
-212 223 -14
-212 224 -16
-212 224 -15
-211 201 -9
-211 201 -7
-211 202 -7
-211 202 -3
-211 202 -1
-211 203 -14
-211 203 -9
-211 203 -8
-211 203 -7
-211 203 -6
-211 203 -5
-211 203 -4
-211 203 -3
-211 203 -2
-211 203 -1
-211 204 -14
-211 204 -13
-211 204 -12
-211 204 -11
-211 204 -10
-211 204 -9
-211 204 -8
-211 204 -7
-211 204 -6
-211 204 -5
-211 204 -4
-211 204 -3
-211 204 -2
-211 204 -1
-211 205 -14
-211 205 -13
-211 205 -12
-211 205 -11
-211 205 -10
-211 205 -9
-211 205 -8
-211 205 -7
-211 205 -6
-211 205 -5
-211 205 -4
-211 205 -3
-211 205 -2
-211 205 -1
-211 206 -16
-211 206 -15
-211 206 -14
-211 206 -13
-211 206 -12
-211 206 -11
-211 206 -10
-211 206 -9
-211 206 -8
-211 206 -7
-211 206 -6
-211 206 -5
-211 206 -4
-211 206 -3
-211 206 -2
-211 206 -1
-211 207 -16
-211 207 -15
-211 207 -14
-211 207 -13
-211 207 -12
-211 207 -11
-211 207 -10
-211 207 -9
-211 207 -8
-211 207 -7
-211 207 -6
-211 207 -5
-211 207 -4
-211 207 -3
-211 207 -2
-211 207 -1
-211 208 -16
-211 208 -15
-211 208 -14
-211 208 -13
-211 208 -12
-211 208 -11
-211 208 -10
-211 208 -9
-211 208 -8
-211 208 -7
-211 208 -6
-211 208 -5
-211 208 -4
-211 208 -3
-211 208 -2
-211 208 -1
-211 209 -16
-211 209 -15
-211 209 -14
-211 209 -13
-211 209 -12
-211 209 -11
-211 209 -10
-211 209 -9
-211 209 -8
-211 209 -7
-211 209 -6
-211 209 -5
-211 209 -4
-211 209 -3
-211 209 -2
-211 209 -1
-211 210 -15
-211 210 -14
-211 210 -13
-211 210 -12
-211 210 -11
-211 210 -10
-211 210 -9
-211 210 -8
-211 210 -7
-211 210 -6
-211 210 -5
-211 210 -4
-211 210 -3
-211 210 -2
-211 210 -1
-211 211 -16
-211 211 -15
-211 211 -14
-211 211 -13
-211 211 -12
-211 211 -11
-211 211 -10
-211 211 -9
-211 211 -8
-211 211 -7
-211 211 -6
-211 211 -5
-211 211 -4
-211 211 -3
-211 211 -2
-211 211 -1
-211 212 -15
-211 212 -14
-211 212 -13
-211 212 -12
-211 212 -11
-211 212 -10
-211 212 -9
-211 212 -7
-211 212 -6
-211 212 -5
-211 212 -4
-211 212 -3
-211 212 -2
-211 212 -1
-211 213 -16
-211 213 -15
-211 213 -14
-211 213 -13
-211 213 -12
-211 213 -11
-211 213 -10
-211 213 -9
-211 213 -8
-211 213 -7
-211 213 -6
-211 213 -5
-211 213 -4
-211 213 -3
-211 213 -2
-211 213 -1
-211 214 -16
-211 214 -15
-211 214 -14
-211 214 -13
-211 214 -12
-211 214 -11
-211 214 -10
-211 214 -6
-211 214 -5
-211 215 -14
-211 215 -13
-211 215 -12
-211 215 -10
-211 215 -6
-211 215 -5
-211 215 -1
-211 216 -16
-211 216 -13
-211 216 -11
-211 216 -7
-211 216 -6
-211 217 -6
-211 217 -1
-211 218 -16
-211 218 -15
-211 219 -16
-211 219 -15
-211 220 -16
-211 221 -16
-211 221 -15
-211 221 -14
-211 222 -16
-211 222 -15
-211 222 -14
-211 223 -16
-211 223 -15
-211 223 -14
-211 224 -16
-211 224 -15
-211 224 -14
-210 201 -9
-210 201 -8
-210 201 -2
-210 202 -12
-210 202 -11
-210 202 -10
-210 202 -9
-210 203 -13
-210 203 -11
-210 203 -10
-210 203 -9
-210 203 -8
-210 203 -7
-210 203 -6
-210 203 -5
-210 204 -15
-210 204 -14
-210 204 -13
-210 204 -12
-210 204 -11
-210 204 -10
-210 204 -9
-210 204 -4
-210 204 -3
-210 204 -2
-210 205 -16
-210 205 -15
-210 205 -14
-210 205 -13
-210 205 -12
-210 205 -11
-210 205 -10
-210 205 -9
-210 205 -8
-210 205 -7
-210 205 -6
-210 205 -5
-210 205 -4
-210 205 -3
-210 205 -2
-210 205 -1
-210 206 -16
-210 206 -13
-210 206 -12
-210 206 -11
-210 206 -10
-210 206 -9
-210 206 -8
-210 206 -7
-210 206 -6
-210 206 -4
-210 206 -3
-210 206 -2
-210 206 -1
-210 207 -16
-210 207 -15
-210 207 -14
-210 207 -13
-210 207 -12
-210 207 -11
-210 207 -10
-210 207 -9
-210 207 -8
-210 207 -7
-210 207 -6
-210 207 -5
-210 207 -4
-210 207 -3
-210 207 -2
-210 207 -1
-210 208 -16
-210 208 -15
-210 208 -14
-210 208 -13
-210 208 -12
-210 208 -11
-210 208 -10
-210 208 -9
-210 208 -8
-210 208 -7
-210 208 -6
-210 208 -5
-210 208 -4
-210 208 -3
-210 208 -2
-210 208 -1
-210 209 -16
-210 209 -15
-210 209 -14
-210 209 -13
-210 209 -12
-210 209 -11
-210 209 -10
-210 209 -9
-210 209 -8
-210 209 -7
-210 209 -6
-210 209 -5
-210 209 -4
-210 209 -3
-210 209 -2
-210 209 -1
-210 210 -15
-210 210 -14
-210 210 -13
-210 210 -12
-210 210 -11
-210 210 -10
-210 210 -9
-210 210 -8
-210 210 -7
-210 210 -6
-210 210 -5
-210 210 -4
-210 210 -3
-210 210 -2
-210 210 -1
-210 211 -16
-210 211 -15
-210 211 -14
-210 211 -13
-210 211 -12
-210 211 -11
-210 211 -10
-210 211 -9
-210 211 -8
-210 211 -7
-210 211 -6
-210 211 -5
-210 211 -4
-210 211 -3
-210 211 -2
-210 211 -1
-210 212 -16
-210 212 -15
-210 212 -14
-210 212 -13
-210 212 -12
-210 212 -11
-210 212 -10
-210 212 -9
-210 212 -8
-210 212 -7
-210 212 -6
-210 212 -5
-210 212 -4
-210 212 -3
-210 212 -2
-210 212 -1
-210 213 -16
-210 213 -15
-210 213 -14
-210 213 -13
-210 213 -12
-210 213 -11
-210 213 -10
-210 213 -9
-210 213 -8
-210 213 -7
-210 213 -6
-210 213 -5
-210 213 -4
-210 213 -2
-210 213 -1
-210 214 -16
-210 214 -15
-210 214 -14
-210 214 -13
-210 214 -12
-210 214 -11
-210 214 -10
-210 214 -9
-210 214 -8
-210 214 -7
-210 214 -6
-210 214 -5
-210 214 -2
-210 214 -1
-210 215 -15
-210 215 -14
-210 215 -13
-210 215 -12
-210 215 -11
-210 215 -10
-210 215 -7
-210 215 -6
-210 215 -5
-210 215 -4
-210 215 -2
-210 215 -1
-210 216 -14
-210 216 -13
-210 216 -12
-210 216 -11
-210 216 -10
-210 216 -9
-210 216 -6
-210 216 -5
-210 217 -13
-210 217 -12
-210 217 -11
-210 217 -10
-210 217 -4
-210 217 -3
-210 217 -2
-210 217 -1
-210 218 -16
-210 218 -15
-210 218 -2
-210 218 -1
-210 219 -16
-210 219 -15
-210 220 -16
-210 220 -15
-210 220 -14
-210 221 -16
-210 221 -15
-210 222 -16
-210 222 -15
-210 222 -14
-210 222 -13
-210 223 -16
-210 223 -15
-210 223 -14
-210 224 -16
-210 224 -15
-209 196 -13
-209 197 -14
-209 197 -13
-209 197 -12
-209 197 -11
-209 198 -16
-209 198 -13
-209 198 -2
-209 199 -16
-209 199 -9
-209 199 -2
-209 200 -9
-209 201 -10
-209 201 -9
-209 201 -8
-209 201 -4
-209 201 -2
-209 202 -14
-209 202 -12
-209 202 -10
-209 202 -9
-209 202 -2
-209 203 -14
-209 203 -12
-209 203 -11
-209 203 -10
-209 203 -9
-209 203 -8
-209 203 -7
-209 203 -2
-209 204 -16
-209 204 -15
-209 204 -14
-209 204 -13
-209 204 -12
-209 204 -11
-209 204 -10
-209 204 -9
-209 204 -8
-209 204 -6
-209 204 -1
-209 205 -16
-209 205 -14
-209 205 -13
-209 205 -12
-209 205 -11
-209 205 -10
-209 205 -9
-209 205 -8
-209 205 -7
-209 205 -6
-209 205 -5
-209 205 -4
-209 205 -3
-209 205 -2
-209 205 -1
-209 206 -16
-209 206 -15
-209 206 -14
-209 206 -13
-209 206 -12
-209 206 -11
-209 206 -10
-209 206 -9
-209 206 -8
-209 206 -7
-209 206 -4
-209 206 -3
-209 206 -2
-209 206 -1
-209 207 -16
-209 207 -15
-209 207 -14
-209 207 -13
-209 207 -12
-209 207 -11
-209 207 -10
-209 207 -9
-209 207 -8
-209 207 -7
-209 207 -6
-209 207 -5
-209 207 -4
-209 207 -3
-209 207 -2
-209 207 -1
-209 208 -16
-209 208 -15
-209 208 -14
-209 208 -13
-209 208 -12
-209 208 -11
-209 208 -10
-209 208 -9
-209 208 -8
-209 208 -7
-209 208 -6
-209 208 -5
-209 208 -4
-209 208 -3
-209 208 -2
-209 208 -1
-209 209 -16
-209 209 -15
-209 209 -14
-209 209 -13
-209 209 -12
-209 209 -11
-209 209 -10
-209 209 -9
-209 209 -8
-209 209 -7
-209 209 -6
-209 209 -5
-209 209 -4
-209 209 -3
-209 209 -2
-209 209 -1
-209 210 -16
-209 210 -15
-209 210 -14
-209 210 -13
-209 210 -12
-209 210 -11
-209 210 -10
-209 210 -9
-209 210 -8
-209 210 -7
-209 210 -6
-209 210 -5
-209 210 -4
-209 210 -3
-209 210 -2
-209 210 -1
-209 211 -16
-209 211 -15
-209 211 -14
-209 211 -13
-209 211 -12
-209 211 -11
-209 211 -10
-209 211 -9
-209 211 -8
-209 211 -7
-209 211 -6
-209 211 -5
-209 211 -4
-209 211 -3
-209 211 -2
-209 211 -1
-209 212 -16
-209 212 -15
-209 212 -14
-209 212 -13
-209 212 -12
-209 212 -11
-209 212 -10
-209 212 -9
-209 212 -8
-209 212 -7
-209 212 -6
-209 212 -4
-209 212 -1
-209 213 -16
-209 213 -15
-209 213 -14
-209 213 -13
-209 213 -12
-209 213 -11
-209 213 -10
-209 213 -9
-209 213 -8
-209 213 -7
-209 213 -6
-209 213 -5
-209 213 -4
-209 213 -3
-209 213 -2
-209 213 -1
-209 214 -16
-209 214 -15
-209 214 -14
-209 214 -13
-209 214 -12
-209 214 -11
-209 214 -10
-209 214 -9
-209 214 -8
-209 214 -7
-209 214 -6
-209 214 -5
-209 214 -3
-209 214 -2
-209 214 -1
-209 215 -15
-209 215 -14
-209 215 -13
-209 215 -12
-209 215 -11
-209 215 -10
-209 215 -9
-209 215 -8
-209 215 -7
-209 215 -6
-209 215 -5
-209 215 -4
-209 215 -3
-209 215 -2
-209 215 -1
-209 216 -16
-209 216 -15
-209 216 -14
-209 216 -13
-209 216 -12
-209 216 -11
-209 216 -10
-209 216 -9
-209 216 -8
-209 216 -7
-209 216 -6
-209 216 -4
-209 216 -3
-209 216 -2
-209 216 -1
-209 217 -16
-209 217 -15
-209 217 -12
-209 217 -11
-209 217 -10
-209 217 -6
-209 217 -5
-209 217 -4
-209 217 -3
-209 217 -2
-209 217 -1
-209 218 -16
-209 218 -15
-209 218 -13
-209 218 -6
-209 218 -5
-209 218 -3
-209 218 -2
-209 218 -1
-209 219 -16
-209 219 -15
-209 219 -14
-209 219 -13
-209 219 -3
-209 220 -16
-209 220 -15
-209 220 -14
-209 220 -13
-209 221 -16
-209 221 -15
-209 221 -14
-209 221 -13
-209 222 -16
-209 222 -15
-209 222 -14
-209 222 -13
-209 223 -16
-209 223 -15
-209 223 -14
-209 223 -13
-209 224 -16
-209 224 -15
-209 224 -14
-209 224 -13
-212 237 -5
-212 237 -3
-212 238 -5
-212 238 -4
-212 238 -3
-212 239 -13
-212 239 -12
-212 239 -5
-212 239 -1
-212 240 -12
-212 240 -11
-212 240 -5
-212 240 -2
-212 240 -1
-212 241 -2
-212 242 -4
-212 242 -2
-211 225 -16
-211 235 -4
-211 236 -11
-211 236 -5
-211 236 -4
-211 237 -5
-211 237 -3
-211 237 -2
-211 238 -13
-211 238 -9
-211 238 -8
-211 238 -7
-211 238 -5
-211 238 -4
-211 238 -3
-211 238 -2
-211 238 -1
-211 239 -13
-211 239 -12
-211 239 -11
-211 239 -7
-211 239 -6
-211 239 -5
-211 239 -4
-211 239 -3
-211 239 -2
-211 239 -1
-211 240 -12
-211 240 -11
-211 240 -6
-211 240 -5
-211 240 -4
-211 240 -2
-211 240 -1
-211 241 -11
-211 241 -5
-211 241 -4
-211 241 -3
-211 241 -2
-211 242 -5
-211 242 -4
-211 242 -3
-211 242 -2
-211 242 -1
-211 243 -4
-211 243 -3
-211 243 -2
-211 243 -1
-211 244 -1
-211 245 -1
-210 225 -16
-210 235 -13
-210 235 -12
-210 235 -11
-210 235 -4
-210 236 -13
-210 236 -12
-210 236 -11
-210 236 -5
-210 236 -4
-210 236 -3
-210 237 -13
-210 237 -10
-210 237 -9
-210 237 -7
-210 237 -6
-210 237 -5
-210 237 -4
-210 237 -3
-210 237 -2
-210 237 -1
-210 238 -13
-210 238 -12
-210 238 -11
-210 238 -10
-210 238 -9
-210 238 -8
-210 238 -7
-210 238 -6
-210 238 -5
-210 238 -4
-210 238 -3
-210 238 -2
-210 238 -1
-210 239 -14
-210 239 -13
-210 239 -12
-210 239 -11
-210 239 -10
-210 239 -9
-210 239 -8
-210 239 -7
-210 239 -6
-210 239 -5
-210 239 -4
-210 239 -3
-210 239 -2
-210 239 -1
-210 240 -13
-210 240 -12
-210 240 -11
-210 240 -9
-210 240 -8
-210 240 -7
-210 240 -6
-210 240 -5
-210 240 -4
-210 240 -3
-210 240 -2
-210 240 -1
-210 241 -12
-210 241 -11
-210 241 -10
-210 241 -7
-210 241 -6
-210 241 -5
-210 241 -4
-210 241 -3
-210 241 -2
-210 241 -1
-210 242 -12
-210 242 -11
-210 242 -4
-210 242 -3
-210 242 -2
-210 242 -1
-210 243 -5
-210 243 -2
-210 244 -2
-210 244 -1
-210 245 -2
-210 245 -1
-209 225 -16
-209 225 -15
-209 225 -14
-209 226 -16
-209 226 -15
-209 226 -14
-209 227 -16
-209 227 -15
-209 234 -12
-209 234 -5
-209 234 -4
-209 234 -3
-209 235 -14
-209 235 -13
-209 235 -12
-209 235 -11
-209 235 -7
-209 235 -6
-209 235 -5
-209 235 -4
-209 235 -3
-209 235 -2
-209 236 -14
-209 236 -13
-209 236 -12
-209 236 -11
-209 236 -10
-209 236 -9
-209 236 -5
-209 236 -4
-209 236 -3
-209 236 -2
-209 236 -1
-209 237 -12
-209 237 -11
-209 237 -10
-209 237 -8
-209 237 -7
-209 237 -6
-209 237 -5
-209 237 -4
-209 237 -3
-209 237 -2
-209 237 -1
-209 238 -12
-209 238 -11
-209 238 -9
-209 238 -8
-209 238 -7
-209 238 -6
-209 238 -5
-209 238 -4
-209 238 -3
-209 238 -2
-209 238 -1
-209 239 -14
-209 239 -13
-209 239 -12
-209 239 -11
-209 239 -10
-209 239 -9
-209 239 -8
-209 239 -7
-209 239 -6
-209 239 -5
-209 239 -4
-209 239 -3
-209 239 -2
-209 239 -1
-209 240 -15
-209 240 -14
-209 240 -13
-209 240 -12
-209 240 -11
-209 240 -10
-209 240 -9
-209 240 -8
-209 240 -6
-209 240 -5
-209 240 -4
-209 240 -3
-209 240 -2
-209 240 -1
-209 241 -14
-209 241 -13
-209 241 -12
-209 241 -11
-209 241 -10
-209 241 -9
-209 241 -7
-209 241 -6
-209 241 -5
-209 241 -4
-209 241 -3
-209 241 -2
-209 241 -1
-209 242 -12
-209 242 -11
-209 242 -6
-209 242 -5
-209 242 -4
-209 242 -3
-209 242 -2
-209 242 -1
-209 243 -5
-209 243 -4
-209 243 -2
-209 243 -1
-209 244 -5
-209 244 -4
-209 244 -3
-209 244 -2
-209 244 -1
-209 245 -3
-209 245 -2
-209 245 -1
-209 246 -1
-209 247 -1

