alfheim:altWood1
12
-110 224 104
-110 224 105
-109 224 105
-109 224 106
-108 223 105
-108 224 105
-107 222 105
-107 223 105
-107 223 106
-107 224 105
-107 224 106
-106 221 105
-106 222 105
-106 222 106
-106 223 105
-106 223 106
-106 223 107
-106 224 106
-105 220 105
-105 221 104
-105 221 105
-105 221 106
-105 222 104
-105 222 105
-105 222 106
-105 222 107
-105 223 105
-105 223 106
-105 224 106
-104 219 106
-104 220 105
-104 220 106
-104 221 104
-104 221 105
-104 221 106
-104 221 107
-104 222 105
-104 222 106
-104 222 107
-104 223 106
-103 218 106
-103 219 106
-103 219 107
-103 220 105
-103 220 106
-103 220 107
-103 220 108
-103 221 105
-103 221 106
-103 221 107
-103 222 106
-102 218 106
-102 219 105
-102 219 106
-102 219 107
-102 220 105
-102 220 106
-102 220 107
-102 220 108
-102 221 106
-102 221 107
-101 219 105
-101 219 106
-101 219 107
-101 220 104
-101 220 105
-101 220 106
-101 220 107
-101 220 108
-101 221 105
-101 221 106
-101 221 107
-101 222 106
-100 218 106
-100 218 107
-100 219 105
-100 219 106
-100 219 107
-100 219 108
-100 220 104
-100 220 105
-100 220 106
-100 220 107
-100 220 108
-100 221 105
-100 221 106
-100 221 107
-100 221 108
-100 222 106
-99 218 105
-99 218 106
-99 219 104
-99 219 105
-99 219 106
-99 219 107
-99 219 108
-99 220 105
-99 220 106
-99 220 107
-99 220 108
-99 220 109
-99 221 105
-99 221 106
-99 221 107
-99 221 108
-99 222 106
-98 217 105
-98 217 106
-98 218 104
-98 218 105
-98 218 106
-98 218 107
-98 219 104
-98 219 105
-98 219 106
-98 219 107
-98 219 108
-98 219 109
-98 220 105
-98 220 106
-98 220 107
-98 220 108
-98 220 109
-98 220 110
-98 221 106
-98 221 107
-98 221 108
-98 221 109
-98 221 110
-98 221 111
-98 222 107
-98 222 111
-97 217 104
-97 217 105
-97 217 106
-97 217 107
-97 218 104
-97 218 105
-97 218 106
-97 218 107
-97 218 108
-97 219 103
-97 219 104
-97 219 105
-97 219 106
-97 219 107
-97 219 108
-97 219 109
-97 219 110
-97 220 104
-97 220 105
-97 220 106
-97 220 107
-97 220 108
-97 220 109
-97 220 110
-97 220 111
-97 221 105
-97 221 106
-97 221 107
-97 221 108
-97 221 109
-97 221 110
-97 221 111
-97 222 107
-97 222 108
-97 222 110
-97 222 111
-97 223 111
-112 225 104
-112 225 105
-112 226 105
-112 226 106
-112 227 106
-112 229 96
-111 225 103
-111 225 104
-111 225 105
-111 226 104
-110 225 104
-110 225 105
-110 226 105
-109 225 105
-109 225 106
-103 227 96
-102 227 96
-102 228 96
-102 229 96
-101 227 96
-101 228 96
-101 229 96
-101 229 97
-101 230 96
-100 228 96
-100 228 97
-100 228 98
-100 229 96
-100 229 97
-100 229 98
-100 229 99
-100 230 98
-100 230 99
-100 230 100
-100 231 99
-99 228 98
-99 228 99
-99 229 97
-99 229 98
-99 229 99
-99 229 100
-99 230 98
-99 230 99
-99 230 100
-99 230 101
-99 231 98
-99 231 99
-99 231 100
-99 232 99
-98 228 98
-98 229 99
-98 230 99
-98 230 100
-98 231 99
-97 230 99
alfheim:altLeaves
6
-109 224 104
-108 224 102
-108 224 103
-108 224 104
-108 224 106
-108 224 107
-107 223 104
-107 224 104
-107 224 108
-107 224 109
-106 222 104
-106 223 104
-106 224 103
-106 224 104
-106 224 105
-105 223 104
-105 224 104
-104 224 104
-103 224 110
-103 224 111
-101 224 111
-100 224 111
-99 213 96
-99 215 96
-99 216 97
-98 212 96
-98 213 96
-98 213 97
-98 214 97
-98 214 98
-98 214 99
-98 215 96
-98 215 97
-98 215 99
-98 215 100
-98 215 102
-98 216 97
-98 216 99
-98 216 101
-98 217 97
-98 217 99
-97 200 96
-97 201 96
-97 202 96
-97 209 96
-97 210 96
-97 212 97
-97 213 96
-97 213 98
-97 213 102
-97 214 96
-97 214 97
-97 214 99
-97 214 100
-97 214 101
-97 214 102
-97 214 103
-97 215 96
-97 215 97
-97 215 98
-97 215 99
-97 215 100
-97 215 101
-97 215 102
-97 216 96
-97 216 97
-97 216 98
-97 216 99
-97 216 100
-97 216 101
-97 216 102
-97 217 98
-97 217 99
-97 217 100
-97 218 98
-112 226 104
-112 227 103
-112 227 104
-112 227 105
-112 227 107
-112 228 103
-112 228 104
-112 228 105
-112 228 106
-112 228 107
-112 228 109
-112 228 110
-112 229 100
-112 229 101
-112 229 102
-112 229 103
-112 229 104
-112 229 106
-112 229 107
-112 229 109
-112 229 110
-112 230 99
-112 230 100
-112 230 101
-112 230 102
-112 230 103
-112 230 104
-112 230 106
-112 230 107
-112 230 108
-112 230 109
-112 230 110
-112 230 111
-112 231 98
-112 231 100
-112 231 101
-112 231 102
-112 231 103
-112 231 104
-112 231 105
-112 231 106
-112 231 107
-112 231 108
-112 231 109
-112 231 110
-112 231 111
-112 232 97
-112 232 98
-112 232 99
-112 232 100
-112 232 101
-112 232 102
-112 232 103
-112 232 104
-112 232 105
-112 232 106
-112 232 107
-112 232 108
-112 232 109
-112 232 110
-112 232 111
-112 233 96
-112 233 97
-112 233 98
-112 233 99
-112 233 100
-112 233 101
-112 233 102
-112 233 103
-112 233 104
-112 233 105
-112 233 106
-112 233 107
-112 233 108
-112 233 109
-112 233 110
-112 233 111
-112 234 96
-112 234 97
-112 234 98
-112 234 99
-112 234 100
-112 234 101
-112 234 102
-112 234 103
-112 234 104
-112 234 105
-112 234 106
-112 234 107
-112 234 108
-112 234 109
-112 234 110
-112 234 111
-112 235 96
-112 235 97
-112 235 98
-112 235 99
-112 235 100
-112 235 101
-112 235 102
-112 235 103
-112 235 104
-112 235 105
-112 235 106
-112 235 107
-112 235 108
-112 235 109
-112 235 110
-112 235 111
-112 236 96
-112 236 97
-112 236 98
-112 236 99
-112 236 100
-112 236 101
-112 236 102
-112 236 103
-112 236 104
-112 236 105
-112 236 106
-112 236 107
-112 236 108
-112 236 109
-112 236 110
-112 236 111
-112 237 96
-112 237 97
-112 237 98
-112 237 99
-112 237 100
-112 237 101
-112 237 102
-112 237 103
-112 237 104
-112 237 105
-112 237 106
-112 237 107
-112 237 108
-112 237 109
-112 237 110
-112 237 111
-112 238 97
-112 238 98
-112 238 99
-112 238 100
-112 238 101
-112 238 102
-112 238 103
-112 238 104
-112 238 105
-112 238 106
-112 238 107
-112 238 108
-112 238 109
-112 238 110
-112 238 111
-112 239 98
-112 239 99
-112 239 100
-112 239 101
-112 239 102
-112 239 103
-112 239 104
-112 239 105
-112 239 106
-112 239 107
-112 239 108
-112 239 109
-112 240 98
-112 240 99
-112 240 100
-112 240 101
-112 240 102
-112 240 103
-112 240 104
-112 240 105
-112 240 106
-112 240 107
-112 240 108
-112 240 109
-112 240 110
-112 240 111
-112 241 97
-112 241 99
-112 241 100
-112 241 101
-112 241 103
-112 241 104
-112 241 105
-112 241 106
-112 241 107
-112 241 108
-112 241 109
-112 241 110
-112 242 97
-112 242 100
-112 242 101
-112 242 102
-112 242 103
-112 242 104
-112 242 105
-112 242 106
-112 242 107
-112 242 108
-112 242 109
-112 243 101
-112 243 102
-112 243 104
-112 243 105
-112 243 106
-112 243 107
-112 243 108
-112 244 103
-112 244 104
-112 244 105
-112 244 106
-112 245 104
-112 245 105
-112 245 106
-111 225 106
-111 226 105
-111 226 106
-111 227 102
-111 227 104
-111 227 105
-111 227 106
-111 227 107
-111 227 110
-111 228 100
-111 228 101
-111 228 103
-111 228 104
-111 228 105
-111 228 107
-111 228 108
-111 228 109
-111 228 110
-111 229 100
-111 229 101
-111 229 102
-111 229 103
-111 229 104
-111 229 105
-111 229 106
-111 229 107
-111 229 108
-111 229 109
-111 229 110
-111 229 111
-111 230 101
-111 230 102
-111 230 103
-111 230 104
-111 230 105
-111 230 106
-111 230 107
-111 230 108
-111 230 109
-111 230 110
-111 230 111
-111 231 97
-111 231 98
-111 231 100
-111 231 101
-111 231 102
-111 231 103
-111 231 104
-111 231 105
-111 231 106
-111 231 107
-111 231 108
-111 231 109
-111 231 110
-111 231 111
-111 232 96
-111 232 97
-111 232 98
-111 232 100
-111 232 101
-111 232 102
-111 232 103
-111 232 104
-111 232 105
-111 232 106
-111 232 107
-111 232 108
-111 232 109
-111 232 110
-111 232 111
-111 233 96
-111 233 97
-111 233 99
-111 233 100
-111 233 101
-111 233 102
-111 233 103
-111 233 104
-111 233 105
-111 233 106
-111 233 107
-111 233 108
-111 233 109
-111 233 110
-111 233 111
-111 234 96
-111 234 97
-111 234 98
-111 234 99
-111 234 100
-111 234 101
-111 234 102
-111 234 103
-111 234 104
-111 234 105
-111 234 106
-111 234 107
-111 234 108
-111 234 109
-111 234 110
-111 234 111
-111 235 96
-111 235 97
-111 235 98
-111 235 99
-111 235 100
-111 235 101
-111 235 102
-111 235 103
-111 235 104
-111 235 105
-111 235 106
-111 235 107
-111 235 108
-111 235 109
-111 235 110
-111 235 111
-111 236 96
-111 236 97
-111 236 98
-111 236 99
-111 236 100
-111 236 101
-111 236 102
-111 236 103
-111 236 104
-111 236 105
-111 236 106
-111 236 107
-111 236 108
-111 236 109
-111 236 110
-111 236 111
-111 237 96
-111 237 97
-111 237 98
-111 237 99
-111 237 100
-111 237 101
-111 237 102
-111 237 103
-111 237 104
-111 237 105
-111 237 106
-111 237 107
-111 237 108
-111 237 109
-111 237 110
-111 237 111
-111 238 96
-111 238 97
-111 238 98
-111 238 99
-111 238 100
-111 238 101
-111 238 102
-111 238 103
-111 238 104
-111 238 105
-111 238 106
-111 238 107
-111 238 108
-111 238 109
-111 238 110
-111 238 111
-111 239 97
-111 239 98
-111 239 99
-111 239 100
-111 239 101
-111 239 102
-111 239 103
-111 239 104
-111 239 105
-111 239 106
-111 239 107
-111 239 108
-111 239 109
-111 239 110
-111 240 96
-111 240 97
-111 240 98
-111 240 99
-111 240 100
-111 240 101
-111 240 102
-111 240 103
-111 240 104
-111 240 105
-111 240 106
-111 240 107
-111 240 108
-111 240 109
-111 240 111
-111 241 96
-111 241 97
-111 241 98
-111 241 99
-111 241 100
-111 241 101
-111 241 102
-111 241 103
-111 241 104
-111 241 105
-111 241 106
-111 241 107
-111 241 108
-111 241 109
-111 241 110
-111 241 111
-111 242 97
-111 242 99
-111 242 100
-111 242 101
-111 242 102
-111 242 103
-111 242 104
-111 242 105
-111 242 106
-111 242 107
-111 242 108
-111 243 100
-111 243 102
-111 243 103
-111 243 104
-111 243 105
-111 243 106
-111 243 107
-111 243 109
-111 244 102
-111 244 103
-111 244 104
-111 244 105
-111 244 106
-111 244 107
-111 245 104
-111 245 105
-111 245 106
-110 225 106
-110 226 102
-110 226 106
-110 226 107
-110 226 108
-110 226 110
-110 227 100
-110 227 102
-110 227 103
-110 227 104
-110 227 105
-110 227 106
-110 227 107
-110 227 108
-110 227 109
-110 227 110
-110 228 99
-110 228 100
-110 228 103
-110 228 104
-110 228 105
-110 228 106
-110 228 107
-110 228 108
-110 228 109
-110 228 110
-110 229 99
-110 229 100
-110 229 101
-110 229 102
-110 229 103
-110 229 104
-110 229 105
-110 229 106
-110 229 108
-110 229 109
-110 229 110
-110 229 111
-110 230 100
-110 230 101
-110 230 102
-110 230 103
-110 230 104
-110 230 105
-110 230 106
-110 230 107
-110 230 108
-110 230 109
-110 230 110
-110 230 111
-110 231 98
-110 231 99
-110 231 100
-110 231 101
-110 231 102
-110 231 103
-110 231 104
-110 231 105
-110 231 106
-110 231 107
-110 231 108
-110 231 109
-110 231 110
-110 231 111
-110 232 96
-110 232 97
-110 232 98
-110 232 99
-110 232 100
-110 232 101
-110 232 102
-110 232 103
-110 232 104
-110 232 105
-110 232 106
-110 232 107
-110 232 108
-110 232 109
-110 232 110
-110 232 111
-110 233 96
-110 233 97
-110 233 98
-110 233 99
-110 233 100
-110 233 101
-110 233 102
-110 233 103
-110 233 104
-110 233 105
-110 233 106
-110 233 107
-110 233 108
-110 233 109
-110 233 110
-110 233 111
-110 234 96
-110 234 97
-110 234 98
-110 234 99
-110 234 100
-110 234 101
-110 234 102
-110 234 103
-110 234 104
-110 234 105
-110 234 106
-110 234 107
-110 234 108
-110 234 109
-110 234 110
-110 234 111
-110 235 96
-110 235 97
-110 235 98
-110 235 99
-110 235 100
-110 235 101
-110 235 102
-110 235 103
-110 235 104
-110 235 105
-110 235 106
-110 235 107
-110 235 108
-110 235 109
-110 235 110
-110 235 111
-110 236 96
-110 236 97
-110 236 98
-110 236 99
-110 236 100
-110 236 101
-110 236 102
-110 236 103
-110 236 104
-110 236 105
-110 236 106
-110 236 107
-110 236 108
-110 236 109
-110 236 110
-110 236 111
-110 237 96
-110 237 97
-110 237 98
-110 237 99
-110 237 100
-110 237 101
-110 237 102
-110 237 103
-110 237 104
-110 237 105
-110 237 106
-110 237 107
-110 237 108
-110 237 109
-110 237 110
-110 237 111
-110 238 96
-110 238 97
-110 238 98
-110 238 99
-110 238 100
-110 238 101
-110 238 102
-110 238 103
-110 238 104
-110 238 105
-110 238 106
-110 238 107
-110 238 108
-110 238 109
-110 238 110
-110 238 111
-110 239 96
-110 239 97
-110 239 98
-110 239 99
-110 239 100
-110 239 101
-110 239 102
-110 239 103
-110 239 104
-110 239 105
-110 239 106
-110 239 107
-110 239 108
-110 239 109
-110 239 110
-110 239 111
-110 240 96
-110 240 97
-110 240 98
-110 240 99
-110 240 100
-110 240 101
-110 240 102
-110 240 103
-110 240 104
-110 240 105
-110 240 106
-110 240 107
-110 240 108
-110 240 109
-110 240 110
-110 240 111
-110 241 96
-110 241 97
-110 241 98
-110 241 99
-110 241 100
-110 241 101
-110 241 102
-110 241 103
-110 241 104
-110 241 105
-110 241 106
-110 241 107
-110 241 108
-110 241 109
-110 241 111
-110 242 96
-110 242 97
-110 242 98
-110 242 100
-110 242 101
-110 242 102
-110 242 103
-110 242 104
-110 242 105
-110 242 106
-110 242 107
-110 242 108
-110 242 109
-110 243 96
-110 243 97
-110 243 100
-110 243 102
-110 243 103
-110 243 104
-110 243 105
-110 243 106
-110 243 109
-110 244 103
-110 244 104
-110 244 106
-110 244 109
-110 245 105
-110 245 106
-110 245 107
-110 246 106
-109 225 103
-109 225 104
-109 225 107
-109 225 108
-109 226 101
-109 226 102
-109 226 103
-109 226 104
-109 226 105
-109 226 106
-109 226 107
-109 226 108
-109 226 109
-109 226 111
-109 227 102
-109 227 103
-109 227 104
-109 227 105
-109 227 106
-109 227 107
-109 227 109
-109 227 110
-109 227 111
-109 228 99
-109 228 100
-109 228 101
-109 228 102
-109 228 103
-109 228 104
-109 228 105
-109 228 106
-109 228 107
-109 228 108
-109 228 109
-109 228 110
-109 228 111
-109 229 98
-109 229 99
-109 229 100
-109 229 101
-109 229 102
-109 229 103
-109 229 104
-109 229 105
-109 229 106
-109 229 107
-109 229 108
-109 229 109
-109 229 110
-109 229 111
-109 230 98
-109 230 99
-109 230 100
-109 230 101
-109 230 102
-109 230 103
-109 230 104
-109 230 105
-109 230 106
-109 230 107
-109 230 108
-109 230 109
-109 230 110
-109 230 111
-109 231 98
-109 231 99
-109 231 100
-109 231 101
-109 231 102
-109 231 103
-109 231 104
-109 231 105
-109 231 106
-109 231 107
-109 231 108
-109 231 109
-109 231 110
-109 231 111
-109 232 96
-109 232 97
-109 232 98
-109 232 99
-109 232 101
-109 232 102
-109 232 103
-109 232 104
-109 232 105
-109 232 106
-109 232 107
-109 232 108
-109 232 109
-109 232 110
-109 232 111
-109 233 96
-109 233 97
-109 233 99
-109 233 100
-109 233 101
-109 233 102
-109 233 103
-109 233 104
-109 233 105
-109 233 106
-109 233 107
-109 233 108
-109 233 109
-109 233 110
-109 233 111
-109 234 96
-109 234 97
-109 234 98
-109 234 99
-109 234 100
-109 234 101
-109 234 102
-109 234 103
-109 234 104
-109 234 105
-109 234 106
-109 234 107
-109 234 108
-109 234 109
-109 234 110
-109 234 111
-109 235 96
-109 235 97
-109 235 98
-109 235 99
-109 235 100
-109 235 101
-109 235 102
-109 235 103
-109 235 104
-109 235 105
-109 235 106
-109 235 107
-109 235 108
-109 235 109
-109 235 110
-109 235 111
-109 236 96
-109 236 97
-109 236 98
-109 236 99
-109 236 100
-109 236 101
-109 236 102
-109 236 103
-109 236 104
-109 236 105
-109 236 106
-109 236 107
-109 236 108
-109 236 109
-109 236 110
-109 236 111
-109 237 96
-109 237 97
-109 237 98
-109 237 99
-109 237 100
-109 237 101
-109 237 102
-109 237 103
-109 237 104
-109 237 105
-109 237 106
-109 237 107
-109 237 108
-109 237 109
-109 237 110
-109 237 111
-109 238 96
-109 238 97
-109 238 98
-109 238 99
-109 238 100
-109 238 101
-109 238 102
-109 238 103
-109 238 104
-109 238 105
-109 238 106
-109 238 107
-109 238 108
-109 238 109
-109 238 110
-109 238 111
-109 239 97
-109 239 98
-109 239 99
-109 239 100
-109 239 101
-109 239 102
-109 239 103
-109 239 104
-109 239 105
-109 239 106
-109 239 107
-109 239 108
-109 239 109
-109 239 110
-109 239 111
-109 240 96
-109 240 97
-109 240 98
-109 240 99
-109 240 100
-109 240 101
-109 240 102
-109 240 103
-109 240 104
-109 240 105
-109 240 106
-109 240 107
-109 240 108
-109 240 109
-109 240 110
-109 240 111
-109 241 97
-109 241 98
-109 241 99
-109 241 100
-109 241 101
-109 241 102
-109 241 103
-109 241 104
-109 241 105
-109 241 106
-109 241 107
-109 241 108
-109 241 109
-109 241 110
-109 241 111
-109 242 96
-109 242 97
-109 242 98
-109 242 99
-109 242 100
-109 242 101
-109 242 102
-109 242 103
-109 242 104
-109 242 105
-109 242 106
-109 242 107
-109 242 108
-109 242 109
-109 242 110
-109 242 111
-109 243 99
-109 243 100
-109 243 101
-109 243 102
-109 243 103
-109 243 104
-109 243 105
-109 243 107
-109 243 109
-109 243 110
-109 243 111
-109 244 100
-109 244 101
-109 244 102
-109 244 104
-109 244 105
-109 244 106
-109 244 107
-109 245 101
-109 245 102
-109 245 103
-109 245 104
-109 245 105
-109 245 106
-109 246 103
-109 246 104
-108 225 102
-108 225 103
-108 225 104
-108 225 105
-108 225 106
-108 225 107
-108 225 108
-108 225 109
-108 225 111
-108 226 101
-108 226 102
-108 226 103
-108 226 104
-108 226 105
-108 226 106
-108 226 107
-108 226 108
-108 226 109
-108 226 110
-108 227 102
-108 227 103
-108 227 104
-108 227 105
-108 227 106
-108 227 107
-108 227 108
-108 227 109
-108 227 110
-108 227 111
-108 228 101
-108 228 102
-108 228 103
-108 228 104
-108 228 105
-108 228 106
-108 228 107
-108 228 108
-108 228 109
-108 228 111
-108 229 98
-108 229 99
-108 229 100
-108 229 101
-108 229 102
-108 229 103
-108 229 104
-108 229 105
-108 229 106
-108 229 107
-108 229 108
-108 229 109
-108 229 110
-108 229 111
-108 230 98
-108 230 99
-108 230 100
-108 230 101
-108 230 102
-108 230 103
-108 230 104
-108 230 105
-108 230 106
-108 230 107
-108 230 108
-108 230 109
-108 230 110
-108 230 111
-108 231 99
-108 231 100
-108 231 101
-108 231 102
-108 231 103
-108 231 104
-108 231 105
-108 231 106
-108 231 107
-108 231 108
-108 231 109
-108 231 110
-108 231 111
-108 232 96
-108 232 97
-108 232 98
-108 232 99
-108 232 100
-108 232 101
-108 232 102
-108 232 103
-108 232 104
-108 232 105
-108 232 106
-108 232 107
-108 232 108
-108 232 109
-108 232 110
-108 232 111
-108 233 96
-108 233 98
-108 233 99
-108 233 100
-108 233 101
-108 233 102
-108 233 103
-108 233 104
-108 233 105
-108 233 106
-108 233 107
-108 233 108
-108 233 109
-108 233 110
-108 233 111
-108 234 96
-108 234 97
-108 234 98
-108 234 99
-108 234 100
-108 234 101
-108 234 102
-108 234 103
-108 234 104
-108 234 105
-108 234 106
-108 234 107
-108 234 108
-108 234 109
-108 234 110
-108 234 111
-108 235 96
-108 235 97
-108 235 98
-108 235 99
-108 235 100
-108 235 101
-108 235 102
-108 235 103
-108 235 104
-108 235 105
-108 235 106
-108 235 107
-108 235 108
-108 235 109
-108 235 110
-108 235 111
-108 236 96
-108 236 97
-108 236 98
-108 236 99
-108 236 100
-108 236 101
-108 236 102
-108 236 103
-108 236 104
-108 236 105
-108 236 106
-108 236 107
-108 236 108
-108 236 109
-108 236 110
-108 236 111
-108 237 96
-108 237 97
-108 237 98
-108 237 99
-108 237 100
-108 237 101
-108 237 102
-108 237 103
-108 237 104
-108 237 105
-108 237 106
-108 237 107
-108 237 108
-108 237 109
-108 237 110
-108 237 111
-108 238 96
-108 238 97
-108 238 98
-108 238 99
-108 238 100
-108 238 101
-108 238 102
-108 238 103
-108 238 104
-108 238 105
-108 238 106
-108 238 107
-108 238 108
-108 238 109
-108 238 110
-108 238 111
-108 239 96
-108 239 97
-108 239 98
-108 239 99
-108 239 100
-108 239 101
-108 239 102
-108 239 103
-108 239 104
-108 239 105
-108 239 106
-108 239 107
-108 239 108
-108 239 109
-108 239 110
-108 239 111
-108 240 96
-108 240 97
-108 240 98
-108 240 99
-108 240 100
-108 240 101
-108 240 102
-108 240 103
-108 240 104
-108 240 105
-108 240 106
-108 240 107
-108 240 108
-108 240 109
-108 240 110
-108 240 111
-108 241 96
-108 241 97
-108 241 98
-108 241 99
-108 241 100
-108 241 101
-108 241 102
-108 241 103
-108 241 104
-108 241 105
-108 241 106
-108 241 107
-108 241 108
-108 241 109
-108 241 111
-108 242 96
-108 242 97
-108 242 98
-108 242 99
-108 242 100
-108 242 101
-108 242 102
-108 242 103
-108 242 104
-108 242 105
-108 242 106
-108 242 107
-108 242 108
-108 242 109
-108 242 110
-108 243 98
-108 243 99
-108 243 100
-108 243 101
-108 243 102
-108 243 103
-108 243 104
-108 243 105
-108 243 106
-108 243 107
-108 243 108
-108 243 109
-108 243 110
-108 244 101
-108 244 102
-108 244 103
-108 244 104
-108 244 105
-108 244 106
-108 244 108
-108 245 104
-108 245 105
-108 246 105
-107 225 104
-107 225 105
-107 225 106
-107 225 107
-107 225 108
-107 225 109
-107 225 110
-107 226 102
-107 226 103
-107 226 104
-107 226 105
-107 226 106
-107 226 107
-107 226 108
-107 226 109
-107 226 110
-107 226 111
-107 227 100
-107 227 101
-107 227 102
-107 227 103
-107 227 104
-107 227 105
-107 227 106
-107 227 108
-107 227 109
-107 227 110
-107 228 98
-107 228 99
-107 228 100
-107 228 101
-107 228 102
-107 228 103
-107 228 104
-107 228 105
-107 228 106
-107 228 107
-107 228 108
-107 228 109
-107 228 110
-107 229 99
-107 229 100
-107 229 101
-107 229 102
-107 229 103
-107 229 104
-107 229 105
-107 229 106
-107 229 107
-107 229 108
-107 229 109
-107 229 110
-107 229 111
-107 230 98
-107 230 99
-107 230 100
-107 230 101
-107 230 102
-107 230 103
-107 230 104
-107 230 105
-107 230 106
-107 230 107
-107 230 108
-107 230 109
-107 230 110
-107 230 111
-107 231 96
-107 231 97
-107 231 99
-107 231 100
-107 231 101
-107 231 102
-107 231 103
-107 231 104
-107 231 105
-107 231 106
-107 231 107
-107 231 108
-107 231 109
-107 231 110
-107 231 111
-107 232 96
-107 232 97
-107 232 98
-107 232 99
-107 232 100
-107 232 101
-107 232 102
-107 232 103
-107 232 104
-107 232 105
-107 232 106
-107 232 107
-107 232 108
-107 232 109
-107 232 110
-107 232 111
-107 233 96
-107 233 97
-107 233 98
-107 233 99
-107 233 100
-107 233 101
-107 233 102
-107 233 103
-107 233 104
-107 233 105
-107 233 106
-107 233 107
-107 233 108
-107 233 109
-107 233 110
-107 233 111
-107 234 96
-107 234 98
-107 234 99
-107 234 100
-107 234 101
-107 234 102
-107 234 103
-107 234 104
-107 234 105
-107 234 106
-107 234 107
-107 234 108
-107 234 109
-107 234 110
-107 234 111
-107 235 96
-107 235 97
-107 235 98
-107 235 99
-107 235 100
-107 235 101
-107 235 102
-107 235 103
-107 235 104
-107 235 105
-107 235 106
-107 235 107
-107 235 108
-107 235 109
-107 235 110
-107 235 111
-107 236 96
-107 236 97
-107 236 98
-107 236 99
-107 236 100
-107 236 101
-107 236 102
-107 236 103
-107 236 104
-107 236 105
-107 236 106
-107 236 107
-107 236 108
-107 236 109
-107 236 110
-107 236 111
-107 237 96
-107 237 97
-107 237 98
-107 237 99
-107 237 100
-107 237 101
-107 237 102
-107 237 103
-107 237 104
-107 237 105
-107 237 106
-107 237 107
-107 237 108
-107 237 109
-107 237 110
-107 237 111
-107 238 96
-107 238 97
-107 238 98
-107 238 99
-107 238 100
-107 238 101
-107 238 102
-107 238 103
-107 238 104
-107 238 105
-107 238 106
-107 238 107
-107 238 108
-107 238 109
-107 238 110
-107 238 111
-107 239 96
-107 239 97
-107 239 98
-107 239 99
-107 239 100
-107 239 101
-107 239 102
-107 239 103
-107 239 104
-107 239 105
-107 239 106
-107 239 107
-107 239 108
-107 239 109
-107 239 110
-107 239 111
-107 240 96
-107 240 97
-107 240 98
-107 240 99
-107 240 100
-107 240 101
-107 240 102
-107 240 103
-107 240 104
-107 240 105
-107 240 106
-107 240 107
-107 240 108
-107 240 109
-107 240 110
-107 240 111
-107 241 96
-107 241 97
-107 241 98
-107 241 100
-107 241 101
-107 241 102
-107 241 103
-107 241 104
-107 241 105
-107 241 106
-107 241 107
-107 241 108
-107 241 109
-107 241 110
-107 241 111
-107 242 96
-107 242 97
-107 242 98
-107 242 100
-107 242 101
-107 242 102
-107 242 103
-107 242 104
-107 242 105
-107 242 106
-107 242 107
-107 242 108
-107 242 109
-107 242 110
-107 242 111
-107 243 97
-107 243 101
-107 243 102
-107 243 103
-107 243 104
-107 243 105
-107 243 106
-107 243 107
-107 243 108
-107 244 104
-107 244 105
-107 245 101
-106 225 102
-106 225 103
-106 225 104
-106 225 105
-106 225 106
-106 225 107
-106 226 99
-106 226 100
-106 226 101
-106 226 102
-106 226 103
-106 226 104
-106 226 105
-106 226 106
-106 226 108
-106 227 99
-106 227 100
-106 227 101
-106 227 102
-106 227 103
-106 227 104
-106 227 105
-106 227 106
-106 227 107
-106 227 108
-106 227 109
-106 228 100
-106 228 101
-106 228 102
-106 228 103
-106 228 104
-106 228 105
-106 228 106
-106 228 107
-106 228 108
-106 228 109
-106 228 111
-106 229 99
-106 229 100
-106 229 101
-106 229 102
-106 229 103
-106 229 104
-106 229 105
-106 229 106
-106 229 107
-106 229 108
-106 229 109
-106 229 110
-106 229 111
-106 230 99
-106 230 100
-106 230 101
-106 230 102
-106 230 103
-106 230 104
-106 230 105
-106 230 106
-106 230 107
-106 230 108
-106 230 109
-106 230 110
-106 230 111
-106 231 99
-106 231 100
-106 231 101
-106 231 102
-106 231 103
-106 231 104
-106 231 105
-106 231 106
-106 231 107
-106 231 108
-106 231 109
-106 231 110
-106 231 111
-106 232 96
-106 232 97
-106 232 98
-106 232 99
-106 232 100
-106 232 101
-106 232 102
-106 232 103
-106 232 104
-106 232 105
-106 232 106
-106 232 107
-106 232 108
-106 232 109
-106 232 110
-106 232 111
-106 233 97
-106 233 98
-106 233 99
-106 233 101
-106 233 102
-106 233 103
-106 233 104
-106 233 105
-106 233 106
-106 233 107
-106 233 108
-106 233 109
-106 233 110
-106 233 111
-106 234 97
-106 234 98
-106 234 99
-106 234 100
-106 234 101
-106 234 102
-106 234 103
-106 234 104
-106 234 105
-106 234 106
-106 234 107
-106 234 108
-106 234 109
-106 234 110
-106 234 111
-106 235 96
-106 235 97
-106 235 98
-106 235 99
-106 235 100
-106 235 101
-106 235 102
-106 235 103
-106 235 104
-106 235 105
-106 235 106
-106 235 107
-106 235 108
-106 235 109
-106 235 110
-106 235 111
-106 236 96
-106 236 97
-106 236 98
-106 236 99
-106 236 100
-106 236 101
-106 236 102
-106 236 103
-106 236 104
-106 236 105
-106 236 106
-106 236 107
-106 236 108
-106 236 109
-106 236 110
-106 236 111
-106 237 96
-106 237 97
-106 237 98
-106 237 99
-106 237 100
-106 237 101
-106 237 102
-106 237 103
-106 237 104
-106 237 105
-106 237 106
-106 237 107
-106 237 108
-106 237 109
-106 237 110
-106 237 111
-106 238 96
-106 238 97
-106 238 98
-106 238 99
-106 238 100
-106 238 101
-106 238 102
-106 238 103
-106 238 104
-106 238 105
-106 238 106
-106 238 107
-106 238 108
-106 238 109
-106 238 110
-106 238 111
-106 239 96
-106 239 97
-106 239 98
-106 239 99
-106 239 100
-106 239 101
-106 239 102
-106 239 103
-106 239 104
-106 239 105
-106 239 106
-106 239 107
-106 239 108
-106 239 109
-106 239 110
-106 239 111
-106 240 96
-106 240 97
-106 240 98
-106 240 99
-106 240 100
-106 240 101
-106 240 102
-106 240 103
-106 240 104
-106 240 105
-106 240 106
-106 240 107
-106 240 108
-106 240 109
-106 240 110
-106 240 111
-106 241 96
-106 241 97
-106 241 98
-106 241 99
-106 241 100
-106 241 101
-106 241 102
-106 241 103
-106 241 105
-106 241 106
-106 241 107
-106 241 108
-106 241 109
-106 241 110
-106 241 111
-106 242 98
-106 242 100
-106 242 101
-106 242 102
-106 242 104
-106 242 105
-106 242 107
-106 242 108
-106 242 110
-106 242 111
-106 243 100
-106 243 101
-106 243 102
-106 243 103
-106 243 104
-106 243 106
-106 243 107
-106 243 110
-106 243 111
-106 244 100
-106 244 101
-106 244 102
-106 244 103
-106 244 105
-106 244 110
-106 245 101
-106 245 106
-105 225 106
-105 226 100
-105 226 101
-105 226 102
-105 226 103
-105 226 104
-105 226 106
-105 226 108
-105 226 110
-105 226 111
-105 227 102
-105 227 103
-105 227 105
-105 227 106
-105 227 107
-105 227 108
-105 227 109
-105 227 110
-105 227 111
-105 228 99
-105 228 100
-105 228 102
-105 228 103
-105 228 105
-105 228 106
-105 228 107
-105 228 108
-105 228 109
-105 228 110
-105 228 111
-105 229 99
-105 229 100
-105 229 101
-105 229 102
-105 229 103
-105 229 104
-105 229 105
-105 229 106
-105 229 107
-105 229 108
-105 229 109
-105 229 110
-105 229 111
-105 230 98
-105 230 99
-105 230 100
-105 230 101
-105 230 102
-105 230 103
-105 230 104
-105 230 105
-105 230 106
-105 230 107
-105 230 108
-105 230 109
-105 230 110
-105 230 111
-105 231 99
-105 231 100
-105 231 101
-105 231 102
-105 231 103
-105 231 104
-105 231 105
-105 231 106
-105 231 107
-105 231 108
-105 231 109
-105 231 110
-105 231 111
-105 232 98
-105 232 99
-105 232 100
-105 232 101
-105 232 102
-105 232 103
-105 232 104
-105 232 105
-105 232 106
-105 232 107
-105 232 108
-105 232 109
-105 232 110
-105 232 111
-105 233 97
-105 233 99
-105 233 100
-105 233 101
-105 233 102
-105 233 103
-105 233 104
-105 233 105
-105 233 106
-105 233 107
-105 233 108
-105 233 109
-105 233 110
-105 233 111
-105 234 96
-105 234 98
-105 234 99
-105 234 100
-105 234 101
-105 234 102
-105 234 103
-105 234 104
-105 234 105
-105 234 106
-105 234 107
-105 234 108
-105 234 109
-105 234 110
-105 234 111
-105 235 96
-105 235 97
-105 235 98
-105 235 99
-105 235 100
-105 235 101
-105 235 102
-105 235 103
-105 235 104
-105 235 105
-105 235 106
-105 235 107
-105 235 108
-105 235 109
-105 235 110
-105 235 111
-105 236 96
-105 236 97
-105 236 98
-105 236 99
-105 236 100
-105 236 101
-105 236 102
-105 236 103
-105 236 104
-105 236 105
-105 236 106
-105 236 107
-105 236 108
-105 236 109
-105 236 110
-105 236 111
-105 237 96
-105 237 97
-105 237 98
-105 237 99
-105 237 100
-105 237 101
-105 237 102
-105 237 103
-105 237 104
-105 237 105
-105 237 106
-105 237 107
-105 237 108
-105 237 109
-105 237 110
-105 237 111
-105 238 96
-105 238 97
-105 238 98
-105 238 99
-105 238 100
-105 238 101
-105 238 102
-105 238 103
-105 238 104
-105 238 105
-105 238 106
-105 238 107
-105 238 108
-105 238 109
-105 238 110
-105 239 96
-105 239 97
-105 239 98
-105 239 99
-105 239 100
-105 239 101
-105 239 102
-105 239 103
-105 239 104
-105 239 105
-105 239 106
-105 239 107
-105 239 108
-105 239 109
-105 239 110
-105 239 111
-105 240 96
-105 240 97
-105 240 98
-105 240 99
-105 240 100
-105 240 101
-105 240 102
-105 240 103
-105 240 104
-105 240 105
-105 240 106
-105 240 107
-105 240 108
-105 240 109
-105 240 110
-105 241 97
-105 241 98
-105 241 99
-105 241 101
-105 241 102
-105 241 103
-105 241 104
-105 241 105
-105 241 106
-105 241 107
-105 241 108
-105 241 109
-105 241 110
-105 242 97
-105 242 98
-105 242 99
-105 242 101
-105 242 102
-105 242 103
-105 242 104
-105 242 105
-105 242 106
-105 242 107
-105 242 110
-105 243 97
-105 243 100
-105 243 101
-105 243 102
-105 243 103
-105 243 104
-105 243 105
-105 243 106
-105 243 107
-105 243 108
-105 243 109
-105 243 110
-105 244 100
-105 244 101
-105 244 104
-105 244 105
-105 244 106
-105 244 107
-105 244 108
-105 245 103
-105 245 104
-105 245 105
-105 245 106
-105 245 107
-105 246 104
-105 246 106
-104 225 104
-104 225 105
-104 226 101
-104 226 103
-104 226 104
-104 226 107
-104 226 108
-104 226 109
-104 226 111
-104 227 101
-104 227 102
-104 227 103
-104 227 104
-104 227 105
-104 227 106
-104 227 107
-104 227 108
-104 227 109
-104 227 110
-104 227 111
-104 228 99
-104 228 100
-104 228 102
-104 228 103
-104 228 104
-104 228 105
-104 228 106
-104 228 107
-104 228 108
-104 228 109
-104 228 110
-104 228 111
-104 229 100
-104 229 101
-104 229 102
-104 229 104
-104 229 105
-104 229 106
-104 229 107
-104 229 108
-104 229 109
-104 229 110
-104 230 99
-104 230 101
-104 230 102
-104 230 103
-104 230 104
-104 230 105
-104 230 106
-104 230 107
-104 230 108
-104 230 109
-104 230 110
-104 230 111
-104 231 100
-104 231 101
-104 231 102
-104 231 103
-104 231 104
-104 231 105
-104 231 106
-104 231 107
-104 231 108
-104 231 109
-104 231 110
-104 231 111
-104 232 100
-104 232 101
-104 232 102
-104 232 103
-104 232 104
-104 232 105
-104 232 106
-104 232 107
-104 232 108
-104 232 109
-104 232 110
-104 232 111
-104 233 98
-104 233 99
-104 233 100
-104 233 101
-104 233 102
-104 233 103
-104 233 104
-104 233 105
-104 233 106
-104 233 107
-104 233 108
-104 233 109
-104 233 110
-104 233 111
-104 234 96
-104 234 98
-104 234 99
-104 234 100
-104 234 101
-104 234 102
-104 234 103
-104 234 104
-104 234 105
-104 234 106
-104 234 107
-104 234 108
-104 234 109
-104 234 110
-104 234 111
-104 235 96
-104 235 97
-104 235 98
-104 235 99
-104 235 100
-104 235 101
-104 235 102
-104 235 103
-104 235 104
-104 235 105
-104 235 106
-104 235 107
-104 235 108
-104 235 109
-104 235 110
-104 235 111
-104 236 96
-104 236 97
-104 236 98
-104 236 99
-104 236 100
-104 236 101
-104 236 102
-104 236 103
-104 236 104
-104 236 105
-104 236 106
-104 236 107
-104 236 108
-104 236 109
-104 236 110
-104 236 111
-104 237 96
-104 237 97
-104 237 98
-104 237 99
-104 237 100
-104 237 101
-104 237 102
-104 237 103
-104 237 104
-104 237 105
-104 237 106
-104 237 107
-104 237 108
-104 237 109
-104 237 110
-104 237 111
-104 238 96
-104 238 97
-104 238 98
-104 238 99
-104 238 100
-104 238 101
-104 238 102
-104 238 103
-104 238 104
-104 238 105
-104 238 106
-104 238 107
-104 238 108
-104 238 109
-104 238 110
-104 238 111
-104 239 96
-104 239 97
-104 239 98
-104 239 99
-104 239 100
-104 239 101
-104 239 102
-104 239 103
-104 239 104
-104 239 105
-104 239 106
-104 239 107
-104 239 108
-104 239 110
-104 239 111
-104 240 96
-104 240 97
-104 240 98
-104 240 99
-104 240 101
-104 240 103
-104 240 104
-104 240 105
-104 240 106
-104 240 107
-104 240 108
-104 240 109
-104 240 110
-104 240 111
-104 241 96
-104 241 97
-104 241 98
-104 241 100
-104 241 101
-104 241 102
-104 241 103
-104 241 104
-104 241 105
-104 241 106
-104 241 107
-104 241 108
-104 241 109
-104 241 110
-104 241 111
-104 242 96
-104 242 97
-104 242 98
-104 242 99
-104 242 101
-104 242 104
-104 242 105
-104 242 106
-104 242 107
-104 242 108
-104 242 110
-104 243 100
-104 243 101
-104 243 102
-104 243 104
-104 243 106
-104 243 107
-104 243 108
-104 244 102
-104 244 103
-104 244 104
-104 244 105
-104 244 106
-104 244 107
-104 244 108
-104 245 102
-104 245 105
-104 245 106
-104 245 107
-103 225 104
-103 225 108
-103 225 111
-103 226 102
-103 226 104
-103 226 106
-103 226 107
-103 226 108
-103 226 109
-103 226 110
-103 226 111
-103 227 101
-103 227 102
-103 227 103
-103 227 104
-103 227 105
-103 227 106
-103 227 107
-103 227 108
-103 227 109
-103 227 110
-103 227 111
-103 228 103
-103 228 104
-103 228 105
-103 228 106
-103 228 107
-103 228 108
-103 228 109
-103 228 110
-103 228 111
-103 229 103
-103 229 104
-103 229 105
-103 229 106
-103 229 107
-103 229 108
-103 229 109
-103 229 110
-103 229 111
-103 230 102
-103 230 103
-103 230 104
-103 230 105
-103 230 106
-103 230 107
-103 230 108
-103 230 109
-103 230 110
-103 230 111
-103 231 101
-103 231 102
-103 231 103
-103 231 104
-103 231 105
-103 231 106
-103 231 107
-103 231 108
-103 231 109
-103 231 110
-103 231 111
-103 232 98
-103 232 100
-103 232 101
-103 232 102
-103 232 103
-103 232 104
-103 232 105
-103 232 106
-103 232 107
-103 232 108
-103 232 109
-103 232 110
-103 232 111
-103 233 96
-103 233 97
-103 233 98
-103 233 99
-103 233 100
-103 233 101
-103 233 102
-103 233 103
-103 233 104
-103 233 105
-103 233 106
-103 233 107
-103 233 108
-103 233 109
-103 233 110
-103 233 111
-103 234 96
-103 234 97
-103 234 98
-103 234 99
-103 234 100
-103 234 101
-103 234 102
-103 234 103
-103 234 104
-103 234 105
-103 234 106
-103 234 107
-103 234 108
-103 234 109
-103 234 110
-103 234 111
-103 235 96
-103 235 97
-103 235 98
-103 235 100
-103 235 101
-103 235 102
-103 235 103
-103 235 104
-103 235 105
-103 235 106
-103 235 107
-103 235 108
-103 235 109
-103 235 110
-103 235 111
-103 236 96
-103 236 97
-103 236 98
-103 236 99
-103 236 100
-103 236 101
-103 236 102
-103 236 103
-103 236 104
-103 236 105
-103 236 106
-103 236 107
-103 236 108
-103 236 109
-103 236 110
-103 236 111
-103 237 96
-103 237 97
-103 237 98
-103 237 99
-103 237 100
-103 237 101
-103 237 102
-103 237 103
-103 237 104
-103 237 105
-103 237 106
-103 237 107
-103 237 108
-103 237 109
-103 237 110
-103 237 111
-103 238 96
-103 238 97
-103 238 98
-103 238 99
-103 238 100
-103 238 101
-103 238 102
-103 238 103
-103 238 104
-103 238 105
-103 238 106
-103 238 107
-103 238 108
-103 238 109
-103 238 110
-103 239 96
-103 239 97
-103 239 98
-103 239 99
-103 239 100
-103 239 101
-103 239 102
-103 239 103
-103 239 104
-103 239 105
-103 239 106
-103 239 107
-103 239 108
-103 239 109
-103 239 110
-103 239 111
-103 240 96
-103 240 97
-103 240 98
-103 240 99
-103 240 100
-103 240 101
-103 240 102
-103 240 103
-103 240 104
-103 240 105
-103 240 106
-103 240 107
-103 240 108
-103 240 110
-103 241 96
-103 241 97
-103 241 98
-103 241 99
-103 241 102
-103 241 103
-103 241 104
-103 241 105
-103 241 106
-103 241 107
-103 241 108
-103 242 96
-103 242 97
-103 242 98
-103 242 102
-103 242 105
-103 242 106
-103 242 107
-103 242 108
-103 243 96
-103 243 97
-103 243 102
-103 243 103
-103 243 106
-103 243 107
-103 243 108
-103 244 102
-103 244 107
-103 245 107
-102 225 110
-102 225 111
-102 226 106
-102 226 107
-102 226 108
-102 226 110
-102 226 111
-102 227 104
-102 227 105
-102 227 106
-102 227 107
-102 227 108
-102 227 111
-102 228 105
-102 228 106
-102 228 107
-102 228 108
-102 228 109
-102 228 110
-102 228 111
-102 229 104
-102 229 106
-102 229 107
-102 229 108
-102 229 109
-102 229 110
-102 229 111
-102 230 103
-102 230 105
-102 230 106
-102 230 107
-102 230 108
-102 230 109
-102 230 110
-102 230 111
-102 231 101
-102 231 102
-102 231 103
-102 231 104
-102 231 105
-102 231 106
-102 231 107
-102 231 108
-102 231 109
-102 231 110
-102 231 111
-102 232 98
-102 232 99
-102 232 100
-102 232 101
-102 232 102
-102 232 103
-102 232 104
-102 232 105
-102 232 106
-102 232 107
-102 232 108
-102 232 109
-102 232 110
-102 232 111
-102 233 96
-102 233 97
-102 233 98
-102 233 99
-102 233 100
-102 233 101
-102 233 102
-102 233 103
-102 233 104
-102 233 105
-102 233 106
-102 233 107
-102 233 108
-102 233 109
-102 233 110
-102 233 111
-102 234 96
-102 234 97
-102 234 98
-102 234 99
-102 234 100
-102 234 101
-102 234 102
-102 234 103
-102 234 105
-102 234 106
-102 234 107
-102 234 108
-102 234 109
-102 234 110
-102 234 111
-102 235 96
-102 235 97
-102 235 98
-102 235 99
-102 235 100
-102 235 101
-102 235 102
-102 235 103
-102 235 104
-102 235 105
-102 235 106
-102 235 107
-102 235 108
-102 235 109
-102 235 110
-102 235 111
-102 236 96
-102 236 97
-102 236 98
-102 236 99
-102 236 100
-102 236 101
-102 236 102
-102 236 103
-102 236 104
-102 236 105
-102 236 106
-102 236 107
-102 236 108
-102 236 109
-102 236 110
-102 236 111
-102 237 96
-102 237 97
-102 237 98
-102 237 99
-102 237 100
-102 237 101
-102 237 102
-102 237 103
-102 237 104
-102 237 105
-102 237 106
-102 237 107
-102 237 108
-102 237 109
-102 237 110
-102 237 111
-102 238 96
-102 238 97
-102 238 98
-102 238 99
-102 238 100
-102 238 101
-102 238 102
-102 238 103
-102 238 104
-102 238 105
-102 238 106
-102 238 107
-102 238 108
-102 238 109
-102 238 110
-102 239 96
-102 239 97
-102 239 98
-102 239 99
-102 239 100
-102 239 101
-102 239 102
-102 239 103
-102 239 104
-102 239 105
-102 239 106
-102 239 107
-102 239 108
-102 239 109
-102 239 110
-102 240 96
-102 240 97
-102 240 98
-102 240 99
-102 240 100
-102 240 101
-102 240 102
-102 240 103
-102 240 104
-102 240 106
-102 240 107
-102 240 108
-102 240 109
-102 240 110
-102 241 96
-102 241 97
-102 241 98
-102 241 99
-102 241 101
-102 241 102
-102 241 105
-102 241 106
-102 241 107
-102 241 108
-102 241 109
-102 241 110
-102 242 96
-102 242 97
-102 242 98
-102 242 100
-102 242 102
-102 242 105
-102 242 106
-102 242 107
-102 242 109
-102 243 96
-102 243 97
-102 243 98
-102 243 99
-102 243 102
-102 243 107
-102 243 108
-102 244 98
-102 244 107
-101 225 109
-101 225 110
-101 225 111
-101 226 108
-101 226 109
-101 226 110
-101 226 111
-101 227 106
-101 227 107
-101 227 108
-101 227 110
-101 227 111
-101 228 105
-101 228 106
-101 228 107
-101 228 108
-101 228 109
-101 228 110
-101 228 111
-101 229 104
-101 229 105
-101 229 106
-101 229 107
-101 229 108
-101 229 109
-101 229 110
-101 229 111
-101 230 102
-101 230 104
-101 230 105
-101 230 106
-101 230 107
-101 230 108
-101 230 109
-101 230 110
-101 230 111
-101 231 96
-101 231 101
-101 231 102
-101 231 103
-101 231 104
-101 231 105
-101 231 106
-101 231 107
-101 231 108
-101 231 109
-101 231 110
-101 231 111
-101 232 96
-101 232 97
-101 232 102
-101 232 103
-101 232 104
-101 232 105
-101 232 106
-101 232 107
-101 232 108
-101 232 109
-101 232 110
-101 232 111
-101 233 96
-101 233 98
-101 233 100
-101 233 102
-101 233 103
-101 233 104
-101 233 105
-101 233 106
-101 233 107
-101 233 108
-101 233 109
-101 233 110
-101 233 111
-101 234 96
-101 234 97
-101 234 98
-101 234 99
-101 234 100
-101 234 101
-101 234 102
-101 234 103
-101 234 104
-101 234 105
-101 234 106
-101 234 107
-101 234 108
-101 234 109
-101 234 110
-101 234 111
-101 235 96
-101 235 97
-101 235 98
-101 235 100
-101 235 102
-101 235 103
-101 235 104
-101 235 105
-101 235 106
-101 235 108
-101 235 109
-101 235 110
-101 235 111
-101 236 96
-101 236 97
-101 236 98
-101 236 99
-101 236 100
-101 236 101
-101 236 102
-101 236 103
-101 236 104
-101 236 105
-101 236 106
-101 236 107
-101 236 108
-101 236 109
-101 236 110
-101 237 96
-101 237 97
-101 237 98
-101 237 99
-101 237 100
-101 237 101
-101 237 102
-101 237 103
-101 237 104
-101 237 105
-101 237 106
-101 237 107
-101 237 108
-101 237 109
-101 237 110
-101 237 111
-101 238 96
-101 238 97
-101 238 98
-101 238 99
-101 238 100
-101 238 101
-101 238 102
-101 238 103
-101 238 104
-101 238 105
-101 238 106
-101 238 107
-101 238 108
-101 238 109
-101 238 110
-101 238 111
-101 239 96
-101 239 97
-101 239 98
-101 239 99
-101 239 100
-101 239 101
-101 239 102
-101 239 103
-101 239 104
-101 239 105
-101 239 106
-101 239 107
-101 239 108
-101 239 109
-101 239 110
-101 240 96
-101 240 97
-101 240 98
-101 240 99
-101 240 100
-101 240 101
-101 240 102
-101 240 105
-101 240 107
-101 240 108
-101 241 96
-101 241 97
-101 241 98
-101 241 99
-101 241 100
-101 241 101
-101 241 105
-101 241 106
-101 241 108
-101 242 96
-101 242 97
-101 242 98
-101 242 99
-101 242 100
-101 242 101
-101 242 105
-101 242 107
-101 242 108
-101 243 97
-101 243 98
-101 243 99
-101 243 107
-101 244 98
-101 244 99
-100 225 111
-100 226 110
-100 226 111
-100 227 108
-100 227 110
-100 227 111
-100 228 107
-100 228 108
-100 228 109
-100 228 110
-100 228 111
-100 229 104
-100 229 106
-100 229 107
-100 229 108
-100 229 109
-100 229 110
-100 229 111
-100 230 97
-100 230 106
-100 230 107
-100 230 108
-100 230 109
-100 230 110
-100 230 111
-100 231 96
-100 231 103
-100 231 104
-100 231 105
-100 231 106
-100 231 107
-100 231 108
-100 231 109
-100 231 110
-100 231 111
-100 232 96
-100 232 97
-100 232 102
-100 232 103
-100 232 104
-100 232 105
-100 232 106
-100 232 107
-100 232 108
-100 232 109
-100 232 110
-100 232 111
-100 233 96
-100 233 97
-100 233 99
-100 233 102
-100 233 103
-100 233 104
-100 233 105
-100 233 107
-100 233 108
-100 233 109
-100 233 110
-100 233 111
-100 234 96
-100 234 97
-100 234 98
-100 234 99
-100 234 100
-100 234 101
-100 234 102
-100 234 103
-100 234 104
-100 234 105
-100 234 106
-100 234 108
-100 234 109
-100 234 110
-100 234 111
-100 235 96
-100 235 97
-100 235 98
-100 235 99
-100 235 100
-100 235 101
-100 235 102
-100 235 103
-100 235 104
-100 235 105
-100 235 106
-100 235 107
-100 235 108
-100 235 110
-100 235 111
-100 236 96
-100 236 97
-100 236 98
-100 236 99
-100 236 100
-100 236 101
-100 236 102
-100 236 103
-100 236 104
-100 236 105
-100 236 106
-100 236 107
-100 236 108
-100 236 109
-100 236 110
-100 237 96
-100 237 97
-100 237 98
-100 237 99
-100 237 100
-100 237 101
-100 237 102
-100 237 103
-100 237 104
-100 237 105
-100 237 106
-100 237 107
-100 237 108
-100 237 109
-100 237 110
-100 238 96
-100 238 97
-100 238 98
-100 238 99
-100 238 100
-100 238 101
-100 238 102
-100 238 103
-100 238 104
-100 238 105
-100 238 106
-100 238 107
-100 238 108
-100 238 110
-100 239 96
-100 239 97
-100 239 98
-100 239 99
-100 239 100
-100 239 101
-100 239 102
-100 239 103
-100 239 104
-100 239 105
-100 239 106
-100 239 107
-100 240 96
-100 240 97
-100 240 98
-100 240 99
-100 240 100
-100 240 101
-100 240 102
-100 240 103
-100 240 104
-100 240 105
-100 240 107
-100 241 96
-100 241 97
-100 241 98
-100 241 99
-100 241 100
-100 241 101
-100 241 104
-100 241 105
-100 242 96
-100 242 97
-100 242 98
-100 242 99
-100 242 100
-100 242 101
-100 243 96
-100 243 97
-100 243 98
-100 243 99
-100 243 100
-100 243 101
-100 244 96
-100 244 97
-100 244 98
-100 244 99
-100 245 96
-100 245 98
-100 245 99
-99 226 108
-99 226 109
-99 226 111
-99 227 107
-99 227 108
-99 227 109
-99 227 111
-99 228 97
-99 228 108
-99 228 109
-99 228 110
-99 228 111
-99 229 96
-99 229 106
-99 229 107
-99 229 108
-99 229 109
-99 229 110
-99 229 111
-99 230 97
-99 230 104
-99 230 108
-99 230 109
-99 230 110
-99 230 111
-99 231 97
-99 231 106
-99 231 107
-99 231 108
-99 231 109
-99 231 110
-99 231 111
-99 232 97
-99 232 105
-99 232 107
-99 232 108
-99 232 109
-99 232 110
-99 232 111
-99 233 96
-99 233 97
-99 233 98
-99 233 100
-99 233 101
-99 233 102
-99 233 103
-99 233 104
-99 233 105
-99 233 106
-99 233 107
-99 233 108
-99 233 109
-99 233 110
-99 233 111
-99 234 96
-99 234 97
-99 234 98
-99 234 99
-99 234 100
-99 234 101
-99 234 102
-99 234 103
-99 234 104
-99 234 106
-99 234 107
-99 234 108
-99 234 109
-99 234 110
-99 235 96
-99 235 97
-99 235 98
-99 235 99
-99 235 100
-99 235 101
-99 235 102
-99 235 103
-99 235 104
-99 235 105
-99 235 106
-99 235 107
-99 235 108
-99 235 109
-99 235 111
-99 236 96
-99 236 97
-99 236 98
-99 236 99
-99 236 100
-99 236 101
-99 236 102
-99 236 103
-99 236 104
-99 236 105
-99 236 106
-99 236 107
-99 236 108
-99 236 109
-99 237 96
-99 237 97
-99 237 98
-99 237 99
-99 237 100
-99 237 101
-99 237 102
-99 237 103
-99 237 104
-99 237 105
-99 237 107
-99 237 109
-99 237 110
-99 238 96
-99 238 97
-99 238 98
-99 238 99
-99 238 100
-99 238 101
-99 238 102
-99 238 103
-99 238 104
-99 238 105
-99 238 106
-99 238 107
-99 239 96
-99 239 97
-99 239 98
-99 239 99
-99 239 100
-99 239 101
-99 239 102
-99 239 103
-99 239 104
-99 239 105
-99 239 106
-99 240 96
-99 240 97
-99 240 98
-99 240 99
-99 240 100
-99 240 101
-99 240 102
-99 240 103
-99 240 106
-99 241 96
-99 241 97
-99 241 98
-99 241 99
-99 241 100
-99 241 101
-99 242 96
-99 242 97
-99 242 98
-99 242 99
-99 242 101
-99 243 96
-99 243 97
-99 243 98
-99 243 99
-99 243 101
-99 244 96
-99 244 97
-99 244 98
-99 244 99
-99 244 100
-99 245 98
-99 245 99
-98 225 110
-98 226 107
-98 226 108
-98 226 110
-98 227 96
-98 227 97
-98 227 106
-98 227 107
-98 227 108
-98 227 109
-98 227 110
-98 227 111
-98 228 96
-98 228 97
-98 228 105
-98 228 106
-98 228 107
-98 228 108
-98 228 109
-98 228 110
-98 228 111
-98 229 96
-98 229 97
-98 229 98
-98 229 106
-98 229 107
-98 229 108
-98 229 109
-98 229 110
-98 229 111
-98 230 96
-98 230 97
-98 230 98
-98 230 104
-98 230 105
-98 230 106
-98 230 107
-98 230 108
-98 230 109
-98 230 110
-98 230 111
-98 231 96
-98 231 97
-98 231 98
-98 231 105
-98 231 107
-98 231 108
-98 231 109
-98 231 110
-98 231 111
-98 232 96
-98 232 97
-98 232 98
-98 232 100
-98 232 101
-98 232 104
-98 232 105
-98 232 106
-98 232 107
-98 232 108
-98 232 109
-98 232 110
-98 232 111
-98 233 96
-98 233 97
-98 233 98
-98 233 99
-98 233 100
-98 233 101
-98 233 102
-98 233 103
-98 233 104
-98 233 105
-98 233 107
-98 233 108
-98 233 109
-98 233 110
-98 233 111
-98 234 96
-98 234 97
-98 234 98
-98 234 99
-98 234 100
-98 234 101
-98 234 102
-98 234 104
-98 234 105
-98 234 106
-98 234 107
-98 234 108
-98 234 109
-98 234 110
-98 234 111
-98 235 96
-98 235 97
-98 235 98
-98 235 99
-98 235 100
-98 235 101
-98 235 102
-98 235 103
-98 235 105
-98 235 106
-98 235 107
-98 235 108
-98 235 109
-98 236 96
-98 236 97
-98 236 98
-98 236 99
-98 236 100
-98 236 101
-98 236 102
-98 236 103
-98 236 104
-98 236 105
-98 236 106
-98 236 107
-98 236 109
-98 237 96
-98 237 97
-98 237 98
-98 237 99
-98 237 100
-98 237 101
-98 237 102
-98 237 103
-98 237 104
-98 237 105
-98 237 106
-98 238 96
-98 238 97
-98 238 98
-98 238 99
-98 238 100
-98 238 101
-98 238 102
-98 238 103
-98 238 104
-98 238 105
-98 238 106
-98 239 96
-98 239 97
-98 239 98
-98 239 99
-98 239 100
-98 239 101
-98 239 102
-98 239 103
-98 239 104
-98 239 105
-98 239 106
-98 240 96
-98 240 97
-98 240 98
-98 240 99
-98 240 100
-98 240 101
-98 240 102
-98 241 96
-98 241 97
-98 241 98
-98 241 99
-98 241 100
-98 241 101
-98 241 102
-98 242 96
-98 242 97
-98 242 98
-98 242 99
-98 242 100
-98 242 101
-98 242 102
-98 243 96
-98 243 97
-98 243 98
-98 243 100
-98 243 101
-98 243 102
-98 244 96
-98 244 97
-98 244 98
-98 244 99
-98 244 100
-98 244 101
-98 245 97
-98 245 98
-98 245 99
-98 246 97
-98 246 98
-98 246 99
-97 225 108
-97 226 97
-97 226 110
-97 226 111
-97 227 97
-97 227 107
-97 227 108
-97 227 109
-97 227 110
-97 227 111
-97 228 96
-97 228 97
-97 228 98
-97 228 107
-97 228 108
-97 228 109
-97 228 110
-97 228 111
-97 229 96
-97 229 97
-97 229 98
-97 229 106
-97 229 107
-97 229 108
-97 229 109
-97 229 110
-97 229 111
-97 230 96
-97 230 97
-97 230 98
-97 230 101
-97 230 104
-97 230 105
-97 230 106
-97 230 107
-97 230 108
-97 230 109
-97 230 110
-97 230 111
-97 231 96
-97 231 97
-97 231 98
-97 231 99
-97 231 101
-97 231 102
-97 231 104
-97 231 106
-97 231 107
-97 231 108
-97 231 109
-97 231 110
-97 231 111
-97 232 96
-97 232 97
-97 232 98
-97 232 99
-97 232 100
-97 232 101
-97 232 102
-97 232 103
-97 232 104
-97 232 105
-97 232 106
-97 232 107
-97 232 108
-97 232 109
-97 232 110
-97 232 111
-97 233 96
-97 233 97
-97 233 98
-97 233 99
-97 233 100
-97 233 101
-97 233 102
-97 233 103
-97 233 104
-97 233 105
-97 233 106
-97 233 107
-97 233 108
-97 233 109
-97 233 110
-97 233 111
-97 234 96
-97 234 97
-97 234 98
-97 234 99
-97 234 100
-97 234 101
-97 234 102
-97 234 103
-97 234 104
-97 234 105
-97 234 107
-97 234 108
-97 234 109
-97 234 111
-97 235 96
-97 235 97
-97 235 98
-97 235 99
-97 235 100
-97 235 101
-97 235 103
-97 235 104
-97 235 106
-97 235 107
-97 235 108
-97 235 110
-97 236 96
-97 236 97
-97 236 98
-97 236 99
-97 236 100
-97 236 101
-97 236 102
-97 236 103
-97 236 104
-97 236 106
-97 236 107
-97 236 109
-97 237 96
-97 237 97
-97 237 98
-97 237 99
-97 237 100
-97 237 101
-97 237 102
-97 237 103
-97 237 104
-97 237 107
-97 238 96
-97 238 97
-97 238 98
-97 238 99
-97 238 100
-97 238 101
-97 238 102
-97 238 103
-97 238 104
-97 238 105
-97 239 96
-97 239 97
-97 239 98
-97 239 99
-97 239 100
-97 239 101
-97 239 102
-97 239 104
-97 240 96
-97 240 97
-97 240 98
-97 240 99
-97 240 100
-97 240 101
-97 240 102
-97 240 103
-97 241 96
-97 241 97
-97 241 98
-97 241 99
-97 241 100
-97 241 101
-97 241 102
-97 241 103
-97 242 96
-97 242 97
-97 242 98
-97 242 99
-97 242 100
-97 242 101
-97 242 102
-97 243 96
-97 243 97
-97 243 98
-97 243 99
-97 243 100
-97 243 101
-97 244 96
-97 244 97
-97 244 98
-97 244 99
-97 245 97
-97 245 98
-97 246 98

