alfheim:altLeaves
6
208 221 -49
208 222 -50
208 222 -49
208 223 -51
208 223 -50
208 223 -49
208 224 -51
208 224 -50
208 224 -49
209 221 -50
209 221 -49
209 222 -50
209 222 -49
209 223 -50
209 223 -49
209 224 -51
209 224 -50
209 224 -49
210 221 -49
210 223 -49
210 224 -51
210 224 -49
211 224 -49
212 223 -49
212 224 -50
212 224 -49
208 225 -53
208 225 -52
208 225 -51
208 225 -50
208 225 -49
208 226 -55
208 226 -54
208 226 -53
208 226 -52
208 226 -51
208 226 -50
208 226 -49
208 227 -58
208 227 -55
208 227 -54
208 227 -53
208 227 -52
208 227 -51
208 227 -50
208 227 -49
208 228 -59
208 228 -58
208 228 -57
208 228 -55
208 228 -54
208 228 -52
208 228 -51
208 228 -50
208 228 -49
208 229 -61
208 229 -59
208 229 -56
208 229 -54
208 229 -53
208 229 -52
208 229 -51
208 229 -50
208 229 -49
208 230 -60
208 230 -59
208 230 -58
208 230 -57
208 230 -56
208 230 -54
208 230 -53
208 230 -52
208 230 -51
208 230 -50
208 230 -49
208 231 -60
208 231 -59
208 231 -58
208 231 -57
208 231 -56
208 231 -55
208 231 -53
208 231 -52
208 231 -51
208 231 -50
208 231 -49
208 232 -59
208 232 -58
208 232 -57
208 232 -53
208 232 -52
208 232 -49
208 233 -58
208 233 -57
208 233 -49
208 234 -50
208 234 -49
208 235 -49
208 242 -62
208 242 -61
208 243 -63
208 243 -62
208 243 -61
208 244 -64
208 244 -62
208 244 -61
208 244 -56
208 244 -55
208 244 -54
208 244 -53
208 244 -52
208 244 -51
208 245 -64
208 245 -63
208 245 -62
208 245 -61
208 245 -60
208 245 -59
208 245 -58
208 245 -57
208 245 -56
208 245 -55
208 245 -54
208 245 -52
208 245 -49
208 246 -64
208 246 -63
208 246 -62
208 246 -61
208 246 -60
208 246 -59
208 246 -58
208 246 -57
208 246 -56
208 246 -55
208 246 -54
208 246 -53
208 246 -52
208 246 -51
208 246 -50
208 246 -49
208 247 -64
208 247 -63
208 247 -62
208 247 -61
208 247 -60
208 247 -59
208 247 -58
208 247 -57
208 247 -56
208 247 -55
208 247 -54
208 247 -53
208 247 -52
208 247 -51
208 247 -50
208 247 -49
208 248 -64
208 248 -63
208 248 -62
208 248 -61
208 248 -60
208 248 -59
208 248 -58
208 248 -57
208 248 -56
208 248 -55
208 248 -54
208 248 -53
208 248 -52
208 248 -51
208 248 -50
208 248 -49
208 249 -64
208 249 -63
208 249 -62
208 249 -61
208 249 -60
208 249 -59
208 249 -58
208 249 -57
208 249 -56
208 249 -55
208 249 -54
208 249 -53
208 249 -52
208 249 -51
208 249 -50
208 249 -49
208 250 -64
208 250 -63
208 250 -62
208 250 -61
208 250 -60
208 250 -59
208 250 -58
208 250 -57
208 250 -56
208 250 -55
208 250 -54
208 250 -53
208 250 -52
208 250 -51
208 250 -50
208 250 -49
208 251 -64
208 251 -63
208 251 -62
208 251 -59
208 251 -58
208 251 -57
208 251 -55
208 251 -54
208 251 -53
208 251 -52
208 251 -51
208 251 -50
208 251 -49
208 252 -64
208 252 -63
208 252 -62
208 252 -61
208 252 -60
208 252 -59
208 252 -58
208 252 -57
208 252 -56
208 252 -55
208 252 -54
208 252 -53
208 252 -52
208 252 -51
208 252 -50
208 252 -49
208 253 -64
208 253 -63
208 253 -62
208 253 -61
208 253 -58
208 253 -57
208 253 -55
208 253 -54
208 253 -52
208 253 -50
208 253 -49
208 254 -56
208 254 -55
208 254 -54
208 254 -49
209 225 -52
209 225 -50
209 225 -49
209 226 -54
209 226 -53
209 226 -52
209 226 -51
209 226 -50
209 226 -49
209 227 -53
209 227 -52
209 227 -51
209 227 -50
209 227 -49
209 228 -57
209 228 -52
209 228 -51
209 228 -50
209 228 -49
209 229 -59
209 229 -58
209 229 -55
209 229 -54
209 229 -53
209 229 -51
209 229 -50
209 229 -49
209 230 -59
209 230 -58
209 230 -57
209 230 -53
209 231 -58
209 231 -51
209 232 -59
209 232 -58
209 232 -49
209 233 -49
209 234 -49
209 243 -63
209 243 -61
209 243 -60
209 244 -64
209 244 -63
209 244 -61
209 244 -60
209 244 -54
209 244 -49
209 245 -63
209 245 -61
209 245 -60
209 245 -58
209 245 -56
209 245 -55
209 245 -54
209 245 -53
209 245 -49
209 246 -64
209 246 -63
209 246 -62
209 246 -61
209 246 -60
209 246 -59
209 246 -58
209 246 -57
209 246 -56
209 246 -55
209 246 -54
209 246 -53
209 246 -52
209 246 -50
209 246 -49
209 247 -64
209 247 -63
209 247 -62
209 247 -61
209 247 -60
209 247 -59
209 247 -58
209 247 -57
209 247 -56
209 247 -55
209 247 -54
209 247 -53
209 247 -52
209 247 -51
209 247 -50
209 247 -49
209 248 -64
209 248 -63
209 248 -62
209 248 -61
209 248 -60
209 248 -59
209 248 -58
209 248 -57
209 248 -56
209 248 -55
209 248 -54
209 248 -53
209 248 -52
209 248 -51
209 248 -50
209 248 -49
209 249 -64
209 249 -63
209 249 -62
209 249 -61
209 249 -60
209 249 -59
209 249 -58
209 249 -57
209 249 -56
209 249 -55
209 249 -54
209 249 -53
209 249 -52
209 249 -51
209 249 -50
209 249 -49
209 250 -64
209 250 -63
209 250 -62
209 250 -61
209 250 -60
209 250 -59
209 250 -58
209 250 -57
209 250 -56
209 250 -55
209 250 -54
209 250 -53
209 250 -52
209 250 -50
209 250 -49
209 251 -64
209 251 -63
209 251 -62
209 251 -61
209 251 -60
209 251 -59
209 251 -58
209 251 -57
209 251 -56
209 251 -54
209 251 -53
209 251 -52
209 251 -51
209 251 -50
209 251 -49
209 252 -64
209 252 -63
209 252 -61
209 252 -60
209 252 -59
209 252 -58
209 252 -57
209 252 -56
209 252 -55
209 252 -54
209 252 -53
209 252 -52
209 252 -51
209 252 -50
209 252 -49
209 253 -64
209 253 -63
209 253 -62
209 253 -56
209 253 -55
209 253 -54
209 253 -53
209 253 -52
209 253 -51
209 253 -50
209 253 -49
209 254 -64
209 254 -54
209 254 -53
209 254 -52
209 254 -51
209 254 -50
209 254 -49
210 225 -51
210 225 -49
210 226 -53
210 226 -52
210 226 -51
210 226 -50
210 226 -49
210 227 -52
210 227 -51
210 227 -50
210 227 -49
210 228 -52
210 228 -51
210 228 -50
210 229 -54
210 229 -53
210 229 -50
210 230 -58
210 230 -53
210 232 -58
210 243 -61
210 243 -60
210 244 -63
210 244 -62
210 244 -61
210 244 -60
210 244 -59
210 244 -56
210 244 -49
210 245 -64
210 245 -63
210 245 -62
210 245 -61
210 245 -56
210 245 -52
210 245 -50
210 245 -49
210 246 -64
210 246 -63
210 246 -62
210 246 -60
210 246 -59
210 246 -56
210 246 -55
210 246 -53
210 246 -52
210 246 -50
210 246 -49
210 247 -64
210 247 -63
210 247 -62
210 247 -61
210 247 -60
210 247 -59
210 247 -58
210 247 -57
210 247 -55
210 247 -54
210 247 -53
210 247 -52
210 247 -51
210 247 -50
210 247 -49
210 248 -64
210 248 -63
210 248 -62
210 248 -61
210 248 -60
210 248 -59
210 248 -58
210 248 -57
210 248 -56
210 248 -55
210 248 -54
210 248 -53
210 248 -52
210 248 -51
210 248 -50
210 248 -49
210 249 -64
210 249 -63
210 249 -62
210 249 -61
210 249 -60
210 249 -59
210 249 -58
210 249 -57
210 249 -56
210 249 -55
210 249 -54
210 249 -53
210 249 -52
210 249 -51
210 249 -50
210 249 -49
210 250 -64
210 250 -63
210 250 -62
210 250 -61
210 250 -60
210 250 -59
210 250 -58
210 250 -57
210 250 -56
210 250 -55
210 250 -54
210 250 -53
210 250 -52
210 250 -51
210 250 -50
210 250 -49
210 251 -64
210 251 -63
210 251 -62
210 251 -61
210 251 -60
210 251 -59
210 251 -58
210 251 -57
210 251 -56
210 251 -55
210 251 -54
210 251 -53
210 251 -52
210 251 -51
210 251 -50
210 251 -49
210 252 -63
210 252 -62
210 252 -60
210 252 -58
210 252 -56
210 252 -55
210 252 -54
210 252 -53
210 252 -52
210 252 -51
210 252 -50
210 252 -49
210 253 -62
210 253 -60
210 253 -55
210 253 -53
210 253 -51
210 253 -50
210 253 -49
210 254 -62
210 254 -55
210 254 -54
210 254 -49
211 225 -51
211 225 -49
211 226 -51
211 226 -50
211 226 -49
211 227 -52
211 227 -51
211 227 -50
211 244 -62
211 244 -61
211 244 -60
211 245 -63
211 245 -62
211 245 -61
211 245 -60
211 245 -56
211 245 -49
211 246 -62
211 246 -61
211 246 -60
211 246 -59
211 246 -58
211 246 -54
211 246 -53
211 246 -52
211 246 -49
211 247 -64
211 247 -63
211 247 -62
211 247 -61
211 247 -60
211 247 -59
211 247 -58
211 247 -57
211 247 -55
211 247 -54
211 247 -53
211 247 -52
211 247 -50
211 247 -49
211 248 -64
211 248 -63
211 248 -62
211 248 -61
211 248 -60
211 248 -59
211 248 -58
211 248 -57
211 248 -56
211 248 -55
211 248 -54
211 248 -53
211 248 -52
211 248 -51
211 248 -50
211 248 -49
211 249 -64
211 249 -63
211 249 -62
211 249 -61
211 249 -60
211 249 -59
211 249 -58
211 249 -57
211 249 -56
211 249 -55
211 249 -54
211 249 -53
211 249 -52
211 249 -51
211 249 -50
211 249 -49
211 250 -64
211 250 -63
211 250 -62
211 250 -61
211 250 -60
211 250 -59
211 250 -58
211 250 -57
211 250 -56
211 250 -55
211 250 -54
211 250 -53
211 250 -52
211 250 -51
211 250 -50
211 250 -49
211 251 -64
211 251 -63
211 251 -61
211 251 -60
211 251 -58
211 251 -57
211 251 -56
211 251 -54
211 251 -53
211 251 -52
211 251 -50
211 251 -49
211 252 -63
211 252 -62
211 252 -61
211 252 -56
211 252 -55
211 253 -63
211 253 -62
211 253 -55
211 253 -54
211 253 -50
211 253 -49
211 254 -55
212 227 -50
212 245 -61
212 245 -60
212 246 -63
212 246 -62
212 246 -61
212 246 -59
212 246 -54
212 246 -49
212 247 -64
212 247 -63
212 247 -62
212 247 -61
212 247 -60
212 247 -59
212 247 -54
212 248 -62
212 248 -61
212 248 -60
212 248 -59
212 248 -58
212 248 -57
212 248 -56
212 248 -55
212 248 -54
212 248 -53
212 248 -51
212 248 -50
212 249 -64
212 249 -63
212 249 -62
212 249 -61
212 249 -60
212 249 -59
212 249 -58
212 249 -56
212 249 -55
212 249 -54
212 249 -53
212 249 -52
212 249 -51
212 249 -50
212 249 -49
212 250 -64
212 250 -63
212 250 -62
212 250 -61
212 250 -60
212 250 -59
212 250 -55
212 250 -54
212 250 -53
212 250 -52
212 250 -51
212 250 -50
212 250 -49
212 251 -64
212 251 -63
212 251 -60
212 251 -52
212 251 -51
212 251 -50
212 251 -49
212 252 -63
212 252 -62
212 252 -55
212 252 -54
212 252 -49
212 253 -55
212 253 -49
213 245 -62
213 245 -61
213 246 -62
213 247 -64
213 247 -63
213 247 -62
213 247 -61
213 247 -54
213 247 -50
213 247 -49
213 248 -64
213 248 -63
213 248 -62
213 248 -61
213 248 -60
213 248 -58
213 248 -54
213 248 -51
213 248 -50
213 248 -49
213 249 -63
213 249 -62
213 249 -61
213 249 -60
213 249 -59
213 249 -58
213 249 -54
213 249 -50
213 249 -49
213 250 -63
213 250 -61
213 250 -59
213 250 -53
213 250 -50
213 250 -49
213 251 -63
213 251 -61
213 251 -60
213 251 -59
214 247 -62
214 248 -63
214 248 -62
214 248 -50
214 248 -49
214 249 -63
214 249 -62
214 249 -61
214 249 -59
214 249 -54
214 250 -62

