alfheim:altWood1
12
-98 228 -181
-98 228 -180
-98 229 -180
-97 226 -181
-97 226 -180
-97 226 -178
-97 227 -182
-97 227 -181
-97 227 -180
-97 227 -179
-97 227 -177
-97 228 -183
-97 228 -182
-97 228 -181
-97 228 -180
-97 228 -179
-97 228 -178
-97 228 -177
-97 229 -183
-97 229 -182
-97 229 -181
-97 229 -180
-97 229 -179
-97 229 -178
-97 229 -177
-97 230 -183
-97 230 -182
-97 230 -180
alfheim:altLeaves
6
-112 211 -191
-112 213 -192
-112 213 -191
-112 213 -190
-112 214 -192
-112 214 -191
-112 214 -190
-112 214 -189
-112 214 -188
-112 214 -187
-112 215 -192
-112 215 -191
-112 215 -190
-112 215 -189
-112 215 -188
-112 215 -187
-112 215 -186
-112 215 -185
-112 215 -183
-112 215 -178
-112 216 -192
-112 216 -191
-112 216 -190
-112 216 -189
-112 216 -188
-112 216 -187
-112 216 -186
-112 216 -185
-112 216 -184
-112 216 -183
-112 216 -180
-112 216 -178
-112 217 -192
-112 217 -191
-112 217 -190
-112 217 -189
-112 217 -188
-112 217 -187
-112 217 -186
-112 217 -185
-112 217 -184
-112 217 -183
-112 217 -182
-112 217 -181
-112 217 -180
-112 217 -179
-112 217 -178
-112 217 -177
-112 218 -192
-112 218 -191
-112 218 -190
-112 218 -189
-112 218 -188
-112 218 -187
-112 218 -186
-112 218 -185
-112 218 -184
-112 218 -183
-112 218 -182
-112 218 -181
-112 218 -180
-112 218 -179
-112 218 -178
-112 218 -177
-112 219 -192
-112 219 -191
-112 219 -190
-112 219 -189
-112 219 -188
-112 219 -187
-112 219 -186
-112 219 -185
-112 219 -184
-112 219 -183
-112 219 -182
-112 219 -181
-112 219 -180
-112 219 -178
-112 219 -177
-112 220 -192
-112 220 -191
-112 220 -190
-112 220 -189
-112 220 -188
-112 220 -187
-112 220 -186
-112 220 -185
-112 220 -184
-112 220 -183
-112 220 -182
-112 220 -181
-112 220 -180
-112 220 -179
-112 220 -178
-112 220 -177
-112 221 -192
-112 221 -191
-112 221 -190
-112 221 -189
-112 221 -188
-112 221 -187
-112 221 -186
-112 221 -185
-112 221 -184
-112 221 -183
-112 221 -182
-112 221 -181
-112 221 -180
-112 221 -179
-112 221 -178
-112 221 -177
-112 222 -191
-112 222 -190
-112 222 -189
-112 222 -188
-112 222 -187
-112 222 -186
-112 222 -185
-112 222 -184
-112 222 -183
-112 222 -182
-112 222 -181
-112 222 -180
-112 222 -179
-112 222 -178
-112 222 -177
-112 223 -192
-112 223 -191
-112 223 -190
-112 223 -189
-112 223 -188
-112 223 -187
-112 223 -186
-112 223 -185
-112 223 -184
-112 223 -183
-112 223 -182
-112 223 -181
-112 223 -180
-112 223 -179
-112 223 -178
-112 223 -177
-112 224 -192
-112 224 -191
-112 224 -190
-112 224 -189
-112 224 -188
-112 224 -187
-112 224 -186
-112 224 -185
-112 224 -184
-112 224 -183
-112 224 -182
-112 224 -179
-112 224 -177
-111 212 -190
-111 213 -190
-111 213 -189
-111 213 -184
-111 214 -192
-111 214 -190
-111 214 -189
-111 214 -187
-111 214 -184
-111 214 -183
-111 215 -192
-111 215 -190
-111 215 -189
-111 215 -187
-111 215 -185
-111 215 -184
-111 215 -183
-111 215 -182
-111 215 -181
-111 216 -191
-111 216 -190
-111 216 -188
-111 216 -187
-111 216 -186
-111 216 -185
-111 216 -184
-111 216 -183
-111 216 -182
-111 216 -181
-111 216 -178
-111 217 -192
-111 217 -191
-111 217 -190
-111 217 -189
-111 217 -188
-111 217 -187
-111 217 -186
-111 217 -185
-111 217 -184
-111 217 -183
-111 217 -182
-111 217 -179
-111 217 -178
-111 218 -192
-111 218 -191
-111 218 -190
-111 218 -189
-111 218 -188
-111 218 -187
-111 218 -186
-111 218 -185
-111 218 -184
-111 218 -183
-111 218 -182
-111 218 -181
-111 218 -180
-111 218 -177
-111 219 -192
-111 219 -191
-111 219 -190
-111 219 -189
-111 219 -188
-111 219 -187
-111 219 -186
-111 219 -185
-111 219 -184
-111 219 -183
-111 219 -182
-111 219 -181
-111 219 -180
-111 219 -179
-111 219 -178
-111 220 -192
-111 220 -191
-111 220 -190
-111 220 -189
-111 220 -188
-111 220 -187
-111 220 -186
-111 220 -185
-111 220 -184
-111 220 -183
-111 220 -182
-111 220 -181
-111 220 -180
-111 220 -179
-111 220 -178
-111 220 -177
-111 221 -191
-111 221 -190
-111 221 -189
-111 221 -188
-111 221 -187
-111 221 -186
-111 221 -185
-111 221 -184
-111 221 -183
-111 221 -182
-111 221 -181
-111 221 -180
-111 221 -179
-111 221 -178
-111 221 -177
-111 222 -192
-111 222 -191
-111 222 -190
-111 222 -189
-111 222 -188
-111 222 -187
-111 222 -186
-111 222 -185
-111 222 -184
-111 222 -183
-111 222 -182
-111 222 -181
-111 222 -180
-111 222 -179
-111 222 -178
-111 222 -177
-111 223 -192
-111 223 -191
-111 223 -190
-111 223 -189
-111 223 -188
-111 223 -187
-111 223 -186
-111 223 -185
-111 223 -184
-111 223 -183
-111 223 -182
-111 223 -181
-111 223 -180
-111 223 -179
-111 223 -178
-111 223 -177
-111 224 -192
-111 224 -191
-111 224 -190
-111 224 -189
-111 224 -188
-111 224 -187
-111 224 -186
-111 224 -185
-111 224 -184
-111 224 -183
-111 224 -182
-111 224 -181
-111 224 -180
-111 224 -179
-111 224 -178
-111 224 -177
-110 212 -184
-110 213 -190
-110 214 -192
-110 214 -190
-110 214 -187
-110 214 -186
-110 214 -185
-110 214 -184
-110 215 -188
-110 215 -187
-110 215 -186
-110 215 -185
-110 215 -183
-110 215 -182
-110 216 -190
-110 216 -189
-110 216 -188
-110 216 -187
-110 216 -186
-110 216 -185
-110 216 -184
-110 216 -182
-110 216 -181
-110 217 -191
-110 217 -189
-110 217 -188
-110 217 -187
-110 217 -185
-110 217 -184
-110 217 -183
-110 217 -182
-110 217 -181
-110 217 -179
-110 217 -178
-110 217 -177
-110 218 -192
-110 218 -191
-110 218 -190
-110 218 -189
-110 218 -188
-110 218 -187
-110 218 -186
-110 218 -185
-110 218 -184
-110 218 -183
-110 218 -182
-110 218 -181
-110 218 -180
-110 218 -179
-110 218 -178
-110 218 -177
-110 219 -192
-110 219 -191
-110 219 -190
-110 219 -189
-110 219 -188
-110 219 -187
-110 219 -186
-110 219 -185
-110 219 -184
-110 219 -183
-110 219 -182
-110 219 -181
-110 219 -180
-110 219 -179
-110 219 -178
-110 219 -177
-110 220 -191
-110 220 -190
-110 220 -189
-110 220 -188
-110 220 -187
-110 220 -186
-110 220 -185
-110 220 -184
-110 220 -183
-110 220 -182
-110 220 -181
-110 220 -180
-110 220 -179
-110 220 -178
-110 220 -177
-110 221 -192
-110 221 -191
-110 221 -189
-110 221 -188
-110 221 -187
-110 221 -186
-110 221 -185
-110 221 -184
-110 221 -183
-110 221 -182
-110 221 -181
-110 221 -180
-110 221 -179
-110 221 -178
-110 221 -177
-110 222 -192
-110 222 -191
-110 222 -190
-110 222 -189
-110 222 -188
-110 222 -187
-110 222 -186
-110 222 -185
-110 222 -184
-110 222 -183
-110 222 -182
-110 222 -181
-110 222 -180
-110 222 -179
-110 222 -178
-110 222 -177
-110 223 -192
-110 223 -191
-110 223 -190
-110 223 -189
-110 223 -188
-110 223 -187
-110 223 -186
-110 223 -185
-110 223 -184
-110 223 -183
-110 223 -182
-110 223 -181
-110 223 -180
-110 223 -179
-110 223 -178
-110 223 -177
-110 224 -192
-110 224 -191
-110 224 -190
-110 224 -189
-110 224 -188
-110 224 -187
-110 224 -186
-110 224 -185
-110 224 -184
-110 224 -183
-110 224 -181
-110 224 -180
-110 224 -179
-110 224 -178
-110 224 -177
-109 212 -185
-109 212 -184
-109 213 -184
-109 213 -183
-109 214 -187
-109 214 -186
-109 214 -185
-109 214 -184
-109 214 -183
-109 214 -182
-109 215 -190
-109 215 -188
-109 215 -187
-109 215 -184
-109 215 -183
-109 215 -182
-109 215 -181
-109 216 -191
-109 216 -190
-109 216 -189
-109 216 -188
-109 216 -187
-109 216 -186
-109 216 -185
-109 216 -184
-109 216 -182
-109 216 -181
-109 216 -180
-109 217 -191
-109 217 -190
-109 217 -189
-109 217 -188
-109 217 -187
-109 217 -186
-109 217 -185
-109 217 -184
-109 217 -183
-109 217 -182
-109 217 -181
-109 217 -180
-109 217 -178
-109 218 -192
-109 218 -191
-109 218 -190
-109 218 -189
-109 218 -188
-109 218 -187
-109 218 -186
-109 218 -185
-109 218 -184
-109 218 -183
-109 218 -182
-109 218 -181
-109 218 -180
-109 218 -179
-109 218 -178
-109 218 -177
-109 219 -192
-109 219 -191
-109 219 -190
-109 219 -189
-109 219 -188
-109 219 -187
-109 219 -186
-109 219 -185
-109 219 -184
-109 219 -183
-109 219 -182
-109 219 -180
-109 219 -179
-109 219 -178
-109 219 -177
-109 220 -192
-109 220 -191
-109 220 -190
-109 220 -189
-109 220 -188
-109 220 -187
-109 220 -186
-109 220 -185
-109 220 -184
-109 220 -183
-109 220 -182
-109 220 -181
-109 220 -180
-109 220 -179
-109 220 -178
-109 220 -177
-109 221 -192
-109 221 -191
-109 221 -190
-109 221 -189
-109 221 -188
-109 221 -187
-109 221 -186
-109 221 -185
-109 221 -184
-109 221 -183
-109 221 -182
-109 221 -181
-109 221 -180
-109 221 -179
-109 221 -178
-109 221 -177
-109 222 -192
-109 222 -191
-109 222 -190
-109 222 -189
-109 222 -188
-109 222 -187
-109 222 -186
-109 222 -185
-109 222 -184
-109 222 -183
-109 222 -182
-109 222 -181
-109 222 -180
-109 222 -179
-109 222 -178
-109 222 -177
-109 223 -192
-109 223 -191
-109 223 -190
-109 223 -189
-109 223 -188
-109 223 -187
-109 223 -186
-109 223 -185
-109 223 -184
-109 223 -183
-109 223 -182
-109 223 -181
-109 223 -180
-109 223 -179
-109 223 -178
-109 223 -177
-109 224 -192
-109 224 -191
-109 224 -190
-109 224 -189
-109 224 -188
-109 224 -187
-109 224 -186
-109 224 -185
-109 224 -184
-109 224 -183
-109 224 -182
-109 224 -181
-109 224 -180
-109 224 -179
-109 224 -178
-109 224 -177
-108 213 -186
-108 213 -184
-108 213 -183
-108 214 -186
-108 214 -185
-108 214 -184
-108 214 -177
-108 215 -186
-108 215 -185
-108 215 -184
-108 215 -183
-108 215 -182
-108 215 -178
-108 215 -177
-108 216 -191
-108 216 -190
-108 216 -189
-108 216 -188
-108 216 -187
-108 216 -185
-108 216 -184
-108 216 -183
-108 216 -182
-108 216 -178
-108 216 -177
-108 217 -191
-108 217 -190
-108 217 -189
-108 217 -188
-108 217 -187
-108 217 -186
-108 217 -185
-108 217 -184
-108 217 -183
-108 217 -182
-108 217 -181
-108 217 -180
-108 217 -178
-108 217 -177
-108 218 -192
-108 218 -191
-108 218 -190
-108 218 -189
-108 218 -188
-108 218 -187
-108 218 -186
-108 218 -185
-108 218 -184
-108 218 -183
-108 218 -182
-108 218 -181
-108 218 -180
-108 218 -179
-108 218 -178
-108 218 -177
-108 219 -192
-108 219 -191
-108 219 -190
-108 219 -189
-108 219 -188
-108 219 -187
-108 219 -186
-108 219 -185
-108 219 -184
-108 219 -183
-108 219 -182
-108 219 -181
-108 219 -180
-108 219 -179
-108 219 -178
-108 219 -177
-108 220 -192
-108 220 -191
-108 220 -190
-108 220 -189
-108 220 -188
-108 220 -187
-108 220 -186
-108 220 -185
-108 220 -184
-108 220 -183
-108 220 -182
-108 220 -181
-108 220 -180
-108 220 -179
-108 220 -178
-108 220 -177
-108 221 -192
-108 221 -191
-108 221 -190
-108 221 -189
-108 221 -188
-108 221 -187
-108 221 -186
-108 221 -185
-108 221 -184
-108 221 -183
-108 221 -182
-108 221 -181
-108 221 -180
-108 221 -179
-108 221 -178
-108 221 -177
-108 222 -192
-108 222 -191
-108 222 -190
-108 222 -189
-108 222 -188
-108 222 -187
-108 222 -186
-108 222 -185
-108 222 -184
-108 222 -183
-108 222 -182
-108 222 -181
-108 222 -180
-108 222 -179
-108 222 -178
-108 222 -177
-108 223 -192
-108 223 -191
-108 223 -190
-108 223 -189
-108 223 -188
-108 223 -187
-108 223 -186
-108 223 -185
-108 223 -184
-108 223 -183
-108 223 -182
-108 223 -181
-108 223 -180
-108 223 -179
-108 223 -178
-108 223 -177
-108 224 -192
-108 224 -191
-108 224 -190
-108 224 -189
-108 224 -188
-108 224 -187
-108 224 -186
-108 224 -185
-108 224 -184
-108 224 -183
-108 224 -182
-108 224 -181
-108 224 -180
-108 224 -179
-108 224 -178
-108 224 -177
-107 212 -184
-107 213 -184
-107 214 -186
-107 214 -185
-107 214 -184
-107 214 -183
-107 214 -182
-107 215 -190
-107 215 -186
-107 215 -185
-107 215 -184
-107 215 -182
-107 215 -181
-107 216 -187
-107 216 -186
-107 216 -185
-107 216 -184
-107 216 -183
-107 216 -182
-107 216 -181
-107 216 -180
-107 216 -178
-107 216 -177
-107 217 -192
-107 217 -190
-107 217 -189
-107 217 -188
-107 217 -187
-107 217 -186
-107 217 -185
-107 217 -184
-107 217 -183
-107 217 -182
-107 217 -181
-107 217 -178
-107 218 -192
-107 218 -191
-107 218 -190
-107 218 -189
-107 218 -188
-107 218 -187
-107 218 -186
-107 218 -185
-107 218 -184
-107 218 -183
-107 218 -182
-107 218 -181
-107 218 -179
-107 218 -178
-107 218 -177
-107 219 -192
-107 219 -191
-107 219 -190
-107 219 -189
-107 219 -188
-107 219 -187
-107 219 -186
-107 219 -185
-107 219 -184
-107 219 -183
-107 219 -182
-107 219 -181
-107 219 -180
-107 219 -179
-107 219 -178
-107 219 -177
-107 220 -191
-107 220 -190
-107 220 -189
-107 220 -188
-107 220 -187
-107 220 -186
-107 220 -185
-107 220 -184
-107 220 -183
-107 220 -182
-107 220 -181
-107 220 -180
-107 220 -179
-107 220 -178
-107 220 -177
-107 221 -192
-107 221 -191
-107 221 -190
-107 221 -189
-107 221 -188
-107 221 -187
-107 221 -186
-107 221 -185
-107 221 -184
-107 221 -183
-107 221 -182
-107 221 -181
-107 221 -180
-107 221 -179
-107 221 -178
-107 221 -177
-107 222 -192
-107 222 -191
-107 222 -190
-107 222 -189
-107 222 -188
-107 222 -187
-107 222 -186
-107 222 -185
-107 222 -184
-107 222 -183
-107 222 -182
-107 222 -181
-107 222 -180
-107 222 -179
-107 222 -178
-107 222 -177
-107 223 -192
-107 223 -191
-107 223 -190
-107 223 -189
-107 223 -188
-107 223 -187
-107 223 -186
-107 223 -185
-107 223 -184
-107 223 -183
-107 223 -182
-107 223 -181
-107 223 -180
-107 223 -179
-107 223 -178
-107 223 -177
-107 224 -192
-107 224 -191
-107 224 -190
-107 224 -189
-107 224 -188
-107 224 -187
-107 224 -186
-107 224 -185
-107 224 -184
-107 224 -183
-107 224 -182
-107 224 -181
-107 224 -180
-107 224 -179
-107 224 -178
-107 224 -177
-106 213 -184
-106 214 -186
-106 214 -185
-106 214 -184
-106 214 -183
-106 214 -182
-106 215 -190
-106 215 -189
-106 215 -187
-106 215 -186
-106 215 -185
-106 215 -184
-106 215 -182
-106 216 -192
-106 216 -191
-106 216 -190
-106 216 -189
-106 216 -188
-106 216 -187
-106 216 -186
-106 216 -185
-106 216 -184
-106 216 -183
-106 216 -182
-106 217 -192
-106 217 -191
-106 217 -190
-106 217 -189
-106 217 -188
-106 217 -187
-106 217 -186
-106 217 -185
-106 217 -184
-106 217 -183
-106 217 -182
-106 217 -181
-106 217 -177
-106 218 -191
-106 218 -190
-106 218 -189
-106 218 -188
-106 218 -187
-106 218 -186
-106 218 -185
-106 218 -184
-106 218 -183
-106 218 -182
-106 218 -180
-106 218 -178
-106 219 -192
-106 219 -191
-106 219 -190
-106 219 -189
-106 219 -188
-106 219 -187
-106 219 -186
-106 219 -185
-106 219 -184
-106 219 -183
-106 219 -182
-106 219 -181
-106 219 -180
-106 219 -179
-106 219 -178
-106 219 -177
-106 220 -192
-106 220 -191
-106 220 -190
-106 220 -189
-106 220 -188
-106 220 -187
-106 220 -186
-106 220 -185
-106 220 -184
-106 220 -183
-106 220 -182
-106 220 -181
-106 220 -180
-106 220 -179
-106 220 -178
-106 220 -177
-106 221 -192
-106 221 -191
-106 221 -190
-106 221 -189
-106 221 -188
-106 221 -187
-106 221 -186
-106 221 -185
-106 221 -184
-106 221 -183
-106 221 -182
-106 221 -181
-106 221 -180
-106 221 -179
-106 221 -178
-106 221 -177
-106 222 -192
-106 222 -191
-106 222 -190
-106 222 -189
-106 222 -188
-106 222 -187
-106 222 -186
-106 222 -185
-106 222 -184
-106 222 -183
-106 222 -182
-106 222 -181
-106 222 -180
-106 222 -179
-106 222 -178
-106 222 -177
-106 223 -192
-106 223 -191
-106 223 -190
-106 223 -189
-106 223 -188
-106 223 -187
-106 223 -186
-106 223 -185
-106 223 -184
-106 223 -183
-106 223 -182
-106 223 -181
-106 223 -180
-106 223 -179
-106 223 -178
-106 223 -177
-106 224 -192
-106 224 -191
-106 224 -190
-106 224 -189
-106 224 -188
-106 224 -187
-106 224 -186
-106 224 -185
-106 224 -184
-106 224 -183
-106 224 -182
-106 224 -181
-106 224 -180
-106 224 -179
-106 224 -178
-106 224 -177
-105 214 -184
-105 215 -188
-105 215 -182
-105 216 -190
-105 216 -188
-105 216 -186
-105 216 -185
-105 216 -183
-105 216 -182
-105 216 -181
-105 217 -192
-105 217 -189
-105 217 -188
-105 217 -187
-105 217 -186
-105 217 -185
-105 217 -184
-105 217 -183
-105 217 -182
-105 218 -192
-105 218 -191
-105 218 -190
-105 218 -189
-105 218 -188
-105 218 -187
-105 218 -186
-105 218 -185
-105 218 -184
-105 218 -183
-105 218 -179
-105 218 -178
-105 218 -177
-105 219 -192
-105 219 -191
-105 219 -190
-105 219 -189
-105 219 -188
-105 219 -187
-105 219 -186
-105 219 -185
-105 219 -184
-105 219 -183
-105 219 -182
-105 219 -181
-105 219 -180
-105 219 -179
-105 219 -178
-105 219 -177
-105 220 -192
-105 220 -191
-105 220 -190
-105 220 -189
-105 220 -188
-105 220 -187
-105 220 -186
-105 220 -185
-105 220 -184
-105 220 -183
-105 220 -182
-105 220 -181
-105 220 -180
-105 220 -179
-105 220 -178
-105 220 -177
-105 221 -192
-105 221 -191
-105 221 -190
-105 221 -189
-105 221 -188
-105 221 -187
-105 221 -186
-105 221 -185
-105 221 -184
-105 221 -183
-105 221 -182
-105 221 -181
-105 221 -180
-105 221 -179
-105 221 -178
-105 221 -177
-105 222 -192
-105 222 -191
-105 222 -190
-105 222 -189
-105 222 -188
-105 222 -187
-105 222 -186
-105 222 -185
-105 222 -184
-105 222 -183
-105 222 -182
-105 222 -181
-105 222 -180
-105 222 -179
-105 222 -178
-105 222 -177
-105 223 -192
-105 223 -191
-105 223 -190
-105 223 -189
-105 223 -188
-105 223 -187
-105 223 -186
-105 223 -185
-105 223 -184
-105 223 -183
-105 223 -182
-105 223 -181
-105 223 -180
-105 223 -179
-105 223 -178
-105 223 -177
-105 224 -192
-105 224 -191
-105 224 -190
-105 224 -189
-105 224 -188
-105 224 -187
-105 224 -186
-105 224 -185
-105 224 -184
-105 224 -183
-105 224 -182
-105 224 -181
-105 224 -180
-105 224 -179
-105 224 -178
-105 224 -177
-104 216 -188
-104 216 -186
-104 216 -182
-104 217 -192
-104 217 -189
-104 217 -188
-104 217 -187
-104 217 -184
-104 217 -183
-104 218 -192
-104 218 -191
-104 218 -190
-104 218 -188
-104 218 -187
-104 218 -186
-104 218 -185
-104 218 -184
-104 218 -183
-104 218 -179
-104 219 -192
-104 219 -191
-104 219 -190
-104 219 -189
-104 219 -188
-104 219 -187
-104 219 -186
-104 219 -184
-104 219 -183
-104 219 -182
-104 219 -181
-104 219 -180
-104 219 -179
-104 219 -178
-104 219 -177
-104 220 -192
-104 220 -191
-104 220 -190
-104 220 -189
-104 220 -188
-104 220 -187
-104 220 -186
-104 220 -185
-104 220 -184
-104 220 -183
-104 220 -180
-104 220 -179
-104 220 -178
-104 220 -177
-104 221 -192
-104 221 -191
-104 221 -190
-104 221 -189
-104 221 -188
-104 221 -187
-104 221 -186
-104 221 -185
-104 221 -184
-104 221 -183
-104 221 -182
-104 221 -181
-104 221 -180
-104 221 -179
-104 221 -178
-104 221 -177
-104 222 -192
-104 222 -191
-104 222 -190
-104 222 -189
-104 222 -188
-104 222 -187
-104 222 -186
-104 222 -185
-104 222 -184
-104 222 -182
-104 222 -181
-104 222 -180
-104 222 -179
-104 222 -178
-104 222 -177
-104 223 -192
-104 223 -191
-104 223 -190
-104 223 -189
-104 223 -188
-104 223 -187
-104 223 -186
-104 223 -185
-104 223 -184
-104 223 -183
-104 223 -182
-104 223 -181
-104 223 -180
-104 223 -179
-104 223 -178
-104 223 -177
-104 224 -192
-104 224 -191
-104 224 -190
-104 224 -189
-104 224 -188
-104 224 -187
-104 224 -186
-104 224 -185
-104 224 -184
-104 224 -183
-104 224 -182
-104 224 -181
-104 224 -180
-104 224 -179
-104 224 -178
-104 224 -177
-103 216 -188
-103 217 -192
-103 217 -189
-103 217 -187
-103 218 -192
-103 218 -191
-103 218 -190
-103 218 -189
-103 218 -188
-103 218 -187
-103 218 -186
-103 218 -185
-103 218 -184
-103 218 -183
-103 218 -177
-103 219 -192
-103 219 -191
-103 219 -190
-103 219 -189
-103 219 -188
-103 219 -187
-103 219 -186
-103 219 -185
-103 219 -184
-103 219 -183
-103 219 -182
-103 219 -178
-103 219 -177
-103 220 -192
-103 220 -191
-103 220 -190
-103 220 -189
-103 220 -188
-103 220 -187
-103 220 -186
-103 220 -185
-103 220 -184
-103 220 -183
-103 220 -182
-103 220 -180
-103 220 -179
-103 220 -178
-103 220 -177
-103 221 -192
-103 221 -191
-103 221 -190
-103 221 -189
-103 221 -188
-103 221 -187
-103 221 -186
-103 221 -185
-103 221 -184
-103 221 -183
-103 221 -182
-103 221 -181
-103 221 -180
-103 221 -179
-103 221 -178
-103 221 -177
-103 222 -192
-103 222 -191
-103 222 -190
-103 222 -189
-103 222 -188
-103 222 -187
-103 222 -186
-103 222 -185
-103 222 -184
-103 222 -183
-103 222 -182
-103 222 -181
-103 222 -180
-103 222 -179
-103 222 -178
-103 222 -177
-103 223 -192
-103 223 -191
-103 223 -190
-103 223 -189
-103 223 -188
-103 223 -187
-103 223 -186
-103 223 -185
-103 223 -184
-103 223 -183
-103 223 -182
-103 223 -181
-103 223 -180
-103 223 -179
-103 223 -178
-103 223 -177
-103 224 -192
-103 224 -191
-103 224 -190
-103 224 -189
-103 224 -188
-103 224 -187
-103 224 -186
-103 224 -185
-103 224 -184
-103 224 -183
-103 224 -182
-103 224 -181
-103 224 -180
-103 224 -179
-103 224 -178
-103 224 -177
-102 217 -188
-102 218 -192
-102 218 -189
-102 218 -188
-102 218 -187
-102 218 -186
-102 219 -192
-102 219 -191
-102 219 -190
-102 219 -189
-102 219 -188
-102 219 -180
-102 219 -177
-102 220 -192
-102 220 -191
-102 220 -190
-102 220 -189
-102 220 -188
-102 220 -187
-102 220 -186
-102 220 -180
-102 220 -179
-102 220 -178
-102 220 -177
-102 221 -192
-102 221 -191
-102 221 -190
-102 221 -189
-102 221 -188
-102 221 -187
-102 221 -186
-102 221 -185
-102 221 -184
-102 221 -183
-102 221 -181
-102 221 -180
-102 221 -179
-102 221 -178
-102 221 -177
-102 222 -192
-102 222 -191
-102 222 -190
-102 222 -189
-102 222 -188
-102 222 -187
-102 222 -186
-102 222 -185
-102 222 -184
-102 222 -183
-102 222 -182
-102 222 -181
-102 222 -180
-102 222 -179
-102 222 -178
-102 222 -177
-102 223 -192
-102 223 -191
-102 223 -190
-102 223 -189
-102 223 -188
-102 223 -187
-102 223 -186
-102 223 -185
-102 223 -184
-102 223 -183
-102 223 -182
-102 223 -181
-102 223 -180
-102 223 -179
-102 223 -178
-102 223 -177
-102 224 -192
-102 224 -191
-102 224 -190
-102 224 -189
-102 224 -188
-102 224 -187
-102 224 -186
-102 224 -185
-102 224 -184
-102 224 -182
-102 224 -181
-102 224 -180
-102 224 -179
-102 224 -178
-102 224 -177
-101 218 -189
-101 218 -188
-101 219 -189
-101 220 -192
-101 220 -191
-101 220 -190
-101 220 -189
-101 220 -178
-101 220 -177
-101 221 -192
-101 221 -191
-101 221 -190
-101 221 -189
-101 221 -188
-101 221 -187
-101 221 -186
-101 221 -185
-101 221 -179
-101 221 -178
-101 221 -177
-101 222 -192
-101 222 -190
-101 222 -189
-101 222 -187
-101 222 -186
-101 222 -185
-101 222 -184
-101 222 -182
-101 222 -181
-101 222 -180
-101 222 -179
-101 222 -178
-101 222 -177
-101 223 -192
-101 223 -191
-101 223 -190
-101 223 -189
-101 223 -188
-101 223 -187
-101 223 -186
-101 223 -184
-101 223 -183
-101 223 -182
-101 223 -181
-101 223 -180
-101 223 -179
-101 223 -178
-101 223 -177
-101 224 -192
-101 224 -191
-101 224 -190
-101 224 -188
-101 224 -187
-101 224 -186
-101 224 -185
-101 224 -184
-101 224 -181
-101 224 -180
-101 224 -179
-101 224 -178
-101 224 -177
-100 220 -190
-100 220 -177
-100 221 -192
-100 221 -191
-100 221 -190
-100 221 -188
-100 221 -187
-100 221 -179
-100 221 -178
-100 221 -177
-100 222 -192
-100 222 -189
-100 222 -188
-100 222 -187
-100 222 -186
-100 222 -179
-100 222 -178
-100 222 -177
-100 223 -189
-100 223 -188
-100 223 -187
-100 223 -186
-100 223 -182
-100 223 -180
-100 223 -179
-100 223 -178
-100 223 -177
-100 224 -192
-100 224 -191
-100 224 -189
-100 224 -188
-100 224 -187
-100 224 -181
-100 224 -180
-100 224 -179
-100 224 -178
-100 224 -177
-99 221 -179
-99 222 -189
-99 222 -187
-99 222 -186
-99 222 -179
-99 222 -178
-99 223 -190
-99 223 -189
-99 223 -188
-99 223 -180
-99 223 -179
-99 223 -178
-99 224 -188
-99 224 -179
-99 224 -178
-99 224 -177
-98 222 -179
-98 222 -178
-98 223 -178
-98 223 -177
-98 224 -192
-98 224 -181
-98 224 -178
-98 224 -177
-97 224 -192
-112 225 -192
-112 225 -191
-112 225 -190
-112 225 -189
-112 225 -188
-112 225 -187
-112 225 -186
-112 225 -185
-112 225 -184
-112 225 -183
-112 225 -182
-112 225 -180
-112 226 -192
-112 226 -191
-112 226 -190
-112 226 -189
-112 226 -188
-112 226 -187
-112 226 -186
-112 226 -185
-112 226 -184
-112 226 -183
-112 226 -182
-112 226 -181
-112 226 -180
-112 227 -192
-112 227 -191
-112 227 -190
-112 227 -189
-112 227 -188
-112 227 -187
-112 227 -186
-112 227 -185
-112 227 -184
-112 227 -183
-112 227 -182
-112 227 -181
-112 227 -180
-112 227 -179
-112 227 -178
-112 228 -192
-112 228 -191
-112 228 -190
-112 228 -189
-112 228 -188
-112 228 -187
-112 228 -186
-112 228 -185
-112 228 -184
-112 228 -183
-112 228 -182
-112 228 -181
-112 228 -180
-112 228 -179
-112 228 -178
-112 228 -177
-112 229 -192
-112 229 -191
-112 229 -190
-112 229 -189
-112 229 -188
-112 229 -187
-112 229 -186
-112 229 -185
-112 229 -184
-112 229 -183
-112 229 -182
-112 229 -181
-112 229 -180
-112 229 -179
-112 229 -178
-112 229 -177
-112 230 -192
-112 230 -191
-112 230 -190
-112 230 -189
-112 230 -188
-112 230 -187
-112 230 -186
-112 230 -185
-112 230 -184
-112 230 -183
-112 230 -182
-112 230 -181
-112 230 -180
-112 230 -179
-112 230 -178
-112 230 -177
-112 231 -192
-112 231 -191
-112 231 -190
-112 231 -189
-112 231 -188
-112 231 -187
-112 231 -186
-112 231 -185
-112 231 -184
-112 231 -183
-112 231 -182
-112 231 -181
-112 231 -180
-112 231 -179
-112 231 -178
-112 231 -177
-112 232 -192
-112 232 -191
-112 232 -190
-112 232 -189
-112 232 -188
-112 232 -187
-112 232 -186
-112 232 -185
-112 232 -184
-112 232 -183
-112 232 -182
-112 232 -181
-112 232 -180
-112 232 -179
-112 232 -178
-112 232 -177
-112 233 -192
-112 233 -191
-112 233 -190
-112 233 -189
-112 233 -188
-112 233 -187
-112 233 -186
-112 233 -185
-112 233 -184
-112 233 -183
-112 233 -182
-112 233 -181
-112 233 -180
-112 233 -179
-112 233 -178
-112 233 -177
-112 234 -192
-112 234 -191
-112 234 -190
-112 234 -189
-112 234 -188
-112 234 -187
-112 234 -186
-112 234 -185
-112 234 -184
-112 234 -183
-112 234 -182
-112 234 -181
-112 234 -180
-112 234 -179
-112 234 -178
-112 234 -177
-112 235 -192
-112 235 -191
-112 235 -190
-112 235 -189
-112 235 -188
-112 235 -187
-112 235 -186
-112 235 -185
-112 235 -184
-112 235 -183
-112 235 -182
-112 235 -181
-112 235 -180
-112 235 -179
-112 235 -177
-112 236 -192
-112 236 -191
-112 236 -190
-112 236 -189
-112 236 -188
-112 236 -187
-112 236 -186
-112 236 -185
-112 236 -184
-112 236 -183
-112 236 -182
-112 236 -181
-112 236 -180
-112 236 -179
-112 236 -177
-112 237 -192
-112 237 -191
-112 237 -190
-112 237 -189
-112 237 -188
-112 237 -187
-112 237 -186
-112 237 -185
-112 237 -184
-112 237 -183
-112 237 -182
-112 237 -181
-112 237 -180
-112 237 -179
-112 237 -178
-112 237 -177
-112 238 -192
-112 238 -191
-112 238 -190
-112 238 -189
-112 238 -188
-112 238 -187
-112 238 -186
-112 238 -185
-112 238 -184
-112 238 -183
-112 238 -182
-112 238 -181
-112 238 -180
-112 238 -179
-112 238 -178
-112 238 -177
-112 239 -192
-112 239 -191
-112 239 -190
-112 239 -189
-112 239 -188
-112 239 -187
-112 239 -186
-112 239 -185
-112 239 -184
-112 239 -183
-112 239 -182
-112 239 -181
-112 239 -180
-112 239 -179
-112 239 -178
-112 239 -177
-112 240 -192
-112 240 -191
-112 240 -190
-112 240 -189
-112 240 -188
-112 240 -187
-112 240 -186
-112 240 -185
-112 240 -184
-112 240 -183
-112 240 -182
-112 240 -181
-112 240 -180
-112 240 -179
-112 240 -178
-112 240 -177
-112 241 -192
-112 241 -191
-112 241 -190
-112 241 -188
-112 241 -187
-112 241 -186
-112 241 -185
-112 241 -184
-112 241 -183
-112 241 -182
-112 241 -181
-112 241 -180
-112 241 -179
-112 241 -178
-112 241 -177
-112 242 -192
-112 242 -191
-112 242 -187
-112 242 -186
-112 242 -185
-112 242 -184
-112 242 -183
-112 242 -182
-112 242 -181
-112 242 -180
-112 242 -179
-112 242 -178
-112 242 -177
-112 243 -192
-112 243 -186
-112 243 -185
-112 243 -184
-112 243 -183
-112 243 -182
-112 243 -181
-112 243 -180
-112 243 -179
-112 243 -178
-112 243 -177
-112 244 -184
-112 244 -183
-112 244 -182
-112 244 -181
-112 244 -180
-112 244 -179
-112 244 -178
-112 244 -177
-112 245 -184
-112 245 -183
-112 245 -181
-112 245 -179
-111 225 -192
-111 225 -191
-111 225 -190
-111 225 -189
-111 225 -188
-111 225 -187
-111 225 -186
-111 225 -185
-111 225 -184
-111 225 -183
-111 225 -182
-111 225 -181
-111 225 -180
-111 225 -179
-111 225 -178
-111 225 -177
-111 226 -192
-111 226 -191
-111 226 -190
-111 226 -189
-111 226 -188
-111 226 -187
-111 226 -186
-111 226 -185
-111 226 -184
-111 226 -183
-111 226 -182
-111 226 -181
-111 226 -180
-111 227 -192
-111 227 -191
-111 227 -190
-111 227 -189
-111 227 -188
-111 227 -187
-111 227 -186
-111 227 -185
-111 227 -184
-111 227 -183
-111 227 -182
-111 227 -181
-111 227 -180
-111 227 -178
-111 228 -192
-111 228 -191
-111 228 -190
-111 228 -189
-111 228 -188
-111 228 -187
-111 228 -186
-111 228 -185
-111 228 -184
-111 228 -183
-111 228 -182
-111 228 -181
-111 228 -180
-111 228 -179
-111 229 -192
-111 229 -191
-111 229 -190
-111 229 -189
-111 229 -188
-111 229 -187
-111 229 -186
-111 229 -185
-111 229 -184
-111 229 -183
-111 229 -182
-111 229 -181
-111 229 -180
-111 229 -179
-111 229 -178
-111 229 -177
-111 230 -192
-111 230 -191
-111 230 -190
-111 230 -189
-111 230 -188
-111 230 -187
-111 230 -186
-111 230 -185
-111 230 -184
-111 230 -183
-111 230 -182
-111 230 -181
-111 230 -180
-111 230 -179
-111 230 -178
-111 231 -192
-111 231 -191
-111 231 -190
-111 231 -189
-111 231 -188
-111 231 -187
-111 231 -186
-111 231 -185
-111 231 -184
-111 231 -183
-111 231 -182
-111 231 -181
-111 231 -180
-111 231 -179
-111 231 -178
-111 231 -177
-111 232 -192
-111 232 -191
-111 232 -190
-111 232 -189
-111 232 -188
-111 232 -187
-111 232 -186
-111 232 -185
-111 232 -184
-111 232 -183
-111 232 -182
-111 232 -181
-111 232 -180
-111 232 -179
-111 232 -178
-111 232 -177
-111 233 -192
-111 233 -191
-111 233 -190
-111 233 -189
-111 233 -188
-111 233 -187
-111 233 -186
-111 233 -185
-111 233 -184
-111 233 -183
-111 233 -182
-111 233 -181
-111 233 -180
-111 233 -179
-111 233 -178
-111 233 -177
-111 234 -192
-111 234 -191
-111 234 -190
-111 234 -189
-111 234 -188
-111 234 -187
-111 234 -186
-111 234 -185
-111 234 -184
-111 234 -183
-111 234 -182
-111 234 -181
-111 234 -180
-111 234 -178
-111 235 -192
-111 235 -191
-111 235 -190
-111 235 -189
-111 235 -188
-111 235 -187
-111 235 -186
-111 235 -185
-111 235 -184
-111 235 -183
-111 235 -182
-111 235 -181
-111 235 -180
-111 235 -177
-111 236 -192
-111 236 -191
-111 236 -190
-111 236 -189
-111 236 -188
-111 236 -187
-111 236 -186
-111 236 -185
-111 236 -184
-111 236 -183
-111 236 -182
-111 236 -181
-111 236 -180
-111 236 -178
-111 236 -177
-111 237 -192
-111 237 -191
-111 237 -190
-111 237 -189
-111 237 -188
-111 237 -187
-111 237 -186
-111 237 -185
-111 237 -184
-111 237 -183
-111 237 -182
-111 237 -181
-111 237 -180
-111 237 -179
-111 237 -178
-111 237 -177
-111 238 -192
-111 238 -190
-111 238 -189
-111 238 -188
-111 238 -187
-111 238 -186
-111 238 -185
-111 238 -184
-111 238 -183
-111 238 -182
-111 238 -181
-111 238 -180
-111 238 -179
-111 238 -178
-111 238 -177
-111 239 -192
-111 239 -191
-111 239 -190
-111 239 -189
-111 239 -188
-111 239 -187
-111 239 -186
-111 239 -185
-111 239 -184
-111 239 -183
-111 239 -182
-111 239 -181
-111 239 -180
-111 239 -179
-111 239 -178
-111 239 -177
-111 240 -192
-111 240 -191
-111 240 -190
-111 240 -189
-111 240 -188
-111 240 -187
-111 240 -186
-111 240 -185
-111 240 -184
-111 240 -183
-111 240 -182
-111 240 -181
-111 240 -180
-111 240 -179
-111 240 -178
-111 240 -177
-111 241 -192
-111 241 -191
-111 241 -190
-111 241 -189
-111 241 -188
-111 241 -187
-111 241 -186
-111 241 -185
-111 241 -184
-111 241 -183
-111 241 -182
-111 241 -181
-111 241 -180
-111 241 -179
-111 241 -178
-111 241 -177
-111 242 -191
-111 242 -190
-111 242 -188
-111 242 -187
-111 242 -186
-111 242 -185
-111 242 -184
-111 242 -183
-111 242 -182
-111 242 -181
-111 242 -180
-111 242 -179
-111 242 -178
-111 242 -177
-111 243 -191
-111 243 -189
-111 243 -186
-111 243 -185
-111 243 -184
-111 243 -182
-111 243 -181
-111 243 -180
-111 243 -179
-111 243 -178
-111 243 -177
-111 244 -188
-111 244 -185
-111 244 -184
-111 244 -183
-111 244 -179
-111 244 -178
-111 244 -177
-110 225 -192
-110 225 -191
-110 225 -190
-110 225 -189
-110 225 -188
-110 225 -187
-110 225 -186
-110 225 -185
-110 225 -184
-110 225 -183
-110 225 -181
-110 225 -180
-110 225 -179
-110 225 -178
-110 225 -177
-110 226 -192
-110 226 -191
-110 226 -190
-110 226 -189
-110 226 -188
-110 226 -187
-110 226 -186
-110 226 -185
-110 226 -184
-110 226 -183
-110 226 -182
-110 226 -181
-110 226 -180
-110 226 -179
-110 226 -178
-110 226 -177
-110 227 -192
-110 227 -191
-110 227 -190
-110 227 -189
-110 227 -188
-110 227 -187
-110 227 -186
-110 227 -185
-110 227 -184
-110 227 -183
-110 227 -182
-110 227 -181
-110 227 -180
-110 227 -179
-110 227 -178
-110 227 -177
-110 228 -192
-110 228 -191
-110 228 -190
-110 228 -189
-110 228 -188
-110 228 -187
-110 228 -186
-110 228 -185
-110 228 -184
-110 228 -183
-110 228 -182
-110 228 -181
-110 228 -180
-110 228 -179
-110 228 -178
-110 228 -177
-110 229 -192
-110 229 -191
-110 229 -190
-110 229 -189
-110 229 -188
-110 229 -187
-110 229 -186
-110 229 -185
-110 229 -184
-110 229 -183
-110 229 -182
-110 229 -181
-110 229 -180
-110 229 -179
-110 229 -178
-110 229 -177
-110 230 -192
-110 230 -191
-110 230 -190
-110 230 -189
-110 230 -188
-110 230 -187
-110 230 -186
-110 230 -185
-110 230 -184
-110 230 -183
-110 230 -182
-110 230 -181
-110 230 -180
-110 230 -179
-110 230 -178
-110 230 -177
-110 231 -192
-110 231 -191
-110 231 -190
-110 231 -189
-110 231 -188
-110 231 -187
-110 231 -186
-110 231 -185
-110 231 -184
-110 231 -183
-110 231 -182
-110 231 -181
-110 231 -180
-110 231 -179
-110 231 -178
-110 231 -177
-110 232 -192
-110 232 -191
-110 232 -190
-110 232 -189
-110 232 -188
-110 232 -187
-110 232 -186
-110 232 -185
-110 232 -184
-110 232 -183
-110 232 -182
-110 232 -181
-110 232 -180
-110 232 -179
-110 232 -178
-110 233 -192
-110 233 -191
-110 233 -190
-110 233 -189
-110 233 -188
-110 233 -187
-110 233 -186
-110 233 -185
-110 233 -184
-110 233 -183
-110 233 -182
-110 233 -181
-110 233 -180
-110 233 -179
-110 234 -192
-110 234 -191
-110 234 -190
-110 234 -189
-110 234 -188
-110 234 -187
-110 234 -186
-110 234 -185
-110 234 -184
-110 234 -183
-110 234 -182
-110 234 -181
-110 234 -180
-110 234 -179
-110 234 -178
-110 234 -177
-110 235 -192
-110 235 -191
-110 235 -190
-110 235 -189
-110 235 -188
-110 235 -187
-110 235 -186
-110 235 -185
-110 235 -183
-110 235 -182
-110 235 -181
-110 235 -180
-110 235 -179
-110 235 -178
-110 236 -192
-110 236 -191
-110 236 -190
-110 236 -189
-110 236 -188
-110 236 -187
-110 236 -186
-110 236 -185
-110 236 -184
-110 236 -183
-110 236 -182
-110 236 -181
-110 236 -180
-110 236 -179
-110 236 -178
-110 236 -177
-110 237 -192
-110 237 -191
-110 237 -190
-110 237 -189
-110 237 -188
-110 237 -187
-110 237 -186
-110 237 -185
-110 237 -184
-110 237 -183
-110 237 -182
-110 237 -181
-110 237 -180
-110 237 -179
-110 237 -178
-110 237 -177
-110 238 -192
-110 238 -191
-110 238 -190
-110 238 -189
-110 238 -188
-110 238 -187
-110 238 -186
-110 238 -185
-110 238 -184
-110 238 -183
-110 238 -182
-110 238 -181
-110 238 -180
-110 238 -179
-110 238 -178
-110 238 -177
-110 239 -192
-110 239 -191
-110 239 -190
-110 239 -189
-110 239 -188
-110 239 -187
-110 239 -186
-110 239 -185
-110 239 -184
-110 239 -183
-110 239 -182
-110 239 -181
-110 239 -180
-110 239 -179
-110 239 -178
-110 239 -177
-110 240 -192
-110 240 -191
-110 240 -190
-110 240 -189
-110 240 -188
-110 240 -187
-110 240 -186
-110 240 -185
-110 240 -184
-110 240 -183
-110 240 -182
-110 240 -181
-110 240 -180
-110 240 -179
-110 240 -178
-110 240 -177
-110 241 -192
-110 241 -191
-110 241 -190
-110 241 -189
-110 241 -188
-110 241 -187
-110 241 -186
-110 241 -185
-110 241 -184
-110 241 -183
-110 241 -182
-110 241 -181
-110 241 -180
-110 241 -179
-110 241 -178
-110 241 -177
-110 242 -192
-110 242 -191
-110 242 -190
-110 242 -188
-110 242 -185
-110 242 -184
-110 242 -183
-110 242 -182
-110 242 -181
-110 242 -180
-110 242 -179
-110 242 -178
-110 242 -177
-110 243 -190
-110 243 -189
-110 243 -188
-110 243 -185
-110 243 -184
-110 243 -181
-110 243 -180
-110 243 -179
-110 243 -178
-110 243 -177
-110 244 -191
-110 244 -190
-110 244 -189
-110 244 -188
-110 244 -184
-110 244 -181
-110 244 -180
-110 244 -179
-110 244 -178
-110 244 -177
-110 245 -178
-110 245 -177
-110 246 -177
-109 225 -192
-109 225 -191
-109 225 -190
-109 225 -189
-109 225 -188
-109 225 -187
-109 225 -186
-109 225 -185
-109 225 -184
-109 225 -183
-109 225 -182
-109 225 -181
-109 225 -180
-109 225 -179
-109 225 -178
-109 225 -177
-109 226 -192
-109 226 -191
-109 226 -190
-109 226 -189
-109 226 -188
-109 226 -187
-109 226 -186
-109 226 -185
-109 226 -184
-109 226 -183
-109 226 -182
-109 226 -181
-109 226 -180
-109 226 -179
-109 226 -178
-109 226 -177
-109 227 -192
-109 227 -191
-109 227 -190
-109 227 -189
-109 227 -188
-109 227 -187
-109 227 -186
-109 227 -185
-109 227 -184
-109 227 -183
-109 227 -182
-109 227 -181
-109 227 -180
-109 227 -179
-109 227 -178
-109 227 -177
-109 228 -192
-109 228 -191
-109 228 -190
-109 228 -189
-109 228 -188
-109 228 -187
-109 228 -186
-109 228 -185
-109 228 -184
-109 228 -183
-109 228 -182
-109 228 -181
-109 228 -180
-109 228 -177
-109 229 -192
-109 229 -191
-109 229 -190
-109 229 -189
-109 229 -188
-109 229 -187
-109 229 -186
-109 229 -185
-109 229 -184
-109 229 -183
-109 229 -182
-109 229 -181
-109 229 -180
-109 229 -179
-109 229 -178
-109 229 -177
-109 230 -192
-109 230 -191
-109 230 -190
-109 230 -189
-109 230 -188
-109 230 -187
-109 230 -186
-109 230 -185
-109 230 -184
-109 230 -183
-109 230 -182
-109 230 -181
-109 230 -180
-109 230 -179
-109 230 -178
-109 230 -177
-109 231 -192
-109 231 -191
-109 231 -190
-109 231 -189
-109 231 -188
-109 231 -187
-109 231 -186
-109 231 -185
-109 231 -184
-109 231 -183
-109 231 -182
-109 231 -181
-109 231 -180
-109 231 -178
-109 231 -177
-109 232 -192
-109 232 -191
-109 232 -190
-109 232 -189
-109 232 -188
-109 232 -187
-109 232 -186
-109 232 -185
-109 232 -184
-109 232 -183
-109 232 -182
-109 232 -181
-109 232 -180
-109 232 -177
-109 233 -192
-109 233 -191
-109 233 -190
-109 233 -189
-109 233 -188
-109 233 -187
-109 233 -186
-109 233 -185
-109 233 -184
-109 233 -183
-109 233 -182
-109 233 -181
-109 233 -180
-109 233 -179
-109 233 -178
-109 233 -177
-109 234 -192
-109 234 -191
-109 234 -190
-109 234 -189
-109 234 -188
-109 234 -187
-109 234 -186
-109 234 -185
-109 234 -184
-109 234 -183
-109 234 -182
-109 234 -181
-109 234 -180
-109 234 -179
-109 234 -177
-109 235 -192
-109 235 -191
-109 235 -190
-109 235 -189
-109 235 -188
-109 235 -187
-109 235 -186
-109 235 -185
-109 235 -184
-109 235 -183
-109 235 -182
-109 235 -181
-109 235 -180
-109 235 -179
-109 235 -178
-109 235 -177
-109 236 -192
-109 236 -191
-109 236 -190
-109 236 -189
-109 236 -188
-109 236 -187
-109 236 -186
-109 236 -185
-109 236 -184
-109 236 -183
-109 236 -182
-109 236 -181
-109 236 -180
-109 236 -179
-109 236 -178
-109 236 -177
-109 237 -192
-109 237 -191
-109 237 -190
-109 237 -189
-109 237 -188
-109 237 -187
-109 237 -186
-109 237 -185
-109 237 -184
-109 237 -183
-109 237 -182
-109 237 -181
-109 237 -180
-109 237 -179
-109 237 -178
-109 237 -177
-109 238 -192
-109 238 -191
-109 238 -190
-109 238 -189
-109 238 -188
-109 238 -187
-109 238 -186
-109 238 -185
-109 238 -184
-109 238 -183
-109 238 -182
-109 238 -181
-109 238 -180
-109 238 -179
-109 238 -178
-109 238 -177
-109 239 -192
-109 239 -191
-109 239 -190
-109 239 -189
-109 239 -188
-109 239 -187
-109 239 -185
-109 239 -184
-109 239 -183
-109 239 -182
-109 239 -181
-109 239 -180
-109 239 -179
-109 239 -178
-109 239 -177
-109 240 -192
-109 240 -191
-109 240 -190
-109 240 -189
-109 240 -188
-109 240 -187
-109 240 -186
-109 240 -185
-109 240 -184
-109 240 -183
-109 240 -182
-109 240 -181
-109 240 -180
-109 240 -179
-109 240 -178
-109 240 -177
-109 241 -192
-109 241 -191
-109 241 -190
-109 241 -189
-109 241 -188
-109 241 -187
-109 241 -186
-109 241 -185
-109 241 -184
-109 241 -183
-109 241 -182
-109 241 -181
-109 241 -180
-109 241 -179
-109 241 -178
-109 241 -177
-109 242 -192
-109 242 -191
-109 242 -190
-109 242 -189
-109 242 -188
-109 242 -187
-109 242 -186
-109 242 -185
-109 242 -183
-109 242 -181
-109 242 -180
-109 242 -179
-109 242 -178
-109 242 -177
-109 243 -192
-109 243 -191
-109 243 -190
-109 243 -189
-109 243 -188
-109 243 -187
-109 243 -186
-109 243 -185
-109 243 -184
-109 243 -183
-109 243 -181
-109 243 -180
-109 243 -179
-109 243 -178
-109 243 -177
-109 244 -191
-109 244 -190
-109 244 -189
-109 244 -188
-109 244 -184
-109 244 -183
-109 244 -181
-109 244 -180
-109 244 -179
-109 244 -178
-109 244 -177
-109 245 -191
-109 245 -190
-109 245 -189
-109 245 -180
-109 245 -179
-109 245 -177
-109 246 -180
-109 246 -177
-109 247 -177
-108 225 -192
-108 225 -191
-108 225 -190
-108 225 -189
-108 225 -188
-108 225 -187
-108 225 -186
-108 225 -185
-108 225 -184
-108 225 -183
-108 225 -182
-108 225 -181
-108 225 -180
-108 225 -179
-108 225 -178
-108 225 -177
-108 226 -192
-108 226 -191
-108 226 -190
-108 226 -189
-108 226 -188
-108 226 -187
-108 226 -186
-108 226 -185
-108 226 -184
-108 226 -183
-108 226 -182
-108 226 -181
-108 226 -180
-108 226 -179
-108 226 -178
-108 226 -177
-108 227 -192
-108 227 -191
-108 227 -190
-108 227 -189
-108 227 -188
-108 227 -187
-108 227 -186
-108 227 -185
-108 227 -184
-108 227 -183
-108 227 -182
-108 227 -181
-108 227 -180
-108 227 -179
-108 227 -178
-108 227 -177
-108 228 -192
-108 228 -191
-108 228 -190
-108 228 -189
-108 228 -188
-108 228 -187
-108 228 -186
-108 228 -185
-108 228 -184
-108 228 -183
-108 228 -182
-108 228 -181
-108 228 -180
-108 228 -179
-108 228 -178
-108 228 -177
-108 229 -192
-108 229 -191
-108 229 -190
-108 229 -189
-108 229 -188
-108 229 -187
-108 229 -186
-108 229 -185
-108 229 -184
-108 229 -183
-108 229 -182
-108 229 -181
-108 229 -180
-108 229 -179
-108 229 -178
-108 229 -177
-108 230 -192
-108 230 -191
-108 230 -190
-108 230 -189
-108 230 -188
-108 230 -187
-108 230 -186
-108 230 -185
-108 230 -184
-108 230 -183
-108 230 -182
-108 230 -181
-108 230 -180
-108 230 -179
-108 230 -178
-108 231 -192
-108 231 -191
-108 231 -190
-108 231 -189
-108 231 -188
-108 231 -187
-108 231 -186
-108 231 -185
-108 231 -184
-108 231 -183
-108 231 -182
-108 231 -181
-108 231 -180
-108 231 -178
-108 231 -177
-108 232 -192
-108 232 -191
-108 232 -190
-108 232 -189
-108 232 -188
-108 232 -187
-108 232 -186
-108 232 -185
-108 232 -184
-108 232 -183
-108 232 -182
-108 232 -181
-108 232 -180
-108 232 -179
-108 232 -178
-108 232 -177
-108 233 -192
-108 233 -191
-108 233 -190
-108 233 -189
-108 233 -188
-108 233 -187
-108 233 -186
-108 233 -185
-108 233 -184
-108 233 -183
-108 233 -182
-108 233 -181
-108 233 -180
-108 233 -179
-108 233 -178
-108 233 -177
-108 234 -192
-108 234 -191
-108 234 -190
-108 234 -189
-108 234 -188
-108 234 -187
-108 234 -186
-108 234 -185
-108 234 -184
-108 234 -183
-108 234 -182
-108 234 -181
-108 234 -180
-108 234 -178
-108 234 -177
-108 235 -192
-108 235 -191
-108 235 -190
-108 235 -189
-108 235 -188
-108 235 -187
-108 235 -186
-108 235 -185
-108 235 -184
-108 235 -183
-108 235 -182
-108 235 -181
-108 235 -180
-108 235 -179
-108 235 -178
-108 235 -177
-108 236 -192
-108 236 -191
-108 236 -190
-108 236 -189
-108 236 -188
-108 236 -187
-108 236 -186
-108 236 -185
-108 236 -184
-108 236 -183
-108 236 -182
-108 236 -179
-108 236 -178
-108 236 -177
-108 237 -192
-108 237 -191
-108 237 -190
-108 237 -189
-108 237 -188
-108 237 -187
-108 237 -186
-108 237 -185
-108 237 -184
-108 237 -181
-108 237 -180
-108 237 -179
-108 237 -178
-108 237 -177
-108 238 -192
-108 238 -191
-108 238 -190
-108 238 -189
-108 238 -188
-108 238 -187
-108 238 -186
-108 238 -185
-108 238 -184
-108 238 -183
-108 238 -182
-108 238 -181
-108 238 -180
-108 238 -179
-108 238 -178
-108 238 -177
-108 239 -192
-108 239 -191
-108 239 -190
-108 239 -189
-108 239 -188
-108 239 -187
-108 239 -186
-108 239 -185
-108 239 -184
-108 239 -183
-108 239 -180
-108 239 -179
-108 239 -178
-108 239 -177
-108 240 -192
-108 240 -191
-108 240 -190
-108 240 -189
-108 240 -188
-108 240 -187
-108 240 -186
-108 240 -185
-108 240 -184
-108 240 -183
-108 240 -182
-108 240 -181
-108 240 -180
-108 240 -179
-108 240 -178
-108 240 -177
-108 241 -192
-108 241 -191
-108 241 -190
-108 241 -189
-108 241 -188
-108 241 -187
-108 241 -186
-108 241 -185
-108 241 -184
-108 241 -183
-108 241 -182
-108 241 -181
-108 241 -180
-108 241 -179
-108 241 -178
-108 241 -177
-108 242 -192
-108 242 -191
-108 242 -190
-108 242 -189
-108 242 -188
-108 242 -187
-108 242 -186
-108 242 -185
-108 242 -184
-108 242 -183
-108 242 -182
-108 242 -181
-108 242 -180
-108 242 -179
-108 242 -178
-108 242 -177
-108 243 -192
-108 243 -191
-108 243 -190
-108 243 -189
-108 243 -188
-108 243 -187
-108 243 -186
-108 243 -185
-108 243 -184
-108 243 -182
-108 243 -181
-108 243 -180
-108 243 -179
-108 243 -178
-108 243 -177
-108 244 -192
-108 244 -190
-108 244 -189
-108 244 -188
-108 244 -187
-108 244 -186
-108 244 -185
-108 244 -184
-108 244 -183
-108 244 -182
-108 244 -181
-108 244 -179
-108 244 -178
-108 244 -177
-108 245 -190
-108 245 -189
-108 245 -186
-108 245 -184
-108 245 -183
-108 245 -179
-108 246 -190
-108 246 -189
-108 247 -189
-107 225 -192
-107 225 -191
-107 225 -190
-107 225 -189
-107 225 -188
-107 225 -187
-107 225 -186
-107 225 -185
-107 225 -184
-107 225 -183
-107 225 -182
-107 225 -181
-107 225 -180
-107 225 -179
-107 225 -178
-107 225 -177
-107 226 -192
-107 226 -191
-107 226 -190
-107 226 -189
-107 226 -188
-107 226 -187
-107 226 -186
-107 226 -185
-107 226 -184
-107 226 -183
-107 226 -182
-107 226 -181
-107 226 -180
-107 226 -179
-107 226 -178
-107 226 -177
-107 227 -192
-107 227 -191
-107 227 -190
-107 227 -189
-107 227 -188
-107 227 -187
-107 227 -186
-107 227 -185
-107 227 -184
-107 227 -183
-107 227 -182
-107 227 -181
-107 227 -180
-107 227 -179
-107 227 -178
-107 227 -177
-107 228 -192
-107 228 -191
-107 228 -190
-107 228 -189
-107 228 -188
-107 228 -187
-107 228 -186
-107 228 -185
-107 228 -184
-107 228 -183
-107 228 -182
-107 228 -181
-107 228 -180
-107 228 -179
-107 228 -178
-107 228 -177
-107 229 -192
-107 229 -191
-107 229 -190
-107 229 -189
-107 229 -188
-107 229 -187
-107 229 -186
-107 229 -185
-107 229 -184
-107 229 -183
-107 229 -182
-107 229 -181
-107 229 -180
-107 229 -179
-107 229 -178
-107 229 -177
-107 230 -192
-107 230 -191
-107 230 -190
-107 230 -189
-107 230 -188
-107 230 -187
-107 230 -186
-107 230 -185
-107 230 -184
-107 230 -183
-107 230 -182
-107 230 -181
-107 230 -180
-107 230 -179
-107 230 -178
-107 230 -177
-107 231 -192
-107 231 -191
-107 231 -190
-107 231 -189
-107 231 -188
-107 231 -187
-107 231 -186
-107 231 -185
-107 231 -184
-107 231 -183
-107 231 -182
-107 231 -181
-107 231 -180
-107 231 -179
-107 231 -178
-107 231 -177
-107 232 -192
-107 232 -191
-107 232 -190
-107 232 -189
-107 232 -188
-107 232 -187
-107 232 -186
-107 232 -185
-107 232 -184
-107 232 -183
-107 232 -182
-107 232 -181
-107 232 -180
-107 232 -179
-107 232 -178
-107 232 -177
-107 233 -192
-107 233 -191
-107 233 -190
-107 233 -189
-107 233 -188
-107 233 -187
-107 233 -186
-107 233 -185
-107 233 -184
-107 233 -183
-107 233 -182
-107 233 -181
-107 233 -180
-107 233 -179
-107 233 -178
-107 233 -177
-107 234 -192
-107 234 -191
-107 234 -190
-107 234 -189
-107 234 -188
-107 234 -187
-107 234 -186
-107 234 -185
-107 234 -184
-107 234 -183
-107 234 -182
-107 234 -180
-107 234 -179
-107 234 -178
-107 234 -177
-107 235 -192
-107 235 -191
-107 235 -190
-107 235 -189
-107 235 -188
-107 235 -187
-107 235 -186
-107 235 -185
-107 235 -184
-107 235 -183
-107 235 -182
-107 235 -181
-107 235 -180
-107 235 -179
-107 235 -178
-107 235 -177
-107 236 -192
-107 236 -191
-107 236 -190
-107 236 -189
-107 236 -188
-107 236 -187
-107 236 -186
-107 236 -185
-107 236 -184
-107 236 -181
-107 236 -180
-107 236 -179
-107 236 -178
-107 236 -177
-107 237 -192
-107 237 -191
-107 237 -190
-107 237 -189
-107 237 -188
-107 237 -187
-107 237 -186
-107 237 -185
-107 237 -184
-107 237 -183
-107 237 -182
-107 237 -180
-107 237 -179
-107 237 -178
-107 237 -177
-107 238 -192
-107 238 -191
-107 238 -190
-107 238 -189
-107 238 -188
-107 238 -187
-107 238 -186
-107 238 -185
-107 238 -184
-107 238 -183
-107 238 -181
-107 238 -180
-107 238 -179
-107 238 -178
-107 238 -177
-107 239 -192
-107 239 -191
-107 239 -190
-107 239 -189
-107 239 -188
-107 239 -187
-107 239 -186
-107 239 -185
-107 239 -184
-107 239 -182
-107 239 -181
-107 239 -180
-107 239 -179
-107 239 -178
-107 239 -177
-107 240 -192
-107 240 -191
-107 240 -190
-107 240 -189
-107 240 -188
-107 240 -187
-107 240 -186
-107 240 -185
-107 240 -184
-107 240 -183
-107 240 -182
-107 240 -181
-107 240 -180
-107 240 -179
-107 240 -178
-107 240 -177
-107 241 -192
-107 241 -191
-107 241 -190
-107 241 -189
-107 241 -188
-107 241 -187
-107 241 -186
-107 241 -185
-107 241 -184
-107 241 -183
-107 241 -182
-107 241 -181
-107 241 -180
-107 241 -179
-107 241 -178
-107 241 -177
-107 242 -192
-107 242 -191
-107 242 -190
-107 242 -189
-107 242 -188
-107 242 -187
-107 242 -186
-107 242 -185
-107 242 -184
-107 242 -183
-107 242 -182
-107 242 -181
-107 242 -180
-107 242 -179
-107 242 -178
-107 242 -177
-107 243 -192
-107 243 -191
-107 243 -190
-107 243 -189
-107 243 -188
-107 243 -187
-107 243 -186
-107 243 -185
-107 243 -184
-107 243 -183
-107 243 -182
-107 243 -181
-107 243 -180
-107 243 -179
-107 243 -178
-107 243 -177
-107 244 -192
-107 244 -190
-107 244 -189
-107 244 -188
-107 244 -187
-107 244 -186
-107 244 -185
-107 244 -184
-107 244 -183
-107 244 -182
-107 244 -180
-107 244 -179
-107 244 -178
-107 244 -177
-107 245 -189
-107 245 -188
-107 245 -186
-107 245 -185
-107 245 -184
-107 245 -183
-107 245 -182
-107 246 -190
-107 246 -189
-107 246 -186
-107 246 -184
-107 246 -183
-107 246 -182
-107 247 -189
-107 247 -184
-106 225 -192
-106 225 -191
-106 225 -190
-106 225 -189
-106 225 -188
-106 225 -187
-106 225 -186
-106 225 -185
-106 225 -184
-106 225 -183
-106 225 -182
-106 225 -181
-106 225 -180
-106 225 -179
-106 225 -178
-106 225 -177
-106 226 -192
-106 226 -191
-106 226 -190
-106 226 -189
-106 226 -188
-106 226 -187
-106 226 -186
-106 226 -185
-106 226 -184
-106 226 -183
-106 226 -182
-106 226 -181
-106 226 -180
-106 226 -179
-106 226 -178
-106 226 -177
-106 227 -192
-106 227 -191
-106 227 -190
-106 227 -189
-106 227 -188
-106 227 -187
-106 227 -186
-106 227 -185
-106 227 -184
-106 227 -183
-106 227 -182
-106 227 -181
-106 227 -180
-106 227 -179
-106 227 -178
-106 227 -177
-106 228 -192
-106 228 -191
-106 228 -190
-106 228 -189
-106 228 -188
-106 228 -187
-106 228 -186
-106 228 -185
-106 228 -184
-106 228 -183
-106 228 -182
-106 228 -181
-106 228 -180
-106 228 -179
-106 228 -178
-106 228 -177
-106 229 -192
-106 229 -191
-106 229 -190
-106 229 -189
-106 229 -188
-106 229 -187
-106 229 -186
-106 229 -185
-106 229 -184
-106 229 -183
-106 229 -182
-106 229 -181
-106 229 -180
-106 229 -179
-106 229 -178
-106 229 -177
-106 230 -192
-106 230 -191
-106 230 -190
-106 230 -189
-106 230 -188
-106 230 -187
-106 230 -186
-106 230 -185
-106 230 -184
-106 230 -183
-106 230 -182
-106 230 -181
-106 230 -180
-106 230 -179
-106 230 -178
-106 230 -177
-106 231 -192
-106 231 -191
-106 231 -190
-106 231 -189
-106 231 -188
-106 231 -187
-106 231 -186
-106 231 -185
-106 231 -184
-106 231 -183
-106 231 -182
-106 231 -181
-106 231 -180
-106 231 -179
-106 231 -178
-106 231 -177
-106 232 -192
-106 232 -191
-106 232 -190
-106 232 -189
-106 232 -188
-106 232 -187
-106 232 -186
-106 232 -185
-106 232 -184
-106 232 -183
-106 232 -182
-106 232 -181
-106 232 -180
-106 232 -179
-106 232 -178
-106 232 -177
-106 233 -192
-106 233 -191
-106 233 -190
-106 233 -189
-106 233 -188
-106 233 -187
-106 233 -186
-106 233 -185
-106 233 -184
-106 233 -183
-106 233 -182
-106 233 -181
-106 233 -180
-106 233 -179
-106 233 -178
-106 233 -177
-106 234 -192
-106 234 -191
-106 234 -190
-106 234 -189
-106 234 -188
-106 234 -186
-106 234 -185
-106 234 -184
-106 234 -183
-106 234 -182
-106 234 -181
-106 234 -180
-106 234 -179
-106 234 -178
-106 234 -177
-106 235 -192
-106 235 -191
-106 235 -190
-106 235 -188
-106 235 -187
-106 235 -186
-106 235 -185
-106 235 -184
-106 235 -181
-106 235 -180
-106 235 -179
-106 235 -178
-106 235 -177
-106 236 -192
-106 236 -191
-106 236 -190
-106 236 -189
-106 236 -188
-106 236 -187
-106 236 -186
-106 236 -185
-106 236 -182
-106 236 -181
-106 236 -180
-106 236 -179
-106 236 -178
-106 236 -177
-106 237 -192
-106 237 -191
-106 237 -190
-106 237 -189
-106 237 -188
-106 237 -187
-106 237 -186
-106 237 -185
-106 237 -184
-106 237 -183
-106 237 -181
-106 237 -180
-106 237 -179
-106 237 -178
-106 237 -177
-106 238 -192
-106 238 -191
-106 238 -190
-106 238 -189
-106 238 -188
-106 238 -187
-106 238 -186
-106 238 -185
-106 238 -184
-106 238 -183
-106 238 -182
-106 238 -181
-106 238 -180
-106 238 -179
-106 238 -178
-106 238 -177
-106 239 -192
-106 239 -191
-106 239 -190
-106 239 -189
-106 239 -188
-106 239 -187
-106 239 -186
-106 239 -185
-106 239 -184
-106 239 -183
-106 239 -182
-106 239 -181
-106 239 -180
-106 239 -179
-106 239 -178
-106 239 -177
-106 240 -192
-106 240 -191
-106 240 -190
-106 240 -189
-106 240 -188
-106 240 -187
-106 240 -186
-106 240 -185
-106 240 -184
-106 240 -183
-106 240 -182
-106 240 -181
-106 240 -180
-106 240 -179
-106 240 -178
-106 240 -177
-106 241 -192
-106 241 -191
-106 241 -190
-106 241 -189
-106 241 -188
-106 241 -187
-106 241 -186
-106 241 -185
-106 241 -184
-106 241 -183
-106 241 -182
-106 241 -181
-106 241 -180
-106 241 -179
-106 241 -178
-106 241 -177
-106 242 -192
-106 242 -191
-106 242 -190
-106 242 -189
-106 242 -188
-106 242 -187
-106 242 -186
-106 242 -185
-106 242 -184
-106 242 -183
-106 242 -182
-106 242 -181
-106 242 -180
-106 242 -179
-106 242 -178
-106 242 -177
-106 243 -192
-106 243 -190
-106 243 -189
-106 243 -188
-106 243 -187
-106 243 -186
-106 243 -185
-106 243 -184
-106 243 -183
-106 243 -182
-106 243 -181
-106 243 -180
-106 243 -179
-106 243 -178
-106 243 -177
-106 244 -192
-106 244 -190
-106 244 -188
-106 244 -187
-106 244 -186
-106 244 -185
-106 244 -183
-106 244 -182
-106 244 -181
-106 244 -179
-106 245 -190
-106 245 -189
-106 245 -188
-106 245 -187
-106 245 -186
-106 245 -184
-106 245 -182
-106 245 -177
-106 246 -187
-106 246 -186
-106 246 -184
-106 246 -183
-106 246 -182
-106 247 -186
-106 247 -185
-106 247 -184
-106 248 -185
-105 225 -192
-105 225 -191
-105 225 -190
-105 225 -189
-105 225 -188
-105 225 -187
-105 225 -186
-105 225 -185
-105 225 -184
-105 225 -183
-105 225 -182
-105 225 -181
-105 225 -180
-105 225 -179
-105 225 -178
-105 225 -177
-105 226 -192
-105 226 -191
-105 226 -190
-105 226 -189
-105 226 -188
-105 226 -187
-105 226 -186
-105 226 -185
-105 226 -184
-105 226 -183
-105 226 -182
-105 226 -181
-105 226 -180
-105 226 -179
-105 226 -178
-105 226 -177
-105 227 -192
-105 227 -191
-105 227 -190
-105 227 -189
-105 227 -188
-105 227 -187
-105 227 -186
-105 227 -185
-105 227 -184
-105 227 -183
-105 227 -182
-105 227 -181
-105 227 -180
-105 227 -179
-105 227 -178
-105 227 -177
-105 228 -192
-105 228 -191
-105 228 -190
-105 228 -189
-105 228 -187
-105 228 -186
-105 228 -185
-105 228 -184
-105 228 -183
-105 228 -182
-105 228 -181
-105 228 -180
-105 228 -179
-105 228 -178
-105 228 -177
-105 229 -192
-105 229 -191
-105 229 -190
-105 229 -189
-105 229 -188
-105 229 -187
-105 229 -186
-105 229 -185
-105 229 -184
-105 229 -183
-105 229 -182
-105 229 -181
-105 229 -180
-105 229 -179
-105 229 -178
-105 229 -177
-105 230 -192
-105 230 -191
-105 230 -190
-105 230 -189
-105 230 -188
-105 230 -187
-105 230 -186
-105 230 -185
-105 230 -184
-105 230 -183
-105 230 -182
-105 230 -181
-105 230 -180
-105 230 -179
-105 230 -178
-105 230 -177
-105 231 -192
-105 231 -191
-105 231 -190
-105 231 -189
-105 231 -188
-105 231 -187
-105 231 -186
-105 231 -185
-105 231 -184
-105 231 -183
-105 231 -182
-105 231 -181
-105 231 -180
-105 231 -179
-105 231 -178
-105 231 -177
-105 232 -192
-105 232 -191
-105 232 -190
-105 232 -189
-105 232 -188
-105 232 -187
-105 232 -186
-105 232 -185
-105 232 -184
-105 232 -183
-105 232 -182
-105 232 -181
-105 232 -180
-105 232 -179
-105 232 -178
-105 232 -177
-105 233 -192
-105 233 -191
-105 233 -190
-105 233 -189
-105 233 -188
-105 233 -187
-105 233 -186
-105 233 -184
-105 233 -183
-105 233 -182
-105 233 -181
-105 233 -180
-105 233 -179
-105 233 -178
-105 233 -177
-105 234 -192
-105 234 -191
-105 234 -190
-105 234 -189
-105 234 -188
-105 234 -187
-105 234 -186
-105 234 -185
-105 234 -184
-105 234 -183
-105 234 -182
-105 234 -181
-105 234 -180
-105 234 -179
-105 234 -178
-105 234 -177
-105 235 -192
-105 235 -191
-105 235 -190
-105 235 -189
-105 235 -188
-105 235 -187
-105 235 -186
-105 235 -185
-105 235 -184
-105 235 -183
-105 235 -182
-105 235 -181
-105 235 -180
-105 235 -179
-105 235 -178
-105 235 -177
-105 236 -192
-105 236 -191
-105 236 -190
-105 236 -188
-105 236 -187
-105 236 -186
-105 236 -185
-105 236 -184
-105 236 -183
-105 236 -182
-105 236 -181
-105 236 -180
-105 236 -179
-105 236 -178
-105 236 -177
-105 237 -192
-105 237 -191
-105 237 -190
-105 237 -189
-105 237 -188
-105 237 -187
-105 237 -186
-105 237 -185
-105 237 -184
-105 237 -183
-105 237 -182
-105 237 -181
-105 237 -180
-105 237 -179
-105 237 -178
-105 237 -177
-105 238 -192
-105 238 -191
-105 238 -190
-105 238 -189
-105 238 -188
-105 238 -187
-105 238 -186
-105 238 -185
-105 238 -184
-105 238 -183
-105 238 -181
-105 238 -180
-105 238 -179
-105 238 -178
-105 238 -177
-105 239 -192
-105 239 -191
-105 239 -190
-105 239 -189
-105 239 -188
-105 239 -187
-105 239 -186
-105 239 -185
-105 239 -184
-105 239 -183
-105 239 -182
-105 239 -181
-105 239 -180
-105 239 -179
-105 239 -178
-105 239 -177
-105 240 -192
-105 240 -191
-105 240 -190
-105 240 -189
-105 240 -188
-105 240 -187
-105 240 -186
-105 240 -185
-105 240 -184
-105 240 -183
-105 240 -182
-105 240 -181
-105 240 -180
-105 240 -179
-105 240 -178
-105 240 -177
-105 241 -192
-105 241 -191
-105 241 -190
-105 241 -189
-105 241 -188
-105 241 -187
-105 241 -186
-105 241 -185
-105 241 -184
-105 241 -183
-105 241 -182
-105 241 -181
-105 241 -180
-105 241 -179
-105 241 -178
-105 241 -177
-105 242 -192
-105 242 -191
-105 242 -190
-105 242 -189
-105 242 -188
-105 242 -187
-105 242 -186
-105 242 -185
-105 242 -184
-105 242 -183
-105 242 -182
-105 242 -181
-105 242 -180
-105 242 -179
-105 242 -178
-105 242 -177
-105 243 -192
-105 243 -191
-105 243 -190
-105 243 -189
-105 243 -188
-105 243 -187
-105 243 -186
-105 243 -185
-105 243 -184
-105 243 -183
-105 243 -182
-105 243 -181
-105 243 -180
-105 243 -179
-105 243 -178
-105 243 -177
-105 244 -190
-105 244 -189
-105 244 -188
-105 244 -187
-105 244 -186
-105 244 -185
-105 244 -184
-105 244 -183
-105 244 -182
-105 244 -180
-105 244 -179
-105 244 -178
-105 245 -189
-105 245 -188
-105 245 -187
-105 245 -186
-105 245 -185
-105 245 -184
-105 245 -183
-105 245 -182
-105 245 -181
-105 245 -180
-105 245 -177
-105 246 -187
-105 246 -186
-105 246 -185
-105 246 -184
-105 246 -183
-105 246 -182
-105 246 -181
-105 247 -186
-105 247 -185
-105 247 -184
-105 247 -183
-105 247 -182
-105 248 -186
-105 249 -184
-104 225 -192
-104 225 -191
-104 225 -190
-104 225 -189
-104 225 -188
-104 225 -187
-104 225 -186
-104 225 -185
-104 225 -184
-104 225 -183
-104 225 -182
-104 225 -181
-104 225 -180
-104 225 -179
-104 225 -178
-104 225 -177
-104 226 -192
-104 226 -191
-104 226 -190
-104 226 -189
-104 226 -188
-104 226 -187
-104 226 -186
-104 226 -185
-104 226 -184
-104 226 -183
-104 226 -182
-104 226 -181
-104 226 -180
-104 226 -179
-104 226 -178
-104 226 -177
-104 227 -192
-104 227 -191
-104 227 -190
-104 227 -189
-104 227 -188
-104 227 -187
-104 227 -186
-104 227 -185
-104 227 -184
-104 227 -183
-104 227 -182
-104 227 -181
-104 227 -180
-104 227 -179
-104 227 -178
-104 227 -177
-104 228 -192
-104 228 -191
-104 228 -190
-104 228 -189
-104 228 -188
-104 228 -187
-104 228 -186
-104 228 -185
-104 228 -184
-104 228 -183
-104 228 -182
-104 228 -181
-104 228 -180
-104 228 -179
-104 228 -178
-104 228 -177
-104 229 -192
-104 229 -191
-104 229 -190
-104 229 -189
-104 229 -188
-104 229 -187
-104 229 -186
-104 229 -185
-104 229 -184
-104 229 -183
-104 229 -182
-104 229 -181
-104 229 -180
-104 229 -179
-104 229 -178
-104 229 -177
-104 230 -192
-104 230 -191
-104 230 -190
-104 230 -189
-104 230 -188
-104 230 -187
-104 230 -186
-104 230 -185
-104 230 -184
-104 230 -183
-104 230 -182
-104 230 -181
-104 230 -180
-104 230 -179
-104 230 -178
-104 230 -177
-104 231 -192
-104 231 -191
-104 231 -190
-104 231 -189
-104 231 -188
-104 231 -187
-104 231 -186
-104 231 -185
-104 231 -184
-104 231 -183
-104 231 -182
-104 231 -181
-104 231 -180
-104 231 -179
-104 231 -178
-104 231 -177
-104 232 -192
-104 232 -191
-104 232 -190
-104 232 -189
-104 232 -188
-104 232 -187
-104 232 -186
-104 232 -185
-104 232 -184
-104 232 -183
-104 232 -182
-104 232 -181
-104 232 -180
-104 232 -179
-104 232 -178
-104 232 -177
-104 233 -192
-104 233 -191
-104 233 -190
-104 233 -189
-104 233 -188
-104 233 -187
-104 233 -186
-104 233 -185
-104 233 -184
-104 233 -183
-104 233 -182
-104 233 -181
-104 233 -180
-104 233 -179
-104 233 -178
-104 233 -177
-104 234 -192
-104 234 -189
-104 234 -188
-104 234 -187
-104 234 -186
-104 234 -185
-104 234 -184
-104 234 -183
-104 234 -182
-104 234 -181
-104 234 -180
-104 234 -179
-104 234 -178
-104 234 -177
-104 235 -192
-104 235 -191
-104 235 -190
-104 235 -188
-104 235 -187
-104 235 -186
-104 235 -185
-104 235 -184
-104 235 -183
-104 235 -182
-104 235 -181
-104 235 -180
-104 235 -179
-104 235 -178
-104 235 -177
-104 236 -192
-104 236 -191
-104 236 -190
-104 236 -189
-104 236 -188
-104 236 -187
-104 236 -186
-104 236 -185
-104 236 -184
-104 236 -183
-104 236 -182
-104 236 -181
-104 236 -180
-104 236 -179
-104 236 -178
-104 236 -177
-104 237 -192
-104 237 -191
-104 237 -190
-104 237 -189
-104 237 -188
-104 237 -187
-104 237 -186
-104 237 -185
-104 237 -184
-104 237 -183
-104 237 -182
-104 237 -181
-104 237 -180
-104 237 -179
-104 237 -178
-104 237 -177
-104 238 -192
-104 238 -191
-104 238 -190
-104 238 -189
-104 238 -188
-104 238 -187
-104 238 -186
-104 238 -185
-104 238 -184
-104 238 -183
-104 238 -182
-104 238 -181
-104 238 -180
-104 238 -179
-104 238 -178
-104 238 -177
-104 239 -192
-104 239 -191
-104 239 -190
-104 239 -189
-104 239 -188
-104 239 -187
-104 239 -186
-104 239 -185
-104 239 -184
-104 239 -183
-104 239 -182
-104 239 -181
-104 239 -180
-104 239 -179
-104 239 -178
-104 239 -177
-104 240 -192
-104 240 -191
-104 240 -190
-104 240 -189
-104 240 -188
-104 240 -187
-104 240 -186
-104 240 -185
-104 240 -184
-104 240 -183
-104 240 -182
-104 240 -181
-104 240 -180
-104 240 -179
-104 240 -178
-104 240 -177
-104 241 -192
-104 241 -191
-104 241 -190
-104 241 -189
-104 241 -188
-104 241 -187
-104 241 -186
-104 241 -185
-104 241 -184
-104 241 -183
-104 241 -182
-104 241 -181
-104 241 -180
-104 241 -179
-104 241 -178
-104 241 -177
-104 242 -192
-104 242 -191
-104 242 -190
-104 242 -189
-104 242 -188
-104 242 -187
-104 242 -186
-104 242 -185
-104 242 -184
-104 242 -183
-104 242 -182
-104 242 -181
-104 242 -180
-104 242 -179
-104 242 -178
-104 242 -177
-104 243 -192
-104 243 -191
-104 243 -190
-104 243 -189
-104 243 -188
-104 243 -187
-104 243 -186
-104 243 -185
-104 243 -184
-104 243 -183
-104 243 -182
-104 243 -181
-104 243 -180
-104 243 -179
-104 243 -178
-104 244 -192
-104 244 -188
-104 244 -187
-104 244 -186
-104 244 -185
-104 244 -184
-104 244 -183
-104 244 -182
-104 244 -181
-104 244 -180
-104 244 -179
-104 245 -192
-104 245 -187
-104 245 -185
-104 245 -184
-104 245 -183
-104 245 -182
-104 245 -180
-104 245 -179
-104 246 -188
-104 246 -187
-104 246 -186
-104 246 -185
-104 246 -184
-104 246 -183
-104 246 -182
-104 246 -180
-104 247 -186
-104 247 -185
-104 247 -184
-104 247 -183
-104 247 -182
-104 248 -186
-104 248 -185
-104 248 -184
-104 248 -183
-104 248 -182
-104 249 -184
-103 225 -192
-103 225 -191
-103 225 -190
-103 225 -189
-103 225 -188
-103 225 -187
-103 225 -186
-103 225 -185
-103 225 -184
-103 225 -183
-103 225 -182
-103 225 -181
-103 225 -180
-103 225 -179
-103 225 -178
-103 225 -177
-103 226 -192
-103 226 -191
-103 226 -190
-103 226 -189
-103 226 -188
-103 226 -187
-103 226 -186
-103 226 -185
-103 226 -184
-103 226 -183
-103 226 -182
-103 226 -181
-103 226 -180
-103 226 -179
-103 226 -178
-103 226 -177
-103 227 -192
-103 227 -191
-103 227 -190
-103 227 -189
-103 227 -188
-103 227 -187
-103 227 -186
-103 227 -185
-103 227 -184
-103 227 -183
-103 227 -182
-103 227 -181
-103 227 -180
-103 227 -179
-103 227 -178
-103 227 -177
-103 228 -192
-103 228 -191
-103 228 -190
-103 228 -189
-103 228 -188
-103 228 -187
-103 228 -186
-103 228 -185
-103 228 -184
-103 228 -183
-103 228 -182
-103 228 -181
-103 228 -180
-103 228 -179
-103 228 -178
-103 228 -177
-103 229 -192
-103 229 -191
-103 229 -190
-103 229 -189
-103 229 -188
-103 229 -187
-103 229 -186
-103 229 -185
-103 229 -184
-103 229 -183
-103 229 -182
-103 229 -181
-103 229 -180
-103 229 -179
-103 229 -178
-103 229 -177
-103 230 -192
-103 230 -191
-103 230 -190
-103 230 -189
-103 230 -188
-103 230 -187
-103 230 -186
-103 230 -185
-103 230 -184
-103 230 -183
-103 230 -182
-103 230 -181
-103 230 -180
-103 230 -179
-103 230 -178
-103 230 -177
-103 231 -192
-103 231 -191
-103 231 -190
-103 231 -189
-103 231 -188
-103 231 -187
-103 231 -186
-103 231 -185
-103 231 -184
-103 231 -183
-103 231 -182
-103 231 -181
-103 231 -180
-103 231 -179
-103 231 -178
-103 231 -177
-103 232 -192
-103 232 -191
-103 232 -190
-103 232 -189
-103 232 -188
-103 232 -187
-103 232 -186
-103 232 -185
-103 232 -184
-103 232 -183
-103 232 -182
-103 232 -181
-103 232 -180
-103 232 -179
-103 232 -178
-103 232 -177
-103 233 -192
-103 233 -191
-103 233 -190
-103 233 -189
-103 233 -188
-103 233 -187
-103 233 -186
-103 233 -185
-103 233 -184
-103 233 -183
-103 233 -182
-103 233 -181
-103 233 -180
-103 233 -179
-103 233 -178
-103 233 -177
-103 234 -192
-103 234 -191
-103 234 -190
-103 234 -189
-103 234 -188
-103 234 -187
-103 234 -186
-103 234 -185
-103 234 -184
-103 234 -183
-103 234 -182
-103 234 -181
-103 234 -180
-103 234 -179
-103 234 -178
-103 234 -177
-103 235 -192
-103 235 -191
-103 235 -190
-103 235 -189
-103 235 -188
-103 235 -187
-103 235 -186
-103 235 -185
-103 235 -184
-103 235 -183
-103 235 -182
-103 235 -181
-103 235 -180
-103 235 -179
-103 235 -178
-103 235 -177
-103 236 -191
-103 236 -190
-103 236 -189
-103 236 -188
-103 236 -187
-103 236 -186
-103 236 -185
-103 236 -184
-103 236 -183
-103 236 -182
-103 236 -181
-103 236 -180
-103 236 -179
-103 236 -178
-103 236 -177
-103 237 -192
-103 237 -191
-103 237 -190
-103 237 -189
-103 237 -188
-103 237 -187
-103 237 -186
-103 237 -185
-103 237 -184
-103 237 -183
-103 237 -182
-103 237 -181
-103 237 -180
-103 237 -179
-103 237 -178
-103 237 -177
-103 238 -192
-103 238 -191
-103 238 -190
-103 238 -189
-103 238 -188
-103 238 -187
-103 238 -186
-103 238 -185
-103 238 -184
-103 238 -183
-103 238 -182
-103 238 -181
-103 238 -180
-103 238 -179
-103 238 -178
-103 238 -177
-103 239 -192
-103 239 -191
-103 239 -190
-103 239 -189
-103 239 -188
-103 239 -187
-103 239 -186
-103 239 -185
-103 239 -184
-103 239 -183
-103 239 -182
-103 239 -181
-103 239 -180
-103 239 -179
-103 239 -178
-103 239 -177
-103 240 -192
-103 240 -191
-103 240 -190
-103 240 -189
-103 240 -188
-103 240 -187
-103 240 -186
-103 240 -185
-103 240 -184
-103 240 -183
-103 240 -182
-103 240 -181
-103 240 -180
-103 240 -179
-103 240 -178
-103 240 -177
-103 241 -192
-103 241 -191
-103 241 -190
-103 241 -189
-103 241 -188
-103 241 -187
-103 241 -186
-103 241 -185
-103 241 -184
-103 241 -183
-103 241 -182
-103 241 -181
-103 241 -180
-103 241 -179
-103 241 -178
-103 241 -177
-103 242 -192
-103 242 -191
-103 242 -190
-103 242 -189
-103 242 -188
-103 242 -187
-103 242 -186
-103 242 -185
-103 242 -184
-103 242 -183
-103 242 -182
-103 242 -181
-103 242 -180
-103 242 -179
-103 242 -178
-103 242 -177
-103 243 -192
-103 243 -191
-103 243 -190
-103 243 -189
-103 243 -188
-103 243 -187
-103 243 -186
-103 243 -185
-103 243 -184
-103 243 -183
-103 243 -182
-103 243 -181
-103 243 -178
-103 243 -177
-103 244 -192
-103 244 -190
-103 244 -187
-103 244 -186
-103 244 -185
-103 244 -183
-103 244 -182
-103 244 -181
-103 244 -180
-103 244 -178
-103 244 -177
-103 245 -187
-103 245 -186
-103 245 -185
-103 245 -184
-103 245 -183
-103 245 -182
-103 245 -181
-103 245 -180
-103 245 -178
-103 245 -177
-103 246 -186
-103 246 -185
-103 246 -184
-103 246 -183
-103 246 -182
-103 247 -186
-103 247 -185
-103 247 -184
-103 247 -183
-103 248 -186
-103 248 -185
-103 248 -184
-103 248 -183
-103 249 -184
-102 225 -192
-102 225 -191
-102 225 -190
-102 225 -189
-102 225 -188
-102 225 -187
-102 225 -186
-102 225 -185
-102 225 -184
-102 225 -182
-102 225 -181
-102 225 -180
-102 225 -179
-102 225 -178
-102 225 -177
-102 226 -192
-102 226 -190
-102 226 -189
-102 226 -187
-102 226 -186
-102 226 -185
-102 226 -184
-102 226 -183
-102 226 -182
-102 226 -181
-102 226 -180
-102 226 -179
-102 226 -178
-102 226 -177
-102 227 -192
-102 227 -191
-102 227 -190
-102 227 -189
-102 227 -187
-102 227 -186
-102 227 -185
-102 227 -184
-102 227 -183
-102 227 -182
-102 227 -181
-102 227 -180
-102 227 -179
-102 227 -178
-102 227 -177
-102 228 -192
-102 228 -191
-102 228 -190
-102 228 -189
-102 228 -188
-102 228 -187
-102 228 -186
-102 228 -185
-102 228 -184
-102 228 -183
-102 228 -182
-102 228 -181
-102 228 -180
-102 228 -179
-102 228 -178
-102 228 -177
-102 229 -192
-102 229 -191
-102 229 -190
-102 229 -189
-102 229 -188
-102 229 -187
-102 229 -186
-102 229 -185
-102 229 -184
-102 229 -183
-102 229 -182
-102 229 -181
-102 229 -180
-102 229 -179
-102 229 -178
-102 229 -177
-102 230 -192
-102 230 -191
-102 230 -190
-102 230 -189
-102 230 -188
-102 230 -187
-102 230 -186
-102 230 -185
-102 230 -184
-102 230 -183
-102 230 -182
-102 230 -181
-102 230 -180
-102 230 -179
-102 230 -178
-102 230 -177
-102 231 -192
-102 231 -191
-102 231 -190
-102 231 -189
-102 231 -188
-102 231 -187
-102 231 -186
-102 231 -185
-102 231 -184
-102 231 -183
-102 231 -182
-102 231 -181
-102 231 -180
-102 231 -179
-102 231 -178
-102 231 -177
-102 232 -192
-102 232 -191
-102 232 -190
-102 232 -189
-102 232 -188
-102 232 -187
-102 232 -186
-102 232 -185
-102 232 -184
-102 232 -183
-102 232 -182
-102 232 -181
-102 232 -180
-102 232 -179
-102 232 -178
-102 232 -177
-102 233 -192
-102 233 -191
-102 233 -190
-102 233 -189
-102 233 -188
-102 233 -187
-102 233 -186
-102 233 -185
-102 233 -184
-102 233 -183
-102 233 -182
-102 233 -181
-102 233 -180
-102 233 -179
-102 233 -178
-102 233 -177
-102 234 -192
-102 234 -191
-102 234 -190
-102 234 -189
-102 234 -188
-102 234 -187
-102 234 -186
-102 234 -185
-102 234 -184
-102 234 -183
-102 234 -182
-102 234 -181
-102 234 -180
-102 234 -179
-102 234 -178
-102 234 -177
-102 235 -192
-102 235 -191
-102 235 -190
-102 235 -189
-102 235 -188
-102 235 -187
-102 235 -186
-102 235 -185
-102 235 -184
-102 235 -183
-102 235 -182
-102 235 -181
-102 235 -180
-102 235 -179
-102 235 -178
-102 235 -177
-102 236 -192
-102 236 -191
-102 236 -190
-102 236 -189
-102 236 -188
-102 236 -187
-102 236 -186
-102 236 -185
-102 236 -184
-102 236 -183
-102 236 -182
-102 236 -181
-102 236 -180
-102 236 -179
-102 236 -177
-102 237 -192
-102 237 -191
-102 237 -190
-102 237 -189
-102 237 -188
-102 237 -187
-102 237 -186
-102 237 -185
-102 237 -184
-102 237 -183
-102 237 -181
-102 237 -180
-102 237 -179
-102 237 -178
-102 237 -177
-102 238 -192
-102 238 -191
-102 238 -190
-102 238 -189
-102 238 -188
-102 238 -187
-102 238 -186
-102 238 -185
-102 238 -184
-102 238 -183
-102 238 -182
-102 238 -181
-102 238 -180
-102 238 -179
-102 238 -178
-102 238 -177
-102 239 -192
-102 239 -191
-102 239 -190
-102 239 -189
-102 239 -188
-102 239 -187
-102 239 -186
-102 239 -185
-102 239 -184
-102 239 -183
-102 239 -182
-102 239 -181
-102 239 -180
-102 239 -179
-102 239 -178
-102 239 -177
-102 240 -192
-102 240 -191
-102 240 -190
-102 240 -189
-102 240 -188
-102 240 -187
-102 240 -186
-102 240 -185
-102 240 -184
-102 240 -183
-102 240 -182
-102 240 -181
-102 240 -180
-102 240 -179
-102 240 -178
-102 240 -177
-102 241 -192
-102 241 -191
-102 241 -190
-102 241 -189
-102 241 -188
-102 241 -187
-102 241 -186
-102 241 -185
-102 241 -184
-102 241 -183
-102 241 -182
-102 241 -181
-102 241 -180
-102 241 -179
-102 241 -178
-102 241 -177
-102 242 -192
-102 242 -191
-102 242 -190
-102 242 -189
-102 242 -188
-102 242 -187
-102 242 -186
-102 242 -185
-102 242 -184
-102 242 -183
-102 242 -182
-102 242 -181
-102 242 -180
-102 242 -179
-102 242 -178
-102 242 -177
-102 243 -192
-102 243 -191
-102 243 -190
-102 243 -189
-102 243 -188
-102 243 -187
-102 243 -186
-102 243 -185
-102 243 -184
-102 243 -183
-102 243 -182
-102 243 -181
-102 243 -180
-102 243 -179
-102 243 -178
-102 243 -177
-102 244 -192
-102 244 -190
-102 244 -187
-102 244 -186
-102 244 -185
-102 244 -184
-102 244 -183
-102 244 -180
-102 244 -179
-102 244 -178
-102 244 -177
-102 245 -192
-102 245 -186
-102 245 -185
-102 245 -184
-102 245 -183
-102 245 -182
-102 245 -181
-102 245 -180
-102 245 -178
-102 245 -177
-102 246 -192
-102 246 -191
-102 246 -190
-102 246 -186
-102 246 -185
-102 246 -184
-102 246 -183
-102 246 -180
-102 246 -178
-102 247 -191
-102 247 -185
-102 247 -184
-102 248 -185
-101 225 -192
-101 225 -191
-101 225 -190
-101 225 -189
-101 225 -188
-101 225 -187
-101 225 -186
-101 225 -185
-101 225 -184
-101 225 -183
-101 225 -182
-101 225 -181
-101 225 -180
-101 225 -179
-101 225 -178
-101 225 -177
-101 226 -192
-101 226 -191
-101 226 -190
-101 226 -189
-101 226 -188
-101 226 -186
-101 226 -185
-101 226 -184
-101 226 -183
-101 226 -182
-101 226 -181
-101 226 -180
-101 226 -179
-101 226 -178
-101 226 -177
-101 227 -192
-101 227 -191
-101 227 -190
-101 227 -189
-101 227 -188
-101 227 -187
-101 227 -186
-101 227 -185
-101 227 -184
-101 227 -183
-101 227 -182
-101 227 -181
-101 227 -180
-101 227 -179
-101 227 -178
-101 227 -177
-101 228 -192
-101 228 -191
-101 228 -189
-101 228 -188
-101 228 -187
-101 228 -186
-101 228 -185
-101 228 -184
-101 228 -183
-101 228 -182
-101 228 -181
-101 228 -180
-101 228 -179
-101 228 -178
-101 228 -177
-101 229 -192
-101 229 -191
-101 229 -190
-101 229 -189
-101 229 -188
-101 229 -187
-101 229 -186
-101 229 -185
-101 229 -184
-101 229 -183
-101 229 -182
-101 229 -181
-101 229 -180
-101 229 -178
-101 229 -177
-101 230 -192
-101 230 -191
-101 230 -190
-101 230 -189
-101 230 -188
-101 230 -187
-101 230 -186
-101 230 -185
-101 230 -184
-101 230 -183
-101 230 -182
-101 230 -181
-101 230 -180
-101 230 -179
-101 230 -178
-101 230 -177
-101 231 -192
-101 231 -191
-101 231 -190
-101 231 -189
-101 231 -188
-101 231 -187
-101 231 -186
-101 231 -185
-101 231 -184
-101 231 -183
-101 231 -182
-101 231 -181
-101 231 -180
-101 231 -179
-101 231 -178
-101 231 -177
-101 232 -192
-101 232 -191
-101 232 -190
-101 232 -189
-101 232 -188
-101 232 -187
-101 232 -186
-101 232 -185
-101 232 -184
-101 232 -183
-101 232 -182
-101 232 -181
-101 232 -180
-101 232 -179
-101 232 -178
-101 232 -177
-101 233 -192
-101 233 -191
-101 233 -190
-101 233 -189
-101 233 -188
-101 233 -187
-101 233 -186
-101 233 -185
-101 233 -184
-101 233 -183
-101 233 -182
-101 233 -181
-101 233 -180
-101 233 -179
-101 233 -178
-101 233 -177
-101 234 -192
-101 234 -191
-101 234 -190
-101 234 -189
-101 234 -188
-101 234 -187
-101 234 -186
-101 234 -185
-101 234 -184
-101 234 -182
-101 234 -181
-101 234 -180
-101 234 -178
-101 234 -177
-101 235 -192
-101 235 -191
-101 235 -190
-101 235 -189
-101 235 -188
-101 235 -187
-101 235 -186
-101 235 -185
-101 235 -184
-101 235 -183
-101 235 -182
-101 235 -181
-101 235 -180
-101 235 -179
-101 235 -178
-101 235 -177
-101 236 -192
-101 236 -191
-101 236 -190
-101 236 -189
-101 236 -188
-101 236 -187
-101 236 -186
-101 236 -185
-101 236 -184
-101 236 -183
-101 236 -182
-101 236 -181
-101 236 -180
-101 236 -179
-101 236 -178
-101 236 -177
-101 237 -192
-101 237 -191
-101 237 -190
-101 237 -189
-101 237 -188
-101 237 -187
-101 237 -186
-101 237 -185
-101 237 -184
-101 237 -183
-101 237 -182
-101 237 -181
-101 237 -180
-101 237 -179
-101 237 -178
-101 237 -177
-101 238 -192
-101 238 -191
-101 238 -190
-101 238 -189
-101 238 -188
-101 238 -187
-101 238 -186
-101 238 -185
-101 238 -184
-101 238 -183
-101 238 -182
-101 238 -181
-101 238 -180
-101 238 -179
-101 238 -178
-101 238 -177
-101 239 -192
-101 239 -191
-101 239 -190
-101 239 -189
-101 239 -188
-101 239 -187
-101 239 -186
-101 239 -185
-101 239 -184
-101 239 -183
-101 239 -182
-101 239 -181
-101 239 -180
-101 239 -179
-101 239 -178
-101 239 -177
-101 240 -192
-101 240 -191
-101 240 -190
-101 240 -189
-101 240 -188
-101 240 -187
-101 240 -186
-101 240 -185
-101 240 -184
-101 240 -183
-101 240 -182
-101 240 -181
-101 240 -180
-101 240 -179
-101 240 -178
-101 240 -177
-101 241 -192
-101 241 -191
-101 241 -190
-101 241 -189
-101 241 -188
-101 241 -187
-101 241 -186
-101 241 -185
-101 241 -184
-101 241 -183
-101 241 -182
-101 241 -181
-101 241 -180
-101 241 -179
-101 241 -178
-101 241 -177
-101 242 -192
-101 242 -191
-101 242 -190
-101 242 -189
-101 242 -188
-101 242 -187
-101 242 -186
-101 242 -185
-101 242 -184
-101 242 -183
-101 242 -182
-101 242 -181
-101 242 -180
-101 242 -179
-101 242 -178
-101 242 -177
-101 243 -192
-101 243 -191
-101 243 -190
-101 243 -189
-101 243 -188
-101 243 -187
-101 243 -186
-101 243 -185
-101 243 -184
-101 243 -183
-101 243 -182
-101 243 -181
-101 243 -180
-101 243 -179
-101 243 -178
-101 243 -177
-101 244 -192
-101 244 -191
-101 244 -190
-101 244 -189
-101 244 -188
-101 244 -187
-101 244 -186
-101 244 -185
-101 244 -184
-101 244 -183
-101 244 -182
-101 244 -181
-101 244 -180
-101 244 -179
-101 244 -178
-101 244 -177
-101 245 -191
-101 245 -186
-101 245 -185
-101 245 -184
-101 245 -183
-101 245 -182
-101 245 -181
-101 245 -180
-101 245 -178
-101 245 -177
-101 246 -191
-101 246 -190
-101 246 -185
-101 246 -184
-101 246 -183
-101 246 -179
-101 246 -178
-101 246 -177
-101 247 -191
-101 247 -178
-101 247 -177
-100 225 -191
-100 225 -190
-100 225 -189
-100 225 -187
-100 225 -185
-100 225 -183
-100 225 -182
-100 225 -181
-100 225 -180
-100 225 -179
-100 225 -178
-100 225 -177
-100 226 -192
-100 226 -191
-100 226 -190
-100 226 -189
-100 226 -187
-100 226 -183
-100 226 -181
-100 226 -180
-100 226 -179
-100 226 -178
-100 226 -177
-100 227 -192
-100 227 -191
-100 227 -190
-100 227 -189
-100 227 -188
-100 227 -187
-100 227 -186
-100 227 -180
-100 227 -179
-100 227 -178
-100 227 -177
-100 228 -192
-100 228 -191
-100 228 -190
-100 228 -189
-100 228 -188
-100 228 -187
-100 228 -186
-100 228 -183
-100 228 -181
-100 228 -180
-100 228 -179
-100 228 -178
-100 228 -177
-100 229 -192
-100 229 -191
-100 229 -190
-100 229 -189
-100 229 -188
-100 229 -187
-100 229 -186
-100 229 -185
-100 229 -184
-100 229 -182
-100 229 -181
-100 229 -180
-100 229 -179
-100 229 -178
-100 229 -177
-100 230 -192
-100 230 -191
-100 230 -190
-100 230 -189
-100 230 -188
-100 230 -186
-100 230 -185
-100 230 -184
-100 230 -183
-100 230 -182
-100 230 -181
-100 230 -179
-100 230 -178
-100 230 -177
-100 231 -192
-100 231 -191
-100 231 -190
-100 231 -189
-100 231 -188
-100 231 -187
-100 231 -186
-100 231 -185
-100 231 -184
-100 231 -183
-100 231 -182
-100 231 -181
-100 231 -180
-100 231 -179
-100 231 -178
-100 231 -177
-100 232 -192
-100 232 -191
-100 232 -190
-100 232 -189
-100 232 -188
-100 232 -187
-100 232 -186
-100 232 -184
-100 232 -183
-100 232 -182
-100 232 -181
-100 232 -180
-100 232 -179
-100 232 -178
-100 232 -177
-100 233 -192
-100 233 -191
-100 233 -190
-100 233 -189
-100 233 -188
-100 233 -186
-100 233 -185
-100 233 -184
-100 233 -183
-100 233 -182
-100 233 -181
-100 233 -180
-100 233 -179
-100 233 -178
-100 233 -177
-100 234 -192
-100 234 -191
-100 234 -190
-100 234 -189
-100 234 -188
-100 234 -187
-100 234 -186
-100 234 -185
-100 234 -184
-100 234 -183
-100 234 -182
-100 234 -181
-100 234 -180
-100 234 -179
-100 234 -178
-100 234 -177
-100 235 -192
-100 235 -191
-100 235 -190
-100 235 -189
-100 235 -188
-100 235 -187
-100 235 -186
-100 235 -185
-100 235 -184
-100 235 -183
-100 235 -182
-100 235 -181
-100 235 -180
-100 235 -179
-100 235 -178
-100 236 -192
-100 236 -191
-100 236 -189
-100 236 -188
-100 236 -187
-100 236 -185
-100 236 -184
-100 236 -183
-100 236 -182
-100 236 -181
-100 236 -180
-100 236 -179
-100 236 -178
-100 236 -177
-100 237 -192
-100 237 -191
-100 237 -190
-100 237 -189
-100 237 -188
-100 237 -187
-100 237 -186
-100 237 -185
-100 237 -184
-100 237 -183
-100 237 -182
-100 237 -181
-100 237 -180
-100 237 -179
-100 238 -192
-100 238 -191
-100 238 -190
-100 238 -189
-100 238 -188
-100 238 -187
-100 238 -186
-100 238 -185
-100 238 -184
-100 238 -183
-100 238 -182
-100 238 -181
-100 238 -180
-100 238 -179
-100 238 -178
-100 238 -177
-100 239 -192
-100 239 -191
-100 239 -190
-100 239 -189
-100 239 -188
-100 239 -187
-100 239 -186
-100 239 -185
-100 239 -184
-100 239 -183
-100 239 -182
-100 239 -181
-100 239 -180
-100 239 -179
-100 239 -178
-100 239 -177
-100 240 -192
-100 240 -191
-100 240 -190
-100 240 -189
-100 240 -188
-100 240 -187
-100 240 -186
-100 240 -185
-100 240 -184
-100 240 -183
-100 240 -182
-100 240 -181
-100 240 -180
-100 240 -179
-100 240 -178
-100 240 -177
-100 241 -192
-100 241 -191
-100 241 -190
-100 241 -189
-100 241 -188
-100 241 -187
-100 241 -186
-100 241 -185
-100 241 -184
-100 241 -183
-100 241 -182
-100 241 -181
-100 241 -180
-100 241 -179
-100 241 -178
-100 241 -177
-100 242 -192
-100 242 -191
-100 242 -190
-100 242 -189
-100 242 -188
-100 242 -187
-100 242 -186
-100 242 -185
-100 242 -184
-100 242 -183
-100 242 -182
-100 242 -181
-100 242 -180
-100 242 -179
-100 242 -178
-100 242 -177
-100 243 -192
-100 243 -191
-100 243 -190
-100 243 -189
-100 243 -188
-100 243 -187
-100 243 -186
-100 243 -185
-100 243 -184
-100 243 -183
-100 243 -182
-100 243 -181
-100 243 -180
-100 243 -179
-100 243 -178
-100 243 -177
-100 244 -192
-100 244 -191
-100 244 -190
-100 244 -189
-100 244 -188
-100 244 -185
-100 244 -184
-100 244 -183
-100 244 -182
-100 244 -181
-100 244 -180
-100 244 -179
-100 244 -178
-100 244 -177
-100 245 -192
-100 245 -191
-100 245 -190
-100 245 -189
-100 245 -188
-100 245 -187
-100 245 -186
-100 245 -185
-100 245 -184
-100 245 -183
-100 245 -181
-100 245 -180
-100 245 -179
-100 245 -178
-100 245 -177
-100 246 -192
-100 246 -191
-100 246 -190
-100 246 -186
-100 246 -185
-100 246 -184
-100 246 -183
-100 246 -181
-100 246 -180
-100 246 -179
-100 246 -178
-100 246 -177
-100 247 -191
-100 247 -190
-100 247 -184
-100 247 -183
-100 247 -180
-100 247 -177
-100 248 -184
-99 225 -192
-99 225 -185
-99 225 -181
-99 225 -180
-99 225 -179
-99 225 -178
-99 225 -177
-99 226 -192
-99 226 -191
-99 226 -185
-99 226 -181
-99 226 -180
-99 226 -179
-99 226 -178
-99 226 -177
-99 227 -192
-99 227 -191
-99 227 -189
-99 227 -187
-99 227 -181
-99 227 -180
-99 227 -179
-99 227 -178
-99 227 -177
-99 228 -192
-99 228 -191
-99 228 -190
-99 228 -189
-99 228 -188
-99 228 -185
-99 228 -181
-99 228 -180
-99 228 -179
-99 228 -177
-99 229 -192
-99 229 -191
-99 229 -190
-99 229 -189
-99 229 -188
-99 229 -187
-99 229 -186
-99 229 -185
-99 229 -184
-99 229 -182
-99 229 -181
-99 229 -180
-99 229 -178
-99 229 -177
-99 230 -192
-99 230 -191
-99 230 -190
-99 230 -189
-99 230 -188
-99 230 -186
-99 230 -185
-99 230 -184
-99 230 -183
-99 230 -182
-99 230 -181
-99 230 -179
-99 230 -178
-99 230 -177
-99 231 -192
-99 231 -191
-99 231 -190
-99 231 -189
-99 231 -188
-99 231 -187
-99 231 -186
-99 231 -185
-99 231 -184
-99 231 -183
-99 231 -182
-99 231 -181
-99 231 -180
-99 231 -179
-99 231 -178
-99 231 -177
-99 232 -192
-99 232 -191
-99 232 -190
-99 232 -189
-99 232 -188
-99 232 -187
-99 232 -186
-99 232 -185
-99 232 -184
-99 232 -183
-99 232 -182
-99 232 -181
-99 232 -178
-99 232 -177
-99 233 -192
-99 233 -191
-99 233 -190
-99 233 -189
-99 233 -187
-99 233 -186
-99 233 -185
-99 233 -184
-99 233 -183
-99 233 -182
-99 233 -181
-99 233 -180
-99 233 -178
-99 233 -177
-99 234 -192
-99 234 -191
-99 234 -190
-99 234 -189
-99 234 -188
-99 234 -187
-99 234 -186
-99 234 -185
-99 234 -184
-99 234 -183
-99 234 -182
-99 234 -181
-99 234 -179
-99 234 -177
-99 235 -192
-99 235 -191
-99 235 -188
-99 235 -187
-99 235 -186
-99 235 -184
-99 235 -183
-99 235 -182
-99 235 -181
-99 235 -179
-99 235 -178
-99 236 -192
-99 236 -191
-99 236 -190
-99 236 -189
-99 236 -188
-99 236 -187
-99 236 -186
-99 236 -185
-99 236 -184
-99 236 -183
-99 236 -182
-99 236 -180
-99 236 -178
-99 236 -177
-99 237 -192
-99 237 -191
-99 237 -190
-99 237 -189
-99 237 -188
-99 237 -187
-99 237 -185
-99 237 -184
-99 237 -182
-99 237 -181
-99 237 -178
-99 238 -192
-99 238 -191
-99 238 -190
-99 238 -189
-99 238 -188
-99 238 -187
-99 238 -186
-99 238 -185
-99 238 -184
-99 238 -183
-99 238 -182
-99 238 -181
-99 238 -180
-99 238 -179
-99 238 -178
-99 238 -177
-99 239 -192
-99 239 -191
-99 239 -190
-99 239 -189
-99 239 -188
-99 239 -187
-99 239 -186
-99 239 -185
-99 239 -184
-99 239 -183
-99 239 -182
-99 239 -181
-99 239 -180
-99 239 -179
-99 239 -178
-99 239 -177
-99 240 -192
-99 240 -191
-99 240 -190
-99 240 -189
-99 240 -188
-99 240 -187
-99 240 -186
-99 240 -185
-99 240 -184
-99 240 -183
-99 240 -182
-99 240 -181
-99 240 -180
-99 240 -179
-99 240 -178
-99 240 -177
-99 241 -192
-99 241 -191
-99 241 -190
-99 241 -189
-99 241 -188
-99 241 -187
-99 241 -186
-99 241 -185
-99 241 -184
-99 241 -183
-99 241 -182
-99 241 -181
-99 241 -180
-99 241 -179
-99 241 -178
-99 241 -177
-99 242 -192
-99 242 -191
-99 242 -190
-99 242 -189
-99 242 -188
-99 242 -187
-99 242 -186
-99 242 -185
-99 242 -184
-99 242 -183
-99 242 -182
-99 242 -181
-99 242 -180
-99 242 -179
-99 242 -178
-99 242 -177
-99 243 -192
-99 243 -191
-99 243 -190
-99 243 -189
-99 243 -188
-99 243 -187
-99 243 -186
-99 243 -185
-99 243 -184
-99 243 -183
-99 243 -182
-99 243 -181
-99 243 -180
-99 243 -179
-99 243 -178
-99 243 -177
-99 244 -192
-99 244 -191
-99 244 -190
-99 244 -189
-99 244 -188
-99 244 -187
-99 244 -186
-99 244 -185
-99 244 -184
-99 244 -183
-99 244 -182
-99 244 -181
-99 244 -180
-99 244 -179
-99 244 -178
-99 244 -177
-99 245 -192
-99 245 -191
-99 245 -190
-99 245 -189
-99 245 -188
-99 245 -186
-99 245 -185
-99 245 -184
-99 245 -183
-99 245 -182
-99 245 -181
-99 245 -180
-99 245 -179
-99 245 -178
-99 245 -177
-99 246 -192
-99 246 -191
-99 246 -187
-99 246 -184
-99 246 -183
-99 246 -182
-99 246 -181
-99 246 -180
-99 246 -179
-99 246 -178
-99 246 -177
-99 247 -186
-99 247 -184
-99 247 -182
-99 247 -179
-99 247 -178
-99 247 -177
-98 225 -185
-98 225 -181
-98 225 -180
-98 225 -179
-98 225 -178
-98 225 -177
-98 226 -192
-98 226 -181
-98 226 -180
-98 226 -179
-98 226 -177
-98 227 -192
-98 227 -191
-98 227 -190
-98 227 -180
-98 227 -178
-98 227 -177
-98 228 -192
-98 228 -191
-98 228 -190
-98 228 -189
-98 228 -178
-98 228 -177
-98 229 -192
-98 229 -191
-98 229 -190
-98 229 -187
-98 229 -186
-98 229 -181
-98 230 -192
-98 230 -191
-98 230 -190
-98 230 -189
-98 230 -188
-98 230 -186
-98 230 -185
-98 230 -184
-98 230 -181
-98 230 -177
-98 231 -192
-98 231 -191
-98 231 -190
-98 231 -189
-98 231 -188
-98 231 -186
-98 231 -185
-98 231 -184
-98 231 -182
-98 231 -181
-98 231 -180
-98 231 -178
-98 232 -192
-98 232 -191
-98 232 -190
-98 232 -189
-98 232 -187
-98 232 -186
-98 232 -185
-98 232 -184
-98 232 -182
-98 232 -181
-98 232 -177
-98 233 -192
-98 233 -191
-98 233 -190
-98 233 -189
-98 233 -187
-98 233 -186
-98 233 -185
-98 233 -183
-98 233 -182
-98 233 -181
-98 233 -180
-98 233 -177
-98 234 -192
-98 234 -191
-98 234 -188
-98 234 -187
-98 234 -186
-98 234 -185
-98 234 -184
-98 234 -183
-98 234 -177
-98 235 -192
-98 235 -188
-98 235 -187
-98 235 -186
-98 235 -185
-98 235 -184
-98 235 -183
-98 236 -192
-98 236 -191
-98 236 -190
-98 236 -189
-98 236 -188
-98 236 -187
-98 236 -186
-98 236 -182
-98 236 -180
-98 236 -177
-98 237 -192
-98 237 -191
-98 237 -190
-98 237 -189
-98 237 -188
-98 237 -187
-98 237 -186
-98 237 -185
-98 237 -184
-98 237 -182
-98 237 -181
-98 237 -180
-98 238 -192
-98 238 -191
-98 238 -190
-98 238 -189
-98 238 -188
-98 238 -187
-98 238 -186
-98 238 -185
-98 238 -184
-98 238 -183
-98 238 -182
-98 238 -181
-98 238 -180
-98 238 -179
-98 238 -178
-98 238 -177
-98 239 -192
-98 239 -191
-98 239 -190
-98 239 -189
-98 239 -188
-98 239 -187
-98 239 -186
-98 239 -185
-98 239 -184
-98 239 -183
-98 239 -182
-98 239 -181
-98 239 -180
-98 239 -179
-98 239 -178
-98 239 -177
-98 240 -192
-98 240 -191
-98 240 -190
-98 240 -189
-98 240 -188
-98 240 -187
-98 240 -186
-98 240 -185
-98 240 -184
-98 240 -183
-98 240 -182
-98 240 -181
-98 240 -180
-98 240 -179
-98 240 -178
-98 241 -192
-98 241 -191
-98 241 -190
-98 241 -189
-98 241 -188
-98 241 -187
-98 241 -186
-98 241 -185
-98 241 -184
-98 241 -183
-98 241 -182
-98 241 -181
-98 241 -180
-98 241 -179
-98 241 -178
-98 241 -177
-98 242 -192
-98 242 -191
-98 242 -190
-98 242 -189
-98 242 -188
-98 242 -187
-98 242 -186
-98 242 -185
-98 242 -184
-98 242 -183
-98 242 -182
-98 242 -181
-98 242 -180
-98 242 -179
-98 242 -178
-98 242 -177
-98 243 -192
-98 243 -191
-98 243 -190
-98 243 -189
-98 243 -188
-98 243 -187
-98 243 -186
-98 243 -185
-98 243 -184
-98 243 -183
-98 243 -182
-98 243 -181
-98 243 -180
-98 243 -179
-98 243 -178
-98 243 -177
-98 244 -192
-98 244 -191
-98 244 -190
-98 244 -189
-98 244 -188
-98 244 -187
-98 244 -186
-98 244 -185
-98 244 -184
-98 244 -183
-98 244 -182
-98 244 -181
-98 244 -180
-98 244 -179
-98 244 -178
-98 244 -177
-98 245 -192
-98 245 -191
-98 245 -190
-98 245 -188
-98 245 -187
-98 245 -186
-98 245 -185
-98 245 -184
-98 245 -183
-98 245 -182
-98 245 -181
-98 245 -180
-98 245 -179
-98 245 -178
-98 245 -177
-98 246 -192
-98 246 -191
-98 246 -188
-98 246 -187
-98 246 -186
-98 246 -184
-98 246 -183
-98 246 -182
-98 246 -181
-98 246 -180
-98 246 -179
-98 246 -178
-98 246 -177
-98 247 -188
-98 247 -187
-98 247 -186
-98 247 -185
-98 247 -184
-98 247 -183
-98 247 -181
-98 247 -180
-98 247 -179
-98 247 -178
-98 247 -177
-98 248 -187
-98 248 -186
-98 248 -185
-98 248 -184
-98 248 -180
-98 248 -178
-98 249 -178
-97 225 -192
-97 225 -180
-97 225 -179
-97 225 -178
-97 226 -192
-97 226 -191
-97 226 -190
-97 226 -179
-97 227 -192
-97 227 -191
-97 227 -190
-97 227 -189
-97 227 -178
-97 228 -192
-97 228 -191
-97 228 -190
-97 228 -189
-97 229 -192
-97 229 -191
-97 229 -190
-97 229 -189
-97 229 -188
-97 230 -192
-97 230 -191
-97 230 -190
-97 230 -189
-97 230 -188
-97 230 -185
-97 230 -181
-97 231 -192
-97 231 -191
-97 231 -189
-97 231 -185
-97 231 -184
-97 231 -183
-97 231 -182
-97 231 -181
-97 231 -180
-97 231 -177
-97 232 -192
-97 232 -191
-97 232 -190
-97 232 -187
-97 232 -185
-97 232 -181
-97 232 -177
-97 233 -192
-97 233 -191
-97 233 -190
-97 233 -187
-97 233 -186
-97 233 -183
-97 233 -182
-97 234 -192
-97 234 -188
-97 234 -187
-97 234 -186
-97 234 -184
-97 235 -192
-97 235 -190
-97 235 -189
-97 235 -187
-97 235 -186
-97 235 -185
-97 236 -192
-97 236 -191
-97 236 -189
-97 236 -188
-97 236 -187
-97 236 -186
-97 236 -185
-97 236 -184
-97 236 -183
-97 237 -192
-97 237 -191
-97 237 -190
-97 237 -189
-97 237 -188
-97 237 -187
-97 237 -186
-97 237 -185
-97 237 -184
-97 237 -183
-97 237 -182
-97 238 -192
-97 238 -191
-97 238 -190
-97 238 -189
-97 238 -188
-97 238 -187
-97 238 -186
-97 238 -185
-97 238 -184
-97 238 -183
-97 238 -182
-97 238 -181
-97 238 -180
-97 238 -178
-97 239 -192
-97 239 -191
-97 239 -190
-97 239 -189
-97 239 -188
-97 239 -187
-97 239 -186
-97 239 -185
-97 239 -184
-97 239 -183
-97 239 -182
-97 239 -181
-97 239 -180
-97 239 -179
-97 239 -178
-97 239 -177
-97 240 -192
-97 240 -191
-97 240 -190
-97 240 -189
-97 240 -188
-97 240 -187
-97 240 -186
-97 240 -185
-97 240 -184
-97 240 -183
-97 240 -182
-97 240 -181
-97 240 -180
-97 240 -179
-97 240 -178
-97 240 -177
-97 241 -192
-97 241 -191
-97 241 -190
-97 241 -189
-97 241 -188
-97 241 -187
-97 241 -186
-97 241 -185
-97 241 -184
-97 241 -183
-97 241 -182
-97 241 -181
-97 241 -180
-97 241 -179
-97 241 -178
-97 241 -177
-97 242 -192
-97 242 -191
-97 242 -190
-97 242 -189
-97 242 -188
-97 242 -187
-97 242 -186
-97 242 -185
-97 242 -184
-97 242 -183
-97 242 -182
-97 242 -181
-97 242 -180
-97 242 -179
-97 242 -178
-97 242 -177
-97 243 -192
-97 243 -191
-97 243 -190
-97 243 -189
-97 243 -188
-97 243 -187
-97 243 -186
-97 243 -185
-97 243 -184
-97 243 -183
-97 243 -182
-97 243 -181
-97 243 -180
-97 243 -179
-97 243 -178
-97 243 -177
-97 244 -192
-97 244 -191
-97 244 -190
-97 244 -189
-97 244 -188
-97 244 -187
-97 244 -186
-97 244 -185
-97 244 -184
-97 244 -183
-97 244 -182
-97 244 -181
-97 244 -180
-97 244 -179
-97 244 -178
-97 244 -177
-97 245 -192
-97 245 -191
-97 245 -190
-97 245 -189
-97 245 -188
-97 245 -187
-97 245 -186
-97 245 -185
-97 245 -184
-97 245 -183
-97 245 -182
-97 245 -181
-97 245 -180
-97 245 -179
-97 245 -178
-97 245 -177
-97 246 -192
-97 246 -189
-97 246 -187
-97 246 -186
-97 246 -185
-97 246 -184
-97 246 -183
-97 246 -182
-97 246 -181
-97 246 -180
-97 246 -179
-97 246 -178
-97 246 -177
-97 247 -192
-97 247 -191
-97 247 -188
-97 247 -187
-97 247 -186
-97 247 -185
-97 247 -182
-97 247 -181
-97 247 -179
-97 247 -178
-97 248 -188
-97 248 -187
-97 248 -186
-97 248 -185
-97 248 -178
-97 249 -187

