alfheim:altWood1
12
-16 220 176
-16 221 176
-16 221 177
-16 222 176
-16 223 176
-15 220 176
-15 221 176
-15 222 176
-15 224 176
-14 219 176
-14 220 176
-14 220 177
-14 221 176
-14 221 177
-14 223 176
-13 219 176
-13 220 176
-13 220 177
-13 221 176
-13 221 177
-13 222 176
-12 219 176
-12 220 176
-12 221 176
-6 212 191
-6 213 190
-6 213 191
-6 214 191
-5 211 189
-5 211 190
-5 211 191
-5 212 188
-5 212 189
-5 212 190
-5 212 191
-5 213 188
-5 213 189
-5 213 190
-5 213 191
-5 214 188
-5 214 189
-5 214 190
-5 214 191
-5 215 189
-5 215 190
-5 215 191
-4 210 189
-4 210 190
-4 210 191
-4 211 188
-4 211 189
-4 211 190
-4 211 191
-4 212 187
-4 212 188
-4 212 189
-4 212 190
-4 212 191
-4 213 187
-4 213 188
-4 213 189
-4 213 190
-4 213 191
-4 214 187
-4 214 188
-4 214 189
-4 214 190
-4 214 191
-4 215 188
-4 215 189
-4 215 190
-4 215 191
-4 216 189
-4 216 190
-4 216 191
-3 209 189
-3 209 190
-3 209 191
-3 210 188
-3 210 189
-3 210 190
-3 210 191
-3 211 187
-3 211 188
-3 211 189
-3 211 190
-3 211 191
-3 212 187
-3 212 188
-3 212 189
-3 212 190
-3 212 191
-3 213 186
-3 213 187
-3 213 188
-3 213 189
-3 213 190
-3 213 191
-3 214 186
-3 214 187
-3 214 188
-3 214 189
-3 214 190
-3 214 191
-3 215 186
-3 215 187
-3 215 188
-3 215 189
-3 215 190
-3 215 191
-3 216 187
-3 216 188
-3 216 189
-3 216 190
-3 216 191
-3 217 188
-3 217 189
-3 217 190
-3 217 191
-2 209 188
-2 209 189
-2 209 190
-2 209 191
-2 210 187
-2 210 188
-2 210 189
-2 210 190
-2 210 191
-2 211 187
-2 211 188
-2 211 189
-2 211 190
-2 211 191
-2 212 186
-2 212 187
-2 212 188
-2 212 189
-2 212 190
-2 212 191
-2 213 186
-2 213 187
-2 213 188
-2 213 189
-2 213 190
-2 213 191
-2 214 185
-2 214 186
-2 214 187
-2 214 188
-2 214 189
-2 214 190
-2 214 191
-2 215 185
-2 215 186
-2 215 187
-2 215 188
-2 215 189
-2 215 190
-2 215 191
-2 216 185
-2 216 186
-2 216 187
-2 216 188
-2 216 189
-2 216 190
-2 216 191
-2 217 186
-2 217 187
-2 217 188
-2 217 189
-2 217 190
-2 217 191
-2 218 188
-2 218 189
-2 218 190
-1 209 188
-1 209 189
-1 209 190
-1 209 191
-1 210 187
-1 210 188
-1 210 189
-1 210 190
-1 210 191
-1 211 186
-1 211 187
-1 211 188
-1 211 189
-1 211 190
-1 211 191
-1 212 186
-1 212 187
-1 212 188
-1 212 189
-1 212 190
-1 212 191
-1 213 185
-1 213 186
-1 213 187
-1 213 188
-1 213 189
-1 213 190
-1 213 191
-1 214 185
-1 214 186
-1 214 187
-1 214 188
-1 214 189
-1 214 190
-1 214 191
-1 215 184
-1 215 185
-1 215 186
-1 215 187
-1 215 188
-1 215 189
-1 215 190
-1 215 191
-1 216 184
-1 216 185
-1 216 186
-1 216 187
-1 216 188
-1 216 189
-1 216 190
-1 216 191
-1 217 184
-1 217 185
-1 217 186
-1 217 187
-1 217 188
-1 217 189
-1 217 190
-1 217 191
-1 218 185
-1 218 186
-1 218 187
-1 218 188
-1 218 189
-1 218 190
-1 218 191
-1 219 188
alfheim:altLeaves
6
-16 221 184
-16 221 191
-16 222 177
-16 222 178
-16 222 184
-16 222 185
-16 222 187
-16 222 190
-16 222 191
-16 223 177
-16 223 178
-16 223 179
-16 223 183
-16 223 184
-16 223 185
-16 223 186
-16 223 187
-16 223 188
-16 223 189
-16 223 191
-16 224 176
-16 224 177
-16 224 178
-16 224 179
-16 224 180
-16 224 182
-16 224 183
-16 224 184
-16 224 186
-16 224 187
-16 224 188
-16 224 189
-16 224 190
-16 224 191
-15 221 177
-15 221 179
-15 222 177
-15 222 178
-15 222 179
-15 222 180
-15 222 184
-15 222 186
-15 222 187
-15 222 188
-15 222 189
-15 222 191
-15 223 176
-15 223 177
-15 223 178
-15 223 179
-15 223 182
-15 223 183
-15 223 184
-15 223 185
-15 223 187
-15 223 189
-15 223 190
-15 223 191
-15 224 177
-15 224 178
-15 224 180
-15 224 181
-15 224 182
-15 224 183
-15 224 184
-15 224 185
-15 224 186
-15 224 187
-15 224 188
-15 224 189
-15 224 190
-15 224 191
-14 221 186
-14 221 187
-14 221 191
-14 222 176
-14 222 177
-14 222 178
-14 222 182
-14 222 183
-14 222 186
-14 222 188
-14 222 189
-14 222 190
-14 222 191
-14 223 177
-14 223 179
-14 223 180
-14 223 181
-14 223 182
-14 223 183
-14 223 184
-14 223 185
-14 223 186
-14 223 187
-14 223 188
-14 223 189
-14 223 190
-14 223 191
-14 224 176
-14 224 177
-14 224 178
-14 224 179
-14 224 180
-14 224 181
-14 224 182
-14 224 183
-14 224 184
-14 224 185
-14 224 186
-14 224 187
-14 224 188
-14 224 189
-14 224 190
-14 224 191
-13 220 186
-13 220 187
-13 220 188
-13 220 191
-13 221 181
-13 221 183
-13 221 185
-13 221 186
-13 221 187
-13 221 188
-13 221 191
-13 222 181
-13 222 182
-13 222 183
-13 222 184
-13 222 185
-13 222 186
-13 222 187
-13 222 188
-13 222 189
-13 222 190
-13 222 191
-13 223 177
-13 223 178
-13 223 179
-13 223 180
-13 223 181
-13 223 182
-13 223 183
-13 223 184
-13 223 185
-13 223 186
-13 223 187
-13 223 188
-13 223 189
-13 223 190
-13 223 191
-13 224 176
-13 224 177
-13 224 178
-13 224 179
-13 224 180
-13 224 181
-13 224 182
-13 224 183
-13 224 184
-13 224 185
-13 224 186
-13 224 187
-13 224 188
-13 224 189
-13 224 190
-13 224 191
-12 219 186
-12 219 187
-12 220 185
-12 220 186
-12 220 189
-12 220 190
-12 220 191
-12 221 180
-12 221 183
-12 221 184
-12 221 185
-12 221 186
-12 221 187
-12 221 188
-12 221 189
-12 221 190
-12 221 191
-12 222 179
-12 222 180
-12 222 182
-12 222 183
-12 222 184
-12 222 185
-12 222 186
-12 222 187
-12 222 188
-12 222 189
-12 222 190
-12 222 191
-12 223 177
-12 223 180
-12 223 181
-12 223 182
-12 223 183
-12 223 184
-12 223 185
-12 223 186
-12 223 187
-12 223 188
-12 223 189
-12 223 190
-12 223 191
-12 224 179
-12 224 180
-12 224 181
-12 224 182
-12 224 183
-12 224 184
-12 224 185
-12 224 186
-12 224 187
-12 224 188
-12 224 189
-12 224 190
-12 224 191
-11 218 187
-11 219 185
-11 219 187
-11 220 184
-11 220 185
-11 220 186
-11 220 187
-11 220 188
-11 220 189
-11 220 190
-11 221 176
-11 221 180
-11 221 181
-11 221 182
-11 221 183
-11 221 184
-11 221 185
-11 221 186
-11 221 187
-11 221 189
-11 221 190
-11 222 179
-11 222 180
-11 222 181
-11 222 183
-11 222 184
-11 222 185
-11 222 186
-11 222 188
-11 222 189
-11 222 190
-11 222 191
-11 223 176
-11 223 178
-11 223 180
-11 223 181
-11 223 182
-11 223 183
-11 223 184
-11 223 185
-11 223 186
-11 223 187
-11 223 188
-11 223 189
-11 223 190
-11 223 191
-11 224 176
-11 224 177
-11 224 179
-11 224 180
-11 224 181
-11 224 182
-11 224 183
-11 224 184
-11 224 185
-11 224 186
-11 224 187
-11 224 188
-11 224 189
-11 224 190
-11 224 191
-10 218 187
-10 219 184
-10 219 185
-10 219 186
-10 219 187
-10 219 189
-10 220 176
-10 220 180
-10 220 182
-10 220 183
-10 220 184
-10 220 185
-10 220 187
-10 220 188
-10 220 189
-10 221 176
-10 221 179
-10 221 180
-10 221 181
-10 221 182
-10 221 183
-10 221 184
-10 221 185
-10 221 186
-10 221 187
-10 221 188
-10 221 189
-10 221 190
-10 222 178
-10 222 179
-10 222 180
-10 222 181
-10 222 182
-10 222 183
-10 222 184
-10 222 185
-10 222 186
-10 222 187
-10 222 188
-10 222 189
-10 222 190
-10 222 191
-10 223 176
-10 223 177
-10 223 178
-10 223 179
-10 223 180
-10 223 181
-10 223 182
-10 223 183
-10 223 184
-10 223 185
-10 223 186
-10 223 187
-10 223 188
-10 223 189
-10 223 190
-10 223 191
-10 224 176
-10 224 177
-10 224 178
-10 224 179
-10 224 180
-10 224 181
-10 224 182
-10 224 183
-10 224 184
-10 224 185
-10 224 186
-10 224 187
-10 224 188
-10 224 189
-10 224 190
-10 224 191
-9 219 176
-9 219 177
-9 219 180
-9 219 184
-9 219 185
-9 219 186
-9 219 188
-9 220 176
-9 220 177
-9 220 178
-9 220 179
-9 220 180
-9 220 183
-9 220 185
-9 220 186
-9 220 187
-9 220 188
-9 220 189
-9 221 176
-9 221 177
-9 221 178
-9 221 179
-9 221 180
-9 221 181
-9 221 182
-9 221 183
-9 221 184
-9 221 185
-9 221 186
-9 221 187
-9 221 188
-9 221 189
-9 221 190
-9 221 191
-9 222 176
-9 222 177
-9 222 178
-9 222 179
-9 222 180
-9 222 181
-9 222 182
-9 222 183
-9 222 184
-9 222 185
-9 222 186
-9 222 187
-9 222 188
-9 222 189
-9 222 190
-9 222 191
-9 223 176
-9 223 177
-9 223 178
-9 223 179
-9 223 180
-9 223 181
-9 223 182
-9 223 183
-9 223 184
-9 223 185
-9 223 186
-9 223 187
-9 223 188
-9 223 189
-9 223 190
-9 223 191
-9 224 176
-9 224 177
-9 224 178
-9 224 179
-9 224 180
-9 224 181
-9 224 182
-9 224 183
-9 224 184
-9 224 185
-9 224 186
-9 224 187
-9 224 188
-9 224 189
-9 224 190
-9 224 191
-8 218 182
-8 218 183
-8 218 184
-8 219 176
-8 219 177
-8 219 182
-8 219 183
-8 219 184
-8 219 185
-8 219 189
-8 220 177
-8 220 180
-8 220 182
-8 220 183
-8 220 184
-8 220 185
-8 220 186
-8 220 187
-8 220 188
-8 220 189
-8 220 190
-8 221 176
-8 221 177
-8 221 178
-8 221 180
-8 221 181
-8 221 182
-8 221 183
-8 221 184
-8 221 185
-8 221 186
-8 221 187
-8 221 188
-8 221 189
-8 221 190
-8 222 176
-8 222 177
-8 222 178
-8 222 180
-8 222 181
-8 222 182
-8 222 183
-8 222 184
-8 222 185
-8 222 186
-8 222 187
-8 222 188
-8 222 189
-8 222 190
-8 223 176
-8 223 177
-8 223 178
-8 223 179
-8 223 180
-8 223 181
-8 223 182
-8 223 183
-8 223 184
-8 223 185
-8 223 186
-8 223 187
-8 223 188
-8 223 189
-8 223 190
-8 223 191
-8 224 176
-8 224 177
-8 224 178
-8 224 179
-8 224 180
-8 224 181
-8 224 182
-8 224 183
-8 224 184
-8 224 185
-8 224 186
-8 224 187
-8 224 188
-8 224 189
-8 224 190
-8 224 191
-7 218 181
-7 218 182
-7 219 176
-7 219 177
-7 219 179
-7 219 180
-7 219 182
-7 219 183
-7 219 187
-7 220 176
-7 220 177
-7 220 178
-7 220 179
-7 220 180
-7 220 181
-7 220 182
-7 220 183
-7 220 184
-7 220 185
-7 220 186
-7 220 187
-7 220 189
-7 221 176
-7 221 177
-7 221 178
-7 221 179
-7 221 180
-7 221 181
-7 221 182
-7 221 183
-7 221 184
-7 221 185
-7 221 186
-7 221 187
-7 222 176
-7 222 177
-7 222 178
-7 222 179
-7 222 180
-7 222 181
-7 222 182
-7 222 183
-7 222 184
-7 222 185
-7 222 186
-7 222 187
-7 222 188
-7 222 189
-7 223 176
-7 223 177
-7 223 178
-7 223 179
-7 223 180
-7 223 181
-7 223 182
-7 223 183
-7 223 184
-7 223 185
-7 223 186
-7 223 187
-7 223 188
-7 223 189
-7 223 190
-7 223 191
-7 224 176
-7 224 177
-7 224 178
-7 224 179
-7 224 180
-7 224 181
-7 224 182
-7 224 183
-7 224 184
-7 224 185
-7 224 186
-7 224 187
-7 224 188
-7 224 189
-7 224 190
-7 224 191
-6 218 176
-6 219 176
-6 219 178
-6 219 179
-6 219 180
-6 219 183
-6 219 186
-6 219 187
-6 219 188
-6 220 176
-6 220 177
-6 220 178
-6 220 179
-6 220 180
-6 220 181
-6 220 182
-6 220 184
-6 220 185
-6 220 186
-6 220 187
-6 221 176
-6 221 177
-6 221 178
-6 221 179
-6 221 180
-6 221 181
-6 221 182
-6 221 183
-6 221 184
-6 221 185
-6 221 186
-6 221 187
-6 221 188
-6 222 176
-6 222 177
-6 222 178
-6 222 179
-6 222 180
-6 222 181
-6 222 182
-6 222 183
-6 222 184
-6 222 185
-6 222 186
-6 222 187
-6 222 188
-6 222 189
-6 222 191
-6 223 176
-6 223 177
-6 223 179
-6 223 180
-6 223 181
-6 223 182
-6 223 183
-6 223 184
-6 223 185
-6 223 186
-6 223 187
-6 223 188
-6 223 189
-6 223 190
-6 223 191
-6 224 176
-6 224 177
-6 224 178
-6 224 179
-6 224 180
-6 224 181
-6 224 182
-6 224 183
-6 224 184
-6 224 185
-6 224 186
-6 224 187
-6 224 188
-6 224 189
-6 224 190
-6 224 191
-5 218 178
-5 218 179
-5 218 187
-5 219 176
-5 219 177
-5 219 178
-5 219 179
-5 219 180
-5 219 181
-5 219 186
-5 219 187
-5 219 188
-5 220 176
-5 220 177
-5 220 178
-5 220 179
-5 220 180
-5 220 181
-5 220 182
-5 220 183
-5 220 184
-5 220 186
-5 220 187
-5 221 176
-5 221 177
-5 221 178
-5 221 179
-5 221 180
-5 221 181
-5 221 182
-5 221 183
-5 221 184
-5 221 185
-5 221 186
-5 221 187
-5 221 188
-5 221 189
-5 222 176
-5 222 177
-5 222 178
-5 222 179
-5 222 180
-5 222 181
-5 222 182
-5 222 183
-5 222 184
-5 222 185
-5 222 186
-5 222 187
-5 222 188
-5 222 189
-5 222 190
-5 223 176
-5 223 177
-5 223 178
-5 223 179
-5 223 180
-5 223 181
-5 223 182
-5 223 183
-5 223 184
-5 223 185
-5 223 186
-5 223 187
-5 223 188
-5 223 189
-5 223 190
-5 223 191
-5 224 176
-5 224 177
-5 224 178
-5 224 179
-5 224 180
-5 224 181
-5 224 182
-5 224 183
-5 224 184
-5 224 185
-5 224 186
-5 224 187
-5 224 188
-5 224 189
-5 224 190
-5 224 191
-4 218 176
-4 218 177
-4 218 178
-4 218 179
-4 218 184
-4 219 176
-4 219 177
-4 219 178
-4 219 179
-4 219 180
-4 219 183
-4 219 184
-4 219 186
-4 219 187
-4 220 176
-4 220 177
-4 220 178
-4 220 179
-4 220 180
-4 220 181
-4 220 182
-4 220 183
-4 220 184
-4 220 185
-4 220 186
-4 220 188
-4 220 190
-4 221 176
-4 221 177
-4 221 178
-4 221 179
-4 221 180
-4 221 181
-4 221 182
-4 221 183
-4 221 184
-4 221 185
-4 221 186
-4 221 187
-4 221 188
-4 221 189
-4 221 190
-4 221 191
-4 222 176
-4 222 177
-4 222 178
-4 222 179
-4 222 180
-4 222 181
-4 222 182
-4 222 183
-4 222 184
-4 222 185
-4 222 186
-4 222 187
-4 222 188
-4 222 189
-4 222 190
-4 222 191
-4 223 176
-4 223 177
-4 223 178
-4 223 179
-4 223 180
-4 223 181
-4 223 182
-4 223 183
-4 223 184
-4 223 185
-4 223 186
-4 223 187
-4 223 188
-4 223 189
-4 223 190
-4 224 176
-4 224 177
-4 224 178
-4 224 179
-4 224 180
-4 224 181
-4 224 182
-4 224 183
-4 224 184
-4 224 185
-4 224 186
-4 224 187
-4 224 188
-4 224 189
-4 224 190
-4 224 191
-3 217 177
-3 218 176
-3 218 177
-3 218 178
-3 218 185
-3 219 176
-3 219 177
-3 219 178
-3 219 179
-3 219 181
-3 219 182
-3 219 183
-3 219 185
-3 220 176
-3 220 177
-3 220 178
-3 220 179
-3 220 180
-3 220 181
-3 220 182
-3 220 183
-3 220 185
-3 220 186
-3 220 187
-3 220 188
-3 220 190
-3 221 176
-3 221 177
-3 221 178
-3 221 179
-3 221 180
-3 221 181
-3 221 182
-3 221 183
-3 221 184
-3 221 185
-3 221 186
-3 221 187
-3 221 188
-3 221 189
-3 221 190
-3 222 176
-3 222 177
-3 222 178
-3 222 179
-3 222 180
-3 222 181
-3 222 182
-3 222 183
-3 222 184
-3 222 185
-3 222 186
-3 222 187
-3 222 188
-3 222 189
-3 222 190
-3 222 191
-3 223 176
-3 223 177
-3 223 178
-3 223 179
-3 223 180
-3 223 181
-3 223 182
-3 223 183
-3 223 184
-3 223 185
-3 223 186
-3 223 187
-3 223 188
-3 223 189
-3 223 190
-3 223 191
-3 224 176
-3 224 177
-3 224 178
-3 224 179
-3 224 180
-3 224 181
-3 224 182
-3 224 183
-3 224 184
-3 224 185
-3 224 186
-3 224 187
-3 224 188
-3 224 189
-3 224 190
-3 224 191
-2 217 176
-2 217 179
-2 217 180
-2 218 176
-2 218 177
-2 218 178
-2 218 179
-2 218 180
-2 218 181
-2 218 182
-2 219 176
-2 219 177
-2 219 178
-2 219 179
-2 219 180
-2 219 181
-2 219 182
-2 219 185
-2 219 186
-2 219 187
-2 219 191
-2 220 176
-2 220 177
-2 220 178
-2 220 179
-2 220 180
-2 220 181
-2 220 182
-2 220 183
-2 220 185
-2 220 186
-2 220 187
-2 220 189
-2 220 190
-2 220 191
-2 221 176
-2 221 177
-2 221 178
-2 221 179
-2 221 180
-2 221 181
-2 221 182
-2 221 183
-2 221 185
-2 221 187
-2 221 188
-2 221 189
-2 221 190
-2 221 191
-2 222 176
-2 222 177
-2 222 178
-2 222 179
-2 222 180
-2 222 181
-2 222 182
-2 222 183
-2 222 184
-2 222 185
-2 222 186
-2 222 187
-2 222 188
-2 222 189
-2 222 190
-2 222 191
-2 223 176
-2 223 177
-2 223 178
-2 223 179
-2 223 180
-2 223 181
-2 223 182
-2 223 183
-2 223 184
-2 223 185
-2 223 186
-2 223 187
-2 223 188
-2 223 189
-2 223 190
-2 223 191
-2 224 176
-2 224 177
-2 224 178
-2 224 179
-2 224 180
-2 224 181
-2 224 182
-2 224 183
-2 224 184
-2 224 185
-2 224 186
-2 224 187
-2 224 188
-2 224 189
-2 224 190
-1 218 176
-1 218 179
-1 218 180
-1 218 181
-1 218 182
-1 219 176
-1 219 180
-1 219 181
-1 219 183
-1 219 186
-1 219 190
-1 220 176
-1 220 177
-1 220 178
-1 220 179
-1 220 180
-1 220 181
-1 220 182
-1 220 183
-1 220 186
-1 220 187
-1 220 190
-1 220 191
-1 221 176
-1 221 177
-1 221 178
-1 221 179
-1 221 180
-1 221 181
-1 221 184
-1 221 185
-1 221 186
-1 221 188
-1 221 189
-1 221 190
-1 221 191
-1 222 176
-1 222 177
-1 222 178
-1 222 179
-1 222 180
-1 222 181
-1 222 182
-1 222 183
-1 222 184
-1 222 185
-1 222 186
-1 222 187
-1 222 188
-1 222 190
-1 222 191
-1 223 176
-1 223 177
-1 223 178
-1 223 179
-1 223 180
-1 223 181
-1 223 182
-1 223 183
-1 223 184
-1 223 185
-1 223 186
-1 223 187
-1 223 188
-1 223 189
-1 223 190
-1 223 191
-1 224 176
-1 224 177
-1 224 178
-1 224 179
-1 224 180
-1 224 181
-1 224 182
-1 224 183
-1 224 184
-1 224 185
-1 224 186
-1 224 187
-1 224 188
-1 224 189
-1 224 190
-1 224 191
-16 225 176
-16 225 177
-16 225 178
-16 225 179
-16 225 180
-16 225 181
-16 225 182
-16 225 183
-16 225 184
-16 225 185
-16 225 186
-16 225 187
-16 225 189
-16 225 190
-16 225 191
-16 226 176
-16 226 177
-16 226 178
-16 226 179
-16 226 180
-16 226 181
-16 226 182
-16 226 183
-16 226 184
-16 226 185
-16 226 186
-16 226 187
-16 226 188
-16 226 189
-16 226 190
-16 226 191
-16 227 176
-16 227 177
-16 227 178
-16 227 179
-16 227 180
-16 227 181
-16 227 182
-16 227 183
-16 227 184
-16 227 185
-16 227 186
-16 227 187
-16 227 188
-16 227 189
-16 227 190
-16 227 191
-16 228 176
-16 228 177
-16 228 178
-16 228 179
-16 228 180
-16 228 181
-16 228 182
-16 228 183
-16 228 184
-16 228 185
-16 228 186
-16 228 187
-16 228 189
-16 228 190
-16 228 191
-16 229 176
-16 229 177
-16 229 178
-16 229 179
-16 229 180
-16 229 181
-16 229 182
-16 229 183
-16 229 184
-16 229 187
-16 229 191
-16 230 176
-16 230 177
-16 230 178
-16 230 179
-16 230 180
-16 230 181
-16 230 182
-16 230 183
-16 230 184
-16 230 185
-16 230 186
-16 230 191
-16 231 176
-16 231 177
-16 231 178
-16 231 180
-16 231 182
-16 231 183
-16 231 184
-16 231 185
-16 232 176
-16 232 177
-16 232 178
-16 232 181
-16 232 182
-16 232 183
-16 232 184
-16 233 182
-16 233 184
-15 225 176
-15 225 177
-15 225 178
-15 225 179
-15 225 180
-15 225 181
-15 225 182
-15 225 183
-15 225 184
-15 225 185
-15 225 186
-15 225 187
-15 225 188
-15 225 189
-15 225 190
-15 225 191
-15 226 176
-15 226 177
-15 226 178
-15 226 179
-15 226 180
-15 226 181
-15 226 182
-15 226 183
-15 226 184
-15 226 185
-15 226 186
-15 226 187
-15 226 188
-15 226 189
-15 226 190
-15 226 191
-15 227 176
-15 227 177
-15 227 178
-15 227 179
-15 227 180
-15 227 181
-15 227 182
-15 227 183
-15 227 184
-15 227 185
-15 227 186
-15 227 187
-15 227 188
-15 227 189
-15 227 190
-15 227 191
-15 228 176
-15 228 177
-15 228 178
-15 228 179
-15 228 180
-15 228 181
-15 228 182
-15 228 183
-15 228 184
-15 228 185
-15 228 186
-15 228 187
-15 228 188
-15 228 189
-15 228 190
-15 228 191
-15 229 176
-15 229 177
-15 229 178
-15 229 179
-15 229 180
-15 229 181
-15 229 182
-15 229 183
-15 229 184
-15 229 185
-15 229 186
-15 229 187
-15 229 188
-15 229 190
-15 230 176
-15 230 177
-15 230 178
-15 230 179
-15 230 180
-15 230 181
-15 230 182
-15 230 183
-15 230 184
-15 230 185
-15 230 186
-15 230 187
-15 230 190
-15 230 191
-15 231 176
-15 231 179
-15 231 180
-15 231 181
-15 231 182
-15 231 183
-15 231 185
-15 231 186
-15 231 187
-15 232 176
-15 232 177
-15 232 179
-15 232 180
-15 232 181
-15 232 182
-15 232 184
-15 232 186
-15 233 176
-15 233 181
-15 233 182
-14 225 176
-14 225 177
-14 225 178
-14 225 179
-14 225 180
-14 225 181
-14 225 182
-14 225 183
-14 225 184
-14 225 185
-14 225 186
-14 225 187
-14 225 188
-14 225 189
-14 225 190
-14 225 191
-14 226 176
-14 226 177
-14 226 178
-14 226 179
-14 226 180
-14 226 181
-14 226 182
-14 226 183
-14 226 184
-14 226 185
-14 226 186
-14 226 187
-14 226 188
-14 226 189
-14 226 190
-14 226 191
-14 227 176
-14 227 177
-14 227 178
-14 227 179
-14 227 180
-14 227 181
-14 227 182
-14 227 183
-14 227 184
-14 227 185
-14 227 186
-14 227 187
-14 227 188
-14 227 189
-14 227 190
-14 227 191
-14 228 176
-14 228 177
-14 228 178
-14 228 181
-14 228 182
-14 228 183
-14 228 184
-14 228 185
-14 228 186
-14 228 187
-14 228 188
-14 228 189
-14 228 190
-14 228 191
-14 229 176
-14 229 177
-14 229 178
-14 229 179
-14 229 180
-14 229 181
-14 229 182
-14 229 183
-14 229 184
-14 229 185
-14 229 186
-14 229 187
-14 229 190
-14 229 191
-14 230 176
-14 230 177
-14 230 178
-14 230 179
-14 230 180
-14 230 181
-14 230 182
-14 230 183
-14 230 184
-14 230 185
-14 230 186
-14 230 190
-14 230 191
-14 231 176
-14 231 177
-14 231 179
-14 231 180
-14 231 181
-14 231 182
-14 231 184
-14 231 185
-14 231 191
-14 232 176
-14 232 177
-14 232 178
-14 232 179
-14 232 181
-14 232 182
-14 232 184
-14 232 191
-14 233 176
-13 225 176
-13 225 177
-13 225 178
-13 225 179
-13 225 180
-13 225 181
-13 225 182
-13 225 183
-13 225 184
-13 225 185
-13 225 186
-13 225 187
-13 225 188
-13 225 189
-13 225 190
-13 225 191
-13 226 176
-13 226 177
-13 226 178
-13 226 179
-13 226 180
-13 226 181
-13 226 182
-13 226 183
-13 226 184
-13 226 185
-13 226 186
-13 226 187
-13 226 188
-13 226 189
-13 226 190
-13 226 191
-13 227 176
-13 227 177
-13 227 178
-13 227 179
-13 227 180
-13 227 181
-13 227 182
-13 227 183
-13 227 184
-13 227 185
-13 227 186
-13 227 187
-13 227 188
-13 227 189
-13 227 190
-13 227 191
-13 228 176
-13 228 177
-13 228 178
-13 228 179
-13 228 180
-13 228 181
-13 228 182
-13 228 183
-13 228 184
-13 228 185
-13 228 186
-13 228 187
-13 228 188
-13 228 189
-13 228 190
-13 228 191
-13 229 176
-13 229 177
-13 229 178
-13 229 179
-13 229 180
-13 229 181
-13 229 182
-13 229 183
-13 229 184
-13 229 185
-13 229 186
-13 229 188
-13 229 189
-13 229 191
-13 230 176
-13 230 177
-13 230 179
-13 230 180
-13 230 181
-13 230 182
-13 230 183
-13 230 184
-13 230 185
-13 230 189
-13 230 191
-13 231 176
-13 231 180
-13 231 181
-13 231 182
-13 231 183
-13 231 185
-13 231 189
-13 231 191
-13 232 176
-13 232 177
-13 232 178
-13 232 181
-13 232 182
-13 233 176
-13 233 181
-12 225 176
-12 225 177
-12 225 178
-12 225 179
-12 225 180
-12 225 181
-12 225 182
-12 225 183
-12 225 184
-12 225 185
-12 225 186
-12 225 187
-12 225 188
-12 225 189
-12 225 190
-12 225 191
-12 226 177
-12 226 178
-12 226 179
-12 226 180
-12 226 181
-12 226 182
-12 226 183
-12 226 184
-12 226 185
-12 226 186
-12 226 187
-12 226 188
-12 226 189
-12 226 190
-12 226 191
-12 227 176
-12 227 177
-12 227 178
-12 227 179
-12 227 180
-12 227 181
-12 227 182
-12 227 183
-12 227 184
-12 227 185
-12 227 186
-12 227 187
-12 227 188
-12 227 189
-12 227 190
-12 227 191
-12 228 176
-12 228 177
-12 228 178
-12 228 179
-12 228 180
-12 228 181
-12 228 182
-12 228 183
-12 228 184
-12 228 185
-12 228 186
-12 228 187
-12 228 188
-12 228 189
-12 228 190
-12 228 191
-12 229 176
-12 229 177
-12 229 178
-12 229 179
-12 229 180
-12 229 181
-12 229 182
-12 229 184
-12 229 185
-12 229 187
-12 229 188
-12 229 189
-12 229 190
-12 229 191
-12 230 176
-12 230 177
-12 230 179
-12 230 180
-12 230 181
-12 230 182
-12 230 183
-12 230 184
-12 230 185
-12 230 186
-12 230 187
-12 230 188
-12 230 189
-12 230 190
-12 230 191
-12 231 176
-12 231 180
-12 231 181
-12 231 182
-12 231 183
-12 231 184
-12 231 185
-12 231 191
-12 232 176
-12 232 180
-12 232 181
-12 232 182
-12 232 183
-12 233 183
-11 225 176
-11 225 177
-11 225 178
-11 225 179
-11 225 180
-11 225 181
-11 225 182
-11 225 183
-11 225 184
-11 225 185
-11 225 186
-11 225 187
-11 225 188
-11 225 189
-11 225 190
-11 225 191
-11 226 176
-11 226 177
-11 226 179
-11 226 180
-11 226 181
-11 226 182
-11 226 183
-11 226 184
-11 226 185
-11 226 186
-11 226 187
-11 226 188
-11 226 189
-11 226 190
-11 226 191
-11 227 176
-11 227 178
-11 227 179
-11 227 180
-11 227 181
-11 227 182
-11 227 183
-11 227 184
-11 227 185
-11 227 186
-11 227 187
-11 227 188
-11 227 189
-11 227 190
-11 227 191
-11 228 176
-11 228 178
-11 228 180
-11 228 182
-11 228 183
-11 228 184
-11 228 185
-11 228 186
-11 228 187
-11 228 188
-11 228 189
-11 228 190
-11 228 191
-11 229 176
-11 229 177
-11 229 178
-11 229 179
-11 229 181
-11 229 182
-11 229 183
-11 229 184
-11 229 185
-11 229 186
-11 229 187
-11 229 188
-11 229 189
-11 229 190
-11 229 191
-11 230 176
-11 230 179
-11 230 181
-11 230 182
-11 230 183
-11 230 184
-11 230 185
-11 230 188
-11 230 189
-11 230 190
-11 230 191
-11 231 180
-11 231 181
-11 231 183
-11 231 189
-11 231 190
-11 231 191
-11 232 181
-11 232 182
-11 232 183
-11 232 190
-11 232 191
-11 233 191
-10 225 176
-10 225 177
-10 225 178
-10 225 179
-10 225 180
-10 225 181
-10 225 182
-10 225 183
-10 225 184
-10 225 185
-10 225 186
-10 225 187
-10 225 188
-10 225 189
-10 225 190
-10 225 191
-10 226 176
-10 226 177
-10 226 178
-10 226 181
-10 226 182
-10 226 183
-10 226 184
-10 226 185
-10 226 186
-10 226 187
-10 226 188
-10 226 189
-10 226 190
-10 226 191
-10 227 176
-10 227 177
-10 227 179
-10 227 180
-10 227 181
-10 227 182
-10 227 183
-10 227 184
-10 227 185
-10 227 186
-10 227 187
-10 227 188
-10 227 189
-10 227 190
-10 227 191
-10 228 176
-10 228 179
-10 228 180
-10 228 181
-10 228 182
-10 228 183
-10 228 184
-10 228 185
-10 228 186
-10 228 187
-10 228 188
-10 228 189
-10 228 190
-10 228 191
-10 229 176
-10 229 179
-10 229 181
-10 229 182
-10 229 183
-10 229 184
-10 229 187
-10 229 188
-10 229 189
-10 229 190
-10 229 191
-10 230 176
-10 230 180
-10 230 181
-10 230 182
-10 230 183
-10 230 184
-10 230 188
-10 230 189
-10 230 190
-10 230 191
-10 231 181
-10 231 182
-10 231 189
-10 231 190
-10 231 191
-10 232 190
-10 232 191
-9 225 176
-9 225 177
-9 225 178
-9 225 179
-9 225 180
-9 225 181
-9 225 182
-9 225 183
-9 225 184
-9 225 185
-9 225 186
-9 225 187
-9 225 188
-9 225 189
-9 225 190
-9 225 191
-9 226 176
-9 226 177
-9 226 178
-9 226 179
-9 226 180
-9 226 181
-9 226 182
-9 226 183
-9 226 184
-9 226 185
-9 226 186
-9 226 187
-9 226 188
-9 226 189
-9 226 190
-9 226 191
-9 227 176
-9 227 179
-9 227 180
-9 227 181
-9 227 182
-9 227 183
-9 227 184
-9 227 185
-9 227 186
-9 227 187
-9 227 188
-9 227 189
-9 227 190
-9 227 191
-9 228 181
-9 228 182
-9 228 183
-9 228 184
-9 228 185
-9 228 186
-9 228 187
-9 228 188
-9 228 189
-9 228 190
-9 228 191
-9 229 181
-9 229 182
-9 229 183
-9 229 184
-9 229 185
-9 229 188
-9 229 189
-9 229 190
-9 229 191
-9 230 181
-9 230 182
-9 230 183
-9 230 189
-9 230 190
-9 230 191
-9 231 189
-9 231 190
-9 232 190
-8 225 176
-8 225 177
-8 225 178
-8 225 179
-8 225 180
-8 225 181
-8 225 182
-8 225 183
-8 225 184
-8 225 185
-8 225 186
-8 225 187
-8 225 188
-8 225 189
-8 225 190
-8 225 191
-8 226 176
-8 226 177
-8 226 178
-8 226 179
-8 226 180
-8 226 181
-8 226 182
-8 226 183
-8 226 184
-8 226 185
-8 226 186
-8 226 187
-8 226 188
-8 226 189
-8 226 190
-8 226 191
-8 227 176
-8 227 177
-8 227 178
-8 227 179
-8 227 180
-8 227 181
-8 227 182
-8 227 183
-8 227 184
-8 227 185
-8 227 186
-8 227 187
-8 227 188
-8 227 189
-8 227 190
-8 227 191
-8 228 178
-8 228 179
-8 228 180
-8 228 181
-8 228 182
-8 228 183
-8 228 184
-8 228 186
-8 228 187
-8 228 189
-8 228 190
-8 228 191
-8 229 180
-8 229 181
-8 229 182
-8 229 183
-8 229 186
-8 229 187
-8 229 189
-8 229 190
-8 229 191
-8 230 186
-8 230 190
-8 230 191
-8 231 191
-7 225 176
-7 225 177
-7 225 178
-7 225 179
-7 225 180
-7 225 181
-7 225 182
-7 225 183
-7 225 184
-7 225 185
-7 225 186
-7 225 187
-7 225 188
-7 225 189
-7 225 190
-7 225 191
-7 226 176
-7 226 177
-7 226 178
-7 226 179
-7 226 180
-7 226 181
-7 226 182
-7 226 183
-7 226 184
-7 226 185
-7 226 186
-7 226 187
-7 226 188
-7 226 189
-7 226 190
-7 226 191
-7 227 177
-7 227 178
-7 227 179
-7 227 180
-7 227 181
-7 227 182
-7 227 183
-7 227 184
-7 227 185
-7 227 186
-7 227 187
-7 227 188
-7 227 189
-7 227 190
-7 227 191
-7 228 177
-7 228 180
-7 228 181
-7 228 182
-7 228 183
-7 228 185
-7 228 186
-7 228 187
-7 228 189
-7 228 190
-7 228 191
-7 229 181
-7 229 183
-7 229 185
-7 229 186
-7 229 190
-7 229 191
-7 230 189
-7 230 190
-7 230 191
-7 231 191
-6 225 176
-6 225 177
-6 225 178
-6 225 179
-6 225 180
-6 225 181
-6 225 182
-6 225 183
-6 225 184
-6 225 185
-6 225 186
-6 225 187
-6 225 188
-6 225 189
-6 225 190
-6 225 191
-6 226 176
-6 226 177
-6 226 178
-6 226 179
-6 226 180
-6 226 181
-6 226 182
-6 226 183
-6 226 184
-6 226 185
-6 226 186
-6 226 187
-6 226 188
-6 226 189
-6 226 190
-6 226 191
-6 227 176
-6 227 177
-6 227 178
-6 227 181
-6 227 182
-6 227 183
-6 227 184
-6 227 185
-6 227 186
-6 227 187
-6 227 188
-6 227 189
-6 227 190
-6 227 191
-6 228 176
-6 228 178
-6 228 181
-6 228 184
-6 228 185
-6 228 187
-6 228 188
-6 228 189
-6 228 190
-6 228 191
-6 229 176
-6 229 185
-6 229 187
-6 229 189
-6 229 190
-6 229 191
-6 230 186
-6 230 187
-6 230 189
-6 230 190
-6 231 186
-5 225 176
-5 225 177
-5 225 178
-5 225 179
-5 225 180
-5 225 181
-5 225 182
-5 225 183
-5 225 184
-5 225 185
-5 225 186
-5 225 187
-5 225 188
-5 225 189
-5 225 190
-5 225 191
-5 226 176
-5 226 177
-5 226 178
-5 226 179
-5 226 180
-5 226 181
-5 226 182
-5 226 183
-5 226 184
-5 226 185
-5 226 186
-5 226 187
-5 226 188
-5 226 189
-5 226 190
-5 226 191
-5 227 176
-5 227 177
-5 227 178
-5 227 180
-5 227 181
-5 227 182
-5 227 184
-5 227 185
-5 227 186
-5 227 187
-5 227 188
-5 227 189
-5 227 190
-5 227 191
-5 228 177
-5 228 178
-5 228 179
-5 228 185
-5 228 187
-5 228 188
-5 228 190
-5 228 191
-5 229 185
-5 229 186
-5 229 189
-5 229 190
-5 229 191
-5 230 185
-5 230 186
-5 230 187
-5 230 189
-5 230 190
-5 230 191
-5 231 185
-5 231 186
-5 231 187
-5 231 189
-5 231 190
-5 232 190
-4 225 176
-4 225 177
-4 225 178
-4 225 179
-4 225 180
-4 225 181
-4 225 182
-4 225 183
-4 225 184
-4 225 185
-4 225 186
-4 225 187
-4 225 188
-4 225 189
-4 225 190
-4 225 191
-4 226 176
-4 226 177
-4 226 178
-4 226 179
-4 226 180
-4 226 181
-4 226 182
-4 226 183
-4 226 184
-4 226 185
-4 226 186
-4 226 187
-4 226 188
-4 226 189
-4 226 190
-4 226 191
-4 227 176
-4 227 178
-4 227 179
-4 227 180
-4 227 181
-4 227 182
-4 227 183
-4 227 184
-4 227 185
-4 227 186
-4 227 187
-4 227 188
-4 227 189
-4 227 190
-4 227 191
-4 228 176
-4 228 177
-4 228 179
-4 228 182
-4 228 183
-4 228 184
-4 228 185
-4 228 186
-4 228 187
-4 228 188
-4 228 189
-4 228 190
-4 228 191
-4 229 176
-4 229 183
-4 229 184
-4 229 185
-4 229 186
-4 229 187
-4 229 188
-4 229 189
-4 229 190
-4 229 191
-4 230 185
-4 230 187
-4 230 188
-4 230 189
-4 230 190
-4 230 191
-4 231 186
-4 231 188
-4 231 189
-4 231 190
-4 231 191
-4 232 189
-4 232 190
-4 232 191
-4 233 190
-3 225 176
-3 225 177
-3 225 178
-3 225 179
-3 225 180
-3 225 181
-3 225 182
-3 225 183
-3 225 184
-3 225 185
-3 225 186
-3 225 187
-3 225 188
-3 225 189
-3 225 190
-3 225 191
-3 226 176
-3 226 177
-3 226 180
-3 226 181
-3 226 182
-3 226 183
-3 226 184
-3 226 185
-3 226 186
-3 226 187
-3 226 188
-3 226 189
-3 226 190
-3 226 191
-3 227 176
-3 227 177
-3 227 178
-3 227 179
-3 227 180
-3 227 181
-3 227 182
-3 227 183
-3 227 184
-3 227 185
-3 227 186
-3 227 187
-3 227 188
-3 227 189
-3 227 190
-3 227 191
-3 228 180
-3 228 182
-3 228 183
-3 228 185
-3 228 186
-3 228 187
-3 228 188
-3 228 189
-3 228 190
-3 228 191
-3 229 182
-3 229 185
-3 229 186
-3 229 187
-3 229 188
-3 229 189
-3 229 190
-3 229 191
-3 230 186
-3 230 187
-3 230 188
-3 230 189
-3 230 190
-3 230 191
-3 231 186
-3 231 187
-3 231 189
-3 231 190
-3 231 191
-3 232 190
-3 232 191
-2 225 176
-2 225 177
-2 225 178
-2 225 179
-2 225 180
-2 225 181
-2 225 182
-2 225 183
-2 225 184
-2 225 185
-2 225 186
-2 225 187
-2 225 188
-2 225 189
-2 225 190
-2 225 191
-2 226 176
-2 226 177
-2 226 178
-2 226 179
-2 226 180
-2 226 181
-2 226 182
-2 226 183
-2 226 184
-2 226 185
-2 226 186
-2 226 187
-2 226 188
-2 226 189
-2 226 190
-2 226 191
-2 227 176
-2 227 177
-2 227 178
-2 227 179
-2 227 180
-2 227 181
-2 227 182
-2 227 183
-2 227 184
-2 227 185
-2 227 186
-2 227 187
-2 227 188
-2 227 189
-2 227 190
-2 227 191
-2 228 180
-2 228 181
-2 228 182
-2 228 183
-2 228 185
-2 228 186
-2 228 187
-2 228 188
-2 228 189
-2 228 190
-2 228 191
-2 229 182
-2 229 183
-2 229 184
-2 229 186
-2 229 187
-2 229 188
-2 229 189
-2 229 190
-2 229 191
-2 230 186
-2 230 187
-2 230 188
-2 230 189
-2 230 190
-2 230 191
-2 231 189
-2 231 190
-2 231 191
-2 232 191
-1 225 176
-1 225 177
-1 225 178
-1 225 179
-1 225 180
-1 225 181
-1 225 182
-1 225 183
-1 225 184
-1 225 185
-1 225 186
-1 225 187
-1 225 188
-1 225 189
-1 225 190
-1 225 191
-1 226 176
-1 226 177
-1 226 178
-1 226 179
-1 226 180
-1 226 181
-1 226 182
-1 226 183
-1 226 184
-1 226 185
-1 226 186
-1 226 187
-1 226 188
-1 226 189
-1 226 190
-1 226 191
-1 227 176
-1 227 178
-1 227 179
-1 227 180
-1 227 181
-1 227 182
-1 227 183
-1 227 184
-1 227 185
-1 227 186
-1 227 187
-1 227 188
-1 227 189
-1 227 190
-1 227 191
-1 228 178
-1 228 179
-1 228 180
-1 228 181
-1 228 182
-1 228 183
-1 228 185
-1 228 186
-1 228 187
-1 228 188
-1 228 189
-1 228 190
-1 228 191
-1 229 181
-1 229 182
-1 229 184
-1 229 185
-1 229 186
-1 229 187
-1 229 188
-1 229 189
-1 229 190
-1 229 191
-1 230 182
-1 230 186
-1 230 187
-1 230 188
-1 230 189
-1 230 190
-1 230 191
-1 231 187
-1 231 188
-1 231 189
-1 231 190
-1 231 191
-1 232 190
-1 232 191
-1 233 191
-1 234 191

