alfheim:altWood1
12
-80 209 -85
-80 209 -84
-80 209 -83
-80 209 -82
-80 209 -81
-80 210 -86
-80 210 -85
-80 210 -84
-80 210 -83
-80 210 -82
-80 210 -81
-80 211 -87
-80 211 -86
-80 211 -85
-80 211 -84
-80 211 -83
-80 211 -82
-80 211 -81
-80 212 -87
-80 212 -86
-80 212 -85
-80 212 -84
-80 212 -83
-80 212 -82
-80 212 -81
-80 213 -88
-80 213 -87
-80 213 -86
-80 213 -85
-80 213 -84
-80 213 -83
-80 213 -82
-80 213 -81
-80 214 -88
-80 214 -87
-80 214 -86
-80 214 -85
-80 214 -84
-80 214 -83
-80 214 -82
-80 214 -81
-80 215 -88
-80 215 -87
-80 215 -86
-80 215 -85
-80 215 -84
-80 215 -83
-80 215 -82
-80 215 -81
-80 216 -87
-80 216 -86
-80 216 -85
-80 216 -84
-80 216 -83
-80 216 -82
-80 216 -81
-80 217 -87
-80 217 -86
-80 217 -85
-80 217 -84
-80 217 -83
-80 217 -82
-80 217 -81
-80 218 -86
-80 218 -85
-80 218 -84
-80 218 -83
-80 218 -82
-80 218 -81
-80 219 -84
-80 219 -83
-79 207 -96
-79 208 -96
-79 208 -95
-79 208 -83
-79 208 -82
-79 208 -81
-79 209 -96
-79 209 -95
-79 209 -94
-79 209 -85
-79 209 -84
-79 209 -83
-79 209 -82
-79 209 -81
-79 210 -96
-79 210 -95
-79 210 -94
-79 210 -86
-79 210 -85
-79 210 -84
-79 210 -83
-79 210 -82
-79 210 -81
-79 211 -96
-79 211 -95
-79 211 -94
-79 211 -87
-79 211 -86
-79 211 -85
-79 211 -84
-79 211 -83
-79 211 -82
-79 211 -81
-79 212 -96
-79 212 -95
-79 212 -94
-79 212 -87
-79 212 -86
-79 212 -85
-79 212 -84
-79 212 -83
-79 212 -82
-79 212 -81
-79 213 -96
-79 213 -95
-79 213 -87
-79 213 -86
-79 213 -85
-79 213 -84
-79 213 -83
-79 213 -82
-79 213 -81
-79 214 -96
-79 214 -87
-79 214 -86
-79 214 -85
-79 214 -84
-79 214 -83
-79 214 -82
-79 214 -81
-79 215 -87
-79 215 -86
-79 215 -85
-79 215 -84
-79 215 -83
-79 215 -82
-79 215 -81
-79 216 -87
-79 216 -86
-79 216 -85
-79 216 -84
-79 216 -83
-79 216 -82
-79 216 -81
-79 217 -86
-79 217 -85
-79 217 -84
-79 217 -83
-79 217 -82
-79 217 -81
-79 218 -85
-79 218 -84
-79 218 -83
-79 218 -82
-79 218 -81
-78 206 -96
-78 207 -96
-78 207 -95
-78 207 -94
-78 208 -96
-78 208 -95
-78 208 -94
-78 208 -93
-78 208 -84
-78 208 -83
-78 208 -82
-78 208 -81
-78 209 -96
-78 209 -95
-78 209 -94
-78 209 -93
-78 209 -85
-78 209 -84
-78 209 -83
-78 209 -82
-78 209 -81
-78 210 -96
-78 210 -95
-78 210 -94
-78 210 -93
-78 210 -86
-78 210 -85
-78 210 -84
-78 210 -83
-78 210 -82
-78 210 -81
-78 211 -96
-78 211 -95
-78 211 -94
-78 211 -93
-78 211 -87
-78 211 -86
-78 211 -85
-78 211 -84
-78 211 -83
-78 211 -82
-78 211 -81
-78 212 -96
-78 212 -95
-78 212 -94
-78 212 -93
-78 212 -87
-78 212 -86
-78 212 -85
-78 212 -84
-78 212 -83
-78 212 -82
-78 212 -81
-78 213 -96
-78 213 -95
-78 213 -94
-78 213 -87
-78 213 -86
-78 213 -85
-78 213 -84
-78 213 -83
-78 213 -82
-78 213 -81
-78 214 -96
-78 214 -95
-78 214 -94
-78 214 -87
-78 214 -86
-78 214 -85
-78 214 -84
-78 214 -83
-78 214 -82
-78 214 -81
-78 215 -96
-78 215 -95
-78 215 -87
-78 215 -86
-78 215 -85
-78 215 -84
-78 215 -83
-78 215 -82
-78 215 -81
-78 216 -96
-78 216 -86
-78 216 -85
-78 216 -84
-78 216 -83
-78 216 -82
-78 216 -81
-78 217 -85
-78 217 -84
-78 217 -83
-78 217 -82
-78 217 -81
-78 218 -84
-78 218 -83
-78 218 -82
-78 218 -81
-77 204 -96
-77 205 -96
-77 205 -95
-77 205 -94
-77 206 -96
-77 206 -95
-77 206 -94
-77 206 -93
-77 206 -92
-77 207 -96
-77 207 -95
-77 207 -94
-77 207 -93
-77 207 -92
-77 207 -91
-77 207 -83
-77 207 -82
-77 207 -81
-77 208 -96
-77 208 -95
-77 208 -94
-77 208 -93
-77 208 -92
-77 208 -91
-77 208 -84
-77 208 -83
-77 208 -82
-77 208 -81
-77 209 -96
-77 209 -95
-77 209 -94
-77 209 -93
-77 209 -92
-77 209 -85
-77 209 -84
-77 209 -83
-77 209 -82
-77 209 -81
-77 210 -96
-77 210 -95
-77 210 -94
-77 210 -93
-77 210 -92
-77 210 -86
-77 210 -85
-77 210 -84
-77 210 -83
-77 210 -82
-77 210 -81
-77 211 -96
-77 211 -95
-77 211 -94
-77 211 -93
-77 211 -92
-77 211 -87
-77 211 -86
-77 211 -85
-77 211 -84
-77 211 -83
-77 211 -82
-77 211 -81
-77 212 -96
-77 212 -95
-77 212 -94
-77 212 -93
-77 212 -87
-77 212 -86
-77 212 -85
-77 212 -84
-77 212 -83
-77 212 -82
-77 212 -81
-77 213 -96
-77 213 -95
-77 213 -94
-77 213 -93
-77 213 -87
-77 213 -86
-77 213 -85
-77 213 -84
-77 213 -83
-77 213 -82
-77 213 -81
-77 214 -96
-77 214 -95
-77 214 -94
-77 214 -93
-77 214 -87
-77 214 -86
-77 214 -85
-77 214 -84
-77 214 -83
-77 214 -82
-77 214 -81
-77 215 -96
-77 215 -95
-77 215 -94
-77 215 -87
-77 215 -86
-77 215 -85
-77 215 -84
-77 215 -83
-77 215 -82
-77 215 -81
-77 216 -96
-77 216 -95
-77 216 -86
-77 216 -85
-77 216 -84
-77 216 -83
-77 216 -82
-77 216 -81
-77 217 -96
-77 217 -85
-77 217 -84
-77 217 -83
-77 217 -82
-77 217 -81
-77 218 -84
-77 218 -83
-77 218 -82
-77 218 -81
-76 204 -96
-76 204 -95
-76 204 -94
-76 204 -93
-76 204 -92
-76 204 -91
-76 204 -90
-76 204 -89
-76 205 -96
-76 205 -95
-76 205 -94
-76 205 -93
-76 205 -92
-76 205 -91
-76 205 -90
-76 205 -89
-76 205 -88
-76 206 -96
-76 206 -95
-76 206 -94
-76 206 -93
-76 206 -92
-76 206 -91
-76 206 -90
-76 206 -89
-76 206 -88
-76 206 -83
-76 206 -82
-76 206 -81
-76 207 -96
-76 207 -95
-76 207 -94
-76 207 -93
-76 207 -92
-76 207 -91
-76 207 -90
-76 207 -89
-76 207 -88
-76 207 -84
-76 207 -83
-76 207 -82
-76 207 -81
-76 208 -96
-76 208 -95
-76 208 -94
-76 208 -93
-76 208 -92
-76 208 -91
-76 208 -90
-76 208 -89
-76 208 -85
-76 208 -84
-76 208 -83
-76 208 -82
-76 208 -81
-76 209 -96
-76 209 -95
-76 209 -94
-76 209 -93
-76 209 -92
-76 209 -91
-76 209 -90
-76 209 -85
-76 209 -84
-76 209 -83
-76 209 -82
-76 209 -81
-76 210 -96
-76 210 -95
-76 210 -94
-76 210 -93
-76 210 -92
-76 210 -91
-76 210 -86
-76 210 -85
-76 210 -84
-76 210 -83
-76 210 -82
-76 210 -81
-76 211 -96
-76 211 -95
-76 211 -94
-76 211 -93
-76 211 -92
-76 211 -87
-76 211 -86
-76 211 -85
-76 211 -84
-76 211 -83
-76 211 -82
-76 211 -81
-76 212 -96
-76 212 -95
-76 212 -94
-76 212 -93
-76 212 -92
-76 212 -87
-76 212 -86
-76 212 -85
-76 212 -84
-76 212 -83
-76 212 -82
-76 212 -81
-76 213 -96
-76 213 -95
-76 213 -94
-76 213 -93
-76 213 -92
-76 213 -87
-76 213 -86
-76 213 -85
-76 213 -84
-76 213 -83
-76 213 -82
-76 213 -81
-76 214 -96
-76 214 -95
-76 214 -94
-76 214 -93
-76 214 -92
-76 214 -87
-76 214 -86
-76 214 -85
-76 214 -84
-76 214 -83
-76 214 -82
-76 214 -81
-76 215 -96
-76 215 -95
-76 215 -94
-76 215 -93
-76 215 -87
-76 215 -86
-76 215 -85
-76 215 -84
-76 215 -83
-76 215 -82
-76 215 -81
-76 216 -96
-76 216 -95
-76 216 -94
-76 216 -93
-76 216 -86
-76 216 -85
-76 216 -84
-76 216 -83
-76 216 -82
-76 216 -81
-76 217 -95
-76 217 -94
-76 217 -85
-76 217 -84
-76 217 -83
-76 217 -82
-76 217 -81
-76 218 -95
-76 218 -84
-76 218 -83
-76 218 -82
-76 218 -81
-75 203 -96
-75 203 -95
-75 203 -94
-75 203 -93
-75 203 -92
-75 203 -91
-75 203 -90
-75 204 -96
-75 204 -95
-75 204 -94
-75 204 -93
-75 204 -92
-75 204 -91
-75 204 -90
-75 204 -89
-75 204 -88
-75 204 -87
-75 204 -86
-75 205 -96
-75 205 -95
-75 205 -94
-75 205 -93
-75 205 -92
-75 205 -91
-75 205 -90
-75 205 -89
-75 205 -88
-75 205 -87
-75 205 -86
-75 205 -85
-75 205 -82
-75 205 -81
-75 206 -96
-75 206 -95
-75 206 -94
-75 206 -93
-75 206 -92
-75 206 -91
-75 206 -90
-75 206 -89
-75 206 -88
-75 206 -87
-75 206 -86
-75 206 -85
-75 206 -84
-75 206 -83
-75 206 -82
-75 206 -81
-75 207 -96
-75 207 -95
-75 207 -94
-75 207 -93
-75 207 -92
-75 207 -91
-75 207 -90
-75 207 -89
-75 207 -88
-75 207 -87
-75 207 -86
-75 207 -85
-75 207 -84
-75 207 -83
-75 207 -82
-75 207 -81
-75 208 -96
-75 208 -95
-75 208 -94
-75 208 -93
-75 208 -92
-75 208 -91
-75 208 -90
-75 208 -89
-75 208 -88
-75 208 -87
-75 208 -86
-75 208 -85
-75 208 -84
-75 208 -83
-75 208 -82
-75 208 -81
-75 209 -96
-75 209 -95
-75 209 -94
-75 209 -93
-75 209 -92
-75 209 -91
-75 209 -90
-75 209 -89
-75 209 -88
-75 209 -87
-75 209 -86
-75 209 -85
-75 209 -84
-75 209 -83
-75 209 -82
-75 209 -81
-75 210 -96
-75 210 -95
-75 210 -94
-75 210 -93
-75 210 -92
-75 210 -91
-75 210 -90
-75 210 -89
-75 210 -88
-75 210 -87
-75 210 -86
-75 210 -85
-75 210 -84
-75 210 -83
-75 210 -82
-75 210 -81
-75 211 -96
-75 211 -95
-75 211 -94
-75 211 -93
-75 211 -92
-75 211 -91
-75 211 -90
-75 211 -89
-75 211 -88
-75 211 -87
-75 211 -86
-75 211 -85
-75 211 -84
-75 211 -83
-75 211 -82
-75 211 -81
-75 212 -96
-75 212 -95
-75 212 -94
-75 212 -93
-75 212 -92
-75 212 -91
-75 212 -90
-75 212 -89
-75 212 -88
-75 212 -87
-75 212 -86
-75 212 -85
-75 212 -84
-75 212 -83
-75 212 -82
-75 212 -81
-75 213 -96
-75 213 -95
-75 213 -94
-75 213 -93
-75 213 -92
-75 213 -87
-75 213 -86
-75 213 -85
-75 213 -84
-75 213 -83
-75 213 -82
-75 213 -81
-75 214 -96
-75 214 -95
-75 214 -94
-75 214 -93
-75 214 -92
-75 214 -87
-75 214 -86
-75 214 -85
-75 214 -84
-75 214 -83
-75 214 -82
-75 214 -81
-75 215 -96
-75 215 -95
-75 215 -94
-75 215 -93
-75 215 -86
-75 215 -85
-75 215 -84
-75 215 -83
-75 215 -82
-75 215 -81
-75 216 -96
-75 216 -95
-75 216 -94
-75 216 -93
-75 216 -86
-75 216 -85
-75 216 -84
-75 216 -83
-75 216 -82
-75 216 -81
-75 217 -96
-75 217 -95
-75 217 -94
-75 217 -93
-75 217 -85
-75 217 -84
-75 217 -83
-75 217 -82
-75 217 -81
-75 218 -96
-75 218 -95
-75 218 -94
-75 218 -83
-75 218 -82
-75 218 -81
-74 202 -96
-74 202 -95
-74 202 -94
-74 202 -93
-74 202 -92
-74 202 -91
-74 202 -90
-74 202 -89
-74 203 -96
-74 203 -95
-74 203 -94
-74 203 -93
-74 203 -92
-74 203 -91
-74 203 -90
-74 203 -89
-74 203 -88
-74 203 -87
-74 203 -86
-74 204 -96
-74 204 -95
-74 204 -94
-74 204 -93
-74 204 -92
-74 204 -91
-74 204 -90
-74 204 -89
-74 204 -88
-74 204 -87
-74 204 -86
-74 204 -85
-74 204 -84
-74 205 -96
-74 205 -95
-74 205 -94
-74 205 -93
-74 205 -92
-74 205 -91
-74 205 -90
-74 205 -89
-74 205 -88
-74 205 -87
-74 205 -86
-74 205 -85
-74 205 -84
-74 205 -83
-74 205 -82
-74 205 -81
-74 206 -96
-74 206 -95
-74 206 -94
-74 206 -93
-74 206 -92
-74 206 -91
-74 206 -90
-74 206 -89
-74 206 -88
-74 206 -87
-74 206 -86
-74 206 -85
-74 206 -84
-74 206 -83
-74 206 -82
-74 206 -81
-74 207 -96
-74 207 -95
-74 207 -94
-74 207 -93
-74 207 -92
-74 207 -91
-74 207 -90
-74 207 -89
-74 207 -88
-74 207 -87
-74 207 -86
-74 207 -85
-74 207 -84
-74 207 -83
-74 207 -82
-74 207 -81
-74 208 -96
-74 208 -95
-74 208 -94
-74 208 -93
-74 208 -92
-74 208 -91
-74 208 -90
-74 208 -89
-74 208 -88
-74 208 -87
-74 208 -86
-74 208 -85
-74 208 -84
-74 208 -83
-74 208 -82
-74 208 -81
-74 209 -96
-74 209 -95
-74 209 -94
-74 209 -93
-74 209 -92
-74 209 -91
-74 209 -90
-74 209 -89
-74 209 -88
-74 209 -87
-74 209 -86
-74 209 -85
-74 209 -84
-74 209 -83
-74 209 -82
-74 209 -81
-74 210 -96
-74 210 -95
-74 210 -94
-74 210 -93
-74 210 -92
-74 210 -91
-74 210 -90
-74 210 -89
-74 210 -88
-74 210 -87
-74 210 -86
-74 210 -85
-74 210 -84
-74 210 -83
-74 210 -82
-74 210 -81
-74 211 -96
-74 211 -95
-74 211 -94
-74 211 -93
-74 211 -92
-74 211 -91
-74 211 -90
-74 211 -89
-74 211 -88
-74 211 -87
-74 211 -86
-74 211 -85
-74 211 -84
-74 211 -83
-74 211 -82
-74 211 -81
-74 212 -96
-74 212 -95
-74 212 -94
-74 212 -93
-74 212 -92
-74 212 -91
-74 212 -90
-74 212 -89
-74 212 -88
-74 212 -87
-74 212 -86
-74 212 -85
-74 212 -84
-74 212 -83
-74 212 -82
-74 212 -81
-74 213 -96
-74 213 -95
-74 213 -94
-74 213 -93
-74 213 -92
-74 213 -91
-74 213 -90
-74 213 -89
-74 213 -88
-74 213 -87
-74 213 -86
-74 213 -85
-74 213 -84
-74 213 -83
-74 213 -82
-74 213 -81
-74 214 -96
-74 214 -95
-74 214 -94
-74 214 -93
-74 214 -92
-74 214 -91
-74 214 -90
-74 214 -87
-74 214 -86
-74 214 -85
-74 214 -84
-74 214 -83
-74 214 -82
-74 214 -81
-74 215 -96
-74 215 -95
-74 215 -94
-74 215 -93
-74 215 -92
-74 215 -91
-74 215 -86
-74 215 -85
-74 215 -84
-74 215 -83
-74 215 -82
-74 215 -81
-74 216 -96
-74 216 -95
-74 216 -94
-74 216 -93
-74 216 -85
-74 216 -84
-74 216 -83
-74 216 -82
-74 216 -81
-74 217 -96
-74 217 -95
-74 217 -94
-74 217 -93
-74 217 -84
-74 217 -83
-74 217 -82
-74 217 -81
-74 218 -96
-74 218 -95
-74 218 -94
-74 219 -96
-74 219 -95
-73 200 -93
-73 200 -92
-73 200 -91
-73 200 -90
-73 201 -96
-73 201 -95
-73 201 -94
-73 201 -93
-73 201 -92
-73 201 -91
-73 201 -90
-73 201 -89
-73 201 -88
-73 201 -87
-73 202 -96
-73 202 -95
-73 202 -94
-73 202 -93
-73 202 -92
-73 202 -91
-73 202 -90
-73 202 -89
-73 202 -88
-73 202 -87
-73 202 -86
-73 202 -85
-73 202 -84
-73 203 -96
-73 203 -95
-73 203 -94
-73 203 -93
-73 203 -92
-73 203 -91
-73 203 -90
-73 203 -89
-73 203 -88
-73 203 -87
-73 203 -86
-73 203 -85
-73 203 -84
-73 203 -83
-73 203 -82
-73 203 -81
-73 204 -96
-73 204 -95
-73 204 -94
-73 204 -93
-73 204 -92
-73 204 -91
-73 204 -90
-73 204 -89
-73 204 -88
-73 204 -87
-73 204 -86
-73 204 -85
-73 204 -84
-73 204 -83
-73 204 -82
-73 204 -81
-73 205 -96
-73 205 -95
-73 205 -94
-73 205 -93
-73 205 -92
-73 205 -91
-73 205 -90
-73 205 -89
-73 205 -88
-73 205 -87
-73 205 -86
-73 205 -85
-73 205 -84
-73 205 -83
-73 205 -82
-73 205 -81
-73 206 -96
-73 206 -95
-73 206 -94
-73 206 -93
-73 206 -92
-73 206 -91
-73 206 -90
-73 206 -89
-73 206 -88
-73 206 -87
-73 206 -86
-73 206 -85
-73 206 -84
-73 206 -83
-73 206 -82
-73 206 -81
-73 207 -96
-73 207 -95
-73 207 -94
-73 207 -93
-73 207 -92
-73 207 -91
-73 207 -90
-73 207 -89
-73 207 -88
-73 207 -87
-73 207 -86
-73 207 -85
-73 207 -84
-73 207 -83
-73 207 -82
-73 207 -81
-73 208 -96
-73 208 -95
-73 208 -94
-73 208 -93
-73 208 -92
-73 208 -91
-73 208 -90
-73 208 -89
-73 208 -88
-73 208 -87
-73 208 -86
-73 208 -85
-73 208 -84
-73 208 -83
-73 208 -82
-73 208 -81
-73 209 -96
-73 209 -95
-73 209 -94
-73 209 -93
-73 209 -92
-73 209 -91
-73 209 -90
-73 209 -89
-73 209 -88
-73 209 -87
-73 209 -86
-73 209 -85
-73 209 -84
-73 209 -83
-73 209 -82
-73 209 -81
-73 210 -96
-73 210 -95
-73 210 -94
-73 210 -93
-73 210 -92
-73 210 -91
-73 210 -90
-73 210 -89
-73 210 -88
-73 210 -87
-73 210 -86
-73 210 -85
-73 210 -84
-73 210 -83
-73 210 -82
-73 210 -81
-73 211 -96
-73 211 -95
-73 211 -94
-73 211 -93
-73 211 -92
-73 211 -91
-73 211 -90
-73 211 -89
-73 211 -88
-73 211 -87
-73 211 -86
-73 211 -85
-73 211 -84
-73 211 -83
-73 211 -82
-73 211 -81
-73 212 -96
-73 212 -95
-73 212 -94
-73 212 -93
-73 212 -92
-73 212 -91
-73 212 -90
-73 212 -89
-73 212 -88
-73 212 -87
-73 212 -86
-73 212 -85
-73 212 -84
-73 212 -83
-73 212 -82
-73 212 -81
-73 213 -96
-73 213 -95
-73 213 -94
-73 213 -93
-73 213 -92
-73 213 -91
-73 213 -90
-73 213 -89
-73 213 -88
-73 213 -87
-73 213 -86
-73 213 -85
-73 213 -84
-73 213 -83
-73 213 -82
-73 213 -81
-73 214 -96
-73 214 -95
-73 214 -94
-73 214 -93
-73 214 -92
-73 214 -91
-73 214 -90
-73 214 -89
-73 214 -88
-73 214 -87
-73 214 -86
-73 214 -85
-73 214 -84
-73 214 -83
-73 214 -82
-73 214 -81
-73 215 -96
-73 215 -95
-73 215 -94
-73 215 -93
-73 215 -92
-73 215 -91
-73 215 -90
-73 215 -89
-73 215 -85
-73 215 -84
-73 215 -83
-73 215 -82
-73 215 -81
-73 216 -96
-73 216 -95
-73 216 -94
-73 216 -93
-73 216 -92
-73 216 -91
-73 216 -84
-73 216 -83
-73 216 -82
-73 216 -81
-73 217 -96
-73 217 -95
-73 217 -94
-73 217 -93
-73 217 -92
-73 218 -96
-73 218 -95
-73 218 -94
-73 218 -93
-73 219 -96
-73 219 -95
-72 198 -93
-72 198 -92
-72 198 -91
-72 198 -90
-72 198 -89
-72 198 -88
-72 198 -87
-72 199 -95
-72 199 -94
-72 199 -93
-72 199 -92
-72 199 -91
-72 199 -90
-72 199 -89
-72 199 -88
-72 199 -87
-72 199 -86
-72 199 -85
-72 200 -96
-72 200 -95
-72 200 -94
-72 200 -93
-72 200 -92
-72 200 -91
-72 200 -90
-72 200 -89
-72 200 -88
-72 200 -87
-72 200 -86
-72 200 -85
-72 200 -84
-72 201 -96
-72 201 -95
-72 201 -94
-72 201 -93
-72 201 -92
-72 201 -91
-72 201 -90
-72 201 -89
-72 201 -88
-72 201 -87
-72 201 -86
-72 201 -85
-72 201 -84
-72 201 -83
-72 202 -96
-72 202 -95
-72 202 -94
-72 202 -93
-72 202 -92
-72 202 -91
-72 202 -90
-72 202 -89
-72 202 -88
-72 202 -87
-72 202 -86
-72 202 -85
-72 202 -84
-72 202 -83
-72 202 -82
-72 203 -96
-72 203 -95
-72 203 -94
-72 203 -93
-72 203 -92
-72 203 -91
-72 203 -90
-72 203 -89
-72 203 -88
-72 203 -87
-72 203 -86
-72 203 -85
-72 203 -84
-72 203 -83
-72 203 -82
-72 203 -81
-72 204 -96
-72 204 -95
-72 204 -94
-72 204 -93
-72 204 -92
-72 204 -91
-72 204 -90
-72 204 -89
-72 204 -88
-72 204 -87
-72 204 -86
-72 204 -85
-72 204 -84
-72 204 -83
-72 204 -82
-72 204 -81
-72 205 -96
-72 205 -95
-72 205 -94
-72 205 -93
-72 205 -92
-72 205 -91
-72 205 -90
-72 205 -89
-72 205 -88
-72 205 -87
-72 205 -86
-72 205 -85
-72 205 -84
-72 205 -83
-72 205 -82
-72 205 -81
-72 206 -96
-72 206 -95
-72 206 -94
-72 206 -93
-72 206 -92
-72 206 -91
-72 206 -90
-72 206 -89
-72 206 -88
-72 206 -87
-72 206 -86
-72 206 -85
-72 206 -84
-72 206 -83
-72 206 -82
-72 206 -81
-72 207 -96
-72 207 -95
-72 207 -94
-72 207 -93
-72 207 -92
-72 207 -91
-72 207 -90
-72 207 -89
-72 207 -88
-72 207 -87
-72 207 -86
-72 207 -85
-72 207 -84
-72 207 -83
-72 207 -82
-72 207 -81
-72 208 -96
-72 208 -95
-72 208 -94
-72 208 -93
-72 208 -92
-72 208 -91
-72 208 -90
-72 208 -89
-72 208 -88
-72 208 -87
-72 208 -86
-72 208 -85
-72 208 -84
-72 208 -83
-72 208 -82
-72 208 -81
-72 209 -96
-72 209 -95
-72 209 -94
-72 209 -93
-72 209 -92
-72 209 -91
-72 209 -90
-72 209 -89
-72 209 -88
-72 209 -87
-72 209 -86
-72 209 -85
-72 209 -84
-72 209 -83
-72 209 -82
-72 209 -81
-72 210 -96
-72 210 -95
-72 210 -94
-72 210 -93
-72 210 -92
-72 210 -91
-72 210 -90
-72 210 -89
-72 210 -88
-72 210 -87
-72 210 -86
-72 210 -85
-72 210 -84
-72 210 -83
-72 210 -82
-72 210 -81
-72 211 -96
-72 211 -95
-72 211 -94
-72 211 -93
-72 211 -92
-72 211 -91
-72 211 -90
-72 211 -89
-72 211 -88
-72 211 -87
-72 211 -86
-72 211 -85
-72 211 -84
-72 211 -83
-72 211 -82
-72 211 -81
-72 212 -96
-72 212 -95
-72 212 -94
-72 212 -93
-72 212 -92
-72 212 -91
-72 212 -90
-72 212 -89
-72 212 -88
-72 212 -87
-72 212 -86
-72 212 -85
-72 212 -84
-72 212 -83
-72 212 -82
-72 212 -81
-72 213 -96
-72 213 -95
-72 213 -94
-72 213 -93
-72 213 -92
-72 213 -91
-72 213 -90
-72 213 -89
-72 213 -88
-72 213 -87
-72 213 -86
-72 213 -85
-72 213 -84
-72 213 -83
-72 213 -82
-72 213 -81
-72 214 -96
-72 214 -95
-72 214 -94
-72 214 -93
-72 214 -92
-72 214 -91
-72 214 -90
-72 214 -89
-72 214 -88
-72 214 -87
-72 214 -86
-72 214 -85
-72 214 -84
-72 214 -83
-72 214 -82
-72 214 -81
-72 215 -96
-72 215 -95
-72 215 -94
-72 215 -93
-72 215 -92
-72 215 -91
-72 215 -90
-72 215 -89
-72 215 -88
-72 215 -87
-72 215 -83
-72 215 -82
-72 215 -81
-72 216 -96
-72 216 -95
-72 216 -94
-72 216 -93
-72 216 -92
-72 216 -91
-72 216 -90
-72 216 -89
-72 217 -96
-72 217 -95
-72 217 -94
-72 217 -93
-72 217 -92
-72 217 -91
-72 218 -96
-72 218 -95
-72 218 -94
-72 218 -93
-72 218 -92
-72 219 -96
-72 219 -95
-72 219 -94
-71 197 -94
-71 197 -93
-71 197 -92
-71 197 -91
-71 197 -90
-71 197 -89
-71 197 -88
-71 197 -87
-71 197 -86
-71 197 -85
-71 198 -95
-71 198 -94
-71 198 -93
-71 198 -92
-71 198 -91
-71 198 -90
-71 198 -89
-71 198 -88
-71 198 -87
-71 198 -86
-71 198 -85
-71 198 -84
-71 199 -96
-71 199 -95
-71 199 -94
-71 199 -93
-71 199 -92
-71 199 -91
-71 199 -90
-71 199 -89
-71 199 -88
-71 199 -87
-71 199 -86
-71 199 -85
-71 199 -84
-71 199 -83
-71 200 -96
-71 200 -95
-71 200 -94
-71 200 -93
-71 200 -92
-71 200 -91
-71 200 -90
-71 200 -89
-71 200 -88
-71 200 -87
-71 200 -86
-71 200 -85
-71 200 -84
-71 200 -83
-71 200 -82
-71 201 -96
-71 201 -95
-71 201 -94
-71 201 -93
-71 201 -92
-71 201 -91
-71 201 -90
-71 201 -89
-71 201 -88
-71 201 -87
-71 201 -86
-71 201 -85
-71 201 -84
-71 201 -83
-71 201 -82
-71 201 -81
-71 202 -96
-71 202 -95
-71 202 -94
-71 202 -93
-71 202 -92
-71 202 -91
-71 202 -90
-71 202 -89
-71 202 -88
-71 202 -87
-71 202 -86
-71 202 -85
-71 202 -84
-71 202 -83
-71 202 -82
-71 202 -81
-71 203 -96
-71 203 -95
-71 203 -94
-71 203 -93
-71 203 -92
-71 203 -91
-71 203 -90
-71 203 -89
-71 203 -88
-71 203 -87
-71 203 -86
-71 203 -85
-71 203 -84
-71 203 -83
-71 203 -82
-71 203 -81
-71 204 -96
-71 204 -95
-71 204 -94
-71 204 -93
-71 204 -92
-71 204 -91
-71 204 -90
-71 204 -89
-71 204 -88
-71 204 -87
-71 204 -86
-71 204 -85
-71 204 -84
-71 204 -83
-71 204 -82
-71 204 -81
-71 205 -96
-71 205 -95
-71 205 -94
-71 205 -93
-71 205 -92
-71 205 -91
-71 205 -90
-71 205 -89
-71 205 -88
-71 205 -87
-71 205 -86
-71 205 -85
-71 205 -84
-71 205 -83
-71 205 -82
-71 205 -81
-71 206 -96
-71 206 -95
-71 206 -94
-71 206 -93
-71 206 -92
-71 206 -91
-71 206 -90
-71 206 -89
-71 206 -88
-71 206 -87
-71 206 -86
-71 206 -85
-71 206 -84
-71 206 -83
-71 206 -82
-71 206 -81
-71 207 -96
-71 207 -95
-71 207 -94
-71 207 -93
-71 207 -92
-71 207 -91
-71 207 -90
-71 207 -89
-71 207 -88
-71 207 -87
-71 207 -86
-71 207 -85
-71 207 -84
-71 207 -83
-71 207 -82
-71 207 -81
-71 208 -96
-71 208 -95
-71 208 -94
-71 208 -93
-71 208 -92
-71 208 -91
-71 208 -90
-71 208 -89
-71 208 -88
-71 208 -87
-71 208 -86
-71 208 -85
-71 208 -84
-71 208 -83
-71 208 -82
-71 208 -81
-71 209 -96
-71 209 -95
-71 209 -94
-71 209 -93
-71 209 -92
-71 209 -91
-71 209 -90
-71 209 -89
-71 209 -88
-71 209 -87
-71 209 -86
-71 209 -85
-71 209 -84
-71 209 -83
-71 209 -82
-71 209 -81
-71 210 -96
-71 210 -95
-71 210 -94
-71 210 -93
-71 210 -92
-71 210 -91
-71 210 -90
-71 210 -89
-71 210 -88
-71 210 -87
-71 210 -86
-71 210 -85
-71 210 -84
-71 210 -83
-71 210 -82
-71 210 -81
-71 211 -96
-71 211 -95
-71 211 -94
-71 211 -93
-71 211 -92
-71 211 -91
-71 211 -90
-71 211 -89
-71 211 -88
-71 211 -87
-71 211 -86
-71 211 -85
-71 211 -84
-71 211 -83
-71 211 -82
-71 211 -81
-71 212 -96
-71 212 -95
-71 212 -94
-71 212 -93
-71 212 -92
-71 212 -91
-71 212 -90
-71 212 -89
-71 212 -88
-71 212 -87
-71 212 -86
-71 212 -85
-71 212 -84
-71 212 -83
-71 212 -82
-71 212 -81
-71 213 -96
-71 213 -95
-71 213 -94
-71 213 -93
-71 213 -92
-71 213 -91
-71 213 -90
-71 213 -89
-71 213 -88
-71 213 -87
-71 213 -86
-71 213 -85
-71 213 -84
-71 213 -83
-71 213 -82
-71 213 -81
-71 214 -96
-71 214 -95
-71 214 -94
-71 214 -93
-71 214 -92
-71 214 -91
-71 214 -90
-71 214 -89
-71 214 -88
-71 214 -87
-71 214 -86
-71 214 -85
-71 214 -84
-71 214 -83
-71 214 -82
-71 214 -81
-71 215 -96
-71 215 -95
-71 215 -94
-71 215 -93
-71 215 -92
-71 215 -91
-71 215 -90
-71 215 -89
-71 215 -88
-71 215 -87
-71 215 -86
-71 215 -82
-71 215 -81
-71 216 -96
-71 216 -95
-71 216 -94
-71 216 -93
-71 216 -92
-71 216 -91
-71 216 -90
-71 216 -89
-71 216 -88
-71 216 -87
-71 217 -96
-71 217 -95
-71 217 -94
-71 217 -93
-71 217 -92
-71 217 -91
-71 217 -90
-71 217 -89
-71 218 -96
-71 218 -95
-71 218 -94
-71 218 -93
-71 218 -92
-71 218 -91
-71 219 -96
-71 219 -95
-71 219 -94
-71 219 -93
-70 196 -93
-70 196 -92
-70 196 -91
-70 196 -90
-70 196 -89
-70 196 -88
-70 196 -87
-70 196 -86
-70 197 -95
-70 197 -94
-70 197 -93
-70 197 -92
-70 197 -91
-70 197 -90
-70 197 -89
-70 197 -88
-70 197 -87
-70 197 -86
-70 197 -85
-70 197 -84
-70 197 -83
-70 198 -96
-70 198 -95
-70 198 -94
-70 198 -93
-70 198 -92
-70 198 -91
-70 198 -90
-70 198 -89
-70 198 -88
-70 198 -87
-70 198 -86
-70 198 -85
-70 198 -84
-70 198 -83
-70 198 -82
-70 198 -81
-70 199 -96
-70 199 -95
-70 199 -94
-70 199 -93
-70 199 -92
-70 199 -91
-70 199 -90
-70 199 -89
-70 199 -88
-70 199 -87
-70 199 -86
-70 199 -85
-70 199 -84
-70 199 -83
-70 199 -82
-70 199 -81
-70 200 -96
-70 200 -95
-70 200 -94
-70 200 -93
-70 200 -92
-70 200 -91
-70 200 -90
-70 200 -89
-70 200 -88
-70 200 -87
-70 200 -86
-70 200 -85
-70 200 -84
-70 200 -83
-70 200 -82
-70 200 -81
-70 201 -96
-70 201 -95
-70 201 -94
-70 201 -93
-70 201 -92
-70 201 -91
-70 201 -90
-70 201 -89
-70 201 -88
-70 201 -87
-70 201 -86
-70 201 -85
-70 201 -84
-70 201 -83
-70 201 -82
-70 201 -81
-70 202 -96
-70 202 -95
-70 202 -94
-70 202 -93
-70 202 -92
-70 202 -91
-70 202 -90
-70 202 -89
-70 202 -88
-70 202 -87
-70 202 -86
-70 202 -85
-70 202 -84
-70 202 -83
-70 202 -82
-70 202 -81
-70 203 -96
-70 203 -95
-70 203 -94
-70 203 -93
-70 203 -92
-70 203 -91
-70 203 -90
-70 203 -89
-70 203 -88
-70 203 -87
-70 203 -86
-70 203 -85
-70 203 -84
-70 203 -83
-70 203 -82
-70 203 -81
-70 204 -96
-70 204 -95
-70 204 -94
-70 204 -93
-70 204 -92
-70 204 -91
-70 204 -90
-70 204 -89
-70 204 -88
-70 204 -87
-70 204 -86
-70 204 -85
-70 204 -84
-70 204 -83
-70 204 -82
-70 204 -81
-70 205 -96
-70 205 -95
-70 205 -94
-70 205 -93
-70 205 -92
-70 205 -91
-70 205 -90
-70 205 -89
-70 205 -88
-70 205 -87
-70 205 -86
-70 205 -85
-70 205 -84
-70 205 -83
-70 205 -82
-70 205 -81
-70 206 -96
-70 206 -95
-70 206 -94
-70 206 -93
-70 206 -92
-70 206 -91
-70 206 -90
-70 206 -89
-70 206 -88
-70 206 -87
-70 206 -86
-70 206 -85
-70 206 -84
-70 206 -83
-70 206 -82
-70 206 -81
-70 207 -96
-70 207 -95
-70 207 -94
-70 207 -93
-70 207 -92
-70 207 -91
-70 207 -90
-70 207 -89
-70 207 -88
-70 207 -87
-70 207 -86
-70 207 -85
-70 207 -84
-70 207 -83
-70 207 -82
-70 207 -81
-70 208 -96
-70 208 -95
-70 208 -94
-70 208 -93
-70 208 -92
-70 208 -91
-70 208 -90
-70 208 -89
-70 208 -88
-70 208 -87
-70 208 -86
-70 208 -85
-70 208 -84
-70 208 -83
-70 208 -82
-70 208 -81
-70 209 -96
-70 209 -95
-70 209 -94
-70 209 -93
-70 209 -92
-70 209 -91
-70 209 -90
-70 209 -89
-70 209 -88
-70 209 -87
-70 209 -86
-70 209 -85
-70 209 -84
-70 209 -83
-70 209 -82
-70 209 -81
-70 210 -96
-70 210 -95
-70 210 -94
-70 210 -93
-70 210 -92
-70 210 -91
-70 210 -90
-70 210 -89
-70 210 -88
-70 210 -87
-70 210 -86
-70 210 -85
-70 210 -84
-70 210 -83
-70 210 -82
-70 210 -81
-70 211 -96
-70 211 -95
-70 211 -94
-70 211 -93
-70 211 -92
-70 211 -91
-70 211 -90
-70 211 -89
-70 211 -88
-70 211 -87
-70 211 -86
-70 211 -85
-70 211 -84
-70 211 -83
-70 211 -82
-70 211 -81
-70 212 -96
-70 212 -95
-70 212 -94
-70 212 -93
-70 212 -92
-70 212 -91
-70 212 -90
-70 212 -89
-70 212 -88
-70 212 -87
-70 212 -86
-70 212 -85
-70 212 -84
-70 212 -83
-70 212 -82
-70 212 -81
-70 213 -96
-70 213 -95
-70 213 -94
-70 213 -93
-70 213 -92
-70 213 -91
-70 213 -90
-70 213 -89
-70 213 -88
-70 213 -87
-70 213 -86
-70 213 -85
-70 213 -84
-70 213 -83
-70 213 -82
-70 213 -81
-70 214 -96
-70 214 -95
-70 214 -94
-70 214 -93
-70 214 -92
-70 214 -91
-70 214 -90
-70 214 -89
-70 214 -88
-70 214 -87
-70 214 -86
-70 214 -85
-70 214 -84
-70 214 -83
-70 214 -82
-70 214 -81
-70 215 -96
-70 215 -95
-70 215 -94
-70 215 -93
-70 215 -92
-70 215 -91
-70 215 -90
-70 215 -89
-70 215 -88
-70 215 -87
-70 215 -86
-70 216 -96
-70 216 -95
-70 216 -94
-70 216 -93
-70 216 -92
-70 216 -91
-70 216 -90
-70 216 -89
-70 216 -88
-70 216 -87
-70 216 -86
-70 217 -96
-70 217 -95
-70 217 -94
-70 217 -93
-70 217 -92
-70 217 -91
-70 217 -90
-70 217 -89
-70 217 -88
-70 218 -96
-70 218 -95
-70 218 -94
-70 218 -93
-70 218 -92
-70 218 -91
-70 219 -96
-70 219 -95
-70 219 -94
-70 219 -93
-69 195 -89
-69 195 -88
-69 195 -87
-69 196 -94
-69 196 -93
-69 196 -92
-69 196 -91
-69 196 -90
-69 196 -89
-69 196 -88
-69 196 -87
-69 196 -86
-69 196 -85
-69 197 -96
-69 197 -95
-69 197 -94
-69 197 -93
-69 197 -92
-69 197 -91
-69 197 -90
-69 197 -89
-69 197 -88
-69 197 -87
-69 197 -86
-69 197 -85
-69 197 -84
-69 197 -83
-69 197 -82
-69 197 -81
-69 198 -96
-69 198 -95
-69 198 -94
-69 198 -93
-69 198 -92
-69 198 -91
-69 198 -90
-69 198 -89
-69 198 -88
-69 198 -87
-69 198 -86
-69 198 -85
-69 198 -84
-69 198 -83
-69 198 -82
-69 198 -81
-69 199 -96
-69 199 -95
-69 199 -94
-69 199 -93
-69 199 -92
-69 199 -91
-69 199 -90
-69 199 -89
-69 199 -88
-69 199 -87
-69 199 -86
-69 199 -85
-69 199 -84
-69 199 -83
-69 199 -82
-69 199 -81
-69 200 -96
-69 200 -95
-69 200 -94
-69 200 -93
-69 200 -92
-69 200 -91
-69 200 -90
-69 200 -89
-69 200 -88
-69 200 -87
-69 200 -86
-69 200 -85
-69 200 -84
-69 200 -83
-69 200 -82
-69 200 -81
-69 201 -96
-69 201 -95
-69 201 -94
-69 201 -93
-69 201 -92
-69 201 -91
-69 201 -90
-69 201 -89
-69 201 -88
-69 201 -87
-69 201 -86
-69 201 -85
-69 201 -84
-69 201 -83
-69 201 -82
-69 201 -81
-69 202 -96
-69 202 -95
-69 202 -94
-69 202 -93
-69 202 -92
-69 202 -91
-69 202 -90
-69 202 -89
-69 202 -88
-69 202 -87
-69 202 -86
-69 202 -85
-69 202 -84
-69 202 -83
-69 202 -82
-69 202 -81
-69 203 -96
-69 203 -95
-69 203 -94
-69 203 -93
-69 203 -92
-69 203 -91
-69 203 -90
-69 203 -89
-69 203 -88
-69 203 -87
-69 203 -86
-69 203 -85
-69 203 -84
-69 203 -83
-69 203 -82
-69 203 -81
-69 204 -96
-69 204 -95
-69 204 -94
-69 204 -93
-69 204 -92
-69 204 -91
-69 204 -90
-69 204 -89
-69 204 -88
-69 204 -87
-69 204 -86
-69 204 -85
-69 204 -84
-69 204 -83
-69 204 -82
-69 204 -81
-69 205 -96
-69 205 -95
-69 205 -94
-69 205 -93
-69 205 -92
-69 205 -91
-69 205 -90
-69 205 -89
-69 205 -88
-69 205 -87
-69 205 -86
-69 205 -85
-69 205 -84
-69 205 -83
-69 205 -82
-69 205 -81
-69 206 -96
-69 206 -95
-69 206 -94
-69 206 -93
-69 206 -92
-69 206 -91
-69 206 -90
-69 206 -89
-69 206 -88
-69 206 -87
-69 206 -86
-69 206 -85
-69 206 -84
-69 206 -83
-69 206 -82
-69 206 -81
-69 207 -96
-69 207 -95
-69 207 -94
-69 207 -93
-69 207 -92
-69 207 -91
-69 207 -90
-69 207 -89
-69 207 -88
-69 207 -87
-69 207 -86
-69 207 -85
-69 207 -84
-69 207 -83
-69 207 -82
-69 207 -81
-69 208 -96
-69 208 -95
-69 208 -94
-69 208 -93
-69 208 -92
-69 208 -91
-69 208 -90
-69 208 -89
-69 208 -88
-69 208 -87
-69 208 -86
-69 208 -85
-69 208 -84
-69 208 -83
-69 208 -82
-69 208 -81
-69 209 -96
-69 209 -95
-69 209 -94
-69 209 -93
-69 209 -92
-69 209 -91
-69 209 -90
-69 209 -89
-69 209 -88
-69 209 -87
-69 209 -86
-69 209 -85
-69 209 -84
-69 209 -83
-69 209 -82
-69 209 -81
-69 210 -96
-69 210 -95
-69 210 -94
-69 210 -93
-69 210 -92
-69 210 -91
-69 210 -90
-69 210 -89
-69 210 -88
-69 210 -87
-69 210 -86
-69 210 -85
-69 210 -84
-69 210 -83
-69 210 -82
-69 210 -81
-69 211 -96
-69 211 -95
-69 211 -94
-69 211 -93
-69 211 -92
-69 211 -91
-69 211 -90
-69 211 -89
-69 211 -88
-69 211 -87
-69 211 -86
-69 211 -85
-69 211 -84
-69 211 -83
-69 211 -82
-69 211 -81
-69 212 -96
-69 212 -95
-69 212 -94
-69 212 -93
-69 212 -92
-69 212 -91
-69 212 -90
-69 212 -89
-69 212 -88
-69 212 -87
-69 212 -86
-69 212 -85
-69 212 -84
-69 212 -83
-69 212 -82
-69 212 -81
-69 213 -96
-69 213 -95
-69 213 -94
-69 213 -93
-69 213 -92
-69 213 -91
-69 213 -90
-69 213 -89
-69 213 -88
-69 213 -87
-69 213 -86
-69 213 -85
-69 213 -84
-69 213 -83
-69 213 -82
-69 213 -81
-69 214 -96
-69 214 -95
-69 214 -94
-69 214 -93
-69 214 -92
-69 214 -91
-69 214 -90
-69 214 -89
-69 214 -88
-69 214 -87
-69 214 -86
-69 214 -85
-69 214 -84
-69 214 -83
-69 214 -82
-69 214 -81
-69 215 -96
-69 215 -95
-69 215 -94
-69 215 -93
-69 215 -92
-69 215 -91
-69 215 -90
-69 215 -89
-69 215 -88
-69 215 -87
-69 215 -86
-69 215 -85
-69 216 -96
-69 216 -95
-69 216 -94
-69 216 -93
-69 216 -92
-69 216 -91
-69 216 -90
-69 216 -89
-69 216 -88
-69 216 -87
-69 216 -86
-69 217 -96
-69 217 -95
-69 217 -94
-69 217 -93
-69 217 -92
-69 217 -91
-69 217 -90
-69 217 -89
-69 217 -88
-69 217 -87
-69 218 -96
-69 218 -95
-69 218 -94
-69 218 -93
-69 218 -92
-69 218 -91
-69 218 -90
-69 218 -89
-69 219 -96
-69 219 -95
-69 219 -92
-68 195 -91
-68 195 -90
-68 195 -89
-68 195 -88
-68 195 -87
-68 196 -95
-68 196 -94
-68 196 -93
-68 196 -92
-68 196 -91
-68 196 -90
-68 196 -89
-68 196 -88
-68 196 -87
-68 196 -86
-68 196 -85
-68 196 -84
-68 196 -83
-68 196 -82
-68 196 -81
-68 197 -96
-68 197 -95
-68 197 -94
-68 197 -93
-68 197 -92
-68 197 -91
-68 197 -90
-68 197 -89
-68 197 -88
-68 197 -87
-68 197 -86
-68 197 -85
-68 197 -84
-68 197 -83
-68 197 -82
-68 197 -81
-68 198 -96
-68 198 -95
-68 198 -94
-68 198 -93
-68 198 -92
-68 198 -91
-68 198 -90
-68 198 -89
-68 198 -88
-68 198 -87
-68 198 -86
-68 198 -85
-68 198 -84
-68 198 -83
-68 198 -82
-68 198 -81
-68 199 -96
-68 199 -95
-68 199 -94
-68 199 -93
-68 199 -92
-68 199 -91
-68 199 -90
-68 199 -89
-68 199 -88
-68 199 -87
-68 199 -86
-68 199 -85
-68 199 -84
-68 199 -83
-68 199 -82
-68 199 -81
-68 200 -96
-68 200 -95
-68 200 -94
-68 200 -93
-68 200 -92
-68 200 -91
-68 200 -90
-68 200 -89
-68 200 -88
-68 200 -87
-68 200 -86
-68 200 -85
-68 200 -84
-68 200 -83
-68 200 -82
-68 200 -81
-68 201 -96
-68 201 -95
-68 201 -94
-68 201 -93
-68 201 -92
-68 201 -91
-68 201 -90
-68 201 -89
-68 201 -88
-68 201 -87
-68 201 -86
-68 201 -85
-68 201 -84
-68 201 -83
-68 201 -82
-68 201 -81
-68 202 -96
-68 202 -95
-68 202 -94
-68 202 -93
-68 202 -92
-68 202 -91
-68 202 -90
-68 202 -89
-68 202 -88
-68 202 -87
-68 202 -86
-68 202 -85
-68 202 -84
-68 202 -83
-68 202 -82
-68 202 -81
-68 203 -96
-68 203 -95
-68 203 -94
-68 203 -93
-68 203 -92
-68 203 -91
-68 203 -90
-68 203 -89
-68 203 -88
-68 203 -87
-68 203 -86
-68 203 -85
-68 203 -84
-68 203 -83
-68 203 -82
-68 203 -81
-68 204 -96
-68 204 -95
-68 204 -94
-68 204 -93
-68 204 -92
-68 204 -91
-68 204 -90
-68 204 -89
-68 204 -88
-68 204 -87
-68 204 -86
-68 204 -85
-68 204 -84
-68 204 -83
-68 204 -82
-68 204 -81
-68 205 -96
-68 205 -95
-68 205 -94
-68 205 -93
-68 205 -92
-68 205 -91
-68 205 -90
-68 205 -89
-68 205 -88
-68 205 -87
-68 205 -86
-68 205 -85
-68 205 -84
-68 205 -83
-68 205 -82
-68 205 -81
-68 206 -96
-68 206 -95
-68 206 -94
-68 206 -93
-68 206 -92
-68 206 -91
-68 206 -90
-68 206 -89
-68 206 -88
-68 206 -87
-68 206 -86
-68 206 -85
-68 206 -84
-68 206 -83
-68 206 -82
-68 206 -81
-68 207 -96
-68 207 -95
-68 207 -94
-68 207 -93
-68 207 -92
-68 207 -91
-68 207 -90
-68 207 -89
-68 207 -88
-68 207 -87
-68 207 -86
-68 207 -85
-68 207 -84
-68 207 -83
-68 207 -82
-68 207 -81
-68 208 -96
-68 208 -95
-68 208 -94
-68 208 -93
-68 208 -92
-68 208 -91
-68 208 -90
-68 208 -89
-68 208 -88
-68 208 -87
-68 208 -86
-68 208 -85
-68 208 -84
-68 208 -83
-68 208 -82
-68 208 -81
-68 209 -96
-68 209 -95
-68 209 -94
-68 209 -93
-68 209 -92
-68 209 -91
-68 209 -90
-68 209 -89
-68 209 -88
-68 209 -87
-68 209 -86
-68 209 -85
-68 209 -84
-68 209 -83
-68 209 -82
-68 209 -81
-68 210 -96
-68 210 -95
-68 210 -94
-68 210 -93
-68 210 -92
-68 210 -91
-68 210 -90
-68 210 -89
-68 210 -88
-68 210 -87
-68 210 -86
-68 210 -85
-68 210 -84
-68 210 -83
-68 210 -82
-68 210 -81
-68 211 -96
-68 211 -95
-68 211 -94
-68 211 -93
-68 211 -92
-68 211 -91
-68 211 -90
-68 211 -89
-68 211 -88
-68 211 -87
-68 211 -86
-68 211 -85
-68 211 -84
-68 211 -83
-68 211 -82
-68 211 -81
-68 212 -96
-68 212 -95
-68 212 -94
-68 212 -93
-68 212 -92
-68 212 -91
-68 212 -90
-68 212 -89
-68 212 -88
-68 212 -87
-68 212 -86
-68 212 -85
-68 212 -84
-68 212 -83
-68 212 -82
-68 212 -81
-68 213 -96
-68 213 -95
-68 213 -94
-68 213 -93
-68 213 -92
-68 213 -91
-68 213 -90
-68 213 -89
-68 213 -88
-68 213 -87
-68 213 -86
-68 213 -85
-68 213 -84
-68 213 -83
-68 213 -82
-68 213 -81
-68 214 -96
-68 214 -95
-68 214 -94
-68 214 -93
-68 214 -92
-68 214 -91
-68 214 -90
-68 214 -89
-68 214 -88
-68 214 -87
-68 214 -86
-68 214 -85
-68 214 -84
-68 214 -83
-68 214 -82
-68 214 -81
-68 215 -96
-68 215 -95
-68 215 -94
-68 215 -93
-68 215 -92
-68 215 -91
-68 215 -90
-68 215 -89
-68 215 -88
-68 215 -87
-68 215 -86
-68 215 -85
-68 215 -84
-68 215 -83
-68 216 -96
-68 216 -95
-68 216 -94
-68 216 -93
-68 216 -92
-68 216 -91
-68 216 -90
-68 216 -89
-68 216 -88
-68 216 -87
-68 216 -86
-68 216 -85
-68 217 -96
-68 217 -95
-68 217 -94
-68 217 -93
-68 217 -92
-68 217 -91
-68 217 -90
-68 217 -89
-68 217 -88
-68 217 -87
-68 218 -96
-68 218 -94
-68 218 -93
-68 218 -92
-68 218 -91
-68 218 -90
-68 218 -89
-68 218 -88
-68 219 -92
-68 219 -91
-67 195 -92
-67 195 -91
-67 195 -90
-67 195 -89
-67 195 -88
-67 195 -87
-67 195 -86
-67 195 -85
-67 195 -84
-67 195 -83
-67 195 -82
-67 195 -81
-67 196 -96
-67 196 -95
-67 196 -94
-67 196 -93
-67 196 -92
-67 196 -91
-67 196 -90
-67 196 -89
-67 196 -88
-67 196 -87
-67 196 -86
-67 196 -85
-67 196 -84
-67 196 -83
-67 196 -82
-67 196 -81
-67 197 -96
-67 197 -95
-67 197 -94
-67 197 -93
-67 197 -92
-67 197 -91
-67 197 -90
-67 197 -89
-67 197 -88
-67 197 -87
-67 197 -86
-67 197 -85
-67 197 -84
-67 197 -83
-67 197 -82
-67 197 -81
-67 198 -96
-67 198 -95
-67 198 -94
-67 198 -93
-67 198 -92
-67 198 -91
-67 198 -90
-67 198 -89
-67 198 -88
-67 198 -87
-67 198 -86
-67 198 -85
-67 198 -84
-67 198 -83
-67 198 -82
-67 198 -81
-67 199 -96
-67 199 -95
-67 199 -94
-67 199 -93
-67 199 -92
-67 199 -91
-67 199 -90
-67 199 -89
-67 199 -88
-67 199 -87
-67 199 -86
-67 199 -85
-67 199 -84
-67 199 -83
-67 199 -82
-67 199 -81
-67 200 -96
-67 200 -95
-67 200 -94
-67 200 -93
-67 200 -92
-67 200 -91
-67 200 -90
-67 200 -89
-67 200 -88
-67 200 -87
-67 200 -86
-67 200 -85
-67 200 -84
-67 200 -83
-67 200 -82
-67 200 -81
-67 201 -96
-67 201 -95
-67 201 -94
-67 201 -93
-67 201 -92
-67 201 -91
-67 201 -90
-67 201 -89
-67 201 -88
-67 201 -87
-67 201 -86
-67 201 -85
-67 201 -84
-67 201 -83
-67 201 -82
-67 201 -81
-67 202 -96
-67 202 -95
-67 202 -94
-67 202 -93
-67 202 -92
-67 202 -91
-67 202 -90
-67 202 -89
-67 202 -88
-67 202 -87
-67 202 -86
-67 202 -85
-67 202 -84
-67 202 -83
-67 202 -82
-67 202 -81
-67 203 -96
-67 203 -95
-67 203 -94
-67 203 -93
-67 203 -92
-67 203 -91
-67 203 -90
-67 203 -89
-67 203 -88
-67 203 -87
-67 203 -86
-67 203 -85
-67 203 -84
-67 203 -83
-67 203 -82
-67 203 -81
-67 204 -96
-67 204 -95
-67 204 -94
-67 204 -93
-67 204 -92
-67 204 -91
-67 204 -90
-67 204 -89
-67 204 -88
-67 204 -87
-67 204 -86
-67 204 -85
-67 204 -84
-67 204 -83
-67 204 -82
-67 204 -81
-67 205 -96
-67 205 -95
-67 205 -94
-67 205 -93
-67 205 -92
-67 205 -91
-67 205 -90
-67 205 -89
-67 205 -88
-67 205 -87
-67 205 -86
-67 205 -85
-67 205 -84
-67 205 -83
-67 205 -82
-67 205 -81
-67 206 -96
-67 206 -95
-67 206 -94
-67 206 -93
-67 206 -92
-67 206 -91
-67 206 -90
-67 206 -89
-67 206 -88
-67 206 -87
-67 206 -86
-67 206 -85
-67 206 -84
-67 206 -83
-67 206 -82
-67 206 -81
-67 207 -96
-67 207 -95
-67 207 -94
-67 207 -93
-67 207 -92
-67 207 -91
-67 207 -90
-67 207 -89
-67 207 -88
-67 207 -87
-67 207 -86
-67 207 -85
-67 207 -84
-67 207 -83
-67 207 -82
-67 207 -81
-67 208 -96
-67 208 -95
-67 208 -94
-67 208 -93
-67 208 -92
-67 208 -91
-67 208 -90
-67 208 -89
-67 208 -88
-67 208 -87
-67 208 -86
-67 208 -85
-67 208 -84
-67 208 -83
-67 208 -82
-67 208 -81
-67 209 -96
-67 209 -95
-67 209 -94
-67 209 -93
-67 209 -92
-67 209 -91
-67 209 -90
-67 209 -89
-67 209 -88
-67 209 -87
-67 209 -86
-67 209 -85
-67 209 -84
-67 209 -83
-67 209 -82
-67 209 -81
-67 210 -96
-67 210 -95
-67 210 -94
-67 210 -93
-67 210 -92
-67 210 -91
-67 210 -90
-67 210 -89
-67 210 -88
-67 210 -87
-67 210 -86
-67 210 -85
-67 210 -84
-67 210 -83
-67 210 -82
-67 210 -81
-67 211 -96
-67 211 -95
-67 211 -94
-67 211 -93
-67 211 -92
-67 211 -91
-67 211 -90
-67 211 -89
-67 211 -88
-67 211 -87
-67 211 -86
-67 211 -85
-67 211 -84
-67 211 -83
-67 211 -82
-67 211 -81
-67 212 -96
-67 212 -95
-67 212 -94
-67 212 -93
-67 212 -92
-67 212 -91
-67 212 -90
-67 212 -89
-67 212 -88
-67 212 -87
-67 212 -86
-67 212 -85
-67 212 -84
-67 212 -83
-67 212 -82
-67 212 -81
-67 213 -96
-67 213 -95
-67 213 -94
-67 213 -93
-67 213 -92
-67 213 -91
-67 213 -90
-67 213 -89
-67 213 -88
-67 213 -87
-67 213 -86
-67 213 -85
-67 213 -84
-67 213 -83
-67 213 -82
-67 213 -81
-67 214 -96
-67 214 -95
-67 214 -94
-67 214 -93
-67 214 -92
-67 214 -91
-67 214 -90
-67 214 -89
-67 214 -88
-67 214 -87
-67 214 -86
-67 214 -85
-67 214 -84
-67 214 -83
-67 214 -82
-67 214 -81
-67 215 -96
-67 215 -95
-67 215 -94
-67 215 -93
-67 215 -92
-67 215 -91
-67 215 -90
-67 215 -89
-67 215 -88
-67 215 -87
-67 215 -86
-67 215 -85
-67 215 -84
-67 215 -83
-67 215 -82
-67 215 -81
-67 216 -96
-67 216 -95
-67 216 -94
-67 216 -93
-67 216 -92
-67 216 -91
-67 216 -90
-67 216 -89
-67 216 -88
-67 216 -87
-67 216 -86
-67 216 -85
-67 216 -84
-67 217 -96
-67 217 -95
-67 217 -93
-67 217 -92
-67 217 -91
-67 217 -90
-67 217 -89
-67 217 -88
-67 217 -87
-67 217 -86
-67 218 -92
-67 218 -91
-67 218 -90
-67 218 -89
-67 218 -88
-67 219 -96
-67 219 -92
-67 219 -91
-66 194 -85
-66 194 -84
-66 194 -83
-66 194 -82
-66 195 -94
-66 195 -93
-66 195 -92
-66 195 -91
-66 195 -90
-66 195 -89
-66 195 -88
-66 195 -87
-66 195 -86
-66 195 -85
-66 195 -84
-66 195 -83
-66 195 -82
-66 195 -81
-66 196 -96
-66 196 -95
-66 196 -94
-66 196 -93
-66 196 -92
-66 196 -91
-66 196 -90
-66 196 -89
-66 196 -88
-66 196 -87
-66 196 -86
-66 196 -85
-66 196 -84
-66 196 -83
-66 196 -82
-66 196 -81
-66 197 -96
-66 197 -95
-66 197 -94
-66 197 -93
-66 197 -92
-66 197 -91
-66 197 -90
-66 197 -89
-66 197 -88
-66 197 -87
-66 197 -86
-66 197 -85
-66 197 -84
-66 197 -83
-66 197 -82
-66 197 -81
-66 198 -96
-66 198 -95
-66 198 -94
-66 198 -93
-66 198 -92
-66 198 -91
-66 198 -90
-66 198 -89
-66 198 -88
-66 198 -87
-66 198 -86
-66 198 -85
-66 198 -84
-66 198 -83
-66 198 -82
-66 198 -81
-66 199 -96
-66 199 -95
-66 199 -94
-66 199 -93
-66 199 -92
-66 199 -91
-66 199 -90
-66 199 -89
-66 199 -88
-66 199 -87
-66 199 -86
-66 199 -85
-66 199 -84
-66 199 -83
-66 199 -82
-66 199 -81
-66 200 -96
-66 200 -95
-66 200 -94
-66 200 -93
-66 200 -92
-66 200 -91
-66 200 -90
-66 200 -89
-66 200 -88
-66 200 -87
-66 200 -86
-66 200 -85
-66 200 -84
-66 200 -83
-66 200 -82
-66 200 -81
-66 201 -96
-66 201 -95
-66 201 -94
-66 201 -93
-66 201 -92
-66 201 -91
-66 201 -90
-66 201 -89
-66 201 -88
-66 201 -87
-66 201 -86
-66 201 -85
-66 201 -84
-66 201 -83
-66 201 -82
-66 201 -81
-66 202 -96
-66 202 -95
-66 202 -94
-66 202 -93
-66 202 -92
-66 202 -91
-66 202 -90
-66 202 -89
-66 202 -88
-66 202 -87
-66 202 -86
-66 202 -85
-66 202 -84
-66 202 -83
-66 202 -82
-66 202 -81
-66 203 -96
-66 203 -95
-66 203 -94
-66 203 -93
-66 203 -92
-66 203 -91
-66 203 -90
-66 203 -89
-66 203 -88
-66 203 -87
-66 203 -86
-66 203 -85
-66 203 -84
-66 203 -83
-66 203 -82
-66 203 -81
-66 204 -96
-66 204 -95
-66 204 -94
-66 204 -93
-66 204 -92
-66 204 -91
-66 204 -90
-66 204 -89
-66 204 -88
-66 204 -87
-66 204 -86
-66 204 -85
-66 204 -84
-66 204 -83
-66 204 -82
-66 204 -81
-66 205 -96
-66 205 -95
-66 205 -94
-66 205 -93
-66 205 -92
-66 205 -91
-66 205 -90
-66 205 -89
-66 205 -88
-66 205 -87
-66 205 -86
-66 205 -85
-66 205 -84
-66 205 -83
-66 205 -82
-66 205 -81
-66 206 -96
-66 206 -95
-66 206 -94
-66 206 -93
-66 206 -92
-66 206 -91
-66 206 -90
-66 206 -89
-66 206 -88
-66 206 -87
-66 206 -86
-66 206 -85
-66 206 -84
-66 206 -83
-66 206 -82
-66 206 -81
-66 207 -96
-66 207 -95
-66 207 -94
-66 207 -93
-66 207 -92
-66 207 -91
-66 207 -90
-66 207 -89
-66 207 -88
-66 207 -87
-66 207 -86
-66 207 -85
-66 207 -84
-66 207 -83
-66 207 -82
-66 207 -81
-66 208 -96
-66 208 -95
-66 208 -94
-66 208 -93
-66 208 -92
-66 208 -91
-66 208 -90
-66 208 -89
-66 208 -88
-66 208 -87
-66 208 -86
-66 208 -85
-66 208 -84
-66 208 -83
-66 208 -82
-66 208 -81
-66 209 -96
-66 209 -95
-66 209 -94
-66 209 -93
-66 209 -92
-66 209 -91
-66 209 -90
-66 209 -89
-66 209 -88
-66 209 -87
-66 209 -86
-66 209 -85
-66 209 -84
-66 209 -83
-66 209 -82
-66 209 -81
-66 210 -96
-66 210 -95
-66 210 -94
-66 210 -93
-66 210 -92
-66 210 -91
-66 210 -90
-66 210 -89
-66 210 -88
-66 210 -87
-66 210 -86
-66 210 -85
-66 210 -84
-66 210 -83
-66 210 -82
-66 210 -81
-66 211 -96
-66 211 -95
-66 211 -94
-66 211 -93
-66 211 -92
-66 211 -91
-66 211 -90
-66 211 -89
-66 211 -88
-66 211 -87
-66 211 -86
-66 211 -85
-66 211 -84
-66 211 -83
-66 211 -82
-66 211 -81
-66 212 -96
-66 212 -95
-66 212 -94
-66 212 -93
-66 212 -92
-66 212 -91
-66 212 -90
-66 212 -89
-66 212 -88
-66 212 -87
-66 212 -86
-66 212 -85
-66 212 -84
-66 212 -83
-66 212 -82
-66 212 -81
-66 213 -96
-66 213 -95
-66 213 -94
-66 213 -93
-66 213 -92
-66 213 -91
-66 213 -90
-66 213 -89
-66 213 -88
-66 213 -87
-66 213 -86
-66 213 -85
-66 213 -84
-66 213 -83
-66 213 -82
-66 213 -81
-66 214 -96
-66 214 -95
-66 214 -94
-66 214 -93
-66 214 -92
-66 214 -91
-66 214 -90
-66 214 -89
-66 214 -88
-66 214 -87
-66 214 -86
-66 214 -85
-66 214 -84
-66 214 -83
-66 214 -82
-66 214 -81
-66 215 -96
-66 215 -95
-66 215 -94
-66 215 -93
-66 215 -92
-66 215 -91
-66 215 -90
-66 215 -89
-66 215 -88
-66 215 -87
-66 215 -86
-66 215 -85
-66 215 -84
-66 215 -83
-66 215 -82
-66 215 -81
-66 216 -96
-66 216 -95
-66 216 -94
-66 216 -93
-66 216 -92
-66 216 -91
-66 216 -90
-66 216 -89
-66 216 -88
-66 216 -87
-66 216 -86
-66 216 -85
-66 216 -84
-66 217 -96
-66 217 -95
-66 217 -94
-66 217 -93
-66 217 -92
-66 217 -91
-66 217 -90
-66 217 -89
-66 217 -88
-66 217 -87
-66 217 -86
-66 217 -85
-66 218 -96
-66 218 -95
-66 218 -93
-66 218 -92
-66 218 -91
-66 218 -90
-66 218 -89
-66 218 -88
-66 218 -87
-66 219 -96
-66 219 -95
-66 219 -94
-66 219 -92
-66 219 -91
-65 194 -86
-65 194 -85
-65 194 -84
-65 194 -83
-65 194 -82
-65 194 -81
-65 195 -94
-65 195 -93
-65 195 -92
-65 195 -91
-65 195 -90
-65 195 -89
-65 195 -88
-65 195 -87
-65 195 -86
-65 195 -85
-65 195 -84
-65 195 -83
-65 195 -82
-65 195 -81
-65 196 -96
-65 196 -95
-65 196 -94
-65 196 -93
-65 196 -92
-65 196 -91
-65 196 -90
-65 196 -89
-65 196 -88
-65 196 -87
-65 196 -86
-65 196 -85
-65 196 -84
-65 196 -83
-65 196 -82
-65 196 -81
-65 197 -96
-65 197 -95
-65 197 -94
-65 197 -93
-65 197 -92
-65 197 -91
-65 197 -90
-65 197 -89
-65 197 -88
-65 197 -87
-65 197 -86
-65 197 -85
-65 197 -84
-65 197 -83
-65 197 -82
-65 197 -81
-65 198 -96
-65 198 -95
-65 198 -94
-65 198 -93
-65 198 -92
-65 198 -91
-65 198 -90
-65 198 -89
-65 198 -88
-65 198 -87
-65 198 -86
-65 198 -85
-65 198 -84
-65 198 -83
-65 198 -82
-65 198 -81
-65 199 -96
-65 199 -95
-65 199 -94
-65 199 -93
-65 199 -92
-65 199 -91
-65 199 -90
-65 199 -89
-65 199 -88
-65 199 -87
-65 199 -86
-65 199 -85
-65 199 -84
-65 199 -83
-65 199 -82
-65 199 -81
-65 200 -96
-65 200 -95
-65 200 -94
-65 200 -93
-65 200 -92
-65 200 -91
-65 200 -90
-65 200 -89
-65 200 -88
-65 200 -87
-65 200 -86
-65 200 -85
-65 200 -84
-65 200 -83
-65 200 -82
-65 200 -81
-65 201 -96
-65 201 -95
-65 201 -94
-65 201 -93
-65 201 -92
-65 201 -91
-65 201 -90
-65 201 -89
-65 201 -88
-65 201 -87
-65 201 -86
-65 201 -85
-65 201 -84
-65 201 -83
-65 201 -82
-65 201 -81
-65 202 -96
-65 202 -95
-65 202 -94
-65 202 -93
-65 202 -92
-65 202 -91
-65 202 -90
-65 202 -89
-65 202 -88
-65 202 -87
-65 202 -86
-65 202 -85
-65 202 -84
-65 202 -83
-65 202 -82
-65 202 -81
-65 203 -96
-65 203 -95
-65 203 -94
-65 203 -93
-65 203 -92
-65 203 -91
-65 203 -90
-65 203 -89
-65 203 -88
-65 203 -87
-65 203 -86
-65 203 -85
-65 203 -84
-65 203 -83
-65 203 -82
-65 203 -81
-65 204 -96
-65 204 -95
-65 204 -94
-65 204 -93
-65 204 -92
-65 204 -91
-65 204 -90
-65 204 -89
-65 204 -88
-65 204 -87
-65 204 -86
-65 204 -85
-65 204 -84
-65 204 -83
-65 204 -82
-65 204 -81
-65 205 -96
-65 205 -95
-65 205 -94
-65 205 -93
-65 205 -92
-65 205 -91
-65 205 -90
-65 205 -89
-65 205 -88
-65 205 -87
-65 205 -86
-65 205 -85
-65 205 -84
-65 205 -83
-65 205 -82
-65 205 -81
-65 206 -96
-65 206 -95
-65 206 -94
-65 206 -93
-65 206 -92
-65 206 -91
-65 206 -90
-65 206 -89
-65 206 -88
-65 206 -87
-65 206 -86
-65 206 -85
-65 206 -84
-65 206 -83
-65 206 -82
-65 206 -81
-65 207 -96
-65 207 -95
-65 207 -94
-65 207 -93
-65 207 -92
-65 207 -91
-65 207 -90
-65 207 -89
-65 207 -88
-65 207 -87
-65 207 -86
-65 207 -85
-65 207 -84
-65 207 -83
-65 207 -82
-65 207 -81
-65 208 -96
-65 208 -95
-65 208 -94
-65 208 -93
-65 208 -92
-65 208 -91
-65 208 -90
-65 208 -89
-65 208 -88
-65 208 -87
-65 208 -86
-65 208 -85
-65 208 -84
-65 208 -83
-65 208 -82
-65 208 -81
-65 209 -96
-65 209 -95
-65 209 -94
-65 209 -93
-65 209 -92
-65 209 -91
-65 209 -90
-65 209 -89
-65 209 -88
-65 209 -87
-65 209 -86
-65 209 -85
-65 209 -84
-65 209 -83
-65 209 -82
-65 209 -81
-65 210 -96
-65 210 -95
-65 210 -94
-65 210 -93
-65 210 -92
-65 210 -91
-65 210 -90
-65 210 -89
-65 210 -88
-65 210 -87
-65 210 -86
-65 210 -85
-65 210 -84
-65 210 -83
-65 210 -82
-65 210 -81
-65 211 -96
-65 211 -95
-65 211 -94
-65 211 -93
-65 211 -92
-65 211 -91
-65 211 -90
-65 211 -89
-65 211 -88
-65 211 -87
-65 211 -86
-65 211 -85
-65 211 -84
-65 211 -83
-65 211 -82
-65 211 -81
-65 212 -96
-65 212 -95
-65 212 -94
-65 212 -93
-65 212 -92
-65 212 -91
-65 212 -90
-65 212 -89
-65 212 -88
-65 212 -87
-65 212 -86
-65 212 -85
-65 212 -84
-65 212 -83
-65 212 -82
-65 212 -81
-65 213 -96
-65 213 -95
-65 213 -94
-65 213 -93
-65 213 -92
-65 213 -91
-65 213 -90
-65 213 -89
-65 213 -88
-65 213 -87
-65 213 -86
-65 213 -85
-65 213 -84
-65 213 -83
-65 213 -82
-65 213 -81
-65 214 -96
-65 214 -95
-65 214 -94
-65 214 -93
-65 214 -92
-65 214 -91
-65 214 -90
-65 214 -89
-65 214 -88
-65 214 -87
-65 214 -86
-65 214 -85
-65 214 -84
-65 214 -83
-65 214 -82
-65 214 -81
-65 215 -96
-65 215 -95
-65 215 -94
-65 215 -93
-65 215 -92
-65 215 -91
-65 215 -90
-65 215 -89
-65 215 -88
-65 215 -87
-65 215 -86
-65 215 -85
-65 215 -84
-65 215 -82
-65 215 -81
-65 216 -96
-65 216 -95
-65 216 -94
-65 216 -93
-65 216 -92
-65 216 -91
-65 216 -90
-65 216 -89
-65 216 -88
-65 216 -87
-65 216 -86
-65 216 -85
-65 217 -96
-65 217 -95
-65 217 -94
-65 217 -93
-65 217 -92
-65 217 -91
-65 217 -90
-65 217 -89
-65 217 -88
-65 217 -87
-65 217 -85
-65 218 -96
-65 218 -95
-65 218 -94
-65 218 -93
-65 218 -92
-65 218 -91
-65 218 -90
-65 218 -89
-65 218 -88
-65 219 -96
-65 219 -95
alfheim:altLeaves
6
-80 219 -96
-80 219 -95
-80 219 -82
-80 220 -96
-80 220 -86
-80 220 -83
-80 220 -82
-80 220 -81
-80 221 -96
-80 221 -95
-80 221 -94
-80 221 -93
-80 221 -87
-80 221 -86
-80 221 -85
-80 222 -96
-80 222 -95
-80 222 -94
-80 222 -93
-80 222 -92
-80 222 -91
-80 222 -87
-80 222 -86
-80 222 -84
-80 222 -83
-80 222 -82
-80 222 -81
-80 223 -96
-80 223 -95
-80 223 -94
-80 223 -93
-80 223 -92
-80 223 -91
-80 223 -90
-80 223 -87
-80 223 -86
-80 223 -85
-80 223 -84
-80 223 -83
-80 223 -82
-80 223 -81
-80 224 -96
-80 224 -95
-80 224 -94
-80 224 -93
-80 224 -92
-80 224 -91
-80 224 -88
-80 224 -87
-80 224 -86
-80 224 -85
-80 224 -84
-80 224 -83
-80 224 -82
-80 224 -81
-79 219 -96
-79 221 -96
-79 221 -95
-79 221 -93
-79 221 -92
-79 221 -87
-79 221 -86
-79 222 -96
-79 222 -95
-79 222 -94
-79 222 -93
-79 222 -88
-79 222 -87
-79 222 -85
-79 222 -84
-79 222 -83
-79 222 -82
-79 223 -96
-79 223 -95
-79 223 -94
-79 223 -93
-79 223 -92
-79 223 -90
-79 223 -88
-79 223 -87
-79 223 -86
-79 223 -85
-79 223 -84
-79 223 -83
-79 223 -82
-79 223 -81
-79 224 -96
-79 224 -95
-79 224 -94
-79 224 -93
-79 224 -92
-79 224 -91
-79 224 -90
-79 224 -89
-79 224 -88
-79 224 -87
-79 224 -86
-79 224 -85
-79 224 -84
-79 224 -83
-79 224 -82
-78 218 -96
-78 218 -95
-78 219 -96
-78 220 -96
-78 220 -95
-78 220 -93
-78 220 -92
-78 220 -88
-78 221 -96
-78 221 -95
-78 221 -94
-78 221 -93
-78 221 -92
-78 221 -91
-78 221 -88
-78 221 -87
-78 221 -86
-78 222 -96
-78 222 -95
-78 222 -94
-78 222 -93
-78 222 -88
-78 222 -87
-78 222 -86
-78 222 -85
-78 222 -84
-78 222 -83
-78 223 -96
-78 223 -95
-78 223 -94
-78 223 -93
-78 223 -92
-78 223 -91
-78 223 -90
-78 223 -89
-78 223 -88
-78 223 -87
-78 223 -86
-78 223 -85
-78 223 -84
-78 223 -83
-78 224 -96
-78 224 -95
-78 224 -94
-78 224 -93
-78 224 -92
-78 224 -91
-78 224 -90
-78 224 -89
-78 224 -88
-78 224 -87
-78 224 -86
-78 224 -85
-78 224 -84
-78 224 -83
-77 217 -95
-77 218 -96
-77 218 -95
-77 219 -96
-77 220 -96
-77 220 -95
-77 220 -94
-77 220 -93
-77 220 -88
-77 220 -86
-77 221 -96
-77 221 -95
-77 221 -94
-77 221 -93
-77 221 -89
-77 221 -88
-77 221 -87
-77 221 -86
-77 222 -96
-77 222 -95
-77 222 -94
-77 222 -93
-77 222 -92
-77 222 -91
-77 222 -90
-77 222 -89
-77 222 -88
-77 222 -87
-77 222 -86
-77 222 -85
-77 222 -81
-77 223 -96
-77 223 -95
-77 223 -94
-77 223 -93
-77 223 -92
-77 223 -91
-77 223 -90
-77 223 -89
-77 223 -88
-77 223 -87
-77 223 -86
-77 223 -85
-77 223 -84
-77 223 -83
-77 224 -96
-77 224 -95
-77 224 -94
-77 224 -93
-77 224 -92
-77 224 -91
-77 224 -90
-77 224 -89
-77 224 -88
-77 224 -87
-77 224 -86
-77 224 -85
-77 224 -84
-77 224 -83
-77 224 -82
-76 217 -96
-76 218 -96
-76 219 -96
-76 220 -96
-76 220 -95
-76 220 -88
-76 220 -86
-76 221 -96
-76 221 -95
-76 221 -94
-76 221 -93
-76 221 -92
-76 221 -88
-76 221 -87
-76 221 -86
-76 221 -85
-76 221 -82
-76 221 -81
-76 222 -96
-76 222 -95
-76 222 -94
-76 222 -93
-76 222 -90
-76 222 -89
-76 222 -86
-76 222 -85
-76 222 -83
-76 222 -81
-76 223 -96
-76 223 -95
-76 223 -94
-76 223 -93
-76 223 -92
-76 223 -91
-76 223 -90
-76 223 -89
-76 223 -88
-76 223 -86
-76 223 -85
-76 223 -84
-76 223 -83
-76 223 -82
-76 223 -81
-76 224 -96
-76 224 -95
-76 224 -94
-76 224 -93
-76 224 -92
-76 224 -91
-76 224 -90
-76 224 -89
-76 224 -88
-76 224 -87
-76 224 -86
-76 224 -85
-76 224 -83
-76 224 -82
-76 224 -81
-75 219 -96
-75 219 -94
-75 220 -95
-75 220 -94
-75 220 -93
-75 220 -82
-75 220 -81
-75 221 -96
-75 221 -95
-75 221 -94
-75 221 -93
-75 221 -89
-75 221 -87
-75 221 -86
-75 221 -82
-75 221 -81
-75 222 -96
-75 222 -95
-75 222 -94
-75 222 -93
-75 222 -92
-75 222 -91
-75 222 -89
-75 222 -87
-75 222 -86
-75 222 -84
-75 222 -82
-75 222 -81
-75 223 -96
-75 223 -95
-75 223 -94
-75 223 -93
-75 223 -92
-75 223 -91
-75 223 -90
-75 223 -89
-75 223 -88
-75 223 -87
-75 223 -86
-75 223 -85
-75 223 -84
-75 223 -83
-75 223 -82
-75 223 -81
-75 224 -96
-75 224 -95
-75 224 -94
-75 224 -93
-75 224 -92
-75 224 -91
-75 224 -90
-75 224 -89
-75 224 -88
-75 224 -87
-75 224 -86
-75 224 -85
-75 224 -84
-75 224 -83
-75 224 -82
-75 224 -81
-74 220 -87
-74 221 -95
-74 221 -87
-74 221 -86
-74 221 -83
-74 221 -82
-74 222 -96
-74 222 -95
-74 222 -94
-74 222 -93
-74 222 -92
-74 222 -91
-74 222 -88
-74 222 -87
-74 222 -86
-74 222 -83
-74 222 -82
-74 222 -81
-74 223 -96
-74 223 -95
-74 223 -94
-74 223 -93
-74 223 -91
-74 223 -90
-74 223 -88
-74 223 -87
-74 223 -86
-74 223 -85
-74 223 -84
-74 223 -83
-74 223 -82
-74 223 -81
-74 224 -96
-74 224 -95
-74 224 -94
-74 224 -93
-74 224 -92
-74 224 -91
-74 224 -90
-74 224 -89
-74 224 -88
-74 224 -87
-74 224 -86
-74 224 -85
-74 224 -84
-74 224 -83
-74 224 -82
-74 224 -81
-73 219 -94
-73 220 -94
-73 220 -83
-73 220 -82
-73 220 -81
-73 221 -95
-73 221 -93
-73 221 -92
-73 221 -87
-73 221 -86
-73 221 -85
-73 221 -84
-73 221 -83
-73 221 -81
-73 222 -96
-73 222 -95
-73 222 -94
-73 222 -93
-73 222 -92
-73 222 -91
-73 222 -88
-73 222 -87
-73 222 -86
-73 222 -85
-73 222 -84
-73 222 -83
-73 222 -82
-73 222 -81
-73 223 -96
-73 223 -95
-73 223 -94
-73 223 -93
-73 223 -92
-73 223 -91
-73 223 -89
-73 223 -88
-73 223 -87
-73 223 -86
-73 223 -85
-73 223 -84
-73 223 -83
-73 223 -82
-73 223 -81
-73 224 -96
-73 224 -95
-73 224 -94
-73 224 -93
-73 224 -92
-73 224 -91
-73 224 -90
-73 224 -89
-73 224 -88
-73 224 -87
-73 224 -86
-73 224 -85
-73 224 -84
-73 224 -83
-73 224 -82
-73 224 -81
-72 218 -81
-72 219 -82
-72 219 -81
-72 220 -95
-72 220 -94
-72 220 -93
-72 220 -87
-72 220 -82
-72 220 -81
-72 221 -96
-72 221 -95
-72 221 -94
-72 221 -93
-72 221 -92
-72 221 -91
-72 221 -88
-72 221 -87
-72 221 -86
-72 221 -84
-72 221 -83
-72 221 -82
-72 221 -81
-72 222 -96
-72 222 -95
-72 222 -94
-72 222 -93
-72 222 -92
-72 222 -91
-72 222 -90
-72 222 -88
-72 222 -87
-72 222 -86
-72 222 -85
-72 222 -84
-72 222 -83
-72 222 -82
-72 222 -81
-72 223 -96
-72 223 -95
-72 223 -94
-72 223 -93
-72 223 -92
-72 223 -91
-72 223 -90
-72 223 -89
-72 223 -88
-72 223 -87
-72 223 -86
-72 223 -85
-72 223 -84
-72 223 -83
-72 223 -82
-72 223 -81
-72 224 -96
-72 224 -95
-72 224 -94
-72 224 -93
-72 224 -92
-72 224 -91
-72 224 -90
-72 224 -89
-72 224 -88
-72 224 -87
-72 224 -86
-72 224 -85
-72 224 -84
-72 224 -83
-72 224 -82
-72 224 -81
-71 219 -81
-71 220 -87
-71 220 -85
-71 220 -84
-71 220 -83
-71 220 -81
-71 221 -95
-71 221 -94
-71 221 -89
-71 221 -87
-71 221 -86
-71 221 -85
-71 221 -84
-71 221 -83
-71 221 -82
-71 221 -81
-71 222 -96
-71 222 -95
-71 222 -94
-71 222 -92
-71 222 -91
-71 222 -89
-71 222 -88
-71 222 -87
-71 222 -86
-71 222 -85
-71 222 -84
-71 222 -83
-71 222 -82
-71 222 -81
-71 223 -96
-71 223 -95
-71 223 -94
-71 223 -93
-71 223 -92
-71 223 -91
-71 223 -90
-71 223 -89
-71 223 -88
-71 223 -87
-71 223 -86
-71 223 -85
-71 223 -84
-71 223 -83
-71 223 -82
-71 223 -81
-71 224 -96
-71 224 -95
-71 224 -94
-71 224 -93
-71 224 -92
-71 224 -91
-71 224 -90
-71 224 -89
-71 224 -88
-71 224 -87
-71 224 -86
-71 224 -85
-71 224 -84
-71 224 -83
-71 224 -82
-71 224 -81
-70 219 -82
-70 220 -87
-70 220 -86
-70 220 -85
-70 221 -96
-70 221 -95
-70 221 -94
-70 221 -93
-70 221 -89
-70 221 -88
-70 221 -87
-70 221 -86
-70 221 -85
-70 221 -84
-70 221 -83
-70 221 -82
-70 221 -81
-70 222 -96
-70 222 -95
-70 222 -94
-70 222 -93
-70 222 -92
-70 222 -89
-70 222 -88
-70 222 -87
-70 222 -86
-70 222 -85
-70 222 -84
-70 222 -83
-70 222 -82
-70 222 -81
-70 223 -96
-70 223 -95
-70 223 -94
-70 223 -93
-70 223 -92
-70 223 -91
-70 223 -90
-70 223 -89
-70 223 -88
-70 223 -87
-70 223 -86
-70 223 -85
-70 223 -84
-70 223 -83
-70 223 -82
-70 223 -81
-70 224 -96
-70 224 -95
-70 224 -94
-70 224 -93
-70 224 -92
-70 224 -91
-70 224 -90
-70 224 -89
-70 224 -88
-70 224 -87
-70 224 -86
-70 224 -85
-70 224 -84
-70 224 -83
-70 224 -82
-70 224 -81
-69 218 -82
-69 219 -94
-69 219 -93
-69 219 -82
-69 220 -95
-69 220 -93
-69 220 -90
-69 220 -89
-69 220 -87
-69 220 -84
-69 220 -83
-69 220 -82
-69 220 -81
-69 221 -95
-69 221 -94
-69 221 -93
-69 221 -91
-69 221 -90
-69 221 -89
-69 221 -88
-69 221 -87
-69 221 -86
-69 221 -85
-69 221 -84
-69 221 -83
-69 221 -82
-69 221 -81
-69 222 -96
-69 222 -95
-69 222 -94
-69 222 -93
-69 222 -92
-69 222 -91
-69 222 -90
-69 222 -89
-69 222 -86
-69 222 -85
-69 222 -84
-69 222 -83
-69 222 -82
-69 222 -81
-69 223 -96
-69 223 -95
-69 223 -94
-69 223 -93
-69 223 -92
-69 223 -91
-69 223 -90
-69 223 -89
-69 223 -88
-69 223 -87
-69 223 -86
-69 223 -85
-69 223 -84
-69 223 -83
-69 223 -82
-69 223 -81
-69 224 -96
-69 224 -95
-69 224 -94
-69 224 -93
-69 224 -92
-69 224 -91
-69 224 -90
-69 224 -89
-69 224 -88
-69 224 -87
-69 224 -86
-69 224 -85
-69 224 -84
-69 224 -83
-69 224 -82
-69 224 -81
-68 218 -95
-68 219 -96
-68 219 -95
-68 219 -94
-68 219 -93
-68 220 -95
-68 220 -94
-68 220 -93
-68 220 -90
-68 220 -83
-68 220 -82
-68 221 -96
-68 221 -94
-68 221 -93
-68 221 -92
-68 221 -90
-68 221 -88
-68 221 -87
-68 221 -86
-68 221 -85
-68 221 -84
-68 221 -83
-68 221 -82
-68 221 -81
-68 222 -96
-68 222 -95
-68 222 -94
-68 222 -93
-68 222 -91
-68 222 -90
-68 222 -88
-68 222 -87
-68 222 -86
-68 222 -85
-68 222 -84
-68 222 -83
-68 222 -82
-68 222 -81
-68 223 -96
-68 223 -95
-68 223 -94
-68 223 -93
-68 223 -92
-68 223 -91
-68 223 -90
-68 223 -89
-68 223 -88
-68 223 -87
-68 223 -86
-68 223 -85
-68 223 -84
-68 223 -83
-68 223 -82
-68 223 -81
-68 224 -96
-68 224 -95
-68 224 -94
-68 224 -93
-68 224 -92
-68 224 -91
-68 224 -90
-68 224 -89
-68 224 -88
-68 224 -87
-68 224 -86
-68 224 -85
-68 224 -84
-68 224 -83
-68 224 -82
-68 224 -81
-67 217 -94
-67 218 -96
-67 218 -95
-67 218 -94
-67 218 -93
-67 219 -95
-67 219 -94
-67 219 -93
-67 219 -85
-67 219 -82
-67 220 -96
-67 220 -95
-67 220 -94
-67 220 -93
-67 220 -92
-67 220 -90
-67 220 -87
-67 220 -86
-67 220 -85
-67 220 -83
-67 220 -82
-67 220 -81
-67 221 -96
-67 221 -95
-67 221 -94
-67 221 -93
-67 221 -92
-67 221 -91
-67 221 -90
-67 221 -89
-67 221 -88
-67 221 -87
-67 221 -86
-67 221 -85
-67 221 -84
-67 221 -83
-67 221 -82
-67 221 -81
-67 222 -96
-67 222 -95
-67 222 -94
-67 222 -93
-67 222 -92
-67 222 -91
-67 222 -90
-67 222 -88
-67 222 -87
-67 222 -86
-67 222 -85
-67 222 -84
-67 222 -83
-67 222 -82
-67 222 -81
-67 223 -96
-67 223 -95
-67 223 -94
-67 223 -93
-67 223 -92
-67 223 -91
-67 223 -90
-67 223 -89
-67 223 -88
-67 223 -87
-67 223 -86
-67 223 -85
-67 223 -84
-67 223 -83
-67 223 -82
-67 223 -81
-67 224 -96
-67 224 -95
-67 224 -94
-67 224 -93
-67 224 -92
-67 224 -91
-67 224 -90
-67 224 -89
-67 224 -88
-67 224 -87
-67 224 -86
-67 224 -85
-67 224 -84
-67 224 -83
-67 224 -82
-67 224 -81
-66 216 -83
-66 217 -83
-66 218 -94
-66 218 -86
-66 218 -85
-66 219 -93
-66 219 -87
-66 219 -86
-66 219 -85
-66 219 -82
-66 219 -81
-66 220 -96
-66 220 -95
-66 220 -94
-66 220 -93
-66 220 -88
-66 220 -87
-66 220 -86
-66 220 -85
-66 220 -84
-66 220 -83
-66 220 -82
-66 220 -81
-66 221 -96
-66 221 -95
-66 221 -94
-66 221 -93
-66 221 -92
-66 221 -91
-66 221 -90
-66 221 -89
-66 221 -88
-66 221 -87
-66 221 -86
-66 221 -85
-66 221 -84
-66 221 -83
-66 221 -82
-66 221 -81
-66 222 -96
-66 222 -95
-66 222 -94
-66 222 -93
-66 222 -92
-66 222 -91
-66 222 -90
-66 222 -89
-66 222 -88
-66 222 -87
-66 222 -86
-66 222 -85
-66 222 -84
-66 222 -83
-66 222 -82
-66 222 -81
-66 223 -96
-66 223 -95
-66 223 -94
-66 223 -93
-66 223 -92
-66 223 -91
-66 223 -90
-66 223 -89
-66 223 -88
-66 223 -87
-66 223 -86
-66 223 -85
-66 223 -84
-66 223 -83
-66 223 -82
-66 223 -81
-66 224 -96
-66 224 -95
-66 224 -94
-66 224 -93
-66 224 -92
-66 224 -91
-66 224 -90
-66 224 -89
-66 224 -88
-66 224 -87
-66 224 -86
-66 224 -85
-66 224 -84
-66 224 -83
-66 224 -82
-66 224 -81
-65 215 -83
-65 216 -84
-65 216 -83
-65 217 -86
-65 217 -84
-65 217 -83
-65 217 -81
-65 218 -87
-65 218 -86
-65 218 -85
-65 218 -84
-65 218 -81
-65 219 -87
-65 219 -86
-65 219 -85
-65 219 -84
-65 219 -83
-65 219 -82
-65 219 -81
-65 220 -96
-65 220 -94
-65 220 -93
-65 220 -88
-65 220 -87
-65 220 -86
-65 220 -85
-65 220 -84
-65 220 -83
-65 220 -82
-65 220 -81
-65 221 -96
-65 221 -94
-65 221 -93
-65 221 -89
-65 221 -88
-65 221 -87
-65 221 -86
-65 221 -85
-65 221 -84
-65 221 -83
-65 221 -82
-65 221 -81
-65 222 -96
-65 222 -95
-65 222 -94
-65 222 -93
-65 222 -92
-65 222 -90
-65 222 -89
-65 222 -88
-65 222 -87
-65 222 -86
-65 222 -85
-65 222 -84
-65 222 -83
-65 222 -82
-65 222 -81
-65 223 -96
-65 223 -95
-65 223 -94
-65 223 -93
-65 223 -92
-65 223 -91
-65 223 -90
-65 223 -89
-65 223 -88
-65 223 -87
-65 223 -86
-65 223 -85
-65 223 -84
-65 223 -83
-65 223 -82
-65 223 -81
-65 224 -96
-65 224 -95
-65 224 -94
-65 224 -93
-65 224 -92
-65 224 -91
-65 224 -90
-65 224 -89
-65 224 -88
-65 224 -87
-65 224 -86
-65 224 -85
-65 224 -84
-65 224 -83
-65 224 -82
-65 224 -81
-80 225 -96
-80 225 -95
-80 225 -94
-80 225 -93
-80 225 -92
-80 225 -91
-80 225 -90
-80 225 -88
-80 225 -87
-80 225 -86
-80 225 -85
-80 225 -84
-80 225 -83
-80 225 -82
-80 226 -96
-80 226 -95
-80 226 -94
-80 226 -93
-80 226 -92
-80 226 -90
-80 226 -89
-80 226 -88
-80 226 -87
-80 226 -86
-80 226 -85
-80 226 -84
-80 226 -83
-80 226 -82
-80 226 -81
-80 227 -96
-80 227 -95
-80 227 -94
-80 227 -93
-80 227 -92
-80 227 -91
-80 227 -90
-80 227 -89
-80 227 -88
-80 227 -87
-80 227 -86
-80 227 -85
-80 227 -84
-80 227 -83
-80 227 -81
-80 228 -96
-80 228 -95
-80 228 -94
-80 228 -93
-80 228 -92
-80 228 -91
-80 228 -90
-80 228 -89
-80 228 -88
-80 228 -87
-80 228 -86
-80 228 -85
-80 228 -84
-80 228 -83
-80 228 -82
-80 228 -81
-80 229 -96
-80 229 -95
-80 229 -94
-80 229 -93
-80 229 -92
-80 229 -91
-80 229 -90
-80 229 -89
-80 229 -88
-80 229 -87
-80 229 -86
-80 229 -85
-80 229 -84
-80 229 -83
-80 229 -82
-80 229 -81
-80 230 -96
-80 230 -95
-80 230 -94
-80 230 -93
-80 230 -92
-80 230 -91
-80 230 -90
-80 230 -89
-80 230 -88
-80 230 -87
-80 230 -86
-80 230 -85
-80 230 -84
-80 230 -83
-80 230 -82
-80 231 -96
-80 231 -95
-80 231 -94
-80 231 -93
-80 231 -92
-80 231 -91
-80 231 -90
-80 231 -89
-80 231 -88
-80 231 -87
-80 231 -86
-80 231 -85
-80 231 -84
-80 231 -83
-80 232 -96
-80 232 -95
-80 232 -94
-80 232 -93
-80 232 -92
-80 232 -91
-80 232 -90
-80 232 -89
-80 232 -87
-80 232 -86
-80 232 -85
-80 232 -84
-80 232 -83
-80 233 -96
-80 233 -95
-80 233 -94
-80 233 -93
-80 233 -92
-80 233 -91
-80 233 -90
-80 233 -89
-80 233 -88
-80 233 -86
-80 233 -85
-80 234 -95
-80 234 -93
-80 234 -90
-80 235 -96
-80 235 -95
-80 235 -93
-79 225 -96
-79 225 -95
-79 225 -94
-79 225 -93
-79 225 -92
-79 225 -91
-79 225 -90
-79 225 -89
-79 225 -88
-79 225 -87
-79 225 -86
-79 225 -85
-79 225 -84
-79 225 -83
-79 226 -96
-79 226 -95
-79 226 -94
-79 226 -93
-79 226 -92
-79 226 -91
-79 226 -90
-79 226 -89
-79 226 -88
-79 226 -87
-79 226 -86
-79 226 -85
-79 226 -84
-79 226 -83
-79 226 -82
-79 226 -81
-79 227 -96
-79 227 -95
-79 227 -94
-79 227 -93
-79 227 -92
-79 227 -91
-79 227 -90
-79 227 -89
-79 227 -88
-79 227 -87
-79 227 -86
-79 227 -85
-79 227 -84
-79 227 -83
-79 227 -82
-79 228 -96
-79 228 -95
-79 228 -94
-79 228 -93
-79 228 -92
-79 228 -91
-79 228 -90
-79 228 -89
-79 228 -88
-79 228 -87
-79 228 -86
-79 228 -85
-79 228 -84
-79 228 -83
-79 229 -96
-79 229 -95
-79 229 -94
-79 229 -93
-79 229 -92
-79 229 -91
-79 229 -90
-79 229 -89
-79 229 -88
-79 229 -87
-79 229 -86
-79 229 -85
-79 229 -84
-79 229 -83
-79 229 -82
-79 229 -81
-79 230 -96
-79 230 -95
-79 230 -94
-79 230 -93
-79 230 -92
-79 230 -91
-79 230 -90
-79 230 -89
-79 230 -88
-79 230 -87
-79 230 -86
-79 230 -85
-79 230 -84
-79 230 -83
-79 230 -81
-79 231 -96
-79 231 -95
-79 231 -94
-79 231 -93
-79 231 -92
-79 231 -91
-79 231 -90
-79 231 -89
-79 231 -88
-79 231 -87
-79 231 -86
-79 231 -85
-79 231 -84
-79 231 -83
-79 232 -96
-79 232 -95
-79 232 -94
-79 232 -93
-79 232 -92
-79 232 -91
-79 232 -90
-79 232 -88
-79 232 -87
-79 232 -86
-79 232 -85
-79 232 -84
-79 233 -96
-79 233 -95
-79 233 -94
-79 233 -93
-79 233 -92
-79 233 -91
-79 233 -90
-79 233 -89
-79 233 -88
-79 233 -87
-79 234 -95
-79 234 -94
-79 234 -93
-79 234 -92
-79 234 -90
-79 234 -89
-79 235 -96
-79 235 -90
-79 235 -89
-79 236 -96
-78 225 -96
-78 225 -95
-78 225 -94
-78 225 -93
-78 225 -92
-78 225 -91
-78 225 -90
-78 225 -89
-78 225 -88
-78 225 -87
-78 225 -86
-78 225 -85
-78 225 -84
-78 225 -83
-78 225 -82
-78 226 -96
-78 226 -95
-78 226 -94
-78 226 -93
-78 226 -92
-78 226 -91
-78 226 -90
-78 226 -89
-78 226 -88
-78 226 -87
-78 226 -86
-78 226 -85
-78 226 -84
-78 226 -83
-78 226 -82
-78 226 -81
-78 227 -96
-78 227 -95
-78 227 -94
-78 227 -93
-78 227 -92
-78 227 -91
-78 227 -90
-78 227 -89
-78 227 -88
-78 227 -87
-78 227 -86
-78 227 -85
-78 227 -84
-78 227 -83
-78 227 -82
-78 228 -96
-78 228 -95
-78 228 -94
-78 228 -93
-78 228 -92
-78 228 -91
-78 228 -90
-78 228 -89
-78 228 -88
-78 228 -87
-78 228 -86
-78 228 -85
-78 228 -84
-78 228 -83
-78 228 -82
-78 228 -81
-78 229 -96
-78 229 -95
-78 229 -94
-78 229 -93
-78 229 -92
-78 229 -91
-78 229 -90
-78 229 -89
-78 229 -88
-78 229 -87
-78 229 -86
-78 229 -85
-78 229 -84
-78 229 -83
-78 229 -82
-78 229 -81
-78 230 -96
-78 230 -95
-78 230 -94
-78 230 -93
-78 230 -92
-78 230 -91
-78 230 -90
-78 230 -89
-78 230 -88
-78 230 -87
-78 230 -86
-78 230 -85
-78 230 -84
-78 230 -83
-78 230 -82
-78 230 -81
-78 231 -96
-78 231 -95
-78 231 -94
-78 231 -93
-78 231 -92
-78 231 -91
-78 231 -90
-78 231 -89
-78 231 -88
-78 231 -87
-78 231 -86
-78 231 -85
-78 231 -84
-78 231 -82
-78 231 -81
-78 232 -96
-78 232 -95
-78 232 -94
-78 232 -93
-78 232 -92
-78 232 -91
-78 232 -90
-78 232 -89
-78 232 -88
-78 232 -87
-78 232 -86
-78 232 -85
-78 233 -96
-78 233 -95
-78 233 -94
-78 233 -93
-78 233 -92
-78 233 -91
-78 233 -90
-78 233 -89
-78 233 -88
-78 233 -87
-78 233 -86
-78 234 -93
-78 234 -90
-78 234 -89
-78 234 -88
-78 234 -87
-78 234 -86
-78 235 -96
-78 235 -90
-78 235 -89
-78 235 -88
-78 235 -87
-77 225 -96
-77 225 -95
-77 225 -94
-77 225 -93
-77 225 -92
-77 225 -91
-77 225 -90
-77 225 -89
-77 225 -88
-77 225 -87
-77 225 -86
-77 225 -85
-77 225 -84
-77 225 -83
-77 225 -82
-77 225 -81
-77 226 -96
-77 226 -95
-77 226 -94
-77 226 -93
-77 226 -92
-77 226 -91
-77 226 -90
-77 226 -89
-77 226 -88
-77 226 -87
-77 226 -86
-77 226 -85
-77 226 -84
-77 226 -83
-77 226 -82
-77 227 -96
-77 227 -95
-77 227 -94
-77 227 -93
-77 227 -92
-77 227 -91
-77 227 -90
-77 227 -89
-77 227 -88
-77 227 -87
-77 227 -86
-77 227 -85
-77 227 -84
-77 227 -83
-77 227 -82
-77 228 -96
-77 228 -95
-77 228 -94
-77 228 -93
-77 228 -92
-77 228 -91
-77 228 -90
-77 228 -89
-77 228 -88
-77 228 -87
-77 228 -86
-77 228 -85
-77 228 -84
-77 228 -83
-77 228 -82
-77 228 -81
-77 229 -96
-77 229 -95
-77 229 -94
-77 229 -93
-77 229 -92
-77 229 -91
-77 229 -90
-77 229 -88
-77 229 -87
-77 229 -86
-77 229 -85
-77 229 -84
-77 229 -83
-77 229 -82
-77 230 -96
-77 230 -95
-77 230 -94
-77 230 -93
-77 230 -92
-77 230 -91
-77 230 -90
-77 230 -89
-77 230 -88
-77 230 -87
-77 230 -86
-77 230 -85
-77 230 -84
-77 230 -83
-77 230 -82
-77 231 -96
-77 231 -95
-77 231 -94
-77 231 -93
-77 231 -92
-77 231 -91
-77 231 -90
-77 231 -89
-77 231 -88
-77 231 -87
-77 231 -86
-77 231 -85
-77 231 -83
-77 232 -96
-77 232 -95
-77 232 -94
-77 232 -93
-77 232 -92
-77 232 -91
-77 232 -90
-77 232 -89
-77 232 -88
-77 232 -87
-77 232 -85
-77 233 -96
-77 233 -95
-77 233 -94
-77 233 -93
-77 233 -92
-77 233 -90
-77 233 -89
-77 233 -88
-77 234 -96
-77 234 -93
-77 234 -92
-77 234 -90
-77 234 -89
-77 234 -88
-77 234 -87
-76 225 -96
-76 225 -95
-76 225 -94
-76 225 -93
-76 225 -92
-76 225 -91
-76 225 -90
-76 225 -89
-76 225 -88
-76 225 -87
-76 225 -86
-76 225 -85
-76 225 -84
-76 225 -83
-76 225 -82
-76 226 -96
-76 226 -95
-76 226 -94
-76 226 -93
-76 226 -92
-76 226 -91
-76 226 -90
-76 226 -89
-76 226 -88
-76 226 -87
-76 226 -86
-76 226 -85
-76 226 -84
-76 226 -83
-76 226 -82
-76 226 -81
-76 227 -96
-76 227 -95
-76 227 -94
-76 227 -93
-76 227 -92
-76 227 -91
-76 227 -90
-76 227 -89
-76 227 -88
-76 227 -87
-76 227 -86
-76 227 -85
-76 227 -84
-76 227 -83
-76 227 -82
-76 227 -81
-76 228 -96
-76 228 -95
-76 228 -94
-76 228 -93
-76 228 -92
-76 228 -91
-76 228 -90
-76 228 -89
-76 228 -88
-76 228 -87
-76 228 -86
-76 228 -85
-76 228 -84
-76 228 -83
-76 228 -82
-76 229 -96
-76 229 -95
-76 229 -94
-76 229 -93
-76 229 -92
-76 229 -91
-76 229 -90
-76 229 -89
-76 229 -88
-76 229 -87
-76 229 -86
-76 229 -85
-76 229 -84
-76 229 -83
-76 230 -96
-76 230 -95
-76 230 -94
-76 230 -93
-76 230 -92
-76 230 -91
-76 230 -90
-76 230 -89
-76 230 -88
-76 230 -87
-76 230 -86
-76 230 -85
-76 231 -96
-76 231 -95
-76 231 -94
-76 231 -93
-76 231 -92
-76 231 -91
-76 231 -90
-76 231 -88
-76 231 -87
-76 231 -86
-76 232 -96
-76 232 -95
-76 232 -94
-76 232 -93
-76 232 -92
-76 232 -91
-76 232 -90
-76 232 -89
-76 232 -88
-76 232 -87
-76 232 -86
-76 233 -96
-76 233 -95
-76 233 -93
-76 234 -96
-76 234 -95
-76 235 -96
-75 225 -96
-75 225 -95
-75 225 -94
-75 225 -93
-75 225 -92
-75 225 -91
-75 225 -90
-75 225 -89
-75 225 -88
-75 225 -87
-75 225 -86
-75 225 -85
-75 225 -84
-75 225 -83
-75 225 -82
-75 225 -81
-75 226 -96
-75 226 -95
-75 226 -94
-75 226 -93
-75 226 -92
-75 226 -91
-75 226 -90
-75 226 -89
-75 226 -88
-75 226 -87
-75 226 -86
-75 226 -85
-75 226 -84
-75 226 -83
-75 226 -82
-75 226 -81
-75 227 -96
-75 227 -95
-75 227 -94
-75 227 -93
-75 227 -92
-75 227 -91
-75 227 -90
-75 227 -89
-75 227 -88
-75 227 -87
-75 227 -86
-75 227 -85
-75 227 -84
-75 227 -83
-75 227 -82
-75 227 -81
-75 228 -96
-75 228 -95
-75 228 -94
-75 228 -93
-75 228 -92
-75 228 -91
-75 228 -90
-75 228 -89
-75 228 -88
-75 228 -87
-75 228 -86
-75 228 -85
-75 228 -84
-75 228 -82
-75 229 -96
-75 229 -95
-75 229 -94
-75 229 -93
-75 229 -92
-75 229 -91
-75 229 -90
-75 229 -89
-75 229 -88
-75 229 -87
-75 229 -86
-75 229 -85
-75 229 -84
-75 229 -83
-75 229 -82
-75 229 -81
-75 230 -96
-75 230 -95
-75 230 -94
-75 230 -93
-75 230 -92
-75 230 -91
-75 230 -90
-75 230 -89
-75 230 -88
-75 230 -87
-75 230 -86
-75 230 -82
-75 231 -96
-75 231 -95
-75 231 -94
-75 231 -93
-75 231 -92
-75 231 -91
-75 231 -89
-75 231 -88
-75 232 -96
-75 232 -95
-75 232 -94
-75 232 -93
-75 232 -92
-75 232 -91
-75 233 -96
-75 233 -95
-75 233 -93
-75 234 -96
-75 234 -95
-75 235 -96
-75 236 -96
-74 225 -96
-74 225 -95
-74 225 -94
-74 225 -93
-74 225 -92
-74 225 -91
-74 225 -90
-74 225 -89
-74 225 -88
-74 225 -87
-74 225 -86
-74 225 -85
-74 225 -84
-74 225 -83
-74 225 -82
-74 225 -81
-74 226 -96
-74 226 -95
-74 226 -94
-74 226 -93
-74 226 -92
-74 226 -91
-74 226 -90
-74 226 -89
-74 226 -88
-74 226 -87
-74 226 -86
-74 226 -85
-74 226 -84
-74 226 -83
-74 226 -82
-74 226 -81
-74 227 -96
-74 227 -95
-74 227 -94
-74 227 -93
-74 227 -92
-74 227 -91
-74 227 -90
-74 227 -89
-74 227 -88
-74 227 -87
-74 227 -86
-74 227 -85
-74 227 -84
-74 227 -83
-74 227 -82
-74 227 -81
-74 228 -96
-74 228 -95
-74 228 -94
-74 228 -93
-74 228 -92
-74 228 -91
-74 228 -90
-74 228 -89
-74 228 -88
-74 228 -87
-74 228 -86
-74 228 -85
-74 228 -84
-74 228 -83
-74 228 -82
-74 228 -81
-74 229 -96
-74 229 -95
-74 229 -94
-74 229 -93
-74 229 -92
-74 229 -91
-74 229 -90
-74 229 -89
-74 229 -88
-74 229 -87
-74 229 -86
-74 229 -85
-74 229 -84
-74 229 -83
-74 229 -82
-74 229 -81
-74 230 -96
-74 230 -95
-74 230 -94
-74 230 -93
-74 230 -92
-74 230 -91
-74 230 -90
-74 230 -89
-74 230 -88
-74 230 -87
-74 230 -86
-74 230 -83
-74 230 -82
-74 231 -96
-74 231 -95
-74 231 -94
-74 231 -93
-74 231 -92
-74 231 -91
-74 231 -90
-74 231 -89
-74 231 -81
-74 232 -96
-74 232 -95
-74 232 -94
-74 232 -93
-74 232 -92
-74 232 -91
-74 233 -96
-74 233 -95
-74 233 -94
-74 233 -93
-74 233 -92
-74 234 -96
-74 234 -95
-74 234 -94
-74 234 -93
-74 235 -95
-74 236 -96
-73 225 -96
-73 225 -95
-73 225 -94
-73 225 -93
-73 225 -92
-73 225 -91
-73 225 -90
-73 225 -89
-73 225 -88
-73 225 -87
-73 225 -86
-73 225 -85
-73 225 -84
-73 225 -83
-73 225 -82
-73 225 -81
-73 226 -96
-73 226 -95
-73 226 -94
-73 226 -93
-73 226 -92
-73 226 -91
-73 226 -90
-73 226 -89
-73 226 -88
-73 226 -87
-73 226 -86
-73 226 -85
-73 226 -84
-73 226 -83
-73 226 -82
-73 226 -81
-73 227 -96
-73 227 -95
-73 227 -94
-73 227 -93
-73 227 -92
-73 227 -91
-73 227 -90
-73 227 -89
-73 227 -88
-73 227 -87
-73 227 -86
-73 227 -85
-73 227 -84
-73 227 -83
-73 227 -82
-73 227 -81
-73 228 -96
-73 228 -95
-73 228 -94
-73 228 -93
-73 228 -92
-73 228 -91
-73 228 -90
-73 228 -89
-73 228 -88
-73 228 -87
-73 228 -86
-73 228 -85
-73 228 -84
-73 228 -83
-73 228 -82
-73 228 -81
-73 229 -96
-73 229 -95
-73 229 -94
-73 229 -93
-73 229 -92
-73 229 -91
-73 229 -90
-73 229 -89
-73 229 -88
-73 229 -87
-73 229 -86
-73 229 -85
-73 229 -84
-73 229 -83
-73 229 -82
-73 229 -81
-73 230 -96
-73 230 -95
-73 230 -94
-73 230 -93
-73 230 -92
-73 230 -91
-73 230 -90
-73 230 -89
-73 230 -88
-73 230 -87
-73 230 -86
-73 230 -85
-73 230 -84
-73 230 -82
-73 230 -81
-73 231 -96
-73 231 -95
-73 231 -94
-73 231 -93
-73 231 -90
-73 231 -89
-73 231 -87
-73 231 -86
-73 231 -84
-73 231 -82
-73 231 -81
-73 232 -96
-73 232 -95
-73 232 -94
-73 232 -81
-73 233 -94
-73 234 -96
-73 234 -95
-73 235 -96
-73 236 -96
-72 225 -96
-72 225 -95
-72 225 -94
-72 225 -93
-72 225 -92
-72 225 -91
-72 225 -90
-72 225 -89
-72 225 -88
-72 225 -87
-72 225 -86
-72 225 -85
-72 225 -84
-72 225 -83
-72 225 -82
-72 225 -81
-72 226 -96
-72 226 -95
-72 226 -94
-72 226 -93
-72 226 -92
-72 226 -91
-72 226 -90
-72 226 -89
-72 226 -88
-72 226 -87
-72 226 -86
-72 226 -85
-72 226 -84
-72 226 -83
-72 226 -82
-72 226 -81
-72 227 -96
-72 227 -95
-72 227 -94
-72 227 -93
-72 227 -92
-72 227 -91
-72 227 -90
-72 227 -89
-72 227 -88
-72 227 -87
-72 227 -86
-72 227 -85
-72 227 -84
-72 227 -83
-72 227 -82
-72 227 -81
-72 228 -96
-72 228 -95
-72 228 -94
-72 228 -93
-72 228 -92
-72 228 -91
-72 228 -90
-72 228 -89
-72 228 -88
-72 228 -87
-72 228 -86
-72 228 -85
-72 228 -84
-72 228 -83
-72 228 -82
-72 228 -81
-72 229 -96
-72 229 -95
-72 229 -93
-72 229 -92
-72 229 -90
-72 229 -89
-72 229 -88
-72 229 -87
-72 229 -86
-72 229 -85
-72 229 -84
-72 229 -83
-72 229 -82
-72 229 -81
-72 230 -96
-72 230 -95
-72 230 -94
-72 230 -93
-72 230 -92
-72 230 -90
-72 230 -89
-72 230 -88
-72 230 -87
-72 230 -86
-72 230 -85
-72 230 -83
-72 231 -96
-72 231 -95
-72 231 -94
-72 231 -93
-72 231 -92
-72 231 -90
-72 231 -87
-72 232 -96
-72 232 -95
-72 232 -94
-72 233 -96
-72 233 -95
-71 225 -96
-71 225 -95
-71 225 -94
-71 225 -93
-71 225 -92
-71 225 -91
-71 225 -90
-71 225 -89
-71 225 -88
-71 225 -87
-71 225 -86
-71 225 -85
-71 225 -84
-71 225 -83
-71 225 -82
-71 225 -81
-71 226 -96
-71 226 -95
-71 226 -94
-71 226 -93
-71 226 -92
-71 226 -91
-71 226 -90
-71 226 -89
-71 226 -88
-71 226 -87
-71 226 -86
-71 226 -85
-71 226 -84
-71 226 -83
-71 226 -82
-71 226 -81
-71 227 -96
-71 227 -95
-71 227 -94
-71 227 -93
-71 227 -92
-71 227 -91
-71 227 -90
-71 227 -89
-71 227 -88
-71 227 -87
-71 227 -86
-71 227 -85
-71 227 -84
-71 227 -83
-71 227 -82
-71 227 -81
-71 228 -96
-71 228 -95
-71 228 -94
-71 228 -93
-71 228 -91
-71 228 -90
-71 228 -89
-71 228 -88
-71 228 -87
-71 228 -86
-71 228 -85
-71 228 -84
-71 228 -83
-71 228 -82
-71 228 -81
-71 229 -96
-71 229 -95
-71 229 -94
-71 229 -92
-71 229 -91
-71 229 -90
-71 229 -89
-71 229 -88
-71 229 -87
-71 229 -86
-71 229 -85
-71 229 -84
-71 229 -83
-71 229 -82
-71 229 -81
-71 230 -96
-71 230 -95
-71 230 -94
-71 230 -93
-71 230 -92
-71 230 -89
-71 230 -88
-71 230 -87
-71 230 -86
-71 230 -85
-71 230 -84
-71 230 -83
-71 231 -96
-71 231 -95
-71 231 -93
-71 231 -89
-71 231 -88
-71 231 -86
-71 231 -85
-71 231 -84
-71 231 -83
-71 232 -96
-71 232 -94
-71 232 -88
-71 232 -84
-71 234 -96
-70 225 -96
-70 225 -95
-70 225 -94
-70 225 -93
-70 225 -92
-70 225 -91
-70 225 -90
-70 225 -89
-70 225 -88
-70 225 -87
-70 225 -86
-70 225 -85
-70 225 -84
-70 225 -83
-70 225 -82
-70 225 -81
-70 226 -96
-70 226 -95
-70 226 -94
-70 226 -93
-70 226 -92
-70 226 -91
-70 226 -90
-70 226 -89
-70 226 -88
-70 226 -87
-70 226 -86
-70 226 -85
-70 226 -84
-70 226 -83
-70 226 -82
-70 226 -81
-70 227 -96
-70 227 -95
-70 227 -94
-70 227 -93
-70 227 -92
-70 227 -91
-70 227 -90
-70 227 -89
-70 227 -88
-70 227 -87
-70 227 -86
-70 227 -85
-70 227 -84
-70 227 -83
-70 227 -82
-70 227 -81
-70 228 -96
-70 228 -95
-70 228 -94
-70 228 -93
-70 228 -90
-70 228 -89
-70 228 -88
-70 228 -87
-70 228 -86
-70 228 -85
-70 228 -84
-70 228 -82
-70 228 -81
-70 229 -96
-70 229 -95
-70 229 -94
-70 229 -93
-70 229 -92
-70 229 -91
-70 229 -90
-70 229 -89
-70 229 -88
-70 229 -87
-70 229 -86
-70 229 -85
-70 229 -84
-70 229 -83
-70 229 -82
-70 229 -81
-70 230 -96
-70 230 -95
-70 230 -93
-70 230 -90
-70 230 -89
-70 230 -88
-70 230 -87
-70 230 -85
-70 230 -84
-70 230 -83
-70 230 -82
-70 230 -81
-70 231 -96
-70 231 -95
-70 231 -94
-70 231 -90
-70 231 -89
-70 231 -88
-70 231 -87
-70 231 -86
-70 231 -85
-70 231 -84
-70 231 -83
-70 231 -82
-70 232 -96
-70 232 -95
-70 232 -88
-70 232 -84
-70 233 -88
-69 225 -96
-69 225 -95
-69 225 -94
-69 225 -93
-69 225 -92
-69 225 -91
-69 225 -90
-69 225 -89
-69 225 -88
-69 225 -87
-69 225 -86
-69 225 -85
-69 225 -84
-69 225 -83
-69 225 -82
-69 225 -81
-69 226 -96
-69 226 -95
-69 226 -94
-69 226 -93
-69 226 -92
-69 226 -91
-69 226 -90
-69 226 -89
-69 226 -88
-69 226 -87
-69 226 -86
-69 226 -85
-69 226 -84
-69 226 -83
-69 226 -82
-69 226 -81
-69 227 -96
-69 227 -95
-69 227 -94
-69 227 -93
-69 227 -92
-69 227 -91
-69 227 -89
-69 227 -88
-69 227 -87
-69 227 -86
-69 227 -85
-69 227 -84
-69 227 -83
-69 227 -82
-69 227 -81
-69 228 -96
-69 228 -95
-69 228 -94
-69 228 -93
-69 228 -92
-69 228 -91
-69 228 -89
-69 228 -88
-69 228 -87
-69 228 -86
-69 228 -85
-69 228 -84
-69 228 -83
-69 228 -82
-69 228 -81
-69 229 -96
-69 229 -95
-69 229 -94
-69 229 -93
-69 229 -92
-69 229 -91
-69 229 -90
-69 229 -89
-69 229 -88
-69 229 -87
-69 229 -86
-69 229 -85
-69 229 -84
-69 229 -83
-69 229 -82
-69 229 -81
-69 230 -96
-69 230 -94
-69 230 -93
-69 230 -92
-69 230 -90
-69 230 -89
-69 230 -88
-69 230 -87
-69 230 -86
-69 230 -85
-69 230 -84
-69 230 -83
-69 230 -82
-69 230 -81
-69 231 -96
-69 231 -89
-69 231 -88
-69 231 -86
-69 231 -85
-69 231 -84
-69 231 -83
-69 232 -96
-69 232 -85
-69 232 -84
-69 232 -83
-68 225 -96
-68 225 -95
-68 225 -94
-68 225 -93
-68 225 -92
-68 225 -91
-68 225 -90
-68 225 -89
-68 225 -88
-68 225 -87
-68 225 -86
-68 225 -85
-68 225 -84
-68 225 -83
-68 225 -82
-68 225 -81
-68 226 -96
-68 226 -95
-68 226 -94
-68 226 -93
-68 226 -92
-68 226 -91
-68 226 -90
-68 226 -89
-68 226 -88
-68 226 -87
-68 226 -86
-68 226 -85
-68 226 -84
-68 226 -83
-68 226 -82
-68 226 -81
-68 227 -96
-68 227 -95
-68 227 -94
-68 227 -93
-68 227 -92
-68 227 -91
-68 227 -90
-68 227 -89
-68 227 -88
-68 227 -87
-68 227 -86
-68 227 -85
-68 227 -84
-68 227 -83
-68 227 -82
-68 227 -81
-68 228 -96
-68 228 -95
-68 228 -94
-68 228 -93
-68 228 -92
-68 228 -91
-68 228 -90
-68 228 -89
-68 228 -88
-68 228 -87
-68 228 -86
-68 228 -85
-68 228 -84
-68 228 -83
-68 228 -82
-68 228 -81
-68 229 -96
-68 229 -95
-68 229 -93
-68 229 -90
-68 229 -89
-68 229 -88
-68 229 -87
-68 229 -85
-68 229 -84
-68 229 -83
-68 229 -82
-68 229 -81
-68 230 -95
-68 230 -93
-68 230 -89
-68 230 -85
-68 230 -84
-68 230 -83
-68 230 -82
-68 231 -96
-68 231 -88
-68 231 -85
-68 231 -84
-68 231 -83
-68 232 -96
-67 225 -96
-67 225 -95
-67 225 -94
-67 225 -93
-67 225 -92
-67 225 -91
-67 225 -90
-67 225 -89
-67 225 -88
-67 225 -87
-67 225 -86
-67 225 -85
-67 225 -84
-67 225 -83
-67 225 -82
-67 225 -81
-67 226 -96
-67 226 -95
-67 226 -94
-67 226 -93
-67 226 -92
-67 226 -91
-67 226 -90
-67 226 -89
-67 226 -88
-67 226 -87
-67 226 -86
-67 226 -85
-67 226 -84
-67 226 -83
-67 226 -82
-67 226 -81
-67 227 -96
-67 227 -95
-67 227 -94
-67 227 -93
-67 227 -92
-67 227 -91
-67 227 -90
-67 227 -89
-67 227 -88
-67 227 -87
-67 227 -85
-67 227 -83
-67 227 -82
-67 227 -81
-67 228 -96
-67 228 -95
-67 228 -94
-67 228 -91
-67 228 -90
-67 228 -88
-67 228 -87
-67 228 -86
-67 228 -85
-67 228 -84
-67 228 -83
-67 228 -82
-67 228 -81
-67 229 -96
-67 229 -95
-67 229 -89
-67 229 -88
-67 229 -85
-67 229 -84
-67 229 -83
-67 229 -81
-66 225 -96
-66 225 -95
-66 225 -94
-66 225 -93
-66 225 -92
-66 225 -91
-66 225 -90
-66 225 -89
-66 225 -88
-66 225 -87
-66 225 -86
-66 225 -85
-66 225 -84
-66 225 -83
-66 225 -82
-66 225 -81
-66 226 -96
-66 226 -95
-66 226 -94
-66 226 -93
-66 226 -92
-66 226 -91
-66 226 -90
-66 226 -89
-66 226 -88
-66 226 -87
-66 226 -86
-66 226 -85
-66 226 -84
-66 226 -83
-66 226 -82
-66 226 -81
-66 227 -96
-66 227 -95
-66 227 -94
-66 227 -93
-66 227 -92
-66 227 -91
-66 227 -90
-66 227 -89
-66 227 -88
-66 227 -87
-66 227 -86
-66 227 -85
-66 227 -84
-66 227 -83
-66 227 -82
-66 227 -81
-66 228 -96
-66 228 -95
-66 228 -94
-66 228 -93
-66 228 -92
-66 228 -90
-66 228 -89
-66 228 -88
-66 228 -87
-66 228 -86
-66 228 -85
-66 228 -84
-66 228 -83
-66 228 -82
-66 228 -81
-66 229 -92
-66 229 -88
-66 229 -87
-66 229 -85
-66 229 -84
-66 229 -83
-66 229 -82
-66 229 -81
-66 230 -87
-66 230 -82
-66 230 -81
-65 225 -96
-65 225 -95
-65 225 -94
-65 225 -93
-65 225 -92
-65 225 -91
-65 225 -90
-65 225 -89
-65 225 -88
-65 225 -87
-65 225 -86
-65 225 -85
-65 225 -84
-65 225 -83
-65 225 -82
-65 225 -81
-65 226 -95
-65 226 -94
-65 226 -93
-65 226 -92
-65 226 -91
-65 226 -90
-65 226 -89
-65 226 -88
-65 226 -87
-65 226 -86
-65 226 -85
-65 226 -84
-65 226 -83
-65 226 -82
-65 226 -81
-65 227 -96
-65 227 -95
-65 227 -94
-65 227 -93
-65 227 -90
-65 227 -89
-65 227 -88
-65 227 -87
-65 227 -86
-65 227 -85
-65 227 -84
-65 227 -83
-65 227 -82
-65 227 -81
-65 228 -96
-65 228 -95
-65 228 -94
-65 228 -93
-65 228 -92
-65 228 -91
-65 228 -90
-65 228 -89
-65 228 -88
-65 228 -87
-65 228 -86
-65 228 -85
-65 228 -84
-65 228 -83
-65 228 -82
-65 229 -94
-65 229 -92
-65 229 -87
-65 229 -82
-65 229 -81
-65 230 -96
-65 230 -94
-65 230 -93
-65 230 -82
-65 230 -81
-65 231 -81

