alfheim:altWood1
12
-158 224 30
-158 224 31
-157 223 30
-157 223 31
-157 224 29
-157 224 30
-157 224 31
-156 222 31
-156 223 29
-156 223 30
-156 223 31
-156 224 26
-156 224 27
-156 224 28
-156 224 29
-156 224 30
-156 224 31
-155 222 31
-155 223 29
-155 223 30
-155 223 31
-155 224 26
-155 224 27
-155 224 28
-155 224 29
-155 224 30
-155 224 31
-154 222 31
-154 223 29
-154 223 30
-154 223 31
-154 224 26
-154 224 27
-154 224 28
-154 224 29
-154 224 30
-154 224 31
-153 222 31
-153 223 29
-153 223 30
-153 223 31
-153 224 26
-153 224 27
-153 224 28
-153 224 29
-153 224 30
-153 224 31
-152 221 31
-152 222 30
-152 222 31
-152 223 29
-152 223 30
-152 223 31
-152 224 27
-152 224 28
-152 224 29
-152 224 30
-152 224 31
-151 221 30
-151 221 31
-151 222 29
-151 222 30
-151 222 31
-151 223 29
-151 223 30
-151 223 31
-151 224 28
-151 224 29
-151 224 30
-151 224 31
-150 220 31
-150 221 30
-150 221 31
-150 222 29
-150 222 30
-150 222 31
-150 223 28
-150 223 29
-150 223 30
-150 223 31
-150 224 28
-150 224 29
-150 224 30
-150 224 31
-149 220 31
-149 221 30
-149 221 31
-149 222 29
-149 222 30
-149 222 31
-149 223 28
-149 223 29
-149 223 30
-149 223 31
-149 224 16
-149 224 28
-149 224 29
-149 224 30
-149 224 31
-148 220 31
-148 221 30
-148 221 31
-148 222 29
-148 222 30
-148 222 31
-148 223 28
-148 223 29
-148 223 30
-148 223 31
-148 224 16
-148 224 17
-148 224 28
-148 224 29
-148 224 30
-148 224 31
-147 219 31
-147 220 31
-147 221 30
-147 221 31
-147 222 29
-147 222 30
-147 222 31
-147 223 16
-147 223 17
-147 223 29
-147 223 30
-147 223 31
-147 224 16
-147 224 17
-147 224 18
-147 224 29
-147 224 30
-147 224 31
-146 219 31
-146 220 30
-146 220 31
-146 221 30
-146 221 31
-146 222 16
-146 222 17
-146 222 30
-146 222 31
-146 223 16
-146 223 17
-146 223 18
-146 223 29
-146 223 30
-146 223 31
-146 224 16
-146 224 17
-146 224 18
-146 224 29
-146 224 30
-146 224 31
-145 219 31
-145 220 30
-145 220 31
-145 221 30
-145 221 31
-145 222 16
-145 222 17
-145 222 18
-145 222 30
-145 222 31
-145 223 16
-145 223 17
-145 223 18
-145 223 30
-145 223 31
-145 224 16
-145 224 17
-145 224 18
-145 224 30
-145 224 31
-160 226 30
-160 226 31
-160 227 29
-160 227 30
-160 227 31
-160 228 29
-160 228 30
-160 228 31
-160 229 28
-160 229 29
-160 229 30
-160 229 31
-160 230 21
-160 230 22
-160 230 23
-160 230 28
-160 230 29
-160 230 30
-160 230 31
-160 231 22
-160 231 23
-160 231 24
-160 231 28
-160 231 29
-160 231 30
-160 231 31
-160 232 24
-160 232 29
-160 232 30
-160 232 31
-160 233 17
-160 233 23
-160 233 24
-160 233 29
-159 225 31
-159 226 29
-159 226 30
-159 226 31
-159 227 29
-159 227 30
-159 227 31
-159 228 28
-159 228 29
-159 228 30
-159 228 31
-159 229 21
-159 229 22
-159 229 23
-159 229 24
-159 229 27
-159 229 28
-159 229 29
-159 229 30
-159 229 31
-159 230 19
-159 230 20
-159 230 21
-159 230 22
-159 230 23
-159 230 24
-159 230 25
-159 230 27
-159 230 28
-159 230 29
-159 230 30
-159 230 31
-159 231 20
-159 231 21
-159 231 22
-159 231 23
-159 231 24
-159 231 25
-159 231 28
-159 231 29
-159 231 30
-159 231 31
-159 232 22
-159 232 23
-159 232 24
-159 232 25
-159 232 28
-159 232 29
-159 232 30
-159 232 31
-159 233 22
-159 233 23
-159 233 24
-159 234 22
-159 234 23
-159 234 31
-159 236 22
-158 225 29
-158 225 30
-158 225 31
-158 226 27
-158 226 28
-158 226 29
-158 226 30
-158 226 31
-158 227 26
-158 227 27
-158 227 28
-158 227 29
-158 227 30
-158 227 31
-158 228 23
-158 228 24
-158 228 25
-158 228 26
-158 228 27
-158 228 28
-158 228 29
-158 228 30
-158 228 31
-158 229 21
-158 229 22
-158 229 23
-158 229 24
-158 229 25
-158 229 26
-158 229 27
-158 229 28
-158 229 29
-158 229 30
-158 229 31
-158 230 20
-158 230 21
-158 230 22
-158 230 23
-158 230 24
-158 230 25
-158 230 26
-158 230 27
-158 230 28
-158 230 29
-158 230 30
-158 230 31
-158 231 20
-158 231 21
-158 231 22
-158 231 23
-158 231 24
-158 231 25
-158 231 26
-158 231 27
-158 231 28
-158 231 29
-158 231 30
-158 231 31
-158 232 20
-158 232 22
-158 232 23
-158 232 24
-158 232 25
-158 232 28
-158 232 29
-158 232 30
-158 232 31
-158 233 18
-158 233 20
-158 233 22
-158 233 23
-158 233 24
-158 233 25
-158 233 29
-158 233 30
-158 234 21
-158 234 22
-158 234 23
-158 234 24
-158 235 21
-158 235 22
-158 235 23
-157 225 27
-157 225 28
-157 225 29
-157 225 30
-157 225 31
-157 226 25
-157 226 26
-157 226 27
-157 226 28
-157 226 29
-157 226 30
-157 226 31
-157 227 24
-157 227 25
-157 227 26
-157 227 27
-157 227 28
-157 227 29
-157 227 30
-157 227 31
-157 228 22
-157 228 23
-157 228 24
-157 228 25
-157 228 26
-157 228 27
-157 228 28
-157 228 29
-157 228 30
-157 228 31
-157 229 21
-157 229 22
-157 229 23
-157 229 24
-157 229 25
-157 229 26
-157 229 27
-157 229 28
-157 229 29
-157 229 30
-157 229 31
-157 230 20
-157 230 21
-157 230 22
-157 230 23
-157 230 24
-157 230 25
-157 230 26
-157 230 27
-157 230 28
-157 230 29
-157 230 30
-157 230 31
-157 231 20
-157 231 21
-157 231 22
-157 231 23
-157 231 24
-157 231 25
-157 231 26
-157 231 27
-157 231 28
-157 231 29
-157 231 30
-157 231 31
-157 232 20
-157 232 21
-157 232 22
-157 232 23
-157 232 24
-157 232 25
-157 232 26
-157 232 27
-157 232 28
-157 232 29
-157 232 30
-157 232 31
-157 233 19
-157 233 20
-157 233 21
-157 233 22
-157 233 23
-157 233 24
-157 233 25
-157 233 29
-157 233 30
-157 233 31
-157 234 20
-157 234 21
-157 234 22
-157 234 23
-157 234 24
-157 235 21
-157 235 22
-156 225 25
-156 225 26
-156 225 27
-156 225 28
-156 225 29
-156 225 30
-156 225 31
-156 226 24
-156 226 25
-156 226 26
-156 226 27
-156 226 28
-156 226 29
-156 226 30
-156 226 31
-156 227 23
-156 227 24
-156 227 25
-156 227 26
-156 227 27
-156 227 28
-156 227 29
-156 227 30
-156 227 31
-156 228 22
-156 228 23
-156 228 24
-156 228 25
-156 228 26
-156 228 27
-156 228 28
-156 228 29
-156 228 30
-156 228 31
-156 229 21
-156 229 22
-156 229 23
-156 229 24
-156 229 25
-156 229 26
-156 229 27
-156 229 28
-156 229 29
-156 229 30
-156 229 31
-156 230 21
-156 230 22
-156 230 23
-156 230 24
-156 230 25
-156 230 26
-156 230 27
-156 230 28
-156 230 29
-156 230 30
-156 230 31
-156 231 20
-156 231 21
-156 231 22
-156 231 23
-156 231 24
-156 231 25
-156 231 26
-156 231 27
-156 231 28
-156 231 29
-156 231 30
-156 231 31
-156 232 20
-156 232 21
-156 232 22
-156 232 23
-156 232 24
-156 232 25
-156 232 26
-156 232 27
-156 232 28
-156 232 29
-156 232 30
-156 232 31
-156 233 20
-156 233 21
-156 233 22
-156 233 23
-156 233 24
-156 233 25
-156 233 31
-156 234 21
-156 234 22
-156 234 23
-156 234 31
-155 225 25
-155 225 26
-155 225 27
-155 225 28
-155 225 29
-155 225 30
-155 225 31
-155 226 24
-155 226 25
-155 226 26
-155 226 27
-155 226 28
-155 226 29
-155 226 30
-155 226 31
-155 227 23
-155 227 24
-155 227 25
-155 227 26
-155 227 27
-155 227 28
-155 227 29
-155 227 30
-155 227 31
-155 228 22
-155 228 23
-155 228 24
-155 228 25
-155 228 26
-155 228 27
-155 228 28
-155 228 29
-155 228 30
-155 228 31
-155 229 22
-155 229 23
-155 229 24
-155 229 25
-155 229 26
-155 229 27
-155 229 28
-155 229 29
-155 229 30
-155 229 31
-155 230 21
-155 230 22
-155 230 23
-155 230 24
-155 230 25
-155 230 26
-155 230 27
-155 230 28
-155 230 29
-155 230 30
-155 230 31
-155 231 21
-155 231 22
-155 231 23
-155 231 24
-155 231 25
-155 231 26
-155 231 27
-155 231 28
-155 231 29
-155 231 30
-155 231 31
-155 232 21
-155 232 22
-155 232 23
-155 232 24
-155 232 25
-155 232 26
-155 232 28
-155 232 29
-155 232 30
-155 232 31
-155 233 22
-155 233 23
-155 233 24
-155 233 31
-154 225 25
-154 225 26
-154 225 27
-154 225 28
-154 225 29
-154 225 30
-154 225 31
-154 226 24
-154 226 25
-154 226 26
-154 226 27
-154 226 28
-154 226 29
-154 226 30
-154 226 31
-154 227 24
-154 227 25
-154 227 26
-154 227 27
-154 227 28
-154 227 29
-154 227 30
-154 227 31
-154 228 23
-154 228 24
-154 228 25
-154 228 26
-154 228 27
-154 228 28
-154 228 29
-154 228 30
-154 228 31
-154 229 22
-154 229 23
-154 229 24
-154 229 25
-154 229 26
-154 229 27
-154 229 28
-154 229 29
-154 229 30
-154 229 31
-154 230 16
-154 230 22
-154 230 23
-154 230 24
-154 230 25
-154 230 26
-154 230 27
-154 230 28
-154 230 29
-154 230 30
-154 230 31
-154 231 22
-154 231 23
-154 231 24
-154 231 25
-154 231 26
-154 231 27
-154 231 28
-154 231 29
-154 231 30
-154 231 31
-154 232 23
-154 232 24
-154 232 25
-154 232 29
-154 232 30
-154 232 31
-153 225 25
-153 225 26
-153 225 27
-153 225 28
-153 225 29
-153 225 30
-153 225 31
-153 226 25
-153 226 26
-153 226 27
-153 226 28
-153 226 29
-153 226 30
-153 226 31
-153 227 24
-153 227 25
-153 227 26
-153 227 27
-153 227 28
-153 227 29
-153 227 30
-153 227 31
-153 228 24
-153 228 25
-153 228 26
-153 228 27
-153 228 28
-153 228 29
-153 228 30
-153 228 31
-153 229 16
-153 229 24
-153 229 25
-153 229 26
-153 229 27
-153 229 28
-153 229 29
-153 229 30
-153 229 31
-153 230 16
-153 230 24
-153 230 25
-153 230 26
-153 230 27
-153 230 28
-153 230 29
-153 230 30
-153 230 31
-153 231 16
-153 231 25
-153 231 26
-153 231 27
-153 231 28
-153 231 29
-153 231 30
-153 231 31
-153 232 30
-153 232 31
-152 225 26
-152 225 27
-152 225 28
-152 225 29
-152 225 30
-152 225 31
-152 226 25
-152 226 26
-152 226 27
-152 226 28
-152 226 29
-152 226 30
-152 226 31
-152 227 25
-152 227 26
-152 227 27
-152 227 28
-152 227 29
-152 227 30
-152 227 31
-152 228 16
-152 228 25
-152 228 26
-152 228 27
-152 228 28
-152 228 29
-152 228 30
-152 228 31
-152 229 16
-152 229 25
-152 229 26
-152 229 27
-152 229 28
-152 229 29
-152 229 30
-152 229 31
-152 230 16
-152 230 26
-152 230 27
-152 230 28
-152 230 29
-152 230 30
-152 230 31
-152 231 16
-152 231 28
-152 231 29
-152 231 30
-152 231 31
-151 225 27
-151 225 28
-151 225 29
-151 225 30
-151 225 31
-151 226 26
-151 226 27
-151 226 28
-151 226 29
-151 226 30
-151 226 31
-151 227 16
-151 227 26
-151 227 27
-151 227 28
-151 227 29
-151 227 30
-151 227 31
-151 228 16
-151 228 26
-151 228 27
-151 228 28
-151 228 29
-151 228 30
-151 228 31
-151 229 16
-151 229 17
-151 229 26
-151 229 27
-151 229 28
-151 229 29
-151 229 30
-151 229 31
-151 230 16
-151 230 27
-151 230 28
-151 230 29
-151 230 30
-151 230 31
-151 231 16
-151 231 31
-150 225 28
-150 225 29
-150 225 30
-150 225 31
-150 226 16
-150 226 28
-150 226 29
-150 226 30
-150 226 31
-150 227 16
-150 227 17
-150 227 28
-150 227 29
-150 227 30
-150 227 31
-150 228 16
-150 228 17
-150 228 28
-150 228 29
-150 228 30
-150 228 31
-150 229 16
-150 229 17
-150 229 28
-150 229 29
-150 229 30
-150 229 31
-150 230 16
-150 230 17
-150 230 30
-150 230 31
-150 231 16
-149 225 16
-149 225 17
-149 225 28
-149 225 29
-149 225 30
-149 225 31
-149 226 16
-149 226 17
-149 226 28
-149 226 29
-149 226 30
-149 226 31
-149 227 16
-149 227 17
-149 227 28
-149 227 29
-149 227 30
-149 227 31
-149 228 16
-149 228 17
-149 228 18
-149 228 28
-149 228 29
-149 228 30
-149 228 31
-149 229 16
-149 229 17
-149 229 29
-149 229 30
-149 229 31
-149 230 16
-149 230 17
-149 230 31
-149 231 16
-149 231 17
-149 232 16
-148 225 16
-148 225 17
-148 225 28
-148 225 29
-148 225 30
-148 225 31
-148 226 16
-148 226 17
-148 226 18
-148 226 28
-148 226 29
-148 226 30
-148 226 31
-148 227 16
-148 227 17
-148 227 18
-148 227 28
-148 227 29
-148 227 30
-148 227 31
-148 228 16
-148 228 17
-148 228 18
-148 228 29
-148 228 30
-148 228 31
-148 229 16
-148 229 17
-148 229 30
-148 229 31
-148 230 16
-148 230 17
-148 230 31
-148 231 16
-147 225 16
-147 225 17
-147 225 18
-147 225 29
-147 225 30
-147 225 31
-147 226 16
-147 226 17
-147 226 18
-147 226 29
-147 226 30
-147 226 31
-147 227 16
-147 227 17
-147 227 18
-147 227 29
-147 227 30
-147 227 31
-147 228 16
-147 228 17
-147 228 18
-147 228 29
-147 228 30
-147 228 31
-147 229 16
-147 229 17
-147 229 30
-147 229 31
-147 230 16
-147 230 17
-147 231 16
-146 225 16
-146 225 17
-146 225 18
-146 225 29
-146 225 30
-146 225 31
-146 226 16
-146 226 17
-146 226 18
-146 226 29
-146 226 30
-146 226 31
-146 227 16
-146 227 17
-146 227 18
-146 227 29
-146 227 30
-146 227 31
-146 228 16
-146 228 17
-146 228 30
-146 228 31
-146 229 16
-146 229 17
-146 229 31
-146 230 16
-146 230 17
-146 231 16
-145 225 16
-145 225 17
-145 225 18
-145 225 30
-145 225 31
-145 226 16
-145 226 17
-145 226 18
-145 226 30
-145 226 31
-145 227 16
-145 227 17
-145 227 18
-145 227 30
-145 227 31
-145 228 16
-145 228 17
-145 228 18
-145 228 31
-145 229 16
-145 229 17
-145 229 18
-145 230 16
-145 230 17
-145 231 16
alfheim:altLeaves
6
-160 196 17
-160 197 17
-160 197 18
-160 198 16
-160 198 17
-160 198 18
-160 198 19
-160 199 16
-160 199 17
-160 199 18
-160 199 20
-160 200 16
-160 200 17
-160 200 18
-160 200 20
-160 201 16
-160 201 17
-160 201 18
-160 201 19
-160 202 16
-160 202 17
-160 202 18
-160 203 16
-160 203 17
-160 204 16
-160 204 17
-160 204 18
-160 205 16
-160 205 17
-160 205 18
-160 205 19
-160 205 20
-160 206 16
-160 206 17
-160 206 18
-160 206 19
-160 206 20
-160 206 21
-160 207 16
-160 207 17
-160 207 18
-160 207 19
-160 207 20
-160 208 16
-160 208 17
-160 208 18
-160 208 19
-160 208 20
-160 209 16
-160 209 17
-160 209 18
-160 209 19
-160 209 20
-160 209 21
-160 209 22
-160 209 23
-160 209 24
-160 210 16
-160 210 17
-160 210 18
-160 210 19
-160 210 20
-160 210 21
-160 210 22
-160 210 23
-160 211 16
-160 211 17
-160 211 18
-160 211 19
-160 211 20
-160 211 21
-160 211 22
-160 211 23
-160 211 24
-160 211 25
-160 212 16
-160 212 17
-160 212 18
-160 212 19
-160 212 20
-160 212 21
-160 212 22
-160 212 24
-160 212 25
-160 213 16
-160 213 17
-160 213 18
-160 213 19
-160 213 20
-160 213 21
-160 213 22
-160 213 23
-160 213 24
-160 213 25
-160 214 16
-160 214 17
-160 214 18
-160 214 19
-160 214 20
-160 214 21
-160 214 22
-160 214 23
-160 214 24
-160 214 25
-160 215 16
-160 215 17
-160 215 18
-160 215 19
-160 215 20
-160 215 21
-160 215 22
-160 215 23
-160 215 24
-160 215 25
-160 216 16
-160 216 17
-160 216 18
-160 216 19
-160 216 20
-160 216 21
-160 216 22
-160 216 23
-160 216 24
-160 217 16
-160 217 17
-160 217 18
-160 217 19
-160 217 21
-160 217 22
-160 218 16
-160 218 17
-160 218 18
-160 218 21
-160 219 16
-160 219 17
-160 219 18
-160 220 16
-159 198 17
-159 198 20
-159 199 17
-159 199 18
-159 199 19
-159 199 20
-159 199 21
-159 200 16
-159 200 17
-159 200 18
-159 200 19
-159 200 20
-159 200 21
-159 201 16
-159 201 17
-159 201 18
-159 201 19
-159 202 16
-159 202 17
-159 202 18
-159 202 19
-159 203 16
-159 203 17
-159 204 16
-159 204 17
-159 204 18
-159 205 16
-159 205 17
-159 205 18
-159 205 19
-159 205 20
-159 206 16
-159 206 17
-159 206 18
-159 206 19
-159 206 20
-159 206 21
-159 206 22
-159 207 16
-159 207 17
-159 207 18
-159 207 19
-159 207 20
-159 207 21
-159 208 16
-159 208 17
-159 208 18
-159 208 19
-159 208 20
-159 209 16
-159 209 17
-159 209 18
-159 209 19
-159 209 20
-159 209 21
-159 209 22
-159 209 23
-159 209 24
-159 210 16
-159 210 17
-159 210 18
-159 210 19
-159 210 20
-159 210 21
-159 210 22
-159 210 23
-159 210 24
-159 211 16
-159 211 17
-159 211 18
-159 211 19
-159 211 20
-159 211 21
-159 211 22
-159 211 23
-159 211 24
-159 211 25
-159 212 16
-159 212 17
-159 212 18
-159 212 19
-159 212 20
-159 212 21
-159 212 22
-159 212 23
-159 212 24
-159 212 25
-159 213 16
-159 213 17
-159 213 18
-159 213 19
-159 213 20
-159 213 21
-159 213 22
-159 213 23
-159 213 24
-159 213 25
-159 213 26
-159 214 16
-159 214 17
-159 214 18
-159 214 19
-159 214 20
-159 214 21
-159 214 22
-159 214 24
-159 214 25
-159 214 26
-159 215 16
-159 215 17
-159 215 18
-159 215 19
-159 215 20
-159 215 21
-159 215 22
-159 215 23
-159 215 24
-159 215 25
-159 215 26
-159 216 16
-159 216 17
-159 216 18
-159 216 19
-159 216 20
-159 216 21
-159 216 22
-159 216 23
-159 216 24
-159 216 25
-159 217 16
-159 217 17
-159 217 18
-159 217 19
-159 217 22
-159 218 16
-159 218 17
-159 218 18
-159 218 19
-159 219 16
-159 219 17
-159 219 20
-159 220 16
-159 220 17
-159 221 16
-159 221 17
-158 197 18
-158 198 18
-158 199 17
-158 199 18
-158 199 19
-158 199 20
-158 200 16
-158 200 17
-158 200 18
-158 200 19
-158 200 20
-158 201 17
-158 201 18
-158 202 17
-158 202 18
-158 203 16
-158 203 17
-158 203 18
-158 204 16
-158 204 17
-158 204 18
-158 205 16
-158 205 17
-158 205 18
-158 205 19
-158 205 20
-158 206 16
-158 206 17
-158 206 18
-158 206 19
-158 206 20
-158 207 16
-158 207 17
-158 207 18
-158 207 19
-158 207 20
-158 208 16
-158 208 17
-158 208 18
-158 208 19
-158 208 20
-158 208 21
-158 208 23
-158 209 16
-158 209 17
-158 209 18
-158 209 19
-158 209 20
-158 209 21
-158 209 22
-158 209 23
-158 209 24
-158 210 16
-158 210 17
-158 210 18
-158 210 19
-158 210 20
-158 210 21
-158 210 22
-158 210 23
-158 210 24
-158 211 16
-158 211 17
-158 211 18
-158 211 19
-158 211 20
-158 211 21
-158 211 22
-158 211 23
-158 211 24
-158 212 16
-158 212 17
-158 212 18
-158 212 19
-158 212 20
-158 212 21
-158 212 22
-158 212 24
-158 212 26
-158 213 16
-158 213 17
-158 213 18
-158 213 19
-158 213 20
-158 213 21
-158 213 22
-158 213 23
-158 213 24
-158 213 25
-158 213 26
-158 214 16
-158 214 17
-158 214 18
-158 214 19
-158 214 20
-158 214 21
-158 214 22
-158 214 23
-158 214 24
-158 214 25
-158 215 16
-158 215 17
-158 215 18
-158 215 19
-158 215 20
-158 215 21
-158 215 22
-158 215 23
-158 216 16
-158 216 17
-158 216 18
-158 216 19
-158 216 20
-158 216 21
-158 216 22
-158 216 24
-158 217 16
-158 217 17
-158 217 18
-158 217 19
-158 217 20
-158 217 21
-158 218 16
-158 218 17
-158 218 18
-158 218 19
-158 218 20
-158 218 21
-158 219 16
-158 219 17
-158 219 20
-158 220 16
-158 220 17
-158 221 16
-158 221 17
-158 222 16
-157 197 17
-157 198 16
-157 198 17
-157 198 18
-157 199 16
-157 199 17
-157 199 18
-157 200 16
-157 200 17
-157 200 18
-157 201 18
-157 203 16
-157 203 17
-157 204 17
-157 204 18
-157 205 17
-157 205 18
-157 205 19
-157 206 16
-157 206 17
-157 206 18
-157 206 19
-157 206 20
-157 207 17
-157 207 18
-157 207 19
-157 207 20
-157 208 17
-157 208 18
-157 208 19
-157 208 20
-157 208 21
-157 208 23
-157 209 16
-157 209 17
-157 209 18
-157 209 19
-157 209 20
-157 209 21
-157 209 22
-157 209 23
-157 210 16
-157 210 17
-157 210 18
-157 210 19
-157 210 20
-157 210 21
-157 210 22
-157 210 23
-157 210 24
-157 210 25
-157 211 16
-157 211 17
-157 211 18
-157 211 19
-157 211 20
-157 211 21
-157 211 22
-157 211 23
-157 212 16
-157 212 17
-157 212 18
-157 212 19
-157 212 20
-157 212 21
-157 212 22
-157 212 23
-157 212 24
-157 213 16
-157 213 17
-157 213 18
-157 213 19
-157 213 20
-157 213 21
-157 213 22
-157 213 23
-157 213 24
-157 213 25
-157 213 26
-157 214 16
-157 214 17
-157 214 18
-157 214 19
-157 214 20
-157 214 21
-157 214 22
-157 214 23
-157 215 16
-157 215 17
-157 215 18
-157 215 19
-157 215 20
-157 215 21
-157 215 22
-157 215 23
-157 216 16
-157 216 17
-157 216 18
-157 216 19
-157 216 20
-157 216 21
-157 216 22
-157 217 16
-157 217 17
-157 217 18
-157 217 19
-157 217 20
-157 217 21
-157 217 22
-157 218 16
-157 218 17
-157 218 18
-157 218 19
-157 218 20
-157 219 16
-157 219 17
-157 219 18
-157 220 16
-157 220 17
-157 220 18
-157 221 16
-157 221 17
-156 199 16
-156 200 16
-156 200 17
-156 200 18
-156 201 16
-156 205 18
-156 206 17
-156 206 19
-156 207 17
-156 207 18
-156 207 21
-156 208 18
-156 208 20
-156 208 21
-156 209 17
-156 209 18
-156 209 19
-156 209 20
-156 209 21
-156 209 22
-156 210 18
-156 210 19
-156 210 21
-156 210 24
-156 211 16
-156 211 17
-156 211 18
-156 211 19
-156 211 20
-156 211 21
-156 211 23
-156 212 16
-156 212 17
-156 212 18
-156 212 19
-156 212 20
-156 212 21
-156 212 22
-156 212 24
-156 213 16
-156 213 17
-156 213 18
-156 213 19
-156 213 20
-156 213 21
-156 213 22
-156 213 23
-156 213 24
-156 213 25
-156 214 16
-156 214 17
-156 214 18
-156 214 19
-156 214 20
-156 214 21
-156 214 22
-156 214 23
-156 215 16
-156 215 17
-156 215 18
-156 215 19
-156 215 20
-156 215 21
-156 216 16
-156 216 17
-156 216 18
-156 216 19
-156 216 20
-156 216 21
-156 216 23
-156 217 16
-156 217 17
-156 217 18
-156 217 19
-156 217 20
-156 217 21
-156 218 16
-156 218 17
-156 218 18
-156 218 19
-156 219 16
-156 219 17
-156 219 18
-156 220 16
-156 220 18
-156 221 16
-156 221 17
-156 221 18
-156 222 16
-155 208 21
-155 209 20
-155 209 21
-155 209 22
-155 210 17
-155 210 19
-155 210 21
-155 210 22
-155 211 16
-155 211 17
-155 211 18
-155 211 19
-155 211 20
-155 211 21
-155 211 22
-155 212 16
-155 212 17
-155 212 18
-155 212 19
-155 212 20
-155 212 21
-155 212 22
-155 212 23
-155 213 16
-155 213 17
-155 213 18
-155 213 19
-155 213 20
-155 213 21
-155 213 22
-155 213 23
-155 213 24
-155 213 25
-155 214 16
-155 214 17
-155 214 18
-155 214 19
-155 214 20
-155 214 21
-155 214 22
-155 214 23
-155 214 24
-155 214 25
-155 215 16
-155 215 17
-155 215 18
-155 215 19
-155 215 20
-155 215 21
-155 215 22
-155 215 23
-155 215 24
-155 215 25
-155 216 16
-155 216 17
-155 216 18
-155 216 19
-155 216 20
-155 216 21
-155 216 23
-155 216 24
-155 217 16
-155 217 17
-155 217 18
-155 217 19
-155 217 20
-155 217 21
-155 218 16
-155 218 17
-155 218 18
-155 218 19
-155 218 20
-155 219 16
-155 219 17
-155 219 18
-155 219 19
-155 220 16
-155 220 17
-155 220 18
-155 220 19
-155 221 16
-155 222 16
-155 222 17
-155 223 16
-154 208 20
-154 209 19
-154 209 20
-154 209 21
-154 210 19
-154 210 20
-154 210 21
-154 210 22
-154 211 17
-154 211 18
-154 211 19
-154 211 20
-154 211 21
-154 211 22
-154 211 23
-154 212 16
-154 212 17
-154 212 18
-154 212 19
-154 212 20
-154 212 21
-154 212 22
-154 212 23
-154 213 16
-154 213 17
-154 213 18
-154 213 19
-154 213 20
-154 213 21
-154 213 22
-154 213 23
-154 213 24
-154 214 16
-154 214 17
-154 214 18
-154 214 19
-154 214 20
-154 214 21
-154 214 22
-154 214 23
-154 214 24
-154 214 25
-154 215 16
-154 215 17
-154 215 18
-154 215 19
-154 215 20
-154 215 21
-154 215 23
-154 216 16
-154 216 17
-154 216 18
-154 216 19
-154 216 20
-154 216 21
-154 216 22
-154 216 23
-154 216 24
-154 217 16
-154 217 18
-154 217 19
-154 217 20
-154 217 21
-154 217 22
-154 217 23
-154 218 16
-154 218 17
-154 218 18
-154 218 19
-154 218 20
-154 219 16
-154 219 17
-154 219 18
-154 220 16
-154 222 16
-153 209 20
-153 209 21
-153 209 22
-153 210 17
-153 210 18
-153 210 19
-153 210 20
-153 210 21
-153 210 22
-153 210 23
-153 211 16
-153 211 17
-153 211 18
-153 211 19
-153 211 20
-153 211 21
-153 211 22
-153 211 24
-153 212 16
-153 212 17
-153 212 18
-153 212 19
-153 212 20
-153 212 21
-153 212 22
-153 212 23
-153 212 24
-153 212 25
-153 213 16
-153 213 17
-153 213 18
-153 213 19
-153 213 20
-153 213 21
-153 213 22
-153 213 23
-153 213 24
-153 213 25
-153 214 16
-153 214 17
-153 214 18
-153 214 19
-153 214 20
-153 214 21
-153 214 22
-153 214 23
-153 214 24
-153 214 25
-153 215 16
-153 215 17
-153 215 18
-153 215 19
-153 215 20
-153 215 21
-153 215 22
-153 215 23
-153 215 24
-153 215 25
-153 216 16
-153 216 18
-153 216 19
-153 216 20
-153 216 21
-153 216 22
-153 216 23
-153 216 24
-153 217 16
-153 217 17
-153 217 18
-153 217 19
-153 217 20
-153 217 21
-153 217 23
-153 217 24
-153 218 16
-153 218 17
-153 218 18
-153 218 19
-153 218 20
-153 218 23
-153 219 16
-153 219 18
-153 220 16
-153 220 17
-152 208 20
-152 209 20
-152 209 21
-152 209 22
-152 210 18
-152 210 19
-152 210 20
-152 210 21
-152 210 22
-152 210 23
-152 210 24
-152 211 17
-152 211 18
-152 211 19
-152 211 20
-152 211 21
-152 211 22
-152 211 23
-152 211 24
-152 211 25
-152 212 16
-152 212 17
-152 212 18
-152 212 19
-152 212 20
-152 212 21
-152 212 22
-152 212 23
-152 212 24
-152 212 25
-152 213 16
-152 213 17
-152 213 18
-152 213 19
-152 213 20
-152 213 21
-152 213 22
-152 213 23
-152 213 24
-152 213 26
-152 214 16
-152 214 17
-152 214 18
-152 214 19
-152 214 20
-152 214 21
-152 214 22
-152 214 23
-152 214 24
-152 214 25
-152 214 26
-152 214 27
-152 215 16
-152 215 17
-152 215 18
-152 215 19
-152 215 20
-152 215 21
-152 215 22
-152 215 23
-152 215 24
-152 215 25
-152 216 16
-152 216 17
-152 216 18
-152 216 19
-152 216 20
-152 216 21
-152 216 22
-152 216 23
-152 216 24
-152 216 25
-152 217 16
-152 217 17
-152 217 18
-152 217 19
-152 217 20
-152 217 21
-152 217 22
-152 217 23
-152 217 24
-152 218 16
-152 218 17
-152 218 18
-152 218 19
-152 218 20
-152 218 21
-152 218 23
-152 218 24
-152 219 17
-152 219 18
-152 219 19
-152 219 20
-152 219 21
-152 219 23
-152 220 16
-152 220 17
-152 220 18
-152 220 20
-151 208 17
-151 208 18
-151 208 19
-151 209 17
-151 209 18
-151 209 22
-151 210 17
-151 210 18
-151 210 19
-151 210 20
-151 210 21
-151 210 23
-151 210 24
-151 211 17
-151 211 18
-151 211 19
-151 211 20
-151 211 21
-151 211 22
-151 211 23
-151 211 24
-151 212 17
-151 212 18
-151 212 19
-151 212 20
-151 212 21
-151 212 22
-151 212 23
-151 212 24
-151 212 25
-151 213 16
-151 213 17
-151 213 18
-151 213 19
-151 213 20
-151 213 21
-151 213 22
-151 213 23
-151 214 16
-151 214 17
-151 214 18
-151 214 19
-151 214 20
-151 214 21
-151 214 22
-151 214 23
-151 214 25
-151 214 26
-151 215 16
-151 215 17
-151 215 18
-151 215 19
-151 215 20
-151 215 21
-151 215 22
-151 215 23
-151 216 16
-151 216 17
-151 216 18
-151 216 19
-151 216 20
-151 216 21
-151 216 22
-151 216 23
-151 217 16
-151 217 17
-151 217 18
-151 217 19
-151 217 20
-151 217 21
-151 217 22
-151 217 23
-151 218 16
-151 218 17
-151 218 18
-151 218 19
-151 218 20
-151 218 21
-151 218 22
-151 218 23
-151 219 16
-151 219 17
-151 219 18
-151 219 19
-151 219 20
-151 219 21
-151 219 22
-151 220 20
-151 221 19
-150 206 16
-150 208 20
-150 209 18
-150 209 19
-150 209 20
-150 209 21
-150 210 18
-150 210 19
-150 210 20
-150 210 21
-150 210 23
-150 211 16
-150 211 17
-150 211 18
-150 211 19
-150 211 20
-150 211 21
-150 211 22
-150 211 23
-150 211 24
-150 211 25
-150 212 16
-150 212 17
-150 212 18
-150 212 19
-150 212 20
-150 212 21
-150 212 22
-150 212 23
-150 212 24
-150 212 25
-150 213 16
-150 213 18
-150 213 19
-150 213 20
-150 213 21
-150 213 22
-150 213 23
-150 213 24
-150 214 16
-150 214 17
-150 214 18
-150 214 19
-150 214 20
-150 214 21
-150 214 22
-150 214 23
-150 214 24
-150 215 16
-150 215 17
-150 215 18
-150 215 19
-150 215 20
-150 215 21
-150 215 22
-150 215 23
-150 215 24
-150 216 16
-150 216 17
-150 216 18
-150 216 19
-150 216 20
-150 216 21
-150 216 22
-150 216 23
-150 216 24
-150 217 16
-150 217 17
-150 217 18
-150 217 19
-150 217 20
-150 217 21
-150 217 22
-150 217 23
-150 217 24
-150 218 17
-150 218 18
-150 218 19
-150 218 20
-150 218 22
-150 219 18
-150 219 19
-150 219 20
-150 219 21
-150 219 22
-150 220 18
-150 220 19
-150 220 20
-150 221 19
-150 221 20
-150 222 19
-149 199 16
-149 201 16
-149 204 16
-149 205 16
-149 206 16
-149 207 17
-149 207 18
-149 208 16
-149 208 19
-149 209 17
-149 209 19
-149 210 16
-149 210 17
-149 210 18
-149 210 19
-149 210 20
-149 210 21
-149 211 16
-149 211 17
-149 211 18
-149 211 19
-149 211 20
-149 211 21
-149 211 22
-149 211 23
-149 212 16
-149 212 17
-149 212 19
-149 212 20
-149 212 21
-149 212 22
-149 212 23
-149 212 24
-149 212 25
-149 213 16
-149 213 17
-149 213 18
-149 213 19
-149 213 20
-149 213 21
-149 213 22
-149 213 23
-149 214 16
-149 214 17
-149 214 18
-149 214 19
-149 214 20
-149 214 21
-149 214 22
-149 214 23
-149 214 24
-149 215 16
-149 215 17
-149 215 18
-149 215 19
-149 215 20
-149 215 21
-149 215 22
-149 215 23
-149 215 24
-149 215 25
-149 215 26
-149 216 16
-149 216 17
-149 216 18
-149 216 19
-149 216 20
-149 216 21
-149 216 22
-149 216 23
-149 216 24
-149 217 17
-149 217 18
-149 217 19
-149 217 20
-149 217 21
-149 217 22
-149 217 23
-149 218 16
-149 218 17
-149 218 18
-149 218 19
-149 218 20
-149 218 23
-149 219 16
-149 219 17
-149 219 18
-149 219 19
-149 219 20
-149 219 21
-149 219 22
-149 219 23
-149 220 19
-149 220 20
-149 220 22
-149 221 20
-149 221 21
-148 199 16
-148 200 16
-148 200 17
-148 200 18
-148 201 16
-148 201 17
-148 203 17
-148 204 16
-148 204 17
-148 205 16
-148 206 16
-148 206 18
-148 207 16
-148 207 17
-148 207 18
-148 208 16
-148 208 17
-148 209 16
-148 209 17
-148 210 16
-148 210 17
-148 210 18
-148 210 19
-148 210 23
-148 211 16
-148 211 17
-148 211 18
-148 211 19
-148 211 20
-148 211 21
-148 211 22
-148 211 23
-148 212 16
-148 212 17
-148 212 18
-148 212 19
-148 212 20
-148 212 21
-148 212 22
-148 212 23
-148 212 24
-148 213 16
-148 213 17
-148 213 18
-148 213 19
-148 213 20
-148 213 21
-148 213 22
-148 213 23
-148 213 24
-148 213 25
-148 214 16
-148 214 17
-148 214 18
-148 214 19
-148 214 20
-148 214 21
-148 214 22
-148 214 23
-148 214 24
-148 215 16
-148 215 17
-148 215 18
-148 215 19
-148 215 20
-148 215 21
-148 215 22
-148 215 23
-148 215 24
-148 215 25
-148 216 16
-148 216 17
-148 216 18
-148 216 19
-148 216 20
-148 216 21
-148 216 22
-148 216 23
-148 216 24
-148 217 16
-148 217 17
-148 217 18
-148 217 19
-148 217 20
-148 217 21
-148 217 23
-148 217 24
-148 218 16
-148 218 17
-148 218 18
-148 218 19
-148 218 20
-148 218 23
-148 219 16
-148 219 18
-148 219 19
-148 219 20
-148 219 21
-148 219 22
-148 220 16
-148 220 18
-148 220 19
-148 220 20
-148 220 21
-148 221 20
-147 197 16
-147 198 16
-147 198 17
-147 199 16
-147 199 17
-147 200 16
-147 200 17
-147 201 16
-147 201 17
-147 202 16
-147 202 17
-147 203 17
-147 203 18
-147 204 16
-147 204 17
-147 204 18
-147 205 16
-147 206 16
-147 206 17
-147 207 16
-147 207 17
-147 208 16
-147 208 17
-147 208 18
-147 209 16
-147 209 17
-147 209 18
-147 209 19
-147 210 16
-147 210 17
-147 210 18
-147 210 19
-147 211 16
-147 211 17
-147 211 18
-147 211 19
-147 211 20
-147 211 22
-147 211 23
-147 212 16
-147 212 17
-147 212 18
-147 212 19
-147 212 22
-147 213 16
-147 213 17
-147 213 18
-147 213 19
-147 213 20
-147 213 21
-147 213 22
-147 213 23
-147 213 24
-147 214 16
-147 214 17
-147 214 18
-147 214 19
-147 214 20
-147 214 21
-147 214 22
-147 214 23
-147 214 24
-147 215 16
-147 215 17
-147 215 18
-147 215 19
-147 215 20
-147 215 21
-147 215 23
-147 216 16
-147 216 17
-147 216 18
-147 216 19
-147 216 20
-147 216 21
-147 216 22
-147 216 24
-147 217 16
-147 217 17
-147 217 18
-147 217 19
-147 217 20
-147 217 21
-147 217 22
-147 217 23
-147 218 16
-147 218 17
-147 218 18
-147 218 20
-147 218 21
-147 218 22
-147 218 23
-147 218 24
-147 219 16
-147 219 17
-147 219 18
-147 219 19
-147 219 20
-147 219 21
-147 219 22
-147 220 18
-147 220 19
-147 220 20
-147 220 22
-147 221 19
-147 221 20
-147 224 24
-147 224 25
-147 224 27
-147 224 28
-146 198 16
-146 199 16
-146 199 17
-146 199 18
-146 199 19
-146 200 16
-146 200 17
-146 201 16
-146 201 17
-146 201 18
-146 201 19
-146 202 16
-146 202 17
-146 203 16
-146 203 17
-146 203 18
-146 203 19
-146 204 16
-146 204 17
-146 204 18
-146 204 19
-146 205 16
-146 205 17
-146 205 18
-146 206 16
-146 206 17
-146 207 16
-146 207 17
-146 207 18
-146 208 16
-146 208 17
-146 208 18
-146 208 19
-146 209 16
-146 209 17
-146 209 18
-146 210 16
-146 210 17
-146 210 18
-146 210 19
-146 211 16
-146 211 17
-146 211 18
-146 211 19
-146 212 16
-146 212 17
-146 212 18
-146 212 19
-146 212 20
-146 212 22
-146 212 23
-146 213 16
-146 213 17
-146 213 18
-146 213 19
-146 213 20
-146 213 21
-146 213 23
-146 214 16
-146 214 17
-146 214 18
-146 214 19
-146 214 20
-146 214 21
-146 214 22
-146 214 23
-146 215 16
-146 215 17
-146 215 18
-146 215 19
-146 215 20
-146 215 21
-146 215 22
-146 215 23
-146 216 16
-146 216 17
-146 216 18
-146 216 19
-146 216 20
-146 216 21
-146 216 22
-146 217 16
-146 217 17
-146 217 18
-146 217 19
-146 217 20
-146 217 22
-146 218 16
-146 218 17
-146 218 18
-146 218 19
-146 218 20
-146 218 21
-146 218 22
-146 219 16
-146 219 17
-146 219 18
-146 219 19
-146 219 20
-146 219 21
-146 220 16
-146 220 18
-146 220 19
-146 220 20
-146 223 27
-146 224 26
-146 224 27
-145 198 16
-145 198 17
-145 199 16
-145 199 17
-145 200 16
-145 200 17
-145 201 16
-145 201 17
-145 201 18
-145 201 19
-145 202 16
-145 202 17
-145 202 18
-145 203 16
-145 203 17
-145 203 18
-145 204 16
-145 204 17
-145 204 18
-145 205 16
-145 205 17
-145 205 18
-145 206 16
-145 206 17
-145 206 18
-145 207 16
-145 207 17
-145 208 16
-145 208 17
-145 208 18
-145 208 19
-145 209 16
-145 209 17
-145 209 18
-145 210 16
-145 210 17
-145 210 18
-145 211 16
-145 211 17
-145 211 18
-145 211 19
-145 212 16
-145 212 17
-145 212 18
-145 212 19
-145 212 20
-145 213 16
-145 213 17
-145 213 18
-145 213 19
-145 213 20
-145 213 21
-145 213 22
-145 214 16
-145 214 17
-145 214 18
-145 214 19
-145 214 20
-145 214 21
-145 214 22
-145 215 16
-145 215 17
-145 215 18
-145 215 19
-145 215 20
-145 215 21
-145 215 22
-145 216 16
-145 216 17
-145 216 18
-145 216 19
-145 216 20
-145 217 16
-145 217 17
-145 217 18
-145 217 19
-145 217 20
-145 218 16
-145 218 17
-145 218 18
-145 218 21
-145 219 16
-145 219 17
-145 219 18
-145 219 19
-145 219 21
-145 220 16
-145 220 17
-145 220 18
-145 222 24
-145 222 27
-145 223 24
-145 223 26
-145 223 27
-145 223 28
-145 224 23
-145 224 24
-145 224 25
-145 224 26
-145 224 27
-145 224 28
-160 229 20
-160 230 16
-160 230 17
-160 230 19
-160 230 20
-160 231 16
-160 231 17
-160 231 18
-160 231 19
-160 231 20
-160 231 21
-160 232 16
-160 232 17
-160 232 18
-160 232 19
-160 232 20
-160 232 21
-160 232 22
-160 232 23
-160 233 16
-160 233 18
-160 233 19
-160 233 20
-160 233 21
-160 233 22
-160 233 30
-160 233 31
-160 234 16
-160 234 17
-160 234 18
-160 234 19
-160 234 20
-160 234 21
-160 234 22
-160 234 23
-160 234 24
-160 234 25
-160 234 26
-160 234 29
-160 234 30
-160 234 31
-160 235 16
-160 235 17
-160 235 18
-160 235 19
-160 235 20
-160 235 21
-160 235 22
-160 235 23
-160 235 24
-160 235 25
-160 235 26
-160 235 28
-160 235 29
-160 235 30
-160 235 31
-160 236 16
-160 236 17
-160 236 18
-160 236 19
-160 236 20
-160 236 21
-160 236 22
-160 236 23
-160 236 24
-160 236 25
-160 236 27
-160 236 28
-160 236 29
-160 236 30
-160 236 31
-160 237 16
-160 237 17
-160 237 18
-160 237 19
-160 237 20
-160 237 21
-160 237 22
-160 237 24
-160 237 27
-160 237 28
-160 237 29
-160 237 30
-160 237 31
-160 238 16
-160 238 17
-160 238 18
-160 238 19
-160 238 20
-160 238 21
-160 238 22
-160 238 23
-160 238 25
-160 238 26
-160 238 27
-160 238 28
-160 238 29
-160 238 30
-160 238 31
-160 239 16
-160 239 17
-160 239 18
-160 239 19
-160 239 20
-160 239 21
-160 239 22
-160 239 23
-160 239 24
-160 239 26
-160 239 27
-160 239 28
-160 239 29
-160 239 30
-160 239 31
-160 240 16
-160 240 18
-160 240 19
-160 240 20
-160 240 21
-160 240 22
-160 240 23
-160 240 24
-160 240 25
-160 240 27
-160 240 28
-160 240 29
-160 240 30
-160 240 31
-160 241 17
-160 241 18
-160 241 19
-160 241 20
-160 241 21
-160 241 22
-160 241 23
-160 241 24
-160 241 25
-160 241 26
-160 241 27
-160 241 28
-160 241 29
-160 241 30
-160 241 31
-160 242 16
-160 242 17
-160 242 18
-160 242 19
-160 242 20
-160 242 21
-160 242 22
-160 242 23
-160 242 24
-160 242 25
-160 242 26
-160 242 27
-160 242 28
-160 242 29
-160 242 30
-160 242 31
-160 243 16
-160 243 18
-160 243 19
-160 243 20
-160 243 21
-160 243 22
-160 243 23
-160 243 24
-160 243 25
-160 243 26
-160 243 27
-160 243 28
-160 243 29
-160 243 30
-160 243 31
-160 244 17
-160 244 18
-160 244 19
-160 244 20
-160 244 21
-160 244 22
-160 244 23
-160 244 24
-160 244 25
-160 244 26
-160 244 27
-160 244 28
-160 244 29
-160 244 30
-160 244 31
-160 245 19
-160 245 20
-160 245 21
-160 245 22
-160 245 23
-160 245 24
-160 245 25
-160 245 26
-160 246 19
-160 246 20
-160 246 21
-160 246 22
-160 246 24
-160 246 25
-160 246 26
-160 247 22
-160 247 23
-160 247 25
-159 231 17
-159 231 18
-159 231 19
-159 232 16
-159 232 18
-159 232 19
-159 232 20
-159 232 21
-159 233 17
-159 233 18
-159 233 19
-159 233 20
-159 233 21
-159 233 28
-159 233 29
-159 233 30
-159 233 31
-159 234 17
-159 234 18
-159 234 19
-159 234 20
-159 234 21
-159 234 24
-159 234 25
-159 234 28
-159 234 29
-159 234 30
-159 235 17
-159 235 18
-159 235 19
-159 235 20
-159 235 21
-159 235 22
-159 235 23
-159 235 24
-159 235 25
-159 235 27
-159 235 28
-159 235 29
-159 235 30
-159 235 31
-159 236 16
-159 236 17
-159 236 18
-159 236 19
-159 236 20
-159 236 21
-159 236 25
-159 236 26
-159 236 27
-159 236 28
-159 236 29
-159 236 30
-159 237 16
-159 237 17
-159 237 18
-159 237 19
-159 237 20
-159 237 21
-159 237 22
-159 237 23
-159 237 25
-159 237 26
-159 237 27
-159 237 28
-159 237 29
-159 237 30
-159 237 31
-159 238 17
-159 238 18
-159 238 19
-159 238 20
-159 238 21
-159 238 22
-159 238 26
-159 238 27
-159 238 28
-159 238 29
-159 238 30
-159 238 31
-159 239 17
-159 239 18
-159 239 19
-159 239 20
-159 239 21
-159 239 22
-159 239 23
-159 239 25
-159 239 26
-159 239 27
-159 239 28
-159 239 29
-159 239 30
-159 239 31
-159 240 16
-159 240 18
-159 240 19
-159 240 20
-159 240 21
-159 240 22
-159 240 23
-159 240 24
-159 240 25
-159 240 26
-159 240 27
-159 240 28
-159 240 29
-159 240 30
-159 240 31
-159 241 16
-159 241 17
-159 241 18
-159 241 19
-159 241 20
-159 241 21
-159 241 22
-159 241 23
-159 241 24
-159 241 25
-159 241 26
-159 241 27
-159 241 28
-159 241 29
-159 241 30
-159 241 31
-159 242 16
-159 242 17
-159 242 18
-159 242 19
-159 242 20
-159 242 21
-159 242 22
-159 242 23
-159 242 24
-159 242 25
-159 242 26
-159 242 27
-159 242 28
-159 242 29
-159 242 30
-159 242 31
-159 243 16
-159 243 17
-159 243 18
-159 243 19
-159 243 20
-159 243 21
-159 243 22
-159 243 23
-159 243 24
-159 243 25
-159 243 26
-159 243 27
-159 243 28
-159 243 29
-159 243 30
-159 243 31
-159 244 16
-159 244 17
-159 244 18
-159 244 19
-159 244 20
-159 244 21
-159 244 22
-159 244 23
-159 244 24
-159 244 26
-159 244 28
-159 244 30
-159 245 17
-159 245 18
-159 245 20
-159 245 21
-159 245 22
-159 245 23
-159 245 24
-159 245 30
-159 246 21
-159 246 22
-159 246 23
-159 246 24
-159 246 25
-159 246 30
-159 247 22
-158 231 18
-158 231 19
-158 232 17
-158 232 18
-158 232 19
-158 232 21
-158 233 17
-158 233 19
-158 233 21
-158 233 28
-158 233 31
-158 234 16
-158 234 17
-158 234 18
-158 234 19
-158 234 20
-158 234 27
-158 234 28
-158 234 30
-158 234 31
-158 235 16
-158 235 17
-158 235 19
-158 235 20
-158 235 24
-158 235 26
-158 235 27
-158 235 28
-158 235 29
-158 235 30
-158 235 31
-158 236 16
-158 236 17
-158 236 18
-158 236 19
-158 236 20
-158 236 21
-158 236 24
-158 236 25
-158 236 26
-158 236 27
-158 236 28
-158 236 29
-158 236 30
-158 236 31
-158 237 16
-158 237 17
-158 237 18
-158 237 19
-158 237 20
-158 237 21
-158 237 22
-158 237 23
-158 237 24
-158 237 25
-158 237 26
-158 237 27
-158 237 28
-158 237 29
-158 237 30
-158 237 31
-158 238 17
-158 238 18
-158 238 19
-158 238 20
-158 238 21
-158 238 22
-158 238 23
-158 238 24
-158 238 25
-158 238 26
-158 238 27
-158 238 28
-158 238 29
-158 238 30
-158 238 31
-158 239 16
-158 239 17
-158 239 18
-158 239 19
-158 239 20
-158 239 21
-158 239 22
-158 239 23
-158 239 24
-158 239 25
-158 239 26
-158 239 27
-158 239 28
-158 239 29
-158 239 30
-158 239 31
-158 240 16
-158 240 17
-158 240 18
-158 240 19
-158 240 20
-158 240 21
-158 240 22
-158 240 23
-158 240 24
-158 240 25
-158 240 26
-158 240 27
-158 240 28
-158 240 29
-158 240 30
-158 240 31
-158 241 16
-158 241 17
-158 241 18
-158 241 19
-158 241 20
-158 241 21
-158 241 22
-158 241 23
-158 241 24
-158 241 25
-158 241 26
-158 241 27
-158 241 28
-158 241 29
-158 241 30
-158 241 31
-158 242 16
-158 242 17
-158 242 18
-158 242 19
-158 242 20
-158 242 21
-158 242 22
-158 242 23
-158 242 24
-158 242 25
-158 242 26
-158 242 27
-158 242 28
-158 242 29
-158 242 30
-158 242 31
-158 243 16
-158 243 17
-158 243 18
-158 243 19
-158 243 20
-158 243 21
-158 243 22
-158 243 23
-158 243 24
-158 243 25
-158 243 26
-158 243 27
-158 243 28
-158 243 29
-158 243 30
-158 243 31
-158 244 16
-158 244 17
-158 244 18
-158 244 19
-158 244 20
-158 244 21
-158 244 22
-158 244 23
-158 244 24
-158 244 25
-158 244 26
-158 244 28
-158 244 29
-158 244 30
-158 244 31
-158 245 18
-158 245 19
-158 245 20
-158 245 21
-158 245 22
-158 245 23
-158 245 24
-158 245 30
-158 246 19
-158 246 20
-158 246 21
-158 246 22
-158 247 19
-157 232 18
-157 232 19
-157 234 19
-157 234 28
-157 234 30
-157 234 31
-157 235 17
-157 235 20
-157 235 27
-157 235 28
-157 235 29
-157 235 30
-157 235 31
-157 236 16
-157 236 17
-157 236 18
-157 236 19
-157 236 20
-157 236 21
-157 236 22
-157 236 25
-157 236 27
-157 236 28
-157 236 29
-157 236 30
-157 236 31
-157 237 16
-157 237 17
-157 237 18
-157 237 19
-157 237 20
-157 237 21
-157 237 22
-157 237 24
-157 237 25
-157 237 26
-157 237 27
-157 237 28
-157 237 29
-157 237 30
-157 237 31
-157 238 17
-157 238 18
-157 238 19
-157 238 20
-157 238 21
-157 238 22
-157 238 25
-157 238 26
-157 238 28
-157 238 29
-157 238 30
-157 238 31
-157 239 16
-157 239 17
-157 239 18
-157 239 19
-157 239 20
-157 239 21
-157 239 22
-157 239 23
-157 239 24
-157 239 25
-157 239 26
-157 239 27
-157 239 28
-157 239 29
-157 239 30
-157 239 31
-157 240 16
-157 240 17
-157 240 18
-157 240 19
-157 240 20
-157 240 21
-157 240 22
-157 240 23
-157 240 24
-157 240 25
-157 240 26
-157 240 27
-157 240 28
-157 240 29
-157 240 30
-157 240 31
-157 241 16
-157 241 17
-157 241 18
-157 241 19
-157 241 20
-157 241 21
-157 241 22
-157 241 23
-157 241 24
-157 241 25
-157 241 26
-157 241 27
-157 241 28
-157 241 29
-157 241 30
-157 241 31
-157 242 16
-157 242 17
-157 242 18
-157 242 19
-157 242 20
-157 242 21
-157 242 22
-157 242 23
-157 242 24
-157 242 25
-157 242 26
-157 242 27
-157 242 28
-157 242 29
-157 242 30
-157 242 31
-157 243 16
-157 243 17
-157 243 18
-157 243 19
-157 243 20
-157 243 21
-157 243 22
-157 243 23
-157 243 24
-157 243 25
-157 243 26
-157 243 27
-157 243 28
-157 243 29
-157 243 30
-157 244 16
-157 244 17
-157 244 18
-157 244 19
-157 244 20
-157 244 21
-157 244 22
-157 244 23
-157 244 24
-157 244 25
-157 244 26
-157 244 27
-157 244 28
-157 244 30
-157 245 16
-157 245 18
-157 245 19
-157 245 20
-157 245 21
-157 245 22
-157 245 23
-157 245 24
-157 245 25
-157 245 26
-157 246 20
-157 246 21
-157 246 22
-157 246 24
-157 246 25
-157 247 21
-156 233 30
-156 234 30
-156 235 16
-156 235 18
-156 235 29
-156 235 30
-156 235 31
-156 236 16
-156 236 17
-156 236 18
-156 236 21
-156 236 26
-156 236 27
-156 236 28
-156 236 29
-156 236 30
-156 236 31
-156 237 16
-156 237 19
-156 237 21
-156 237 22
-156 237 23
-156 237 25
-156 237 26
-156 237 27
-156 237 28
-156 237 29
-156 237 30
-156 237 31
-156 238 16
-156 238 17
-156 238 18
-156 238 21
-156 238 22
-156 238 26
-156 238 27
-156 238 28
-156 238 29
-156 238 30
-156 238 31
-156 239 16
-156 239 17
-156 239 18
-156 239 19
-156 239 20
-156 239 21
-156 239 22
-156 239 24
-156 239 25
-156 239 26
-156 239 27
-156 239 28
-156 239 29
-156 239 30
-156 239 31
-156 240 16
-156 240 17
-156 240 18
-156 240 19
-156 240 20
-156 240 21
-156 240 22
-156 240 23
-156 240 24
-156 240 25
-156 240 26
-156 240 27
-156 240 28
-156 240 29
-156 240 30
-156 240 31
-156 241 16
-156 241 17
-156 241 18
-156 241 19
-156 241 20
-156 241 21
-156 241 22
-156 241 23
-156 241 24
-156 241 25
-156 241 26
-156 241 27
-156 241 28
-156 241 29
-156 241 30
-156 241 31
-156 242 16
-156 242 17
-156 242 18
-156 242 19
-156 242 20
-156 242 21
-156 242 22
-156 242 23
-156 242 24
-156 242 25
-156 242 26
-156 242 27
-156 242 28
-156 242 29
-156 242 30
-156 242 31
-156 243 16
-156 243 17
-156 243 18
-156 243 19
-156 243 20
-156 243 21
-156 243 22
-156 243 23
-156 243 24
-156 243 25
-156 243 26
-156 243 27
-156 243 28
-156 243 29
-156 243 30
-156 243 31
-156 244 16
-156 244 17
-156 244 18
-156 244 19
-156 244 20
-156 244 21
-156 244 22
-156 244 23
-156 244 24
-156 244 25
-156 244 26
-156 244 27
-156 244 28
-156 244 29
-156 244 31
-156 245 16
-156 245 17
-156 245 18
-156 245 19
-156 245 20
-156 245 21
-156 245 22
-156 245 23
-156 245 24
-156 245 25
-156 245 26
-156 246 18
-156 246 20
-156 246 21
-156 246 22
-156 246 23
-156 246 24
-156 246 25
-156 246 26
-156 247 23
-155 234 28
-155 234 29
-155 235 27
-155 235 28
-155 235 29
-155 235 30
-155 235 31
-155 236 25
-155 236 26
-155 236 27
-155 236 28
-155 236 29
-155 236 30
-155 236 31
-155 237 16
-155 237 17
-155 237 22
-155 237 24
-155 237 25
-155 237 26
-155 237 27
-155 237 28
-155 237 29
-155 237 30
-155 237 31
-155 238 16
-155 238 17
-155 238 21
-155 238 22
-155 238 24
-155 238 25
-155 238 26
-155 238 27
-155 238 28
-155 238 29
-155 238 30
-155 238 31
-155 239 16
-155 239 17
-155 239 18
-155 239 19
-155 239 20
-155 239 21
-155 239 22
-155 239 23
-155 239 24
-155 239 25
-155 239 26
-155 239 27
-155 239 28
-155 239 29
-155 239 30
-155 239 31
-155 240 16
-155 240 17
-155 240 18
-155 240 19
-155 240 20
-155 240 21
-155 240 22
-155 240 23
-155 240 24
-155 240 25
-155 240 26
-155 240 27
-155 240 28
-155 240 29
-155 240 30
-155 240 31
-155 241 16
-155 241 17
-155 241 18
-155 241 19
-155 241 20
-155 241 21
-155 241 22
-155 241 23
-155 241 24
-155 241 25
-155 241 26
-155 241 27
-155 241 28
-155 241 29
-155 241 30
-155 241 31
-155 242 16
-155 242 17
-155 242 19
-155 242 20
-155 242 21
-155 242 22
-155 242 23
-155 242 24
-155 242 25
-155 242 26
-155 242 27
-155 242 28
-155 242 29
-155 242 30
-155 242 31
-155 243 16
-155 243 17
-155 243 18
-155 243 19
-155 243 20
-155 243 21
-155 243 22
-155 243 23
-155 243 24
-155 243 25
-155 243 26
-155 243 27
-155 243 28
-155 243 29
-155 243 31
-155 244 16
-155 244 17
-155 244 18
-155 244 19
-155 244 20
-155 244 21
-155 244 22
-155 244 23
-155 244 24
-155 244 25
-155 244 26
-155 244 27
-155 244 28
-155 244 29
-155 245 16
-155 245 17
-155 245 18
-155 245 19
-155 245 20
-155 245 21
-155 245 22
-155 245 23
-155 245 24
-155 245 25
-155 245 26
-155 245 28
-155 246 16
-155 246 18
-155 246 19
-155 246 20
-155 246 21
-155 246 22
-155 246 23
-155 246 24
-155 246 25
-155 246 26
-155 247 20
-155 247 24
-154 233 30
-154 233 31
-154 234 26
-154 234 27
-154 234 28
-154 234 29
-154 234 30
-154 234 31
-154 235 27
-154 235 28
-154 235 29
-154 235 30
-154 235 31
-154 236 26
-154 236 27
-154 236 28
-154 236 29
-154 236 30
-154 236 31
-154 237 16
-154 237 22
-154 237 23
-154 237 24
-154 237 26
-154 237 27
-154 237 28
-154 237 29
-154 237 30
-154 237 31
-154 238 16
-154 238 17
-154 238 18
-154 238 21
-154 238 22
-154 238 23
-154 238 24
-154 238 25
-154 238 26
-154 238 27
-154 238 28
-154 238 29
-154 238 30
-154 238 31
-154 239 16
-154 239 17
-154 239 18
-154 239 19
-154 239 20
-154 239 21
-154 239 22
-154 239 23
-154 239 24
-154 239 25
-154 239 26
-154 239 27
-154 239 28
-154 239 29
-154 239 30
-154 239 31
-154 240 16
-154 240 17
-154 240 18
-154 240 19
-154 240 20
-154 240 21
-154 240 22
-154 240 23
-154 240 24
-154 240 25
-154 240 26
-154 240 27
-154 240 28
-154 240 29
-154 240 30
-154 240 31
-154 241 16
-154 241 17
-154 241 18
-154 241 19
-154 241 20
-154 241 21
-154 241 22
-154 241 23
-154 241 24
-154 241 25
-154 241 26
-154 241 27
-154 241 28
-154 241 29
-154 241 30
-154 241 31
-154 242 16
-154 242 17
-154 242 18
-154 242 19
-154 242 20
-154 242 21
-154 242 22
-154 242 23
-154 242 24
-154 242 25
-154 242 26
-154 242 27
-154 242 28
-154 242 29
-154 242 30
-154 242 31
-154 243 16
-154 243 17
-154 243 19
-154 243 20
-154 243 21
-154 243 22
-154 243 23
-154 243 24
-154 243 25
-154 243 26
-154 243 27
-154 243 28
-154 243 29
-154 243 30
-154 244 16
-154 244 17
-154 244 18
-154 244 19
-154 244 20
-154 244 21
-154 244 22
-154 244 23
-154 244 24
-154 244 25
-154 244 26
-154 244 27
-154 244 28
-154 244 29
-154 245 16
-154 245 17
-154 245 18
-154 245 19
-154 245 20
-154 245 21
-154 245 22
-154 245 23
-154 245 24
-154 245 25
-154 245 26
-154 245 27
-154 245 28
-154 245 29
-154 246 16
-154 246 18
-154 246 20
-154 246 21
-154 246 22
-154 246 23
-154 246 24
-154 246 25
-154 246 26
-154 246 27
-154 247 21
-154 247 22
-154 247 24
-154 247 25
-154 247 26
-154 247 27
-154 248 19
-154 248 20
-154 248 21
-154 248 22
-154 248 24
-154 249 21
-153 233 31
-153 234 27
-153 234 28
-153 234 29
-153 234 31
-153 235 27
-153 235 28
-153 235 29
-153 235 30
-153 235 31
-153 236 25
-153 236 26
-153 236 27
-153 236 28
-153 236 29
-153 236 30
-153 236 31
-153 237 16
-153 237 26
-153 237 27
-153 237 28
-153 237 29
-153 237 30
-153 237 31
-153 238 16
-153 238 18
-153 238 19
-153 238 22
-153 238 23
-153 238 24
-153 238 25
-153 238 26
-153 238 27
-153 238 28
-153 238 29
-153 238 30
-153 238 31
-153 239 16
-153 239 17
-153 239 18
-153 239 19
-153 239 20
-153 239 22
-153 239 23
-153 239 24
-153 239 25
-153 239 26
-153 239 27
-153 239 28
-153 239 29
-153 239 30
-153 239 31
-153 240 16
-153 240 17
-153 240 18
-153 240 19
-153 240 20
-153 240 21
-153 240 22
-153 240 23
-153 240 24
-153 240 25
-153 240 26
-153 240 27
-153 240 28
-153 240 29
-153 240 30
-153 240 31
-153 241 16
-153 241 17
-153 241 18
-153 241 19
-153 241 20
-153 241 21
-153 241 22
-153 241 23
-153 241 24
-153 241 25
-153 241 26
-153 241 27
-153 241 28
-153 241 29
-153 241 30
-153 241 31
-153 242 16
-153 242 17
-153 242 19
-153 242 20
-153 242 21
-153 242 22
-153 242 23
-153 242 24
-153 242 25
-153 242 26
-153 242 27
-153 242 28
-153 242 29
-153 242 30
-153 242 31
-153 243 17
-153 243 18
-153 243 19
-153 243 20
-153 243 21
-153 243 22
-153 243 23
-153 243 24
-153 243 25
-153 243 26
-153 243 27
-153 243 28
-153 243 29
-153 243 30
-153 243 31
-153 244 16
-153 244 17
-153 244 18
-153 244 19
-153 244 20
-153 244 21
-153 244 22
-153 244 23
-153 244 24
-153 244 25
-153 244 26
-153 244 27
-153 244 28
-153 244 30
-153 244 31
-153 245 16
-153 245 17
-153 245 18
-153 245 19
-153 245 20
-153 245 21
-153 245 22
-153 245 23
-153 245 24
-153 245 25
-153 245 26
-153 245 27
-153 246 19
-153 246 20
-153 246 21
-153 246 22
-153 246 23
-153 246 24
-153 246 25
-153 246 27
-153 247 20
-153 247 21
-153 247 22
-153 247 23
-153 247 24
-153 247 25
-153 248 20
-153 248 23
-153 248 25
-153 249 22
-153 249 23
-152 234 28
-152 234 29
-152 234 31
-152 235 26
-152 235 28
-152 235 29
-152 235 30
-152 235 31
-152 236 26
-152 236 27
-152 236 28
-152 236 29
-152 236 30
-152 236 31
-152 237 23
-152 237 25
-152 237 26
-152 237 27
-152 237 28
-152 237 29
-152 237 30
-152 237 31
-152 238 16
-152 238 17
-152 238 18
-152 238 19
-152 238 21
-152 238 22
-152 238 23
-152 238 24
-152 238 25
-152 238 26
-152 238 27
-152 238 28
-152 238 29
-152 238 30
-152 238 31
-152 239 16
-152 239 17
-152 239 18
-152 239 20
-152 239 21
-152 239 22
-152 239 23
-152 239 24
-152 239 25
-152 239 26
-152 239 27
-152 239 28
-152 239 29
-152 239 30
-152 239 31
-152 240 16
-152 240 17
-152 240 18
-152 240 19
-152 240 20
-152 240 21
-152 240 22
-152 240 23
-152 240 24
-152 240 25
-152 240 26
-152 240 27
-152 240 28
-152 240 29
-152 240 30
-152 240 31
-152 241 16
-152 241 17
-152 241 18
-152 241 19
-152 241 20
-152 241 21
-152 241 22
-152 241 23
-152 241 24
-152 241 25
-152 241 26
-152 241 27
-152 241 28
-152 241 29
-152 241 30
-152 241 31
-152 242 16
-152 242 17
-152 242 18
-152 242 19
-152 242 20
-152 242 21
-152 242 22
-152 242 23
-152 242 24
-152 242 25
-152 242 26
-152 242 27
-152 242 28
-152 242 29
-152 242 30
-152 242 31
-152 243 16
-152 243 17
-152 243 18
-152 243 19
-152 243 20
-152 243 21
-152 243 22
-152 243 23
-152 243 24
-152 243 25
-152 243 26
-152 243 27
-152 243 28
-152 243 29
-152 243 30
-152 243 31
-152 244 16
-152 244 17
-152 244 18
-152 244 19
-152 244 20
-152 244 21
-152 244 22
-152 244 23
-152 244 24
-152 244 25
-152 244 26
-152 244 29
-152 244 30
-152 244 31
-152 245 16
-152 245 17
-152 245 18
-152 245 19
-152 245 20
-152 245 21
-152 245 22
-152 245 23
-152 245 24
-152 245 25
-152 245 26
-152 245 27
-152 245 28
-152 245 30
-152 245 31
-152 246 16
-152 246 19
-152 246 20
-152 246 21
-152 246 22
-152 246 23
-152 246 24
-152 246 25
-152 246 27
-152 247 16
-152 247 19
-152 247 20
-152 247 21
-152 247 22
-152 247 23
-152 247 24
-152 247 25
-152 247 26
-152 248 16
-152 248 20
-152 248 21
-152 248 22
-152 248 24
-152 248 25
-152 249 22
-152 249 25
-151 234 28
-151 234 29
-151 235 26
-151 235 28
-151 235 29
-151 235 30
-151 235 31
-151 236 25
-151 236 26
-151 236 28
-151 236 29
-151 236 30
-151 236 31
-151 237 16
-151 237 17
-151 237 18
-151 237 19
-151 237 24
-151 237 25
-151 237 26
-151 237 28
-151 237 29
-151 237 30
-151 237 31
-151 238 16
-151 238 17
-151 238 18
-151 238 19
-151 238 22
-151 238 23
-151 238 24
-151 238 25
-151 238 26
-151 238 27
-151 238 28
-151 238 29
-151 238 30
-151 238 31
-151 239 16
-151 239 17
-151 239 18
-151 239 19
-151 239 21
-151 239 22
-151 239 23
-151 239 24
-151 239 25
-151 239 26
-151 239 27
-151 239 28
-151 239 29
-151 239 30
-151 239 31
-151 240 16
-151 240 17
-151 240 18
-151 240 19
-151 240 20
-151 240 21
-151 240 22
-151 240 23
-151 240 24
-151 240 25
-151 240 26
-151 240 27
-151 240 28
-151 240 29
-151 240 30
-151 240 31
-151 241 16
-151 241 17
-151 241 18
-151 241 19
-151 241 20
-151 241 21
-151 241 22
-151 241 23
-151 241 24
-151 241 25
-151 241 26
-151 241 27
-151 241 28
-151 241 29
-151 241 30
-151 241 31
-151 242 16
-151 242 17
-151 242 18
-151 242 19
-151 242 20
-151 242 21
-151 242 22
-151 242 23
-151 242 24
-151 242 25
-151 242 26
-151 242 27
-151 242 28
-151 242 29
-151 242 30
-151 242 31
-151 243 16
-151 243 18
-151 243 19
-151 243 20
-151 243 21
-151 243 22
-151 243 23
-151 243 24
-151 243 25
-151 243 26
-151 243 27
-151 243 28
-151 243 29
-151 243 30
-151 243 31
-151 244 16
-151 244 17
-151 244 18
-151 244 19
-151 244 20
-151 244 21
-151 244 22
-151 244 23
-151 244 24
-151 244 25
-151 244 26
-151 244 27
-151 244 31
-151 245 16
-151 245 18
-151 245 19
-151 245 20
-151 245 21
-151 245 22
-151 245 23
-151 245 24
-151 245 25
-151 245 26
-151 246 19
-151 246 20
-151 246 22
-151 246 23
-151 246 24
-151 246 26
-151 247 16
-151 247 17
-151 247 20
-151 247 21
-151 247 22
-151 247 23
-151 247 24
-151 247 25
-151 248 23
-151 248 24
-151 249 23
-150 234 28
-150 234 29
-150 234 30
-150 235 28
-150 235 29
-150 235 30
-150 235 31
-150 236 27
-150 236 28
-150 236 29
-150 236 30
-150 236 31
-150 237 16
-150 237 18
-150 237 23
-150 237 28
-150 237 29
-150 237 30
-150 237 31
-150 238 16
-150 238 17
-150 238 18
-150 238 19
-150 238 22
-150 238 23
-150 238 24
-150 238 25
-150 238 26
-150 238 28
-150 238 29
-150 238 30
-150 238 31
-150 239 16
-150 239 17
-150 239 18
-150 239 19
-150 239 20
-150 239 21
-150 239 22
-150 239 23
-150 239 24
-150 239 25
-150 239 26
-150 239 27
-150 239 28
-150 239 29
-150 239 30
-150 239 31
-150 240 16
-150 240 17
-150 240 18
-150 240 19
-150 240 20
-150 240 21
-150 240 22
-150 240 23
-150 240 24
-150 240 25
-150 240 26
-150 240 27
-150 240 28
-150 240 29
-150 240 30
-150 240 31
-150 241 16
-150 241 17
-150 241 18
-150 241 19
-150 241 20
-150 241 21
-150 241 22
-150 241 23
-150 241 24
-150 241 25
-150 241 26
-150 241 27
-150 241 28
-150 241 29
-150 241 30
-150 241 31
-150 242 16
-150 242 17
-150 242 18
-150 242 19
-150 242 20
-150 242 21
-150 242 22
-150 242 23
-150 242 24
-150 242 25
-150 242 26
-150 242 27
-150 242 28
-150 242 29
-150 242 30
-150 242 31
-150 243 16
-150 243 17
-150 243 18
-150 243 19
-150 243 20
-150 243 21
-150 243 22
-150 243 23
-150 243 24
-150 243 25
-150 243 26
-150 243 27
-150 243 28
-150 243 29
-150 243 30
-150 244 16
-150 244 17
-150 244 18
-150 244 19
-150 244 20
-150 244 21
-150 244 22
-150 244 23
-150 244 24
-150 244 25
-150 244 26
-150 244 27
-150 244 28
-150 245 16
-150 245 18
-150 245 19
-150 245 20
-150 245 21
-150 245 22
-150 245 23
-150 245 24
-150 245 25
-150 245 26
-150 246 16
-150 246 23
-150 246 24
-150 246 25
-150 247 21
-150 247 23
-150 247 24
-150 247 25
-150 248 24
-150 248 25
-149 225 25
-149 225 27
-149 234 28
-149 234 29
-149 234 30
-149 235 28
-149 235 29
-149 235 30
-149 235 31
-149 236 28
-149 236 29
-149 236 30
-149 236 31
-149 237 17
-149 237 18
-149 237 19
-149 237 20
-149 237 26
-149 237 27
-149 237 28
-149 237 29
-149 237 30
-149 237 31
-149 238 16
-149 238 17
-149 238 18
-149 238 19
-149 238 20
-149 238 21
-149 238 22
-149 238 23
-149 238 24
-149 238 26
-149 238 27
-149 238 28
-149 238 29
-149 238 30
-149 238 31
-149 239 16
-149 239 17
-149 239 18
-149 239 19
-149 239 20
-149 239 21
-149 239 22
-149 239 23
-149 239 24
-149 239 25
-149 239 26
-149 239 27
-149 239 28
-149 239 29
-149 239 30
-149 239 31
-149 240 16
-149 240 17
-149 240 18
-149 240 19
-149 240 20
-149 240 21
-149 240 22
-149 240 23
-149 240 24
-149 240 25
-149 240 26
-149 240 27
-149 240 28
-149 240 29
-149 240 30
-149 240 31
-149 241 16
-149 241 17
-149 241 18
-149 241 19
-149 241 20
-149 241 21
-149 241 22
-149 241 23
-149 241 24
-149 241 25
-149 241 26
-149 241 27
-149 241 28
-149 241 29
-149 241 30
-149 241 31
-149 242 16
-149 242 17
-149 242 18
-149 242 19
-149 242 20
-149 242 21
-149 242 22
-149 242 23
-149 242 24
-149 242 25
-149 242 26
-149 242 27
-149 242 28
-149 242 29
-149 242 30
-149 242 31
-149 243 16
-149 243 17
-149 243 18
-149 243 19
-149 243 20
-149 243 21
-149 243 22
-149 243 23
-149 243 24
-149 243 25
-149 243 26
-149 243 27
-149 243 28
-149 244 16
-149 244 17
-149 244 18
-149 244 19
-149 244 20
-149 244 21
-149 244 22
-149 244 23
-149 244 24
-149 244 25
-149 244 26
-149 245 16
-149 245 18
-149 245 19
-149 245 20
-149 245 21
-149 245 22
-149 245 23
-149 245 24
-149 245 25
-149 245 26
-149 246 16
-149 246 17
-149 246 18
-149 246 19
-149 246 22
-149 246 23
-149 246 24
-149 246 25
-149 246 26
-149 247 22
-149 247 24
-149 248 24
-148 225 24
-148 225 25
-148 225 26
-148 225 27
-148 226 26
-148 226 27
-148 227 26
-148 232 25
-148 232 26
-148 234 27
-148 234 28
-148 234 29
-148 234 30
-148 235 26
-148 235 28
-148 235 29
-148 235 30
-148 235 31
-148 236 20
-148 236 26
-148 236 27
-148 236 28
-148 236 29
-148 236 30
-148 236 31
-148 237 18
-148 237 19
-148 237 20
-148 237 21
-148 237 22
-148 237 23
-148 237 24
-148 237 25
-148 237 26
-148 237 27
-148 237 28
-148 237 29
-148 237 30
-148 237 31
-148 238 16
-148 238 17
-148 238 18
-148 238 19
-148 238 20
-148 238 21
-148 238 22
-148 238 23
-148 238 24
-148 238 26
-148 238 27
-148 238 28
-148 238 29
-148 238 30
-148 238 31
-148 239 16
-148 239 17
-148 239 18
-148 239 19
-148 239 20
-148 239 21
-148 239 22
-148 239 23
-148 239 25
-148 239 26
-148 239 27
-148 239 28
-148 239 29
-148 239 30
-148 239 31
-148 240 16
-148 240 17
-148 240 18
-148 240 19
-148 240 20
-148 240 21
-148 240 22
-148 240 23
-148 240 24
-148 240 25
-148 240 26
-148 240 27
-148 240 28
-148 240 29
-148 240 30
-148 240 31
-148 241 16
-148 241 17
-148 241 18
-148 241 19
-148 241 20
-148 241 21
-148 241 22
-148 241 23
-148 241 24
-148 241 25
-148 241 26
-148 241 27
-148 241 28
-148 241 29
-148 241 31
-148 242 16
-148 242 17
-148 242 18
-148 242 19
-148 242 20
-148 242 21
-148 242 22
-148 242 23
-148 242 24
-148 242 25
-148 242 26
-148 242 27
-148 242 28
-148 242 29
-148 242 30
-148 242 31
-148 243 16
-148 243 17
-148 243 18
-148 243 19
-148 243 20
-148 243 21
-148 243 22
-148 243 23
-148 243 24
-148 243 25
-148 243 26
-148 243 27
-148 243 28
-148 243 29
-148 244 16
-148 244 17
-148 244 18
-148 244 19
-148 244 20
-148 244 21
-148 244 22
-148 244 23
-148 244 24
-148 244 25
-148 244 26
-148 244 28
-148 245 18
-148 245 19
-148 245 20
-148 245 21
-148 245 22
-148 245 23
-148 245 24
-148 245 25
-148 245 26
-148 245 27
-148 246 16
-148 246 20
-148 246 24
-148 246 25
-148 246 26
-148 247 18
-148 247 24
-147 225 24
-147 225 25
-147 225 26
-147 225 27
-147 225 28
-147 226 24
-147 226 25
-147 226 26
-147 226 27
-147 226 28
-147 227 25
-147 227 26
-147 228 26
-147 228 27
-147 229 26
-147 229 27
-147 230 26
-147 230 27
-147 231 25
-147 231 26
-147 232 24
-147 232 25
-147 232 26
-147 232 27
-147 233 26
-147 234 26
-147 234 27
-147 234 28
-147 234 29
-147 234 30
-147 235 26
-147 235 28
-147 235 29
-147 235 30
-147 235 31
-147 236 24
-147 236 25
-147 236 26
-147 236 27
-147 236 28
-147 236 29
-147 236 30
-147 236 31
-147 237 19
-147 237 21
-147 237 22
-147 237 24
-147 237 25
-147 237 26
-147 237 27
-147 237 28
-147 237 29
-147 237 30
-147 237 31
-147 238 16
-147 238 17
-147 238 18
-147 238 19
-147 238 20
-147 238 21
-147 238 22
-147 238 23
-147 238 24
-147 238 25
-147 238 26
-147 238 27
-147 238 28
-147 238 29
-147 238 30
-147 238 31
-147 239 16
-147 239 18
-147 239 19
-147 239 20
-147 239 21
-147 239 22
-147 239 23
-147 239 24
-147 239 25
-147 239 26
-147 239 27
-147 239 28
-147 239 29
-147 239 30
-147 239 31
-147 240 16
-147 240 17
-147 240 18
-147 240 19
-147 240 20
-147 240 21
-147 240 22
-147 240 23
-147 240 24
-147 240 25
-147 240 26
-147 240 27
-147 240 28
-147 240 29
-147 240 30
-147 240 31
-147 241 16
-147 241 17
-147 241 18
-147 241 19
-147 241 20
-147 241 21
-147 241 22
-147 241 23
-147 241 24
-147 241 25
-147 241 26
-147 241 27
-147 241 28
-147 241 29
-147 241 31
-147 242 16
-147 242 17
-147 242 18
-147 242 19
-147 242 20
-147 242 21
-147 242 22
-147 242 23
-147 242 24
-147 242 25
-147 242 26
-147 242 27
-147 242 28
-147 242 29
-147 242 30
-147 242 31
-147 243 16
-147 243 17
-147 243 18
-147 243 19
-147 243 20
-147 243 21
-147 243 22
-147 243 23
-147 243 24
-147 243 25
-147 243 26
-147 243 27
-147 243 28
-147 243 29
-147 243 30
-147 244 16
-147 244 17
-147 244 18
-147 244 19
-147 244 20
-147 244 21
-147 244 22
-147 244 23
-147 244 24
-147 244 25
-147 244 26
-147 244 27
-147 244 29
-147 244 30
-147 244 31
-147 245 16
-147 245 17
-147 245 18
-147 245 19
-147 245 20
-147 245 21
-147 245 22
-147 245 23
-147 245 24
-147 245 25
-147 245 26
-147 245 27
-147 245 29
-147 246 18
-147 246 19
-147 246 20
-147 246 22
-147 246 23
-147 246 24
-147 246 25
-147 246 26
-147 246 27
-147 247 17
-147 247 18
-147 247 21
-147 247 25
-147 248 18
-147 248 19
-147 248 20
-146 225 23
-146 225 24
-146 225 25
-146 225 26
-146 225 27
-146 225 28
-146 226 25
-146 226 26
-146 226 27
-146 227 23
-146 227 24
-146 227 25
-146 227 26
-146 227 27
-146 228 24
-146 228 25
-146 228 26
-146 228 27
-146 228 28
-146 229 26
-146 229 27
-146 229 28
-146 230 27
-146 230 28
-146 231 24
-146 231 26
-146 231 27
-146 232 23
-146 232 24
-146 232 25
-146 232 26
-146 232 27
-146 232 28
-146 233 24
-146 233 25
-146 233 26
-146 233 27
-146 234 25
-146 234 26
-146 234 27
-146 235 24
-146 235 25
-146 235 26
-146 235 27
-146 235 28
-146 235 29
-146 235 30
-146 235 31
-146 236 18
-146 236 23
-146 236 24
-146 236 25
-146 236 26
-146 236 27
-146 236 28
-146 236 29
-146 236 30
-146 236 31
-146 237 18
-146 237 22
-146 237 24
-146 237 25
-146 237 26
-146 237 27
-146 237 28
-146 237 29
-146 237 30
-146 237 31
-146 238 16
-146 238 17
-146 238 18
-146 238 19
-146 238 20
-146 238 24
-146 238 25
-146 238 26
-146 238 27
-146 238 28
-146 238 29
-146 238 30
-146 238 31
-146 239 16
-146 239 17
-146 239 18
-146 239 19
-146 239 20
-146 239 21
-146 239 22
-146 239 23
-146 239 24
-146 239 25
-146 239 26
-146 239 27
-146 239 28
-146 239 29
-146 239 30
-146 239 31
-146 240 16
-146 240 17
-146 240 18
-146 240 19
-146 240 20
-146 240 21
-146 240 22
-146 240 23
-146 240 24
-146 240 25
-146 240 26
-146 240 27
-146 240 28
-146 240 29
-146 240 30
-146 240 31
-146 241 16
-146 241 17
-146 241 18
-146 241 19
-146 241 20
-146 241 21
-146 241 22
-146 241 23
-146 241 24
-146 241 25
-146 241 26
-146 241 27
-146 241 28
-146 241 29
-146 241 30
-146 241 31
-146 242 16
-146 242 17
-146 242 18
-146 242 19
-146 242 20
-146 242 21
-146 242 22
-146 242 23
-146 242 24
-146 242 25
-146 242 26
-146 242 27
-146 242 28
-146 242 29
-146 242 30
-146 243 16
-146 243 17
-146 243 18
-146 243 19
-146 243 20
-146 243 21
-146 243 22
-146 243 23
-146 243 24
-146 243 25
-146 243 26
-146 243 27
-146 243 28
-146 243 29
-146 243 30
-146 243 31
-146 244 16
-146 244 17
-146 244 18
-146 244 19
-146 244 20
-146 244 21
-146 244 22
-146 244 23
-146 244 24
-146 244 25
-146 244 26
-146 244 27
-146 244 28
-146 244 29
-146 244 30
-146 244 31
-146 245 16
-146 245 17
-146 245 18
-146 245 20
-146 245 21
-146 245 22
-146 245 23
-146 245 24
-146 245 25
-146 245 26
-146 245 27
-146 245 29
-146 245 30
-146 246 16
-146 246 17
-146 246 18
-146 246 19
-146 246 20
-146 246 21
-146 246 22
-146 246 23
-146 246 24
-146 246 25
-146 246 26
-146 247 17
-146 247 18
-146 247 19
-146 247 20
-146 247 21
-146 248 17
-146 248 18
-146 248 19
-146 248 20
-146 248 21
-146 248 22
-146 249 20
-146 249 21
-145 225 23
-145 225 24
-145 225 25
-145 225 26
-145 225 27
-145 225 28
-145 226 23
-145 226 24
-145 226 25
-145 226 26
-145 226 27
-145 226 28
-145 227 24
-145 227 25
-145 227 26
-145 227 27
-145 227 28
-145 228 24
-145 228 25
-145 228 26
-145 228 27
-145 228 28
-145 229 24
-145 229 25
-145 229 26
-145 230 25
-145 230 26
-145 230 27
-145 230 28
-145 230 29
-145 231 22
-145 231 23
-145 231 24
-145 231 25
-145 231 26
-145 231 27
-145 231 28
-145 231 29
-145 232 23
-145 232 24
-145 232 25
-145 232 26
-145 232 27
-145 232 28
-145 233 23
-145 233 24
-145 233 25
-145 233 26
-145 233 27
-145 233 29
-145 234 24
-145 234 25
-145 234 26
-145 234 27
-145 234 28
-145 234 29
-145 234 30
-145 235 24
-145 235 26
-145 235 27
-145 235 28
-145 235 29
-145 236 17
-145 236 18
-145 236 20
-145 236 23
-145 236 24
-145 236 25
-145 236 26
-145 236 27
-145 236 28
-145 236 29
-145 236 30
-145 236 31
-145 237 18
-145 237 20
-145 237 23
-145 237 24
-145 237 25
-145 237 26
-145 237 27
-145 237 28
-145 237 29
-145 237 30
-145 237 31
-145 238 16
-145 238 17
-145 238 18
-145 238 20
-145 238 21
-145 238 24
-145 238 25
-145 238 26
-145 238 27
-145 238 28
-145 238 29
-145 238 30
-145 238 31
-145 239 16
-145 239 17
-145 239 18
-145 239 20
-145 239 21
-145 239 22
-145 239 23
-145 239 24
-145 239 25
-145 239 26
-145 239 27
-145 239 28
-145 239 29
-145 239 30
-145 239 31
-145 240 16
-145 240 17
-145 240 18
-145 240 19
-145 240 20
-145 240 21
-145 240 22
-145 240 23
-145 240 24
-145 240 25
-145 240 26
-145 240 27
-145 240 28
-145 240 29
-145 240 30
-145 240 31
-145 241 16
-145 241 17
-145 241 18
-145 241 19
-145 241 20
-145 241 21
-145 241 22
-145 241 23
-145 241 24
-145 241 25
-145 241 26
-145 241 27
-145 241 28
-145 241 29
-145 241 30
-145 241 31
-145 242 16
-145 242 17
-145 242 18
-145 242 19
-145 242 20
-145 242 21
-145 242 22
-145 242 23
-145 242 24
-145 242 25
-145 242 26
-145 242 27
-145 242 28
-145 242 29
-145 242 30
-145 242 31
-145 243 16
-145 243 17
-145 243 18
-145 243 19
-145 243 20
-145 243 21
-145 243 22
-145 243 23
-145 243 24
-145 243 25
-145 243 26
-145 243 27
-145 243 28
-145 243 29
-145 243 30
-145 243 31
-145 244 16
-145 244 17
-145 244 18
-145 244 19
-145 244 20
-145 244 21
-145 244 22
-145 244 23
-145 244 24
-145 244 25
-145 244 26
-145 244 27
-145 244 28
-145 244 29
-145 244 31
-145 245 16
-145 245 17
-145 245 18
-145 245 19
-145 245 20
-145 245 21
-145 245 22
-145 245 23
-145 245 24
-145 245 25
-145 245 26
-145 245 27
-145 245 28
-145 245 29
-145 245 30
-145 246 16
-145 246 17
-145 246 18
-145 246 19
-145 246 20
-145 246 21
-145 246 22
-145 246 24
-145 246 25
-145 246 28
-145 246 29
-145 247 17
-145 247 18
-145 247 19
-145 247 20
-145 247 21
-145 247 22
-145 247 23
-145 247 24
-145 248 17
-145 248 18
-145 248 19
-145 248 20
-145 248 21
-145 248 22
-145 249 20
-145 249 21
-145 249 22
-145 250 21

