alfheim:altWood1
12
132 217 -33
132 218 -33
132 219 -33
132 220 -33
132 221 -33
133 216 -33
133 217 -34
133 217 -33
133 218 -34
133 218 -33
133 219 -35
133 219 -34
133 219 -33
133 220 -36
133 220 -35
133 220 -34
133 220 -33
133 221 -36
133 221 -35
133 221 -34
133 221 -33
133 222 -35
133 222 -34
133 222 -33
133 223 -34
133 223 -33
134 215 -33
134 216 -34
134 216 -33
134 217 -34
134 217 -33
134 218 -36
134 218 -35
134 218 -34
134 218 -33
134 219 -37
134 219 -36
134 219 -35
134 219 -34
134 219 -33
134 220 -37
134 220 -36
134 220 -35
134 220 -34
134 220 -33
134 221 -37
134 221 -36
134 221 -35
134 221 -34
134 221 -33
134 222 -37
134 222 -36
134 222 -35
134 222 -34
134 222 -33
134 223 -37
134 223 -36
134 223 -35
134 223 -34
134 223 -33
134 224 -35
134 224 -34
134 224 -33
135 215 -33
135 216 -34
135 216 -33
135 217 -36
135 217 -35
135 217 -34
135 217 -33
135 218 -37
135 218 -36
135 218 -35
135 218 -34
135 218 -33
135 219 -38
135 219 -37
135 219 -36
135 219 -35
135 219 -34
135 219 -33
135 220 -39
135 220 -38
135 220 -37
135 220 -36
135 220 -35
135 220 -34
135 220 -33
135 221 -40
135 221 -39
135 221 -38
135 221 -37
135 221 -36
135 221 -35
135 221 -34
135 221 -33
135 222 -40
135 222 -39
135 222 -38
135 222 -37
135 222 -36
135 222 -35
135 222 -34
135 222 -33
135 223 -40
135 223 -39
135 223 -38
135 223 -37
135 223 -36
135 223 -35
135 223 -34
135 223 -33
135 224 -39
135 224 -38
135 224 -37
135 224 -36
135 224 -35
135 224 -34
135 224 -33
136 215 -33
136 216 -35
136 216 -34
136 216 -33
136 217 -37
136 217 -36
136 217 -35
136 217 -34
136 217 -33
136 218 -38
136 218 -37
136 218 -36
136 218 -35
136 218 -34
136 218 -33
136 219 -40
136 219 -39
136 219 -38
136 219 -37
136 219 -36
136 219 -35
136 219 -34
136 219 -33
136 220 -41
136 220 -40
136 220 -39
136 220 -38
136 220 -37
136 220 -36
136 220 -35
136 220 -34
136 220 -33
136 221 -41
136 221 -40
136 221 -39
136 221 -38
136 221 -37
136 221 -36
136 221 -35
136 221 -34
136 221 -33
136 222 -41
136 222 -40
136 222 -39
136 222 -38
136 222 -37
136 222 -36
136 222 -35
136 222 -34
136 222 -33
136 223 -41
136 223 -40
136 223 -39
136 223 -38
136 223 -37
136 223 -36
136 223 -35
136 223 -34
136 223 -33
136 224 -41
136 224 -40
136 224 -39
136 224 -38
136 224 -37
136 224 -36
136 224 -35
136 224 -34
136 224 -33
137 215 -33
137 216 -36
137 216 -35
137 216 -34
137 216 -33
137 217 -37
137 217 -36
137 217 -35
137 217 -34
137 217 -33
137 218 -40
137 218 -39
137 218 -38
137 218 -37
137 218 -36
137 218 -35
137 218 -34
137 218 -33
137 219 -41
137 219 -40
137 219 -39
137 219 -38
137 219 -37
137 219 -36
137 219 -35
137 219 -34
137 219 -33
137 220 -42
137 220 -41
137 220 -40
137 220 -39
137 220 -38
137 220 -37
137 220 -36
137 220 -35
137 220 -34
137 220 -33
137 221 -42
137 221 -41
137 221 -40
137 221 -39
137 221 -38
137 221 -37
137 221 -36
137 221 -35
137 221 -34
137 221 -33
137 222 -42
137 222 -41
137 222 -40
137 222 -39
137 222 -38
137 222 -37
137 222 -36
137 222 -35
137 222 -34
137 222 -33
137 223 -42
137 223 -41
137 223 -40
137 223 -39
137 223 -38
137 223 -37
137 223 -36
137 223 -35
137 223 -34
137 223 -33
137 224 -42
137 224 -41
137 224 -40
137 224 -39
137 224 -38
137 224 -37
137 224 -36
137 224 -35
137 224 -34
137 224 -33
138 215 -33
138 216 -36
138 216 -35
138 216 -34
138 216 -33
138 217 -39
138 217 -38
138 217 -37
138 217 -36
138 217 -35
138 217 -34
138 217 -33
138 218 -41
138 218 -40
138 218 -39
138 218 -38
138 218 -37
138 218 -36
138 218 -35
138 218 -34
138 218 -33
138 219 -42
138 219 -41
138 219 -40
138 219 -39
138 219 -38
138 219 -37
138 219 -36
138 219 -35
138 219 -34
138 219 -33
138 220 -42
138 220 -41
138 220 -40
138 220 -39
138 220 -38
138 220 -37
138 220 -36
138 220 -35
138 220 -34
138 220 -33
138 221 -43
138 221 -42
138 221 -41
138 221 -40
138 221 -39
138 221 -38
138 221 -37
138 221 -36
138 221 -35
138 221 -34
138 221 -33
138 222 -43
138 222 -42
138 222 -41
138 222 -40
138 222 -39
138 222 -38
138 222 -37
138 222 -36
138 222 -35
138 222 -34
138 222 -33
138 223 -44
138 223 -43
138 223 -42
138 223 -41
138 223 -40
138 223 -39
138 223 -38
138 223 -37
138 223 -36
138 223 -35
138 223 -34
138 223 -33
138 224 -44
138 224 -43
138 224 -42
138 224 -41
138 224 -40
138 224 -39
138 224 -38
138 224 -37
138 224 -36
138 224 -35
138 224 -34
138 224 -33
139 216 -36
139 216 -35
139 216 -34
139 216 -33
139 217 -40
139 217 -39
139 217 -38
139 217 -37
139 217 -36
139 217 -35
139 217 -34
139 217 -33
139 218 -41
139 218 -40
139 218 -39
139 218 -38
139 218 -37
139 218 -36
139 218 -35
139 218 -34
139 218 -33
139 219 -42
139 219 -41
139 219 -40
139 219 -39
139 219 -38
139 219 -37
139 219 -36
139 219 -35
139 219 -34
139 219 -33
139 220 -43
139 220 -42
139 220 -41
139 220 -40
139 220 -39
139 220 -38
139 220 -37
139 220 -36
139 220 -35
139 220 -34
139 220 -33
139 221 -44
139 221 -43
139 221 -42
139 221 -41
139 221 -40
139 221 -39
139 221 -38
139 221 -37
139 221 -36
139 221 -35
139 221 -34
139 221 -33
139 222 -45
139 222 -44
139 222 -43
139 222 -42
139 222 -41
139 222 -40
139 222 -39
139 222 -38
139 222 -37
139 222 -36
139 222 -35
139 222 -34
139 222 -33
139 223 -45
139 223 -44
139 223 -43
139 223 -42
139 223 -41
139 223 -40
139 223 -39
139 223 -38
139 223 -37
139 223 -36
139 223 -35
139 223 -34
139 223 -33
139 224 -45
139 224 -44
139 224 -43
139 224 -42
139 224 -41
139 224 -40
139 224 -39
139 224 -38
139 224 -37
139 224 -36
139 224 -35
139 224 -34
139 224 -33
140 216 -35
140 216 -34
140 216 -33
140 217 -40
140 217 -39
140 217 -38
140 217 -37
140 217 -36
140 217 -35
140 217 -34
140 217 -33
140 218 -41
140 218 -40
140 218 -39
140 218 -38
140 218 -37
140 218 -36
140 218 -35
140 218 -34
140 218 -33
140 219 -42
140 219 -41
140 219 -40
140 219 -39
140 219 -38
140 219 -37
140 219 -36
140 219 -35
140 219 -34
140 219 -33
140 220 -44
140 220 -43
140 220 -42
140 220 -41
140 220 -40
140 220 -39
140 220 -38
140 220 -37
140 220 -36
140 220 -35
140 220 -34
140 220 -33
140 221 -45
140 221 -44
140 221 -43
140 221 -42
140 221 -41
140 221 -40
140 221 -39
140 221 -38
140 221 -37
140 221 -36
140 221 -35
140 221 -34
140 221 -33
140 222 -46
140 222 -45
140 222 -44
140 222 -43
140 222 -42
140 222 -41
140 222 -40
140 222 -39
140 222 -38
140 222 -37
140 222 -36
140 222 -35
140 222 -34
140 222 -33
140 223 -46
140 223 -45
140 223 -44
140 223 -43
140 223 -42
140 223 -41
140 223 -40
140 223 -39
140 223 -38
140 223 -37
140 223 -36
140 223 -35
140 223 -34
140 223 -33
140 224 -46
140 224 -45
140 224 -44
140 224 -43
140 224 -42
140 224 -41
140 224 -40
140 224 -39
140 224 -38
140 224 -37
140 224 -36
140 224 -35
140 224 -34
140 224 -33
141 217 -40
141 217 -39
141 217 -38
141 217 -37
141 217 -36
141 217 -35
141 217 -34
141 217 -33
141 218 -41
141 218 -40
141 218 -39
141 218 -38
141 218 -37
141 218 -36
141 218 -35
141 218 -34
141 218 -33
141 219 -43
141 219 -42
141 219 -41
141 219 -40
141 219 -39
141 219 -38
141 219 -37
141 219 -36
141 219 -35
141 219 -34
141 219 -33
141 220 -45
141 220 -44
141 220 -43
141 220 -42
141 220 -41
141 220 -40
141 220 -39
141 220 -38
141 220 -37
141 220 -36
141 220 -35
141 220 -34
141 220 -33
141 221 -46
141 221 -45
141 221 -44
141 221 -43
141 221 -42
141 221 -41
141 221 -40
141 221 -39
141 221 -38
141 221 -37
141 221 -36
141 221 -35
141 221 -34
141 221 -33
141 222 -46
141 222 -45
141 222 -44
141 222 -43
141 222 -42
141 222 -41
141 222 -40
141 222 -39
141 222 -38
141 222 -37
141 222 -36
141 222 -35
141 222 -34
141 222 -33
141 223 -47
141 223 -46
141 223 -45
141 223 -44
141 223 -43
141 223 -42
141 223 -41
141 223 -40
141 223 -39
141 223 -38
141 223 -37
141 223 -36
141 223 -35
141 223 -34
141 223 -33
141 224 -48
141 224 -47
141 224 -46
141 224 -45
141 224 -44
141 224 -43
141 224 -42
141 224 -41
141 224 -40
141 224 -39
141 224 -38
141 224 -37
141 224 -36
141 224 -35
141 224 -34
141 224 -33
142 217 -39
142 217 -38
142 217 -37
142 218 -41
142 218 -40
142 218 -39
142 218 -38
142 218 -37
142 218 -36
142 218 -35
142 218 -34
142 218 -33
142 219 -44
142 219 -43
142 219 -42
142 219 -41
142 219 -40
142 219 -39
142 219 -38
142 219 -37
142 219 -36
142 219 -35
142 219 -34
142 219 -33
142 220 -45
142 220 -44
142 220 -43
142 220 -42
142 220 -41
142 220 -40
142 220 -39
142 220 -38
142 220 -37
142 220 -36
142 220 -35
142 220 -34
142 220 -33
142 221 -46
142 221 -45
142 221 -44
142 221 -43
142 221 -42
142 221 -41
142 221 -40
142 221 -39
142 221 -38
142 221 -37
142 221 -36
142 221 -35
142 221 -34
142 221 -33
142 222 -48
142 222 -47
142 222 -46
142 222 -45
142 222 -44
142 222 -43
142 222 -42
142 222 -41
142 222 -40
142 222 -39
142 222 -38
142 222 -37
142 222 -36
142 222 -35
142 222 -34
142 222 -33
142 223 -48
142 223 -47
142 223 -46
142 223 -45
142 223 -44
142 223 -43
142 223 -42
142 223 -41
142 223 -40
142 223 -39
142 223 -38
142 223 -37
142 223 -36
142 223 -35
142 223 -34
142 223 -33
142 224 -48
142 224 -47
142 224 -46
142 224 -45
142 224 -44
142 224 -43
142 224 -42
142 224 -41
142 224 -40
142 224 -39
142 224 -38
142 224 -37
142 224 -36
142 224 -35
142 224 -34
142 224 -33
143 218 -40
143 218 -39
143 218 -38
143 218 -37
143 218 -36
143 219 -44
143 219 -43
143 219 -42
143 219 -41
143 219 -40
143 219 -39
143 219 -38
143 219 -37
143 219 -36
143 219 -35
143 219 -34
143 220 -45
143 220 -44
143 220 -43
143 220 -42
143 220 -41
143 220 -40
143 220 -39
143 220 -38
143 220 -37
143 220 -36
143 220 -35
143 220 -34
143 221 -48
143 221 -47
143 221 -46
143 221 -45
143 221 -44
143 221 -43
143 221 -42
143 221 -41
143 221 -40
143 221 -39
143 221 -38
143 221 -37
143 221 -36
143 221 -35
143 221 -34
143 221 -33
143 222 -48
143 222 -47
143 222 -46
143 222 -45
143 222 -44
143 222 -43
143 222 -42
143 222 -41
143 222 -40
143 222 -39
143 222 -38
143 222 -37
143 222 -36
143 222 -35
143 222 -34
143 223 -48
143 223 -47
143 223 -46
143 223 -45
143 223 -44
143 223 -43
143 223 -42
143 223 -41
143 223 -40
143 223 -39
143 223 -38
143 223 -37
143 223 -36
143 223 -35
143 224 -48
143 224 -47
143 224 -46
143 224 -45
143 224 -44
143 224 -43
143 224 -42
143 224 -41
143 224 -40
143 224 -39
143 224 -38
143 224 -37
143 224 -36
143 224 -35
128 229 -39
128 229 -38
128 229 -37
128 230 -42
128 230 -39
128 231 -47
128 231 -46
128 231 -45
128 231 -44
128 231 -42
128 232 -48
128 232 -47
128 232 -46
128 232 -45
128 233 -48
128 233 -47
128 234 -48
128 234 -47
128 235 -48
129 229 -38
129 230 -41
129 230 -40
129 230 -39
129 230 -38
129 231 -46
129 231 -43
129 231 -42
129 231 -41
129 231 -40
129 231 -39
129 232 -46
129 232 -45
129 232 -43
129 233 -48
129 233 -47
129 233 -46
129 233 -45
129 234 -48
129 234 -47
129 235 -48
130 230 -39
130 230 -38
130 231 -43
130 231 -42
130 231 -40
130 231 -39
130 232 -43
130 232 -42
130 234 -48
131 231 -39
131 231 -38
131 232 -44
131 232 -43
131 232 -42
131 232 -40
131 232 -39
131 233 -44
132 230 -39
132 230 -38
132 231 -40
132 231 -39
132 231 -38
132 231 -37
132 232 -43
132 232 -40
132 232 -39
132 232 -38
132 232 -37
132 233 -44
132 233 -43
132 233 -39
132 234 -45
132 234 -44
133 230 -39
133 231 -40
133 231 -39
133 231 -38
133 232 -40
133 232 -39
133 232 -38
133 232 -37
133 233 -44
133 233 -39
133 233 -38
133 234 -45
133 234 -44
133 235 -48
133 235 -47
133 235 -46
134 231 -40
134 231 -39
134 232 -40
134 232 -39
134 232 -38
134 234 -45
134 234 -44
134 235 -45
134 235 -44
134 236 -48
135 225 -36
135 225 -35
135 225 -34
135 225 -33
135 232 -40
135 233 -41
135 233 -40
135 235 -46
135 235 -45
136 225 -40
136 225 -39
136 225 -38
136 225 -37
136 225 -36
136 225 -35
136 225 -34
136 225 -33
136 226 -35
136 226 -34
136 233 -41
136 234 -42
136 234 -41
136 236 -46
137 225 -41
137 225 -40
137 225 -39
137 225 -38
137 225 -37
137 225 -36
137 225 -35
137 225 -34
137 225 -33
137 226 -40
137 226 -39
137 226 -38
137 226 -37
137 226 -36
137 226 -35
137 226 -34
137 234 -42
137 235 -42
137 236 -47
137 237 -47
138 225 -44
138 225 -43
138 225 -42
138 225 -41
138 225 -40
138 225 -39
138 225 -38
138 225 -37
138 225 -36
138 225 -35
138 225 -34
138 225 -33
138 226 -43
138 226 -42
138 226 -41
138 226 -40
138 226 -39
138 226 -38
138 226 -37
138 226 -36
138 226 -35
138 226 -34
138 227 -39
138 227 -38
138 235 -43
138 235 -42
138 237 -47
139 225 -45
139 225 -44
139 225 -43
139 225 -42
139 225 -41
139 225 -40
139 225 -39
139 225 -38
139 225 -37
139 225 -36
139 225 -35
139 225 -34
139 225 -33
139 226 -45
139 226 -44
139 226 -43
139 226 -42
139 226 -41
139 226 -40
139 226 -39
139 226 -38
139 226 -37
139 226 -36
139 226 -35
139 226 -34
139 227 -43
139 227 -42
139 227 -41
139 227 -40
139 227 -39
139 227 -38
139 236 -44
139 236 -43
139 238 -48
140 225 -46
140 225 -45
140 225 -44
140 225 -43
140 225 -42
140 225 -41
140 225 -40
140 225 -39
140 225 -38
140 225 -37
140 225 -36
140 225 -35
140 225 -34
140 225 -33
140 226 -46
140 226 -45
140 226 -44
140 226 -43
140 226 -42
140 226 -41
140 226 -40
140 226 -39
140 226 -38
140 226 -37
140 226 -36
140 226 -35
140 227 -45
140 227 -44
140 227 -43
140 227 -42
140 227 -41
140 227 -40
140 227 -39
140 227 -38
140 228 -43
140 228 -42
140 228 -41
140 237 -44
141 225 -48
141 225 -47
141 225 -46
141 225 -45
141 225 -44
141 225 -43
141 225 -42
141 225 -41
141 225 -40
141 225 -39
141 225 -38
141 225 -37
141 225 -36
141 225 -35
141 225 -34
141 226 -48
141 226 -47
141 226 -46
141 226 -45
141 226 -44
141 226 -43
141 226 -42
141 226 -41
141 226 -40
141 226 -39
141 226 -38
141 226 -37
141 226 -36
141 227 -48
141 227 -47
141 227 -46
141 227 -45
141 227 -44
141 227 -43
141 227 -42
141 227 -41
141 227 -40
141 227 -39
141 227 -38
141 228 -48
141 228 -47
141 228 -46
141 228 -45
141 228 -44
141 228 -43
141 228 -42
141 228 -41
141 228 -40
141 229 -48
141 229 -42
141 238 -45
142 225 -48
142 225 -47
142 225 -46
142 225 -45
142 225 -44
142 225 -43
142 225 -42
142 225 -41
142 225 -40
142 225 -39
142 225 -38
142 225 -37
142 225 -36
142 225 -35
142 226 -48
142 226 -47
142 226 -46
142 226 -45
142 226 -44
142 226 -43
142 226 -42
142 226 -41
142 226 -40
142 226 -39
142 226 -38
142 226 -37
142 227 -48
142 227 -47
142 227 -46
142 227 -45
142 227 -44
142 227 -43
142 227 -42
142 227 -41
142 227 -40
142 227 -39
142 227 -38
142 228 -48
142 228 -47
142 228 -46
142 228 -45
142 228 -44
142 228 -43
142 228 -42
142 228 -41
142 228 -40
142 229 -48
142 229 -47
142 229 -46
142 229 -45
142 229 -44
142 229 -43
142 229 -42
142 229 -41
142 230 -48
142 230 -47
143 225 -48
143 225 -47
143 225 -46
143 225 -45
143 225 -44
143 225 -43
143 225 -42
143 225 -41
143 225 -40
143 225 -39
143 225 -38
143 225 -37
143 225 -36
143 226 -48
143 226 -47
143 226 -46
143 226 -45
143 226 -44
143 226 -43
143 226 -42
143 226 -41
143 226 -40
143 226 -39
143 226 -38
143 226 -37
143 227 -48
143 227 -47
143 227 -46
143 227 -45
143 227 -44
143 227 -43
143 227 -42
143 227 -41
143 227 -40
143 227 -39
143 228 -48
143 228 -47
143 228 -46
143 228 -45
143 228 -44
143 228 -43
143 228 -42
143 228 -41
143 228 -40
143 229 -48
143 229 -47
143 229 -46
143 229 -45
143 229 -44
143 229 -43
143 229 -42
143 229 -41
143 230 -48
143 230 -47
143 230 -46
143 231 -48
alfheim:altLeaves
6
128 230 -41
128 230 -40
128 230 -38
128 230 -37
128 230 -36
128 230 -34
128 230 -33
128 231 -41
128 231 -40
128 231 -39
128 231 -38
128 231 -37
128 231 -36
128 231 -34
128 231 -33
128 232 -44
128 232 -43
128 232 -42
128 232 -41
128 232 -40
128 232 -39
128 232 -38
128 232 -37
128 232 -36
128 232 -35
128 232 -34
128 232 -33
128 233 -46
128 233 -45
128 233 -44
128 233 -43
128 233 -42
128 233 -41
128 233 -40
128 233 -39
128 233 -38
128 233 -37
128 233 -36
128 233 -35
128 233 -34
128 234 -46
128 234 -45
128 234 -44
128 234 -43
128 234 -42
128 234 -41
128 234 -40
128 234 -39
128 234 -38
128 234 -37
128 234 -36
128 234 -35
128 234 -34
128 234 -33
128 235 -46
128 235 -45
128 235 -44
128 235 -43
128 235 -42
128 235 -41
128 235 -40
128 235 -39
128 235 -38
128 235 -37
128 235 -36
128 235 -35
128 235 -34
128 235 -33
128 236 -45
128 236 -44
128 236 -43
128 236 -42
128 236 -41
128 236 -40
128 236 -39
128 236 -38
128 236 -37
128 236 -36
128 236 -35
128 236 -34
128 236 -33
128 237 -46
128 237 -45
128 237 -44
128 237 -43
128 237 -42
128 237 -41
128 237 -40
128 237 -39
128 237 -38
128 237 -37
128 237 -36
128 237 -35
128 237 -34
128 237 -33
128 238 -48
128 238 -47
128 238 -46
128 238 -45
128 238 -44
128 238 -43
128 238 -42
128 238 -41
128 238 -40
128 238 -39
128 238 -38
128 238 -37
128 238 -36
128 238 -35
128 238 -34
128 238 -33
128 239 -48
128 239 -47
128 239 -46
128 239 -45
128 239 -44
128 239 -43
128 239 -42
128 239 -41
128 239 -40
128 239 -39
128 239 -38
128 239 -37
128 239 -36
128 239 -35
128 239 -34
128 239 -33
128 240 -48
128 240 -47
128 240 -46
128 240 -45
128 240 -44
128 240 -43
128 240 -42
128 240 -41
128 240 -40
128 240 -39
128 240 -38
128 240 -37
128 240 -36
128 240 -35
128 240 -34
128 241 -48
128 241 -47
128 241 -46
128 241 -45
128 241 -44
128 241 -43
128 241 -42
128 241 -41
128 241 -40
128 241 -39
128 241 -38
128 241 -37
128 241 -36
128 241 -35
128 241 -34
128 241 -33
128 242 -48
128 242 -47
128 242 -46
128 242 -45
128 242 -44
128 242 -43
128 242 -42
128 242 -41
128 242 -40
128 242 -39
128 242 -38
128 242 -37
128 242 -36
128 242 -35
128 242 -34
128 242 -33
128 243 -48
128 243 -46
128 243 -45
128 243 -44
128 243 -43
128 243 -42
128 243 -41
128 243 -40
128 243 -39
128 243 -38
128 243 -37
128 243 -36
128 243 -35
128 244 -48
128 244 -47
128 244 -44
128 244 -43
128 244 -42
128 244 -41
128 244 -39
128 244 -38
128 244 -37
128 244 -36
128 244 -35
128 244 -34
128 245 -43
128 245 -42
128 245 -40
128 245 -39
128 245 -38
128 245 -37
128 245 -36
128 245 -35
128 246 -40
128 246 -39
128 246 -37
128 246 -36
129 230 -37
129 230 -35
129 230 -34
129 231 -38
129 231 -37
129 231 -36
129 231 -35
129 231 -34
129 231 -33
129 232 -44
129 232 -42
129 232 -41
129 232 -40
129 232 -39
129 232 -37
129 232 -36
129 232 -35
129 232 -33
129 233 -44
129 233 -43
129 233 -42
129 233 -41
129 233 -39
129 233 -38
129 233 -37
129 233 -36
129 233 -35
129 233 -34
129 233 -33
129 234 -46
129 234 -45
129 234 -44
129 234 -43
129 234 -42
129 234 -41
129 234 -40
129 234 -39
129 234 -38
129 234 -37
129 234 -36
129 234 -35
129 234 -34
129 234 -33
129 235 -45
129 235 -44
129 235 -43
129 235 -41
129 235 -40
129 235 -39
129 235 -38
129 235 -37
129 235 -36
129 235 -35
129 235 -34
129 235 -33
129 236 -46
129 236 -45
129 236 -44
129 236 -43
129 236 -42
129 236 -41
129 236 -40
129 236 -39
129 236 -38
129 236 -37
129 236 -36
129 236 -35
129 236 -34
129 236 -33
129 237 -46
129 237 -45
129 237 -44
129 237 -43
129 237 -42
129 237 -41
129 237 -40
129 237 -39
129 237 -38
129 237 -37
129 237 -36
129 237 -35
129 237 -34
129 237 -33
129 238 -47
129 238 -46
129 238 -45
129 238 -44
129 238 -43
129 238 -42
129 238 -41
129 238 -40
129 238 -39
129 238 -38
129 238 -37
129 238 -36
129 238 -35
129 238 -34
129 238 -33
129 239 -48
129 239 -47
129 239 -46
129 239 -45
129 239 -44
129 239 -43
129 239 -42
129 239 -41
129 239 -40
129 239 -39
129 239 -38
129 239 -37
129 239 -36
129 239 -35
129 239 -34
129 239 -33
129 240 -48
129 240 -47
129 240 -46
129 240 -45
129 240 -44
129 240 -43
129 240 -42
129 240 -41
129 240 -40
129 240 -39
129 240 -38
129 240 -37
129 240 -36
129 240 -35
129 240 -34
129 240 -33
129 241 -48
129 241 -47
129 241 -46
129 241 -45
129 241 -44
129 241 -43
129 241 -42
129 241 -41
129 241 -40
129 241 -39
129 241 -38
129 241 -37
129 241 -36
129 241 -34
129 242 -48
129 242 -47
129 242 -46
129 242 -45
129 242 -44
129 242 -43
129 242 -42
129 242 -41
129 242 -40
129 242 -39
129 242 -38
129 242 -37
129 242 -36
129 242 -35
129 242 -33
129 243 -48
129 243 -47
129 243 -46
129 243 -45
129 243 -44
129 243 -43
129 243 -42
129 243 -41
129 243 -40
129 243 -39
129 243 -38
129 243 -37
129 243 -36
129 243 -35
129 244 -48
129 244 -43
129 244 -42
129 244 -41
129 244 -40
129 244 -38
129 244 -37
129 244 -36
129 244 -35
129 244 -34
129 245 -48
129 245 -41
129 245 -40
129 245 -37
129 246 -37
130 231 -38
130 232 -41
130 232 -40
130 232 -39
130 232 -38
130 232 -37
130 232 -36
130 232 -35
130 232 -34
130 233 -43
130 233 -42
130 233 -41
130 233 -40
130 233 -39
130 233 -38
130 233 -37
130 233 -34
130 234 -45
130 234 -44
130 234 -43
130 234 -42
130 234 -41
130 234 -40
130 234 -39
130 234 -37
130 234 -36
130 234 -35
130 234 -34
130 235 -44
130 235 -43
130 235 -42
130 235 -41
130 235 -40
130 235 -39
130 235 -38
130 235 -37
130 235 -36
130 235 -34
130 235 -33
130 236 -45
130 236 -44
130 236 -43
130 236 -42
130 236 -41
130 236 -40
130 236 -39
130 236 -38
130 236 -37
130 236 -36
130 236 -35
130 236 -34
130 236 -33
130 237 -46
130 237 -45
130 237 -44
130 237 -43
130 237 -42
130 237 -41
130 237 -40
130 237 -39
130 237 -38
130 237 -37
130 237 -36
130 237 -35
130 237 -34
130 238 -46
130 238 -45
130 238 -44
130 238 -43
130 238 -42
130 238 -41
130 238 -40
130 238 -39
130 238 -38
130 238 -37
130 238 -36
130 238 -35
130 238 -34
130 238 -33
130 239 -47
130 239 -46
130 239 -45
130 239 -44
130 239 -43
130 239 -42
130 239 -41
130 239 -40
130 239 -39
130 239 -38
130 239 -37
130 239 -36
130 239 -35
130 239 -34
130 239 -33
130 240 -48
130 240 -47
130 240 -46
130 240 -45
130 240 -44
130 240 -43
130 240 -42
130 240 -41
130 240 -40
130 240 -39
130 240 -38
130 240 -37
130 240 -36
130 240 -35
130 240 -34
130 240 -33
130 241 -48
130 241 -47
130 241 -46
130 241 -45
130 241 -44
130 241 -43
130 241 -42
130 241 -41
130 241 -40
130 241 -39
130 241 -38
130 241 -37
130 241 -36
130 241 -35
130 241 -34
130 241 -33
130 242 -48
130 242 -46
130 242 -45
130 242 -44
130 242 -43
130 242 -42
130 242 -41
130 242 -40
130 242 -39
130 242 -38
130 242 -37
130 242 -36
130 243 -46
130 243 -45
130 243 -43
130 243 -42
130 243 -41
130 243 -40
130 243 -39
130 243 -38
130 243 -37
130 243 -35
130 244 -48
130 244 -45
130 244 -44
130 244 -43
130 244 -42
130 244 -41
130 244 -40
130 244 -38
130 244 -37
130 245 -43
130 245 -42
130 245 -37
130 245 -36
130 246 -37
131 232 -38
131 232 -37
131 233 -39
131 233 -37
131 233 -36
131 233 -34
131 233 -33
131 234 -43
131 234 -42
131 234 -41
131 234 -40
131 234 -39
131 234 -38
131 234 -37
131 234 -36
131 234 -35
131 234 -34
131 235 -46
131 235 -45
131 235 -44
131 235 -43
131 235 -42
131 235 -41
131 235 -40
131 235 -38
131 235 -37
131 235 -36
131 235 -35
131 235 -34
131 236 -45
131 236 -44
131 236 -43
131 236 -42
131 236 -41
131 236 -40
131 236 -39
131 236 -38
131 236 -37
131 236 -36
131 236 -35
131 236 -34
131 236 -33
131 237 -45
131 237 -44
131 237 -43
131 237 -42
131 237 -41
131 237 -40
131 237 -39
131 237 -38
131 237 -37
131 237 -36
131 237 -35
131 237 -34
131 238 -46
131 238 -45
131 238 -44
131 238 -43
131 238 -42
131 238 -41
131 238 -40
131 238 -39
131 238 -38
131 238 -37
131 238 -36
131 238 -35
131 238 -34
131 239 -47
131 239 -46
131 239 -45
131 239 -44
131 239 -43
131 239 -42
131 239 -41
131 239 -40
131 239 -39
131 239 -38
131 239 -37
131 239 -36
131 239 -35
131 239 -34
131 240 -48
131 240 -46
131 240 -45
131 240 -44
131 240 -43
131 240 -42
131 240 -41
131 240 -40
131 240 -39
131 240 -38
131 240 -37
131 240 -36
131 240 -35
131 240 -34
131 240 -33
131 241 -48
131 241 -46
131 241 -45
131 241 -44
131 241 -43
131 241 -42
131 241 -41
131 241 -40
131 241 -39
131 241 -38
131 241 -37
131 241 -36
131 241 -35
131 241 -34
131 242 -48
131 242 -47
131 242 -46
131 242 -45
131 242 -44
131 242 -43
131 242 -42
131 242 -41
131 242 -40
131 242 -39
131 242 -38
131 242 -37
131 242 -36
131 243 -48
131 243 -47
131 243 -46
131 243 -45
131 243 -44
131 243 -43
131 243 -42
131 243 -41
131 243 -40
131 243 -39
131 243 -38
131 244 -47
131 244 -46
131 244 -45
131 244 -44
131 244 -43
131 244 -42
131 244 -41
131 244 -39
131 244 -38
131 244 -37
131 245 -45
131 245 -44
131 245 -43
131 245 -42
131 245 -41
131 245 -37
131 246 -44
131 246 -43
131 246 -41
131 247 -43
132 233 -37
132 233 -35
132 233 -34
132 234 -39
132 234 -37
132 234 -35
132 235 -44
132 235 -43
132 235 -42
132 235 -41
132 235 -40
132 235 -35
132 236 -45
132 236 -44
132 236 -43
132 236 -42
132 236 -41
132 236 -40
132 236 -38
132 236 -37
132 236 -36
132 236 -35
132 236 -34
132 236 -33
132 237 -45
132 237 -44
132 237 -43
132 237 -42
132 237 -41
132 237 -40
132 237 -39
132 237 -38
132 237 -37
132 237 -36
132 237 -35
132 237 -34
132 237 -33
132 238 -45
132 238 -44
132 238 -43
132 238 -42
132 238 -41
132 238 -40
132 238 -39
132 238 -38
132 238 -37
132 238 -34
132 239 -48
132 239 -46
132 239 -45
132 239 -44
132 239 -43
132 239 -42
132 239 -41
132 239 -40
132 239 -39
132 239 -38
132 239 -37
132 239 -36
132 239 -34
132 240 -48
132 240 -47
132 240 -46
132 240 -45
132 240 -44
132 240 -43
132 240 -42
132 240 -41
132 240 -40
132 240 -39
132 240 -38
132 240 -37
132 240 -36
132 240 -35
132 241 -48
132 241 -47
132 241 -46
132 241 -45
132 241 -44
132 241 -43
132 241 -42
132 241 -41
132 241 -40
132 241 -39
132 241 -38
132 241 -37
132 241 -36
132 242 -47
132 242 -46
132 242 -45
132 242 -44
132 242 -43
132 242 -42
132 242 -41
132 242 -40
132 242 -39
132 242 -38
132 242 -37
132 242 -36
132 243 -48
132 243 -47
132 243 -46
132 243 -45
132 243 -44
132 243 -43
132 243 -42
132 243 -41
132 243 -40
132 243 -39
132 243 -38
132 244 -47
132 244 -46
132 244 -45
132 244 -44
132 244 -43
132 244 -42
132 244 -41
132 244 -40
132 244 -39
132 245 -44
132 245 -43
132 245 -42
132 245 -41
132 245 -40
132 246 -45
132 246 -44
132 246 -43
132 246 -41
132 246 -40
132 247 -44
133 233 -37
133 234 -39
133 234 -38
133 234 -37
133 235 -43
133 235 -39
133 235 -38
133 236 -44
133 236 -43
133 236 -42
133 236 -41
133 236 -40
133 236 -39
133 236 -38
133 236 -35
133 236 -34
133 236 -33
133 237 -46
133 237 -44
133 237 -42
133 237 -41
133 237 -40
133 237 -39
133 237 -38
133 237 -37
133 237 -36
133 237 -35
133 238 -48
133 238 -47
133 238 -46
133 238 -45
133 238 -44
133 238 -43
133 238 -42
133 238 -41
133 238 -40
133 238 -39
133 238 -38
133 238 -37
133 238 -36
133 239 -48
133 239 -47
133 239 -46
133 239 -45
133 239 -44
133 239 -43
133 239 -42
133 239 -41
133 239 -40
133 239 -39
133 239 -38
133 239 -37
133 239 -36
133 239 -35
133 240 -48
133 240 -47
133 240 -46
133 240 -45
133 240 -44
133 240 -43
133 240 -42
133 240 -41
133 240 -40
133 240 -39
133 240 -38
133 240 -37
133 240 -36
133 240 -35
133 240 -34
133 241 -48
133 241 -47
133 241 -46
133 241 -45
133 241 -44
133 241 -43
133 241 -42
133 241 -41
133 241 -40
133 241 -39
133 241 -38
133 241 -37
133 241 -33
133 242 -48
133 242 -47
133 242 -46
133 242 -45
133 242 -44
133 242 -43
133 242 -42
133 242 -41
133 242 -40
133 242 -39
133 242 -38
133 242 -37
133 243 -48
133 243 -47
133 243 -46
133 243 -45
133 243 -44
133 243 -43
133 243 -42
133 243 -41
133 243 -40
133 243 -39
133 243 -38
133 244 -47
133 244 -45
133 244 -44
133 244 -43
133 244 -42
133 244 -41
133 244 -40
133 244 -39
133 245 -47
133 245 -44
133 245 -43
133 245 -42
133 246 -45
133 246 -44
133 246 -43
133 246 -42
133 246 -41
133 247 -45
133 247 -44
133 247 -43
133 248 -44
134 235 -38
134 236 -46
134 236 -44
134 236 -39
134 236 -38
134 236 -37
134 237 -46
134 237 -45
134 237 -44
134 237 -43
134 237 -42
134 237 -41
134 237 -40
134 237 -39
134 237 -37
134 237 -36
134 237 -35
134 238 -48
134 238 -47
134 238 -46
134 238 -45
134 238 -44
134 238 -43
134 238 -42
134 238 -41
134 238 -40
134 238 -39
134 238 -38
134 238 -37
134 238 -36
134 239 -48
134 239 -47
134 239 -46
134 239 -45
134 239 -44
134 239 -43
134 239 -42
134 239 -40
134 239 -39
134 239 -38
134 239 -37
134 239 -36
134 239 -35
134 240 -47
134 240 -46
134 240 -44
134 240 -43
134 240 -42
134 240 -41
134 240 -40
134 240 -39
134 240 -38
134 240 -37
134 240 -36
134 240 -35
134 241 -48
134 241 -47
134 241 -46
134 241 -45
134 241 -44
134 241 -43
134 241 -42
134 241 -41
134 241 -40
134 241 -39
134 241 -38
134 241 -37
134 241 -36
134 241 -34
134 241 -33
134 242 -48
134 242 -47
134 242 -46
134 242 -45
134 242 -44
134 242 -43
134 242 -42
134 242 -41
134 242 -40
134 242 -39
134 242 -38
134 242 -37
134 242 -33
134 243 -48
134 243 -47
134 243 -46
134 243 -45
134 243 -44
134 243 -43
134 243 -42
134 243 -41
134 243 -40
134 243 -39
134 243 -38
134 244 -48
134 244 -47
134 244 -46
134 244 -45
134 244 -44
134 244 -43
134 244 -42
134 244 -40
134 244 -39
134 245 -47
134 245 -46
134 245 -44
134 245 -43
134 245 -42
134 245 -41
134 245 -40
134 246 -48
134 246 -44
134 246 -43
134 246 -42
134 246 -41
134 247 -44
134 247 -43
134 247 -42
135 235 -44
135 235 -38
135 236 -46
135 236 -45
135 236 -44
135 237 -48
135 237 -47
135 237 -46
135 237 -45
135 237 -44
135 237 -42
135 237 -40
135 237 -37
135 237 -36
135 237 -33
135 238 -48
135 238 -47
135 238 -46
135 238 -45
135 238 -44
135 238 -43
135 238 -41
135 238 -40
135 238 -36
135 239 -48
135 239 -47
135 239 -46
135 239 -45
135 239 -44
135 239 -43
135 239 -42
135 239 -41
135 239 -40
135 239 -39
135 239 -38
135 239 -37
135 239 -36
135 239 -35
135 240 -48
135 240 -47
135 240 -46
135 240 -45
135 240 -44
135 240 -43
135 240 -42
135 240 -41
135 240 -40
135 240 -38
135 240 -37
135 240 -36
135 240 -34
135 241 -48
135 241 -47
135 241 -46
135 241 -45
135 241 -44
135 241 -43
135 241 -42
135 241 -41
135 241 -38
135 241 -37
135 241 -36
135 241 -35
135 241 -34
135 242 -48
135 242 -47
135 242 -46
135 242 -45
135 242 -44
135 242 -43
135 242 -42
135 242 -41
135 242 -40
135 242 -39
135 242 -38
135 242 -37
135 242 -36
135 242 -35
135 242 -33
135 243 -48
135 243 -47
135 243 -46
135 243 -45
135 243 -44
135 243 -43
135 243 -42
135 243 -41
135 243 -40
135 243 -39
135 244 -48
135 244 -47
135 244 -46
135 244 -45
135 244 -44
135 244 -43
135 244 -42
135 244 -41
135 245 -48
135 245 -47
135 245 -46
135 245 -45
135 245 -44
135 245 -43
135 246 -48
135 246 -47
135 246 -45
135 246 -44
135 246 -43
135 246 -42
135 247 -44
135 247 -43
136 236 -44
136 236 -43
136 237 -47
136 237 -46
136 237 -45
136 237 -44
136 237 -43
136 237 -42
136 237 -41
136 237 -39
136 237 -37
136 237 -36
136 237 -35
136 237 -33
136 238 -48
136 238 -47
136 238 -46
136 238 -45
136 238 -44
136 238 -42
136 238 -41
136 238 -40
136 238 -38
136 238 -37
136 238 -36
136 238 -33
136 239 -48
136 239 -47
136 239 -46
136 239 -45
136 239 -44
136 239 -43
136 239 -42
136 239 -39
136 239 -38
136 239 -37
136 239 -36
136 239 -35
136 239 -34
136 239 -33
136 240 -48
136 240 -47
136 240 -46
136 240 -45
136 240 -44
136 240 -43
136 240 -42
136 240 -41
136 240 -40
136 240 -39
136 240 -38
136 240 -37
136 240 -36
136 240 -35
136 240 -34
136 240 -33
136 241 -48
136 241 -47
136 241 -46
136 241 -45
136 241 -44
136 241 -43
136 241 -42
136 241 -41
136 241 -40
136 241 -39
136 241 -38
136 241 -36
136 241 -35
136 241 -34
136 241 -33
136 242 -48
136 242 -47
136 242 -46
136 242 -45
136 242 -44
136 242 -43
136 242 -42
136 242 -41
136 242 -40
136 242 -39
136 242 -37
136 242 -36
136 242 -33
136 243 -48
136 243 -47
136 243 -46
136 243 -45
136 243 -44
136 243 -43
136 243 -42
136 243 -41
136 243 -40
136 243 -37
136 244 -48
136 244 -47
136 244 -46
136 244 -45
136 244 -44
136 244 -43
136 244 -42
136 244 -41
136 245 -48
136 245 -47
136 245 -46
136 245 -44
136 245 -43
136 245 -42
136 245 -41
136 246 -48
136 246 -47
136 246 -45
136 246 -44
136 247 -48
137 234 -44
137 235 -44
137 235 -43
137 235 -38
137 236 -44
137 236 -43
137 236 -39
137 236 -38
137 236 -37
137 236 -36
137 236 -34
137 237 -46
137 237 -45
137 237 -44
137 237 -43
137 237 -42
137 237 -40
137 237 -39
137 237 -38
137 237 -37
137 237 -36
137 237 -35
137 237 -34
137 237 -33
137 238 -47
137 238 -46
137 238 -45
137 238 -44
137 238 -43
137 238 -42
137 238 -41
137 238 -40
137 238 -39
137 238 -38
137 238 -37
137 238 -36
137 238 -35
137 238 -34
137 238 -33
137 239 -48
137 239 -47
137 239 -46
137 239 -45
137 239 -44
137 239 -43
137 239 -42
137 239 -41
137 239 -40
137 239 -39
137 239 -38
137 239 -37
137 239 -36
137 239 -35
137 239 -34
137 239 -33
137 240 -48
137 240 -47
137 240 -46
137 240 -45
137 240 -44
137 240 -43
137 240 -42
137 240 -41
137 240 -40
137 240 -39
137 240 -38
137 240 -37
137 240 -36
137 240 -35
137 240 -34
137 240 -33
137 241 -48
137 241 -47
137 241 -46
137 241 -45
137 241 -44
137 241 -43
137 241 -42
137 241 -41
137 241 -40
137 241 -39
137 241 -37
137 241 -36
137 241 -35
137 241 -34
137 241 -33
137 242 -48
137 242 -47
137 242 -46
137 242 -45
137 242 -44
137 242 -43
137 242 -42
137 242 -41
137 242 -40
137 242 -39
137 242 -37
137 242 -36
137 242 -35
137 242 -34
137 242 -33
137 243 -48
137 243 -47
137 243 -46
137 243 -45
137 243 -44
137 243 -43
137 243 -42
137 243 -41
137 243 -40
137 243 -38
137 243 -37
137 243 -33
137 244 -48
137 244 -47
137 244 -46
137 244 -45
137 244 -44
137 244 -43
137 244 -42
137 244 -37
137 244 -36
137 244 -33
137 245 -48
137 245 -47
137 245 -46
137 245 -45
137 245 -44
137 245 -42
137 245 -37
137 245 -36
137 246 -48
137 246 -46
137 246 -45
137 246 -44
137 247 -48
138 235 -35
138 236 -45
138 236 -44
138 236 -43
138 236 -38
138 236 -36
138 236 -35
138 236 -33
138 237 -46
138 237 -45
138 237 -44
138 237 -42
138 237 -38
138 237 -36
138 237 -35
138 237 -34
138 237 -33
138 238 -48
138 238 -47
138 238 -46
138 238 -45
138 238 -44
138 238 -43
138 238 -42
138 238 -41
138 238 -40
138 238 -39
138 238 -38
138 238 -37
138 238 -36
138 238 -35
138 238 -34
138 238 -33
138 239 -48
138 239 -47
138 239 -46
138 239 -45
138 239 -44
138 239 -43
138 239 -42
138 239 -41
138 239 -40
138 239 -39
138 239 -38
138 239 -37
138 239 -36
138 239 -35
138 239 -34
138 239 -33
138 240 -48
138 240 -47
138 240 -46
138 240 -45
138 240 -44
138 240 -43
138 240 -42
138 240 -41
138 240 -40
138 240 -39
138 240 -38
138 240 -37
138 240 -36
138 240 -35
138 240 -34
138 240 -33
138 241 -48
138 241 -47
138 241 -46
138 241 -45
138 241 -44
138 241 -43
138 241 -42
138 241 -41
138 241 -40
138 241 -39
138 241 -38
138 241 -37
138 241 -36
138 241 -35
138 241 -34
138 241 -33
138 242 -48
138 242 -47
138 242 -46
138 242 -45
138 242 -44
138 242 -43
138 242 -42
138 242 -41
138 242 -40
138 242 -39
138 242 -38
138 242 -37
138 242 -36
138 242 -34
138 242 -33
138 243 -48
138 243 -47
138 243 -46
138 243 -45
138 243 -44
138 243 -43
138 243 -42
138 243 -41
138 243 -40
138 243 -38
138 243 -37
138 243 -36
138 244 -48
138 244 -47
138 244 -46
138 244 -45
138 244 -43
138 244 -42
138 244 -41
138 244 -40
138 244 -38
138 244 -37
138 244 -36
138 244 -35
138 245 -48
138 245 -47
138 245 -46
138 245 -45
138 245 -44
138 245 -42
138 245 -38
138 245 -36
138 245 -35
138 246 -48
138 246 -47
138 246 -46
138 246 -45
138 246 -36
138 247 -48
138 248 -48
139 235 -37
139 236 -40
139 236 -39
139 236 -37
139 236 -35
139 236 -34
139 236 -33
139 237 -47
139 237 -46
139 237 -45
139 237 -44
139 237 -43
139 237 -40
139 237 -39
139 237 -38
139 237 -37
139 237 -36
139 237 -35
139 237 -34
139 237 -33
139 238 -47
139 238 -45
139 238 -44
139 238 -43
139 238 -42
139 238 -41
139 238 -40
139 238 -39
139 238 -37
139 238 -36
139 238 -35
139 238 -34
139 238 -33
139 239 -48
139 239 -47
139 239 -46
139 239 -45
139 239 -44
139 239 -43
139 239 -42
139 239 -41
139 239 -40
139 239 -39
139 239 -38
139 239 -37
139 239 -36
139 239 -35
139 239 -34
139 239 -33
139 240 -48
139 240 -47
139 240 -46
139 240 -45
139 240 -44
139 240 -43
139 240 -42
139 240 -41
139 240 -39
139 240 -38
139 240 -37
139 240 -36
139 240 -35
139 240 -34
139 240 -33
139 241 -48
139 241 -47
139 241 -46
139 241 -45
139 241 -44
139 241 -43
139 241 -42
139 241 -41
139 241 -40
139 241 -39
139 241 -38
139 241 -37
139 241 -36
139 241 -35
139 241 -34
139 241 -33
139 242 -48
139 242 -47
139 242 -46
139 242 -45
139 242 -44
139 242 -43
139 242 -42
139 242 -41
139 242 -40
139 242 -39
139 242 -38
139 242 -37
139 242 -36
139 242 -35
139 242 -34
139 242 -33
139 243 -48
139 243 -47
139 243 -46
139 243 -45
139 243 -44
139 243 -43
139 243 -42
139 243 -41
139 243 -40
139 243 -38
139 243 -37
139 243 -36
139 243 -35
139 243 -34
139 243 -33
139 244 -48
139 244 -47
139 244 -46
139 244 -45
139 244 -44
139 244 -43
139 244 -41
139 244 -39
139 244 -38
139 244 -37
139 244 -36
139 244 -34
139 245 -48
139 245 -47
139 245 -46
139 245 -44
139 245 -43
139 245 -39
139 245 -38
139 245 -36
139 245 -35
139 246 -48
139 246 -47
139 246 -46
139 246 -45
139 246 -44
139 246 -36
139 246 -35
139 247 -48
139 247 -47
139 247 -46
139 247 -37
139 247 -36
139 248 -47
140 234 -38
140 234 -37
140 234 -36
140 235 -47
140 235 -46
140 235 -41
140 235 -40
140 235 -39
140 235 -38
140 235 -37
140 235 -36
140 235 -35
140 235 -34
140 235 -33
140 236 -48
140 236 -47
140 236 -46
140 236 -44
140 236 -41
140 236 -40
140 236 -39
140 236 -38
140 236 -37
140 236 -36
140 236 -35
140 236 -34
140 237 -48
140 237 -47
140 237 -46
140 237 -45
140 237 -43
140 237 -42
140 237 -41
140 237 -40
140 237 -39
140 237 -38
140 237 -37
140 237 -36
140 237 -35
140 237 -34
140 237 -33
140 238 -48
140 238 -47
140 238 -46
140 238 -45
140 238 -44
140 238 -43
140 238 -42
140 238 -41
140 238 -40
140 238 -39
140 238 -38
140 238 -37
140 238 -36
140 238 -35
140 238 -34
140 238 -33
140 239 -48
140 239 -47
140 239 -46
140 239 -45
140 239 -44
140 239 -43
140 239 -42
140 239 -41
140 239 -40
140 239 -39
140 239 -38
140 239 -37
140 239 -36
140 239 -35
140 239 -34
140 239 -33
140 240 -48
140 240 -47
140 240 -46
140 240 -45
140 240 -44
140 240 -43
140 240 -42
140 240 -41
140 240 -40
140 240 -39
140 240 -38
140 240 -37
140 240 -36
140 240 -35
140 240 -34
140 240 -33
140 241 -48
140 241 -47
140 241 -46
140 241 -45
140 241 -44
140 241 -43
140 241 -42
140 241 -41
140 241 -40
140 241 -39
140 241 -38
140 241 -37
140 241 -36
140 241 -35
140 241 -34
140 241 -33
140 242 -48
140 242 -47
140 242 -46
140 242 -45
140 242 -44
140 242 -43
140 242 -42
140 242 -41
140 242 -40
140 242 -39
140 242 -38
140 242 -37
140 242 -35
140 242 -34
140 242 -33
140 243 -48
140 243 -47
140 243 -46
140 243 -45
140 243 -44
140 243 -43
140 243 -42
140 243 -41
140 243 -40
140 243 -39
140 243 -38
140 243 -37
140 243 -36
140 243 -35
140 243 -34
140 243 -33
140 244 -48
140 244 -47
140 244 -46
140 244 -45
140 244 -44
140 244 -42
140 244 -40
140 244 -39
140 244 -37
140 244 -36
140 244 -35
140 244 -34
140 245 -48
140 245 -47
140 245 -46
140 245 -38
140 245 -37
140 245 -36
140 245 -35
140 246 -48
140 246 -47
140 246 -46
140 246 -45
140 246 -38
140 246 -37
140 246 -36
140 247 -48
140 247 -46
140 247 -39
140 247 -38
140 247 -37
140 248 -47
140 248 -37
141 233 -38
141 233 -37
141 234 -39
141 234 -38
141 234 -37
141 234 -36
141 234 -35
141 234 -33
141 235 -48
141 235 -47
141 235 -46
141 235 -43
141 235 -39
141 235 -38
141 235 -37
141 235 -36
141 235 -35
141 235 -33
141 236 -48
141 236 -47
141 236 -43
141 236 -42
141 236 -40
141 236 -39
141 236 -37
141 236 -36
141 236 -35
141 236 -34
141 236 -33
141 237 -48
141 237 -47
141 237 -46
141 237 -43
141 237 -42
141 237 -41
141 237 -40
141 237 -39
141 237 -38
141 237 -37
141 237 -36
141 237 -34
141 237 -33
141 238 -48
141 238 -47
141 238 -46
141 238 -44
141 238 -43
141 238 -42
141 238 -41
141 238 -40
141 238 -39
141 238 -38
141 238 -37
141 238 -36
141 238 -35
141 238 -34
141 238 -33
141 239 -48
141 239 -47
141 239 -46
141 239 -45
141 239 -44
141 239 -43
141 239 -42
141 239 -41
141 239 -40
141 239 -39
141 239 -38
141 239 -37
141 239 -36
141 239 -35
141 239 -34
141 239 -33
141 240 -48
141 240 -47
141 240 -46
141 240 -45
141 240 -44
141 240 -43
141 240 -42
141 240 -41
141 240 -40
141 240 -39
141 240 -38
141 240 -37
141 240 -36
141 240 -35
141 240 -34
141 240 -33
141 241 -48
141 241 -47
141 241 -46
141 241 -45
141 241 -44
141 241 -43
141 241 -42
141 241 -41
141 241 -40
141 241 -39
141 241 -38
141 241 -37
141 241 -36
141 241 -35
141 241 -34
141 241 -33
141 242 -48
141 242 -47
141 242 -46
141 242 -45
141 242 -44
141 242 -43
141 242 -42
141 242 -41
141 242 -40
141 242 -39
141 242 -38
141 242 -37
141 242 -36
141 242 -35
141 242 -34
141 242 -33
141 243 -48
141 243 -47
141 243 -46
141 243 -44
141 243 -43
141 243 -42
141 243 -41
141 243 -40
141 243 -39
141 243 -38
141 243 -37
141 243 -36
141 243 -35
141 243 -34
141 243 -33
141 244 -48
141 244 -47
141 244 -46
141 244 -44
141 244 -43
141 244 -42
141 244 -41
141 244 -40
141 244 -39
141 244 -38
141 244 -37
141 244 -36
141 244 -35
141 244 -34
141 244 -33
141 245 -48
141 245 -46
141 245 -43
141 245 -41
141 245 -39
141 245 -38
141 245 -37
141 245 -36
141 246 -48
141 246 -47
141 246 -39
141 246 -38
141 246 -37
141 246 -36
141 247 -48
141 247 -38
141 247 -37
141 248 -37
142 233 -37
142 234 -40
142 234 -37
142 234 -36
142 234 -33
142 235 -48
142 235 -47
142 235 -43
142 235 -41
142 235 -40
142 235 -39
142 235 -38
142 235 -37
142 235 -36
142 235 -35
142 235 -33
142 236 -48
142 236 -47
142 236 -46
142 236 -44
142 236 -43
142 236 -41
142 236 -40
142 236 -39
142 236 -38
142 236 -37
142 236 -36
142 236 -33
142 237 -48
142 237 -47
142 237 -46
142 237 -45
142 237 -44
142 237 -43
142 237 -42
142 237 -41
142 237 -40
142 237 -38
142 237 -37
142 237 -36
142 237 -35
142 237 -34
142 237 -33
142 238 -48
142 238 -47
142 238 -46
142 238 -45
142 238 -44
142 238 -43
142 238 -42
142 238 -41
142 238 -40
142 238 -39
142 238 -38
142 238 -37
142 238 -36
142 238 -35
142 238 -34
142 238 -33
142 239 -48
142 239 -47
142 239 -46
142 239 -45
142 239 -44
142 239 -43
142 239 -42
142 239 -41
142 239 -40
142 239 -39
142 239 -38
142 239 -37
142 239 -36
142 239 -35
142 239 -34
142 239 -33
142 240 -48
142 240 -47
142 240 -46
142 240 -45
142 240 -44
142 240 -43
142 240 -42
142 240 -41
142 240 -40
142 240 -39
142 240 -38
142 240 -37
142 240 -36
142 240 -35
142 240 -34
142 240 -33
142 241 -48
142 241 -47
142 241 -46
142 241 -45
142 241 -44
142 241 -43
142 241 -42
142 241 -41
142 241 -40
142 241 -39
142 241 -38
142 241 -37
142 241 -36
142 241 -35
142 241 -34
142 241 -33
142 242 -48
142 242 -47
142 242 -46
142 242 -45
142 242 -44
142 242 -43
142 242 -42
142 242 -41
142 242 -40
142 242 -39
142 242 -38
142 242 -37
142 242 -36
142 242 -35
142 242 -34
142 242 -33
142 243 -48
142 243 -47
142 243 -46
142 243 -44
142 243 -43
142 243 -42
142 243 -41
142 243 -40
142 243 -39
142 243 -38
142 243 -37
142 243 -36
142 243 -35
142 243 -34
142 243 -33
142 244 -48
142 244 -47
142 244 -46
142 244 -45
142 244 -42
142 244 -41
142 244 -39
142 244 -38
142 244 -37
142 244 -36
142 244 -35
142 245 -48
142 245 -40
142 245 -39
142 245 -38
142 245 -37
142 245 -36
142 245 -35
142 245 -34
142 246 -48
142 246 -38
142 246 -37
142 246 -36
142 246 -35
142 247 -48
142 247 -38
142 247 -37
142 247 -36
142 248 -38
142 248 -37
143 234 -48
143 234 -40
143 234 -37
143 235 -48
143 235 -47
143 235 -46
143 235 -44
143 235 -42
143 235 -40
143 235 -39
143 235 -38
143 235 -37
143 235 -33
143 236 -48
143 236 -47
143 236 -46
143 236 -44
143 236 -43
143 236 -42
143 236 -41
143 236 -40
143 236 -39
143 236 -38
143 236 -37
143 236 -36
143 237 -48
143 237 -47
143 237 -46
143 237 -45
143 237 -44
143 237 -43
143 237 -41
143 237 -40
143 237 -39
143 237 -38
143 237 -37
143 237 -34
143 237 -33
143 238 -48
143 238 -47
143 238 -46
143 238 -45
143 238 -44
143 238 -43
143 238 -42
143 238 -41
143 238 -40
143 238 -39
143 238 -38
143 238 -37
143 238 -36
143 238 -35
143 238 -34
143 238 -33
143 239 -48
143 239 -47
143 239 -46
143 239 -45
143 239 -44
143 239 -43
143 239 -42
143 239 -41
143 239 -40
143 239 -39
143 239 -38
143 239 -37
143 239 -36
143 239 -35
143 239 -34
143 239 -33
143 240 -48
143 240 -47
143 240 -46
143 240 -45
143 240 -44
143 240 -43
143 240 -42
143 240 -41
143 240 -40
143 240 -39
143 240 -38
143 240 -37
143 240 -36
143 240 -35
143 240 -34
143 240 -33
143 241 -48
143 241 -47
143 241 -46
143 241 -45
143 241 -44
143 241 -43
143 241 -42
143 241 -41
143 241 -40
143 241 -39
143 241 -38
143 241 -37
143 241 -35
143 241 -34
143 241 -33
143 242 -48
143 242 -47
143 242 -46
143 242 -45
143 242 -44
143 242 -43
143 242 -42
143 242 -41
143 242 -40
143 242 -39
143 242 -38
143 242 -37
143 242 -35
143 242 -34
143 242 -33
143 243 -48
143 243 -47
143 243 -46
143 243 -45
143 243 -44
143 243 -43
143 243 -42
143 243 -41
143 243 -40
143 243 -39
143 243 -38
143 243 -37
143 243 -36
143 243 -35
143 243 -34
143 243 -33
143 244 -48
143 244 -47
143 244 -46
143 244 -45
143 244 -44
143 244 -42
143 244 -41
143 244 -40
143 244 -39
143 244 -38
143 244 -37
143 244 -36
143 244 -35
143 245 -48
143 245 -47
143 245 -44
143 245 -38
143 245 -37
143 245 -36
143 245 -35
143 246 -48
143 246 -38
143 246 -35

