alfheim:altWood1
12
48 203 144
48 204 144
48 204 145
48 204 146
48 204 147
48 205 144
48 205 145
48 205 146
48 205 147
48 205 148
48 206 144
48 206 145
48 206 146
48 206 147
48 206 148
48 206 149
48 207 144
48 207 145
48 207 146
48 207 147
48 207 148
48 207 149
48 207 150
48 208 144
48 208 145
48 208 146
48 208 147
48 208 148
48 208 149
48 208 150
48 208 151
48 209 144
48 209 145
48 209 146
48 209 147
48 209 148
48 209 149
48 209 150
48 209 151
48 210 144
48 210 145
48 210 146
48 210 147
48 210 148
48 210 149
48 210 150
48 210 151
48 210 152
48 211 144
48 211 145
48 211 146
48 211 147
48 211 148
48 211 149
48 211 150
48 211 151
48 212 144
48 212 145
48 212 146
48 212 147
48 212 148
48 212 149
48 212 150
48 213 144
48 213 145
48 213 146
48 213 148
48 219 157
48 219 158
48 219 159
48 220 156
48 220 157
48 220 159
48 221 157
48 221 158
48 221 159
48 223 159
49 204 144
49 204 145
49 204 146
49 204 147
49 205 144
49 205 145
49 205 146
49 205 147
49 205 148
49 205 149
49 206 144
49 206 145
49 206 146
49 206 147
49 206 148
49 206 149
49 206 150
49 207 144
49 207 145
49 207 146
49 207 147
49 207 148
49 207 149
49 207 150
49 207 151
49 208 144
49 208 145
49 208 146
49 208 147
49 208 148
49 208 149
49 208 150
49 208 151
49 208 152
49 209 144
49 209 145
49 209 146
49 209 147
49 209 148
49 209 149
49 209 150
49 209 151
49 209 152
49 209 153
49 210 144
49 210 145
49 210 146
49 210 147
49 210 148
49 210 149
49 210 150
49 210 151
49 210 152
49 210 153
49 211 144
49 211 145
49 211 146
49 211 147
49 211 148
49 211 149
49 211 150
49 211 151
49 211 152
49 211 153
49 212 144
49 212 145
49 212 146
49 212 148
49 212 149
49 212 150
49 212 151
49 212 152
49 213 144
49 213 145
49 213 148
49 213 149
49 213 150
49 213 151
49 220 159
49 221 159
50 204 144
50 204 145
50 204 146
50 204 147
50 204 148
50 205 144
50 205 145
50 205 146
50 205 147
50 205 148
50 205 149
50 206 144
50 206 145
50 206 146
50 206 147
50 206 148
50 206 149
50 206 150
50 206 151
50 207 144
50 207 145
50 207 146
50 207 147
50 207 148
50 207 149
50 207 150
50 207 151
50 207 152
50 207 153
50 208 144
50 208 145
50 208 146
50 208 147
50 208 148
50 208 149
50 208 150
50 208 151
50 208 152
50 208 153
50 209 144
50 209 145
50 209 146
50 209 147
50 209 148
50 209 149
50 209 150
50 209 151
50 209 152
50 209 153
50 209 154
50 210 144
50 210 145
50 210 146
50 210 147
50 210 148
50 210 149
50 210 150
50 210 151
50 210 152
50 210 153
50 210 154
50 211 144
50 211 145
50 211 146
50 211 147
50 211 148
50 211 149
50 211 150
50 211 151
50 211 152
50 211 153
50 211 154
50 212 144
50 212 145
50 212 146
50 212 148
50 212 149
50 212 150
50 212 151
50 212 152
50 212 153
50 212 154
50 213 144
50 213 145
50 213 148
50 213 149
50 213 150
50 213 151
50 213 152
50 214 145
50 214 149
50 214 150
50 221 158
51 204 145
51 204 146
51 204 147
51 205 144
51 205 145
51 205 146
51 205 147
51 205 148
51 205 149
51 205 150
51 206 144
51 206 145
51 206 146
51 206 147
51 206 148
51 206 149
51 206 150
51 206 151
51 206 152
51 207 144
51 207 145
51 207 146
51 207 147
51 207 148
51 207 149
51 207 150
51 207 151
51 207 152
51 207 153
51 208 144
51 208 145
51 208 146
51 208 147
51 208 148
51 208 149
51 208 150
51 208 151
51 208 152
51 208 153
51 208 154
51 209 144
51 209 145
51 209 146
51 209 147
51 209 148
51 209 149
51 209 150
51 209 151
51 209 152
51 209 153
51 209 154
51 209 155
51 210 144
51 210 145
51 210 146
51 210 147
51 210 148
51 210 149
51 210 150
51 210 151
51 210 152
51 210 153
51 210 154
51 210 155
51 211 144
51 211 145
51 211 146
51 211 147
51 211 148
51 211 149
51 211 150
51 211 151
51 211 152
51 211 153
51 211 154
51 211 155
51 211 156
51 212 144
51 212 145
51 212 146
51 212 148
51 212 149
51 212 150
51 212 151
51 212 152
51 212 153
51 212 154
51 212 155
51 213 144
51 213 145
51 213 146
51 213 148
51 213 149
51 213 150
51 213 151
51 213 152
51 213 153
51 213 154
51 213 155
51 214 145
51 214 146
51 214 148
51 214 149
51 214 150
51 214 151
51 214 152
52 205 144
52 205 145
52 205 146
52 205 147
52 205 148
52 205 149
52 205 150
52 205 151
52 206 144
52 206 145
52 206 146
52 206 147
52 206 148
52 206 149
52 206 150
52 206 151
52 206 152
52 206 153
52 207 144
52 207 145
52 207 146
52 207 147
52 207 148
52 207 149
52 207 150
52 207 151
52 207 152
52 207 153
52 207 154
52 208 144
52 208 145
52 208 146
52 208 147
52 208 148
52 208 149
52 208 150
52 208 151
52 208 152
52 208 153
52 208 154
52 208 155
52 208 156
52 209 144
52 209 145
52 209 146
52 209 147
52 209 148
52 209 149
52 209 150
52 209 151
52 209 152
52 209 153
52 209 154
52 209 155
52 209 156
52 209 157
52 210 144
52 210 145
52 210 146
52 210 147
52 210 148
52 210 149
52 210 150
52 210 151
52 210 152
52 210 153
52 210 154
52 210 155
52 210 156
52 210 157
52 211 144
52 211 145
52 211 146
52 211 147
52 211 148
52 211 149
52 211 150
52 211 151
52 211 152
52 211 153
52 211 154
52 211 155
52 211 156
52 211 157
52 212 144
52 212 145
52 212 146
52 212 147
52 212 148
52 212 149
52 212 150
52 212 151
52 212 152
52 212 153
52 212 154
52 212 155
52 212 156
52 212 157
52 213 144
52 213 145
52 213 146
52 213 147
52 213 148
52 213 149
52 213 150
52 213 151
52 213 152
52 213 153
52 213 154
52 213 155
52 213 156
52 214 146
52 214 149
52 214 150
52 214 151
52 214 152
52 214 153
52 214 154
52 214 155
52 215 150
53 205 147
53 205 148
53 205 149
53 205 150
53 205 151
53 205 152
53 206 144
53 206 145
53 206 146
53 206 147
53 206 148
53 206 149
53 206 150
53 206 151
53 206 152
53 206 153
53 207 144
53 207 145
53 207 146
53 207 147
53 207 148
53 207 149
53 207 150
53 207 151
53 207 152
53 207 153
53 207 154
53 207 155
53 207 156
53 208 144
53 208 145
53 208 146
53 208 147
53 208 148
53 208 149
53 208 150
53 208 151
53 208 152
53 208 153
53 208 154
53 208 155
53 208 156
53 208 157
53 209 144
53 209 145
53 209 146
53 209 147
53 209 148
53 209 149
53 209 150
53 209 151
53 209 152
53 209 153
53 209 154
53 209 155
53 209 156
53 209 157
53 209 158
53 210 144
53 210 145
53 210 146
53 210 147
53 210 148
53 210 149
53 210 150
53 210 151
53 210 152
53 210 153
53 210 154
53 210 155
53 210 156
53 210 157
53 210 158
53 211 144
53 211 145
53 211 146
53 211 147
53 211 148
53 211 149
53 211 150
53 211 151
53 211 152
53 211 153
53 211 154
53 211 155
53 211 156
53 211 157
53 211 158
53 212 144
53 212 145
53 212 146
53 212 147
53 212 148
53 212 149
53 212 150
53 212 151
53 212 152
53 212 153
53 212 154
53 212 155
53 212 156
53 212 157
53 212 158
53 213 144
53 213 145
53 213 146
53 213 148
53 213 149
53 213 150
53 213 151
53 213 152
53 213 153
53 213 154
53 213 155
53 213 156
53 213 157
53 213 158
53 214 148
53 214 149
53 214 150
53 214 151
53 214 152
53 214 153
53 214 154
53 214 155
53 214 156
53 214 157
53 215 149
53 215 150
53 215 151
53 215 152
53 215 153
53 215 154
53 215 155
54 205 149
54 205 150
54 205 151
54 206 146
54 206 147
54 206 148
54 206 149
54 206 150
54 206 151
54 206 152
54 206 153
54 206 154
54 206 155
54 207 144
54 207 145
54 207 146
54 207 147
54 207 148
54 207 149
54 207 150
54 207 151
54 207 152
54 207 153
54 207 154
54 207 155
54 207 156
54 207 157
54 208 144
54 208 145
54 208 146
54 208 147
54 208 148
54 208 149
54 208 150
54 208 151
54 208 152
54 208 153
54 208 154
54 208 155
54 208 156
54 208 157
54 208 158
54 209 144
54 209 145
54 209 146
54 209 147
54 209 148
54 209 149
54 209 150
54 209 151
54 209 152
54 209 153
54 209 154
54 209 155
54 209 156
54 209 157
54 209 158
54 210 144
54 210 145
54 210 146
54 210 147
54 210 148
54 210 149
54 210 150
54 210 151
54 210 152
54 210 153
54 210 154
54 210 155
54 210 156
54 210 157
54 210 158
54 210 159
54 211 144
54 211 145
54 211 146
54 211 147
54 211 148
54 211 149
54 211 150
54 211 151
54 211 152
54 211 153
54 211 154
54 211 155
54 211 156
54 211 157
54 211 158
54 211 159
54 212 144
54 212 145
54 212 146
54 212 147
54 212 148
54 212 149
54 212 150
54 212 151
54 212 152
54 212 153
54 212 154
54 212 155
54 212 156
54 212 157
54 212 158
54 212 159
54 213 144
54 213 145
54 213 146
54 213 147
54 213 148
54 213 149
54 213 150
54 213 151
54 213 152
54 213 153
54 213 154
54 213 155
54 213 156
54 213 157
54 213 158
54 213 159
54 214 147
54 214 148
54 214 149
54 214 150
54 214 151
54 214 152
54 214 153
54 214 154
54 214 155
54 214 156
54 214 157
54 214 158
54 214 159
54 215 150
54 215 151
54 215 152
54 215 153
54 215 154
54 215 155
54 215 156
54 215 157
54 215 158
55 206 148
55 206 149
55 206 150
55 206 151
55 206 152
55 206 153
55 206 154
55 206 155
55 206 156
55 207 146
55 207 147
55 207 148
55 207 149
55 207 150
55 207 151
55 207 152
55 207 153
55 207 154
55 207 155
55 207 156
55 207 157
55 208 144
55 208 145
55 208 146
55 208 147
55 208 148
55 208 149
55 208 150
55 208 151
55 208 152
55 208 153
55 208 154
55 208 155
55 208 156
55 208 157
55 208 158
55 209 144
55 209 145
55 209 146
55 209 147
55 209 148
55 209 149
55 209 150
55 209 151
55 209 152
55 209 153
55 209 154
55 209 155
55 209 156
55 209 157
55 209 158
55 209 159
55 210 144
55 210 145
55 210 146
55 210 147
55 210 148
55 210 149
55 210 150
55 210 151
55 210 152
55 210 153
55 210 154
55 210 155
55 210 156
55 210 157
55 210 158
55 210 159
55 211 144
55 211 145
55 211 146
55 211 147
55 211 148
55 211 149
55 211 150
55 211 151
55 211 152
55 211 153
55 211 154
55 211 155
55 211 156
55 211 157
55 211 158
55 211 159
55 212 144
55 212 145
55 212 146
55 212 147
55 212 148
55 212 149
55 212 150
55 212 151
55 212 152
55 212 153
55 212 154
55 212 155
55 212 156
55 212 157
55 212 158
55 212 159
55 213 144
55 213 145
55 213 146
55 213 147
55 213 148
55 213 149
55 213 150
55 213 151
55 213 152
55 213 153
55 213 154
55 213 155
55 213 156
55 213 157
55 213 158
55 213 159
55 214 148
55 214 149
55 214 150
55 214 151
55 214 152
55 214 153
55 214 154
55 214 155
55 214 156
55 214 157
55 214 158
55 214 159
55 215 150
55 215 151
55 215 152
55 215 153
55 215 154
55 215 155
55 215 156
55 215 157
55 215 158
55 215 159
55 216 154
55 216 155
55 216 156
55 216 157
55 216 158
56 206 150
56 206 151
56 206 152
56 206 153
56 206 154
56 206 155
56 206 156
56 207 148
56 207 149
56 207 150
56 207 151
56 207 152
56 207 153
56 207 154
56 207 155
56 207 156
56 207 157
56 208 146
56 208 147
56 208 148
56 208 149
56 208 150
56 208 151
56 208 152
56 208 153
56 208 154
56 208 155
56 208 156
56 208 157
56 208 158
56 209 144
56 209 145
56 209 146
56 209 147
56 209 148
56 209 149
56 209 150
56 209 151
56 209 152
56 209 153
56 209 154
56 209 155
56 209 156
56 209 157
56 209 158
56 209 159
56 210 144
56 210 145
56 210 146
56 210 147
56 210 148
56 210 149
56 210 150
56 210 151
56 210 152
56 210 153
56 210 154
56 210 155
56 210 156
56 210 157
56 210 158
56 210 159
56 211 144
56 211 145
56 211 146
56 211 147
56 211 148
56 211 149
56 211 150
56 211 151
56 211 152
56 211 153
56 211 154
56 211 155
56 211 156
56 211 157
56 211 158
56 211 159
56 212 144
56 212 145
56 212 146
56 212 147
56 212 148
56 212 149
56 212 150
56 212 151
56 212 152
56 212 153
56 212 154
56 212 155
56 212 156
56 212 157
56 212 158
56 212 159
56 213 144
56 213 145
56 213 146
56 213 147
56 213 148
56 213 149
56 213 150
56 213 151
56 213 152
56 213 153
56 213 154
56 213 155
56 213 156
56 213 157
56 213 158
56 213 159
56 214 149
56 214 150
56 214 151
56 214 152
56 214 153
56 214 154
56 214 155
56 214 156
56 214 157
56 214 158
56 214 159
56 215 151
56 215 152
56 215 153
56 215 154
56 215 155
56 215 156
56 215 157
56 215 158
56 215 159
56 216 153
56 216 154
56 216 155
56 216 156
56 216 157
56 216 158
56 216 159
56 217 157
57 206 153
57 206 154
57 206 155
57 206 156
57 207 149
57 207 150
57 207 151
57 207 152
57 207 153
57 207 154
57 207 155
57 207 156
57 207 157
57 208 148
57 208 149
57 208 150
57 208 151
57 208 152
57 208 153
57 208 154
57 208 155
57 208 156
57 208 157
57 208 158
57 208 159
57 209 147
57 209 148
57 209 149
57 209 150
57 209 151
57 209 152
57 209 153
57 209 154
57 209 155
57 209 156
57 209 157
57 209 158
57 209 159
57 210 144
57 210 145
57 210 146
57 210 147
57 210 148
57 210 149
57 210 150
57 210 151
57 210 152
57 210 153
57 210 154
57 210 155
57 210 156
57 210 157
57 210 158
57 210 159
57 211 144
57 211 145
57 211 146
57 211 147
57 211 148
57 211 149
57 211 150
57 211 151
57 211 152
57 211 153
57 211 154
57 211 155
57 211 156
57 211 157
57 211 158
57 211 159
57 212 144
57 212 145
57 212 146
57 212 147
57 212 148
57 212 149
57 212 150
57 212 151
57 212 152
57 212 153
57 212 154
57 212 155
57 212 156
57 212 157
57 212 158
57 212 159
57 213 144
57 213 145
57 213 149
57 213 150
57 213 151
57 213 152
57 213 153
57 213 154
57 213 155
57 213 156
57 213 157
57 213 158
57 213 159
57 214 144
57 214 150
57 214 151
57 214 152
57 214 153
57 214 154
57 214 155
57 214 156
57 214 157
57 214 158
57 214 159
57 215 152
57 215 153
57 215 154
57 215 155
57 215 156
57 215 157
57 215 158
57 215 159
57 216 154
57 216 155
57 216 156
57 216 157
57 216 158
57 216 159
57 217 156
57 217 157
57 217 158
57 217 159
58 206 154
58 206 155
58 207 152
58 207 153
58 207 154
58 207 155
58 207 156
58 207 157
58 208 150
58 208 151
58 208 152
58 208 153
58 208 154
58 208 155
58 208 156
58 208 157
58 208 158
58 208 159
58 209 149
58 209 150
58 209 151
58 209 152
58 209 153
58 209 154
58 209 155
58 209 156
58 209 157
58 209 158
58 209 159
58 210 149
58 210 150
58 210 151
58 210 152
58 210 153
58 210 154
58 210 155
58 210 156
58 210 157
58 210 158
58 210 159
58 211 144
58 211 145
58 211 149
58 211 150
58 211 151
58 211 152
58 211 153
58 211 154
58 211 155
58 211 156
58 211 157
58 211 158
58 211 159
58 212 144
58 212 145
58 212 149
58 212 150
58 212 151
58 212 152
58 212 153
58 212 154
58 212 155
58 212 156
58 212 157
58 212 158
58 212 159
58 213 144
58 213 145
58 213 150
58 213 151
58 213 152
58 213 153
58 213 154
58 213 155
58 213 156
58 213 157
58 213 158
58 213 159
58 214 144
58 214 151
58 214 152
58 214 153
58 214 154
58 214 155
58 214 156
58 214 157
58 214 158
58 214 159
58 215 153
58 215 154
58 215 155
58 215 156
58 215 157
58 215 158
58 215 159
58 216 154
58 216 155
58 216 156
58 216 157
58 216 158
58 216 159
58 217 155
58 217 156
58 217 157
58 217 158
58 217 159
58 218 158
59 207 154
59 207 155
59 207 156
59 208 152
59 208 153
59 208 154
59 208 155
59 208 156
59 208 157
59 208 158
59 208 159
59 209 150
59 209 151
59 209 152
59 209 153
59 209 154
59 209 155
59 209 156
59 209 157
59 209 158
59 209 159
59 210 150
59 210 151
59 210 152
59 210 153
59 210 154
59 210 155
59 210 156
59 210 157
59 210 158
59 210 159
59 211 144
59 211 150
59 211 151
59 211 152
59 211 153
59 211 154
59 211 155
59 211 156
59 211 157
59 211 158
59 211 159
59 212 144
59 212 145
59 212 151
59 212 152
59 212 153
59 212 154
59 212 155
59 212 156
59 212 157
59 212 158
59 212 159
59 213 144
59 213 145
59 213 151
59 213 152
59 213 153
59 213 154
59 213 155
59 213 156
59 213 157
59 213 158
59 213 159
59 214 144
59 214 152
59 214 153
59 214 154
59 214 155
59 214 156
59 214 157
59 214 158
59 214 159
59 215 153
59 215 154
59 215 155
59 215 156
59 215 157
59 215 158
59 215 159
59 216 154
59 216 155
59 216 156
59 216 157
59 216 158
59 216 159
59 217 156
59 217 157
59 217 158
59 217 159
59 218 157
59 218 158
59 218 159
60 208 153
60 208 154
60 208 155
60 208 156
60 208 157
60 208 158
60 208 159
60 209 152
60 209 153
60 209 154
60 209 155
60 209 156
60 209 157
60 209 158
60 209 159
60 210 152
60 210 153
60 210 154
60 210 155
60 210 156
60 210 157
60 210 158
60 210 159
60 211 144
60 211 152
60 211 153
60 211 154
60 211 155
60 211 156
60 211 157
60 211 158
60 211 159
60 212 144
60 212 152
60 212 153
60 212 154
60 212 155
60 212 156
60 212 157
60 212 158
60 212 159
60 213 144
60 213 145
60 213 152
60 213 153
60 213 154
60 213 155
60 213 156
60 213 157
60 213 158
60 213 159
60 214 144
60 214 153
60 214 154
60 214 155
60 214 156
60 214 157
60 214 158
60 214 159
60 215 154
60 215 155
60 215 156
60 215 157
60 215 158
60 215 159
60 216 155
60 216 156
60 216 157
60 216 158
60 216 159
60 217 156
60 217 157
60 217 158
60 217 159
60 218 158
60 218 159
61 209 154
61 209 155
61 209 156
61 209 157
61 209 158
61 209 159
61 210 153
61 210 154
61 210 155
61 210 156
61 210 157
61 210 158
61 210 159
61 211 153
61 211 154
61 211 155
61 211 156
61 211 157
61 211 158
61 211 159
61 212 144
61 212 153
61 212 154
61 212 155
61 212 156
61 212 157
61 212 158
61 212 159
61 213 144
61 213 145
61 213 153
61 213 154
61 213 155
61 213 156
61 213 157
61 213 158
61 213 159
61 214 144
61 214 154
61 214 155
61 214 156
61 214 157
61 214 158
61 214 159
61 215 155
61 215 156
61 215 157
61 215 158
61 215 159
61 216 155
61 216 156
61 216 157
61 216 158
61 216 159
61 217 157
61 217 158
61 217 159
61 218 159
62 209 158
62 209 159
62 210 155
62 210 156
62 210 157
62 210 158
62 210 159
62 211 154
62 211 155
62 211 156
62 211 157
62 211 158
62 211 159
62 212 144
62 212 154
62 212 155
62 212 156
62 212 157
62 212 158
62 212 159
62 213 144
62 213 154
62 213 155
62 213 156
62 213 157
62 213 158
62 213 159
62 214 144
62 214 155
62 214 156
62 214 157
62 214 158
62 214 159
62 215 144
62 215 155
62 215 156
62 215 157
62 215 158
62 215 159
62 216 156
62 216 157
62 216 158
62 216 159
62 217 158
62 217 159
63 210 158
63 210 159
63 211 156
63 211 157
63 211 158
63 211 159
63 212 144
63 212 156
63 212 157
63 212 158
63 212 159
63 213 144
63 213 156
63 213 157
63 213 158
63 213 159
63 214 144
63 214 156
63 214 157
63 214 158
63 214 159
63 215 144
63 215 157
63 215 158
63 215 159
63 216 158
63 216 159
alfheim:altLeaves
6
48 213 147
48 214 146
48 214 147
48 214 148
48 215 145
48 215 146
48 215 147
48 215 149
48 216 144
48 216 146
48 216 147
48 216 150
48 217 145
48 217 146
48 217 147
48 217 148
48 217 149
48 217 150
48 217 152
48 217 154
48 218 144
48 218 145
48 218 146
48 218 147
48 218 148
48 218 149
48 218 150
48 218 151
48 218 152
48 218 153
48 218 154
48 218 155
48 219 144
48 219 145
48 219 146
48 219 147
48 219 149
48 219 150
48 219 151
48 219 153
48 219 154
48 220 144
48 220 145
48 220 146
48 220 147
48 220 148
48 220 149
48 220 150
48 220 151
48 220 152
48 220 153
48 220 154
48 220 155
48 220 158
48 221 144
48 221 145
48 221 147
48 221 148
48 221 149
48 221 150
48 221 151
48 221 152
48 221 153
48 221 154
48 221 155
48 221 156
48 222 144
48 222 145
48 222 146
48 222 147
48 222 148
48 222 149
48 222 150
48 222 151
48 222 152
48 222 153
48 222 154
48 222 155
48 222 156
48 222 157
48 222 158
48 222 159
48 223 144
48 223 145
48 223 146
48 223 147
48 223 148
48 223 149
48 223 150
48 223 151
48 223 152
48 223 153
48 223 154
48 223 155
48 223 156
48 223 157
48 223 158
48 224 147
48 224 148
48 224 149
48 224 150
48 224 151
48 224 152
48 224 153
48 224 154
48 224 155
48 224 156
48 224 157
48 224 158
48 224 159
49 212 147
49 213 146
49 213 147
49 214 147
49 214 149
49 215 147
49 215 148
49 215 149
49 215 150
49 216 148
49 216 149
49 216 150
49 216 151
49 217 144
49 217 146
49 217 147
49 217 148
49 217 149
49 217 150
49 217 151
49 218 144
49 218 145
49 218 146
49 218 147
49 218 148
49 218 149
49 218 150
49 218 151
49 218 152
49 218 153
49 219 144
49 219 145
49 219 146
49 219 147
49 219 148
49 219 149
49 219 150
49 219 151
49 219 152
49 219 153
49 219 154
49 220 144
49 220 145
49 220 146
49 220 147
49 220 148
49 220 149
49 220 150
49 220 151
49 220 152
49 220 153
49 220 154
49 220 155
49 220 156
49 220 157
49 220 158
49 221 144
49 221 145
49 221 146
49 221 147
49 221 148
49 221 149
49 221 150
49 221 151
49 221 152
49 221 153
49 221 154
49 221 155
49 221 156
49 221 157
49 221 158
49 222 144
49 222 145
49 222 146
49 222 147
49 222 148
49 222 149
49 222 150
49 222 151
49 222 152
49 222 153
49 222 154
49 222 155
49 222 156
49 222 157
49 222 158
49 222 159
49 223 144
49 223 145
49 223 146
49 223 147
49 223 148
49 223 150
49 223 151
49 223 152
49 223 153
49 223 154
49 223 155
49 223 156
49 223 157
49 223 158
49 223 159
49 224 146
49 224 147
49 224 148
49 224 149
49 224 150
49 224 151
49 224 153
49 224 154
49 224 155
49 224 156
49 224 157
49 224 158
49 224 159
50 212 147
50 213 146
50 213 147
50 214 146
50 214 147
50 214 148
50 215 144
50 215 145
50 215 146
50 215 147
50 215 148
50 215 149
50 215 150
50 216 144
50 216 145
50 216 146
50 216 147
50 216 148
50 216 149
50 216 150
50 217 144
50 217 145
50 217 146
50 217 147
50 217 148
50 217 149
50 217 150
50 217 152
50 218 144
50 218 145
50 218 146
50 218 147
50 218 148
50 218 149
50 218 150
50 218 151
50 218 152
50 218 153
50 218 154
50 218 156
50 218 158
50 219 144
50 219 145
50 219 146
50 219 147
50 219 148
50 219 149
50 219 150
50 219 151
50 219 152
50 219 153
50 219 154
50 219 155
50 219 156
50 219 157
50 220 145
50 220 146
50 220 147
50 220 148
50 220 149
50 220 150
50 220 151
50 220 152
50 220 153
50 220 154
50 220 155
50 220 156
50 220 158
50 221 144
50 221 145
50 221 146
50 221 147
50 221 148
50 221 149
50 221 150
50 221 151
50 221 152
50 221 153
50 221 154
50 221 155
50 221 156
50 221 157
50 221 159
50 222 144
50 222 145
50 222 146
50 222 147
50 222 148
50 222 149
50 222 150
50 222 151
50 222 152
50 222 153
50 222 154
50 222 155
50 222 156
50 222 157
50 222 158
50 222 159
50 223 144
50 223 145
50 223 146
50 223 147
50 223 148
50 223 149
50 223 150
50 223 151
50 223 152
50 223 153
50 223 154
50 223 155
50 223 156
50 223 157
50 223 158
50 223 159
50 224 145
50 224 146
50 224 147
50 224 148
50 224 149
50 224 150
50 224 151
50 224 152
50 224 153
50 224 154
50 224 155
50 224 156
50 224 157
50 224 158
50 224 159
51 212 147
51 213 147
51 214 147
51 215 144
51 215 145
51 215 146
51 215 147
51 215 148
51 216 146
51 216 147
51 216 149
51 216 150
51 217 144
51 217 145
51 217 146
51 217 147
51 217 148
51 217 149
51 217 150
51 217 151
51 217 153
51 217 158
51 218 144
51 218 145
51 218 146
51 218 147
51 218 148
51 218 149
51 218 150
51 218 151
51 218 152
51 218 153
51 218 158
51 218 159
51 219 144
51 219 145
51 219 146
51 219 147
51 219 148
51 219 149
51 219 150
51 219 151
51 219 152
51 219 153
51 219 154
51 219 155
51 219 156
51 219 157
51 219 158
51 219 159
51 220 144
51 220 145
51 220 146
51 220 147
51 220 148
51 220 149
51 220 150
51 220 151
51 220 152
51 220 153
51 220 154
51 220 155
51 220 156
51 220 157
51 220 158
51 220 159
51 221 144
51 221 145
51 221 146
51 221 147
51 221 148
51 221 149
51 221 150
51 221 151
51 221 152
51 221 153
51 221 154
51 221 155
51 221 156
51 221 157
51 221 158
51 221 159
51 222 144
51 222 145
51 222 146
51 222 147
51 222 148
51 222 149
51 222 150
51 222 151
51 222 152
51 222 153
51 222 154
51 222 155
51 222 156
51 222 157
51 222 158
51 223 144
51 223 145
51 223 146
51 223 147
51 223 148
51 223 149
51 223 150
51 223 151
51 223 152
51 223 153
51 223 154
51 223 155
51 223 156
51 223 157
51 223 158
51 223 159
51 224 144
51 224 145
51 224 146
51 224 147
51 224 148
51 224 149
51 224 150
51 224 151
51 224 152
51 224 153
51 224 154
51 224 155
51 224 156
51 224 157
51 224 158
51 224 159
52 214 147
52 214 148
52 215 146
52 215 147
52 215 148
52 215 149
52 216 144
52 216 145
52 216 146
52 216 147
52 216 148
52 216 149
52 216 150
52 216 153
52 217 144
52 217 145
52 217 146
52 217 147
52 217 148
52 217 149
52 217 150
52 217 151
52 217 153
52 218 144
52 218 145
52 218 146
52 218 147
52 218 148
52 218 149
52 218 150
52 218 151
52 218 152
52 218 153
52 218 154
52 218 155
52 218 157
52 219 144
52 219 145
52 219 146
52 219 147
52 219 148
52 219 149
52 219 150
52 219 151
52 219 152
52 219 153
52 219 154
52 219 155
52 219 156
52 220 144
52 220 145
52 220 146
52 220 147
52 220 148
52 220 149
52 220 150
52 220 151
52 220 152
52 220 153
52 220 154
52 220 156
52 220 157
52 220 158
52 220 159
52 221 144
52 221 145
52 221 146
52 221 147
52 221 148
52 221 149
52 221 150
52 221 151
52 221 152
52 221 153
52 221 154
52 221 155
52 221 156
52 221 157
52 221 158
52 221 159
52 222 144
52 222 145
52 222 146
52 222 147
52 222 148
52 222 149
52 222 150
52 222 151
52 222 152
52 222 153
52 222 154
52 222 155
52 222 156
52 222 157
52 222 158
52 222 159
52 223 144
52 223 145
52 223 146
52 223 147
52 223 148
52 223 149
52 223 150
52 223 151
52 223 152
52 223 153
52 223 154
52 223 155
52 223 156
52 223 157
52 223 158
52 223 159
52 224 144
52 224 145
52 224 146
52 224 147
52 224 148
52 224 149
52 224 150
52 224 151
52 224 152
52 224 153
52 224 154
52 224 155
52 224 156
52 224 157
52 224 158
52 224 159
53 213 147
53 214 147
53 215 145
53 215 146
53 215 147
53 216 144
53 216 145
53 216 146
53 216 148
53 216 149
53 217 144
53 217 145
53 217 146
53 217 147
53 217 148
53 217 149
53 217 150
53 217 151
53 217 156
53 217 157
53 218 144
53 218 146
53 218 147
53 218 148
53 218 149
53 218 150
53 218 151
53 218 152
53 218 156
53 218 157
53 219 144
53 219 145
53 219 146
53 219 147
53 219 148
53 219 149
53 219 150
53 219 151
53 219 152
53 219 153
53 219 155
53 219 156
53 219 157
53 219 158
53 220 144
53 220 145
53 220 146
53 220 147
53 220 148
53 220 149
53 220 150
53 220 151
53 220 152
53 220 153
53 220 154
53 220 155
53 220 156
53 220 157
53 220 158
53 220 159
53 221 144
53 221 145
53 221 146
53 221 147
53 221 148
53 221 149
53 221 150
53 221 151
53 221 152
53 221 153
53 221 154
53 221 155
53 221 156
53 221 157
53 221 158
53 221 159
53 222 144
53 222 145
53 222 146
53 222 147
53 222 148
53 222 149
53 222 150
53 222 151
53 222 152
53 222 153
53 222 154
53 222 155
53 222 156
53 222 157
53 222 158
53 222 159
53 223 144
53 223 146
53 223 147
53 223 148
53 223 149
53 223 150
53 223 151
53 223 152
53 223 153
53 223 154
53 223 155
53 223 156
53 223 157
53 223 158
53 223 159
53 224 144
53 224 145
53 224 146
53 224 147
53 224 148
53 224 149
53 224 150
53 224 151
53 224 152
53 224 153
53 224 154
53 224 155
53 224 156
53 224 157
53 224 158
53 224 159
54 215 146
54 216 145
54 216 157
54 217 144
54 217 145
54 217 146
54 217 147
54 217 148
54 217 149
54 217 150
54 217 157
54 218 144
54 218 145
54 218 146
54 218 147
54 218 148
54 218 149
54 218 150
54 218 151
54 218 157
54 219 144
54 219 145
54 219 146
54 219 147
54 219 148
54 219 149
54 219 150
54 219 151
54 219 152
54 219 153
54 219 154
54 219 156
54 219 157
54 219 158
54 219 159
54 220 144
54 220 145
54 220 146
54 220 147
54 220 148
54 220 149
54 220 150
54 220 151
54 220 152
54 220 153
54 220 154
54 220 155
54 220 156
54 220 157
54 220 158
54 220 159
54 221 144
54 221 145
54 221 146
54 221 147
54 221 148
54 221 149
54 221 150
54 221 151
54 221 152
54 221 153
54 221 154
54 221 155
54 221 156
54 221 157
54 221 158
54 221 159
54 222 144
54 222 145
54 222 146
54 222 147
54 222 148
54 222 149
54 222 150
54 222 151
54 222 152
54 222 153
54 222 154
54 222 155
54 222 156
54 222 157
54 222 158
54 222 159
54 223 144
54 223 145
54 223 146
54 223 147
54 223 148
54 223 149
54 223 150
54 223 151
54 223 152
54 223 153
54 223 154
54 223 155
54 223 156
54 223 157
54 223 158
54 223 159
54 224 145
54 224 146
54 224 147
54 224 148
54 224 149
54 224 150
54 224 151
54 224 152
54 224 153
54 224 154
54 224 155
54 224 156
54 224 157
54 224 158
54 224 159
55 215 144
55 215 146
55 216 144
55 216 145
55 216 146
55 217 145
55 217 146
55 217 147
55 217 157
55 218 144
55 218 145
55 218 146
55 218 147
55 218 148
55 218 149
55 218 150
55 218 157
55 219 144
55 219 145
55 219 146
55 219 147
55 219 148
55 219 149
55 219 150
55 219 151
55 219 157
55 219 158
55 220 144
55 220 145
55 220 146
55 220 147
55 220 148
55 220 149
55 220 150
55 220 151
55 220 152
55 220 153
55 220 157
55 220 158
55 221 144
55 221 145
55 221 146
55 221 147
55 221 148
55 221 149
55 221 150
55 221 151
55 221 152
55 221 153
55 221 154
55 221 156
55 221 157
55 221 158
55 221 159
55 222 144
55 222 145
55 222 146
55 222 147
55 222 148
55 222 149
55 222 150
55 222 151
55 222 152
55 222 153
55 222 154
55 222 155
55 222 156
55 222 157
55 222 158
55 222 159
55 223 144
55 223 145
55 223 146
55 223 147
55 223 148
55 223 149
55 223 150
55 223 151
55 223 152
55 223 153
55 223 154
55 223 156
55 223 157
55 223 158
55 223 159
55 224 144
55 224 145
55 224 146
55 224 147
55 224 148
55 224 149
55 224 150
55 224 151
55 224 152
55 224 153
55 224 154
55 224 155
55 224 156
55 224 157
55 224 158
55 224 159
56 214 144
56 214 145
56 214 146
56 215 144
56 215 145
56 215 146
56 215 147
56 216 144
56 216 145
56 216 146
56 217 144
56 217 145
56 217 146
56 217 147
56 218 144
56 218 145
56 218 146
56 218 147
56 218 148
56 218 149
56 218 150
56 219 144
56 219 145
56 219 146
56 219 147
56 219 148
56 219 149
56 219 150
56 219 151
56 219 152
56 219 153
56 220 144
56 220 145
56 220 146
56 220 147
56 220 148
56 220 149
56 220 150
56 220 151
56 220 152
56 220 153
56 220 157
56 221 144
56 221 145
56 221 146
56 221 147
56 221 148
56 221 149
56 221 150
56 221 151
56 221 152
56 221 153
56 221 155
56 221 156
56 221 157
56 221 159
56 222 144
56 222 145
56 222 146
56 222 147
56 222 148
56 222 149
56 222 150
56 222 151
56 222 152
56 222 153
56 222 154
56 222 155
56 222 156
56 222 157
56 222 158
56 222 159
56 223 144
56 223 145
56 223 146
56 223 147
56 223 148
56 223 149
56 223 150
56 223 151
56 223 152
56 223 153
56 223 154
56 223 155
56 223 156
56 223 157
56 223 158
56 223 159
56 224 144
56 224 145
56 224 146
56 224 147
56 224 148
56 224 149
56 224 150
56 224 151
56 224 152
56 224 153
56 224 154
56 224 155
56 224 156
56 224 157
56 224 158
56 224 159
57 216 145
57 216 146
57 216 148
57 217 144
57 217 145
57 217 147
57 217 148
57 218 144
57 218 145
57 218 146
57 218 147
57 218 148
57 218 149
57 219 144
57 219 145
57 219 146
57 219 147
57 219 148
57 219 149
57 219 150
57 220 144
57 220 145
57 220 146
57 220 147
57 220 148
57 220 149
57 220 150
57 220 151
57 220 152
57 220 156
57 221 144
57 221 145
57 221 146
57 221 147
57 221 148
57 221 149
57 221 150
57 221 151
57 221 152
57 221 156
57 221 157
57 221 159
57 222 144
57 222 145
57 222 146
57 222 147
57 222 148
57 222 149
57 222 150
57 222 151
57 222 152
57 222 153
57 222 154
57 222 156
57 222 157
57 222 158
57 222 159
57 223 144
57 223 145
57 223 146
57 223 147
57 223 148
57 223 149
57 223 150
57 223 151
57 223 152
57 223 153
57 223 154
57 223 155
57 223 156
57 223 157
57 223 158
57 223 159
57 224 144
57 224 145
57 224 146
57 224 147
57 224 148
57 224 149
57 224 150
57 224 151
57 224 152
57 224 155
57 224 156
57 224 157
57 224 158
57 224 159
58 215 148
58 216 145
58 216 146
58 216 148
58 217 144
58 217 145
58 217 148
58 217 149
58 218 144
58 218 145
58 218 146
58 218 147
58 218 148
58 218 149
58 218 150
58 218 159
58 219 145
58 219 146
58 219 147
58 219 148
58 219 149
58 219 150
58 219 159
58 220 144
58 220 145
58 220 146
58 220 147
58 220 148
58 220 149
58 220 150
58 220 151
58 221 144
58 221 145
58 221 146
58 221 147
58 221 148
58 221 149
58 221 150
58 221 151
58 221 152
58 221 153
58 221 157
58 221 159
58 222 144
58 222 145
58 222 146
58 222 147
58 222 148
58 222 149
58 222 150
58 222 151
58 222 152
58 222 153
58 222 154
58 222 155
58 222 156
58 222 157
58 222 158
58 222 159
58 223 144
58 223 145
58 223 146
58 223 147
58 223 148
58 223 149
58 223 150
58 223 152
58 223 153
58 223 154
58 223 155
58 223 156
58 223 157
58 223 158
58 223 159
58 224 144
58 224 145
58 224 146
58 224 147
58 224 148
58 224 149
58 224 150
58 224 152
58 224 153
58 224 154
58 224 155
58 224 156
58 224 157
58 224 158
58 224 159
59 216 148
59 217 145
59 217 148
59 217 150
59 217 151
59 218 146
59 218 147
59 218 148
59 218 149
59 218 150
59 218 151
59 219 146
59 219 147
59 219 148
59 219 149
59 219 150
59 220 144
59 220 145
59 220 146
59 220 147
59 220 148
59 220 149
59 220 150
59 220 151
59 220 153
59 220 154
59 220 157
59 220 158
59 220 159
59 221 144
59 221 145
59 221 146
59 221 147
59 221 148
59 221 149
59 221 150
59 221 151
59 221 154
59 221 156
59 221 157
59 221 159
59 222 144
59 222 145
59 222 146
59 222 147
59 222 148
59 222 149
59 222 150
59 222 151
59 222 152
59 222 153
59 222 154
59 222 155
59 222 156
59 222 157
59 222 158
59 222 159
59 223 144
59 223 145
59 223 146
59 223 147
59 223 148
59 223 149
59 223 150
59 223 151
59 223 152
59 223 153
59 223 154
59 223 155
59 223 156
59 223 157
59 223 158
59 223 159
59 224 144
59 224 145
59 224 146
59 224 147
59 224 148
59 224 149
59 224 150
59 224 151
59 224 152
59 224 153
59 224 155
59 224 156
59 224 157
59 224 158
59 224 159
60 216 149
60 216 150
60 217 146
60 217 147
60 217 149
60 217 150
60 218 145
60 218 146
60 218 147
60 218 148
60 218 149
60 218 150
60 218 151
60 218 157
60 219 145
60 219 146
60 219 147
60 219 148
60 219 149
60 219 150
60 219 151
60 219 152
60 219 153
60 219 157
60 220 144
60 220 145
60 220 146
60 220 147
60 220 148
60 220 149
60 220 150
60 220 152
60 220 153
60 220 154
60 220 155
60 220 157
60 221 144
60 221 145
60 221 146
60 221 147
60 221 148
60 221 149
60 221 150
60 221 151
60 221 152
60 221 153
60 221 154
60 221 155
60 221 157
60 222 144
60 222 145
60 222 146
60 222 147
60 222 148
60 222 149
60 222 150
60 222 151
60 222 152
60 222 153
60 222 154
60 222 155
60 222 156
60 222 157
60 222 158
60 222 159
60 223 144
60 223 145
60 223 146
60 223 147
60 223 148
60 223 149
60 223 150
60 223 151
60 223 152
60 223 153
60 223 154
60 223 155
60 223 156
60 223 157
60 223 158
60 223 159
60 224 144
60 224 145
60 224 146
60 224 147
60 224 148
60 224 149
60 224 150
60 224 151
60 224 152
60 224 153
60 224 154
60 224 155
60 224 156
60 224 157
60 224 158
60 224 159
61 216 148
61 216 151
61 217 146
61 217 147
61 217 148
61 217 149
61 217 150
61 217 151
61 217 152
61 218 145
61 218 146
61 218 147
61 218 148
61 218 149
61 218 150
61 218 152
61 218 153
61 219 144
61 219 145
61 219 146
61 219 147
61 219 148
61 219 149
61 219 150
61 219 152
61 219 153
61 219 156
61 219 157
61 219 158
61 220 144
61 220 145
61 220 146
61 220 147
61 220 149
61 220 150
61 220 151
61 220 152
61 220 153
61 220 154
61 220 155
61 220 156
61 220 157
61 220 158
61 221 144
61 221 145
61 221 146
61 221 147
61 221 148
61 221 149
61 221 150
61 221 151
61 221 152
61 221 153
61 221 154
61 221 155
61 221 156
61 221 157
61 221 158
61 221 159
61 222 144
61 222 145
61 222 146
61 222 147
61 222 148
61 222 149
61 222 150
61 222 151
61 222 152
61 222 153
61 222 154
61 222 155
61 222 156
61 222 157
61 222 158
61 222 159
61 223 144
61 223 145
61 223 146
61 223 147
61 223 148
61 223 149
61 223 150
61 223 151
61 223 152
61 223 153
61 223 154
61 223 155
61 223 156
61 223 157
61 223 158
61 223 159
61 224 144
61 224 145
61 224 146
61 224 147
61 224 148
61 224 149
61 224 150
61 224 151
61 224 152
61 224 153
61 224 154
61 224 155
61 224 156
61 224 157
61 224 158
61 224 159
62 216 148
62 216 151
62 216 152
62 217 144
62 217 145
62 217 147
62 217 148
62 217 149
62 217 150
62 217 151
62 217 152
62 218 144
62 218 145
62 218 146
62 218 148
62 218 150
62 218 151
62 218 152
62 218 153
62 219 144
62 219 145
62 219 146
62 219 147
62 219 148
62 219 149
62 219 150
62 219 151
62 219 152
62 219 153
62 219 155
62 220 144
62 220 145
62 220 146
62 220 147
62 220 148
62 220 149
62 220 150
62 220 151
62 220 152
62 220 155
62 220 157
62 221 144
62 221 145
62 221 146
62 221 147
62 221 148
62 221 149
62 221 150
62 221 151
62 221 152
62 221 153
62 221 154
62 221 155
62 221 156
62 221 157
62 221 158
62 222 144
62 222 145
62 222 146
62 222 147
62 222 148
62 222 149
62 222 150
62 222 151
62 222 152
62 222 153
62 222 154
62 222 155
62 222 156
62 222 157
62 222 158
62 222 159
62 223 144
62 223 145
62 223 146
62 223 147
62 223 148
62 223 149
62 223 150
62 223 151
62 223 152
62 223 153
62 223 154
62 223 155
62 223 156
62 223 157
62 223 158
62 223 159
62 224 144
62 224 145
62 224 146
62 224 147
62 224 148
62 224 149
62 224 150
62 224 151
62 224 152
62 224 153
62 224 154
62 224 155
62 224 156
62 224 157
62 224 158
62 224 159
63 216 150
63 217 149
63 217 150
63 217 151
63 217 152
63 218 145
63 218 146
63 218 147
63 218 148
63 218 149
63 218 150
63 218 151
63 218 152
63 219 144
63 219 145
63 219 146
63 219 147
63 219 148
63 219 149
63 219 150
63 219 151
63 219 153
63 220 144
63 220 145
63 220 146
63 220 147
63 220 148
63 220 149
63 220 150
63 220 151
63 220 152
63 220 153
63 220 154
63 220 155
63 220 156
63 220 157
63 221 144
63 221 145
63 221 146
63 221 147
63 221 148
63 221 149
63 221 150
63 221 151
63 221 153
63 221 154
63 221 156
63 221 157
63 221 158
63 221 159
63 222 144
63 222 145
63 222 146
63 222 147
63 222 148
63 222 149
63 222 150
63 222 151
63 222 152
63 222 153
63 222 155
63 222 156
63 222 157
63 222 159
63 223 144
63 223 145
63 223 146
63 223 147
63 223 148
63 223 149
63 223 150
63 223 151
63 223 152
63 223 153
63 223 154
63 223 155
63 223 156
63 223 157
63 223 158
63 223 159
63 224 144
63 224 145
63 224 146
63 224 147
63 224 148
63 224 149
63 224 150
63 224 151
63 224 152
63 224 153
63 224 154
63 224 155
63 224 156
63 224 157
63 224 158
63 224 159
48 225 146
48 225 148
48 225 149
48 225 150
48 225 151
48 225 152
48 225 153
48 225 154
48 225 155
48 225 156
48 225 157
48 225 158
48 225 159
48 226 148
48 226 149
48 226 151
48 226 152
48 226 153
48 226 154
48 226 155
48 226 156
48 226 157
48 226 158
48 226 159
48 227 149
48 227 150
48 227 151
48 227 152
48 227 153
48 227 154
48 227 155
48 227 156
48 227 157
48 227 158
48 227 159
48 228 152
48 228 153
48 228 154
48 228 155
48 228 156
48 228 157
48 228 158
48 228 159
48 229 151
48 229 152
48 229 153
48 229 154
48 229 155
48 229 156
48 229 157
48 229 158
48 229 159
48 230 150
48 230 151
48 230 152
48 230 153
48 230 154
48 230 155
48 230 156
48 230 157
48 230 159
48 231 153
48 231 154
48 231 155
48 231 156
48 231 157
48 231 158
48 231 159
48 232 154
48 232 155
48 232 156
48 232 157
48 232 158
48 232 159
48 233 154
48 233 155
48 233 156
48 233 157
48 233 158
48 233 159
49 225 145
49 225 146
49 225 147
49 225 148
49 225 149
49 225 150
49 225 151
49 225 152
49 225 153
49 225 154
49 225 155
49 225 156
49 225 157
49 225 158
49 225 159
49 226 148
49 226 149
49 226 150
49 226 151
49 226 153
49 226 154
49 226 155
49 226 156
49 226 157
49 226 158
49 226 159
49 227 149
49 227 152
49 227 153
49 227 154
49 227 155
49 227 156
49 227 157
49 227 158
49 227 159
49 228 151
49 228 152
49 228 153
49 228 154
49 228 155
49 228 156
49 228 157
49 228 158
49 228 159
49 229 154
49 229 155
49 229 156
49 229 157
49 229 158
49 229 159
49 230 152
49 230 153
49 230 154
49 230 155
49 230 156
49 230 157
49 230 158
49 230 159
49 231 152
49 231 153
49 231 154
49 231 155
49 231 156
49 231 157
49 231 158
49 231 159
49 232 153
49 232 154
49 232 155
49 232 156
49 232 157
49 233 155
49 233 156
49 233 157
50 225 145
50 225 146
50 225 147
50 225 148
50 225 149
50 225 150
50 225 151
50 225 152
50 225 153
50 225 154
50 225 155
50 225 156
50 225 157
50 225 158
50 225 159
50 226 146
50 226 149
50 226 150
50 226 151
50 226 152
50 226 153
50 226 154
50 226 155
50 226 156
50 226 157
50 226 158
50 226 159
50 227 149
50 227 151
50 227 152
50 227 153
50 227 154
50 227 155
50 227 156
50 227 157
50 227 158
50 227 159
50 228 151
50 228 152
50 228 153
50 228 154
50 228 155
50 228 156
50 228 157
50 228 158
50 228 159
50 229 153
50 229 154
50 229 155
50 229 156
50 229 157
50 229 159
50 230 152
50 230 153
50 230 154
50 230 155
50 230 156
50 230 157
50 230 158
50 230 159
50 231 152
50 231 153
50 231 155
50 231 156
50 231 157
50 231 159
50 232 155
50 232 156
50 232 157
50 233 156
51 225 145
51 225 146
51 225 147
51 225 148
51 225 149
51 225 150
51 225 151
51 225 152
51 225 153
51 225 154
51 225 155
51 225 156
51 225 157
51 225 158
51 225 159
51 226 147
51 226 148
51 226 149
51 226 150
51 226 151
51 226 152
51 226 153
51 226 154
51 226 155
51 226 156
51 226 157
51 226 158
51 226 159
51 227 152
51 227 153
51 227 154
51 227 155
51 227 156
51 227 157
51 227 158
51 227 159
51 228 152
51 228 154
51 228 155
51 228 156
51 228 157
51 228 158
51 228 159
51 229 152
51 229 153
51 229 154
51 229 155
51 229 156
51 229 157
51 229 158
51 229 159
51 230 153
51 230 154
51 230 155
51 230 156
51 230 157
51 230 158
51 230 159
51 231 153
51 231 154
51 231 155
51 231 156
51 231 157
51 232 156
52 225 144
52 225 145
52 225 146
52 225 147
52 225 148
52 225 150
52 225 151
52 225 152
52 225 153
52 225 154
52 225 155
52 225 156
52 225 157
52 225 158
52 225 159
52 226 145
52 226 146
52 226 147
52 226 149
52 226 152
52 226 153
52 226 154
52 226 155
52 226 156
52 226 157
52 226 158
52 226 159
52 227 146
52 227 150
52 227 151
52 227 152
52 227 153
52 227 155
52 227 156
52 227 157
52 227 158
52 227 159
52 228 150
52 228 151
52 228 152
52 228 154
52 228 155
52 228 156
52 228 157
52 228 158
52 228 159
52 229 151
52 229 152
52 229 154
52 229 155
52 229 156
52 229 158
52 229 159
52 230 153
52 230 154
52 230 156
52 230 159
52 231 154
52 231 156
53 225 145
53 225 146
53 225 147
53 225 149
53 225 150
53 225 151
53 225 152
53 225 153
53 225 154
53 225 155
53 225 156
53 225 157
53 225 158
53 225 159
53 226 145
53 226 146
53 226 147
53 226 149
53 226 151
53 226 152
53 226 153
53 226 154
53 226 155
53 226 156
53 226 157
53 226 158
53 226 159
53 227 145
53 227 146
53 227 147
53 227 150
53 227 152
53 227 153
53 227 154
53 227 155
53 227 156
53 227 157
53 227 158
53 227 159
53 228 152
53 228 153
53 228 154
53 228 155
53 228 156
53 228 158
53 228 159
53 229 152
53 229 155
53 229 156
53 229 158
53 229 159
53 230 158
54 225 144
54 225 145
54 225 146
54 225 147
54 225 148
54 225 149
54 225 151
54 225 152
54 225 153
54 225 154
54 225 155
54 225 156
54 225 157
54 225 158
54 225 159
54 226 144
54 226 145
54 226 146
54 226 147
54 226 148
54 226 149
54 226 150
54 226 151
54 226 152
54 226 153
54 226 154
54 226 155
54 226 156
54 226 157
54 226 158
54 226 159
54 227 144
54 227 145
54 227 146
54 227 148
54 227 151
54 227 152
54 227 153
54 227 154
54 227 156
54 227 157
54 227 158
54 227 159
54 228 146
54 228 152
54 228 153
54 228 155
54 228 156
54 228 157
54 228 158
54 228 159
54 229 145
54 229 146
54 229 147
54 229 156
54 229 157
54 229 158
54 229 159
54 230 146
54 230 158
55 225 144
55 225 147
55 225 148
55 225 149
55 225 151
55 225 152
55 225 153
55 225 154
55 225 155
55 225 156
55 225 157
55 225 158
55 225 159
55 226 146
55 226 147
55 226 148
55 226 149
55 226 150
55 226 151
55 226 152
55 226 153
55 226 154
55 226 155
55 226 156
55 226 157
55 226 158
55 226 159
55 227 144
55 227 145
55 227 146
55 227 149
55 227 150
55 227 151
55 227 152
55 227 153
55 227 154
55 227 155
55 227 156
55 227 157
55 227 158
55 227 159
55 228 144
55 228 146
55 228 152
55 228 153
55 228 154
55 228 155
55 228 156
55 228 157
55 228 158
55 228 159
55 229 145
55 229 146
55 229 147
55 229 152
55 229 157
55 229 158
55 229 159
55 230 146
55 230 157
56 225 144
56 225 145
56 225 146
56 225 147
56 225 148
56 225 149
56 225 150
56 225 152
56 225 153
56 225 154
56 225 155
56 225 156
56 225 157
56 225 158
56 225 159
56 226 144
56 226 145
56 226 146
56 226 147
56 226 148
56 226 149
56 226 152
56 226 153
56 226 154
56 226 155
56 226 156
56 226 157
56 226 158
56 226 159
56 227 144
56 227 145
56 227 146
56 227 147
56 227 149
56 227 151
56 227 152
56 227 153
56 227 154
56 227 155
56 227 156
56 227 157
56 227 158
56 228 144
56 228 145
56 228 146
56 228 147
56 228 152
56 228 154
56 228 157
56 228 158
56 228 159
56 229 144
56 229 145
56 229 146
56 229 147
56 229 148
56 229 157
56 230 146
56 230 147
57 225 144
57 225 145
57 225 146
57 225 147
57 225 148
57 225 149
57 225 150
57 225 152
57 225 153
57 225 154
57 225 155
57 225 156
57 225 157
57 225 158
57 225 159
57 226 144
57 226 145
57 226 146
57 226 147
57 226 148
57 226 150
57 226 153
57 226 154
57 226 155
57 226 156
57 226 157
57 226 158
57 226 159
57 227 144
57 227 145
57 227 146
57 227 147
57 227 148
57 227 149
57 227 153
57 227 154
57 227 155
57 227 156
57 227 157
57 227 158
57 227 159
57 228 144
57 228 145
57 228 146
57 228 147
57 228 148
57 228 149
57 228 150
57 228 154
57 228 155
57 228 156
57 228 158
57 229 144
57 229 145
57 229 146
57 229 147
57 229 148
57 229 159
57 230 145
57 230 146
57 230 148
57 231 146
58 225 144
58 225 145
58 225 146
58 225 147
58 225 148
58 225 149
58 225 150
58 225 151
58 225 153
58 225 154
58 225 155
58 225 156
58 225 157
58 225 158
58 225 159
58 226 144
58 226 145
58 226 146
58 226 147
58 226 148
58 226 149
58 226 150
58 226 151
58 226 153
58 226 154
58 226 155
58 226 156
58 226 157
58 226 158
58 226 159
58 227 144
58 227 145
58 227 146
58 227 147
58 227 148
58 227 149
58 227 153
58 227 155
58 227 156
58 227 157
58 227 158
58 227 159
58 228 144
58 228 145
58 228 146
58 228 147
58 228 148
58 228 150
58 228 151
58 228 154
58 228 155
58 228 156
58 228 158
58 228 159
58 229 144
58 229 145
58 229 146
58 229 147
58 229 148
58 229 149
58 229 154
58 229 155
58 229 156
58 229 157
58 229 158
58 229 159
58 230 146
58 230 147
58 230 148
58 230 157
58 230 159
58 231 146
58 231 147
58 231 148
58 232 147
58 232 148
58 233 147
59 225 144
59 225 145
59 225 146
59 225 147
59 225 148
59 225 149
59 225 151
59 225 152
59 225 153
59 225 154
59 225 155
59 225 156
59 225 157
59 225 158
59 225 159
59 226 144
59 226 145
59 226 146
59 226 147
59 226 148
59 226 149
59 226 150
59 226 151
59 226 152
59 226 153
59 226 154
59 226 155
59 226 156
59 226 157
59 226 158
59 226 159
59 227 144
59 227 145
59 227 146
59 227 147
59 227 148
59 227 149
59 227 150
59 227 151
59 227 153
59 227 154
59 227 155
59 227 157
59 227 158
59 227 159
59 228 144
59 228 145
59 228 146
59 228 147
59 228 148
59 228 149
59 228 150
59 228 154
59 228 156
59 228 157
59 228 159
59 229 144
59 229 145
59 229 146
59 229 147
59 229 148
59 229 149
59 229 156
59 229 157
59 229 158
59 229 159
59 230 145
59 230 146
59 230 147
59 230 148
59 230 149
59 230 157
59 230 159
59 231 145
59 231 147
59 231 157
59 232 147
60 225 144
60 225 145
60 225 146
60 225 147
60 225 148
60 225 149
60 225 150
60 225 151
60 225 152
60 225 153
60 225 154
60 225 155
60 225 156
60 225 157
60 225 158
60 225 159
60 226 144
60 226 145
60 226 146
60 226 147
60 226 148
60 226 149
60 226 150
60 226 151
60 226 152
60 226 153
60 226 154
60 226 155
60 226 156
60 226 157
60 226 158
60 226 159
60 227 144
60 227 145
60 227 146
60 227 147
60 227 148
60 227 149
60 227 150
60 227 151
60 227 152
60 227 153
60 227 154
60 227 155
60 227 156
60 227 157
60 227 158
60 227 159
60 228 144
60 228 145
60 228 146
60 228 147
60 228 148
60 228 149
60 228 150
60 228 153
60 228 154
60 228 155
60 228 156
60 228 157
60 228 158
60 228 159
60 229 144
60 229 145
60 229 146
60 229 147
60 229 148
60 229 149
60 229 150
60 229 151
60 229 152
60 229 153
60 229 154
60 229 155
60 229 157
60 229 158
60 229 159
60 230 144
60 230 145
60 230 146
60 230 147
60 230 148
60 230 149
60 230 155
60 230 156
60 230 157
60 230 158
60 230 159
60 231 145
60 231 146
60 231 147
60 231 148
60 231 149
60 231 156
60 231 157
60 232 146
60 232 147
60 232 148
61 225 144
61 225 145
61 225 146
61 225 147
61 225 148
61 225 149
61 225 150
61 225 151
61 225 152
61 225 153
61 225 154
61 225 155
61 225 156
61 225 157
61 225 158
61 225 159
61 226 144
61 226 145
61 226 146
61 226 147
61 226 148
61 226 149
61 226 150
61 226 151
61 226 152
61 226 153
61 226 154
61 226 155
61 226 156
61 226 157
61 226 158
61 226 159
61 227 144
61 227 145
61 227 146
61 227 147
61 227 148
61 227 149
61 227 150
61 227 151
61 227 152
61 227 153
61 227 154
61 227 155
61 227 156
61 227 157
61 227 158
61 227 159
61 228 144
61 228 145
61 228 146
61 228 147
61 228 148
61 228 149
61 228 150
61 228 152
61 228 153
61 228 154
61 228 155
61 228 156
61 228 157
61 228 158
61 228 159
61 229 144
61 229 145
61 229 146
61 229 147
61 229 148
61 229 149
61 229 150
61 229 154
61 229 155
61 229 157
61 229 158
61 229 159
61 230 145
61 230 146
61 230 147
61 230 149
61 230 153
61 230 154
61 230 155
61 230 157
61 230 158
61 230 159
61 231 145
61 231 146
61 231 147
61 231 148
61 231 155
61 231 156
61 231 157
61 231 158
61 231 159
61 232 145
61 232 147
61 232 155
61 232 157
61 233 147
62 225 144
62 225 145
62 225 146
62 225 147
62 225 148
62 225 149
62 225 150
62 225 151
62 225 152
62 225 153
62 225 154
62 225 155
62 225 156
62 225 157
62 225 158
62 225 159
62 226 144
62 226 145
62 226 146
62 226 147
62 226 148
62 226 149
62 226 150
62 226 151
62 226 152
62 226 153
62 226 154
62 226 155
62 226 156
62 226 157
62 226 158
62 226 159
62 227 145
62 227 146
62 227 147
62 227 148
62 227 149
62 227 150
62 227 151
62 227 152
62 227 153
62 227 154
62 227 155
62 227 156
62 227 157
62 227 158
62 227 159
62 228 144
62 228 145
62 228 146
62 228 147
62 228 148
62 228 149
62 228 150
62 228 151
62 228 152
62 228 153
62 228 154
62 228 155
62 228 156
62 228 157
62 228 158
62 228 159
62 229 144
62 229 145
62 229 146
62 229 147
62 229 148
62 229 149
62 229 150
62 229 153
62 229 154
62 229 155
62 229 156
62 229 157
62 229 158
62 229 159
62 230 144
62 230 145
62 230 146
62 230 147
62 230 148
62 230 149
62 230 152
62 230 155
62 230 156
62 230 157
62 230 158
62 230 159
62 231 145
62 231 146
62 231 147
62 231 148
62 231 155
62 232 146
62 232 147
62 234 148
63 225 144
63 225 145
63 225 146
63 225 147
63 225 148
63 225 149
63 225 150
63 225 151
63 225 152
63 225 153
63 225 154
63 225 155
63 225 156
63 225 157
63 225 158
63 225 159
63 226 144
63 226 145
63 226 146
63 226 147
63 226 148
63 226 149
63 226 150
63 226 151
63 226 152
63 226 153
63 226 154
63 226 155
63 226 156
63 226 157
63 226 158
63 226 159
63 227 144
63 227 145
63 227 146
63 227 147
63 227 148
63 227 149
63 227 150
63 227 151
63 227 152
63 227 153
63 227 154
63 227 155
63 227 156
63 227 157
63 227 158
63 227 159
63 228 144
63 228 145
63 228 146
63 228 147
63 228 149
63 228 150
63 228 151
63 228 152
63 228 153
63 228 154
63 228 155
63 228 156
63 228 157
63 228 158
63 228 159
63 229 144
63 229 145
63 229 146
63 229 147
63 229 148
63 229 149
63 229 150
63 229 152
63 229 153
63 229 154
63 229 155
63 229 156
63 229 157
63 229 158
63 229 159
63 230 144
63 230 145
63 230 146
63 230 147
63 230 148
63 230 149
63 230 150
63 230 152
63 230 154
63 230 155
63 230 156
63 230 158
63 230 159
63 231 145
63 231 146
63 231 147
63 231 148
63 231 149
63 231 150
63 231 152
63 231 156
63 232 146
63 232 148
63 232 149
63 232 150
63 233 144
63 233 145
63 233 146
63 233 148
63 234 146
63 234 148
63 234 149
63 235 146
63 235 147

