alfheim:altLeaves
6
-198 224 81
-197 224 81
-196 224 80
-195 223 80
-195 223 82
-195 224 80
-195 224 81
-194 222 81
-194 222 82
-194 223 80
-194 223 81
-194 223 82
-194 223 83
-194 224 80
-194 224 81
-194 224 82
-194 224 83
-193 220 81
-193 221 80
-193 221 81
-193 222 80
-193 222 81
-193 222 83
-193 223 80
-193 223 81
-193 223 82
-193 223 83
-193 223 84
-193 224 80
-193 224 81
-193 224 82
-193 224 83
-193 224 84
-206 233 81
-205 231 80
-205 232 80
-205 232 81
-205 233 81
-205 234 81
-205 235 80
-204 232 80
-204 232 81
-204 233 80
-204 233 81
-204 233 82
-204 234 80
-204 234 81
-204 235 80
-204 236 80
-204 236 81
-203 229 82
-203 229 83
-203 230 81
-203 231 80
-203 231 81
-203 231 82
-203 231 83
-203 232 80
-203 232 81
-203 232 82
-203 232 83
-203 233 80
-203 233 81
-203 233 82
-203 233 83
-203 233 84
-203 234 80
-203 234 81
-203 234 82
-203 235 80
-203 235 81
-203 236 81
-203 236 82
-202 229 82
-202 229 83
-202 229 84
-202 230 81
-202 230 82
-202 230 83
-202 230 84
-202 231 80
-202 231 81
-202 231 82
-202 231 83
-202 232 80
-202 232 81
-202 232 82
-202 232 83
-202 233 80
-202 233 81
-202 233 82
-202 233 83
-202 234 80
-202 234 81
-202 234 82
-202 234 83
-202 235 80
-202 235 81
-202 235 82
-202 235 83
-202 235 84
-202 236 80
-202 236 81
-202 236 82
-202 236 83
-202 237 80
-202 238 81
-201 228 80
-201 229 80
-201 229 81
-201 229 82
-201 229 83
-201 229 84
-201 230 80
-201 230 81
-201 230 82
-201 230 83
-201 230 84
-201 231 80
-201 231 81
-201 231 82
-201 231 83
-201 231 84
-201 232 80
-201 232 81
-201 232 82
-201 232 83
-201 232 84
-201 232 86
-201 233 80
-201 233 81
-201 233 82
-201 233 83
-201 234 80
-201 234 81
-201 234 82
-201 234 83
-201 234 84
-201 235 80
-201 235 81
-201 235 82
-201 235 83
-201 235 84
-201 236 80
-201 236 81
-201 236 82
-201 236 83
-201 236 84
-201 237 80
-201 238 81
-201 238 82
-200 227 83
-200 227 84
-200 228 80
-200 228 81
-200 228 82
-200 228 83
-200 228 85
-200 229 80
-200 229 82
-200 229 83
-200 229 84
-200 229 85
-200 229 86
-200 230 80
-200 230 81
-200 230 82
-200 230 83
-200 230 84
-200 230 85
-200 231 80
-200 231 81
-200 231 82
-200 231 83
-200 231 84
-200 231 85
-200 231 87
-200 232 80
-200 232 81
-200 232 82
-200 232 83
-200 232 84
-200 232 85
-200 232 86
-200 232 87
-200 232 88
-200 233 80
-200 233 81
-200 233 82
-200 233 83
-200 233 84
-200 234 80
-200 234 81
-200 234 82
-200 234 83
-200 234 84
-200 234 85
-200 235 80
-200 235 81
-200 235 82
-200 235 83
-200 235 84
-200 236 80
-200 236 81
-200 236 82
-200 236 83
-200 236 84
-200 237 80
-200 237 81
-200 237 82
-200 237 83
-200 237 84
-200 238 80
-200 238 81
-200 238 82
-200 238 83
-200 239 81
-200 239 82
-200 240 80
-199 226 81
-199 226 83
-199 227 80
-199 227 81
-199 227 82
-199 227 83
-199 227 84
-199 228 80
-199 228 81
-199 228 82
-199 228 83
-199 228 84
-199 228 85
-199 228 86
-199 229 80
-199 229 81
-199 229 82
-199 229 83
-199 229 84
-199 230 80
-199 230 81
-199 230 82
-199 230 83
-199 230 84
-199 230 85
-199 230 87
-199 231 80
-199 231 81
-199 231 82
-199 231 83
-199 231 84
-199 231 87
-199 231 88
-199 232 80
-199 232 81
-199 232 82
-199 232 83
-199 232 84
-199 232 85
-199 232 86
-199 232 87
-199 232 88
-199 232 89
-199 233 80
-199 233 81
-199 233 82
-199 233 83
-199 233 84
-199 233 85
-199 234 80
-199 234 81
-199 234 82
-199 234 83
-199 234 84
-199 234 85
-199 234 86
-199 234 87
-199 234 88
-199 235 80
-199 235 81
-199 235 82
-199 235 83
-199 235 84
-199 235 86
-199 235 87
-199 236 80
-199 236 81
-199 236 82
-199 236 83
-199 236 84
-199 237 80
-199 237 81
-199 237 82
-199 238 80
-199 238 81
-199 238 82
-199 238 83
-199 239 80
-199 239 81
-199 240 80
-199 241 80
-198 225 80
-198 225 81
-198 225 83
-198 225 84
-198 226 80
-198 226 81
-198 226 82
-198 226 83
-198 226 84
-198 227 80
-198 227 81
-198 227 82
-198 227 83
-198 227 84
-198 227 85
-198 228 80
-198 228 81
-198 228 82
-198 228 83
-198 228 84
-198 228 85
-198 228 86
-198 229 80
-198 229 81
-198 229 82
-198 229 83
-198 229 84
-198 229 85
-198 229 86
-198 230 80
-198 230 81
-198 230 82
-198 230 83
-198 230 84
-198 230 85
-198 230 86
-198 230 87
-198 231 80
-198 231 81
-198 231 82
-198 231 83
-198 231 84
-198 231 85
-198 231 86
-198 231 87
-198 231 88
-198 231 89
-198 232 80
-198 232 81
-198 232 82
-198 232 83
-198 232 84
-198 232 85
-198 232 86
-198 232 87
-198 232 88
-198 233 80
-198 233 81
-198 233 82
-198 233 83
-198 233 84
-198 233 85
-198 233 86
-198 233 87
-198 234 80
-198 234 81
-198 234 82
-198 234 83
-198 234 84
-198 234 85
-198 234 86
-198 234 87
-198 235 80
-198 235 81
-198 235 82
-198 235 83
-198 235 84
-198 235 85
-198 235 86
-198 236 80
-198 236 81
-198 236 82
-198 236 83
-198 236 84
-198 237 80
-198 237 81
-198 237 82
-198 237 83
-198 237 84
-198 238 80
-198 238 81
-198 238 82
-198 239 80
-198 239 81
-198 239 82
-198 240 80
-198 240 81
-197 225 80
-197 225 81
-197 225 82
-197 226 80
-197 226 81
-197 226 82
-197 226 84
-197 226 85
-197 227 81
-197 227 82
-197 227 84
-197 227 85
-197 228 80
-197 228 81
-197 228 82
-197 228 83
-197 228 84
-197 228 85
-197 228 86
-197 229 80
-197 229 81
-197 229 82
-197 229 83
-197 229 84
-197 229 85
-197 229 86
-197 229 87
-197 230 80
-197 230 81
-197 230 82
-197 230 83
-197 230 84
-197 230 85
-197 230 87
-197 231 80
-197 231 81
-197 231 82
-197 231 83
-197 231 84
-197 231 85
-197 231 86
-197 231 87
-197 231 88
-197 232 80
-197 232 81
-197 232 82
-197 232 83
-197 232 84
-197 232 85
-197 232 86
-197 232 87
-197 232 88
-197 232 89
-197 233 80
-197 233 81
-197 233 82
-197 233 83
-197 233 84
-197 233 85
-197 233 86
-197 233 87
-197 233 88
-197 233 89
-197 234 80
-197 234 81
-197 234 82
-197 234 83
-197 234 84
-197 234 85
-197 234 86
-197 234 87
-197 234 88
-197 235 80
-197 235 81
-197 235 82
-197 235 83
-197 235 84
-197 235 85
-197 235 86
-197 236 80
-197 236 81
-197 236 82
-197 236 83
-197 236 84
-197 236 85
-197 237 80
-197 237 81
-197 237 82
-197 237 83
-197 237 84
-197 238 80
-197 238 81
-197 238 82
-197 238 83
-197 238 84
-197 238 85
-197 239 81
-197 239 82
-197 240 80
-197 240 81
-196 225 80
-196 225 81
-196 225 82
-196 226 80
-196 226 81
-196 226 82
-196 227 80
-196 227 81
-196 227 82
-196 228 80
-196 228 81
-196 228 82
-196 228 83
-196 228 84
-196 228 85
-196 229 80
-196 229 81
-196 229 82
-196 229 83
-196 229 84
-196 229 86
-196 230 80
-196 230 81
-196 230 82
-196 230 83
-196 230 84
-196 230 85
-196 230 86
-196 230 88
-196 231 80
-196 231 81
-196 231 82
-196 231 83
-196 231 84
-196 231 85
-196 231 86
-196 231 87
-196 231 88
-196 232 80
-196 232 81
-196 232 82
-196 232 83
-196 232 84
-196 232 85
-196 232 86
-196 232 87
-196 232 88
-196 232 89
-196 233 80
-196 233 81
-196 233 82
-196 233 83
-196 233 84
-196 233 85
-196 233 86
-196 233 87
-196 233 88
-196 233 89
-196 234 80
-196 234 81
-196 234 82
-196 234 83
-196 234 84
-196 234 85
-196 235 80
-196 235 81
-196 235 82
-196 235 83
-196 235 84
-196 235 85
-196 236 80
-196 236 81
-196 236 82
-196 236 83
-196 236 84
-196 237 80
-196 237 81
-196 237 82
-196 237 83
-196 238 80
-196 238 81
-196 238 82
-196 238 83
-196 238 84
-196 239 80
-196 239 81
-196 240 80
-196 241 80
-195 225 80
-195 225 81
-195 225 82
-195 225 83
-195 226 80
-195 226 81
-195 226 82
-195 226 83
-195 227 80
-195 227 81
-195 227 82
-195 227 83
-195 227 84
-195 228 80
-195 228 81
-195 228 82
-195 228 83
-195 228 84
-195 228 85
-195 228 86
-195 229 80
-195 229 81
-195 229 82
-195 229 84
-195 229 85
-195 229 87
-195 230 80
-195 230 81
-195 230 82
-195 230 83
-195 230 84
-195 230 85
-195 230 86
-195 230 87
-195 230 88
-195 231 80
-195 231 81
-195 231 82
-195 231 83
-195 231 84
-195 231 85
-195 231 86
-195 231 87
-195 231 88
-195 231 89
-195 232 80
-195 232 81
-195 232 82
-195 232 83
-195 232 84
-195 232 85
-195 232 86
-195 232 87
-195 232 88
-195 232 89
-195 232 90
-195 233 80
-195 233 81
-195 233 82
-195 233 83
-195 233 84
-195 233 85
-195 233 86
-195 233 87
-195 233 88
-195 233 89
-195 234 80
-195 234 81
-195 234 82
-195 234 83
-195 234 84
-195 234 85
-195 234 86
-195 234 88
-195 235 80
-195 235 81
-195 235 82
-195 235 83
-195 235 84
-195 235 85
-195 235 86
-195 236 80
-195 236 81
-195 236 82
-195 236 83
-195 236 84
-195 236 85
-195 237 80
-195 237 81
-195 237 82
-195 237 83
-195 238 80
-195 238 81
-195 238 82
-195 238 83
-195 238 84
-195 239 80
-195 239 81
-195 239 82
-195 240 80
-195 240 81
-195 241 81
-195 242 80
-195 242 81
-194 225 81
-194 225 82
-194 225 83
-194 226 80
-194 226 81
-194 226 82
-194 227 80
-194 227 81
-194 227 82
-194 227 83
-194 228 80
-194 228 81
-194 228 82
-194 228 83
-194 228 84
-194 228 85
-194 228 88
-194 229 80
-194 229 81
-194 229 82
-194 229 83
-194 229 84
-194 229 85
-194 229 86
-194 229 87
-194 230 80
-194 230 81
-194 230 82
-194 230 83
-194 230 84
-194 230 85
-194 230 86
-194 230 87
-194 230 88
-194 231 80
-194 231 81
-194 231 82
-194 231 83
-194 231 84
-194 231 85
-194 231 86
-194 231 87
-194 231 88
-194 232 80
-194 232 81
-194 232 82
-194 232 83
-194 232 84
-194 232 85
-194 232 86
-194 232 87
-194 232 88
-194 232 89
-194 233 80
-194 233 81
-194 233 82
-194 233 83
-194 233 84
-194 233 85
-194 233 86
-194 233 88
-194 233 89
-194 233 90
-194 234 80
-194 234 81
-194 234 82
-194 234 83
-194 234 84
-194 234 85
-194 234 86
-194 234 87
-194 234 88
-194 234 89
-194 235 80
-194 235 81
-194 235 82
-194 235 83
-194 235 84
-194 235 85
-194 235 87
-194 236 80
-194 236 81
-194 236 82
-194 236 83
-194 236 84
-194 236 85
-194 237 80
-194 237 81
-194 237 82
-194 237 83
-194 237 84
-194 237 85
-194 238 80
-194 238 81
-194 238 82
-194 238 83
-194 238 84
-194 238 85
-194 239 80
-194 239 81
-194 239 82
-194 239 83
-194 240 80
-194 240 81
-194 240 82
-194 241 80
-194 241 81
-194 241 82
-194 241 83
-194 242 80
-194 242 81
-194 242 83
-194 243 81
-193 225 80
-193 225 81
-193 225 82
-193 225 83
-193 225 84
-193 226 80
-193 226 81
-193 226 82
-193 226 83
-193 226 84
-193 226 85
-193 226 87
-193 227 81
-193 227 82
-193 227 83
-193 227 84
-193 227 85
-193 227 86
-193 227 87
-193 228 80
-193 228 81
-193 228 82
-193 228 83
-193 228 84
-193 228 85
-193 228 86
-193 228 87
-193 228 88
-193 229 81
-193 229 82
-193 229 83
-193 229 84
-193 229 85
-193 229 86
-193 229 87
-193 229 88
-193 230 80
-193 230 81
-193 230 82
-193 230 83
-193 230 84
-193 230 85
-193 230 86
-193 230 87
-193 230 88
-193 230 89
-193 231 80
-193 231 81
-193 231 82
-193 231 83
-193 231 84
-193 231 85
-193 231 86
-193 231 87
-193 231 88
-193 231 89
-193 231 90
-193 232 80
-193 232 81
-193 232 82
-193 232 83
-193 232 84
-193 232 85
-193 232 86
-193 232 87
-193 232 88
-193 232 90
-193 232 92
-193 233 80
-193 233 81
-193 233 82
-193 233 83
-193 233 84
-193 233 85
-193 233 86
-193 233 87
-193 233 88
-193 233 89
-193 233 90
-193 233 91
-193 234 80
-193 234 81
-193 234 82
-193 234 83
-193 234 84
-193 234 85
-193 234 86
-193 234 87
-193 234 88
-193 234 89
-193 234 90
-193 235 80
-193 235 81
-193 235 82
-193 235 83
-193 235 84
-193 235 85
-193 235 86
-193 235 87
-193 235 88
-193 235 89
-193 235 90
-193 236 80
-193 236 81
-193 236 82
-193 236 83
-193 236 84
-193 236 85
-193 236 86
-193 236 88
-193 236 89
-193 237 80
-193 237 81
-193 237 82
-193 237 83
-193 237 84
-193 237 85
-193 237 86
-193 237 87
-193 238 80
-193 238 81
-193 238 82
-193 238 83
-193 238 84
-193 238 86
-193 239 80
-193 239 81
-193 239 82
-193 240 80
-193 240 81
-193 240 82
-193 240 83
-193 241 80
-193 241 81
-193 241 82
-193 241 83
-193 241 84
-193 242 80
-193 242 81
-193 242 82
-193 242 83
-193 243 80
-193 243 81
-193 244 81

