alfheim:altWood1
12
112 0 -34
112 0 -33
112 1 -33
113 0 -34
113 0 -33
113 1 -33
114 0 -33
112 220 -48
113 221 -48
114 219 -33
114 220 -33
114 221 -33
114 222 -33
114 223 -33
115 218 -33
115 219 -33
115 220 -33
115 221 -34
115 221 -33
115 222 -34
115 222 -33
115 223 -34
115 223 -33
115 224 -34
115 224 -33
116 218 -33
116 219 -33
116 220 -34
116 220 -33
116 221 -34
116 221 -33
116 222 -34
116 222 -33
116 223 -35
116 223 -34
116 223 -33
116 224 -35
116 224 -34
116 224 -33
117 218 -33
117 219 -34
117 219 -33
117 220 -34
117 220 -33
117 221 -34
117 221 -33
117 222 -35
117 222 -34
117 222 -33
117 223 -35
117 223 -34
117 223 -33
117 224 -35
117 224 -34
117 224 -33
118 218 -33
118 219 -33
118 220 -34
118 220 -33
118 221 -34
118 221 -33
118 222 -34
118 222 -33
118 223 -35
118 223 -34
118 223 -33
118 224 -36
118 224 -35
118 224 -34
119 220 -33
119 221 -33
119 222 -34
119 222 -33
119 223 -35
119 223 -34
119 223 -33
119 224 -36
119 224 -35
119 224 -34
119 224 -33
120 223 -33
120 224 -37
120 224 -36
120 224 -35
120 224 -34
120 224 -33
121 224 -37
121 224 -36
121 224 -35
115 225 -33
116 225 -35
116 225 -34
117 225 -36
117 225 -35
117 225 -33
118 225 -37
118 225 -36
118 225 -34
119 225 -37
119 225 -36
119 225 -35
119 226 -37
119 226 -36
119 227 -35
120 225 -38
120 225 -37
120 225 -36
120 225 -35
120 226 -38
120 226 -37
120 226 -35
120 227 -39
120 227 -38
121 225 -38
121 225 -37
121 225 -36
121 225 -35
121 226 -39
121 226 -37
121 226 -36
121 227 -36
122 225 -38
122 225 -36
122 225 -35
122 226 -39
122 226 -36
122 226 -35
122 227 -39
122 227 -35
122 228 -39
122 230 -39
123 226 -39
123 226 -38
123 227 -40
123 227 -38
123 228 -40
123 230 -39
124 227 -39
124 227 -38
124 227 -33
124 228 -40
124 228 -37
124 230 -41
124 230 -40
124 230 -38
124 233 -48
125 228 -40
125 228 -38
125 228 -33
125 229 -39
125 229 -33
125 231 -47
125 231 -46
125 232 -48
125 232 -47
125 233 -48
125 233 -46
125 234 -46
126 228 -39
126 228 -38
126 228 -37
126 229 -42
126 229 -41
126 229 -40
126 229 -38
126 230 -38
126 230 -33
126 231 -48
126 231 -47
126 231 -46
126 231 -45
126 231 -44
126 231 -43
126 231 -40
126 232 -48
126 232 -47
126 232 -46
126 232 -44
126 233 -48
126 233 -47
126 234 -48
126 234 -47
126 234 -45
126 235 -48
127 228 -38
127 229 -42
127 229 -41
127 229 -40
127 229 -38
127 229 -37
127 230 -42
127 230 -37
127 231 -47
127 231 -46
127 231 -45
127 231 -44
127 231 -42
127 231 -33
127 232 -48
127 232 -47
127 232 -46
127 232 -45
127 232 -39
127 233 -48
127 233 -47
127 233 -46
127 233 -45
127 234 -48
127 234 -47
127 234 -46
127 235 -48
alfheim:altLeaves
6
112 220 -43
112 220 -41
112 221 -46
112 221 -43
112 221 -40
112 222 -48
112 222 -46
112 222 -44
112 222 -43
112 222 -42
112 222 -41
112 222 -40
112 222 -39
112 223 -48
112 223 -46
112 223 -45
112 223 -44
112 223 -43
112 223 -42
112 223 -41
112 223 -40
112 223 -39
112 223 -38
112 223 -36
112 224 -48
112 224 -47
112 224 -46
112 224 -45
112 224 -44
112 224 -43
112 224 -42
112 224 -41
112 224 -40
112 224 -39
112 224 -38
112 224 -37
112 224 -36
113 220 -44
113 220 -43
113 221 -46
113 221 -45
113 221 -44
113 221 -43
113 221 -42
113 222 -47
113 222 -46
113 222 -45
113 222 -44
113 222 -43
113 222 -42
113 222 -41
113 222 -40
113 223 -48
113 223 -47
113 223 -46
113 223 -45
113 223 -44
113 223 -43
113 223 -42
113 223 -41
113 223 -40
113 223 -39
113 224 -48
113 224 -47
113 224 -46
113 224 -45
113 224 -44
113 224 -43
113 224 -42
113 224 -41
113 224 -40
113 224 -39
113 224 -37
114 220 -45
114 221 -46
114 221 -45
114 221 -44
114 221 -43
114 221 -42
114 222 -48
114 222 -47
114 222 -46
114 222 -45
114 222 -44
114 222 -43
114 222 -42
114 222 -41
114 222 -40
114 223 -48
114 223 -47
114 223 -46
114 223 -45
114 223 -44
114 223 -43
114 223 -42
114 223 -41
114 223 -40
114 223 -39
114 223 -38
114 224 -48
114 224 -47
114 224 -46
114 224 -45
114 224 -44
114 224 -43
114 224 -42
114 224 -41
114 224 -40
115 219 -45
115 219 -43
115 220 -47
115 220 -46
115 220 -45
115 220 -42
115 221 -47
115 221 -46
115 221 -45
115 221 -44
115 221 -42
115 222 -48
115 222 -47
115 222 -46
115 222 -45
115 222 -44
115 222 -43
115 222 -42
115 223 -48
115 223 -47
115 223 -46
115 223 -45
115 223 -44
115 223 -43
115 223 -41
115 223 -40
115 224 -48
115 224 -47
115 224 -46
115 224 -45
115 224 -44
115 224 -43
115 224 -42
115 224 -41
115 224 -40
116 219 -43
116 220 -45
116 220 -43
116 221 -48
116 221 -47
116 221 -46
116 221 -45
116 221 -44
116 221 -43
116 221 -42
116 222 -48
116 222 -47
116 222 -46
116 222 -45
116 222 -44
116 222 -43
116 222 -42
116 222 -41
116 223 -48
116 223 -47
116 223 -46
116 223 -45
116 223 -44
116 223 -43
116 223 -42
116 223 -41
116 223 -40
116 224 -48
116 224 -47
116 224 -46
116 224 -45
116 224 -44
116 224 -43
116 224 -42
116 224 -39
117 219 -43
117 220 -46
117 220 -45
117 220 -43
117 221 -48
117 221 -47
117 221 -46
117 221 -45
117 221 -44
117 221 -43
117 221 -42
117 221 -41
117 222 -48
117 222 -47
117 222 -46
117 222 -45
117 222 -44
117 222 -43
117 222 -42
117 222 -41
117 223 -48
117 223 -47
117 223 -46
117 223 -45
117 223 -44
117 223 -43
117 223 -42
117 223 -41
117 223 -40
117 224 -48
117 224 -47
117 224 -46
117 224 -45
117 224 -44
117 224 -43
117 224 -42
117 224 -41
117 224 -40
118 220 -48
118 220 -45
118 220 -43
118 221 -48
118 221 -47
118 221 -46
118 221 -44
118 222 -48
118 222 -47
118 222 -46
118 222 -45
118 222 -44
118 222 -42
118 222 -41
118 223 -48
118 223 -47
118 223 -46
118 223 -45
118 223 -44
118 223 -43
118 223 -42
118 224 -48
118 224 -47
118 224 -46
118 224 -45
118 224 -44
118 224 -43
118 224 -42
118 224 -41
118 224 -33
119 219 -47
119 219 -46
119 220 -48
119 220 -47
119 221 -48
119 221 -47
119 221 -46
119 221 -45
119 221 -44
119 222 -48
119 222 -47
119 222 -46
119 222 -45
119 222 -44
119 222 -43
119 222 -42
119 223 -48
119 223 -47
119 223 -46
119 223 -45
119 223 -44
119 223 -43
119 223 -42
119 224 -48
119 224 -47
119 224 -46
119 224 -45
119 224 -44
119 224 -42
119 224 -41
120 219 -47
120 220 -48
120 220 -46
120 221 -48
120 221 -47
120 221 -46
120 221 -45
120 222 -48
120 222 -47
120 222 -46
120 222 -45
120 222 -44
120 223 -48
120 223 -47
120 223 -46
120 223 -45
120 223 -44
120 223 -43
120 224 -48
120 224 -47
120 224 -46
120 224 -45
120 224 -44
120 224 -43
121 222 -48
121 222 -47
121 222 -46
121 223 -48
121 223 -47
121 223 -46
121 223 -45
121 224 -48
121 224 -47
121 224 -46
121 224 -45
121 224 -44
122 223 -48
122 223 -47
122 223 -46
122 223 -45
122 224 -48
122 224 -46
122 224 -45
122 224 -44
123 224 -48
123 224 -47
112 225 -48
112 225 -47
112 225 -46
112 225 -45
112 225 -44
112 225 -43
112 225 -42
112 225 -41
112 225 -40
112 225 -39
112 225 -38
112 225 -37
112 225 -36
112 226 -48
112 226 -47
112 226 -46
112 226 -45
112 226 -44
112 226 -43
112 226 -42
112 226 -41
112 226 -40
112 226 -39
112 226 -38
112 226 -37
112 226 -36
112 226 -33
112 227 -48
112 227 -47
112 227 -46
112 227 -45
112 227 -44
112 227 -43
112 227 -42
112 227 -41
112 227 -40
112 227 -39
112 227 -38
112 227 -37
112 227 -36
112 227 -35
112 227 -34
112 227 -33
112 228 -48
112 228 -47
112 228 -46
112 228 -45
112 228 -44
112 228 -43
112 228 -42
112 228 -41
112 228 -40
112 228 -39
112 228 -38
112 228 -37
112 228 -36
112 228 -35
112 228 -34
112 228 -33
112 229 -48
112 229 -47
112 229 -46
112 229 -45
112 229 -44
112 229 -43
112 229 -42
112 229 -41
112 229 -40
112 229 -39
112 229 -38
112 229 -37
112 229 -36
112 229 -35
112 229 -34
112 229 -33
112 230 -48
112 230 -47
112 230 -46
112 230 -45
112 230 -44
112 230 -43
112 230 -42
112 230 -41
112 230 -40
112 230 -39
112 230 -38
112 230 -37
112 230 -36
112 230 -35
112 230 -34
112 230 -33
112 231 -48
112 231 -47
112 231 -46
112 231 -44
112 231 -43
112 231 -41
112 231 -40
112 231 -39
112 231 -38
112 231 -37
112 231 -36
112 231 -35
112 231 -34
112 231 -33
112 232 -48
112 232 -47
112 232 -46
112 232 -45
112 232 -44
112 232 -43
112 232 -42
112 232 -41
112 232 -40
112 232 -39
112 232 -38
112 232 -37
112 232 -36
112 232 -35
112 232 -34
112 232 -33
112 233 -48
112 233 -47
112 233 -46
112 233 -45
112 233 -44
112 233 -43
112 233 -42
112 233 -41
112 233 -40
112 233 -39
112 233 -38
112 233 -37
112 233 -36
112 233 -35
112 233 -34
112 233 -33
112 234 -48
112 234 -47
112 234 -45
112 234 -43
112 234 -42
112 234 -41
112 234 -40
112 234 -39
112 234 -38
112 234 -37
112 234 -36
112 234 -35
112 234 -34
112 234 -33
112 235 -48
112 235 -47
112 235 -46
112 235 -45
112 235 -44
112 235 -43
112 235 -42
112 235 -40
112 235 -39
112 235 -38
112 235 -37
112 235 -36
112 235 -35
112 235 -34
112 235 -33
112 236 -48
112 236 -44
112 236 -43
112 236 -42
112 236 -41
112 236 -40
112 236 -39
112 236 -38
112 236 -37
112 236 -36
112 236 -35
112 236 -34
112 236 -33
112 237 -48
112 237 -44
112 237 -43
112 237 -41
112 237 -40
112 237 -39
112 237 -38
112 237 -37
112 237 -36
112 237 -35
112 237 -34
112 237 -33
112 238 -48
112 238 -47
112 238 -43
112 238 -42
112 238 -41
112 238 -40
112 238 -39
112 238 -38
112 238 -37
112 238 -36
112 238 -35
112 238 -34
112 238 -33
112 239 -44
112 239 -43
112 239 -42
112 239 -41
112 239 -40
112 239 -39
112 239 -38
112 239 -37
112 239 -36
112 239 -35
112 239 -34
112 239 -33
112 240 -46
112 240 -45
112 240 -44
112 240 -43
112 240 -42
112 240 -41
112 240 -40
112 240 -39
112 240 -38
112 240 -37
112 240 -36
112 240 -35
112 240 -34
112 240 -33
112 241 -42
112 241 -41
112 241 -40
112 241 -39
112 241 -38
112 241 -37
112 241 -36
112 241 -35
112 241 -34
112 241 -33
112 242 -41
112 242 -39
112 242 -38
112 242 -37
112 242 -36
112 242 -35
112 242 -34
112 242 -33
112 243 -39
112 243 -37
112 243 -36
112 243 -35
112 243 -34
112 243 -33
112 244 -39
112 244 -37
112 244 -35
112 245 -36
112 245 -34
113 225 -48
113 225 -47
113 225 -46
113 225 -45
113 225 -44
113 225 -43
113 225 -42
113 225 -41
113 225 -40
113 225 -39
113 225 -38
113 225 -37
113 226 -48
113 226 -47
113 226 -46
113 226 -45
113 226 -44
113 226 -43
113 226 -42
113 226 -41
113 226 -40
113 226 -39
113 226 -38
113 226 -37
113 226 -36
113 226 -34
113 226 -33
113 227 -48
113 227 -47
113 227 -46
113 227 -45
113 227 -44
113 227 -43
113 227 -42
113 227 -41
113 227 -40
113 227 -39
113 227 -38
113 227 -37
113 227 -36
113 227 -34
113 227 -33
113 228 -48
113 228 -47
113 228 -46
113 228 -45
113 228 -44
113 228 -43
113 228 -42
113 228 -41
113 228 -40
113 228 -39
113 228 -38
113 228 -37
113 228 -36
113 228 -35
113 228 -34
113 228 -33
113 229 -48
113 229 -47
113 229 -46
113 229 -45
113 229 -44
113 229 -43
113 229 -42
113 229 -41
113 229 -40
113 229 -39
113 229 -38
113 229 -37
113 229 -36
113 229 -35
113 229 -34
113 229 -33
113 230 -46
113 230 -45
113 230 -44
113 230 -43
113 230 -42
113 230 -41
113 230 -40
113 230 -39
113 230 -38
113 230 -37
113 230 -36
113 230 -35
113 230 -34
113 230 -33
113 231 -48
113 231 -47
113 231 -46
113 231 -45
113 231 -44
113 231 -43
113 231 -42
113 231 -41
113 231 -40
113 231 -39
113 231 -38
113 231 -37
113 231 -36
113 231 -35
113 231 -34
113 231 -33
113 232 -48
113 232 -47
113 232 -45
113 232 -44
113 232 -43
113 232 -42
113 232 -40
113 232 -39
113 232 -38
113 232 -37
113 232 -36
113 232 -35
113 232 -34
113 232 -33
113 233 -48
113 233 -47
113 233 -46
113 233 -45
113 233 -44
113 233 -43
113 233 -42
113 233 -41
113 233 -40
113 233 -39
113 233 -38
113 233 -37
113 233 -36
113 233 -35
113 233 -34
113 233 -33
113 234 -48
113 234 -47
113 234 -46
113 234 -45
113 234 -44
113 234 -43
113 234 -42
113 234 -41
113 234 -40
113 234 -39
113 234 -38
113 234 -37
113 234 -36
113 234 -35
113 234 -34
113 234 -33
113 235 -48
113 235 -47
113 235 -46
113 235 -44
113 235 -43
113 235 -42
113 235 -41
113 235 -40
113 235 -39
113 235 -38
113 235 -37
113 235 -36
113 235 -35
113 235 -34
113 235 -33
113 236 -48
113 236 -47
113 236 -46
113 236 -45
113 236 -44
113 236 -43
113 236 -42
113 236 -41
113 236 -40
113 236 -39
113 236 -38
113 236 -37
113 236 -36
113 236 -35
113 236 -34
113 236 -33
113 237 -48
113 237 -47
113 237 -46
113 237 -45
113 237 -44
113 237 -43
113 237 -42
113 237 -41
113 237 -40
113 237 -39
113 237 -38
113 237 -37
113 237 -36
113 237 -35
113 237 -34
113 237 -33
113 238 -48
113 238 -47
113 238 -45
113 238 -44
113 238 -43
113 238 -42
113 238 -41
113 238 -40
113 238 -39
113 238 -38
113 238 -37
113 238 -36
113 238 -35
113 238 -34
113 238 -33
113 239 -48
113 239 -47
113 239 -46
113 239 -45
113 239 -44
113 239 -43
113 239 -42
113 239 -41
113 239 -40
113 239 -39
113 239 -38
113 239 -37
113 239 -36
113 239 -35
113 239 -34
113 239 -33
113 240 -47
113 240 -46
113 240 -45
113 240 -44
113 240 -43
113 240 -42
113 240 -41
113 240 -40
113 240 -39
113 240 -38
113 240 -37
113 240 -36
113 240 -35
113 240 -34
113 240 -33
113 241 -45
113 241 -43
113 241 -42
113 241 -41
113 241 -40
113 241 -38
113 241 -37
113 241 -36
113 241 -35
113 241 -34
113 241 -33
113 242 -41
113 242 -38
113 242 -37
113 242 -36
113 242 -35
113 242 -34
113 242 -33
113 243 -37
113 243 -36
113 243 -35
113 243 -34
113 243 -33
113 244 -39
113 244 -38
113 244 -35
113 244 -34
113 244 -33
113 245 -37
113 245 -36
113 245 -35
113 245 -34
113 245 -33
114 225 -48
114 225 -47
114 225 -46
114 225 -45
114 225 -44
114 225 -43
114 225 -42
114 225 -41
114 225 -40
114 225 -39
114 225 -38
114 225 -37
114 225 -34
114 225 -33
114 226 -48
114 226 -47
114 226 -46
114 226 -45
114 226 -44
114 226 -43
114 226 -42
114 226 -41
114 226 -40
114 226 -39
114 226 -38
114 226 -37
114 226 -36
114 226 -34
114 226 -33
114 227 -48
114 227 -47
114 227 -46
114 227 -45
114 227 -44
114 227 -43
114 227 -42
114 227 -41
114 227 -40
114 227 -39
114 227 -38
114 227 -37
114 227 -36
114 227 -35
114 227 -34
114 227 -33
114 228 -48
114 228 -47
114 228 -46
114 228 -45
114 228 -44
114 228 -43
114 228 -41
114 228 -40
114 228 -39
114 228 -38
114 228 -37
114 228 -35
114 228 -34
114 228 -33
114 229 -48
114 229 -47
114 229 -46
114 229 -45
114 229 -44
114 229 -43
114 229 -42
114 229 -41
114 229 -40
114 229 -39
114 229 -38
114 229 -37
114 229 -36
114 229 -35
114 229 -34
114 229 -33
114 230 -48
114 230 -47
114 230 -46
114 230 -45
114 230 -44
114 230 -43
114 230 -42
114 230 -41
114 230 -40
114 230 -39
114 230 -38
114 230 -37
114 230 -36
114 230 -35
114 230 -34
114 230 -33
114 231 -48
114 231 -47
114 231 -46
114 231 -45
114 231 -44
114 231 -43
114 231 -42
114 231 -41
114 231 -40
114 231 -39
114 231 -38
114 231 -37
114 231 -36
114 231 -35
114 231 -34
114 231 -33
114 232 -48
114 232 -47
114 232 -46
114 232 -45
114 232 -44
114 232 -43
114 232 -42
114 232 -41
114 232 -40
114 232 -39
114 232 -38
114 232 -37
114 232 -36
114 232 -35
114 232 -34
114 232 -33
114 233 -48
114 233 -47
114 233 -46
114 233 -45
114 233 -44
114 233 -43
114 233 -42
114 233 -41
114 233 -40
114 233 -39
114 233 -38
114 233 -37
114 233 -36
114 233 -35
114 233 -34
114 233 -33
114 234 -48
114 234 -47
114 234 -46
114 234 -45
114 234 -44
114 234 -43
114 234 -42
114 234 -41
114 234 -40
114 234 -39
114 234 -38
114 234 -37
114 234 -36
114 234 -35
114 234 -34
114 234 -33
114 235 -48
114 235 -47
114 235 -46
114 235 -45
114 235 -44
114 235 -43
114 235 -42
114 235 -41
114 235 -40
114 235 -39
114 235 -38
114 235 -37
114 235 -36
114 235 -35
114 235 -34
114 235 -33
114 236 -48
114 236 -47
114 236 -46
114 236 -45
114 236 -44
114 236 -43
114 236 -42
114 236 -41
114 236 -40
114 236 -39
114 236 -38
114 236 -37
114 236 -36
114 236 -35
114 236 -34
114 236 -33
114 237 -48
114 237 -47
114 237 -46
114 237 -45
114 237 -44
114 237 -43
114 237 -42
114 237 -41
114 237 -40
114 237 -39
114 237 -38
114 237 -37
114 237 -36
114 237 -35
114 237 -34
114 237 -33
114 238 -48
114 238 -47
114 238 -45
114 238 -44
114 238 -43
114 238 -42
114 238 -41
114 238 -40
114 238 -39
114 238 -38
114 238 -37
114 238 -36
114 238 -35
114 238 -34
114 238 -33
114 239 -48
114 239 -47
114 239 -45
114 239 -44
114 239 -43
114 239 -42
114 239 -41
114 239 -40
114 239 -39
114 239 -38
114 239 -37
114 239 -36
114 239 -35
114 239 -34
114 239 -33
114 240 -47
114 240 -46
114 240 -45
114 240 -44
114 240 -43
114 240 -42
114 240 -41
114 240 -40
114 240 -39
114 240 -38
114 240 -37
114 240 -36
114 240 -35
114 240 -34
114 240 -33
114 241 -46
114 241 -45
114 241 -44
114 241 -43
114 241 -42
114 241 -40
114 241 -39
114 241 -38
114 241 -37
114 241 -36
114 241 -35
114 241 -34
114 241 -33
114 242 -45
114 242 -41
114 242 -40
114 242 -39
114 242 -38
114 242 -37
114 242 -36
114 242 -35
114 242 -34
114 242 -33
114 243 -45
114 243 -40
114 243 -39
114 243 -38
114 243 -37
114 243 -36
114 243 -35
114 243 -34
114 243 -33
114 244 -39
114 244 -38
114 244 -37
114 244 -36
114 244 -35
114 244 -34
114 244 -33
114 245 -37
114 245 -36
114 245 -35
114 245 -34
114 245 -33
114 246 -36
114 246 -35
114 246 -34
114 247 -36
115 225 -48
115 225 -47
115 225 -46
115 225 -45
115 225 -44
115 225 -43
115 225 -42
115 225 -41
115 225 -40
115 225 -39
115 225 -38
115 225 -37
115 225 -34
115 226 -48
115 226 -47
115 226 -46
115 226 -45
115 226 -44
115 226 -43
115 226 -42
115 226 -41
115 226 -40
115 226 -39
115 226 -38
115 226 -34
115 226 -33
115 227 -48
115 227 -47
115 227 -46
115 227 -45
115 227 -44
115 227 -43
115 227 -42
115 227 -41
115 227 -40
115 227 -39
115 227 -38
115 227 -37
115 227 -36
115 227 -35
115 227 -34
115 227 -33
115 228 -48
115 228 -47
115 228 -46
115 228 -45
115 228 -44
115 228 -43
115 228 -42
115 228 -41
115 228 -40
115 228 -39
115 228 -38
115 228 -37
115 228 -36
115 228 -35
115 228 -34
115 228 -33
115 229 -48
115 229 -47
115 229 -46
115 229 -45
115 229 -44
115 229 -43
115 229 -42
115 229 -41
115 229 -40
115 229 -39
115 229 -38
115 229 -37
115 229 -36
115 229 -35
115 229 -34
115 229 -33
115 230 -48
115 230 -47
115 230 -46
115 230 -45
115 230 -44
115 230 -43
115 230 -42
115 230 -41
115 230 -40
115 230 -39
115 230 -38
115 230 -37
115 230 -36
115 230 -35
115 230 -34
115 230 -33
115 231 -48
115 231 -47
115 231 -46
115 231 -45
115 231 -44
115 231 -43
115 231 -42
115 231 -41
115 231 -40
115 231 -39
115 231 -38
115 231 -37
115 231 -36
115 231 -35
115 231 -34
115 231 -33
115 232 -48
115 232 -47
115 232 -46
115 232 -44
115 232 -43
115 232 -42
115 232 -41
115 232 -40
115 232 -39
115 232 -38
115 232 -37
115 232 -36
115 232 -35
115 232 -34
115 232 -33
115 233 -48
115 233 -47
115 233 -46
115 233 -45
115 233 -44
115 233 -43
115 233 -42
115 233 -41
115 233 -40
115 233 -39
115 233 -38
115 233 -37
115 233 -36
115 233 -35
115 233 -34
115 233 -33
115 234 -48
115 234 -47
115 234 -46
115 234 -45
115 234 -44
115 234 -43
115 234 -42
115 234 -41
115 234 -40
115 234 -39
115 234 -38
115 234 -37
115 234 -36
115 234 -35
115 234 -34
115 234 -33
115 235 -48
115 235 -47
115 235 -46
115 235 -45
115 235 -44
115 235 -43
115 235 -42
115 235 -41
115 235 -40
115 235 -39
115 235 -38
115 235 -37
115 235 -36
115 235 -35
115 235 -34
115 235 -33
115 236 -48
115 236 -47
115 236 -46
115 236 -45
115 236 -44
115 236 -43
115 236 -42
115 236 -41
115 236 -40
115 236 -39
115 236 -38
115 236 -37
115 236 -36
115 236 -35
115 236 -34
115 236 -33
115 237 -48
115 237 -47
115 237 -46
115 237 -45
115 237 -44
115 237 -43
115 237 -42
115 237 -41
115 237 -40
115 237 -39
115 237 -38
115 237 -37
115 237 -36
115 237 -35
115 237 -34
115 237 -33
115 238 -48
115 238 -47
115 238 -46
115 238 -45
115 238 -44
115 238 -43
115 238 -42
115 238 -41
115 238 -40
115 238 -39
115 238 -38
115 238 -37
115 238 -36
115 238 -35
115 238 -34
115 238 -33
115 239 -48
115 239 -47
115 239 -46
115 239 -45
115 239 -44
115 239 -43
115 239 -42
115 239 -41
115 239 -40
115 239 -39
115 239 -38
115 239 -37
115 239 -36
115 239 -35
115 239 -34
115 239 -33
115 240 -48
115 240 -47
115 240 -45
115 240 -44
115 240 -42
115 240 -41
115 240 -40
115 240 -39
115 240 -38
115 240 -37
115 240 -36
115 240 -35
115 240 -34
115 240 -33
115 241 -47
115 241 -46
115 241 -45
115 241 -43
115 241 -42
115 241 -41
115 241 -40
115 241 -39
115 241 -38
115 241 -37
115 241 -36
115 241 -35
115 241 -34
115 241 -33
115 242 -48
115 242 -45
115 242 -44
115 242 -42
115 242 -40
115 242 -39
115 242 -38
115 242 -37
115 242 -36
115 242 -35
115 242 -34
115 242 -33
115 243 -45
115 243 -40
115 243 -39
115 243 -38
115 243 -37
115 243 -35
115 243 -34
115 243 -33
115 244 -45
115 244 -39
115 244 -38
115 244 -37
115 244 -36
115 244 -35
115 244 -34
115 244 -33
115 245 -38
115 245 -36
115 245 -35
115 245 -34
115 245 -33
115 246 -37
115 246 -36
115 246 -35
115 246 -34
115 246 -33
115 247 -37
115 247 -36
115 247 -35
115 247 -34
116 225 -48
116 225 -47
116 225 -46
116 225 -45
116 225 -44
116 225 -43
116 225 -42
116 225 -41
116 225 -40
116 225 -39
116 225 -33
116 226 -48
116 226 -47
116 226 -46
116 226 -45
116 226 -44
116 226 -43
116 226 -42
116 226 -41
116 226 -40
116 226 -39
116 226 -38
116 226 -35
116 226 -34
116 226 -33
116 227 -48
116 227 -47
116 227 -46
116 227 -45
116 227 -44
116 227 -43
116 227 -42
116 227 -41
116 227 -40
116 227 -39
116 227 -38
116 227 -35
116 227 -34
116 227 -33
116 228 -48
116 228 -47
116 228 -46
116 228 -45
116 228 -44
116 228 -43
116 228 -41
116 228 -39
116 228 -38
116 228 -37
116 228 -35
116 228 -34
116 228 -33
116 229 -47
116 229 -46
116 229 -45
116 229 -44
116 229 -43
116 229 -42
116 229 -41
116 229 -40
116 229 -39
116 229 -37
116 229 -36
116 229 -35
116 229 -34
116 229 -33
116 230 -48
116 230 -47
116 230 -46
116 230 -45
116 230 -44
116 230 -43
116 230 -42
116 230 -41
116 230 -40
116 230 -39
116 230 -38
116 230 -37
116 230 -36
116 230 -35
116 230 -34
116 230 -33
116 231 -48
116 231 -47
116 231 -46
116 231 -45
116 231 -44
116 231 -43
116 231 -42
116 231 -41
116 231 -40
116 231 -39
116 231 -38
116 231 -37
116 231 -36
116 231 -35
116 231 -34
116 231 -33
116 232 -48
116 232 -47
116 232 -46
116 232 -45
116 232 -44
116 232 -43
116 232 -42
116 232 -41
116 232 -40
116 232 -39
116 232 -38
116 232 -37
116 232 -36
116 232 -35
116 232 -34
116 232 -33
116 233 -48
116 233 -47
116 233 -46
116 233 -45
116 233 -44
116 233 -43
116 233 -42
116 233 -41
116 233 -40
116 233 -39
116 233 -38
116 233 -37
116 233 -36
116 233 -35
116 233 -34
116 233 -33
116 234 -48
116 234 -47
116 234 -46
116 234 -45
116 234 -44
116 234 -43
116 234 -42
116 234 -41
116 234 -40
116 234 -39
116 234 -38
116 234 -37
116 234 -36
116 234 -35
116 234 -34
116 234 -33
116 235 -48
116 235 -47
116 235 -46
116 235 -45
116 235 -44
116 235 -43
116 235 -42
116 235 -41
116 235 -40
116 235 -39
116 235 -38
116 235 -37
116 235 -36
116 235 -35
116 235 -34
116 235 -33
116 236 -48
116 236 -47
116 236 -46
116 236 -45
116 236 -44
116 236 -43
116 236 -42
116 236 -41
116 236 -40
116 236 -39
116 236 -38
116 236 -37
116 236 -36
116 236 -35
116 236 -34
116 236 -33
116 237 -48
116 237 -47
116 237 -46
116 237 -45
116 237 -44
116 237 -43
116 237 -42
116 237 -41
116 237 -40
116 237 -39
116 237 -38
116 237 -37
116 237 -36
116 237 -35
116 237 -34
116 237 -33
116 238 -48
116 238 -47
116 238 -46
116 238 -45
116 238 -44
116 238 -43
116 238 -42
116 238 -41
116 238 -40
116 238 -39
116 238 -38
116 238 -37
116 238 -36
116 238 -35
116 238 -34
116 238 -33
116 239 -48
116 239 -47
116 239 -46
116 239 -45
116 239 -44
116 239 -43
116 239 -42
116 239 -41
116 239 -40
116 239 -39
116 239 -38
116 239 -37
116 239 -36
116 239 -35
116 239 -34
116 239 -33
116 240 -48
116 240 -47
116 240 -46
116 240 -45
116 240 -44
116 240 -43
116 240 -42
116 240 -41
116 240 -40
116 240 -39
116 240 -38
116 240 -37
116 240 -36
116 240 -35
116 240 -34
116 240 -33
116 241 -48
116 241 -47
116 241 -46
116 241 -45
116 241 -44
116 241 -43
116 241 -42
116 241 -41
116 241 -40
116 241 -39
116 241 -38
116 241 -37
116 241 -36
116 241 -35
116 241 -34
116 241 -33
116 242 -48
116 242 -47
116 242 -45
116 242 -44
116 242 -42
116 242 -41
116 242 -40
116 242 -39
116 242 -38
116 242 -37
116 242 -36
116 242 -35
116 242 -34
116 242 -33
116 243 -48
116 243 -47
116 243 -46
116 243 -45
116 243 -43
116 243 -39
116 243 -38
116 243 -37
116 243 -36
116 243 -35
116 243 -34
116 243 -33
116 244 -47
116 244 -46
116 244 -45
116 244 -40
116 244 -39
116 244 -38
116 244 -37
116 244 -36
116 244 -35
116 244 -34
116 244 -33
116 245 -37
116 245 -36
116 245 -35
116 245 -34
116 245 -33
116 246 -36
116 246 -35
116 246 -34
116 246 -33
116 247 -35
116 248 -35
117 225 -48
117 225 -47
117 225 -46
117 225 -45
117 225 -44
117 225 -43
117 225 -42
117 225 -41
117 225 -34
117 226 -48
117 226 -47
117 226 -46
117 226 -45
117 226 -44
117 226 -43
117 226 -42
117 226 -41
117 226 -40
117 226 -39
117 226 -38
117 226 -36
117 226 -35
117 226 -34
117 226 -33
117 227 -48
117 227 -47
117 227 -46
117 227 -45
117 227 -44
117 227 -43
117 227 -42
117 227 -41
117 227 -40
117 227 -39
117 227 -38
117 227 -37
117 227 -36
117 227 -35
117 227 -34
117 227 -33
117 228 -48
117 228 -47
117 228 -46
117 228 -45
117 228 -44
117 228 -43
117 228 -42
117 228 -40
117 228 -39
117 228 -38
117 228 -37
117 228 -36
117 228 -35
117 228 -34
117 228 -33
117 229 -48
117 229 -47
117 229 -46
117 229 -45
117 229 -44
117 229 -43
117 229 -42
117 229 -41
117 229 -40
117 229 -39
117 229 -38
117 229 -37
117 229 -36
117 229 -35
117 229 -34
117 229 -33
117 230 -48
117 230 -47
117 230 -46
117 230 -45
117 230 -44
117 230 -43
117 230 -42
117 230 -41
117 230 -40
117 230 -39
117 230 -38
117 230 -37
117 230 -36
117 230 -35
117 230 -34
117 230 -33
117 231 -48
117 231 -47
117 231 -46
117 231 -45
117 231 -44
117 231 -43
117 231 -42
117 231 -41
117 231 -40
117 231 -39
117 231 -38
117 231 -37
117 231 -36
117 231 -35
117 231 -34
117 231 -33
117 232 -48
117 232 -47
117 232 -46
117 232 -45
117 232 -44
117 232 -43
117 232 -42
117 232 -41
117 232 -40
117 232 -39
117 232 -38
117 232 -37
117 232 -36
117 232 -35
117 232 -34
117 232 -33
117 233 -48
117 233 -47
117 233 -46
117 233 -45
117 233 -44
117 233 -43
117 233 -42
117 233 -41
117 233 -40
117 233 -39
117 233 -38
117 233 -37
117 233 -36
117 233 -35
117 233 -34
117 233 -33
117 234 -48
117 234 -47
117 234 -46
117 234 -45
117 234 -44
117 234 -43
117 234 -42
117 234 -41
117 234 -40
117 234 -39
117 234 -38
117 234 -37
117 234 -36
117 234 -35
117 234 -34
117 234 -33
117 235 -48
117 235 -47
117 235 -46
117 235 -45
117 235 -44
117 235 -43
117 235 -42
117 235 -41
117 235 -40
117 235 -39
117 235 -38
117 235 -37
117 235 -36
117 235 -35
117 235 -34
117 235 -33
117 236 -48
117 236 -47
117 236 -46
117 236 -45
117 236 -44
117 236 -43
117 236 -42
117 236 -41
117 236 -40
117 236 -39
117 236 -38
117 236 -37
117 236 -36
117 236 -35
117 236 -34
117 236 -33
117 237 -48
117 237 -47
117 237 -46
117 237 -45
117 237 -44
117 237 -43
117 237 -42
117 237 -41
117 237 -40
117 237 -39
117 237 -38
117 237 -37
117 237 -36
117 237 -35
117 237 -34
117 237 -33
117 238 -48
117 238 -47
117 238 -46
117 238 -45
117 238 -44
117 238 -43
117 238 -42
117 238 -41
117 238 -40
117 238 -39
117 238 -38
117 238 -37
117 238 -36
117 238 -35
117 238 -34
117 238 -33
117 239 -48
117 239 -47
117 239 -46
117 239 -45
117 239 -44
117 239 -43
117 239 -42
117 239 -41
117 239 -40
117 239 -39
117 239 -38
117 239 -37
117 239 -36
117 239 -35
117 239 -34
117 239 -33
117 240 -48
117 240 -47
117 240 -46
117 240 -45
117 240 -44
117 240 -43
117 240 -42
117 240 -41
117 240 -40
117 240 -39
117 240 -38
117 240 -37
117 240 -36
117 240 -35
117 240 -34
117 240 -33
117 241 -48
117 241 -47
117 241 -46
117 241 -45
117 241 -44
117 241 -43
117 241 -42
117 241 -41
117 241 -40
117 241 -39
117 241 -38
117 241 -37
117 241 -36
117 241 -35
117 241 -34
117 241 -33
117 242 -48
117 242 -47
117 242 -46
117 242 -45
117 242 -44
117 242 -43
117 242 -41
117 242 -40
117 242 -39
117 242 -38
117 242 -37
117 242 -36
117 242 -35
117 242 -34
117 242 -33
117 243 -48
117 243 -47
117 243 -46
117 243 -45
117 243 -44
117 243 -43
117 243 -42
117 243 -41
117 243 -38
117 243 -37
117 243 -36
117 243 -35
117 243 -34
117 243 -33
117 244 -46
117 244 -45
117 244 -43
117 244 -42
117 244 -41
117 244 -40
117 244 -39
117 244 -37
117 244 -36
117 244 -35
117 244 -34
117 244 -33
117 245 -47
117 245 -46
117 245 -44
117 245 -39
117 245 -37
117 245 -34
117 246 -36
117 246 -35
117 246 -34
117 246 -33
117 247 -35
117 247 -34
118 225 -48
118 225 -47
118 225 -46
118 225 -45
118 225 -44
118 225 -43
118 225 -42
118 225 -41
118 225 -35
118 225 -33
118 226 -48
118 226 -47
118 226 -46
118 226 -45
118 226 -44
118 226 -43
118 226 -42
118 226 -41
118 226 -39
118 226 -37
118 226 -36
118 226 -35
118 226 -34
118 226 -33
118 227 -48
118 227 -47
118 227 -46
118 227 -45
118 227 -44
118 227 -43
118 227 -42
118 227 -41
118 227 -38
118 227 -37
118 227 -36
118 227 -35
118 227 -34
118 227 -33
118 228 -48
118 228 -47
118 228 -46
118 228 -45
118 228 -44
118 228 -43
118 228 -42
118 228 -41
118 228 -39
118 228 -38
118 228 -37
118 228 -36
118 228 -35
118 228 -34
118 228 -33
118 229 -48
118 229 -47
118 229 -46
118 229 -45
118 229 -44
118 229 -43
118 229 -42
118 229 -41
118 229 -40
118 229 -39
118 229 -38
118 229 -37
118 229 -36
118 229 -35
118 229 -34
118 229 -33
118 230 -48
118 230 -47
118 230 -46
118 230 -44
118 230 -43
118 230 -42
118 230 -41
118 230 -40
118 230 -39
118 230 -38
118 230 -37
118 230 -36
118 230 -35
118 230 -34
118 230 -33
118 231 -48
118 231 -47
118 231 -46
118 231 -45
118 231 -44
118 231 -43
118 231 -42
118 231 -41
118 231 -40
118 231 -39
118 231 -38
118 231 -37
118 231 -36
118 231 -35
118 231 -34
118 231 -33
118 232 -48
118 232 -47
118 232 -46
118 232 -45
118 232 -44
118 232 -43
118 232 -42
118 232 -41
118 232 -40
118 232 -39
118 232 -38
118 232 -37
118 232 -36
118 232 -35
118 232 -34
118 232 -33
118 233 -48
118 233 -47
118 233 -46
118 233 -45
118 233 -44
118 233 -43
118 233 -42
118 233 -41
118 233 -40
118 233 -39
118 233 -38
118 233 -37
118 233 -36
118 233 -35
118 233 -34
118 233 -33
118 234 -48
118 234 -47
118 234 -46
118 234 -45
118 234 -44
118 234 -43
118 234 -42
118 234 -41
118 234 -40
118 234 -39
118 234 -38
118 234 -37
118 234 -36
118 234 -35
118 234 -34
118 234 -33
118 235 -48
118 235 -47
118 235 -46
118 235 -45
118 235 -44
118 235 -43
118 235 -42
118 235 -41
118 235 -40
118 235 -39
118 235 -38
118 235 -37
118 235 -36
118 235 -35
118 235 -34
118 235 -33
118 236 -48
118 236 -47
118 236 -46
118 236 -45
118 236 -44
118 236 -43
118 236 -42
118 236 -41
118 236 -40
118 236 -39
118 236 -38
118 236 -37
118 236 -36
118 236 -35
118 236 -34
118 236 -33
118 237 -48
118 237 -47
118 237 -46
118 237 -45
118 237 -44
118 237 -43
118 237 -42
118 237 -41
118 237 -40
118 237 -39
118 237 -38
118 237 -37
118 237 -36
118 237 -35
118 237 -34
118 237 -33
118 238 -48
118 238 -47
118 238 -46
118 238 -45
118 238 -44
118 238 -43
118 238 -42
118 238 -41
118 238 -40
118 238 -39
118 238 -38
118 238 -37
118 238 -36
118 238 -35
118 238 -34
118 238 -33
118 239 -48
118 239 -47
118 239 -46
118 239 -45
118 239 -44
118 239 -43
118 239 -42
118 239 -41
118 239 -40
118 239 -39
118 239 -38
118 239 -37
118 239 -36
118 239 -35
118 239 -34
118 239 -33
118 240 -48
118 240 -47
118 240 -46
118 240 -45
118 240 -44
118 240 -43
118 240 -42
118 240 -41
118 240 -40
118 240 -39
118 240 -38
118 240 -37
118 240 -36
118 240 -35
118 240 -34
118 240 -33
118 241 -48
118 241 -47
118 241 -46
118 241 -45
118 241 -44
118 241 -43
118 241 -42
118 241 -41
118 241 -40
118 241 -39
118 241 -38
118 241 -37
118 241 -36
118 241 -35
118 241 -34
118 241 -33
118 242 -48
118 242 -47
118 242 -46
118 242 -45
118 242 -44
118 242 -43
118 242 -42
118 242 -41
118 242 -40
118 242 -38
118 242 -37
118 242 -36
118 242 -35
118 242 -34
118 242 -33
118 243 -48
118 243 -47
118 243 -46
118 243 -45
118 243 -44
118 243 -43
118 243 -42
118 243 -41
118 243 -40
118 243 -39
118 243 -38
118 243 -37
118 243 -36
118 243 -35
118 243 -34
118 243 -33
118 244 -46
118 244 -45
118 244 -44
118 244 -43
118 244 -42
118 244 -41
118 244 -39
118 244 -37
118 244 -36
118 244 -35
118 244 -34
118 244 -33
118 245 -48
118 245 -44
118 245 -40
118 245 -39
118 245 -38
118 245 -37
118 245 -35
118 245 -34
118 245 -33
118 246 -44
118 246 -34
119 225 -48
119 225 -47
119 225 -46
119 225 -45
119 225 -44
119 225 -43
119 225 -42
119 225 -34
119 225 -33
119 226 -48
119 226 -47
119 226 -46
119 226 -45
119 226 -44
119 226 -43
119 226 -42
119 226 -38
119 226 -35
119 226 -34
119 226 -33
119 227 -48
119 227 -47
119 227 -46
119 227 -45
119 227 -44
119 227 -43
119 227 -42
119 227 -38
119 227 -37
119 227 -36
119 227 -34
119 227 -33
119 228 -48
119 228 -47
119 228 -46
119 228 -45
119 228 -44
119 228 -39
119 228 -38
119 228 -37
119 228 -36
119 228 -35
119 228 -34
119 228 -33
119 229 -48
119 229 -47
119 229 -46
119 229 -45
119 229 -44
119 229 -43
119 229 -42
119 229 -40
119 229 -39
119 229 -38
119 229 -37
119 229 -36
119 229 -35
119 229 -34
119 229 -33
119 230 -48
119 230 -47
119 230 -46
119 230 -45
119 230 -44
119 230 -43
119 230 -42
119 230 -41
119 230 -40
119 230 -39
119 230 -38
119 230 -37
119 230 -36
119 230 -35
119 230 -34
119 230 -33
119 231 -48
119 231 -47
119 231 -46
119 231 -45
119 231 -44
119 231 -43
119 231 -42
119 231 -41
119 231 -40
119 231 -39
119 231 -38
119 231 -37
119 231 -36
119 231 -35
119 231 -34
119 231 -33
119 232 -48
119 232 -47
119 232 -46
119 232 -45
119 232 -44
119 232 -43
119 232 -42
119 232 -41
119 232 -40
119 232 -39
119 232 -38
119 232 -37
119 232 -36
119 232 -35
119 232 -34
119 232 -33
119 233 -48
119 233 -47
119 233 -46
119 233 -45
119 233 -44
119 233 -43
119 233 -42
119 233 -41
119 233 -40
119 233 -39
119 233 -38
119 233 -37
119 233 -36
119 233 -35
119 233 -34
119 233 -33
119 234 -48
119 234 -47
119 234 -46
119 234 -45
119 234 -44
119 234 -43
119 234 -42
119 234 -41
119 234 -40
119 234 -39
119 234 -38
119 234 -37
119 234 -36
119 234 -35
119 234 -34
119 234 -33
119 235 -48
119 235 -47
119 235 -46
119 235 -45
119 235 -44
119 235 -43
119 235 -42
119 235 -41
119 235 -40
119 235 -39
119 235 -38
119 235 -37
119 235 -36
119 235 -35
119 235 -34
119 235 -33
119 236 -48
119 236 -47
119 236 -46
119 236 -45
119 236 -44
119 236 -43
119 236 -42
119 236 -41
119 236 -40
119 236 -39
119 236 -38
119 236 -37
119 236 -36
119 236 -35
119 236 -34
119 236 -33
119 237 -48
119 237 -47
119 237 -46
119 237 -45
119 237 -44
119 237 -43
119 237 -42
119 237 -41
119 237 -40
119 237 -39
119 237 -38
119 237 -37
119 237 -36
119 237 -35
119 237 -34
119 237 -33
119 238 -48
119 238 -47
119 238 -46
119 238 -45
119 238 -44
119 238 -43
119 238 -42
119 238 -41
119 238 -40
119 238 -39
119 238 -38
119 238 -37
119 238 -36
119 238 -35
119 238 -34
119 238 -33
119 239 -48
119 239 -47
119 239 -46
119 239 -45
119 239 -44
119 239 -43
119 239 -42
119 239 -41
119 239 -40
119 239 -39
119 239 -38
119 239 -37
119 239 -36
119 239 -35
119 239 -34
119 239 -33
119 240 -48
119 240 -47
119 240 -46
119 240 -45
119 240 -44
119 240 -43
119 240 -42
119 240 -41
119 240 -40
119 240 -39
119 240 -38
119 240 -37
119 240 -36
119 240 -35
119 240 -34
119 240 -33
119 241 -48
119 241 -47
119 241 -46
119 241 -45
119 241 -44
119 241 -43
119 241 -42
119 241 -41
119 241 -40
119 241 -39
119 241 -38
119 241 -37
119 241 -36
119 241 -35
119 241 -34
119 241 -33
119 242 -48
119 242 -47
119 242 -46
119 242 -45
119 242 -44
119 242 -43
119 242 -42
119 242 -40
119 242 -39
119 242 -38
119 242 -37
119 242 -36
119 242 -35
119 242 -34
119 242 -33
119 243 -48
119 243 -47
119 243 -46
119 243 -45
119 243 -44
119 243 -43
119 243 -42
119 243 -41
119 243 -40
119 243 -39
119 243 -38
119 243 -37
119 243 -36
119 243 -35
119 243 -34
119 243 -33
119 244 -48
119 244 -47
119 244 -46
119 244 -45
119 244 -44
119 244 -43
119 244 -42
119 244 -41
119 244 -39
119 244 -37
119 244 -35
119 244 -34
119 244 -33
119 245 -48
119 245 -45
119 245 -44
119 245 -43
119 245 -42
119 245 -41
119 245 -40
119 245 -39
119 245 -38
119 245 -36
119 245 -35
119 245 -34
119 245 -33
119 246 -40
119 246 -39
119 246 -33
119 247 -39
120 225 -48
120 225 -47
120 225 -46
120 225 -45
120 225 -44
120 225 -43
120 225 -34
120 225 -33
120 226 -48
120 226 -47
120 226 -46
120 226 -45
120 226 -44
120 226 -43
120 226 -42
120 226 -36
120 226 -34
120 226 -33
120 227 -48
120 227 -47
120 227 -46
120 227 -45
120 227 -44
120 227 -43
120 227 -37
120 227 -36
120 227 -35
120 227 -34
120 227 -33
120 228 -48
120 228 -47
120 228 -46
120 228 -45
120 228 -41
120 228 -40
120 228 -39
120 228 -38
120 228 -37
120 228 -36
120 228 -35
120 228 -34
120 228 -33
120 229 -48
120 229 -47
120 229 -46
120 229 -45
120 229 -44
120 229 -42
120 229 -40
120 229 -39
120 229 -38
120 229 -37
120 229 -36
120 229 -35
120 229 -33
120 230 -48
120 230 -47
120 230 -45
120 230 -41
120 230 -38
120 230 -37
120 230 -36
120 230 -35
120 230 -34
120 230 -33
120 231 -48
120 231 -47
120 231 -46
120 231 -45
120 231 -44
120 231 -43
120 231 -42
120 231 -41
120 231 -40
120 231 -39
120 231 -38
120 231 -37
120 231 -36
120 231 -35
120 231 -34
120 231 -33
120 232 -48
120 232 -47
120 232 -46
120 232 -45
120 232 -44
120 232 -43
120 232 -42
120 232 -41
120 232 -40
120 232 -39
120 232 -38
120 232 -37
120 232 -36
120 232 -35
120 232 -34
120 232 -33
120 233 -48
120 233 -47
120 233 -46
120 233 -45
120 233 -44
120 233 -43
120 233 -42
120 233 -41
120 233 -40
120 233 -39
120 233 -38
120 233 -37
120 233 -36
120 233 -35
120 233 -34
120 233 -33
120 234 -48
120 234 -47
120 234 -46
120 234 -45
120 234 -44
120 234 -43
120 234 -42
120 234 -41
120 234 -40
120 234 -39
120 234 -38
120 234 -37
120 234 -36
120 234 -35
120 234 -34
120 234 -33
120 235 -48
120 235 -47
120 235 -46
120 235 -45
120 235 -44
120 235 -43
120 235 -42
120 235 -41
120 235 -40
120 235 -39
120 235 -38
120 235 -37
120 235 -36
120 235 -35
120 235 -34
120 235 -33
120 236 -48
120 236 -47
120 236 -46
120 236 -45
120 236 -44
120 236 -43
120 236 -42
120 236 -41
120 236 -40
120 236 -39
120 236 -38
120 236 -37
120 236 -36
120 236 -35
120 236 -34
120 236 -33
120 237 -48
120 237 -47
120 237 -46
120 237 -45
120 237 -44
120 237 -43
120 237 -42
120 237 -41
120 237 -40
120 237 -39
120 237 -38
120 237 -37
120 237 -36
120 237 -35
120 237 -34
120 237 -33
120 238 -48
120 238 -47
120 238 -46
120 238 -45
120 238 -44
120 238 -43
120 238 -42
120 238 -41
120 238 -40
120 238 -39
120 238 -38
120 238 -37
120 238 -36
120 238 -35
120 238 -34
120 238 -33
120 239 -48
120 239 -47
120 239 -46
120 239 -45
120 239 -44
120 239 -43
120 239 -42
120 239 -41
120 239 -40
120 239 -39
120 239 -38
120 239 -37
120 239 -36
120 239 -35
120 239 -34
120 239 -33
120 240 -48
120 240 -47
120 240 -46
120 240 -45
120 240 -44
120 240 -43
120 240 -42
120 240 -41
120 240 -40
120 240 -39
120 240 -38
120 240 -37
120 240 -36
120 240 -35
120 240 -34
120 240 -33
120 241 -48
120 241 -47
120 241 -46
120 241 -45
120 241 -44
120 241 -43
120 241 -42
120 241 -41
120 241 -40
120 241 -39
120 241 -38
120 241 -37
120 241 -36
120 241 -35
120 241 -34
120 241 -33
120 242 -48
120 242 -47
120 242 -46
120 242 -45
120 242 -44
120 242 -43
120 242 -42
120 242 -41
120 242 -40
120 242 -39
120 242 -38
120 242 -37
120 242 -36
120 242 -35
120 242 -34
120 242 -33
120 243 -48
120 243 -47
120 243 -46
120 243 -45
120 243 -44
120 243 -43
120 243 -42
120 243 -41
120 243 -40
120 243 -39
120 243 -38
120 243 -37
120 243 -36
120 243 -35
120 243 -34
120 243 -33
120 244 -48
120 244 -47
120 244 -46
120 244 -45
120 244 -44
120 244 -43
120 244 -42
120 244 -41
120 244 -40
120 244 -39
120 244 -38
120 244 -37
120 244 -36
120 244 -34
120 244 -33
120 245 -48
120 245 -47
120 245 -46
120 245 -45
120 245 -44
120 245 -43
120 245 -42
120 245 -41
120 245 -40
120 245 -39
120 245 -38
120 245 -37
120 245 -36
120 245 -35
120 245 -34
120 245 -33
120 246 -48
120 246 -40
120 246 -39
120 246 -38
120 246 -37
120 246 -36
120 246 -33
120 247 -39
120 247 -38
120 247 -33
120 248 -38
121 225 -48
121 225 -47
121 225 -46
121 225 -45
121 225 -44
121 225 -34
121 225 -33
121 226 -48
121 226 -47
121 226 -45
121 226 -44
121 226 -40
121 226 -38
121 226 -35
121 226 -34
121 226 -33
121 227 -48
121 227 -47
121 227 -46
121 227 -44
121 227 -41
121 227 -40
121 227 -39
121 227 -38
121 227 -37
121 227 -35
121 227 -34
121 227 -33
121 228 -48
121 228 -47
121 228 -46
121 228 -42
121 228 -41
121 228 -40
121 228 -39
121 228 -38
121 228 -37
121 228 -36
121 228 -35
121 228 -34
121 228 -33
121 229 -48
121 229 -47
121 229 -46
121 229 -45
121 229 -42
121 229 -41
121 229 -40
121 229 -39
121 229 -38
121 229 -37
121 229 -36
121 229 -35
121 229 -34
121 229 -33
121 230 -48
121 230 -46
121 230 -45
121 230 -44
121 230 -43
121 230 -42
121 230 -41
121 230 -40
121 230 -39
121 230 -38
121 230 -37
121 230 -36
121 230 -35
121 230 -34
121 230 -33
121 231 -48
121 231 -47
121 231 -45
121 231 -44
121 231 -43
121 231 -42
121 231 -41
121 231 -40
121 231 -39
121 231 -38
121 231 -37
121 231 -36
121 231 -35
121 231 -34
121 231 -33
121 232 -48
121 232 -46
121 232 -45
121 232 -44
121 232 -43
121 232 -42
121 232 -41
121 232 -40
121 232 -39
121 232 -38
121 232 -37
121 232 -36
121 232 -35
121 232 -34
121 232 -33
121 233 -48
121 233 -47
121 233 -46
121 233 -45
121 233 -44
121 233 -43
121 233 -42
121 233 -41
121 233 -40
121 233 -39
121 233 -38
121 233 -37
121 233 -36
121 233 -35
121 233 -34
121 233 -33
121 234 -48
121 234 -47
121 234 -46
121 234 -45
121 234 -44
121 234 -43
121 234 -42
121 234 -41
121 234 -40
121 234 -39
121 234 -38
121 234 -37
121 234 -36
121 234 -35
121 234 -34
121 234 -33
121 235 -48
121 235 -47
121 235 -46
121 235 -45
121 235 -44
121 235 -43
121 235 -42
121 235 -41
121 235 -40
121 235 -39
121 235 -38
121 235 -37
121 235 -36
121 235 -35
121 235 -34
121 235 -33
121 236 -48
121 236 -47
121 236 -46
121 236 -45
121 236 -44
121 236 -43
121 236 -42
121 236 -41
121 236 -40
121 236 -39
121 236 -38
121 236 -37
121 236 -36
121 236 -35
121 236 -34
121 236 -33
121 237 -48
121 237 -47
121 237 -46
121 237 -45
121 237 -44
121 237 -43
121 237 -42
121 237 -41
121 237 -40
121 237 -39
121 237 -38
121 237 -37
121 237 -36
121 237 -35
121 237 -34
121 237 -33
121 238 -48
121 238 -47
121 238 -46
121 238 -45
121 238 -44
121 238 -43
121 238 -42
121 238 -41
121 238 -40
121 238 -39
121 238 -38
121 238 -37
121 238 -36
121 238 -35
121 238 -34
121 238 -33
121 239 -48
121 239 -47
121 239 -46
121 239 -45
121 239 -44
121 239 -43
121 239 -42
121 239 -41
121 239 -40
121 239 -39
121 239 -38
121 239 -37
121 239 -36
121 239 -35
121 239 -34
121 239 -33
121 240 -48
121 240 -47
121 240 -46
121 240 -45
121 240 -44
121 240 -43
121 240 -42
121 240 -41
121 240 -40
121 240 -39
121 240 -38
121 240 -37
121 240 -36
121 240 -35
121 240 -34
121 240 -33
121 241 -48
121 241 -47
121 241 -46
121 241 -45
121 241 -44
121 241 -43
121 241 -42
121 241 -41
121 241 -40
121 241 -39
121 241 -38
121 241 -37
121 241 -36
121 241 -35
121 241 -34
121 241 -33
121 242 -48
121 242 -47
121 242 -46
121 242 -45
121 242 -44
121 242 -43
121 242 -42
121 242 -41
121 242 -40
121 242 -39
121 242 -38
121 242 -37
121 242 -36
121 242 -35
121 242 -34
121 242 -33
121 243 -48
121 243 -47
121 243 -46
121 243 -45
121 243 -44
121 243 -43
121 243 -42
121 243 -41
121 243 -40
121 243 -39
121 243 -38
121 243 -37
121 243 -36
121 243 -35
121 243 -34
121 243 -33
121 244 -48
121 244 -47
121 244 -46
121 244 -45
121 244 -44
121 244 -43
121 244 -42
121 244 -40
121 244 -39
121 244 -38
121 244 -37
121 244 -36
121 244 -35
121 244 -34
121 244 -33
121 245 -48
121 245 -47
121 245 -46
121 245 -45
121 245 -44
121 245 -43
121 245 -42
121 245 -41
121 245 -40
121 245 -39
121 245 -38
121 245 -37
121 245 -36
121 245 -35
121 245 -34
121 245 -33
121 246 -48
121 246 -42
121 246 -41
121 246 -40
121 246 -39
121 246 -38
121 246 -36
121 246 -35
121 246 -33
121 247 -42
121 247 -36
121 247 -35
122 225 -48
122 225 -47
122 225 -46
122 225 -44
122 225 -37
122 225 -33
122 226 -48
122 226 -47
122 226 -46
122 226 -45
122 226 -44
122 226 -43
122 226 -38
122 226 -37
122 226 -34
122 227 -48
122 227 -47
122 227 -46
122 227 -45
122 227 -40
122 227 -38
122 227 -37
122 227 -36
122 227 -33
122 228 -48
122 228 -47
122 228 -46
122 228 -40
122 228 -38
122 228 -37
122 228 -36
122 228 -35
122 228 -34
122 229 -48
122 229 -47
122 229 -46
122 229 -45
122 229 -43
122 229 -41
122 229 -40
122 229 -39
122 229 -38
122 229 -37
122 229 -36
122 229 -35
122 229 -34
122 229 -33
122 230 -48
122 230 -47
122 230 -45
122 230 -43
122 230 -42
122 230 -40
122 230 -38
122 230 -37
122 230 -36
122 230 -35
122 230 -34
122 230 -33
122 231 -47
122 231 -46
122 231 -44
122 231 -43
122 231 -42
122 231 -41
122 231 -40
122 231 -39
122 231 -38
122 231 -37
122 231 -36
122 231 -35
122 231 -34
122 231 -33
122 232 -48
122 232 -46
122 232 -45
122 232 -44
122 232 -43
122 232 -42
122 232 -41
122 232 -40
122 232 -39
122 232 -38
122 232 -37
122 232 -36
122 232 -35
122 232 -34
122 232 -33
122 233 -48
122 233 -47
122 233 -46
122 233 -45
122 233 -44
122 233 -43
122 233 -42
122 233 -41
122 233 -40
122 233 -39
122 233 -38
122 233 -37
122 233 -36
122 233 -35
122 233 -34
122 233 -33
122 234 -48
122 234 -47
122 234 -46
122 234 -45
122 234 -44
122 234 -43
122 234 -42
122 234 -41
122 234 -40
122 234 -39
122 234 -38
122 234 -37
122 234 -36
122 234 -35
122 234 -34
122 234 -33
122 235 -48
122 235 -47
122 235 -46
122 235 -45
122 235 -44
122 235 -43
122 235 -42
122 235 -41
122 235 -40
122 235 -39
122 235 -38
122 235 -37
122 235 -36
122 235 -35
122 235 -34
122 235 -33
122 236 -48
122 236 -47
122 236 -46
122 236 -45
122 236 -44
122 236 -43
122 236 -42
122 236 -41
122 236 -40
122 236 -39
122 236 -38
122 236 -37
122 236 -36
122 236 -35
122 236 -34
122 236 -33
122 237 -48
122 237 -47
122 237 -46
122 237 -45
122 237 -44
122 237 -43
122 237 -42
122 237 -41
122 237 -40
122 237 -39
122 237 -38
122 237 -37
122 237 -36
122 237 -35
122 237 -34
122 237 -33
122 238 -48
122 238 -47
122 238 -46
122 238 -45
122 238 -44
122 238 -43
122 238 -42
122 238 -41
122 238 -40
122 238 -39
122 238 -38
122 238 -37
122 238 -36
122 238 -35
122 238 -34
122 238 -33
122 239 -48
122 239 -47
122 239 -46
122 239 -45
122 239 -44
122 239 -43
122 239 -42
122 239 -41
122 239 -40
122 239 -39
122 239 -38
122 239 -37
122 239 -36
122 239 -35
122 239 -34
122 239 -33
122 240 -48
122 240 -47
122 240 -46
122 240 -45
122 240 -44
122 240 -43
122 240 -42
122 240 -41
122 240 -40
122 240 -39
122 240 -38
122 240 -37
122 240 -36
122 240 -35
122 240 -34
122 240 -33
122 241 -48
122 241 -47
122 241 -46
122 241 -45
122 241 -44
122 241 -43
122 241 -42
122 241 -41
122 241 -40
122 241 -39
122 241 -38
122 241 -37
122 241 -36
122 241 -35
122 241 -34
122 241 -33
122 242 -48
122 242 -47
122 242 -46
122 242 -45
122 242 -44
122 242 -43
122 242 -42
122 242 -41
122 242 -40
122 242 -39
122 242 -38
122 242 -37
122 242 -36
122 242 -35
122 242 -34
122 242 -33
122 243 -48
122 243 -47
122 243 -46
122 243 -45
122 243 -44
122 243 -43
122 243 -42
122 243 -41
122 243 -40
122 243 -39
122 243 -38
122 243 -37
122 243 -36
122 243 -35
122 243 -34
122 243 -33
122 244 -48
122 244 -47
122 244 -46
122 244 -45
122 244 -44
122 244 -43
122 244 -42
122 244 -41
122 244 -40
122 244 -39
122 244 -38
122 244 -37
122 244 -36
122 244 -35
122 244 -34
122 245 -46
122 245 -45
122 245 -44
122 245 -43
122 245 -42
122 245 -39
122 245 -38
122 245 -37
122 245 -36
122 245 -35
122 245 -34
122 245 -33
122 246 -45
122 246 -39
122 246 -38
122 246 -37
122 246 -36
122 246 -35
122 247 -45
122 247 -38
122 247 -35
123 225 -48
123 225 -47
123 225 -37
123 226 -48
123 226 -47
123 226 -44
123 226 -37
123 226 -36
123 227 -48
123 227 -47
123 227 -46
123 227 -42
123 227 -39
123 227 -37
123 227 -36
123 228 -48
123 228 -47
123 228 -46
123 228 -43
123 228 -42
123 228 -39
123 228 -38
123 228 -37
123 228 -36
123 228 -35
123 228 -34
123 229 -47
123 229 -44
123 229 -43
123 229 -42
123 229 -41
123 229 -40
123 229 -39
123 229 -38
123 229 -37
123 229 -36
123 229 -34
123 229 -33
123 230 -48
123 230 -44
123 230 -43
123 230 -42
123 230 -41
123 230 -40
123 230 -38
123 230 -37
123 230 -36
123 230 -35
123 231 -48
123 231 -43
123 231 -42
123 231 -41
123 231 -40
123 231 -39
123 231 -38
123 231 -37
123 231 -36
123 231 -35
123 231 -34
123 232 -45
123 232 -44
123 232 -43
123 232 -42
123 232 -41
123 232 -40
123 232 -39
123 232 -38
123 232 -37
123 232 -36
123 232 -35
123 232 -34
123 232 -33
123 233 -47
123 233 -45
123 233 -44
123 233 -43
123 233 -42
123 233 -41
123 233 -40
123 233 -39
123 233 -38
123 233 -37
123 233 -36
123 233 -35
123 233 -34
123 233 -33
123 234 -47
123 234 -46
123 234 -45
123 234 -44
123 234 -43
123 234 -42
123 234 -41
123 234 -40
123 234 -39
123 234 -38
123 234 -37
123 234 -36
123 234 -35
123 234 -34
123 234 -33
123 235 -48
123 235 -47
123 235 -46
123 235 -45
123 235 -44
123 235 -43
123 235 -42
123 235 -41
123 235 -40
123 235 -39
123 235 -38
123 235 -37
123 235 -36
123 235 -35
123 235 -34
123 235 -33
123 236 -48
123 236 -47
123 236 -46
123 236 -45
123 236 -44
123 236 -43
123 236 -42
123 236 -41
123 236 -40
123 236 -39
123 236 -38
123 236 -37
123 236 -36
123 236 -35
123 236 -34
123 236 -33
123 237 -48
123 237 -47
123 237 -46
123 237 -45
123 237 -44
123 237 -43
123 237 -42
123 237 -41
123 237 -40
123 237 -39
123 237 -38
123 237 -37
123 237 -36
123 237 -35
123 237 -34
123 237 -33
123 238 -48
123 238 -47
123 238 -46
123 238 -45
123 238 -44
123 238 -43
123 238 -42
123 238 -41
123 238 -40
123 238 -39
123 238 -38
123 238 -37
123 238 -36
123 238 -35
123 238 -34
123 238 -33
123 239 -48
123 239 -47
123 239 -46
123 239 -45
123 239 -44
123 239 -43
123 239 -42
123 239 -41
123 239 -40
123 239 -39
123 239 -38
123 239 -37
123 239 -36
123 239 -35
123 239 -34
123 239 -33
123 240 -48
123 240 -47
123 240 -46
123 240 -45
123 240 -44
123 240 -43
123 240 -42
123 240 -41
123 240 -40
123 240 -39
123 240 -38
123 240 -37
123 240 -36
123 240 -35
123 240 -34
123 240 -33
123 241 -48
123 241 -47
123 241 -46
123 241 -45
123 241 -44
123 241 -43
123 241 -42
123 241 -41
123 241 -40
123 241 -39
123 241 -38
123 241 -37
123 241 -36
123 241 -35
123 241 -34
123 241 -33
123 242 -48
123 242 -47
123 242 -46
123 242 -45
123 242 -44
123 242 -43
123 242 -42
123 242 -41
123 242 -40
123 242 -39
123 242 -38
123 242 -37
123 242 -36
123 242 -35
123 242 -34
123 242 -33
123 243 -48
123 243 -47
123 243 -46
123 243 -45
123 243 -44
123 243 -43
123 243 -42
123 243 -41
123 243 -40
123 243 -39
123 243 -38
123 243 -37
123 243 -36
123 243 -35
123 243 -34
123 243 -33
123 244 -47
123 244 -45
123 244 -44
123 244 -43
123 244 -42
123 244 -40
123 244 -39
123 244 -38
123 244 -37
123 244 -36
123 244 -35
123 244 -34
123 244 -33
123 245 -45
123 245 -44
123 245 -43
123 245 -41
123 245 -40
123 245 -39
123 245 -38
123 245 -37
123 245 -36
123 245 -35
123 245 -34
123 245 -33
123 246 -45
123 246 -40
123 246 -39
123 246 -38
123 246 -37
123 246 -35
123 247 -39
123 247 -38
123 247 -37
123 248 -39
124 225 -48
124 225 -47
124 226 -48
124 226 -37
124 226 -36
124 227 -48
124 227 -37
124 228 -48
124 228 -47
124 228 -41
124 228 -39
124 228 -38
124 228 -36
124 228 -35
124 229 -44
124 229 -43
124 229 -42
124 229 -41
124 229 -40
124 229 -39
124 229 -38
124 229 -37
124 229 -36
124 229 -35
124 229 -33
124 230 -48
124 230 -44
124 230 -43
124 230 -42
124 230 -39
124 230 -37
124 230 -36
124 230 -35
124 230 -34
124 230 -33
124 231 -45
124 231 -44
124 231 -43
124 231 -42
124 231 -41
124 231 -40
124 231 -39
124 231 -38
124 231 -37
124 231 -36
124 231 -35
124 231 -34
124 231 -33
124 232 -47
124 232 -46
124 232 -45
124 232 -44
124 232 -43
124 232 -42
124 232 -41
124 232 -40
124 232 -39
124 232 -38
124 232 -37
124 232 -36
124 232 -35
124 232 -34
124 232 -33
124 233 -47
124 233 -46
124 233 -45
124 233 -44
124 233 -43
124 233 -42
124 233 -41
124 233 -40
124 233 -39
124 233 -38
124 233 -37
124 233 -36
124 233 -35
124 233 -34
124 233 -33
124 234 -48
124 234 -47
124 234 -46
124 234 -45
124 234 -44
124 234 -43
124 234 -42
124 234 -41
124 234 -40
124 234 -39
124 234 -38
124 234 -37
124 234 -36
124 234 -35
124 234 -34
124 234 -33
124 235 -48
124 235 -47
124 235 -46
124 235 -45
124 235 -44
124 235 -43
124 235 -42
124 235 -41
124 235 -40
124 235 -39
124 235 -38
124 235 -37
124 235 -36
124 235 -35
124 235 -34
124 235 -33
124 236 -48
124 236 -47
124 236 -46
124 236 -45
124 236 -44
124 236 -43
124 236 -42
124 236 -40
124 236 -39
124 236 -38
124 236 -37
124 236 -36
124 236 -35
124 236 -34
124 236 -33
124 237 -48
124 237 -47
124 237 -46
124 237 -45
124 237 -44
124 237 -43
124 237 -42
124 237 -41
124 237 -40
124 237 -39
124 237 -38
124 237 -37
124 237 -36
124 237 -35
124 237 -34
124 237 -33
124 238 -48
124 238 -47
124 238 -46
124 238 -45
124 238 -44
124 238 -43
124 238 -42
124 238 -41
124 238 -40
124 238 -39
124 238 -38
124 238 -37
124 238 -36
124 238 -35
124 238 -34
124 238 -33
124 239 -48
124 239 -47
124 239 -46
124 239 -45
124 239 -44
124 239 -43
124 239 -42
124 239 -41
124 239 -40
124 239 -39
124 239 -38
124 239 -37
124 239 -36
124 239 -35
124 239 -34
124 239 -33
124 240 -48
124 240 -47
124 240 -46
124 240 -45
124 240 -44
124 240 -43
124 240 -42
124 240 -41
124 240 -40
124 240 -39
124 240 -38
124 240 -37
124 240 -36
124 240 -35
124 240 -34
124 240 -33
124 241 -48
124 241 -47
124 241 -46
124 241 -45
124 241 -44
124 241 -43
124 241 -42
124 241 -41
124 241 -40
124 241 -39
124 241 -38
124 241 -37
124 241 -36
124 241 -35
124 241 -34
124 241 -33
124 242 -48
124 242 -47
124 242 -46
124 242 -45
124 242 -44
124 242 -43
124 242 -42
124 242 -41
124 242 -40
124 242 -39
124 242 -38
124 242 -37
124 242 -36
124 242 -35
124 242 -34
124 242 -33
124 243 -48
124 243 -47
124 243 -46
124 243 -45
124 243 -44
124 243 -43
124 243 -42
124 243 -41
124 243 -40
124 243 -39
124 243 -38
124 243 -37
124 243 -36
124 243 -35
124 243 -34
124 243 -33
124 244 -48
124 244 -47
124 244 -46
124 244 -45
124 244 -44
124 244 -43
124 244 -42
124 244 -41
124 244 -40
124 244 -39
124 244 -38
124 244 -37
124 244 -36
124 244 -35
124 244 -34
124 244 -33
124 245 -48
124 245 -45
124 245 -43
124 245 -42
124 245 -41
124 245 -40
124 245 -39
124 245 -38
124 245 -37
124 245 -36
124 245 -35
124 245 -34
124 246 -40
124 246 -39
124 246 -38
124 246 -37
124 246 -36
124 246 -34
124 247 -40
124 247 -39
124 247 -38
124 247 -37
124 248 -40
124 248 -39
125 226 -37
125 228 -48
125 228 -47
125 228 -43
125 228 -42
125 228 -41
125 228 -39
125 228 -37
125 228 -36
125 229 -48
125 229 -43
125 229 -42
125 229 -41
125 229 -40
125 229 -38
125 229 -37
125 229 -36
125 229 -35
125 230 -45
125 230 -44
125 230 -43
125 230 -42
125 230 -41
125 230 -40
125 230 -39
125 230 -38
125 230 -37
125 230 -36
125 230 -35
125 230 -33
125 231 -45
125 231 -44
125 231 -43
125 231 -42
125 231 -41
125 231 -40
125 231 -39
125 231 -38
125 231 -37
125 231 -36
125 231 -35
125 231 -34
125 231 -33
125 232 -46
125 232 -45
125 232 -44
125 232 -43
125 232 -42
125 232 -41
125 232 -40
125 232 -39
125 232 -38
125 232 -37
125 232 -36
125 232 -35
125 232 -34
125 232 -33
125 233 -47
125 233 -45
125 233 -44
125 233 -43
125 233 -42
125 233 -41
125 233 -40
125 233 -39
125 233 -38
125 233 -37
125 233 -36
125 233 -35
125 233 -34
125 233 -33
125 234 -48
125 234 -47
125 234 -45
125 234 -44
125 234 -43
125 234 -42
125 234 -41
125 234 -40
125 234 -39
125 234 -38
125 234 -37
125 234 -36
125 234 -35
125 234 -34
125 234 -33
125 235 -47
125 235 -46
125 235 -45
125 235 -44
125 235 -43
125 235 -42
125 235 -41
125 235 -40
125 235 -39
125 235 -38
125 235 -37
125 235 -36
125 235 -35
125 235 -34
125 235 -33
125 236 -48
125 236 -47
125 236 -46
125 236 -45
125 236 -44
125 236 -43
125 236 -42
125 236 -41
125 236 -40
125 236 -39
125 236 -38
125 236 -37
125 236 -36
125 236 -35
125 236 -34
125 236 -33
125 237 -48
125 237 -47
125 237 -46
125 237 -45
125 237 -44
125 237 -43
125 237 -42
125 237 -41
125 237 -40
125 237 -39
125 237 -38
125 237 -37
125 237 -36
125 237 -35
125 237 -34
125 237 -33
125 238 -47
125 238 -46
125 238 -45
125 238 -44
125 238 -43
125 238 -42
125 238 -41
125 238 -40
125 238 -39
125 238 -38
125 238 -37
125 238 -36
125 238 -35
125 238 -34
125 238 -33
125 239 -48
125 239 -47
125 239 -46
125 239 -45
125 239 -44
125 239 -43
125 239 -42
125 239 -41
125 239 -40
125 239 -39
125 239 -38
125 239 -37
125 239 -36
125 239 -35
125 239 -34
125 239 -33
125 240 -48
125 240 -47
125 240 -46
125 240 -45
125 240 -44
125 240 -43
125 240 -42
125 240 -41
125 240 -40
125 240 -39
125 240 -38
125 240 -37
125 240 -36
125 240 -35
125 240 -34
125 240 -33
125 241 -48
125 241 -47
125 241 -46
125 241 -45
125 241 -44
125 241 -43
125 241 -42
125 241 -41
125 241 -40
125 241 -39
125 241 -38
125 241 -37
125 241 -36
125 241 -35
125 241 -34
125 241 -33
125 242 -48
125 242 -47
125 242 -46
125 242 -45
125 242 -44
125 242 -43
125 242 -42
125 242 -41
125 242 -40
125 242 -39
125 242 -38
125 242 -37
125 242 -36
125 242 -35
125 242 -33
125 243 -48
125 243 -47
125 243 -46
125 243 -45
125 243 -44
125 243 -43
125 243 -42
125 243 -41
125 243 -40
125 243 -39
125 243 -38
125 243 -37
125 243 -36
125 243 -35
125 243 -34
125 244 -48
125 244 -47
125 244 -45
125 244 -44
125 244 -42
125 244 -41
125 244 -40
125 244 -39
125 244 -38
125 244 -37
125 244 -36
125 244 -35
125 244 -34
125 245 -48
125 245 -47
125 245 -42
125 245 -41
125 245 -40
125 245 -39
125 245 -38
125 245 -37
125 245 -36
125 246 -42
125 246 -41
125 246 -40
125 246 -39
125 246 -38
125 246 -37
125 246 -36
125 246 -35
125 247 -41
125 247 -40
125 247 -39
125 247 -38
125 247 -37
125 248 -39
126 228 -48
126 228 -41
126 229 -43
126 229 -39
126 229 -37
126 230 -43
126 230 -42
126 230 -41
126 230 -40
126 230 -39
126 230 -37
126 230 -36
126 230 -35
126 231 -42
126 231 -41
126 231 -39
126 231 -38
126 231 -37
126 231 -36
126 231 -34
126 231 -33
126 232 -45
126 232 -43
126 232 -42
126 232 -41
126 232 -40
126 232 -39
126 232 -38
126 232 -37
126 232 -36
126 232 -35
126 232 -34
126 232 -33
126 233 -46
126 233 -45
126 233 -44
126 233 -43
126 233 -42
126 233 -41
126 233 -40
126 233 -39
126 233 -38
126 233 -37
126 233 -36
126 233 -35
126 233 -34
126 233 -33
126 234 -46
126 234 -44
126 234 -43
126 234 -42
126 234 -41
126 234 -40
126 234 -39
126 234 -38
126 234 -37
126 234 -36
126 234 -35
126 234 -34
126 234 -33
126 235 -47
126 235 -46
126 235 -45
126 235 -44
126 235 -43
126 235 -42
126 235 -41
126 235 -40
126 235 -39
126 235 -38
126 235 -37
126 235 -36
126 235 -35
126 235 -34
126 235 -33
126 236 -48
126 236 -47
126 236 -46
126 236 -45
126 236 -44
126 236 -43
126 236 -42
126 236 -41
126 236 -40
126 236 -39
126 236 -38
126 236 -37
126 236 -36
126 236 -35
126 236 -34
126 236 -33
126 237 -48
126 237 -47
126 237 -46
126 237 -45
126 237 -44
126 237 -43
126 237 -42
126 237 -41
126 237 -40
126 237 -39
126 237 -38
126 237 -37
126 237 -36
126 237 -35
126 237 -34
126 237 -33
126 238 -48
126 238 -47
126 238 -46
126 238 -45
126 238 -44
126 238 -43
126 238 -42
126 238 -41
126 238 -40
126 238 -39
126 238 -38
126 238 -37
126 238 -36
126 238 -35
126 238 -34
126 238 -33
126 239 -48
126 239 -47
126 239 -46
126 239 -45
126 239 -44
126 239 -43
126 239 -42
126 239 -41
126 239 -40
126 239 -39
126 239 -38
126 239 -37
126 239 -36
126 239 -35
126 239 -34
126 239 -33
126 240 -48
126 240 -47
126 240 -46
126 240 -45
126 240 -44
126 240 -43
126 240 -42
126 240 -41
126 240 -40
126 240 -39
126 240 -38
126 240 -37
126 240 -36
126 240 -35
126 240 -34
126 240 -33
126 241 -48
126 241 -47
126 241 -46
126 241 -45
126 241 -44
126 241 -43
126 241 -42
126 241 -41
126 241 -40
126 241 -39
126 241 -38
126 241 -37
126 241 -36
126 241 -35
126 241 -34
126 241 -33
126 242 -48
126 242 -47
126 242 -46
126 242 -45
126 242 -44
126 242 -43
126 242 -42
126 242 -41
126 242 -40
126 242 -39
126 242 -38
126 242 -37
126 242 -36
126 242 -35
126 243 -48
126 243 -47
126 243 -46
126 243 -45
126 243 -44
126 243 -43
126 243 -42
126 243 -41
126 243 -40
126 243 -39
126 243 -38
126 243 -37
126 243 -36
126 243 -35
126 243 -34
126 244 -48
126 244 -47
126 244 -46
126 244 -45
126 244 -43
126 244 -42
126 244 -41
126 244 -40
126 244 -39
126 244 -38
126 244 -36
126 244 -35
126 245 -47
126 245 -46
126 245 -45
126 245 -41
126 245 -40
126 245 -39
126 245 -38
126 245 -37
126 245 -36
126 246 -47
126 246 -41
126 246 -39
126 246 -38
126 247 -39
126 247 -38
126 248 -40
126 248 -39
126 248 -38
126 249 -39
127 229 -39
127 230 -41
127 230 -40
127 230 -39
127 230 -38
127 230 -35
127 231 -43
127 231 -41
127 231 -40
127 231 -39
127 231 -38
127 231 -37
127 231 -36
127 231 -35
127 231 -34
127 232 -44
127 232 -43
127 232 -42
127 232 -41
127 232 -40
127 232 -38
127 232 -37
127 232 -36
127 232 -35
127 232 -34
127 232 -33
127 233 -44
127 233 -43
127 233 -42
127 233 -41
127 233 -40
127 233 -39
127 233 -38
127 233 -37
127 233 -36
127 233 -35
127 233 -34
127 233 -33
127 234 -45
127 234 -44
127 234 -43
127 234 -42
127 234 -41
127 234 -40
127 234 -39
127 234 -38
127 234 -37
127 234 -36
127 234 -35
127 234 -34
127 234 -33
127 235 -46
127 235 -45
127 235 -44
127 235 -43
127 235 -42
127 235 -41
127 235 -40
127 235 -39
127 235 -38
127 235 -37
127 235 -36
127 235 -35
127 235 -34
127 235 -33
127 236 -46
127 236 -45
127 236 -44
127 236 -43
127 236 -42
127 236 -41
127 236 -40
127 236 -39
127 236 -38
127 236 -37
127 236 -36
127 236 -35
127 236 -34
127 236 -33
127 237 -48
127 237 -47
127 237 -46
127 237 -45
127 237 -44
127 237 -43
127 237 -42
127 237 -41
127 237 -40
127 237 -39
127 237 -38
127 237 -37
127 237 -36
127 237 -35
127 237 -34
127 237 -33
127 238 -48
127 238 -47
127 238 -46
127 238 -45
127 238 -44
127 238 -43
127 238 -42
127 238 -41
127 238 -40
127 238 -39
127 238 -38
127 238 -37
127 238 -36
127 238 -35
127 238 -34
127 238 -33
127 239 -48
127 239 -47
127 239 -46
127 239 -45
127 239 -44
127 239 -43
127 239 -42
127 239 -41
127 239 -40
127 239 -39
127 239 -38
127 239 -37
127 239 -36
127 239 -35
127 239 -34
127 239 -33
127 240 -48
127 240 -47
127 240 -46
127 240 -45
127 240 -44
127 240 -43
127 240 -42
127 240 -41
127 240 -40
127 240 -39
127 240 -38
127 240 -37
127 240 -36
127 240 -35
127 240 -34
127 240 -33
127 241 -48
127 241 -47
127 241 -46
127 241 -45
127 241 -44
127 241 -43
127 241 -42
127 241 -41
127 241 -40
127 241 -39
127 241 -38
127 241 -37
127 241 -36
127 241 -35
127 241 -34
127 241 -33
127 242 -48
127 242 -47
127 242 -46
127 242 -45
127 242 -44
127 242 -43
127 242 -42
127 242 -41
127 242 -40
127 242 -39
127 242 -38
127 242 -37
127 242 -36
127 242 -35
127 242 -34
127 242 -33
127 243 -48
127 243 -46
127 243 -45
127 243 -44
127 243 -43
127 243 -42
127 243 -41
127 243 -40
127 243 -39
127 243 -38
127 243 -37
127 243 -36
127 244 -48
127 244 -47
127 244 -46
127 244 -45
127 244 -43
127 244 -42
127 244 -41
127 244 -40
127 244 -39
127 244 -38
127 244 -37
127 244 -36
127 244 -35
127 244 -34
127 245 -48
127 245 -47
127 245 -46
127 245 -43
127 245 -42
127 245 -41
127 245 -40
127 245 -37
127 245 -35
127 246 -41
127 246 -40
127 246 -39
127 246 -38
127 246 -37
127 247 -39
127 247 -38

