alfheim:altLeaves
6
192 208 31
192 219 21
192 220 16
192 220 17
192 220 18
192 220 19
192 220 20
192 220 21
192 220 22
192 220 23
192 221 16
192 221 17
192 221 18
192 221 19
192 221 20
192 221 21
192 221 24
192 222 16
192 222 17
192 222 18
192 222 19
192 222 20
192 222 21
192 222 22
192 222 23
192 223 16
192 223 17
192 223 18
192 223 19
192 223 20
192 223 21
192 223 22
192 224 16
192 224 17
192 224 18
192 224 19
192 224 20
192 224 21
192 224 22
193 218 18
193 219 17
193 219 18
193 219 19
193 219 20
193 220 18
193 220 19
193 220 20
193 220 21
193 220 23
193 220 24
193 221 17
193 221 18
193 221 19
193 221 20
193 221 21
193 221 22
193 221 23
193 221 24
193 221 25
193 222 16
193 222 17
193 222 18
193 222 19
193 222 20
193 222 21
193 222 22
193 222 23
193 222 24
193 222 25
193 223 16
193 223 17
193 223 18
193 223 19
193 223 20
193 223 21
193 223 22
193 223 24
193 223 25
193 224 16
193 224 17
193 224 18
193 224 19
193 224 20
193 224 21
193 224 22
193 224 23
193 224 24
194 218 17
194 218 19
194 218 20
194 218 22
194 219 17
194 219 19
194 219 20
194 219 21
194 219 22
194 220 16
194 220 17
194 220 18
194 220 19
194 220 20
194 220 21
194 220 22
194 220 23
194 220 24
194 220 25
194 221 17
194 221 18
194 221 19
194 221 20
194 221 21
194 221 22
194 221 24
194 222 16
194 222 17
194 222 18
194 222 19
194 222 20
194 222 21
194 222 22
194 222 23
194 222 24
194 222 26
194 222 27
194 223 16
194 223 17
194 223 18
194 223 19
194 223 20
194 223 21
194 223 22
194 223 23
194 223 25
194 223 26
194 224 16
194 224 17
194 224 18
194 224 19
194 224 20
194 224 21
194 224 22
194 224 23
194 224 24
195 217 21
195 218 20
195 218 21
195 218 22
195 218 23
195 219 20
195 219 21
195 219 22
195 219 23
195 219 25
195 220 19
195 220 20
195 220 21
195 220 22
195 220 23
195 220 24
195 220 25
195 220 26
195 221 17
195 221 18
195 221 19
195 221 20
195 221 21
195 221 22
195 221 23
195 221 24
195 221 25
195 222 16
195 222 17
195 222 18
195 222 19
195 222 20
195 222 21
195 222 22
195 222 23
195 222 24
195 222 25
195 222 26
195 222 27
195 223 16
195 223 17
195 223 18
195 223 19
195 223 20
195 223 21
195 223 22
195 223 23
195 223 24
195 223 25
195 223 26
195 224 16
195 224 17
195 224 18
195 224 19
195 224 20
195 224 21
195 224 22
195 224 23
196 217 22
196 218 19
196 218 20
196 218 22
196 219 17
196 219 18
196 219 19
196 219 20
196 219 21
196 219 22
196 220 16
196 220 17
196 220 18
196 220 20
196 220 21
196 220 22
196 220 23
196 220 24
196 220 25
196 221 16
196 221 17
196 221 18
196 221 19
196 221 20
196 221 21
196 221 22
196 221 23
196 221 24
196 221 25
196 221 26
196 222 16
196 222 17
196 222 18
196 222 19
196 222 20
196 222 21
196 222 22
196 222 23
196 222 24
196 222 25
196 223 16
196 223 17
196 223 18
196 223 19
196 223 20
196 223 21
196 223 22
196 223 23
196 223 24
196 224 16
196 224 17
196 224 18
196 224 19
196 224 20
196 224 21
196 224 22
196 224 23
196 224 24
197 218 21
197 218 22
197 219 18
197 219 19
197 219 20
197 219 21
197 219 22
197 220 17
197 220 18
197 220 19
197 220 20
197 220 21
197 220 24
197 221 16
197 221 17
197 221 18
197 221 19
197 221 20
197 221 21
197 221 22
197 221 24
197 222 16
197 222 17
197 222 18
197 222 19
197 222 20
197 222 21
197 222 23
197 223 16
197 223 17
197 223 18
197 223 19
197 223 20
197 223 21
197 223 22
197 223 23
197 224 16
197 224 17
197 224 18
197 224 19
197 224 20
197 224 21
197 224 22
197 224 23
198 219 18
198 219 21
198 219 22
198 220 16
198 220 17
198 220 18
198 220 19
198 220 20
198 220 21
198 220 22
198 220 23
198 221 16
198 221 17
198 221 18
198 221 19
198 221 20
198 221 21
198 221 22
198 222 16
198 222 17
198 222 18
198 222 19
198 222 20
198 222 21
198 222 22
198 222 23
198 223 17
198 223 18
198 223 19
198 223 20
198 223 21
198 223 22
198 223 23
198 224 16
198 224 17
198 224 18
198 224 19
198 224 20
198 224 21
198 224 22
199 218 20
199 218 21
199 219 16
199 219 18
199 219 20
199 219 21
199 219 22
199 220 16
199 220 17
199 220 18
199 220 19
199 220 20
199 220 21
199 220 22
199 220 23
199 221 16
199 221 17
199 221 18
199 221 19
199 221 20
199 221 21
199 222 16
199 222 17
199 222 18
199 222 19
199 222 20
199 222 21
199 222 22
199 222 23
199 223 16
199 223 17
199 223 18
199 223 19
199 223 20
199 223 21
199 223 22
199 224 16
199 224 17
199 224 18
199 224 19
199 224 20
199 224 21
199 224 22
200 216 21
200 217 19
200 217 21
200 217 22
200 218 17
200 218 19
200 218 20
200 218 21
200 218 22
200 218 23
200 219 17
200 219 18
200 219 19
200 219 20
200 219 21
200 219 22
200 219 23
200 220 16
200 220 17
200 220 18
200 220 19
200 220 20
200 220 21
200 220 22
200 221 16
200 221 17
200 221 18
200 221 19
200 221 20
200 221 21
200 221 22
200 222 16
200 222 17
200 222 18
200 222 19
200 222 20
200 222 21
200 222 22
200 223 16
200 223 17
200 223 18
200 223 19
200 223 20
200 223 21
200 223 22
200 224 16
200 224 17
200 224 18
200 224 19
200 224 20
200 224 21
200 224 22
201 216 21
201 217 18
201 217 21
201 217 22
201 218 16
201 218 17
201 218 19
201 218 20
201 218 21
201 218 22
201 219 16
201 219 17
201 219 18
201 219 19
201 219 20
201 219 21
201 220 16
201 220 17
201 220 18
201 220 19
201 220 20
201 220 21
201 221 16
201 221 17
201 221 18
201 221 19
201 221 20
201 221 21
201 222 16
201 222 17
201 222 18
201 222 19
201 222 20
201 222 21
201 223 16
201 223 17
201 223 18
201 223 19
201 223 20
201 223 21
201 224 16
201 224 17
201 224 18
201 224 19
201 224 20
201 224 21
201 224 22
202 217 16
202 217 18
202 217 19
202 217 21
202 218 16
202 218 17
202 218 18
202 218 20
202 219 16
202 219 17
202 219 18
202 219 19
202 219 20
202 220 16
202 220 17
202 220 18
202 220 19
202 220 20
202 221 16
202 221 17
202 221 18
202 221 19
202 221 20
202 222 16
202 222 17
202 222 18
202 222 19
202 222 20
202 223 16
202 223 17
202 223 18
202 223 19
202 223 20
202 224 16
202 224 17
202 224 19
202 224 20
202 224 21
203 217 18
203 217 19
203 217 20
203 218 17
203 218 18
203 218 19
203 218 20
203 219 16
203 219 17
203 219 18
203 219 19
203 219 20
203 220 16
203 220 17
203 220 18
203 220 19
203 221 16
203 221 17
203 221 18
203 221 19
203 222 16
203 222 17
203 222 18
203 222 19
203 223 16
203 223 17
203 223 18
203 223 19
203 223 20
203 224 16
203 224 17
203 224 18
203 224 19
203 224 20
204 217 17
204 217 21
204 218 16
204 218 17
204 218 19
204 218 20
204 219 16
204 219 17
204 219 18
204 219 19
204 220 16
204 220 17
204 220 18
204 220 19
204 221 16
204 221 17
204 221 18
204 221 19
204 222 16
204 222 17
204 222 18
204 222 19
204 223 16
204 223 17
204 223 18
204 223 19
204 224 16
204 224 17
204 224 18
204 224 19
204 224 20
205 217 17
205 218 17
205 218 18
205 218 19
205 219 16
205 219 17
205 219 18
205 219 19
205 220 16
205 220 17
205 220 18
205 220 19
205 221 16
205 221 17
205 221 18
205 221 19
205 222 16
205 222 17
205 222 18
205 222 19
205 223 16
205 223 17
205 223 18
205 223 19
205 224 16
205 224 17
205 224 18
205 224 19
205 224 20
206 216 18
206 217 18
206 217 19
206 218 18
206 219 17
206 219 18
206 219 19
206 220 17
206 220 18
206 220 19
206 221 16
206 221 17
206 221 18
206 222 16
206 222 17
206 222 18
206 222 19
206 223 16
206 223 17
206 223 18
206 223 19
206 224 16
206 224 17
206 224 18
206 224 19
206 224 20
207 218 17
207 218 18
207 218 19
207 218 20
207 219 16
207 219 17
207 219 18
207 219 19
207 219 20
207 220 16
207 220 17
207 220 18
207 221 16
207 221 17
207 221 18
207 221 19
207 222 16
207 222 17
207 222 18
207 222 19
207 223 16
207 223 17
207 223 18
207 223 20
207 224 16
207 224 17
207 224 18
207 224 19
192 225 16
192 225 17
192 225 18
192 225 19
192 225 20
192 225 21
192 225 22
192 225 23
192 226 16
192 226 17
192 226 18
192 226 19
192 226 20
192 226 21
192 226 22
192 226 23
192 227 16
192 227 17
192 227 18
192 227 19
192 227 20
192 227 21
192 227 22
192 227 23
192 228 16
192 228 17
192 228 18
192 228 19
192 228 20
192 228 21
192 228 22
192 228 23
192 228 24
192 228 25
192 229 16
192 229 17
192 229 18
192 229 19
192 229 20
192 229 21
192 229 22
192 229 23
192 229 24
192 230 16
192 230 17
192 230 18
192 230 19
192 230 20
192 230 21
192 230 22
192 230 23
192 231 16
192 231 17
192 231 18
192 231 19
192 231 20
192 231 21
192 232 16
192 232 17
192 232 18
192 232 19
192 232 20
192 232 21
192 232 22
192 233 16
192 233 17
192 233 19
192 233 20
192 234 16
192 234 17
192 234 19
192 234 21
192 235 16
192 235 17
192 235 18
192 235 19
192 235 21
192 235 22
192 235 23
192 236 16
192 236 17
192 236 18
192 236 19
192 236 20
192 236 21
192 236 22
192 236 23
192 237 16
192 237 17
192 237 18
192 237 19
192 237 20
192 237 21
192 237 22
192 237 23
192 237 24
192 237 25
192 237 26
192 238 16
192 238 17
192 238 18
192 238 19
192 238 20
192 238 21
192 238 22
192 238 23
192 238 24
192 238 25
192 239 16
192 239 17
192 239 18
192 239 19
192 239 20
192 239 21
192 239 22
192 239 23
192 239 24
192 239 25
192 240 16
192 240 17
192 240 18
192 240 19
192 240 20
192 240 21
192 240 22
192 240 23
192 240 24
192 240 25
192 241 16
192 241 17
192 241 18
192 241 19
192 241 20
192 241 21
192 241 22
192 242 16
192 242 17
192 242 18
192 242 19
192 242 20
192 242 21
192 242 22
192 242 23
192 242 24
192 242 25
192 242 26
192 242 27
192 242 28
192 242 29
192 243 16
192 243 17
192 243 18
192 243 19
192 243 20
192 243 21
192 243 22
192 243 23
192 243 24
192 243 25
192 243 26
192 243 27
192 243 28
192 243 29
192 244 16
192 244 17
192 244 18
192 244 19
192 244 20
192 244 21
192 244 22
192 244 23
192 244 24
192 244 25
192 244 26
192 244 27
192 244 29
192 245 16
192 245 17
192 245 18
192 245 19
192 245 20
192 245 21
192 245 22
192 245 23
192 245 24
192 245 25
192 245 26
192 245 27
192 245 28
192 245 29
192 245 30
192 245 31
192 246 16
192 246 17
192 246 18
192 246 19
192 246 20
192 246 21
192 246 22
192 246 23
192 246 24
192 246 25
192 246 26
192 246 27
192 246 28
192 246 29
192 246 30
192 246 31
192 247 16
192 247 17
192 247 18
192 247 19
192 247 20
192 247 21
192 247 22
192 247 23
192 247 24
192 247 25
192 247 26
192 247 27
192 247 29
192 247 30
192 247 31
192 248 16
192 248 17
192 248 18
192 248 19
192 248 20
192 248 21
192 248 22
192 248 23
192 248 24
192 248 25
192 248 26
192 248 27
192 248 28
192 248 29
192 248 30
192 248 31
192 249 16
192 249 17
192 249 18
192 249 19
192 249 20
192 249 21
192 249 22
192 249 23
192 249 24
192 249 25
192 249 26
192 249 27
192 249 28
192 249 29
192 249 30
192 250 16
192 250 17
192 250 18
192 250 19
192 250 20
192 250 21
192 250 24
192 250 25
192 250 26
192 250 28
192 251 18
192 251 21
192 251 25
192 251 26
192 252 26
193 225 16
193 225 17
193 225 18
193 225 19
193 225 20
193 225 21
193 225 22
193 225 23
193 225 24
193 226 16
193 226 17
193 226 18
193 226 19
193 226 20
193 226 21
193 226 22
193 226 23
193 227 16
193 227 17
193 227 18
193 227 19
193 227 20
193 227 21
193 227 22
193 227 23
193 228 16
193 228 17
193 228 18
193 228 19
193 228 20
193 228 21
193 228 22
193 228 23
193 228 24
193 229 16
193 229 17
193 229 18
193 229 19
193 229 20
193 229 21
193 229 22
193 230 16
193 230 17
193 230 18
193 230 19
193 230 20
193 230 21
193 230 22
193 231 16
193 231 17
193 231 18
193 231 20
193 231 21
193 231 22
193 232 16
193 232 17
193 232 19
193 232 20
193 232 21
193 233 16
193 233 17
193 233 18
193 234 16
193 234 17
193 234 18
193 234 19
193 235 16
193 235 17
193 235 18
193 235 19
193 235 23
193 236 16
193 236 17
193 236 18
193 236 19
193 236 20
193 236 21
193 236 22
193 236 23
193 237 16
193 237 17
193 237 18
193 237 19
193 237 20
193 237 21
193 237 22
193 237 23
193 237 25
193 238 16
193 238 17
193 238 18
193 238 19
193 238 20
193 238 21
193 238 23
193 239 16
193 239 17
193 239 18
193 239 19
193 239 20
193 239 23
193 240 16
193 240 17
193 240 18
193 240 19
193 240 20
193 240 21
193 240 22
193 240 23
193 240 24
193 240 25
193 241 16
193 241 17
193 241 18
193 241 19
193 241 20
193 241 21
193 241 22
193 241 23
193 241 25
193 241 26
193 242 16
193 242 17
193 242 19
193 242 20
193 242 21
193 242 22
193 242 23
193 242 24
193 242 25
193 242 26
193 242 27
193 242 28
193 243 16
193 243 17
193 243 18
193 243 19
193 243 20
193 243 21
193 243 22
193 243 23
193 243 24
193 243 25
193 243 26
193 243 27
193 243 28
193 244 16
193 244 17
193 244 18
193 244 19
193 244 20
193 244 21
193 244 22
193 244 23
193 244 24
193 244 25
193 244 26
193 244 27
193 244 29
193 245 16
193 245 17
193 245 18
193 245 19
193 245 20
193 245 21
193 245 22
193 245 23
193 245 24
193 245 25
193 245 26
193 245 27
193 245 28
193 245 29
193 245 30
193 245 31
193 246 16
193 246 17
193 246 18
193 246 19
193 246 20
193 246 21
193 246 22
193 246 23
193 246 24
193 246 25
193 246 26
193 246 27
193 246 28
193 246 29
193 246 30
193 246 31
193 247 16
193 247 17
193 247 18
193 247 19
193 247 20
193 247 21
193 247 22
193 247 23
193 247 24
193 247 25
193 247 26
193 247 27
193 247 28
193 247 29
193 247 30
193 247 31
193 248 16
193 248 17
193 248 18
193 248 19
193 248 20
193 248 21
193 248 22
193 248 23
193 248 24
193 248 25
193 248 26
193 248 27
193 248 28
193 248 29
193 248 30
193 249 16
193 249 17
193 249 18
193 249 19
193 249 20
193 249 21
193 249 22
193 249 23
193 249 24
193 249 25
193 249 26
193 249 27
193 249 28
193 249 30
193 250 16
193 250 17
193 250 18
193 250 22
193 250 23
193 250 24
193 250 25
193 250 26
193 250 28
193 251 24
193 251 25
193 252 16
193 252 17
193 252 24
193 252 25
194 225 16
194 225 17
194 225 18
194 225 19
194 225 20
194 225 21
194 225 22
194 225 23
194 226 16
194 226 17
194 226 18
194 226 19
194 226 20
194 226 22
194 226 23
194 227 16
194 227 17
194 227 18
194 227 19
194 227 20
194 227 21
194 227 22
194 227 23
194 228 16
194 228 17
194 228 18
194 228 19
194 228 20
194 228 21
194 228 22
194 228 23
194 229 16
194 229 17
194 229 18
194 229 19
194 229 20
194 229 21
194 230 16
194 230 17
194 230 18
194 230 19
194 230 20
194 231 16
194 231 17
194 231 18
194 231 19
194 231 20
194 232 16
194 232 17
194 233 16
194 233 17
194 234 16
194 234 17
194 235 16
194 235 17
194 235 18
194 236 16
194 236 17
194 236 18
194 236 19
194 237 16
194 237 17
194 237 18
194 237 19
194 237 22
194 238 16
194 238 17
194 238 18
194 238 20
194 238 21
194 238 22
194 239 16
194 239 17
194 239 18
194 239 19
194 239 20
194 239 22
194 239 23
194 239 24
194 240 16
194 240 17
194 240 18
194 240 19
194 240 20
194 240 21
194 240 22
194 240 24
194 241 17
194 241 19
194 241 20
194 241 21
194 242 16
194 242 17
194 242 18
194 242 19
194 242 20
194 242 21
194 242 23
194 242 25
194 242 26
194 242 27
194 243 16
194 243 17
194 243 18
194 243 19
194 243 20
194 243 21
194 243 23
194 243 24
194 243 25
194 243 26
194 243 27
194 244 16
194 244 17
194 244 18
194 244 19
194 244 20
194 244 21
194 244 22
194 244 23
194 244 24
194 244 25
194 244 27
194 244 29
194 245 16
194 245 17
194 245 18
194 245 19
194 245 20
194 245 21
194 245 22
194 245 23
194 245 24
194 245 25
194 245 26
194 245 27
194 245 28
194 245 29
194 246 16
194 246 17
194 246 18
194 246 19
194 246 20
194 246 21
194 246 22
194 246 23
194 246 24
194 246 25
194 246 26
194 246 27
194 246 28
194 246 29
194 247 16
194 247 17
194 247 18
194 247 19
194 247 20
194 247 21
194 247 22
194 247 23
194 247 24
194 247 25
194 247 26
194 247 27
194 247 28
194 247 29
194 247 31
194 248 16
194 248 17
194 248 18
194 248 19
194 248 20
194 248 21
194 248 22
194 248 23
194 248 24
194 248 25
194 248 26
194 248 27
194 248 28
194 248 29
194 248 30
194 249 16
194 249 17
194 249 18
194 249 19
194 249 22
194 249 23
194 249 24
194 249 25
194 249 26
194 249 27
194 250 16
194 250 17
194 250 18
194 250 19
194 250 24
194 250 25
194 250 26
194 250 27
194 250 28
194 251 16
194 251 18
194 251 24
194 251 25
194 252 16
195 225 16
195 225 17
195 225 18
195 225 19
195 225 20
195 225 21
195 225 22
195 225 23
195 226 16
195 226 17
195 226 18
195 226 19
195 226 20
195 226 21
195 226 22
195 226 23
195 226 24
195 226 25
195 227 16
195 227 17
195 227 18
195 227 19
195 227 20
195 227 21
195 227 22
195 227 24
195 228 16
195 228 17
195 228 18
195 228 19
195 228 20
195 228 22
195 229 16
195 229 17
195 229 18
195 229 19
195 229 20
195 229 21
195 229 22
195 230 16
195 230 17
195 230 18
195 230 19
195 230 21
195 231 16
195 231 17
195 231 19
195 232 19
195 233 16
195 234 16
195 235 16
195 235 18
195 237 16
195 237 17
195 238 16
195 238 18
195 239 16
195 239 17
195 239 19
195 239 20
195 239 23
195 240 16
195 240 17
195 240 20
195 240 21
195 241 17
195 241 18
195 241 19
195 241 20
195 241 21
195 242 16
195 242 17
195 242 18
195 242 19
195 242 20
195 242 21
195 242 22
195 243 16
195 243 17
195 243 18
195 243 19
195 243 23
195 243 25
195 243 26
195 244 16
195 244 17
195 244 18
195 244 19
195 244 20
195 244 21
195 244 22
195 244 23
195 244 24
195 244 25
195 244 26
195 244 27
195 245 16
195 245 17
195 245 18
195 245 19
195 245 20
195 245 21
195 245 22
195 245 23
195 245 24
195 245 25
195 245 26
195 245 27
195 245 28
195 246 16
195 246 17
195 246 18
195 246 19
195 246 20
195 246 21
195 246 22
195 246 23
195 246 24
195 246 26
195 246 27
195 246 28
195 247 16
195 247 17
195 247 18
195 247 19
195 247 20
195 247 21
195 247 22
195 247 23
195 247 24
195 247 25
195 247 26
195 247 27
195 247 28
195 248 16
195 248 17
195 248 18
195 248 19
195 248 20
195 248 21
195 248 22
195 248 23
195 248 24
195 248 27
195 248 29
195 249 16
195 249 17
195 249 18
195 249 19
195 249 20
195 249 21
195 249 22
195 249 24
195 249 25
195 249 26
195 249 27
195 250 16
195 250 17
195 250 18
195 250 19
195 250 24
195 250 26
195 251 16
195 251 17
195 251 18
195 252 16
195 252 17
195 253 16
195 253 17
195 254 16
196 225 16
196 225 17
196 225 18
196 225 19
196 225 20
196 225 21
196 225 22
196 226 16
196 226 17
196 226 18
196 226 19
196 226 20
196 226 21
196 226 22
196 227 16
196 227 17
196 227 18
196 227 19
196 227 21
196 227 22
196 228 16
196 228 17
196 228 18
196 228 20
196 229 16
196 229 17
196 229 18
196 229 19
196 230 16
196 230 17
196 230 19
196 231 16
196 231 19
196 233 16
196 234 16
196 237 16
196 238 16
196 239 16
196 240 16
196 241 16
196 241 17
196 242 16
196 242 17
196 242 18
196 242 19
196 242 20
196 243 16
196 243 17
196 243 18
196 243 19
196 243 20
196 244 16
196 244 17
196 244 18
196 244 19
196 244 20
196 244 21
196 244 22
196 244 25
196 244 26
196 245 16
196 245 17
196 245 18
196 245 19
196 245 20
196 245 25
196 245 26
196 246 16
196 246 17
196 246 18
196 246 19
196 246 20
196 246 21
196 246 22
196 246 23
196 246 24
196 246 26
196 247 16
196 247 17
196 247 18
196 247 19
196 247 20
196 247 21
196 247 22
196 247 25
196 247 26
196 247 28
196 248 16
196 248 17
196 248 18
196 248 19
196 248 20
196 248 21
196 248 22
196 248 23
196 248 24
196 248 25
196 248 26
196 248 27
196 249 16
196 249 17
196 249 18
196 249 19
196 249 20
196 249 21
196 249 22
196 249 23
196 249 26
196 250 16
196 250 17
196 250 18
196 250 19
196 250 20
196 250 22
196 251 16
196 251 17
196 251 19
196 251 20
196 252 16
196 252 17
196 252 18
196 252 19
196 253 16
196 253 17
196 253 18
196 253 19
196 254 17
196 254 18
197 225 16
197 225 17
197 225 18
197 225 19
197 225 20
197 225 21
197 225 22
197 225 23
197 226 16
197 226 17
197 226 18
197 226 19
197 226 20
197 226 21
197 226 22
197 226 23
197 227 16
197 227 17
197 227 18
197 227 20
197 227 21
197 227 22
197 227 23
197 228 16
197 228 17
197 228 19
197 228 21
197 228 22
197 229 16
197 229 17
197 230 16
197 231 16
197 231 17
197 232 16
197 240 18
197 241 16
197 241 17
197 241 18
197 241 19
197 242 16
197 242 17
197 242 18
197 243 16
197 243 17
197 243 18
197 243 19
197 243 20
197 243 21
197 244 16
197 244 17
197 244 18
197 244 19
197 244 20
197 244 21
197 245 16
197 245 17
197 245 18
197 245 19
197 245 21
197 245 26
197 246 16
197 246 17
197 246 18
197 246 19
197 246 20
197 246 21
197 246 25
197 246 26
197 246 27
197 247 16
197 247 17
197 247 18
197 247 19
197 247 20
197 247 21
197 247 22
197 247 25
197 247 26
197 248 16
197 248 17
197 248 18
197 248 19
197 248 20
197 248 21
197 248 22
197 248 23
197 249 16
197 249 17
197 249 18
197 249 19
197 249 20
197 249 21
197 250 16
197 250 17
197 250 18
197 250 19
197 251 16
197 251 17
197 251 18
197 252 16
197 253 16
198 225 16
198 225 17
198 225 18
198 225 19
198 225 21
198 225 22
198 226 16
198 226 17
198 226 18
198 226 19
198 226 20
198 226 21
198 226 22
198 227 16
198 227 17
198 227 18
198 227 19
198 227 20
198 228 16
198 228 17
198 228 18
198 228 19
198 228 21
198 229 16
198 229 17
198 229 18
198 230 16
198 239 16
198 240 16
198 240 17
198 241 16
198 242 16
198 242 17
198 243 16
198 243 17
198 243 18
198 243 19
198 244 16
198 244 17
198 244 18
198 244 19
198 244 20
198 244 21
198 245 16
198 245 17
198 245 18
198 245 19
198 245 20
198 246 16
198 246 17
198 246 18
198 246 19
198 246 20
198 246 21
198 246 22
198 246 26
198 247 16
198 247 17
198 247 18
198 247 19
198 247 20
198 247 21
198 247 25
198 247 26
198 248 16
198 248 17
198 248 18
198 248 19
198 248 20
198 248 22
198 248 26
198 249 16
198 249 17
198 249 18
198 249 19
198 249 20
198 250 16
198 250 17
198 250 18
198 250 20
198 251 16
198 251 17
198 252 16
198 252 17
198 253 16
198 254 16
199 225 16
199 225 17
199 225 18
199 225 19
199 225 20
199 225 21
199 225 22
199 226 16
199 226 17
199 226 18
199 226 19
199 226 20
199 226 21
199 226 22
199 227 16
199 227 17
199 227 18
199 227 19
199 227 21
199 228 16
199 228 17
199 228 19
199 228 20
199 229 16
199 229 18
199 229 19
199 230 16
199 230 18
199 241 16
199 242 16
199 242 17
199 243 16
199 243 17
199 243 18
199 243 19
199 243 20
199 244 16
199 244 17
199 244 18
199 244 19
199 245 16
199 245 17
199 245 18
199 245 19
199 245 20
199 245 21
199 246 16
199 246 17
199 246 18
199 246 19
199 246 20
199 246 21
199 247 16
199 247 17
199 247 18
199 247 19
199 247 20
199 247 26
199 248 16
199 248 17
199 248 18
199 248 19
199 248 20
199 249 16
199 249 17
199 249 18
199 249 19
199 249 20
199 249 21
199 250 16
199 250 17
199 250 19
199 251 16
199 252 17
200 225 16
200 225 17
200 225 18
200 225 19
200 225 20
200 225 21
200 225 22
200 226 16
200 226 17
200 226 18
200 226 19
200 226 20
200 226 21
200 226 22
200 227 16
200 227 17
200 227 18
200 227 19
200 227 20
200 227 21
200 228 16
200 228 17
200 228 18
200 228 19
200 228 20
200 229 16
200 229 17
200 229 18
200 229 19
200 230 16
200 230 17
200 230 18
200 231 16
200 231 18
200 241 16
200 242 16
200 242 17
200 242 18
200 243 16
200 243 17
200 243 18
200 243 20
200 244 16
200 244 17
200 244 18
200 244 19
200 244 20
200 245 16
200 245 17
200 245 18
200 245 19
200 245 20
200 245 21
200 246 16
200 246 17
200 246 18
200 246 19
200 246 20
200 246 21
200 246 22
200 247 16
200 247 17
200 247 18
200 247 19
200 247 20
200 247 21
200 248 16
200 248 17
200 248 18
200 248 19
200 248 20
200 248 21
200 249 16
200 249 17
200 249 18
200 249 19
200 249 21
200 250 16
200 250 17
200 250 18
200 250 19
200 250 20
200 251 19
201 225 16
201 225 17
201 225 18
201 225 19
201 225 20
201 225 21
201 225 22
201 226 16
201 226 17
201 226 18
201 226 19
201 226 20
201 226 21
201 226 22
201 227 16
201 227 17
201 227 18
201 227 19
201 227 22
201 228 16
201 228 17
201 228 18
201 228 20
201 229 16
201 229 17
201 229 18
201 230 17
201 241 16
201 241 17
201 242 16
201 242 17
201 242 18
201 243 16
201 243 17
201 243 18
201 244 16
201 244 17
201 244 18
201 245 16
201 245 17
201 245 18
201 245 19
201 245 20
201 246 16
201 246 17
201 246 18
201 246 19
201 247 16
201 247 17
201 247 18
201 247 19
201 247 20
201 248 16
201 248 17
201 248 18
201 248 19
201 249 16
201 249 17
201 249 18
201 249 19
201 250 16
201 250 17
201 250 18
201 251 16
201 252 16
202 225 16
202 225 17
202 225 18
202 225 19
202 225 20
202 225 21
202 225 22
202 226 16
202 226 17
202 226 19
202 226 20
202 226 22
202 227 16
202 227 17
202 227 18
202 227 20
202 227 22
202 228 16
202 228 17
202 229 16
202 229 17
202 229 18
202 242 16
202 242 17
202 242 18
202 242 19
202 243 16
202 243 17
202 243 18
202 243 19
202 244 16
202 244 17
202 244 18
202 245 16
202 245 17
202 245 18
202 245 19
202 246 16
202 246 17
202 246 18
202 246 19
202 246 20
202 246 21
202 247 16
202 247 17
202 247 18
202 247 19
202 247 20
202 248 16
202 248 17
202 248 18
202 248 19
202 248 20
202 249 16
202 249 17
202 250 16
202 250 17
202 251 16
202 251 17
202 252 16
203 225 16
203 225 18
203 225 19
203 225 20
203 225 21
203 226 16
203 226 17
203 226 19
203 226 20
203 226 21
203 226 22
203 226 23
203 227 17
203 227 20
203 227 23
203 228 16
203 229 17
203 241 17
203 242 16
203 242 17
203 242 18
203 243 16
203 243 17
203 243 18
203 244 16
203 244 17
203 244 18
203 244 19
203 245 16
203 245 17
203 245 18
203 245 19
203 245 20
203 246 16
203 246 17
203 246 18
203 246 19
203 246 20
203 247 16
203 247 17
203 247 18
203 247 19
203 248 16
203 248 17
203 248 18
203 249 16
204 225 16
204 225 17
204 225 18
204 225 19
204 225 20
204 225 21
204 226 16
204 226 17
204 226 18
204 227 16
204 227 17
204 227 18
204 228 16
204 242 16
204 244 16
204 244 18
204 245 17
204 245 18
204 246 16
204 246 17
204 246 18
204 246 19
204 246 20
204 247 16
204 247 17
204 247 18
204 247 19
204 248 16
204 248 17
204 248 19
204 249 16
204 249 17
204 250 16
205 225 16
205 225 17
205 225 18
205 225 19
205 225 20
205 226 16
205 226 17
205 226 18
205 226 19
205 226 20
205 227 16
205 227 17
205 244 16
205 244 17
205 245 17
205 246 17
205 246 18
205 246 19
205 247 16
205 247 17
205 248 16
205 249 16
206 225 16
206 225 17
206 225 18
206 225 19
206 226 16
206 226 17
206 226 18
206 226 19
206 227 16
206 227 17
206 227 18
206 228 16
206 246 17
206 248 16
207 225 16
207 225 17
207 225 18
207 225 19
207 226 16
207 226 17
207 226 18
207 227 16
207 244 16

