alfheim:altLeaves
6
48 224 224
48 224 225
48 224 226
49 223 224
49 224 224
49 224 225
50 223 224
50 223 225
50 224 224
50 224 225
50 224 226
51 223 224
51 224 224
51 224 225
48 225 225
48 225 226
48 226 224
48 226 225
48 226 226
48 227 224
48 227 225
48 227 226
48 228 225
48 229 225
49 225 224
49 225 226
49 226 224
49 226 225
49 227 224
49 227 225
49 227 226
49 229 224
50 225 224
50 225 225
50 226 224
50 226 225
50 226 226
50 226 227
50 227 224
50 227 225
50 227 226
50 227 227
50 228 224
50 229 224
51 226 224
51 226 225
51 227 225
52 226 224
52 226 225
52 227 224
58 230 224
59 230 224
59 231 224
60 231 224

