alfheim:altLeaves
6
80 212 192
80 217 194
80 217 202
80 217 207
80 218 192
80 218 193
80 218 194
80 218 195
80 218 196
80 218 200
80 218 201
80 218 202
80 218 203
80 218 204
80 218 205
80 218 206
80 218 207
80 219 193
80 219 194
80 219 195
80 219 196
80 219 200
80 219 201
80 219 202
80 219 203
80 219 204
80 219 205
80 219 206
80 219 207
80 220 192
80 220 193
80 220 194
80 220 195
80 220 196
80 220 197
80 220 199
80 220 200
80 220 201
80 220 202
80 220 203
80 220 204
80 220 205
80 220 206
80 220 207
80 221 192
80 221 193
80 221 194
80 221 195
80 221 196
80 221 197
80 221 199
80 221 200
80 221 201
80 221 202
80 221 203
80 221 204
80 221 207
80 222 192
80 222 193
80 222 194
80 222 195
80 222 196
80 222 197
80 222 198
80 222 201
80 222 202
80 222 203
80 222 204
80 222 205
80 222 206
80 222 207
80 223 192
80 223 193
80 223 194
80 223 195
80 223 196
80 223 197
80 223 198
80 223 200
80 223 201
80 223 202
80 223 203
80 223 204
80 223 205
80 223 206
80 223 207
80 224 192
80 224 193
80 224 194
80 224 195
80 224 196
80 224 197
80 224 198
80 224 199
80 224 200
80 224 201
80 224 202
80 224 203
80 224 204
80 224 205
80 224 206
80 224 207
81 218 193
81 218 194
81 218 202
81 218 207
81 219 192
81 219 193
81 219 194
81 219 195
81 219 196
81 219 200
81 219 201
81 219 202
81 220 192
81 220 193
81 220 194
81 220 195
81 220 196
81 220 197
81 220 199
81 220 200
81 220 201
81 220 202
81 220 203
81 220 204
81 221 192
81 221 193
81 221 194
81 221 195
81 221 196
81 221 197
81 221 198
81 221 200
81 221 201
81 221 202
81 221 203
81 221 204
81 221 207
81 222 192
81 222 193
81 222 194
81 222 195
81 222 196
81 222 197
81 222 198
81 222 199
81 222 201
81 222 202
81 222 203
81 222 204
81 222 205
81 223 192
81 223 193
81 223 194
81 223 195
81 223 196
81 223 197
81 223 198
81 223 199
81 223 201
81 223 202
81 223 203
81 223 205
81 223 206
81 223 207
81 224 192
81 224 193
81 224 194
81 224 195
81 224 196
81 224 197
81 224 199
81 224 200
81 224 201
81 224 202
81 224 203
81 224 204
81 224 205
81 224 206
81 224 207
82 210 207
82 214 207
82 217 192
82 217 193
82 217 202
82 217 207
82 218 192
82 218 193
82 218 194
82 218 201
82 218 202
82 218 203
82 219 192
82 219 193
82 219 194
82 219 195
82 219 197
82 219 198
82 219 199
82 219 200
82 219 201
82 219 202
82 219 203
82 220 192
82 220 193
82 220 194
82 220 195
82 220 196
82 220 197
82 220 198
82 220 199
82 220 200
82 220 201
82 220 202
82 220 203
82 220 204
82 221 192
82 221 193
82 221 194
82 221 195
82 221 196
82 221 197
82 221 198
82 221 199
82 221 200
82 221 201
82 221 202
82 221 203
82 221 207
82 222 192
82 222 193
82 222 194
82 222 195
82 222 196
82 222 197
82 222 198
82 222 199
82 222 200
82 222 201
82 222 202
82 222 203
82 222 204
82 222 205
82 222 207
82 223 192
82 223 193
82 223 194
82 223 195
82 223 196
82 223 197
82 223 198
82 223 199
82 223 200
82 223 201
82 223 202
82 223 203
82 223 204
82 223 205
82 224 192
82 224 193
82 224 194
82 224 195
82 224 196
82 224 197
82 224 198
82 224 199
82 224 200
82 224 201
82 224 202
82 224 203
82 224 204
82 224 205
82 224 206
82 224 207
83 211 207
83 217 199
83 217 201
83 218 193
83 218 199
83 218 200
83 218 201
83 218 202
83 218 203
83 219 193
83 219 196
83 219 199
83 219 200
83 219 201
83 219 202
83 220 192
83 220 193
83 220 194
83 220 195
83 220 196
83 220 197
83 220 199
83 220 200
83 220 201
83 220 202
83 220 203
83 220 204
83 220 205
83 221 192
83 221 193
83 221 194
83 221 195
83 221 196
83 221 197
83 221 198
83 221 199
83 221 200
83 221 201
83 221 202
83 221 203
83 221 204
83 221 205
83 222 192
83 222 193
83 222 194
83 222 195
83 222 196
83 222 197
83 222 198
83 222 199
83 222 200
83 222 201
83 222 202
83 222 203
83 222 204
83 222 205
83 223 192
83 223 193
83 223 194
83 223 195
83 223 196
83 223 197
83 223 198
83 223 199
83 223 200
83 223 201
83 223 202
83 223 203
83 223 204
83 223 205
83 223 206
83 224 192
83 224 193
83 224 194
83 224 195
83 224 196
83 224 197
83 224 198
83 224 199
83 224 200
83 224 201
83 224 202
83 224 203
83 224 204
83 224 205
83 224 206
84 216 200
84 217 192
84 217 200
84 217 201
84 218 192
84 218 198
84 218 200
84 218 201
84 218 202
84 219 192
84 219 193
84 219 195
84 219 197
84 219 198
84 219 199
84 219 200
84 219 201
84 219 202
84 220 192
84 220 193
84 220 195
84 220 196
84 220 197
84 220 198
84 220 199
84 220 200
84 220 201
84 220 202
84 220 203
84 220 204
84 220 205
84 221 192
84 221 193
84 221 194
84 221 195
84 221 196
84 221 197
84 221 198
84 221 199
84 221 200
84 221 201
84 221 202
84 221 203
84 221 204
84 221 205
84 222 192
84 222 193
84 222 194
84 222 195
84 222 196
84 222 197
84 222 198
84 222 199
84 222 200
84 222 201
84 222 202
84 222 203
84 222 204
84 222 205
84 222 206
84 222 207
84 223 192
84 223 193
84 223 194
84 223 195
84 223 196
84 223 197
84 223 198
84 223 199
84 223 200
84 223 201
84 223 202
84 223 203
84 223 204
84 223 205
84 223 206
84 223 207
84 224 192
84 224 193
84 224 194
84 224 195
84 224 196
84 224 197
84 224 198
84 224 199
84 224 200
84 224 201
84 224 202
84 224 203
84 224 204
84 224 205
84 224 206
84 224 207
85 216 200
85 217 192
85 217 200
85 217 201
85 218 192
85 218 193
85 218 194
85 218 198
85 218 199
85 218 200
85 218 201
85 218 202
85 219 192
85 219 193
85 219 198
85 219 199
85 219 200
85 219 201
85 219 202
85 219 204
85 219 206
85 220 192
85 220 193
85 220 194
85 220 195
85 220 197
85 220 198
85 220 199
85 220 200
85 220 201
85 220 202
85 220 203
85 220 204
85 220 205
85 220 206
85 221 192
85 221 193
85 221 194
85 221 195
85 221 196
85 221 197
85 221 198
85 221 199
85 221 200
85 221 201
85 221 202
85 221 203
85 221 204
85 221 205
85 221 207
85 222 192
85 222 193
85 222 194
85 222 195
85 222 196
85 222 197
85 222 198
85 222 199
85 222 200
85 222 201
85 222 202
85 222 203
85 222 204
85 222 205
85 222 206
85 223 192
85 223 193
85 223 194
85 223 195
85 223 196
85 223 197
85 223 198
85 223 199
85 223 200
85 223 201
85 223 202
85 223 203
85 223 204
85 223 205
85 223 206
85 223 207
85 224 192
85 224 193
85 224 194
85 224 195
85 224 196
85 224 197
85 224 198
85 224 199
85 224 200
85 224 202
85 224 203
85 224 204
85 224 205
85 224 206
86 216 193
86 216 200
86 217 192
86 217 193
86 217 200
86 217 201
86 217 202
86 217 203
86 217 204
86 218 192
86 218 193
86 218 194
86 218 195
86 218 200
86 218 201
86 218 202
86 218 203
86 218 204
86 218 205
86 218 207
86 219 192
86 219 193
86 219 194
86 219 195
86 219 196
86 219 197
86 219 198
86 219 199
86 219 200
86 219 201
86 219 203
86 219 204
86 219 205
86 219 206
86 219 207
86 220 192
86 220 193
86 220 194
86 220 195
86 220 196
86 220 197
86 220 198
86 220 199
86 220 200
86 220 201
86 220 202
86 220 203
86 220 204
86 220 205
86 220 206
86 220 207
86 221 192
86 221 193
86 221 194
86 221 195
86 221 196
86 221 197
86 221 198
86 221 199
86 221 200
86 221 201
86 221 202
86 221 203
86 221 204
86 221 205
86 221 206
86 221 207
86 222 192
86 222 193
86 222 194
86 222 195
86 222 196
86 222 197
86 222 198
86 222 199
86 222 200
86 222 201
86 222 202
86 222 203
86 222 204
86 222 205
86 222 206
86 222 207
86 223 192
86 223 193
86 223 194
86 223 195
86 223 196
86 223 197
86 223 198
86 223 199
86 223 200
86 223 201
86 223 202
86 223 203
86 223 204
86 223 205
86 223 207
86 224 192
86 224 193
86 224 194
86 224 195
86 224 196
86 224 197
86 224 198
86 224 199
86 224 200
86 224 201
86 224 202
86 224 203
86 224 204
86 224 205
86 224 206
86 224 207
87 216 192
87 216 193
87 216 203
87 217 192
87 217 194
87 217 200
87 217 202
87 217 203
87 217 204
87 217 206
87 218 192
87 218 193
87 218 194
87 218 198
87 218 200
87 218 201
87 218 202
87 218 203
87 218 204
87 218 205
87 218 206
87 218 207
87 219 192
87 219 194
87 219 195
87 219 198
87 219 199
87 219 200
87 219 201
87 219 202
87 219 203
87 219 204
87 219 205
87 219 206
87 219 207
87 220 192
87 220 193
87 220 194
87 220 195
87 220 196
87 220 197
87 220 198
87 220 199
87 220 200
87 220 201
87 220 202
87 220 203
87 220 204
87 220 205
87 220 206
87 220 207
87 221 192
87 221 193
87 221 194
87 221 195
87 221 196
87 221 197
87 221 198
87 221 199
87 221 200
87 221 201
87 221 202
87 221 203
87 221 204
87 221 205
87 221 206
87 221 207
87 222 192
87 222 193
87 222 194
87 222 195
87 222 196
87 222 197
87 222 198
87 222 199
87 222 200
87 222 201
87 222 202
87 222 203
87 222 204
87 222 205
87 222 206
87 222 207
87 223 192
87 223 193
87 223 194
87 223 195
87 223 196
87 223 197
87 223 198
87 223 199
87 223 200
87 223 201
87 223 202
87 223 203
87 223 204
87 223 206
87 223 207
87 224 192
87 224 193
87 224 194
87 224 195
87 224 196
87 224 197
87 224 198
87 224 199
87 224 200
87 224 201
87 224 202
87 224 203
87 224 204
87 224 205
87 224 206
87 224 207
88 216 206
88 216 207
88 217 193
88 217 200
88 217 201
88 217 206
88 217 207
88 218 192
88 218 193
88 218 198
88 218 199
88 218 200
88 218 201
88 218 202
88 218 203
88 218 207
88 219 192
88 219 193
88 219 194
88 219 195
88 219 196
88 219 197
88 219 198
88 219 199
88 219 200
88 219 201
88 219 202
88 219 203
88 219 204
88 219 205
88 219 206
88 219 207
88 220 192
88 220 193
88 220 194
88 220 195
88 220 196
88 220 197
88 220 198
88 220 199
88 220 200
88 220 201
88 220 202
88 220 203
88 220 204
88 220 205
88 220 207
88 221 192
88 221 193
88 221 194
88 221 195
88 221 196
88 221 197
88 221 198
88 221 200
88 221 201
88 221 202
88 221 203
88 221 204
88 221 205
88 221 206
88 221 207
88 222 192
88 222 193
88 222 194
88 222 195
88 222 196
88 222 197
88 222 198
88 222 199
88 222 200
88 222 201
88 222 202
88 222 203
88 222 204
88 222 205
88 222 206
88 222 207
88 223 192
88 223 193
88 223 194
88 223 195
88 223 196
88 223 197
88 223 198
88 223 199
88 223 200
88 223 201
88 223 202
88 223 203
88 223 204
88 223 205
88 223 206
88 223 207
88 224 192
88 224 193
88 224 194
88 224 195
88 224 196
88 224 197
88 224 198
88 224 199
88 224 200
88 224 201
88 224 202
88 224 203
88 224 204
88 224 205
88 224 206
89 215 207
89 216 192
89 216 206
89 216 207
89 217 192
89 217 201
89 217 202
89 217 205
89 217 206
89 217 207
89 218 192
89 218 193
89 218 198
89 218 199
89 218 200
89 218 201
89 218 202
89 218 203
89 218 205
89 218 206
89 218 207
89 219 192
89 219 193
89 219 194
89 219 198
89 219 199
89 219 200
89 219 201
89 219 202
89 219 203
89 219 204
89 219 205
89 219 206
89 219 207
89 220 192
89 220 193
89 220 194
89 220 195
89 220 196
89 220 197
89 220 198
89 220 199
89 220 200
89 220 201
89 220 202
89 220 203
89 220 204
89 220 205
89 220 206
89 220 207
89 221 192
89 221 193
89 221 194
89 221 195
89 221 196
89 221 197
89 221 198
89 221 199
89 221 200
89 221 201
89 221 202
89 221 203
89 221 204
89 221 205
89 221 206
89 221 207
89 222 192
89 222 193
89 222 194
89 222 195
89 222 196
89 222 197
89 222 198
89 222 199
89 222 200
89 222 201
89 222 202
89 222 203
89 222 204
89 222 205
89 222 206
89 222 207
89 223 192
89 223 193
89 223 194
89 223 195
89 223 196
89 223 197
89 223 198
89 223 199
89 223 200
89 223 201
89 223 202
89 223 203
89 223 204
89 223 205
89 223 206
89 223 207
89 224 192
89 224 193
89 224 194
89 224 195
89 224 196
89 224 197
89 224 198
89 224 199
89 224 200
89 224 201
89 224 202
89 224 203
89 224 204
89 224 205
89 224 207
90 215 207
90 216 192
90 216 206
90 216 207
90 217 197
90 217 198
90 217 200
90 217 201
90 217 206
90 217 207
90 218 192
90 218 193
90 218 197
90 218 198
90 218 199
90 218 200
90 218 201
90 218 202
90 218 206
90 218 207
90 219 192
90 219 193
90 219 194
90 219 195
90 219 196
90 219 197
90 219 198
90 219 199
90 219 200
90 219 201
90 219 202
90 219 203
90 219 204
90 219 205
90 219 206
90 219 207
90 220 192
90 220 193
90 220 194
90 220 195
90 220 196
90 220 197
90 220 198
90 220 199
90 220 200
90 220 201
90 220 202
90 220 203
90 220 204
90 220 205
90 220 206
90 220 207
90 221 192
90 221 193
90 221 194
90 221 195
90 221 196
90 221 197
90 221 198
90 221 199
90 221 200
90 221 201
90 221 202
90 221 203
90 221 204
90 221 205
90 221 206
90 221 207
90 222 192
90 222 193
90 222 194
90 222 195
90 222 196
90 222 197
90 222 198
90 222 199
90 222 200
90 222 201
90 222 202
90 222 203
90 222 204
90 222 205
90 222 206
90 222 207
90 223 192
90 223 193
90 223 194
90 223 195
90 223 196
90 223 197
90 223 198
90 223 199
90 223 200
90 223 201
90 223 203
90 223 204
90 223 205
90 223 206
90 223 207
90 224 192
90 224 193
90 224 194
90 224 195
90 224 196
90 224 197
90 224 198
90 224 199
90 224 200
90 224 201
90 224 202
90 224 203
90 224 204
90 224 205
90 224 206
90 224 207
91 215 200
91 216 197
91 216 198
91 216 199
91 216 200
91 216 201
91 216 206
91 217 193
91 217 197
91 217 198
91 217 199
91 217 200
91 217 201
91 217 205
91 217 206
91 217 207
91 218 192
91 218 193
91 218 195
91 218 198
91 218 199
91 218 200
91 218 204
91 218 205
91 218 206
91 218 207
91 219 192
91 219 193
91 219 195
91 219 198
91 219 199
91 219 200
91 219 201
91 219 202
91 219 203
91 219 204
91 219 205
91 219 206
91 219 207
91 220 192
91 220 193
91 220 194
91 220 195
91 220 196
91 220 197
91 220 198
91 220 200
91 220 201
91 220 202
91 220 203
91 220 204
91 220 205
91 220 206
91 220 207
91 221 192
91 221 193
91 221 194
91 221 195
91 221 196
91 221 197
91 221 198
91 221 199
91 221 200
91 221 201
91 221 202
91 221 203
91 221 204
91 221 205
91 221 206
91 221 207
91 222 192
91 222 193
91 222 194
91 222 195
91 222 196
91 222 197
91 222 198
91 222 199
91 222 200
91 222 201
91 222 202
91 222 203
91 222 204
91 222 205
91 222 206
91 222 207
91 223 192
91 223 193
91 223 194
91 223 195
91 223 196
91 223 197
91 223 198
91 223 199
91 223 201
91 223 202
91 223 203
91 223 204
91 223 205
91 223 206
91 223 207
91 224 192
91 224 193
91 224 194
91 224 195
91 224 196
91 224 197
91 224 198
91 224 199
91 224 200
91 224 201
91 224 202
91 224 203
91 224 204
91 224 205
91 224 206
91 224 207
92 215 198
92 215 207
92 216 198
92 216 199
92 216 200
92 216 206
92 216 207
92 217 197
92 217 198
92 217 199
92 217 200
92 217 205
92 217 206
92 217 207
92 218 193
92 218 197
92 218 198
92 218 199
92 218 200
92 218 202
92 218 205
92 218 206
92 218 207
92 219 193
92 219 194
92 219 195
92 219 198
92 219 199
92 219 200
92 219 201
92 219 202
92 219 203
92 219 206
92 219 207
92 220 192
92 220 194
92 220 195
92 220 196
92 220 197
92 220 198
92 220 199
92 220 200
92 220 201
92 220 202
92 220 203
92 220 204
92 220 205
92 220 206
92 220 207
92 221 192
92 221 193
92 221 194
92 221 195
92 221 196
92 221 197
92 221 198
92 221 199
92 221 200
92 221 201
92 221 202
92 221 203
92 221 205
92 221 206
92 221 207
92 222 192
92 222 193
92 222 194
92 222 195
92 222 196
92 222 197
92 222 198
92 222 199
92 222 200
92 222 201
92 222 202
92 222 203
92 222 204
92 222 205
92 222 206
92 222 207
92 223 192
92 223 193
92 223 194
92 223 195
92 223 196
92 223 197
92 223 198
92 223 199
92 223 200
92 223 201
92 223 202
92 223 203
92 223 204
92 223 205
92 223 206
92 223 207
92 224 192
92 224 193
92 224 194
92 224 195
92 224 196
92 224 197
92 224 198
92 224 199
92 224 200
92 224 201
92 224 202
92 224 203
92 224 204
92 224 205
92 224 206
92 224 207
93 215 207
93 216 198
93 216 207
93 217 199
93 217 207
93 218 196
93 218 198
93 218 199
93 218 200
93 218 203
93 218 205
93 218 206
93 218 207
93 219 192
93 219 193
93 219 194
93 219 195
93 219 196
93 219 197
93 219 198
93 219 199
93 219 200
93 219 202
93 219 203
93 219 204
93 219 206
93 219 207
93 220 192
93 220 193
93 220 194
93 220 195
93 220 197
93 220 198
93 220 199
93 220 200
93 220 201
93 220 202
93 220 203
93 220 204
93 220 205
93 220 206
93 220 207
93 221 192
93 221 193
93 221 194
93 221 195
93 221 196
93 221 197
93 221 198
93 221 199
93 221 200
93 221 201
93 221 202
93 221 203
93 221 204
93 221 205
93 221 206
93 221 207
93 222 192
93 222 193
93 222 194
93 222 195
93 222 196
93 222 197
93 222 198
93 222 199
93 222 200
93 222 201
93 222 202
93 222 203
93 222 204
93 222 205
93 222 206
93 222 207
93 223 192
93 223 193
93 223 194
93 223 195
93 223 196
93 223 197
93 223 198
93 223 199
93 223 200
93 223 201
93 223 202
93 223 203
93 223 204
93 223 205
93 223 206
93 223 207
93 224 192
93 224 193
93 224 194
93 224 195
93 224 196
93 224 197
93 224 198
93 224 199
93 224 201
93 224 202
93 224 203
93 224 204
93 224 205
93 224 206
93 224 207
94 217 198
94 217 207
94 218 192
94 218 193
94 218 197
94 218 198
94 218 199
94 218 200
94 218 206
94 218 207
94 219 192
94 219 194
94 219 195
94 219 197
94 219 198
94 219 202
94 219 206
94 219 207
94 220 192
94 220 193
94 220 194
94 220 195
94 220 196
94 220 198
94 220 199
94 220 200
94 220 202
94 220 203
94 220 204
94 220 206
94 220 207
94 221 192
94 221 193
94 221 194
94 221 195
94 221 196
94 221 197
94 221 198
94 221 199
94 221 200
94 221 201
94 221 202
94 221 203
94 221 204
94 221 205
94 221 206
94 221 207
94 222 192
94 222 193
94 222 194
94 222 195
94 222 196
94 222 197
94 222 198
94 222 199
94 222 200
94 222 201
94 222 202
94 222 203
94 222 204
94 222 205
94 222 206
94 222 207
94 223 192
94 223 193
94 223 194
94 223 195
94 223 196
94 223 197
94 223 198
94 223 199
94 223 200
94 223 201
94 223 202
94 223 203
94 223 205
94 223 206
94 223 207
94 224 192
94 224 193
94 224 194
94 224 195
94 224 196
94 224 197
94 224 198
94 224 199
94 224 200
94 224 201
94 224 202
94 224 203
94 224 204
94 224 205
94 224 206
94 224 207
95 217 192
95 217 207
95 218 192
95 218 193
95 218 197
95 218 206
95 218 207
95 219 192
95 219 193
95 219 197
95 219 198
95 219 199
95 220 192
95 220 194
95 220 196
95 220 197
95 220 199
95 220 200
95 220 202
95 220 203
95 221 192
95 221 193
95 221 194
95 221 195
95 221 197
95 221 198
95 221 199
95 221 200
95 221 202
95 221 203
95 222 192
95 222 193
95 222 194
95 222 195
95 222 196
95 222 197
95 222 198
95 222 199
95 222 200
95 222 201
95 222 202
95 222 203
95 222 204
95 222 205
95 222 206
95 222 207
95 223 192
95 223 193
95 223 194
95 223 195
95 223 196
95 223 197
95 223 199
95 223 200
95 223 201
95 223 202
95 223 203
95 223 204
95 223 205
95 223 206
95 223 207
95 224 192
95 224 193
95 224 194
95 224 195
95 224 196
95 224 198
95 224 199
95 224 200
95 224 201
95 224 203
95 224 204
95 224 205
95 224 206
95 224 207
80 225 192
80 225 193
80 225 194
80 225 195
80 225 196
80 225 198
80 225 199
80 225 200
80 225 201
80 225 202
80 225 203
80 225 204
80 225 205
80 225 206
80 225 207
80 226 192
80 226 193
80 226 194
80 226 195
80 226 196
80 226 197
80 226 198
80 226 199
80 226 200
80 226 201
80 226 202
80 226 203
80 226 204
80 226 205
80 226 206
80 226 207
80 227 192
80 227 193
80 227 194
80 227 196
80 227 198
80 227 199
80 227 200
80 227 201
80 227 202
80 227 203
80 227 204
80 227 205
80 227 206
80 227 207
80 228 192
80 228 193
80 228 194
80 228 197
80 228 198
80 228 199
80 228 200
80 228 201
80 228 202
80 228 203
80 228 204
80 228 205
80 228 206
80 228 207
80 229 192
80 229 193
80 229 197
80 229 198
80 229 199
80 229 200
80 229 201
80 229 202
80 229 203
80 229 204
80 229 205
80 229 206
80 229 207
80 230 192
80 230 193
80 230 198
80 230 199
80 230 200
80 230 201
80 230 202
80 230 203
80 230 204
80 230 205
80 230 206
80 230 207
80 231 192
80 231 193
80 231 199
80 231 200
80 231 201
80 231 202
80 231 203
80 231 204
80 231 205
80 231 206
80 231 207
80 232 192
80 232 201
80 232 202
80 232 203
80 232 204
80 232 205
80 232 206
80 232 207
80 233 192
80 233 200
80 233 201
80 233 202
80 233 203
80 233 204
80 233 205
80 233 206
80 233 207
80 234 202
80 234 203
80 234 204
80 234 205
80 234 206
80 234 207
80 235 203
80 235 204
80 235 205
80 235 206
80 236 203
80 236 204
80 236 206
80 237 206
81 225 192
81 225 193
81 225 194
81 225 195
81 225 196
81 225 197
81 225 198
81 225 199
81 225 200
81 225 201
81 225 202
81 225 203
81 225 204
81 225 205
81 225 206
81 225 207
81 226 192
81 226 194
81 226 195
81 226 196
81 226 197
81 226 198
81 226 199
81 226 200
81 226 201
81 226 202
81 226 203
81 226 204
81 226 205
81 226 206
81 226 207
81 227 192
81 227 193
81 227 194
81 227 195
81 227 196
81 227 197
81 227 198
81 227 199
81 227 200
81 227 201
81 227 202
81 227 203
81 227 204
81 227 205
81 227 206
81 227 207
81 228 192
81 228 193
81 228 194
81 228 195
81 228 198
81 228 199
81 228 200
81 228 201
81 228 202
81 228 203
81 228 204
81 228 205
81 228 206
81 228 207
81 229 192
81 229 193
81 229 194
81 229 197
81 229 198
81 229 199
81 229 200
81 229 201
81 229 202
81 229 203
81 229 204
81 229 205
81 229 206
81 229 207
81 230 192
81 230 193
81 230 194
81 230 195
81 230 197
81 230 198
81 230 199
81 230 200
81 230 201
81 230 202
81 230 203
81 230 204
81 230 205
81 230 206
81 230 207
81 231 192
81 231 193
81 231 194
81 231 199
81 231 200
81 231 201
81 231 202
81 231 203
81 231 204
81 231 205
81 231 206
81 231 207
81 232 193
81 232 201
81 232 202
81 232 203
81 232 204
81 232 205
81 232 206
81 232 207
81 233 192
81 233 202
81 233 203
81 233 204
81 233 205
81 233 206
81 233 207
81 234 202
81 234 203
81 234 205
81 234 206
81 234 207
81 235 204
81 235 205
81 235 206
81 235 207
81 236 205
81 236 206
81 236 207
82 225 192
82 225 193
82 225 194
82 225 195
82 225 196
82 225 197
82 225 198
82 225 199
82 225 200
82 225 201
82 225 202
82 225 203
82 225 204
82 225 206
82 225 207
82 226 192
82 226 193
82 226 194
82 226 195
82 226 196
82 226 197
82 226 198
82 226 199
82 226 200
82 226 201
82 226 202
82 226 203
82 226 204
82 226 205
82 226 206
82 226 207
82 227 192
82 227 193
82 227 194
82 227 195
82 227 196
82 227 197
82 227 198
82 227 199
82 227 200
82 227 201
82 227 202
82 227 203
82 227 204
82 227 205
82 227 206
82 227 207
82 228 192
82 228 193
82 228 194
82 228 195
82 228 196
82 228 197
82 228 198
82 228 199
82 228 200
82 228 201
82 228 202
82 228 203
82 228 204
82 228 205
82 228 206
82 228 207
82 229 192
82 229 193
82 229 194
82 229 195
82 229 196
82 229 197
82 229 198
82 229 199
82 229 200
82 229 201
82 229 202
82 229 203
82 229 204
82 229 205
82 229 206
82 229 207
82 230 192
82 230 193
82 230 194
82 230 195
82 230 196
82 230 197
82 230 198
82 230 199
82 230 200
82 230 201
82 230 202
82 230 203
82 230 204
82 230 205
82 230 206
82 230 207
82 231 192
82 231 193
82 231 194
82 231 197
82 231 198
82 231 199
82 231 200
82 231 201
82 231 202
82 231 203
82 231 204
82 231 205
82 231 206
82 231 207
82 232 192
82 232 198
82 232 200
82 232 201
82 232 202
82 232 203
82 232 204
82 232 205
82 232 206
82 232 207
82 233 194
82 233 202
82 233 203
82 233 204
82 233 205
82 233 206
82 233 207
82 234 203
82 234 204
82 234 205
82 234 206
82 234 207
82 235 204
82 235 205
82 235 206
82 235 207
82 236 206
83 225 192
83 225 193
83 225 194
83 225 195
83 225 196
83 225 197
83 225 198
83 225 199
83 225 200
83 225 201
83 225 202
83 225 203
83 225 204
83 225 205
83 225 206
83 225 207
83 226 192
83 226 193
83 226 195
83 226 196
83 226 197
83 226 198
83 226 199
83 226 200
83 226 201
83 226 202
83 226 203
83 226 204
83 226 205
83 226 206
83 226 207
83 227 192
83 227 193
83 227 194
83 227 195
83 227 196
83 227 197
83 227 198
83 227 199
83 227 200
83 227 201
83 227 202
83 227 203
83 227 204
83 227 205
83 227 206
83 227 207
83 228 192
83 228 193
83 228 194
83 228 195
83 228 196
83 228 197
83 228 198
83 228 199
83 228 200
83 228 201
83 228 202
83 228 203
83 228 204
83 228 205
83 228 206
83 228 207
83 229 192
83 229 193
83 229 194
83 229 195
83 229 196
83 229 197
83 229 198
83 229 199
83 229 200
83 229 201
83 229 202
83 229 203
83 229 204
83 229 205
83 229 206
83 229 207
83 230 192
83 230 193
83 230 194
83 230 195
83 230 196
83 230 197
83 230 198
83 230 199
83 230 200
83 230 201
83 230 202
83 230 203
83 230 204
83 230 205
83 230 206
83 230 207
83 231 192
83 231 193
83 231 194
83 231 196
83 231 197
83 231 198
83 231 199
83 231 200
83 231 201
83 231 202
83 231 203
83 231 204
83 231 205
83 231 206
83 231 207
83 232 192
83 232 193
83 232 194
83 232 195
83 232 198
83 232 199
83 232 201
83 232 202
83 232 203
83 232 204
83 232 205
83 232 206
83 232 207
83 233 192
83 233 194
83 233 195
83 233 202
83 233 203
83 233 204
83 233 205
83 233 206
83 233 207
83 234 193
83 234 194
83 234 204
83 234 205
83 234 206
83 234 207
83 235 194
83 235 205
83 235 206
83 235 207
83 236 206
84 225 192
84 225 193
84 225 194
84 225 195
84 225 196
84 225 198
84 225 199
84 225 200
84 225 201
84 225 202
84 225 203
84 225 204
84 225 205
84 225 206
84 225 207
84 226 192
84 226 193
84 226 194
84 226 195
84 226 196
84 226 197
84 226 198
84 226 199
84 226 200
84 226 201
84 226 202
84 226 203
84 226 204
84 226 205
84 226 206
84 226 207
84 227 192
84 227 193
84 227 194
84 227 195
84 227 196
84 227 197
84 227 198
84 227 199
84 227 200
84 227 201
84 227 202
84 227 203
84 227 204
84 227 205
84 227 206
84 227 207
84 228 192
84 228 193
84 228 194
84 228 195
84 228 196
84 228 197
84 228 198
84 228 199
84 228 200
84 228 201
84 228 202
84 228 203
84 228 204
84 228 205
84 228 206
84 228 207
84 229 192
84 229 193
84 229 194
84 229 195
84 229 196
84 229 197
84 229 198
84 229 199
84 229 200
84 229 201
84 229 202
84 229 203
84 229 204
84 229 205
84 229 206
84 229 207
84 230 192
84 230 193
84 230 194
84 230 195
84 230 196
84 230 197
84 230 198
84 230 199
84 230 200
84 230 201
84 230 202
84 230 203
84 230 204
84 230 205
84 230 206
84 230 207
84 231 192
84 231 193
84 231 194
84 231 195
84 231 196
84 231 197
84 231 198
84 231 199
84 231 200
84 231 201
84 231 202
84 231 203
84 231 204
84 231 205
84 231 206
84 231 207
84 232 192
84 232 193
84 232 194
84 232 195
84 232 196
84 232 197
84 232 198
84 232 199
84 232 200
84 232 201
84 232 202
84 232 203
84 232 204
84 232 205
84 232 206
84 232 207
84 233 192
84 233 193
84 233 194
84 233 195
84 233 199
84 233 201
84 233 202
84 233 204
84 233 205
84 233 206
84 233 207
84 234 193
84 234 194
84 234 195
84 234 203
84 234 204
84 234 205
84 234 206
84 234 207
84 235 192
84 235 194
84 235 195
84 235 203
84 235 204
84 235 205
84 235 206
84 235 207
85 225 192
85 225 193
85 225 194
85 225 195
85 225 196
85 225 197
85 225 198
85 225 199
85 225 200
85 225 201
85 225 202
85 225 203
85 225 204
85 225 205
85 225 206
85 225 207
85 226 192
85 226 193
85 226 194
85 226 195
85 226 196
85 226 197
85 226 198
85 226 199
85 226 200
85 226 201
85 226 202
85 226 203
85 226 204
85 226 205
85 226 206
85 226 207
85 227 192
85 227 193
85 227 194
85 227 195
85 227 196
85 227 197
85 227 198
85 227 199
85 227 200
85 227 201
85 227 202
85 227 203
85 227 204
85 227 205
85 227 206
85 227 207
85 228 192
85 228 193
85 228 194
85 228 195
85 228 196
85 228 197
85 228 198
85 228 199
85 228 200
85 228 201
85 228 202
85 228 203
85 228 204
85 228 205
85 228 206
85 228 207
85 229 192
85 229 193
85 229 194
85 229 195
85 229 196
85 229 197
85 229 198
85 229 199
85 229 200
85 229 201
85 229 202
85 229 203
85 229 204
85 229 205
85 229 206
85 229 207
85 230 192
85 230 193
85 230 194
85 230 195
85 230 196
85 230 197
85 230 198
85 230 199
85 230 200
85 230 201
85 230 202
85 230 203
85 230 204
85 230 205
85 230 206
85 230 207
85 231 192
85 231 193
85 231 194
85 231 195
85 231 196
85 231 197
85 231 198
85 231 199
85 231 200
85 231 201
85 231 202
85 231 203
85 231 204
85 231 205
85 231 206
85 231 207
85 232 192
85 232 193
85 232 194
85 232 195
85 232 196
85 232 197
85 232 198
85 232 199
85 232 200
85 232 201
85 232 202
85 232 203
85 232 204
85 232 205
85 232 206
85 232 207
85 233 192
85 233 193
85 233 194
85 233 195
85 233 196
85 233 197
85 233 198
85 233 199
85 233 201
85 233 203
85 233 204
85 233 205
85 233 206
85 233 207
85 234 192
85 234 193
85 234 194
85 234 195
85 234 197
85 234 198
85 234 199
85 234 200
85 234 204
85 234 205
85 234 206
85 235 192
85 235 193
85 235 194
85 235 195
85 235 196
85 235 198
85 235 199
85 235 204
85 235 205
85 235 206
85 235 207
85 236 192
85 236 194
85 236 195
85 236 204
85 236 205
85 236 206
85 236 207
85 237 206
86 225 192
86 225 193
86 225 194
86 225 195
86 225 196
86 225 197
86 225 198
86 225 199
86 225 200
86 225 201
86 225 202
86 225 203
86 225 204
86 225 205
86 225 206
86 225 207
86 226 192
86 226 193
86 226 194
86 226 195
86 226 196
86 226 197
86 226 198
86 226 199
86 226 200
86 226 201
86 226 202
86 226 203
86 226 204
86 226 205
86 226 206
86 226 207
86 227 192
86 227 193
86 227 194
86 227 195
86 227 196
86 227 197
86 227 198
86 227 199
86 227 200
86 227 201
86 227 202
86 227 203
86 227 204
86 227 205
86 227 206
86 227 207
86 228 192
86 228 193
86 228 194
86 228 195
86 228 196
86 228 197
86 228 198
86 228 199
86 228 200
86 228 201
86 228 202
86 228 203
86 228 204
86 228 205
86 228 206
86 228 207
86 229 192
86 229 193
86 229 194
86 229 195
86 229 196
86 229 197
86 229 198
86 229 199
86 229 200
86 229 201
86 229 202
86 229 203
86 229 204
86 229 205
86 229 206
86 229 207
86 230 192
86 230 193
86 230 194
86 230 195
86 230 196
86 230 197
86 230 198
86 230 199
86 230 200
86 230 201
86 230 202
86 230 203
86 230 204
86 230 205
86 230 206
86 230 207
86 231 192
86 231 193
86 231 194
86 231 195
86 231 196
86 231 197
86 231 198
86 231 199
86 231 200
86 231 201
86 231 202
86 231 203
86 231 204
86 231 205
86 231 206
86 231 207
86 232 192
86 232 193
86 232 194
86 232 195
86 232 196
86 232 197
86 232 198
86 232 199
86 232 200
86 232 201
86 232 202
86 232 203
86 232 204
86 232 205
86 232 206
86 232 207
86 233 192
86 233 193
86 233 194
86 233 196
86 233 197
86 233 198
86 233 199
86 233 200
86 233 201
86 233 202
86 233 203
86 233 204
86 233 205
86 233 206
86 233 207
86 234 192
86 234 193
86 234 194
86 234 195
86 234 196
86 234 197
86 234 198
86 234 199
86 234 203
86 234 204
86 234 205
86 234 206
86 234 207
86 235 192
86 235 193
86 235 194
86 235 197
86 235 199
86 235 205
86 235 206
86 236 194
86 236 199
86 236 205
86 236 206
86 237 206
87 225 192
87 225 193
87 225 194
87 225 195
87 225 196
87 225 197
87 225 198
87 225 199
87 225 200
87 225 201
87 225 202
87 225 203
87 225 204
87 225 205
87 225 206
87 225 207
87 226 192
87 226 193
87 226 194
87 226 195
87 226 196
87 226 198
87 226 199
87 226 200
87 226 201
87 226 202
87 226 203
87 226 204
87 226 205
87 226 206
87 226 207
87 227 192
87 227 193
87 227 194
87 227 195
87 227 196
87 227 197
87 227 198
87 227 199
87 227 200
87 227 201
87 227 202
87 227 203
87 227 204
87 227 205
87 227 206
87 227 207
87 228 192
87 228 193
87 228 194
87 228 195
87 228 196
87 228 197
87 228 198
87 228 199
87 228 200
87 228 201
87 228 202
87 228 203
87 228 204
87 228 205
87 228 206
87 228 207
87 229 192
87 229 193
87 229 194
87 229 195
87 229 196
87 229 197
87 229 198
87 229 199
87 229 200
87 229 201
87 229 202
87 229 203
87 229 204
87 229 205
87 229 206
87 229 207
87 230 192
87 230 193
87 230 194
87 230 195
87 230 196
87 230 197
87 230 198
87 230 199
87 230 200
87 230 201
87 230 202
87 230 203
87 230 204
87 230 205
87 230 206
87 230 207
87 231 192
87 231 193
87 231 194
87 231 195
87 231 196
87 231 197
87 231 198
87 231 199
87 231 200
87 231 201
87 231 202
87 231 203
87 231 204
87 231 205
87 231 206
87 231 207
87 232 192
87 232 193
87 232 194
87 232 195
87 232 196
87 232 197
87 232 198
87 232 199
87 232 200
87 232 201
87 232 202
87 232 203
87 232 204
87 232 205
87 232 206
87 232 207
87 233 192
87 233 193
87 233 194
87 233 195
87 233 196
87 233 197
87 233 198
87 233 199
87 233 200
87 233 201
87 233 202
87 233 203
87 233 204
87 233 205
87 233 206
87 233 207
87 234 192
87 234 193
87 234 194
87 234 195
87 234 197
87 234 198
87 234 199
87 234 200
87 234 201
87 234 202
87 234 203
87 234 204
87 234 205
87 234 206
87 234 207
87 235 193
87 235 194
87 235 195
87 235 197
87 235 198
87 235 201
87 235 203
87 235 204
87 235 205
87 235 206
87 235 207
87 236 193
87 236 194
87 236 195
87 236 198
87 236 206
87 236 207
88 225 192
88 225 193
88 225 194
88 225 195
88 225 196
88 225 197
88 225 198
88 225 199
88 225 200
88 225 201
88 225 202
88 225 203
88 225 204
88 225 205
88 225 206
88 226 192
88 226 193
88 226 194
88 226 195
88 226 196
88 226 197
88 226 198
88 226 199
88 226 200
88 226 201
88 226 202
88 226 203
88 226 204
88 226 205
88 226 206
88 227 192
88 227 193
88 227 194
88 227 195
88 227 196
88 227 197
88 227 198
88 227 199
88 227 200
88 227 201
88 227 202
88 227 203
88 227 204
88 227 205
88 227 206
88 227 207
88 228 192
88 228 193
88 228 194
88 228 195
88 228 196
88 228 197
88 228 198
88 228 199
88 228 200
88 228 201
88 228 202
88 228 203
88 228 204
88 228 205
88 228 206
88 228 207
88 229 192
88 229 193
88 229 194
88 229 195
88 229 196
88 229 197
88 229 198
88 229 199
88 229 200
88 229 201
88 229 202
88 229 203
88 229 204
88 229 205
88 229 206
88 229 207
88 230 192
88 230 193
88 230 194
88 230 195
88 230 196
88 230 197
88 230 198
88 230 199
88 230 200
88 230 201
88 230 202
88 230 203
88 230 204
88 230 205
88 230 206
88 230 207
88 231 192
88 231 193
88 231 194
88 231 195
88 231 196
88 231 197
88 231 198
88 231 199
88 231 200
88 231 201
88 231 202
88 231 203
88 231 204
88 231 205
88 231 206
88 231 207
88 232 192
88 232 193
88 232 194
88 232 195
88 232 196
88 232 197
88 232 198
88 232 199
88 232 200
88 232 201
88 232 202
88 232 203
88 232 204
88 232 205
88 232 206
88 232 207
88 233 192
88 233 193
88 233 194
88 233 195
88 233 196
88 233 197
88 233 198
88 233 199
88 233 200
88 233 202
88 233 203
88 233 204
88 233 205
88 233 206
88 233 207
88 234 192
88 234 193
88 234 194
88 234 195
88 234 196
88 234 197
88 234 198
88 234 199
88 234 200
88 234 202
88 234 203
88 234 204
88 234 205
88 234 206
88 234 207
88 235 192
88 235 193
88 235 194
88 235 195
88 235 196
88 235 197
88 235 199
88 235 202
88 235 203
88 235 204
88 235 205
88 235 206
88 235 207
88 236 193
88 236 194
88 236 205
89 225 192
89 225 193
89 225 194
89 225 195
89 225 196
89 225 197
89 225 198
89 225 199
89 225 200
89 225 201
89 225 202
89 225 203
89 225 204
89 225 205
89 225 206
89 225 207
89 226 192
89 226 193
89 226 194
89 226 196
89 226 197
89 226 198
89 226 199
89 226 200
89 226 201
89 226 202
89 226 203
89 226 204
89 226 205
89 226 206
89 227 192
89 227 193
89 227 194
89 227 195
89 227 196
89 227 197
89 227 198
89 227 199
89 227 200
89 227 201
89 227 202
89 227 203
89 227 204
89 227 205
89 227 206
89 227 207
89 228 192
89 228 193
89 228 194
89 228 195
89 228 196
89 228 197
89 228 198
89 228 199
89 228 200
89 228 201
89 228 202
89 228 203
89 228 204
89 228 205
89 228 206
89 228 207
89 229 192
89 229 193
89 229 194
89 229 195
89 229 196
89 229 197
89 229 198
89 229 199
89 229 200
89 229 201
89 229 202
89 229 203
89 229 204
89 229 205
89 229 206
89 229 207
89 230 192
89 230 193
89 230 194
89 230 195
89 230 196
89 230 197
89 230 198
89 230 199
89 230 200
89 230 201
89 230 202
89 230 203
89 230 204
89 230 205
89 230 206
89 230 207
89 231 192
89 231 193
89 231 194
89 231 195
89 231 196
89 231 197
89 231 198
89 231 199
89 231 200
89 231 201
89 231 202
89 231 203
89 231 204
89 231 205
89 231 206
89 231 207
89 232 192
89 232 193
89 232 194
89 232 195
89 232 196
89 232 197
89 232 198
89 232 199
89 232 200
89 232 201
89 232 202
89 232 203
89 232 204
89 232 205
89 232 206
89 232 207
89 233 192
89 233 193
89 233 194
89 233 195
89 233 196
89 233 197
89 233 198
89 233 199
89 233 200
89 233 201
89 233 202
89 233 203
89 233 204
89 233 205
89 233 206
89 233 207
89 234 192
89 234 193
89 234 194
89 234 195
89 234 196
89 234 197
89 234 198
89 234 200
89 234 201
89 234 202
89 234 203
89 234 204
89 234 205
89 234 206
89 234 207
89 235 192
89 235 193
89 235 194
89 235 195
89 235 201
89 235 202
89 235 203
89 235 204
89 235 205
89 235 206
89 236 192
89 236 193
89 236 194
89 236 195
89 236 196
89 236 198
89 237 192
89 237 193
89 237 194
89 237 195
89 237 196
89 237 197
89 238 194
89 238 195
89 238 196
90 225 192
90 225 193
90 225 194
90 225 195
90 225 196
90 225 197
90 225 198
90 225 199
90 225 200
90 225 201
90 225 202
90 225 203
90 225 204
90 225 205
90 225 206
90 225 207
90 226 192
90 226 193
90 226 194
90 226 195
90 226 196
90 226 197
90 226 198
90 226 199
90 226 200
90 226 201
90 226 202
90 226 203
90 226 204
90 226 205
90 226 206
90 226 207
90 227 192
90 227 193
90 227 194
90 227 195
90 227 196
90 227 197
90 227 198
90 227 199
90 227 200
90 227 201
90 227 202
90 227 203
90 227 204
90 227 205
90 227 206
90 227 207
90 228 192
90 228 193
90 228 194
90 228 195
90 228 196
90 228 197
90 228 198
90 228 199
90 228 200
90 228 201
90 228 202
90 228 203
90 228 204
90 228 205
90 228 206
90 228 207
90 229 192
90 229 193
90 229 194
90 229 195
90 229 196
90 229 197
90 229 198
90 229 199
90 229 200
90 229 201
90 229 202
90 229 203
90 229 204
90 229 205
90 229 206
90 229 207
90 230 192
90 230 193
90 230 194
90 230 195
90 230 196
90 230 197
90 230 198
90 230 199
90 230 200
90 230 201
90 230 202
90 230 203
90 230 204
90 230 205
90 230 206
90 230 207
90 231 192
90 231 193
90 231 194
90 231 195
90 231 196
90 231 197
90 231 198
90 231 199
90 231 200
90 231 201
90 231 202
90 231 203
90 231 204
90 231 205
90 231 206
90 231 207
90 232 192
90 232 193
90 232 194
90 232 195
90 232 196
90 232 197
90 232 198
90 232 199
90 232 200
90 232 201
90 232 202
90 232 203
90 232 204
90 232 205
90 232 206
90 232 207
90 233 192
90 233 193
90 233 194
90 233 195
90 233 196
90 233 197
90 233 198
90 233 199
90 233 200
90 233 201
90 233 202
90 233 203
90 233 204
90 233 205
90 233 206
90 233 207
90 234 192
90 234 193
90 234 194
90 234 195
90 234 196
90 234 197
90 234 198
90 234 199
90 234 200
90 234 201
90 234 202
90 234 203
90 234 204
90 234 205
90 234 206
90 235 192
90 235 193
90 235 194
90 235 195
90 235 196
90 235 197
90 235 198
90 235 200
90 235 201
90 235 202
90 235 203
90 235 204
90 235 205
90 235 206
90 236 193
90 236 194
90 236 195
90 236 196
90 236 197
90 236 198
90 236 202
90 236 203
90 237 192
90 237 193
90 237 195
90 237 196
90 237 198
90 237 199
90 238 193
90 238 195
90 238 196
90 239 196
91 225 192
91 225 193
91 225 194
91 225 195
91 225 196
91 225 197
91 225 198
91 225 199
91 225 200
91 225 201
91 225 202
91 225 203
91 225 204
91 225 205
91 225 206
91 225 207
91 226 192
91 226 193
91 226 194
91 226 195
91 226 196
91 226 197
91 226 198
91 226 199
91 226 200
91 226 201
91 226 202
91 226 203
91 226 204
91 226 205
91 226 206
91 226 207
91 227 192
91 227 193
91 227 194
91 227 195
91 227 196
91 227 197
91 227 198
91 227 199
91 227 200
91 227 201
91 227 202
91 227 203
91 227 204
91 227 205
91 227 206
91 227 207
91 228 192
91 228 193
91 228 194
91 228 195
91 228 196
91 228 197
91 228 198
91 228 199
91 228 200
91 228 201
91 228 202
91 228 203
91 228 204
91 228 205
91 228 206
91 228 207
91 229 192
91 229 193
91 229 194
91 229 195
91 229 196
91 229 197
91 229 198
91 229 199
91 229 200
91 229 201
91 229 202
91 229 203
91 229 204
91 229 205
91 229 206
91 229 207
91 230 192
91 230 193
91 230 194
91 230 195
91 230 196
91 230 197
91 230 198
91 230 199
91 230 200
91 230 201
91 230 202
91 230 203
91 230 204
91 230 205
91 230 206
91 230 207
91 231 192
91 231 193
91 231 194
91 231 195
91 231 196
91 231 197
91 231 198
91 231 199
91 231 200
91 231 201
91 231 202
91 231 203
91 231 204
91 231 205
91 231 206
91 231 207
91 232 192
91 232 193
91 232 194
91 232 195
91 232 196
91 232 197
91 232 198
91 232 199
91 232 200
91 232 201
91 232 202
91 232 203
91 232 204
91 232 205
91 232 206
91 233 192
91 233 193
91 233 194
91 233 195
91 233 196
91 233 197
91 233 198
91 233 199
91 233 200
91 233 201
91 233 202
91 233 203
91 233 204
91 233 207
91 234 192
91 234 193
91 234 194
91 234 195
91 234 196
91 234 197
91 234 198
91 234 199
91 234 200
91 234 201
91 234 202
91 234 203
91 234 204
91 234 205
91 234 206
91 235 192
91 235 193
91 235 194
91 235 195
91 235 196
91 235 197
91 235 198
91 235 199
91 235 200
91 235 201
91 235 202
91 235 203
91 235 204
91 236 192
91 236 193
91 236 194
91 236 195
91 236 196
91 236 197
91 236 198
91 236 199
91 236 200
91 236 202
91 236 203
91 236 204
91 237 192
91 237 193
91 237 194
91 237 195
91 237 196
91 237 197
91 237 198
91 237 202
91 237 203
91 237 204
91 238 192
91 238 193
91 238 195
91 238 196
91 238 197
91 238 198
91 239 192
91 239 193
91 239 195
91 239 198
91 240 193
92 225 192
92 225 193
92 225 194
92 225 195
92 225 196
92 225 197
92 225 198
92 225 199
92 225 200
92 225 201
92 225 202
92 225 203
92 225 204
92 225 205
92 225 206
92 225 207
92 226 192
92 226 193
92 226 194
92 226 195
92 226 197
92 226 198
92 226 199
92 226 200
92 226 201
92 226 202
92 226 203
92 226 204
92 226 205
92 226 206
92 226 207
92 227 192
92 227 193
92 227 194
92 227 195
92 227 196
92 227 197
92 227 198
92 227 199
92 227 200
92 227 201
92 227 202
92 227 203
92 227 204
92 227 205
92 227 206
92 227 207
92 228 192
92 228 193
92 228 194
92 228 195
92 228 196
92 228 197
92 228 198
92 228 199
92 228 200
92 228 201
92 228 202
92 228 203
92 228 204
92 228 205
92 228 206
92 228 207
92 229 192
92 229 193
92 229 194
92 229 195
92 229 196
92 229 197
92 229 198
92 229 199
92 229 200
92 229 201
92 229 202
92 229 203
92 229 204
92 229 205
92 229 206
92 229 207
92 230 192
92 230 193
92 230 194
92 230 195
92 230 196
92 230 197
92 230 198
92 230 199
92 230 200
92 230 201
92 230 202
92 230 203
92 230 204
92 230 205
92 230 206
92 230 207
92 231 192
92 231 193
92 231 194
92 231 195
92 231 196
92 231 197
92 231 198
92 231 199
92 231 200
92 231 201
92 231 202
92 231 203
92 231 204
92 231 205
92 231 206
92 231 207
92 232 192
92 232 193
92 232 194
92 232 195
92 232 196
92 232 197
92 232 198
92 232 199
92 232 200
92 232 201
92 232 202
92 232 203
92 232 204
92 232 205
92 232 207
92 233 192
92 233 193
92 233 194
92 233 195
92 233 196
92 233 197
92 233 198
92 233 199
92 233 200
92 233 201
92 233 202
92 233 203
92 233 204
92 233 205
92 233 206
92 233 207
92 234 192
92 234 193
92 234 194
92 234 195
92 234 196
92 234 197
92 234 198
92 234 199
92 234 200
92 234 201
92 234 202
92 234 203
92 234 204
92 235 192
92 235 193
92 235 194
92 235 195
92 235 196
92 235 197
92 235 198
92 235 199
92 235 200
92 235 201
92 235 202
92 235 203
92 235 204
92 235 205
92 236 192
92 236 193
92 236 194
92 236 195
92 236 196
92 236 197
92 236 198
92 236 199
92 236 200
92 236 201
92 236 202
92 237 192
92 237 193
92 237 194
92 237 195
92 237 196
92 237 197
92 237 198
92 237 200
92 237 202
92 238 192
92 238 193
92 238 194
92 238 195
92 238 196
92 238 198
92 238 199
92 239 192
92 239 193
92 239 194
92 239 195
92 239 196
92 239 198
92 240 194
93 225 192
93 225 193
93 225 194
93 225 195
93 225 196
93 225 197
93 225 198
93 225 199
93 225 200
93 225 201
93 225 202
93 225 203
93 225 204
93 225 205
93 225 206
93 225 207
93 226 192
93 226 193
93 226 194
93 226 195
93 226 196
93 226 197
93 226 198
93 226 199
93 226 200
93 226 201
93 226 202
93 226 203
93 226 204
93 226 205
93 226 206
93 226 207
93 227 192
93 227 193
93 227 194
93 227 195
93 227 196
93 227 197
93 227 198
93 227 199
93 227 200
93 227 201
93 227 202
93 227 203
93 227 204
93 227 205
93 227 206
93 227 207
93 228 192
93 228 193
93 228 194
93 228 195
93 228 196
93 228 197
93 228 198
93 228 199
93 228 200
93 228 201
93 228 202
93 228 203
93 228 204
93 228 205
93 228 206
93 228 207
93 229 192
93 229 193
93 229 194
93 229 195
93 229 196
93 229 197
93 229 198
93 229 199
93 229 200
93 229 201
93 229 202
93 229 203
93 229 204
93 229 205
93 229 206
93 229 207
93 230 192
93 230 193
93 230 194
93 230 195
93 230 196
93 230 197
93 230 198
93 230 199
93 230 200
93 230 201
93 230 202
93 230 203
93 230 204
93 230 205
93 230 206
93 230 207
93 231 192
93 231 193
93 231 194
93 231 195
93 231 196
93 231 197
93 231 198
93 231 199
93 231 200
93 231 201
93 231 202
93 231 203
93 231 204
93 231 205
93 231 206
93 231 207
93 232 192
93 232 193
93 232 194
93 232 195
93 232 196
93 232 197
93 232 198
93 232 199
93 232 200
93 232 201
93 232 202
93 232 203
93 232 204
93 232 205
93 232 206
93 232 207
93 233 192
93 233 193
93 233 194
93 233 195
93 233 196
93 233 197
93 233 198
93 233 199
93 233 200
93 233 201
93 233 202
93 233 203
93 233 204
93 233 205
93 233 206
93 233 207
93 234 192
93 234 193
93 234 194
93 234 195
93 234 196
93 234 197
93 234 198
93 234 199
93 234 200
93 234 201
93 234 202
93 234 203
93 234 204
93 234 205
93 234 206
93 234 207
93 235 192
93 235 193
93 235 194
93 235 195
93 235 196
93 235 197
93 235 198
93 235 199
93 235 200
93 235 201
93 235 202
93 235 203
93 235 204
93 236 192
93 236 193
93 236 194
93 236 195
93 236 196
93 236 197
93 236 198
93 236 200
93 236 201
93 236 202
93 236 203
93 237 192
93 237 193
93 237 194
93 237 195
93 237 196
93 237 197
93 237 198
93 237 200
93 238 192
93 238 193
93 238 194
93 238 195
93 238 196
93 238 197
93 239 194
94 225 192
94 225 193
94 225 194
94 225 195
94 225 196
94 225 197
94 225 198
94 225 199
94 225 200
94 225 201
94 225 202
94 225 203
94 225 204
94 225 205
94 225 206
94 225 207
94 226 192
94 226 193
94 226 194
94 226 195
94 226 196
94 226 197
94 226 198
94 226 199
94 226 200
94 226 201
94 226 202
94 226 203
94 226 204
94 226 205
94 226 206
94 226 207
94 227 192
94 227 193
94 227 194
94 227 195
94 227 196
94 227 197
94 227 198
94 227 199
94 227 200
94 227 201
94 227 202
94 227 203
94 227 204
94 227 205
94 227 206
94 227 207
94 228 192
94 228 193
94 228 194
94 228 195
94 228 196
94 228 197
94 228 198
94 228 199
94 228 200
94 228 201
94 228 202
94 228 203
94 228 204
94 228 205
94 228 206
94 228 207
94 229 192
94 229 193
94 229 194
94 229 195
94 229 196
94 229 197
94 229 198
94 229 199
94 229 200
94 229 201
94 229 202
94 229 203
94 229 204
94 229 205
94 229 206
94 229 207
94 230 192
94 230 193
94 230 194
94 230 195
94 230 196
94 230 197
94 230 198
94 230 199
94 230 200
94 230 201
94 230 202
94 230 203
94 230 204
94 230 205
94 230 206
94 230 207
94 231 192
94 231 193
94 231 194
94 231 195
94 231 196
94 231 197
94 231 198
94 231 199
94 231 200
94 231 201
94 231 202
94 231 203
94 231 204
94 231 205
94 231 206
94 231 207
94 232 192
94 232 193
94 232 194
94 232 195
94 232 196
94 232 197
94 232 198
94 232 199
94 232 200
94 232 201
94 232 202
94 232 203
94 232 204
94 232 205
94 232 206
94 232 207
94 233 192
94 233 193
94 233 194
94 233 195
94 233 196
94 233 197
94 233 198
94 233 199
94 233 200
94 233 201
94 233 202
94 233 203
94 233 204
94 233 205
94 233 206
94 233 207
94 234 192
94 234 193
94 234 194
94 234 195
94 234 196
94 234 197
94 234 198
94 234 199
94 234 200
94 234 201
94 234 202
94 234 203
94 234 204
94 234 205
94 234 206
94 234 207
94 235 192
94 235 193
94 235 194
94 235 195
94 235 196
94 235 197
94 235 198
94 235 199
94 235 200
94 235 201
94 235 203
94 235 204
94 235 207
94 236 192
94 236 193
94 236 194
94 236 195
94 236 196
94 236 197
94 236 198
94 236 199
94 237 192
94 237 193
94 237 194
94 237 195
94 237 196
94 237 197
94 237 199
94 238 192
94 238 193
94 238 194
94 238 195
94 238 196
94 239 192
94 239 193
94 239 194
94 239 195
95 225 192
95 225 193
95 225 194
95 225 195
95 225 196
95 225 197
95 225 198
95 225 199
95 225 200
95 225 201
95 225 202
95 225 203
95 225 204
95 225 205
95 225 206
95 225 207
95 226 192
95 226 193
95 226 194
95 226 195
95 226 196
95 226 197
95 226 198
95 226 199
95 226 200
95 226 201
95 226 202
95 226 203
95 226 204
95 226 205
95 226 206
95 226 207
95 227 192
95 227 193
95 227 194
95 227 195
95 227 196
95 227 197
95 227 198
95 227 199
95 227 200
95 227 201
95 227 202
95 227 203
95 227 204
95 227 205
95 227 206
95 227 207
95 228 192
95 228 194
95 228 195
95 228 196
95 228 197
95 228 198
95 228 199
95 228 200
95 228 201
95 228 202
95 228 203
95 228 204
95 228 205
95 228 206
95 228 207
95 229 192
95 229 193
95 229 194
95 229 195
95 229 196
95 229 197
95 229 198
95 229 199
95 229 200
95 229 201
95 229 202
95 229 203
95 229 204
95 229 205
95 229 206
95 229 207
95 230 192
95 230 193
95 230 194
95 230 195
95 230 196
95 230 197
95 230 198
95 230 199
95 230 200
95 230 201
95 230 202
95 230 203
95 230 204
95 230 205
95 230 206
95 230 207
95 231 192
95 231 193
95 231 194
95 231 195
95 231 196
95 231 197
95 231 198
95 231 199
95 231 200
95 231 201
95 231 202
95 231 203
95 231 204
95 231 205
95 231 206
95 231 207
95 232 192
95 232 193
95 232 194
95 232 195
95 232 196
95 232 197
95 232 198
95 232 199
95 232 200
95 232 201
95 232 202
95 232 203
95 232 204
95 232 205
95 232 206
95 232 207
95 233 192
95 233 193
95 233 194
95 233 195
95 233 196
95 233 197
95 233 198
95 233 199
95 233 200
95 233 202
95 233 203
95 233 204
95 233 205
95 233 207
95 234 192
95 234 193
95 234 194
95 234 195
95 234 196
95 234 197
95 234 198
95 234 199
95 234 200
95 234 201
95 234 202
95 234 203
95 234 206
95 234 207
95 235 192
95 235 193
95 235 194
95 235 195
95 235 196
95 235 197
95 235 198
95 235 199
95 235 200
95 235 201
95 236 192
95 236 193
95 236 194
95 236 195
95 236 196
95 236 197
95 236 198
95 237 192
95 237 193
95 237 194
95 237 195
95 237 196
95 237 198
95 238 192
95 238 193
95 238 194
95 238 195
95 238 196
95 239 192
95 239 194

