alfheim:altWood1
12
-190 239 50
-190 239 51
-189 238 50
-189 239 49
-189 239 51
-188 238 49
-188 238 50
-188 239 50
-188 239 51
-187 238 49
-187 238 50
-187 239 49
-187 239 50
-186 237 49
-186 237 50
-186 238 49
-186 238 50
-186 238 51
-186 239 49
-186 239 50
-185 237 48
-185 237 49
-185 237 50
-185 238 48
-185 238 49
-185 238 50
-185 238 51
-185 239 49
-185 239 50
-184 236 49
-184 237 48
-184 237 49
-184 237 50
-184 238 48
-184 238 49
-184 238 50
-184 238 51
-184 239 48
-184 239 49
-184 239 50
-184 239 51
-184 240 50
-183 236 49
-183 237 48
-183 237 49
-183 237 50
-183 238 48
-183 238 49
-183 238 50
-183 238 51
-183 239 48
-183 239 49
-183 239 50
-182 236 48
-182 237 48
-182 237 49
-182 238 48
-182 238 49
-182 239 48
-182 239 49
-181 237 48
-181 237 49
-181 238 48
-181 238 49
-181 239 48
-180 237 48
-180 238 48
-180 238 49
-180 239 48
-179 237 48
-179 238 48
-179 238 49
-179 239 48
-178 237 48
-178 238 48
-178 238 49
-178 239 48
-177 237 48
-177 238 48
-177 238 49
-177 239 48
alfheim:altLeaves
6
-192 224 62
-192 224 63
-191 224 63
-192 225 60
-192 225 63
-192 226 60
-192 226 61
-192 227 57
-192 227 60
-192 227 61
-192 227 62
-192 227 63
-192 228 59
-192 228 60
-192 228 61
-192 228 62
-192 228 63
-192 229 56
-192 229 58
-192 229 59
-192 229 60
-192 229 61
-192 229 62
-192 229 63
-192 230 56
-192 230 58
-192 230 59
-192 230 60
-192 230 61
-192 230 62
-192 230 63
-192 231 48
-192 231 49
-192 231 55
-192 231 56
-192 231 57
-192 231 58
-192 231 59
-192 231 60
-192 231 61
-192 231 62
-192 231 63
-192 232 48
-192 232 49
-192 232 53
-192 232 54
-192 232 55
-192 232 56
-192 232 57
-192 232 58
-192 232 59
-192 232 60
-192 232 61
-192 232 62
-192 232 63
-192 233 48
-192 233 49
-192 233 50
-192 233 56
-192 233 58
-192 233 59
-192 233 60
-192 233 61
-192 233 62
-192 233 63
-192 234 53
-192 234 54
-192 234 55
-192 234 56
-192 234 57
-192 234 58
-192 234 59
-192 234 60
-192 234 61
-192 234 62
-192 234 63
-192 235 48
-192 235 54
-192 235 58
-192 235 59
-192 235 60
-192 235 61
-192 235 62
-192 235 63
-192 236 49
-192 236 58
-192 236 59
-192 236 60
-192 236 61
-192 236 62
-192 236 63
-192 237 48
-192 237 49
-192 237 51
-192 237 56
-192 237 57
-192 237 58
-192 237 59
-192 237 60
-192 237 61
-192 237 62
-192 237 63
-192 238 48
-192 238 49
-192 238 50
-192 238 51
-192 238 52
-192 238 54
-192 238 55
-192 238 56
-192 238 57
-192 238 58
-192 238 59
-192 238 60
-192 238 61
-192 238 62
-192 238 63
-192 239 48
-192 239 49
-192 239 50
-192 239 51
-192 239 52
-192 239 54
-192 239 55
-192 239 56
-192 239 57
-192 239 58
-192 239 59
-192 239 60
-192 239 62
-192 239 63
-192 240 48
-192 240 49
-192 240 50
-192 240 51
-192 240 52
-192 240 53
-192 240 54
-192 240 55
-192 240 56
-192 240 57
-192 240 58
-192 240 59
-192 240 60
-192 240 61
-192 240 62
-192 240 63
-192 241 48
-192 241 49
-192 241 50
-192 241 51
-192 241 52
-192 241 53
-192 241 54
-192 241 55
-192 241 56
-192 241 57
-192 241 58
-192 241 59
-192 241 60
-192 241 61
-192 241 62
-192 242 48
-192 242 49
-192 242 50
-192 242 51
-192 242 52
-192 242 53
-192 242 54
-192 242 55
-192 242 56
-192 242 57
-192 242 58
-192 242 59
-192 242 60
-192 242 61
-192 242 62
-192 243 48
-192 243 49
-192 243 50
-192 243 51
-192 243 52
-192 243 53
-192 243 54
-192 243 55
-192 243 56
-192 243 57
-192 243 58
-192 243 59
-192 243 60
-192 243 61
-192 244 48
-192 244 49
-192 244 50
-192 244 51
-192 244 52
-192 244 53
-192 244 54
-192 244 55
-192 244 56
-192 244 57
-192 244 58
-192 244 59
-192 244 60
-192 244 61
-192 245 48
-192 245 49
-192 245 50
-192 245 51
-192 245 52
-192 245 53
-192 245 54
-192 245 55
-192 245 56
-192 245 57
-192 245 59
-192 245 60
-192 246 48
-192 246 49
-192 246 50
-192 246 51
-192 246 52
-192 246 53
-192 246 54
-192 246 55
-192 246 56
-192 246 57
-192 246 58
-192 246 59
-192 247 48
-192 247 49
-192 247 50
-192 247 51
-192 247 52
-192 247 54
-192 247 55
-192 247 56
-192 247 57
-192 247 58
-192 248 48
-192 248 49
-192 248 50
-192 248 51
-192 248 52
-192 248 53
-192 248 54
-192 248 55
-192 248 56
-192 248 57
-192 248 58
-192 249 48
-192 249 49
-192 249 50
-192 249 52
-192 249 54
-192 249 55
-192 249 56
-192 250 48
-192 250 49
-191 225 61
-191 225 63
-191 226 61
-191 226 62
-191 227 59
-191 227 61
-191 227 62
-191 227 63
-191 228 59
-191 228 60
-191 228 61
-191 229 59
-191 229 60
-191 229 61
-191 229 62
-191 229 63
-191 230 59
-191 230 60
-191 230 61
-191 230 62
-191 230 63
-191 231 56
-191 231 57
-191 231 58
-191 231 59
-191 231 60
-191 231 61
-191 231 62
-191 231 63
-191 232 48
-191 232 57
-191 232 58
-191 232 59
-191 232 60
-191 232 61
-191 232 62
-191 232 63
-191 233 48
-191 233 55
-191 233 56
-191 233 57
-191 233 58
-191 233 59
-191 233 60
-191 233 61
-191 233 62
-191 233 63
-191 234 54
-191 234 55
-191 234 56
-191 234 57
-191 234 58
-191 234 59
-191 234 60
-191 234 61
-191 234 62
-191 234 63
-191 235 48
-191 235 58
-191 235 59
-191 235 60
-191 235 61
-191 235 62
-191 235 63
-191 236 57
-191 236 58
-191 236 60
-191 236 61
-191 236 62
-191 236 63
-191 237 49
-191 237 55
-191 237 56
-191 237 57
-191 237 58
-191 237 59
-191 237 60
-191 237 61
-191 237 62
-191 237 63
-191 238 49
-191 238 50
-191 238 52
-191 238 54
-191 238 55
-191 238 56
-191 238 57
-191 238 58
-191 238 59
-191 238 60
-191 238 61
-191 238 62
-191 238 63
-191 239 49
-191 239 50
-191 239 51
-191 239 53
-191 239 54
-191 239 55
-191 239 56
-191 239 57
-191 239 58
-191 239 59
-191 239 60
-191 239 61
-191 239 62
-191 239 63
-191 240 48
-191 240 49
-191 240 50
-191 240 51
-191 240 52
-191 240 53
-191 240 54
-191 240 55
-191 240 56
-191 240 57
-191 240 58
-191 240 59
-191 240 60
-191 240 61
-191 240 62
-191 240 63
-191 241 48
-191 241 49
-191 241 50
-191 241 51
-191 241 52
-191 241 53
-191 241 54
-191 241 55
-191 241 56
-191 241 57
-191 241 58
-191 241 59
-191 241 60
-191 241 61
-191 241 62
-191 241 63
-191 242 48
-191 242 49
-191 242 50
-191 242 51
-191 242 52
-191 242 53
-191 242 54
-191 242 55
-191 242 56
-191 242 57
-191 242 58
-191 242 59
-191 242 60
-191 242 61
-191 242 62
-191 242 63
-191 243 48
-191 243 49
-191 243 50
-191 243 51
-191 243 52
-191 243 53
-191 243 54
-191 243 55
-191 243 56
-191 243 57
-191 243 58
-191 243 59
-191 243 60
-191 243 61
-191 243 62
-191 243 63
-191 244 48
-191 244 49
-191 244 50
-191 244 51
-191 244 52
-191 244 53
-191 244 54
-191 244 55
-191 244 56
-191 244 57
-191 244 58
-191 244 59
-191 244 60
-191 244 61
-191 245 48
-191 245 49
-191 245 50
-191 245 51
-191 245 52
-191 245 53
-191 245 54
-191 245 55
-191 245 56
-191 245 57
-191 245 59
-191 245 60
-191 246 48
-191 246 49
-191 246 50
-191 246 51
-191 246 52
-191 246 53
-191 246 54
-191 246 55
-191 246 56
-191 247 48
-191 247 49
-191 247 50
-191 247 51
-191 247 52
-191 247 53
-191 247 54
-191 247 55
-191 247 56
-191 247 57
-191 248 48
-191 248 49
-191 248 51
-191 248 52
-191 248 53
-191 248 56
-191 249 49
-191 249 52
-191 249 53
-191 249 55
-191 249 56
-191 250 52
-191 250 56
-190 225 63
-190 227 61
-190 227 63
-190 228 60
-190 228 61
-190 228 63
-190 229 58
-190 229 59
-190 229 60
-190 229 61
-190 229 62
-190 229 63
-190 230 60
-190 230 61
-190 230 62
-190 230 63
-190 231 58
-190 231 59
-190 231 60
-190 231 61
-190 231 62
-190 231 63
-190 232 59
-190 232 60
-190 232 61
-190 232 62
-190 232 63
-190 233 57
-190 233 58
-190 233 59
-190 233 60
-190 233 61
-190 233 62
-190 233 63
-190 234 59
-190 234 60
-190 234 61
-190 234 62
-190 234 63
-190 235 57
-190 235 58
-190 235 59
-190 235 60
-190 235 61
-190 235 62
-190 235 63
-190 236 57
-190 236 58
-190 236 59
-190 236 60
-190 236 61
-190 236 62
-190 236 63
-190 237 56
-190 237 57
-190 237 58
-190 237 59
-190 237 60
-190 237 61
-190 237 62
-190 237 63
-190 238 56
-190 238 57
-190 238 58
-190 238 59
-190 238 60
-190 238 61
-190 238 62
-190 238 63
-190 239 54
-190 239 55
-190 239 56
-190 239 57
-190 239 58
-190 239 59
-190 239 60
-190 239 61
-190 239 62
-190 239 63
-190 240 48
-190 240 49
-190 240 50
-190 240 51
-190 240 52
-190 240 53
-190 240 54
-190 240 55
-190 240 56
-190 240 57
-190 240 58
-190 240 59
-190 240 60
-190 240 61
-190 240 62
-190 240 63
-190 241 48
-190 241 49
-190 241 50
-190 241 51
-190 241 52
-190 241 54
-190 241 55
-190 241 56
-190 241 57
-190 241 58
-190 241 59
-190 241 60
-190 241 61
-190 241 62
-190 241 63
-190 242 48
-190 242 49
-190 242 50
-190 242 51
-190 242 52
-190 242 53
-190 242 54
-190 242 55
-190 242 56
-190 242 57
-190 242 58
-190 242 59
-190 242 60
-190 242 61
-190 242 62
-190 242 63
-190 243 48
-190 243 49
-190 243 50
-190 243 51
-190 243 52
-190 243 53
-190 243 54
-190 243 55
-190 243 56
-190 243 57
-190 243 58
-190 243 59
-190 243 60
-190 243 62
-190 244 48
-190 244 49
-190 244 50
-190 244 51
-190 244 52
-190 244 53
-190 244 54
-190 244 55
-190 244 56
-190 244 57
-190 244 58
-190 244 59
-190 244 60
-190 244 61
-190 244 62
-190 245 48
-190 245 49
-190 245 50
-190 245 51
-190 245 52
-190 245 53
-190 245 54
-190 245 55
-190 245 56
-190 245 57
-190 245 58
-190 245 59
-190 245 60
-190 246 48
-190 246 49
-190 246 50
-190 246 51
-190 246 52
-190 246 53
-190 246 54
-190 246 55
-190 246 56
-190 246 57
-190 246 58
-190 247 48
-190 247 49
-190 247 50
-190 247 51
-190 247 52
-190 247 53
-190 247 54
-190 247 55
-190 247 56
-190 247 57
-190 247 58
-190 248 49
-190 248 50
-190 248 51
-190 248 52
-190 248 53
-190 248 56
-190 249 49
-190 249 52
-190 249 53
-190 249 56
-190 250 49
-189 227 63
-189 228 60
-189 228 62
-189 229 60
-189 229 61
-189 229 62
-189 229 63
-189 230 60
-189 230 61
-189 230 62
-189 230 63
-189 231 60
-189 231 61
-189 231 62
-189 231 63
-189 232 59
-189 232 61
-189 232 62
-189 232 63
-189 233 58
-189 233 59
-189 233 61
-189 233 62
-189 233 63
-189 234 61
-189 234 62
-189 234 63
-189 235 58
-189 235 60
-189 235 61
-189 235 62
-189 235 63
-189 236 55
-189 236 58
-189 236 59
-189 236 60
-189 236 61
-189 236 62
-189 236 63
-189 237 55
-189 237 58
-189 237 59
-189 237 60
-189 237 61
-189 237 62
-189 237 63
-189 238 53
-189 238 54
-189 238 55
-189 238 56
-189 238 57
-189 238 58
-189 238 59
-189 238 60
-189 238 61
-189 238 62
-189 238 63
-189 239 50
-189 239 52
-189 239 53
-189 239 54
-189 239 55
-189 239 56
-189 239 57
-189 239 58
-189 239 59
-189 239 60
-189 239 61
-189 239 62
-189 239 63
-189 240 49
-189 240 50
-189 240 51
-189 240 52
-189 240 53
-189 240 54
-189 240 55
-189 240 56
-189 240 57
-189 240 58
-189 240 59
-189 240 60
-189 240 61
-189 240 62
-189 240 63
-189 241 48
-189 241 49
-189 241 50
-189 241 51
-189 241 52
-189 241 53
-189 241 54
-189 241 55
-189 241 56
-189 241 57
-189 241 58
-189 241 59
-189 241 60
-189 241 61
-189 241 62
-189 241 63
-189 242 48
-189 242 49
-189 242 50
-189 242 51
-189 242 52
-189 242 53
-189 242 54
-189 242 55
-189 242 56
-189 242 57
-189 242 58
-189 242 59
-189 242 60
-189 242 61
-189 242 62
-189 242 63
-189 243 48
-189 243 49
-189 243 50
-189 243 51
-189 243 52
-189 243 53
-189 243 54
-189 243 55
-189 243 56
-189 243 57
-189 243 58
-189 243 59
-189 243 60
-189 243 61
-189 243 62
-189 243 63
-189 244 48
-189 244 49
-189 244 50
-189 244 51
-189 244 52
-189 244 53
-189 244 54
-189 244 55
-189 244 56
-189 244 57
-189 244 58
-189 244 59
-189 244 60
-189 244 61
-189 244 62
-189 244 63
-189 245 48
-189 245 49
-189 245 50
-189 245 51
-189 245 52
-189 245 53
-189 245 54
-189 245 55
-189 245 56
-189 245 57
-189 245 58
-189 245 59
-189 245 60
-189 245 61
-189 245 62
-189 246 48
-189 246 49
-189 246 50
-189 246 51
-189 246 52
-189 246 53
-189 246 54
-189 246 55
-189 246 56
-189 246 57
-189 246 59
-189 246 60
-189 247 48
-189 247 49
-189 247 50
-189 247 51
-189 247 52
-189 247 53
-189 247 54
-189 247 55
-189 247 56
-189 247 59
-189 248 48
-189 248 49
-189 248 50
-189 248 51
-189 248 52
-189 248 53
-189 248 55
-189 248 56
-189 249 48
-189 249 51
-189 249 53
-189 249 54
-189 249 55
-189 250 53
-188 227 63
-188 229 62
-188 229 63
-188 230 60
-188 230 61
-188 230 62
-188 231 61
-188 231 63
-188 232 62
-188 233 59
-188 233 60
-188 233 61
-188 233 62
-188 233 63
-188 234 59
-188 234 61
-188 234 62
-188 234 63
-188 235 59
-188 235 60
-188 235 61
-188 235 62
-188 235 63
-188 236 57
-188 236 58
-188 236 59
-188 236 60
-188 236 61
-188 236 62
-188 236 63
-188 237 55
-188 237 57
-188 237 58
-188 237 59
-188 237 60
-188 237 61
-188 237 62
-188 237 63
-188 238 54
-188 238 55
-188 238 56
-188 238 57
-188 238 58
-188 238 59
-188 238 60
-188 238 61
-188 238 62
-188 238 63
-188 239 49
-188 239 53
-188 239 54
-188 239 55
-188 239 56
-188 239 57
-188 239 58
-188 239 59
-188 239 60
-188 239 61
-188 239 62
-188 239 63
-188 240 48
-188 240 49
-188 240 50
-188 240 51
-188 240 53
-188 240 54
-188 240 55
-188 240 56
-188 240 57
-188 240 58
-188 240 59
-188 240 60
-188 240 61
-188 240 62
-188 240 63
-188 241 48
-188 241 49
-188 241 51
-188 241 53
-188 241 54
-188 241 55
-188 241 56
-188 241 57
-188 241 58
-188 241 59
-188 241 60
-188 241 61
-188 241 62
-188 241 63
-188 242 48
-188 242 49
-188 242 50
-188 242 51
-188 242 52
-188 242 53
-188 242 54
-188 242 55
-188 242 56
-188 242 57
-188 242 58
-188 242 59
-188 242 60
-188 242 61
-188 242 62
-188 242 63
-188 243 48
-188 243 49
-188 243 50
-188 243 51
-188 243 52
-188 243 53
-188 243 54
-188 243 55
-188 243 56
-188 243 57
-188 243 58
-188 243 59
-188 243 60
-188 243 61
-188 243 62
-188 244 48
-188 244 49
-188 244 50
-188 244 51
-188 244 52
-188 244 53
-188 244 54
-188 244 55
-188 244 56
-188 244 57
-188 244 58
-188 244 59
-188 244 60
-188 244 61
-188 244 62
-188 244 63
-188 245 48
-188 245 49
-188 245 50
-188 245 51
-188 245 52
-188 245 53
-188 245 54
-188 245 55
-188 245 56
-188 245 57
-188 245 58
-188 245 59
-188 245 60
-188 245 62
-188 245 63
-188 246 48
-188 246 49
-188 246 50
-188 246 51
-188 246 52
-188 246 53
-188 246 54
-188 246 55
-188 246 56
-188 246 57
-188 246 58
-188 246 59
-188 247 48
-188 247 49
-188 247 50
-188 247 51
-188 247 52
-188 247 53
-188 247 54
-188 247 55
-188 247 56
-188 247 57
-188 248 48
-188 248 49
-188 248 50
-188 248 51
-188 248 52
-188 248 53
-188 248 54
-188 248 55
-188 248 56
-188 249 51
-188 249 52
-188 249 53
-188 249 54
-188 249 55
-188 250 50
-188 250 51
-188 250 52
-188 250 53
-188 250 54
-187 230 61
-187 230 62
-187 231 63
-187 233 61
-187 233 62
-187 233 63
-187 234 60
-187 234 62
-187 234 63
-187 235 57
-187 235 58
-187 235 59
-187 235 60
-187 235 61
-187 235 62
-187 236 57
-187 236 58
-187 236 59
-187 236 60
-187 236 61
-187 236 62
-187 236 63
-187 237 57
-187 237 58
-187 237 59
-187 237 60
-187 237 61
-187 237 62
-187 237 63
-187 238 55
-187 238 56
-187 238 57
-187 238 58
-187 238 59
-187 238 60
-187 238 61
-187 238 62
-187 238 63
-187 239 51
-187 239 56
-187 239 57
-187 239 58
-187 239 59
-187 239 60
-187 239 61
-187 239 62
-187 239 63
-187 240 48
-187 240 49
-187 240 51
-187 240 54
-187 240 55
-187 240 57
-187 240 58
-187 240 59
-187 240 60
-187 240 61
-187 240 62
-187 240 63
-187 241 48
-187 241 49
-187 241 50
-187 241 51
-187 241 52
-187 241 53
-187 241 54
-187 241 55
-187 241 56
-187 241 57
-187 241 58
-187 241 59
-187 241 60
-187 241 61
-187 241 62
-187 241 63
-187 242 48
-187 242 49
-187 242 50
-187 242 51
-187 242 52
-187 242 53
-187 242 54
-187 242 55
-187 242 56
-187 242 57
-187 242 58
-187 242 59
-187 242 60
-187 242 61
-187 242 62
-187 242 63
-187 243 48
-187 243 49
-187 243 50
-187 243 51
-187 243 52
-187 243 53
-187 243 54
-187 243 55
-187 243 56
-187 243 57
-187 243 58
-187 243 59
-187 243 60
-187 243 61
-187 243 62
-187 243 63
-187 244 48
-187 244 49
-187 244 50
-187 244 51
-187 244 52
-187 244 53
-187 244 54
-187 244 55
-187 244 56
-187 244 57
-187 244 58
-187 244 59
-187 244 60
-187 244 61
-187 244 62
-187 244 63
-187 245 48
-187 245 49
-187 245 50
-187 245 51
-187 245 52
-187 245 53
-187 245 54
-187 245 55
-187 245 56
-187 245 57
-187 245 58
-187 245 59
-187 245 63
-187 246 48
-187 246 49
-187 246 50
-187 246 51
-187 246 52
-187 246 53
-187 246 54
-187 246 55
-187 246 56
-187 246 57
-187 247 48
-187 247 49
-187 247 50
-187 247 51
-187 247 52
-187 247 53
-187 247 54
-187 247 55
-187 247 56
-187 247 57
-187 248 49
-187 248 52
-187 248 53
-187 248 54
-187 248 55
-187 249 51
-187 249 52
-187 249 54
-187 249 55
-187 249 56
-187 250 52
-187 250 54
-186 233 63
-186 234 59
-186 234 61
-186 234 62
-186 234 63
-186 235 58
-186 235 59
-186 235 60
-186 235 61
-186 235 62
-186 235 63
-186 236 58
-186 236 59
-186 236 60
-186 236 61
-186 236 62
-186 236 63
-186 237 56
-186 237 57
-186 237 58
-186 237 59
-186 237 60
-186 237 61
-186 237 62
-186 237 63
-186 238 48
-186 238 55
-186 238 56
-186 238 57
-186 238 58
-186 238 59
-186 238 60
-186 238 61
-186 238 62
-186 238 63
-186 239 48
-186 239 54
-186 239 55
-186 239 56
-186 239 57
-186 239 58
-186 239 59
-186 239 60
-186 239 61
-186 239 62
-186 239 63
-186 240 55
-186 240 56
-186 240 57
-186 240 58
-186 240 59
-186 240 60
-186 240 61
-186 240 62
-186 240 63
-186 241 48
-186 241 52
-186 241 53
-186 241 54
-186 241 55
-186 241 56
-186 241 57
-186 241 58
-186 241 59
-186 241 60
-186 241 61
-186 241 62
-186 241 63
-186 242 48
-186 242 49
-186 242 50
-186 242 51
-186 242 52
-186 242 53
-186 242 54
-186 242 55
-186 242 56
-186 242 57
-186 242 58
-186 242 59
-186 242 60
-186 242 61
-186 242 62
-186 242 63
-186 243 48
-186 243 49
-186 243 50
-186 243 51
-186 243 52
-186 243 53
-186 243 54
-186 243 55
-186 243 56
-186 243 57
-186 243 58
-186 243 59
-186 243 60
-186 243 61
-186 243 62
-186 243 63
-186 244 48
-186 244 49
-186 244 50
-186 244 51
-186 244 52
-186 244 53
-186 244 54
-186 244 55
-186 244 56
-186 244 57
-186 244 58
-186 244 59
-186 244 60
-186 244 62
-186 244 63
-186 245 48
-186 245 49
-186 245 50
-186 245 51
-186 245 52
-186 245 53
-186 245 54
-186 245 55
-186 245 56
-186 245 57
-186 245 58
-186 245 59
-186 245 63
-186 246 48
-186 246 49
-186 246 50
-186 246 51
-186 246 52
-186 246 53
-186 246 54
-186 246 55
-186 246 56
-186 246 57
-186 246 60
-186 246 63
-186 247 48
-186 247 49
-186 247 50
-186 247 51
-186 247 52
-186 247 53
-186 247 54
-186 247 55
-186 247 56
-186 247 57
-186 247 60
-186 248 50
-186 248 52
-186 248 53
-186 248 54
-186 248 55
-186 248 56
-186 248 57
-186 249 51
-186 249 52
-186 249 53
-186 249 54
-186 249 55
-186 250 51
-186 250 53
-186 250 54
-186 250 55
-186 251 53
-185 234 61
-185 235 60
-185 235 61
-185 235 62
-185 235 63
-185 236 58
-185 236 59
-185 236 60
-185 236 61
-185 236 62
-185 236 63
-185 237 56
-185 237 57
-185 237 58
-185 237 59
-185 237 60
-185 237 61
-185 237 62
-185 237 63
-185 238 56
-185 238 57
-185 238 58
-185 238 59
-185 238 60
-185 238 61
-185 238 62
-185 238 63
-185 239 48
-185 239 56
-185 239 57
-185 239 58
-185 239 59
-185 239 60
-185 239 61
-185 239 62
-185 239 63
-185 240 48
-185 240 49
-185 240 50
-185 240 55
-185 240 56
-185 240 57
-185 240 58
-185 240 59
-185 240 60
-185 240 61
-185 240 62
-185 240 63
-185 241 48
-185 241 49
-185 241 51
-185 241 52
-185 241 53
-185 241 54
-185 241 55
-185 241 56
-185 241 57
-185 241 58
-185 241 59
-185 241 60
-185 241 61
-185 241 62
-185 241 63
-185 242 48
-185 242 49
-185 242 50
-185 242 51
-185 242 52
-185 242 53
-185 242 54
-185 242 55
-185 242 56
-185 242 57
-185 242 58
-185 242 59
-185 242 60
-185 242 61
-185 242 62
-185 242 63
-185 243 48
-185 243 49
-185 243 50
-185 243 51
-185 243 52
-185 243 53
-185 243 54
-185 243 55
-185 243 56
-185 243 57
-185 243 58
-185 243 59
-185 243 60
-185 243 61
-185 243 62
-185 243 63
-185 244 48
-185 244 49
-185 244 50
-185 244 51
-185 244 52
-185 244 53
-185 244 54
-185 244 55
-185 244 56
-185 244 57
-185 244 58
-185 244 59
-185 244 60
-185 244 61
-185 244 62
-185 244 63
-185 245 48
-185 245 49
-185 245 50
-185 245 51
-185 245 52
-185 245 53
-185 245 54
-185 245 55
-185 245 56
-185 245 57
-185 245 58
-185 245 59
-185 245 60
-185 245 61
-185 245 62
-185 245 63
-185 246 48
-185 246 49
-185 246 50
-185 246 51
-185 246 52
-185 246 53
-185 246 54
-185 246 55
-185 246 57
-185 246 58
-185 246 60
-185 246 61
-185 246 62
-185 246 63
-185 247 49
-185 247 50
-185 247 51
-185 247 52
-185 247 53
-185 247 54
-185 247 55
-185 247 56
-185 247 57
-185 247 60
-185 247 63
-185 248 50
-185 248 51
-185 248 52
-185 248 53
-185 248 54
-185 248 55
-185 248 56
-185 248 63
-185 249 50
-185 249 51
-185 249 52
-185 249 53
-185 249 54
-185 249 55
-185 249 56
-185 250 52
-185 250 53
-185 250 54
-185 250 55
-185 251 53
-185 251 54
-185 251 55
-184 234 60
-184 235 60
-184 235 63
-184 236 58
-184 236 60
-184 236 61
-184 236 63
-184 237 57
-184 237 58
-184 237 59
-184 237 60
-184 237 61
-184 237 62
-184 237 63
-184 238 57
-184 238 58
-184 238 59
-184 238 60
-184 238 61
-184 238 62
-184 238 63
-184 239 53
-184 239 54
-184 239 56
-184 239 57
-184 239 58
-184 239 59
-184 239 60
-184 239 61
-184 239 62
-184 239 63
-184 240 48
-184 240 49
-184 240 52
-184 240 53
-184 240 54
-184 240 56
-184 240 58
-184 240 59
-184 240 60
-184 240 61
-184 240 62
-184 240 63
-184 241 48
-184 241 51
-184 241 52
-184 241 53
-184 241 54
-184 241 55
-184 241 56
-184 241 57
-184 241 58
-184 241 59
-184 241 60
-184 241 61
-184 241 62
-184 241 63
-184 242 48
-184 242 49
-184 242 50
-184 242 51
-184 242 52
-184 242 53
-184 242 54
-184 242 55
-184 242 56
-184 242 57
-184 242 58
-184 242 59
-184 242 60
-184 242 61
-184 242 62
-184 242 63
-184 243 48
-184 243 49
-184 243 50
-184 243 51
-184 243 52
-184 243 53
-184 243 54
-184 243 55
-184 243 56
-184 243 57
-184 243 58
-184 243 59
-184 243 60
-184 243 61
-184 243 62
-184 243 63
-184 244 48
-184 244 50
-184 244 51
-184 244 52
-184 244 53
-184 244 54
-184 244 55
-184 244 56
-184 244 57
-184 244 58
-184 244 59
-184 244 60
-184 244 61
-184 244 62
-184 244 63
-184 245 48
-184 245 49
-184 245 50
-184 245 51
-184 245 52
-184 245 53
-184 245 54
-184 245 55
-184 245 56
-184 245 57
-184 245 58
-184 245 59
-184 245 60
-184 245 61
-184 245 62
-184 245 63
-184 246 49
-184 246 50
-184 246 51
-184 246 52
-184 246 53
-184 246 54
-184 246 55
-184 246 56
-184 246 57
-184 246 58
-184 246 59
-184 246 60
-184 246 61
-184 246 62
-184 246 63
-184 247 49
-184 247 50
-184 247 51
-184 247 52
-184 247 53
-184 247 54
-184 247 55
-184 247 56
-184 247 60
-184 247 62
-184 247 63
-184 248 51
-184 248 52
-184 248 53
-184 248 54
-184 248 55
-184 248 56
-184 248 57
-184 248 60
-184 248 62
-184 248 63
-184 249 51
-184 249 52
-184 249 53
-184 249 54
-184 249 55
-184 249 56
-184 249 63
-184 250 52
-184 250 53
-184 250 54
-184 250 55
-184 250 56
-184 251 53
-184 251 54
-184 251 55
-184 251 56
-184 252 55
-183 235 60
-183 235 61
-183 235 62
-183 236 58
-183 236 59
-183 236 61
-183 236 62
-183 236 63
-183 237 57
-183 237 58
-183 237 59
-183 237 60
-183 237 61
-183 237 62
-183 237 63
-183 238 58
-183 238 59
-183 238 60
-183 238 61
-183 238 62
-183 238 63
-183 239 56
-183 239 57
-183 239 58
-183 239 59
-183 239 60
-183 239 61
-183 239 62
-183 239 63
-183 240 48
-183 240 49
-183 240 53
-183 240 54
-183 240 55
-183 240 56
-183 240 57
-183 240 58
-183 240 59
-183 240 60
-183 240 61
-183 240 62
-183 240 63
-183 241 48
-183 241 49
-183 241 50
-183 241 52
-183 241 54
-183 241 56
-183 241 57
-183 241 58
-183 241 59
-183 241 60
-183 241 61
-183 241 62
-183 241 63
-183 242 48
-183 242 49
-183 242 50
-183 242 51
-183 242 52
-183 242 53
-183 242 54
-183 242 55
-183 242 56
-183 242 57
-183 242 58
-183 242 59
-183 242 60
-183 242 61
-183 242 62
-183 242 63
-183 243 49
-183 243 50
-183 243 51
-183 243 52
-183 243 53
-183 243 54
-183 243 55
-183 243 56
-183 243 57
-183 243 58
-183 243 59
-183 243 60
-183 243 61
-183 243 62
-183 243 63
-183 244 48
-183 244 49
-183 244 50
-183 244 51
-183 244 52
-183 244 53
-183 244 54
-183 244 55
-183 244 56
-183 244 57
-183 244 58
-183 244 59
-183 244 60
-183 244 61
-183 244 62
-183 244 63
-183 245 48
-183 245 49
-183 245 50
-183 245 51
-183 245 52
-183 245 53
-183 245 54
-183 245 55
-183 245 56
-183 245 57
-183 245 58
-183 245 59
-183 245 60
-183 245 61
-183 245 62
-183 245 63
-183 246 48
-183 246 50
-183 246 51
-183 246 52
-183 246 53
-183 246 54
-183 246 55
-183 246 56
-183 246 57
-183 246 58
-183 246 59
-183 246 60
-183 246 61
-183 246 62
-183 246 63
-183 247 51
-183 247 52
-183 247 53
-183 247 54
-183 247 55
-183 247 56
-183 247 57
-183 247 61
-183 247 62
-183 247 63
-183 248 49
-183 248 50
-183 248 51
-183 248 52
-183 248 53
-183 248 54
-183 248 55
-183 248 56
-183 248 61
-183 248 62
-183 248 63
-183 249 52
-183 249 53
-183 249 54
-183 249 55
-183 249 56
-183 249 57
-183 250 52
-183 250 53
-183 250 54
-183 250 55
-183 250 56
-183 251 54
-182 234 61
-182 235 61
-182 235 62
-182 236 58
-182 236 59
-182 236 60
-182 236 61
-182 236 63
-182 237 56
-182 237 57
-182 237 58
-182 237 59
-182 237 61
-182 237 62
-182 237 63
-182 238 56
-182 238 57
-182 238 58
-182 238 60
-182 238 61
-182 238 62
-182 238 63
-182 239 58
-182 239 59
-182 239 60
-182 239 61
-182 239 62
-182 239 63
-182 240 49
-182 240 55
-182 240 56
-182 240 57
-182 240 58
-182 240 59
-182 240 60
-182 240 61
-182 240 62
-182 240 63
-182 241 49
-182 241 50
-182 241 52
-182 241 55
-182 241 56
-182 241 57
-182 241 58
-182 241 59
-182 241 60
-182 241 61
-182 241 62
-182 241 63
-182 242 48
-182 242 49
-182 242 50
-182 242 51
-182 242 52
-182 242 54
-182 242 55
-182 242 57
-182 242 58
-182 242 59
-182 242 60
-182 242 61
-182 242 62
-182 242 63
-182 243 48
-182 243 49
-182 243 50
-182 243 51
-182 243 52
-182 243 53
-182 243 54
-182 243 55
-182 243 56
-182 243 57
-182 243 58
-182 243 59
-182 243 60
-182 243 61
-182 243 62
-182 243 63
-182 244 49
-182 244 50
-182 244 51
-182 244 52
-182 244 53
-182 244 54
-182 244 55
-182 244 56
-182 244 57
-182 244 58
-182 244 59
-182 244 60
-182 244 61
-182 244 62
-182 244 63
-182 245 48
-182 245 49
-182 245 50
-182 245 51
-182 245 52
-182 245 53
-182 245 54
-182 245 55
-182 245 56
-182 245 57
-182 245 58
-182 245 59
-182 245 60
-182 245 61
-182 245 62
-182 245 63
-182 246 48
-182 246 49
-182 246 50
-182 246 51
-182 246 52
-182 246 53
-182 246 54
-182 246 55
-182 246 56
-182 246 57
-182 246 58
-182 246 59
-182 246 60
-182 246 61
-182 246 62
-182 246 63
-182 247 48
-182 247 49
-182 247 50
-182 247 51
-182 247 52
-182 247 53
-182 247 54
-182 247 55
-182 247 56
-182 247 59
-182 247 60
-182 247 61
-182 247 63
-182 248 49
-182 248 50
-182 248 51
-182 248 52
-182 248 53
-182 248 54
-182 248 55
-182 248 56
-182 248 63
-182 249 50
-182 249 51
-182 249 52
-182 249 53
-182 249 54
-182 249 55
-182 249 56
-182 249 63
-182 250 50
-182 250 51
-182 250 52
-182 250 53
-182 250 55
-182 251 51
-182 251 52
-182 251 53
-181 234 61
-181 235 59
-181 236 58
-181 236 59
-181 236 60
-181 236 61
-181 236 62
-181 236 63
-181 237 58
-181 237 59
-181 237 60
-181 237 61
-181 237 62
-181 237 63
-181 238 55
-181 238 56
-181 238 57
-181 238 58
-181 238 59
-181 238 60
-181 238 61
-181 238 62
-181 238 63
-181 239 55
-181 239 56
-181 239 57
-181 239 58
-181 239 59
-181 239 60
-181 239 61
-181 239 62
-181 239 63
-181 240 48
-181 240 54
-181 240 55
-181 240 56
-181 240 57
-181 240 58
-181 240 59
-181 240 60
-181 240 61
-181 240 62
-181 240 63
-181 241 52
-181 241 56
-181 241 57
-181 241 58
-181 241 59
-181 241 60
-181 241 61
-181 241 62
-181 241 63
-181 242 48
-181 242 49
-181 242 51
-181 242 52
-181 242 53
-181 242 54
-181 242 55
-181 242 56
-181 242 57
-181 242 58
-181 242 59
-181 242 60
-181 242 61
-181 242 62
-181 242 63
-181 243 48
-181 243 50
-181 243 51
-181 243 52
-181 243 53
-181 243 54
-181 243 55
-181 243 56
-181 243 57
-181 243 58
-181 243 59
-181 243 60
-181 243 61
-181 243 62
-181 243 63
-181 244 48
-181 244 50
-181 244 51
-181 244 52
-181 244 53
-181 244 54
-181 244 56
-181 244 57
-181 244 58
-181 244 59
-181 244 60
-181 244 61
-181 244 62
-181 244 63
-181 245 48
-181 245 49
-181 245 50
-181 245 51
-181 245 52
-181 245 53
-181 245 54
-181 245 55
-181 245 56
-181 245 57
-181 245 58
-181 245 59
-181 245 60
-181 245 61
-181 245 62
-181 245 63
-181 246 48
-181 246 49
-181 246 50
-181 246 51
-181 246 52
-181 246 53
-181 246 54
-181 246 55
-181 246 56
-181 246 57
-181 246 58
-181 246 59
-181 246 60
-181 246 61
-181 246 62
-181 246 63
-181 247 48
-181 247 49
-181 247 50
-181 247 51
-181 247 52
-181 247 53
-181 247 54
-181 247 55
-181 247 56
-181 247 57
-181 247 59
-181 247 60
-181 247 61
-181 247 62
-181 247 63
-181 248 48
-181 248 49
-181 248 50
-181 248 51
-181 248 52
-181 248 53
-181 248 54
-181 248 55
-181 248 56
-181 248 57
-181 248 62
-181 248 63
-181 249 50
-181 249 51
-181 249 52
-181 249 53
-181 249 54
-181 249 55
-181 249 56
-181 249 63
-181 250 50
-181 250 51
-181 250 52
-181 250 53
-181 250 54
-181 250 55
-181 251 50
-181 251 51
-181 251 52
-181 252 52
-181 252 53
-181 253 52
-180 235 60
-180 235 61
-180 236 59
-180 236 60
-180 236 61
-180 236 63
-180 237 55
-180 237 57
-180 237 58
-180 237 59
-180 237 60
-180 237 61
-180 237 62
-180 237 63
-180 238 55
-180 238 57
-180 238 58
-180 238 59
-180 238 60
-180 238 61
-180 238 62
-180 238 63
-180 239 55
-180 239 56
-180 239 57
-180 239 58
-180 239 59
-180 239 60
-180 239 61
-180 239 62
-180 239 63
-180 240 54
-180 240 55
-180 240 56
-180 240 57
-180 240 58
-180 240 59
-180 240 60
-180 240 61
-180 240 62
-180 240 63
-180 241 54
-180 241 55
-180 241 56
-180 241 57
-180 241 58
-180 241 59
-180 241 60
-180 241 61
-180 241 62
-180 241 63
-180 242 48
-180 242 51
-180 242 52
-180 242 55
-180 242 56
-180 242 57
-180 242 58
-180 242 59
-180 242 60
-180 242 61
-180 242 62
-180 242 63
-180 243 49
-180 243 50
-180 243 52
-180 243 53
-180 243 55
-180 243 56
-180 243 57
-180 243 58
-180 243 59
-180 243 60
-180 243 61
-180 243 62
-180 243 63
-180 244 48
-180 244 49
-180 244 50
-180 244 51
-180 244 52
-180 244 53
-180 244 54
-180 244 55
-180 244 56
-180 244 57
-180 244 58
-180 244 59
-180 244 60
-180 244 61
-180 244 62
-180 244 63
-180 245 49
-180 245 50
-180 245 51
-180 245 52
-180 245 53
-180 245 54
-180 245 55
-180 245 56
-180 245 57
-180 245 58
-180 245 59
-180 245 60
-180 245 61
-180 245 62
-180 245 63
-180 246 48
-180 246 49
-180 246 50
-180 246 51
-180 246 52
-180 246 53
-180 246 54
-180 246 56
-180 246 57
-180 246 58
-180 246 60
-180 246 61
-180 246 62
-180 246 63
-180 247 48
-180 247 49
-180 247 50
-180 247 51
-180 247 52
-180 247 53
-180 247 54
-180 247 55
-180 247 56
-180 247 57
-180 247 60
-180 247 61
-180 247 62
-180 247 63
-180 248 48
-180 248 49
-180 248 50
-180 248 51
-180 248 52
-180 248 53
-180 248 54
-180 248 55
-180 248 62
-180 248 63
-180 249 48
-180 249 49
-180 249 50
-180 249 51
-180 249 52
-180 249 53
-180 249 54
-180 249 55
-180 249 63
-180 250 51
-180 250 52
-180 250 54
-180 250 63
-180 251 52
-180 251 53
-180 251 63
-179 235 58
-179 236 55
-179 236 58
-179 236 59
-179 236 60
-179 236 61
-179 236 62
-179 237 55
-179 237 57
-179 237 58
-179 237 59
-179 237 60
-179 237 61
-179 237 62
-179 237 63
-179 238 55
-179 238 56
-179 238 57
-179 238 58
-179 238 59
-179 238 60
-179 238 61
-179 238 62
-179 238 63
-179 239 55
-179 239 56
-179 239 57
-179 239 58
-179 239 59
-179 239 60
-179 239 61
-179 239 62
-179 239 63
-179 240 51
-179 240 52
-179 240 53
-179 240 54
-179 240 56
-179 240 57
-179 240 58
-179 240 59
-179 240 60
-179 240 61
-179 240 62
-179 240 63
-179 241 49
-179 241 51
-179 241 52
-179 241 53
-179 241 54
-179 241 55
-179 241 56
-179 241 57
-179 241 58
-179 241 59
-179 241 60
-179 241 61
-179 241 62
-179 241 63
-179 242 48
-179 242 50
-179 242 51
-179 242 52
-179 242 53
-179 242 54
-179 242 55
-179 242 56
-179 242 57
-179 242 58
-179 242 59
-179 242 60
-179 242 61
-179 242 62
-179 242 63
-179 243 48
-179 243 49
-179 243 50
-179 243 51
-179 243 52
-179 243 53
-179 243 54
-179 243 56
-179 243 57
-179 243 58
-179 243 59
-179 243 60
-179 243 61
-179 243 62
-179 243 63
-179 244 48
-179 244 49
-179 244 50
-179 244 51
-179 244 52
-179 244 53
-179 244 54
-179 244 55
-179 244 56
-179 244 57
-179 244 58
-179 244 59
-179 244 60
-179 244 61
-179 244 62
-179 244 63
-179 245 48
-179 245 49
-179 245 50
-179 245 51
-179 245 52
-179 245 53
-179 245 54
-179 245 55
-179 245 56
-179 245 57
-179 245 58
-179 245 59
-179 245 60
-179 245 61
-179 245 62
-179 245 63
-179 246 48
-179 246 49
-179 246 50
-179 246 51
-179 246 52
-179 246 53
-179 246 54
-179 246 55
-179 246 57
-179 246 58
-179 246 59
-179 246 60
-179 246 62
-179 246 63
-179 247 48
-179 247 49
-179 247 50
-179 247 51
-179 247 52
-179 247 53
-179 247 54
-179 247 55
-179 247 61
-179 247 62
-179 247 63
-179 248 48
-179 248 49
-179 248 50
-179 248 51
-179 248 52
-179 248 53
-179 248 54
-179 248 55
-179 248 56
-179 248 62
-179 248 63
-179 249 49
-179 249 50
-179 249 51
-179 249 52
-179 249 53
-179 249 55
-179 249 62
-179 249 63
-179 250 48
-179 250 49
-179 250 50
-179 250 51
-179 250 52
-179 250 53
-179 250 63
-179 251 49
-179 251 50
-179 251 51
-179 251 52
-179 251 53
-179 252 52
-178 233 59
-178 234 58
-178 234 59
-178 235 59
-178 235 60
-178 235 61
-178 236 55
-178 236 56
-178 236 57
-178 236 58
-178 236 59
-178 236 60
-178 236 61
-178 237 55
-178 237 56
-178 237 57
-178 237 58
-178 237 59
-178 237 60
-178 237 61
-178 238 54
-178 238 55
-178 238 56
-178 238 58
-178 238 59
-178 238 60
-178 238 61
-178 238 62
-178 238 63
-178 239 53
-178 239 55
-178 239 56
-178 239 57
-178 239 58
-178 239 59
-178 239 60
-178 239 61
-178 239 62
-178 239 63
-178 240 49
-178 240 51
-178 240 53
-178 240 54
-178 240 55
-178 240 56
-178 240 57
-178 240 58
-178 240 59
-178 240 60
-178 240 61
-178 240 62
-178 240 63
-178 241 48
-178 241 49
-178 241 50
-178 241 51
-178 241 52
-178 241 53
-178 241 54
-178 241 55
-178 241 56
-178 241 57
-178 241 58
-178 241 59
-178 241 60
-178 241 61
-178 241 62
-178 241 63
-178 242 49
-178 242 50
-178 242 51
-178 242 52
-178 242 53
-178 242 54
-178 242 55
-178 242 56
-178 242 57
-178 242 58
-178 242 59
-178 242 60
-178 242 61
-178 242 62
-178 242 63
-178 243 48
-178 243 49
-178 243 50
-178 243 51
-178 243 53
-178 243 54
-178 243 55
-178 243 57
-178 243 58
-178 243 59
-178 243 60
-178 243 61
-178 243 62
-178 243 63
-178 244 48
-178 244 49
-178 244 50
-178 244 51
-178 244 52
-178 244 53
-178 244 54
-178 244 55
-178 244 56
-178 244 57
-178 244 59
-178 244 60
-178 244 61
-178 244 62
-178 244 63
-178 245 48
-178 245 49
-178 245 50
-178 245 51
-178 245 52
-178 245 53
-178 245 54
-178 245 55
-178 245 56
-178 245 57
-178 245 59
-178 245 60
-178 245 61
-178 245 62
-178 245 63
-178 246 48
-178 246 49
-178 246 50
-178 246 51
-178 246 52
-178 246 53
-178 246 54
-178 246 55
-178 246 56
-178 246 57
-178 246 58
-178 246 59
-178 246 60
-178 246 61
-178 246 62
-178 246 63
-178 247 48
-178 247 49
-178 247 50
-178 247 51
-178 247 52
-178 247 53
-178 247 54
-178 247 55
-178 247 56
-178 247 61
-178 247 62
-178 247 63
-178 248 48
-178 248 49
-178 248 50
-178 248 51
-178 248 52
-178 248 53
-178 248 54
-178 248 61
-178 248 62
-178 249 48
-178 249 49
-178 249 50
-178 249 51
-178 249 52
-178 249 53
-178 250 49
-178 250 50
-178 250 51
-178 250 52
-178 250 53
-178 251 49
-178 251 50
-178 251 52
-177 234 58
-177 234 59
-177 235 57
-177 235 58
-177 235 59
-177 236 56
-177 236 57
-177 236 58
-177 236 59
-177 236 60
-177 237 55
-177 237 56
-177 237 57
-177 237 58
-177 237 59
-177 237 60
-177 237 61
-177 237 63
-177 238 53
-177 238 54
-177 238 55
-177 238 56
-177 238 57
-177 238 58
-177 238 59
-177 238 60
-177 238 61
-177 238 62
-177 238 63
-177 239 54
-177 239 55
-177 239 56
-177 239 57
-177 239 58
-177 239 59
-177 239 60
-177 239 61
-177 239 62
-177 239 63
-177 240 53
-177 240 54
-177 240 55
-177 240 56
-177 240 57
-177 240 58
-177 240 59
-177 240 60
-177 240 61
-177 240 62
-177 240 63
-177 241 48
-177 241 49
-177 241 51
-177 241 52
-177 241 53
-177 241 54
-177 241 55
-177 241 56
-177 241 57
-177 241 58
-177 241 59
-177 241 60
-177 241 61
-177 241 62
-177 241 63
-177 242 49
-177 242 50
-177 242 51
-177 242 52
-177 242 53
-177 242 54
-177 242 55
-177 242 56
-177 242 57
-177 242 58
-177 242 59
-177 242 60
-177 242 61
-177 242 62
-177 242 63
-177 243 48
-177 243 49
-177 243 50
-177 243 51
-177 243 52
-177 243 53
-177 243 54
-177 243 55
-177 243 56
-177 243 57
-177 243 58
-177 243 59
-177 243 60
-177 243 61
-177 243 62
-177 243 63
-177 244 48
-177 244 49
-177 244 50
-177 244 51
-177 244 52
-177 244 53
-177 244 54
-177 244 55
-177 244 56
-177 244 57
-177 244 58
-177 244 59
-177 244 60
-177 244 61
-177 244 62
-177 244 63
-177 245 48
-177 245 49
-177 245 50
-177 245 51
-177 245 52
-177 245 53
-177 245 54
-177 245 55
-177 245 56
-177 245 57
-177 245 58
-177 245 59
-177 245 60
-177 245 61
-177 245 62
-177 245 63
-177 246 48
-177 246 49
-177 246 50
-177 246 51
-177 246 52
-177 246 53
-177 246 54
-177 246 56
-177 246 57
-177 246 59
-177 246 61
-177 246 62
-177 246 63
-177 247 48
-177 247 49
-177 247 50
-177 247 51
-177 247 52
-177 247 57
-177 247 62
-177 248 48
-177 248 49
-177 248 50
-177 248 51
-177 248 52
-177 248 53
-177 248 54
-177 248 62
-177 249 48
-177 249 49
-177 249 50
-177 250 48
-177 250 49
-177 250 50
-177 250 51
-177 250 52
-177 251 49
-177 251 50

