alfheim:altWood1
12
0 207 -176
0 208 -176
0 208 -175
0 208 -174
0 208 -173
0 209 -175
0 209 -174
0 209 -172
0 210 -175
0 210 -174
1 208 -176
1 208 -175
1 208 -174
1 208 -173
1 208 -172
1 209 -176
1 209 -175
1 210 -175
2 207 -173
2 207 -172
2 208 -171
2 208 -170
2 209 -175
2 209 -174
3 207 -173
3 207 -172
3 207 -170
3 207 -169
3 208 -174
3 208 -168
3 209 -174
4 206 -172
4 206 -171
4 206 -170
4 206 -169
4 207 -173
4 207 -172
4 207 -171
4 207 -170
4 207 -169
4 207 -168
4 208 -173
4 208 -172
4 208 -171
4 208 -170
4 208 -169
4 208 -168
5 206 -172
5 206 -171
5 206 -170
5 206 -169
5 207 -173
5 207 -172
5 207 -171
5 207 -170
5 207 -169
5 207 -168
5 207 -167
5 207 -166
5 208 -173
5 208 -172
5 208 -171
5 208 -170
5 208 -168
5 208 -167
5 209 -170
5 210 -170
6 205 -168
6 205 -167
6 206 -170
6 206 -169
6 206 -168
6 206 -167
6 206 -166
6 206 -165
6 206 -164
6 207 -172
6 207 -171
6 207 -170
6 207 -169
6 207 -168
6 207 -167
6 207 -166
6 207 -165
6 207 -164
6 208 -170
6 208 -169
6 208 -167
6 208 -166
6 208 -165
6 209 -167
7 205 -169
7 205 -168
7 205 -167
7 205 -166
7 205 -165
7 205 -164
7 205 -163
7 206 -169
7 206 -168
7 206 -167
7 206 -166
7 206 -165
7 206 -164
7 206 -163
7 207 -170
7 207 -169
7 207 -168
7 207 -167
7 207 -165
7 207 -164
7 207 -163
7 208 -170
7 208 -169
7 208 -168
7 208 -166
7 208 -165
7 208 -164
8 204 -166
8 204 -165
8 204 -164
8 204 -163
8 205 -168
8 205 -167
8 205 -166
8 205 -165
8 205 -164
8 205 -163
8 205 -162
8 206 -169
8 206 -168
8 206 -167
8 206 -166
8 206 -165
8 206 -164
8 206 -163
8 206 -162
8 207 -170
8 207 -169
8 207 -165
8 207 -164
8 207 -163
8 207 -162
8 208 -170
8 208 -164
8 208 -163
8 209 -164
9 203 -165
9 203 -164
9 204 -166
9 204 -165
9 204 -164
9 204 -163
9 205 -167
9 205 -166
9 205 -165
9 205 -164
9 205 -163
9 205 -162
9 206 -168
9 206 -167
9 206 -166
9 206 -165
9 206 -164
9 206 -163
9 206 -162
9 206 -161
9 207 -169
9 207 -168
9 207 -165
9 207 -164
9 207 -163
9 207 -162
9 207 -161
9 208 -169
9 208 -166
9 208 -165
9 208 -164
9 208 -163
9 208 -162
9 209 -169
9 209 -164
10 203 -165
10 203 -164
10 203 -163
10 204 -166
10 204 -165
10 204 -164
10 204 -163
10 204 -162
10 204 -161
10 205 -166
10 205 -165
10 205 -164
10 205 -163
10 205 -162
10 205 -161
10 206 -167
10 206 -166
10 206 -165
10 206 -164
10 206 -163
10 206 -162
10 206 -161
10 207 -168
10 207 -167
10 207 -166
10 207 -165
10 207 -164
10 207 -163
10 207 -162
10 207 -161
10 208 -168
10 208 -166
10 208 -165
10 208 -164
10 208 -163
10 208 -161
10 209 -165
11 203 -165
11 203 -164
11 203 -163
11 203 -162
11 204 -166
11 204 -165
11 204 -164
11 204 -163
11 204 -162
11 204 -161
11 205 -166
11 205 -165
11 205 -164
11 205 -163
11 205 -162
11 205 -161
11 206 -166
11 206 -165
11 206 -164
11 206 -163
11 206 -162
11 206 -161
11 207 -166
11 207 -165
11 207 -164
11 207 -163
11 207 -162
11 207 -161
11 208 -165
11 208 -164
11 208 -163
11 208 -161
12 203 -164
12 203 -163
12 204 -165
12 204 -164
12 204 -163
12 204 -162
12 204 -161
12 205 -165
12 205 -164
12 205 -163
12 205 -162
12 205 -161
12 206 -165
12 206 -164
12 206 -163
12 206 -162
12 206 -161
12 207 -164
12 207 -163
12 207 -162
12 207 -161
12 208 -164
12 208 -162
13 204 -164
13 204 -163
13 204 -162
13 204 -161
13 205 -164
13 205 -163
13 205 -162
13 205 -161
13 206 -164
13 206 -163
13 206 -162
13 206 -161
13 207 -164
13 207 -163
13 207 -162
13 207 -161
13 208 -162
13 208 -161
13 209 -162
13 209 -161
14 204 -162
14 204 -161
14 205 -163
14 205 -162
14 205 -161
14 206 -164
14 206 -162
14 206 -161
14 207 -162
14 207 -161
14 208 -162
14 208 -161
14 209 -161
15 204 -162
15 204 -161
15 205 -163
15 205 -162
15 205 -161
15 206 -163
15 206 -162
15 206 -161
15 207 -163
15 207 -162
15 207 -161
15 208 -161
0 226 -163
0 226 -162
0 226 -161
0 227 -164
0 227 -163
0 227 -162
0 227 -161
0 228 -167
0 228 -166
0 228 -165
0 228 -164
0 228 -163
0 228 -162
0 228 -161
0 229 -168
0 229 -167
0 229 -166
0 229 -165
0 229 -164
0 229 -163
0 229 -162
0 229 -161
0 230 -169
0 230 -168
0 230 -167
0 230 -166
0 230 -165
0 230 -164
0 230 -163
0 230 -162
0 230 -161
0 231 -175
0 231 -169
0 231 -168
0 231 -167
0 231 -166
0 231 -165
0 231 -164
0 231 -163
0 231 -162
0 231 -161
0 232 -176
0 232 -175
0 232 -174
0 232 -169
0 232 -168
0 232 -167
0 232 -166
0 232 -165
0 232 -164
0 232 -163
0 232 -162
0 232 -161
0 233 -176
0 233 -175
0 233 -174
0 233 -173
0 233 -168
0 233 -167
0 233 -166
0 233 -165
0 233 -164
0 233 -163
0 233 -162
0 233 -161
0 234 -176
0 234 -175
0 234 -174
0 234 -173
0 234 -167
0 234 -166
0 234 -165
0 234 -164
0 234 -163
0 234 -162
0 234 -161
0 235 -176
0 235 -175
0 235 -174
0 235 -173
0 236 -176
0 236 -175
0 236 -174
0 237 -176
0 237 -175
0 238 -176
1 225 -162
1 225 -161
1 226 -164
1 226 -163
1 226 -162
1 226 -161
1 227 -167
1 227 -166
1 227 -165
1 227 -164
1 227 -163
1 227 -162
1 227 -161
1 228 -169
1 228 -168
1 228 -167
1 228 -166
1 228 -165
1 228 -164
1 228 -163
1 228 -162
1 228 -161
1 229 -169
1 229 -168
1 229 -167
1 229 -166
1 229 -165
1 229 -164
1 229 -163
1 229 -162
1 229 -161
1 230 -176
1 230 -175
1 230 -174
1 230 -170
1 230 -169
1 230 -168
1 230 -167
1 230 -166
1 230 -165
1 230 -164
1 230 -163
1 230 -162
1 230 -161
1 231 -176
1 231 -175
1 231 -174
1 231 -173
1 231 -172
1 231 -171
1 231 -170
1 231 -169
1 231 -168
1 231 -167
1 231 -166
1 231 -165
1 231 -164
1 231 -163
1 231 -162
1 231 -161
1 232 -176
1 232 -175
1 232 -174
1 232 -173
1 232 -172
1 232 -171
1 232 -170
1 232 -169
1 232 -168
1 232 -167
1 232 -166
1 232 -165
1 232 -164
1 232 -163
1 232 -162
1 232 -161
1 233 -176
1 233 -175
1 233 -174
1 233 -173
1 233 -172
1 233 -171
1 233 -170
1 233 -169
1 233 -168
1 233 -167
1 233 -166
1 233 -165
1 233 -164
1 233 -163
1 233 -162
1 233 -161
1 234 -176
1 234 -175
1 234 -174
1 234 -173
1 234 -172
1 234 -169
1 234 -168
1 234 -167
1 234 -166
1 234 -165
1 234 -164
1 234 -163
1 234 -162
1 234 -161
1 235 -176
1 235 -175
1 235 -174
1 235 -173
1 235 -167
1 235 -166
1 235 -165
1 235 -164
1 235 -163
1 235 -161
1 236 -176
1 236 -175
1 236 -174
1 236 -173
1 237 -176
1 237 -175
1 237 -174
1 238 -176
2 225 -163
2 225 -162
2 225 -161
2 226 -166
2 226 -165
2 226 -164
2 226 -163
2 226 -162
2 226 -161
2 227 -168
2 227 -167
2 227 -166
2 227 -165
2 227 -164
2 227 -163
2 227 -162
2 227 -161
2 228 -169
2 228 -168
2 228 -167
2 228 -166
2 228 -165
2 228 -164
2 228 -163
2 228 -162
2 228 -161
2 229 -176
2 229 -175
2 229 -174
2 229 -171
2 229 -170
2 229 -169
2 229 -168
2 229 -167
2 229 -166
2 229 -165
2 229 -164
2 229 -163
2 229 -162
2 229 -161
2 230 -176
2 230 -175
2 230 -174
2 230 -173
2 230 -172
2 230 -171
2 230 -170
2 230 -169
2 230 -168
2 230 -167
2 230 -166
2 230 -165
2 230 -164
2 230 -163
2 230 -162
2 230 -161
2 231 -176
2 231 -175
2 231 -174
2 231 -173
2 231 -172
2 231 -171
2 231 -170
2 231 -169
2 231 -168
2 231 -167
2 231 -166
2 231 -165
2 231 -164
2 231 -163
2 231 -162
2 231 -161
2 232 -176
2 232 -175
2 232 -174
2 232 -173
2 232 -172
2 232 -171
2 232 -170
2 232 -169
2 232 -168
2 232 -167
2 232 -166
2 232 -165
2 232 -164
2 232 -163
2 232 -162
2 232 -161
2 233 -176
2 233 -175
2 233 -174
2 233 -173
2 233 -172
2 233 -171
2 233 -170
2 233 -169
2 233 -168
2 233 -167
2 233 -166
2 233 -165
2 233 -164
2 233 -163
2 233 -162
2 233 -161
2 234 -176
2 234 -175
2 234 -174
2 234 -173
2 234 -172
2 234 -171
2 234 -170
2 234 -169
2 234 -168
2 234 -167
2 234 -166
2 234 -165
2 234 -164
2 234 -163
2 234 -162
2 234 -161
2 235 -176
2 235 -175
2 235 -174
2 235 -173
2 235 -172
2 235 -171
2 235 -170
2 235 -169
2 235 -168
2 235 -167
2 235 -166
2 235 -165
2 235 -164
2 235 -163
2 235 -162
2 235 -161
2 236 -176
2 236 -175
2 236 -174
2 236 -173
2 236 -172
2 236 -166
2 237 -176
2 237 -175
2 237 -174
2 237 -173
2 238 -176
2 238 -175
3 225 -163
3 225 -162
3 225 -161
3 226 -167
3 226 -166
3 226 -165
3 226 -164
3 226 -163
3 226 -162
3 226 -161
3 227 -169
3 227 -168
3 227 -167
3 227 -166
3 227 -165
3 227 -164
3 227 -163
3 227 -162
3 227 -161
3 228 -175
3 228 -170
3 228 -169
3 228 -168
3 228 -167
3 228 -166
3 228 -165
3 228 -164
3 228 -163
3 228 -162
3 228 -161
3 229 -176
3 229 -175
3 229 -174
3 229 -173
3 229 -172
3 229 -171
3 229 -170
3 229 -169
3 229 -168
3 229 -167
3 229 -166
3 229 -165
3 229 -164
3 229 -163
3 229 -162
3 229 -161
3 230 -176
3 230 -175
3 230 -174
3 230 -173
3 230 -172
3 230 -171
3 230 -170
3 230 -169
3 230 -168
3 230 -167
3 230 -166
3 230 -165
3 230 -164
3 230 -163
3 230 -162
3 230 -161
3 231 -176
3 231 -175
3 231 -174
3 231 -173
3 231 -172
3 231 -171
3 231 -170
3 231 -169
3 231 -168
3 231 -167
3 231 -166
3 231 -165
3 231 -164
3 231 -163
3 231 -162
3 231 -161
3 232 -176
3 232 -175
3 232 -174
3 232 -173
3 232 -172
3 232 -171
3 232 -170
3 232 -169
3 232 -168
3 232 -167
3 232 -166
3 232 -165
3 232 -164
3 232 -163
3 232 -162
3 232 -161
3 233 -176
3 233 -175
3 233 -174
3 233 -173
3 233 -172
3 233 -171
3 233 -170
3 233 -169
3 233 -168
3 233 -167
3 233 -166
3 233 -165
3 233 -164
3 233 -163
3 233 -162
3 233 -161
3 234 -176
3 234 -175
3 234 -174
3 234 -173
3 234 -172
3 234 -171
3 234 -170
3 234 -169
3 234 -168
3 234 -167
3 234 -166
3 234 -165
3 234 -164
3 234 -163
3 234 -162
3 234 -161
3 235 -176
3 235 -175
3 235 -174
3 235 -173
3 235 -172
3 235 -171
3 235 -170
3 235 -169
3 235 -168
3 235 -167
3 235 -166
3 235 -165
3 235 -164
3 235 -163
3 235 -162
3 235 -161
3 236 -176
3 236 -175
3 236 -174
3 236 -173
3 236 -172
3 236 -171
3 236 -170
3 236 -169
3 236 -168
3 236 -167
3 236 -166
3 236 -165
3 237 -176
3 237 -175
3 237 -174
3 237 -173
3 238 -176
3 238 -175
4 225 -163
4 225 -162
4 225 -161
4 226 -167
4 226 -166
4 226 -165
4 226 -164
4 226 -163
4 226 -162
4 226 -161
4 227 -169
4 227 -168
4 227 -167
4 227 -166
4 227 -165
4 227 -164
4 227 -163
4 227 -162
4 227 -161
4 228 -176
4 228 -175
4 228 -174
4 228 -170
4 228 -169
4 228 -168
4 228 -167
4 228 -166
4 228 -165
4 228 -164
4 228 -163
4 228 -162
4 228 -161
4 229 -176
4 229 -175
4 229 -174
4 229 -173
4 229 -172
4 229 -171
4 229 -170
4 229 -169
4 229 -168
4 229 -167
4 229 -166
4 229 -165
4 229 -164
4 229 -163
4 229 -162
4 229 -161
4 230 -176
4 230 -175
4 230 -174
4 230 -173
4 230 -172
4 230 -171
4 230 -170
4 230 -169
4 230 -168
4 230 -167
4 230 -166
4 230 -165
4 230 -164
4 230 -163
4 230 -162
4 230 -161
4 231 -176
4 231 -175
4 231 -174
4 231 -173
4 231 -172
4 231 -171
4 231 -170
4 231 -169
4 231 -168
4 231 -167
4 231 -166
4 231 -165
4 231 -164
4 231 -163
4 231 -162
4 231 -161
4 232 -176
4 232 -175
4 232 -174
4 232 -173
4 232 -172
4 232 -171
4 232 -170
4 232 -169
4 232 -168
4 232 -167
4 232 -166
4 232 -165
4 232 -164
4 232 -163
4 232 -162
4 232 -161
4 233 -176
4 233 -175
4 233 -174
4 233 -173
4 233 -172
4 233 -171
4 233 -170
4 233 -169
4 233 -168
4 233 -167
4 233 -166
4 233 -165
4 233 -164
4 233 -163
4 233 -162
4 233 -161
4 234 -176
4 234 -175
4 234 -174
4 234 -173
4 234 -172
4 234 -171
4 234 -170
4 234 -169
4 234 -168
4 234 -167
4 234 -166
4 234 -165
4 234 -164
4 234 -163
4 234 -162
4 234 -161
4 235 -176
4 235 -175
4 235 -174
4 235 -173
4 235 -172
4 235 -171
4 235 -170
4 235 -169
4 235 -168
4 235 -167
4 235 -166
4 235 -165
4 235 -164
4 235 -163
4 235 -162
4 235 -161
4 236 -176
4 236 -175
4 236 -174
4 236 -173
4 236 -172
4 236 -171
4 236 -170
4 236 -169
4 236 -168
4 236 -167
4 236 -166
4 236 -165
4 236 -164
4 237 -176
4 237 -175
4 237 -174
4 237 -173
4 237 -172
4 237 -171
4 237 -170
4 237 -169
4 237 -168
4 238 -176
4 238 -175
4 238 -174
4 238 -173
5 225 -162
5 225 -161
5 226 -167
5 226 -166
5 226 -165
5 226 -164
5 226 -163
5 226 -162
5 226 -161
5 227 -169
5 227 -168
5 227 -167
5 227 -166
5 227 -165
5 227 -164
5 227 -163
5 227 -162
5 227 -161
5 228 -176
5 228 -175
5 228 -174
5 228 -173
5 228 -172
5 228 -171
5 228 -170
5 228 -169
5 228 -168
5 228 -167
5 228 -166
5 228 -165
5 228 -164
5 228 -163
5 228 -162
5 228 -161
5 229 -176
5 229 -175
5 229 -174
5 229 -173
5 229 -172
5 229 -171
5 229 -170
5 229 -169
5 229 -168
5 229 -167
5 229 -166
5 229 -165
5 229 -164
5 229 -163
5 229 -162
5 229 -161
5 230 -176
5 230 -175
5 230 -174
5 230 -173
5 230 -172
5 230 -171
5 230 -170
5 230 -169
5 230 -168
5 230 -167
5 230 -166
5 230 -165
5 230 -164
5 230 -163
5 230 -162
5 230 -161
5 231 -176
5 231 -175
5 231 -174
5 231 -173
5 231 -172
5 231 -171
5 231 -170
5 231 -169
5 231 -168
5 231 -167
5 231 -166
5 231 -165
5 231 -164
5 231 -163
5 231 -162
5 231 -161
5 232 -176
5 232 -175
5 232 -174
5 232 -173
5 232 -172
5 232 -171
5 232 -170
5 232 -169
5 232 -168
5 232 -167
5 232 -166
5 232 -165
5 232 -164
5 232 -163
5 232 -162
5 232 -161
5 233 -176
5 233 -175
5 233 -174
5 233 -173
5 233 -172
5 233 -171
5 233 -170
5 233 -169
5 233 -168
5 233 -167
5 233 -166
5 233 -165
5 233 -164
5 233 -163
5 233 -162
5 233 -161
5 234 -176
5 234 -175
5 234 -174
5 234 -173
5 234 -172
5 234 -171
5 234 -170
5 234 -169
5 234 -168
5 234 -167
5 234 -166
5 234 -165
5 234 -164
5 234 -163
5 234 -162
5 234 -161
5 235 -176
5 235 -175
5 235 -174
5 235 -173
5 235 -172
5 235 -171
5 235 -170
5 235 -169
5 235 -168
5 235 -167
5 235 -166
5 235 -165
5 235 -164
5 235 -163
5 235 -162
5 235 -161
5 236 -176
5 236 -175
5 236 -174
5 236 -173
5 236 -172
5 236 -171
5 236 -170
5 236 -169
5 236 -168
5 236 -167
5 236 -166
5 236 -165
5 237 -176
5 237 -175
5 237 -174
5 237 -173
5 237 -172
5 237 -171
5 237 -170
5 237 -169
5 237 -168
5 237 -167
5 238 -176
5 238 -175
5 238 -174
5 238 -173
5 238 -171
6 226 -166
6 226 -165
6 226 -163
6 226 -162
6 226 -161
6 227 -169
6 227 -168
6 227 -167
6 227 -166
6 227 -165
6 227 -164
6 227 -163
6 227 -162
6 227 -161
6 228 -176
6 228 -175
6 228 -174
6 228 -173
6 228 -172
6 228 -171
6 228 -170
6 228 -169
6 228 -168
6 228 -167
6 228 -166
6 228 -165
6 228 -164
6 228 -163
6 228 -162
6 228 -161
6 229 -176
6 229 -175
6 229 -174
6 229 -173
6 229 -172
6 229 -171
6 229 -170
6 229 -169
6 229 -168
6 229 -167
6 229 -166
6 229 -165
6 229 -164
6 229 -163
6 229 -162
6 229 -161
6 230 -176
6 230 -175
6 230 -174
6 230 -173
6 230 -172
6 230 -171
6 230 -170
6 230 -169
6 230 -168
6 230 -167
6 230 -166
6 230 -165
6 230 -164
6 230 -163
6 230 -162
6 230 -161
6 231 -176
6 231 -175
6 231 -174
6 231 -173
6 231 -172
6 231 -171
6 231 -170
6 231 -169
6 231 -168
6 231 -167
6 231 -166
6 231 -165
6 231 -164
6 231 -163
6 231 -162
6 231 -161
6 232 -176
6 232 -175
6 232 -174
6 232 -173
6 232 -172
6 232 -171
6 232 -170
6 232 -169
6 232 -168
6 232 -167
6 232 -166
6 232 -165
6 232 -164
6 232 -163
6 232 -162
6 232 -161
6 233 -176
6 233 -175
6 233 -174
6 233 -173
6 233 -172
6 233 -171
6 233 -170
6 233 -169
6 233 -168
6 233 -167
6 233 -166
6 233 -165
6 233 -164
6 233 -163
6 233 -162
6 233 -161
6 234 -176
6 234 -175
6 234 -174
6 234 -173
6 234 -172
6 234 -171
6 234 -170
6 234 -169
6 234 -168
6 234 -167
6 234 -166
6 234 -165
6 234 -164
6 234 -163
6 234 -162
6 234 -161
6 235 -176
6 235 -175
6 235 -174
6 235 -173
6 235 -172
6 235 -171
6 235 -170
6 235 -169
6 235 -168
6 235 -167
6 235 -166
6 235 -165
6 235 -164
6 235 -163
6 236 -176
6 236 -175
6 236 -174
6 236 -173
6 236 -172
6 236 -171
6 236 -170
6 236 -169
6 236 -168
6 236 -167
6 236 -166
6 236 -165
6 237 -176
6 237 -175
6 237 -174
6 237 -173
6 237 -172
6 237 -171
6 237 -170
6 237 -169
6 237 -168
6 237 -167
6 238 -176
6 238 -175
6 238 -174
6 238 -173
6 238 -172
6 238 -171
6 238 -170
6 238 -169
7 227 -168
7 227 -167
7 227 -166
7 227 -165
7 227 -164
7 227 -163
7 227 -162
7 227 -161
7 228 -175
7 228 -173
7 228 -172
7 228 -171
7 228 -170
7 228 -169
7 228 -168
7 228 -167
7 228 -166
7 228 -165
7 228 -164
7 228 -163
7 228 -162
7 228 -161
7 229 -176
7 229 -175
7 229 -174
7 229 -173
7 229 -172
7 229 -171
7 229 -170
7 229 -169
7 229 -168
7 229 -167
7 229 -166
7 229 -165
7 229 -164
7 229 -163
7 229 -162
7 229 -161
7 230 -176
7 230 -175
7 230 -174
7 230 -173
7 230 -172
7 230 -171
7 230 -170
7 230 -169
7 230 -168
7 230 -167
7 230 -166
7 230 -165
7 230 -164
7 230 -163
7 230 -162
7 230 -161
7 231 -176
7 231 -175
7 231 -174
7 231 -173
7 231 -172
7 231 -171
7 231 -170
7 231 -169
7 231 -168
7 231 -167
7 231 -166
7 231 -165
7 231 -164
7 231 -163
7 231 -162
7 231 -161
7 232 -176
7 232 -175
7 232 -174
7 232 -173
7 232 -172
7 232 -171
7 232 -170
7 232 -169
7 232 -168
7 232 -167
7 232 -166
7 232 -165
7 232 -164
7 232 -163
7 232 -162
7 232 -161
7 233 -176
7 233 -175
7 233 -174
7 233 -173
7 233 -172
7 233 -171
7 233 -170
7 233 -169
7 233 -168
7 233 -167
7 233 -166
7 233 -165
7 233 -164
7 233 -163
7 233 -162
7 233 -161
7 234 -176
7 234 -175
7 234 -174
7 234 -173
7 234 -172
7 234 -171
7 234 -170
7 234 -169
7 234 -168
7 234 -167
7 234 -166
7 234 -165
7 234 -164
7 234 -163
7 234 -162
7 235 -176
7 235 -175
7 235 -174
7 235 -173
7 235 -172
7 235 -171
7 235 -170
7 235 -169
7 235 -168
7 235 -167
7 235 -166
7 235 -165
7 235 -164
7 236 -176
7 236 -175
7 236 -174
7 236 -173
7 236 -172
7 236 -171
7 236 -170
7 236 -169
7 236 -168
7 236 -167
7 236 -166
7 237 -176
7 237 -175
7 237 -174
7 237 -173
7 237 -172
7 237 -171
7 237 -170
7 237 -169
7 237 -168
7 237 -167
7 238 -172
7 238 -171
7 238 -170
7 238 -169
7 238 -168
8 228 -171
8 228 -170
8 228 -169
8 228 -168
8 228 -167
8 228 -166
8 228 -165
8 228 -164
8 228 -163
8 228 -162
8 228 -161
8 229 -176
8 229 -175
8 229 -174
8 229 -173
8 229 -172
8 229 -171
8 229 -170
8 229 -169
8 229 -168
8 229 -167
8 229 -166
8 229 -165
8 229 -164
8 229 -163
8 229 -162
8 229 -161
8 230 -176
8 230 -175
8 230 -174
8 230 -173
8 230 -172
8 230 -171
8 230 -170
8 230 -169
8 230 -168
8 230 -167
8 230 -166
8 230 -165
8 230 -164
8 230 -163
8 230 -162
8 230 -161
8 231 -176
8 231 -175
8 231 -174
8 231 -173
8 231 -172
8 231 -171
8 231 -170
8 231 -169
8 231 -168
8 231 -167
8 231 -166
8 231 -165
8 231 -164
8 231 -163
8 231 -162
8 231 -161
8 232 -176
8 232 -175
8 232 -174
8 232 -173
8 232 -172
8 232 -171
8 232 -170
8 232 -169
8 232 -168
8 232 -167
8 232 -166
8 232 -165
8 232 -164
8 232 -163
8 232 -162
8 232 -161
8 233 -176
8 233 -175
8 233 -174
8 233 -173
8 233 -172
8 233 -171
8 233 -170
8 233 -169
8 233 -168
8 233 -167
8 233 -166
8 233 -165
8 233 -164
8 233 -163
8 233 -162
8 233 -161
8 234 -176
8 234 -175
8 234 -174
8 234 -173
8 234 -172
8 234 -171
8 234 -170
8 234 -169
8 234 -168
8 234 -167
8 234 -166
8 234 -165
8 234 -164
8 234 -163
8 235 -176
8 235 -175
8 235 -174
8 235 -173
8 235 -172
8 235 -171
8 235 -170
8 235 -169
8 235 -168
8 235 -167
8 235 -166
8 235 -165
8 236 -176
8 236 -175
8 236 -174
8 236 -173
8 236 -172
8 236 -171
8 236 -170
8 236 -169
8 236 -168
8 236 -167
8 236 -166
8 237 -176
8 237 -175
8 237 -174
8 237 -173
8 237 -172
8 237 -171
8 237 -170
8 237 -169
8 237 -168
8 237 -167
8 238 -171
8 238 -170
8 238 -169
9 228 -170
9 228 -163
9 228 -162
9 228 -161
9 229 -173
9 229 -172
9 229 -171
9 229 -170
9 229 -169
9 229 -168
9 229 -167
9 229 -166
9 229 -165
9 229 -164
9 229 -163
9 229 -162
9 229 -161
9 230 -175
9 230 -174
9 230 -173
9 230 -172
9 230 -171
9 230 -170
9 230 -169
9 230 -168
9 230 -167
9 230 -166
9 230 -165
9 230 -164
9 230 -163
9 230 -162
9 230 -161
9 231 -176
9 231 -175
9 231 -174
9 231 -173
9 231 -172
9 231 -171
9 231 -170
9 231 -169
9 231 -168
9 231 -167
9 231 -166
9 231 -165
9 231 -164
9 231 -163
9 231 -162
9 231 -161
9 232 -176
9 232 -175
9 232 -174
9 232 -173
9 232 -172
9 232 -171
9 232 -170
9 232 -169
9 232 -168
9 232 -167
9 232 -166
9 232 -165
9 232 -164
9 232 -163
9 232 -162
9 232 -161
9 233 -176
9 233 -175
9 233 -174
9 233 -173
9 233 -172
9 233 -171
9 233 -170
9 233 -169
9 233 -168
9 233 -167
9 233 -166
9 233 -165
9 233 -164
9 233 -163
9 233 -162
9 234 -176
9 234 -175
9 234 -174
9 234 -173
9 234 -172
9 234 -171
9 234 -170
9 234 -169
9 234 -168
9 234 -167
9 234 -166
9 234 -165
9 234 -164
9 234 -163
9 235 -176
9 235 -175
9 235 -174
9 235 -173
9 235 -172
9 235 -171
9 235 -170
9 235 -169
9 235 -168
9 235 -167
9 235 -166
9 235 -165
9 236 -176
9 236 -175
9 236 -174
9 236 -173
9 236 -172
9 236 -171
9 236 -170
9 236 -169
9 236 -168
9 236 -167
9 237 -173
9 237 -172
9 237 -171
9 237 -170
9 237 -169
9 237 -168
10 228 -163
10 228 -162
10 228 -161
10 229 -171
10 229 -170
10 229 -169
10 229 -164
10 229 -163
10 229 -162
10 229 -161
10 230 -173
10 230 -172
10 230 -171
10 230 -170
10 230 -169
10 230 -168
10 230 -167
10 230 -166
10 230 -165
10 230 -164
10 230 -163
10 230 -162
10 230 -161
10 231 -176
10 231 -175
10 231 -174
10 231 -173
10 231 -172
10 231 -171
10 231 -170
10 231 -169
10 231 -168
10 231 -167
10 231 -166
10 231 -165
10 231 -164
10 231 -163
10 231 -162
10 231 -161
10 232 -176
10 232 -175
10 232 -174
10 232 -173
10 232 -172
10 232 -171
10 232 -170
10 232 -169
10 232 -168
10 232 -167
10 232 -166
10 232 -165
10 232 -164
10 232 -163
10 232 -162
10 232 -161
10 233 -176
10 233 -175
10 233 -174
10 233 -173
10 233 -172
10 233 -171
10 233 -170
10 233 -169
10 233 -168
10 233 -167
10 233 -166
10 233 -165
10 233 -164
10 233 -163
10 234 -176
10 234 -175
10 234 -174
10 234 -173
10 234 -172
10 234 -171
10 234 -170
10 234 -169
10 234 -168
10 234 -167
10 234 -166
10 234 -165
10 234 -164
10 235 -176
10 235 -175
10 235 -174
10 235 -173
10 235 -172
10 235 -171
10 235 -170
10 235 -169
10 235 -168
10 235 -167
10 235 -166
10 236 -176
10 236 -175
10 236 -174
10 236 -173
10 236 -172
10 236 -171
10 236 -170
10 236 -169
10 236 -168
10 236 -167
10 237 -171
10 237 -170
10 237 -169
11 229 -163
11 229 -162
11 229 -161
11 230 -172
11 230 -171
11 230 -170
11 230 -169
11 230 -168
11 230 -167
11 230 -166
11 230 -165
11 230 -164
11 230 -163
11 230 -162
11 230 -161
11 231 -173
11 231 -172
11 231 -171
11 231 -170
11 231 -169
11 231 -168
11 231 -167
11 231 -166
11 231 -165
11 231 -164
11 231 -163
11 231 -162
11 231 -161
11 232 -176
11 232 -175
11 232 -174
11 232 -173
11 232 -172
11 232 -171
11 232 -170
11 232 -169
11 232 -168
11 232 -167
11 232 -166
11 232 -165
11 232 -164
11 232 -163
11 233 -176
11 233 -175
11 233 -174
11 233 -173
11 233 -172
11 233 -171
11 233 -170
11 233 -169
11 233 -168
11 233 -167
11 233 -166
11 233 -165
11 233 -164
11 233 -163
11 234 -176
11 234 -175
11 234 -174
11 234 -173
11 234 -172
11 234 -171
11 234 -170
11 234 -169
11 234 -168
11 234 -167
11 234 -166
11 234 -165
11 234 -164
11 235 -176
11 235 -175
11 235 -174
11 235 -173
11 235 -172
11 235 -171
11 235 -170
11 235 -169
11 235 -168
11 235 -167
11 236 -176
11 236 -175
11 236 -174
11 236 -173
11 236 -172
11 236 -171
11 236 -170
11 236 -169
12 230 -167
12 230 -166
12 230 -165
12 230 -164
12 231 -170
12 231 -169
12 231 -168
12 231 -167
12 231 -166
12 231 -165
12 231 -164
12 231 -163
12 232 -174
12 232 -173
12 232 -172
12 232 -171
12 232 -170
12 232 -169
12 232 -168
12 232 -167
12 232 -166
12 232 -165
12 232 -164
12 232 -163
12 233 -176
12 233 -175
12 233 -174
12 233 -173
12 233 -172
12 233 -171
12 233 -170
12 233 -169
12 233 -168
12 233 -167
12 233 -166
12 233 -165
12 233 -164
12 234 -176
12 234 -175
12 234 -174
12 234 -173
12 234 -172
12 234 -171
12 234 -170
12 234 -169
12 234 -168
12 234 -167
12 234 -166
12 234 -165
12 235 -176
12 235 -175
12 235 -174
12 235 -173
12 235 -172
12 235 -171
12 235 -170
12 236 -176
12 236 -175
12 236 -174
12 236 -173
12 237 -176
13 230 -167
13 230 -166
13 230 -165
13 231 -168
13 231 -167
13 231 -166
13 231 -165
13 231 -164
13 232 -168
13 232 -167
13 232 -166
13 232 -165
13 232 -164
13 233 -176
13 233 -175
13 233 -174
13 233 -168
13 233 -167
13 233 -166
13 233 -165
13 233 -164
13 234 -176
13 234 -175
13 234 -174
13 234 -168
13 234 -167
13 234 -166
13 234 -165
13 235 -176
13 235 -175
13 235 -174
13 236 -176
13 236 -175
13 236 -174
13 237 -176
14 230 -166
14 230 -165
14 231 -167
14 231 -166
14 231 -165
14 231 -164
14 232 -168
14 232 -167
14 232 -166
14 232 -165
14 232 -164
14 233 -176
14 233 -168
14 233 -167
14 233 -166
14 233 -165
14 233 -164
14 234 -176
14 234 -175
14 234 -167
14 234 -166
14 234 -165
14 235 -176
14 235 -175
14 236 -176
14 236 -175
14 237 -176
15 231 -167
15 231 -166
15 231 -165
15 232 -168
15 232 -167
15 232 -166
15 232 -165
15 232 -164
15 233 -168
15 233 -167
15 233 -166
15 233 -165
15 233 -164
15 234 -176
15 234 -168
15 234 -167
15 234 -166
15 234 -165
15 235 -176
15 236 -176
alfheim:altLeaves
6
0 206 -166
0 207 -169
0 207 -168
0 207 -165
0 208 -170
0 208 -169
0 208 -168
0 208 -166
0 208 -165
0 209 -176
0 209 -173
0 209 -170
0 209 -169
0 209 -168
0 209 -167
0 209 -166
0 209 -164
0 210 -176
0 210 -173
0 210 -172
0 210 -171
0 210 -170
0 210 -169
0 210 -168
0 210 -167
0 210 -166
0 210 -165
0 210 -164
0 210 -162
0 210 -161
0 211 -176
0 211 -175
0 211 -174
0 211 -173
0 211 -172
0 211 -171
0 211 -170
0 211 -169
0 211 -168
0 211 -167
0 211 -166
0 211 -165
0 211 -164
0 211 -163
0 211 -162
0 211 -161
0 212 -176
0 212 -175
0 212 -174
0 212 -173
0 212 -172
0 212 -171
0 212 -170
0 212 -169
0 212 -168
0 212 -167
0 212 -166
0 212 -165
0 212 -164
0 212 -163
0 212 -161
0 213 -176
0 213 -175
0 213 -174
0 213 -173
0 213 -172
0 213 -171
0 213 -170
0 213 -169
0 213 -168
0 213 -167
0 213 -166
0 213 -165
0 213 -164
0 213 -163
0 213 -162
0 213 -161
0 214 -176
0 214 -175
0 214 -174
0 214 -173
0 214 -172
0 214 -171
0 214 -170
0 214 -169
0 214 -168
0 214 -167
0 214 -166
0 214 -165
0 214 -164
0 214 -163
0 214 -162
0 214 -161
0 215 -176
0 215 -175
0 215 -174
0 215 -173
0 215 -172
0 215 -171
0 215 -170
0 215 -169
0 215 -168
0 215 -167
0 215 -166
0 215 -165
0 215 -164
0 216 -176
0 216 -175
0 216 -174
0 216 -173
0 216 -172
0 216 -171
0 216 -170
0 216 -169
0 216 -168
0 216 -167
0 216 -166
0 216 -165
0 217 -176
0 217 -175
0 217 -174
0 217 -173
0 217 -172
0 217 -171
0 217 -170
0 217 -168
0 217 -167
0 217 -166
0 217 -165
0 217 -164
0 218 -176
0 218 -175
0 218 -174
0 218 -173
0 218 -172
0 218 -171
0 218 -170
0 218 -166
0 218 -164
0 219 -176
0 219 -175
0 219 -172
0 219 -171
0 220 -166
1 207 -170
1 207 -169
1 207 -168
1 208 -169
1 208 -168
1 208 -167
1 208 -165
1 209 -174
1 209 -173
1 209 -172
1 209 -171
1 209 -170
1 209 -169
1 209 -168
1 209 -167
1 209 -166
1 209 -165
1 210 -176
1 210 -174
1 210 -173
1 210 -172
1 210 -171
1 210 -170
1 210 -169
1 210 -168
1 210 -167
1 210 -166
1 210 -165
1 210 -162
1 211 -176
1 211 -175
1 211 -174
1 211 -173
1 211 -172
1 211 -171
1 211 -170
1 211 -169
1 211 -168
1 211 -167
1 211 -166
1 211 -165
1 211 -164
1 211 -163
1 211 -162
1 212 -176
1 212 -175
1 212 -174
1 212 -173
1 212 -172
1 212 -171
1 212 -170
1 212 -169
1 212 -168
1 212 -167
1 212 -166
1 212 -165
1 212 -164
1 212 -163
1 212 -162
1 212 -161
1 213 -176
1 213 -175
1 213 -174
1 213 -173
1 213 -172
1 213 -171
1 213 -170
1 213 -169
1 213 -168
1 213 -167
1 213 -166
1 213 -165
1 213 -164
1 213 -163
1 213 -162
1 213 -161
1 214 -176
1 214 -175
1 214 -174
1 214 -173
1 214 -172
1 214 -171
1 214 -170
1 214 -169
1 214 -168
1 214 -167
1 214 -166
1 214 -165
1 214 -164
1 214 -163
1 214 -162
1 215 -176
1 215 -175
1 215 -174
1 215 -173
1 215 -172
1 215 -171
1 215 -170
1 215 -169
1 215 -168
1 215 -167
1 215 -166
1 215 -165
1 215 -163
1 216 -176
1 216 -175
1 216 -174
1 216 -173
1 216 -172
1 216 -171
1 216 -170
1 216 -169
1 216 -168
1 216 -167
1 216 -166
1 216 -165
1 217 -176
1 217 -175
1 217 -174
1 217 -173
1 217 -172
1 217 -171
1 217 -170
1 217 -169
1 217 -168
1 217 -165
1 218 -176
1 218 -175
1 218 -174
1 218 -173
1 218 -172
1 218 -171
1 218 -170
1 218 -169
1 218 -168
1 218 -167
1 219 -176
1 219 -175
1 219 -174
1 219 -173
1 219 -172
1 219 -171
1 219 -170
1 220 -176
1 220 -174
1 220 -173
1 220 -172
2 207 -169
2 208 -174
2 208 -173
2 208 -172
2 208 -169
2 208 -168
2 209 -173
2 209 -172
2 209 -171
2 209 -170
2 209 -169
2 209 -168
2 209 -167
2 209 -165
2 209 -164
2 210 -175
2 210 -174
2 210 -173
2 210 -172
2 210 -171
2 210 -170
2 210 -169
2 210 -168
2 210 -167
2 210 -166
2 210 -165
2 210 -164
2 211 -175
2 211 -174
2 211 -173
2 211 -172
2 211 -171
2 211 -170
2 211 -169
2 211 -168
2 211 -167
2 211 -166
2 211 -165
2 211 -164
2 211 -163
2 212 -176
2 212 -175
2 212 -174
2 212 -173
2 212 -172
2 212 -171
2 212 -170
2 212 -169
2 212 -168
2 212 -167
2 212 -166
2 212 -165
2 212 -164
2 212 -163
2 212 -162
2 213 -176
2 213 -175
2 213 -174
2 213 -173
2 213 -172
2 213 -171
2 213 -170
2 213 -169
2 213 -168
2 213 -167
2 213 -166
2 213 -165
2 213 -164
2 213 -163
2 213 -162
2 214 -176
2 214 -175
2 214 -174
2 214 -173
2 214 -172
2 214 -171
2 214 -170
2 214 -169
2 214 -168
2 214 -167
2 214 -166
2 214 -165
2 214 -164
2 214 -163
2 215 -176
2 215 -175
2 215 -174
2 215 -173
2 215 -172
2 215 -171
2 215 -170
2 215 -169
2 215 -168
2 215 -167
2 215 -166
2 215 -165
2 215 -164
2 216 -176
2 216 -175
2 216 -174
2 216 -173
2 216 -172
2 216 -171
2 216 -170
2 216 -169
2 216 -168
2 216 -167
2 216 -166
2 216 -165
2 216 -164
2 217 -176
2 217 -175
2 217 -174
2 217 -173
2 217 -172
2 217 -171
2 217 -170
2 217 -169
2 217 -168
2 217 -167
2 217 -166
2 218 -176
2 218 -175
2 218 -174
2 218 -173
2 218 -171
2 218 -170
2 218 -169
2 218 -168
2 219 -176
2 219 -174
2 219 -173
2 219 -170
2 220 -176
2 220 -175
2 220 -174
2 220 -172
2 221 -174
3 207 -171
3 208 -173
3 208 -172
3 208 -171
3 208 -170
3 208 -169
3 209 -175
3 209 -173
3 209 -172
3 209 -171
3 209 -170
3 209 -169
3 209 -167
3 209 -166
3 209 -165
3 209 -164
3 210 -176
3 210 -175
3 210 -174
3 210 -173
3 210 -172
3 210 -171
3 210 -170
3 210 -169
3 210 -167
3 210 -166
3 210 -165
3 210 -164
3 210 -163
3 211 -175
3 211 -174
3 211 -173
3 211 -172
3 211 -171
3 211 -170
3 211 -169
3 211 -168
3 211 -167
3 211 -166
3 211 -165
3 211 -164
3 211 -163
3 212 -176
3 212 -175
3 212 -174
3 212 -173
3 212 -172
3 212 -171
3 212 -170
3 212 -169
3 212 -168
3 212 -167
3 212 -166
3 212 -165
3 212 -164
3 212 -163
3 212 -162
3 213 -176
3 213 -175
3 213 -174
3 213 -173
3 213 -172
3 213 -171
3 213 -170
3 213 -169
3 213 -168
3 213 -167
3 213 -166
3 213 -165
3 213 -164
3 213 -163
3 214 -176
3 214 -175
3 214 -174
3 214 -173
3 214 -172
3 214 -171
3 214 -170
3 214 -169
3 214 -168
3 214 -167
3 214 -166
3 214 -165
3 214 -164
3 214 -163
3 214 -162
3 215 -176
3 215 -175
3 215 -174
3 215 -173
3 215 -172
3 215 -171
3 215 -170
3 215 -169
3 215 -168
3 215 -167
3 215 -166
3 215 -165
3 215 -164
3 215 -163
3 216 -176
3 216 -175
3 216 -174
3 216 -173
3 216 -172
3 216 -171
3 216 -170
3 216 -169
3 216 -168
3 216 -167
3 216 -166
3 216 -165
3 216 -164
3 216 -163
3 217 -176
3 217 -175
3 217 -174
3 217 -173
3 217 -172
3 217 -171
3 217 -170
3 217 -169
3 217 -168
3 217 -167
3 217 -166
3 217 -163
3 218 -176
3 218 -175
3 218 -174
3 218 -172
3 218 -171
3 218 -170
3 218 -169
3 218 -168
3 218 -166
3 219 -176
3 219 -175
3 219 -174
3 219 -173
3 219 -172
3 219 -170
3 220 -175
3 220 -174
3 220 -173
4 209 -176
4 209 -175
4 209 -174
4 209 -173
4 209 -172
4 209 -171
4 209 -170
4 209 -169
4 209 -168
4 209 -167
4 209 -166
4 209 -165
4 209 -163
4 210 -176
4 210 -175
4 210 -174
4 210 -173
4 210 -172
4 210 -171
4 210 -170
4 210 -169
4 210 -168
4 210 -167
4 210 -165
4 210 -163
4 211 -176
4 211 -175
4 211 -174
4 211 -173
4 211 -172
4 211 -171
4 211 -170
4 211 -169
4 211 -168
4 211 -167
4 211 -166
4 211 -165
4 211 -164
4 211 -163
4 211 -162
4 212 -176
4 212 -175
4 212 -174
4 212 -173
4 212 -172
4 212 -171
4 212 -170
4 212 -169
4 212 -168
4 212 -167
4 212 -166
4 212 -165
4 212 -164
4 212 -163
4 212 -162
4 213 -176
4 213 -175
4 213 -174
4 213 -173
4 213 -172
4 213 -171
4 213 -170
4 213 -169
4 213 -168
4 213 -167
4 213 -166
4 213 -165
4 213 -164
4 213 -163
4 213 -162
4 213 -161
4 214 -176
4 214 -175
4 214 -174
4 214 -173
4 214 -172
4 214 -171
4 214 -170
4 214 -169
4 214 -168
4 214 -167
4 214 -166
4 214 -165
4 214 -164
4 214 -163
4 214 -162
4 214 -161
4 215 -176
4 215 -175
4 215 -174
4 215 -173
4 215 -172
4 215 -171
4 215 -170
4 215 -169
4 215 -168
4 215 -167
4 215 -166
4 215 -165
4 215 -164
4 215 -163
4 215 -162
4 216 -176
4 216 -175
4 216 -174
4 216 -173
4 216 -172
4 216 -171
4 216 -170
4 216 -169
4 216 -168
4 216 -167
4 216 -166
4 216 -165
4 216 -164
4 216 -163
4 216 -162
4 217 -176
4 217 -175
4 217 -174
4 217 -173
4 217 -172
4 217 -171
4 217 -170
4 217 -169
4 217 -168
4 217 -167
4 217 -166
4 217 -165
4 217 -164
4 218 -176
4 218 -175
4 218 -174
4 218 -173
4 218 -171
4 218 -170
4 218 -167
4 218 -166
4 219 -176
4 219 -175
4 219 -166
5 207 -176
5 208 -176
5 208 -174
5 208 -169
5 208 -165
5 209 -175
5 209 -174
5 209 -173
5 209 -172
5 209 -171
5 209 -169
5 209 -168
5 209 -167
5 209 -166
5 209 -165
5 209 -164
5 209 -162
5 210 -176
5 210 -175
5 210 -174
5 210 -173
5 210 -172
5 210 -169
5 210 -168
5 210 -167
5 210 -165
5 210 -164
5 210 -163
5 210 -162
5 210 -161
5 211 -176
5 211 -175
5 211 -174
5 211 -173
5 211 -172
5 211 -171
5 211 -170
5 211 -169
5 211 -168
5 211 -167
5 211 -166
5 211 -165
5 211 -164
5 211 -163
5 211 -162
5 211 -161
5 212 -176
5 212 -175
5 212 -174
5 212 -173
5 212 -172
5 212 -171
5 212 -170
5 212 -169
5 212 -168
5 212 -167
5 212 -166
5 212 -165
5 212 -164
5 212 -163
5 212 -162
5 212 -161
5 213 -176
5 213 -175
5 213 -174
5 213 -173
5 213 -172
5 213 -171
5 213 -170
5 213 -169
5 213 -168
5 213 -167
5 213 -166
5 213 -165
5 213 -164
5 213 -163
5 213 -162
5 213 -161
5 214 -176
5 214 -175
5 214 -174
5 214 -173
5 214 -172
5 214 -171
5 214 -170
5 214 -169
5 214 -168
5 214 -167
5 214 -166
5 214 -165
5 214 -164
5 214 -163
5 214 -162
5 214 -161
5 215 -176
5 215 -175
5 215 -174
5 215 -173
5 215 -172
5 215 -171
5 215 -170
5 215 -169
5 215 -168
5 215 -167
5 215 -166
5 215 -165
5 215 -164
5 215 -163
5 215 -162
5 215 -161
5 216 -176
5 216 -175
5 216 -174
5 216 -173
5 216 -172
5 216 -171
5 216 -170
5 216 -169
5 216 -168
5 216 -167
5 216 -165
5 216 -164
5 216 -163
5 216 -162
5 217 -176
5 217 -175
5 217 -174
5 217 -173
5 217 -172
5 217 -171
5 217 -170
5 217 -168
5 217 -167
5 217 -166
5 217 -165
5 217 -164
5 217 -163
5 217 -162
5 218 -176
5 218 -175
5 218 -174
5 218 -173
5 218 -172
5 218 -171
5 218 -166
5 218 -165
5 218 -164
5 218 -163
5 218 -162
5 219 -164
5 219 -163
6 206 -176
6 207 -176
6 207 -175
6 208 -176
6 208 -175
6 208 -172
6 208 -171
6 208 -168
6 208 -164
6 209 -176
6 209 -175
6 209 -174
6 209 -173
6 209 -172
6 209 -171
6 209 -170
6 209 -169
6 209 -168
6 209 -166
6 209 -165
6 209 -164
6 209 -163
6 210 -176
6 210 -174
6 210 -173
6 210 -172
6 210 -171
6 210 -170
6 210 -169
6 210 -168
6 210 -167
6 210 -166
6 210 -165
6 210 -164
6 210 -163
6 210 -162
6 210 -161
6 211 -176
6 211 -175
6 211 -174
6 211 -173
6 211 -172
6 211 -171
6 211 -170
6 211 -169
6 211 -168
6 211 -167
6 211 -166
6 211 -165
6 211 -164
6 211 -163
6 211 -162
6 211 -161
6 212 -176
6 212 -175
6 212 -174
6 212 -173
6 212 -172
6 212 -171
6 212 -170
6 212 -169
6 212 -168
6 212 -167
6 212 -166
6 212 -165
6 212 -164
6 212 -163
6 212 -162
6 212 -161
6 213 -176
6 213 -175
6 213 -174
6 213 -173
6 213 -172
6 213 -171
6 213 -170
6 213 -169
6 213 -168
6 213 -167
6 213 -166
6 213 -165
6 213 -164
6 213 -163
6 213 -162
6 213 -161
6 214 -176
6 214 -175
6 214 -174
6 214 -173
6 214 -172
6 214 -171
6 214 -170
6 214 -169
6 214 -168
6 214 -167
6 214 -166
6 214 -165
6 214 -164
6 214 -163
6 214 -162
6 214 -161
6 215 -176
6 215 -175
6 215 -174
6 215 -173
6 215 -172
6 215 -171
6 215 -170
6 215 -169
6 215 -168
6 215 -167
6 215 -166
6 215 -165
6 215 -164
6 215 -163
6 215 -162
6 215 -161
6 216 -176
6 216 -175
6 216 -174
6 216 -173
6 216 -172
6 216 -171
6 216 -170
6 216 -169
6 216 -168
6 216 -167
6 216 -166
6 216 -165
6 216 -164
6 216 -163
6 216 -162
6 217 -176
6 217 -175
6 217 -174
6 217 -173
6 217 -172
6 217 -171
6 217 -170
6 217 -169
6 217 -168
6 217 -167
6 217 -166
6 217 -165
6 217 -164
6 218 -174
6 218 -173
6 218 -172
6 218 -171
6 218 -168
6 218 -165
6 218 -164
6 219 -172
7 206 -175
7 207 -176
7 207 -175
7 207 -173
7 207 -166
7 208 -176
7 208 -175
7 208 -173
7 208 -167
7 209 -176
7 209 -175
7 209 -174
7 209 -173
7 209 -171
7 209 -170
7 209 -169
7 209 -168
7 209 -167
7 209 -166
7 209 -165
7 210 -176
7 210 -175
7 210 -174
7 210 -173
7 210 -171
7 210 -170
7 210 -169
7 210 -168
7 210 -167
7 210 -166
7 210 -165
7 210 -164
7 210 -163
7 210 -162
7 210 -161
7 211 -176
7 211 -175
7 211 -174
7 211 -173
7 211 -172
7 211 -171
7 211 -170
7 211 -169
7 211 -168
7 211 -167
7 211 -166
7 211 -165
7 211 -164
7 211 -163
7 211 -162
7 211 -161
7 212 -176
7 212 -175
7 212 -174
7 212 -173
7 212 -172
7 212 -171
7 212 -170
7 212 -169
7 212 -168
7 212 -167
7 212 -166
7 212 -165
7 212 -164
7 212 -163
7 212 -162
7 212 -161
7 213 -176
7 213 -175
7 213 -174
7 213 -173
7 213 -172
7 213 -171
7 213 -170
7 213 -169
7 213 -168
7 213 -167
7 213 -166
7 213 -165
7 213 -164
7 213 -163
7 213 -162
7 213 -161
7 214 -176
7 214 -175
7 214 -174
7 214 -173
7 214 -172
7 214 -171
7 214 -170
7 214 -169
7 214 -168
7 214 -167
7 214 -166
7 214 -165
7 214 -164
7 214 -163
7 214 -162
7 214 -161
7 215 -176
7 215 -175
7 215 -174
7 215 -173
7 215 -172
7 215 -171
7 215 -169
7 215 -168
7 215 -167
7 215 -166
7 215 -164
7 215 -163
7 215 -162
7 215 -161
7 216 -176
7 216 -175
7 216 -174
7 216 -173
7 216 -172
7 216 -171
7 216 -170
7 216 -169
7 216 -168
7 216 -167
7 216 -166
7 216 -165
7 216 -164
7 216 -163
7 216 -162
7 217 -173
7 217 -171
7 217 -169
7 217 -168
7 217 -167
7 217 -165
7 217 -163
7 218 -174
7 218 -172
7 218 -169
7 218 -168
7 218 -167
7 218 -166
7 218 -165
7 219 -173
7 219 -172
7 219 -171
7 220 -172
8 205 -176
8 206 -176
8 206 -173
8 207 -176
8 207 -174
8 207 -173
8 207 -172
8 207 -168
8 207 -167
8 207 -166
8 208 -176
8 208 -175
8 208 -174
8 208 -173
8 208 -169
8 208 -168
8 208 -167
8 208 -166
8 208 -165
8 209 -176
8 209 -175
8 209 -174
8 209 -173
8 209 -172
8 209 -171
8 209 -170
8 209 -169
8 209 -168
8 209 -167
8 209 -166
8 209 -165
8 210 -176
8 210 -175
8 210 -174
8 210 -173
8 210 -172
8 210 -171
8 210 -170
8 210 -169
8 210 -168
8 210 -167
8 210 -166
8 210 -165
8 210 -164
8 210 -163
8 210 -161
8 211 -176
8 211 -174
8 211 -173
8 211 -172
8 211 -171
8 211 -170
8 211 -169
8 211 -168
8 211 -167
8 211 -166
8 211 -165
8 211 -164
8 211 -163
8 211 -162
8 211 -161
8 212 -176
8 212 -175
8 212 -174
8 212 -173
8 212 -172
8 212 -171
8 212 -170
8 212 -169
8 212 -168
8 212 -167
8 212 -166
8 212 -165
8 212 -164
8 212 -163
8 212 -162
8 212 -161
8 213 -176
8 213 -175
8 213 -174
8 213 -173
8 213 -172
8 213 -171
8 213 -170
8 213 -169
8 213 -168
8 213 -167
8 213 -166
8 213 -165
8 213 -164
8 213 -163
8 213 -162
8 213 -161
8 214 -176
8 214 -174
8 214 -173
8 214 -172
8 214 -171
8 214 -170
8 214 -169
8 214 -168
8 214 -167
8 214 -166
8 214 -165
8 214 -164
8 214 -163
8 214 -162
8 214 -161
8 215 -176
8 215 -175
8 215 -174
8 215 -173
8 215 -172
8 215 -171
8 215 -170
8 215 -169
8 215 -168
8 215 -167
8 215 -166
8 215 -165
8 215 -164
8 215 -163
8 215 -162
8 215 -161
8 216 -176
8 216 -174
8 216 -172
8 216 -171
8 216 -170
8 216 -169
8 216 -168
8 216 -167
8 216 -166
8 216 -165
8 216 -164
8 216 -163
8 216 -162
8 216 -161
8 217 -176
8 217 -174
8 217 -172
8 217 -171
8 217 -170
8 217 -169
8 217 -168
8 217 -166
8 217 -165
8 217 -162
8 218 -176
8 218 -169
8 218 -168
8 218 -166
8 218 -165
9 206 -176
9 207 -176
9 207 -173
9 207 -167
9 207 -166
9 208 -176
9 208 -175
9 208 -174
9 208 -173
9 208 -168
9 208 -167
9 209 -176
9 209 -175
9 209 -174
9 209 -173
9 209 -172
9 209 -168
9 209 -167
9 209 -166
9 209 -165
9 209 -163
9 209 -162
9 209 -161
9 210 -176
9 210 -175
9 210 -174
9 210 -173
9 210 -172
9 210 -171
9 210 -170
9 210 -169
9 210 -167
9 210 -166
9 210 -165
9 210 -164
9 210 -163
9 210 -162
9 210 -161
9 211 -176
9 211 -175
9 211 -174
9 211 -173
9 211 -172
9 211 -171
9 211 -170
9 211 -169
9 211 -167
9 211 -166
9 211 -165
9 211 -164
9 211 -163
9 211 -162
9 211 -161
9 212 -176
9 212 -175
9 212 -174
9 212 -173
9 212 -172
9 212 -171
9 212 -170
9 212 -169
9 212 -168
9 212 -167
9 212 -166
9 212 -165
9 212 -164
9 212 -163
9 212 -162
9 212 -161
9 213 -176
9 213 -175
9 213 -174
9 213 -173
9 213 -172
9 213 -171
9 213 -170
9 213 -169
9 213 -168
9 213 -167
9 213 -166
9 213 -165
9 213 -164
9 213 -163
9 213 -162
9 213 -161
9 214 -176
9 214 -175
9 214 -174
9 214 -173
9 214 -172
9 214 -171
9 214 -170
9 214 -169
9 214 -168
9 214 -167
9 214 -166
9 214 -165
9 214 -164
9 214 -163
9 214 -162
9 214 -161
9 215 -176
9 215 -175
9 215 -174
9 215 -173
9 215 -171
9 215 -170
9 215 -169
9 215 -168
9 215 -167
9 215 -166
9 215 -165
9 215 -164
9 215 -163
9 215 -162
9 215 -161
9 216 -176
9 216 -175
9 216 -174
9 216 -173
9 216 -172
9 216 -170
9 216 -169
9 216 -168
9 216 -166
9 216 -165
9 216 -164
9 216 -163
9 216 -162
9 216 -161
9 217 -176
9 217 -175
9 217 -174
9 217 -172
9 217 -170
9 217 -169
9 217 -168
9 217 -166
9 217 -165
9 217 -164
9 217 -162
9 217 -161
9 218 -176
9 218 -174
9 218 -169
9 218 -165
9 218 -164
9 218 -162
10 206 -176
10 207 -176
10 208 -176
10 208 -175
10 208 -174
10 208 -173
10 208 -167
10 208 -162
10 209 -176
10 209 -174
10 209 -168
10 209 -167
10 209 -166
10 209 -164
10 209 -163
10 209 -162
10 210 -176
10 210 -175
10 210 -174
10 210 -173
10 210 -172
10 210 -171
10 210 -167
10 210 -166
10 210 -165
10 210 -164
10 210 -163
10 210 -162
10 210 -161
10 211 -176
10 211 -175
10 211 -174
10 211 -173
10 211 -172
10 211 -171
10 211 -170
10 211 -169
10 211 -168
10 211 -167
10 211 -166
10 211 -165
10 211 -164
10 211 -163
10 211 -162
10 211 -161
10 212 -176
10 212 -175
10 212 -174
10 212 -173
10 212 -172
10 212 -171
10 212 -170
10 212 -169
10 212 -168
10 212 -167
10 212 -166
10 212 -165
10 212 -164
10 212 -163
10 212 -162
10 212 -161
10 213 -176
10 213 -175
10 213 -174
10 213 -173
10 213 -172
10 213 -171
10 213 -170
10 213 -168
10 213 -167
10 213 -166
10 213 -165
10 213 -164
10 213 -163
10 213 -162
10 213 -161
10 214 -176
10 214 -175
10 214 -174
10 214 -173
10 214 -172
10 214 -171
10 214 -170
10 214 -168
10 214 -167
10 214 -166
10 214 -165
10 214 -164
10 214 -163
10 214 -162
10 214 -161
10 215 -176
10 215 -175
10 215 -173
10 215 -171
10 215 -169
10 215 -168
10 215 -167
10 215 -166
10 215 -165
10 215 -164
10 215 -163
10 215 -162
10 215 -161
10 216 -176
10 216 -175
10 216 -172
10 216 -168
10 216 -167
10 216 -166
10 216 -165
10 216 -164
10 216 -163
10 216 -162
10 216 -161
10 217 -176
10 217 -169
10 217 -167
10 217 -166
10 217 -165
10 217 -164
10 217 -163
10 217 -162
10 217 -161
10 218 -165
10 218 -164
10 218 -163
10 218 -161
10 219 -164
11 207 -176
11 208 -176
11 208 -175
11 208 -162
11 209 -176
11 209 -175
11 209 -168
11 209 -166
11 209 -165
11 209 -164
11 209 -163
11 209 -162
11 209 -161
11 210 -176
11 210 -175
11 210 -172
11 210 -169
11 210 -168
11 210 -167
11 210 -166
11 210 -165
11 210 -164
11 210 -163
11 210 -162
11 210 -161
11 211 -176
11 211 -175
11 211 -174
11 211 -173
11 211 -172
11 211 -168
11 211 -167
11 211 -166
11 211 -165
11 211 -164
11 211 -163
11 211 -162
11 211 -161
11 212 -176
11 212 -175
11 212 -174
11 212 -173
11 212 -171
11 212 -170
11 212 -167
11 212 -166
11 212 -165
11 212 -164
11 212 -163
11 212 -162
11 212 -161
11 213 -176
11 213 -174
11 213 -173
11 213 -170
11 213 -169
11 213 -168
11 213 -167
11 213 -166
11 213 -165
11 213 -164
11 213 -163
11 213 -162
11 213 -161
11 214 -176
11 214 -175
11 214 -174
11 214 -173
11 214 -169
11 214 -168
11 214 -167
11 214 -166
11 214 -165
11 214 -164
11 214 -163
11 214 -162
11 214 -161
11 215 -168
11 215 -167
11 215 -166
11 215 -165
11 215 -164
11 215 -163
11 215 -162
11 215 -161
11 216 -176
11 216 -168
11 216 -166
11 216 -165
11 216 -164
11 216 -163
11 216 -162
11 216 -161
11 217 -176
11 217 -166
11 217 -165
11 217 -164
11 217 -163
11 217 -162
11 217 -161
11 218 -165
11 218 -164
11 218 -163
11 218 -162
11 219 -165
11 219 -163
12 208 -163
12 208 -161
12 209 -176
12 209 -164
12 209 -163
12 209 -162
12 209 -161
12 210 -175
12 210 -166
12 210 -165
12 210 -164
12 210 -163
12 210 -162
12 210 -161
12 211 -174
12 211 -173
12 211 -168
12 211 -167
12 211 -166
12 211 -165
12 211 -164
12 211 -163
12 211 -162
12 211 -161
12 212 -176
12 212 -175
12 212 -174
12 212 -173
12 212 -170
12 212 -169
12 212 -168
12 212 -167
12 212 -166
12 212 -165
12 212 -164
12 212 -163
12 212 -162
12 212 -161
12 213 -176
12 213 -175
12 213 -170
12 213 -169
12 213 -168
12 213 -167
12 213 -166
12 213 -165
12 213 -164
12 213 -163
12 213 -162
12 213 -161
12 214 -176
12 214 -173
12 214 -170
12 214 -167
12 214 -166
12 214 -165
12 214 -164
12 214 -163
12 214 -162
12 214 -161
12 215 -168
12 215 -167
12 215 -166
12 215 -165
12 215 -164
12 215 -163
12 215 -162
12 215 -161
12 216 -169
12 216 -168
12 216 -167
12 216 -166
12 216 -165
12 216 -164
12 216 -163
12 216 -162
12 216 -161
12 217 -167
12 217 -166
12 217 -165
12 217 -164
12 217 -163
12 217 -162
12 217 -161
12 218 -167
12 218 -165
12 218 -163
12 219 -165
12 219 -163
12 219 -162
12 219 -161
12 220 -165
13 208 -164
13 208 -163
13 209 -164
13 209 -163
13 210 -176
13 210 -168
13 210 -167
13 210 -166
13 210 -165
13 210 -164
13 210 -163
13 210 -162
13 210 -161
13 211 -176
13 211 -168
13 211 -167
13 211 -166
13 211 -165
13 211 -164
13 211 -163
13 211 -162
13 211 -161
13 212 -171
13 212 -170
13 212 -169
13 212 -168
13 212 -167
13 212 -166
13 212 -165
13 212 -164
13 212 -163
13 212 -162
13 212 -161
13 213 -171
13 213 -170
13 213 -169
13 213 -168
13 213 -167
13 213 -166
13 213 -165
13 213 -164
13 213 -163
13 213 -162
13 213 -161
13 214 -171
13 214 -170
13 214 -169
13 214 -168
13 214 -167
13 214 -166
13 214 -165
13 214 -164
13 214 -163
13 214 -162
13 214 -161
13 215 -167
13 215 -166
13 215 -165
13 215 -164
13 215 -163
13 215 -162
13 215 -161
13 216 -168
13 216 -167
13 216 -166
13 216 -165
13 216 -164
13 216 -163
13 216 -162
13 216 -161
13 217 -168
13 217 -167
13 217 -166
13 217 -165
13 217 -164
13 217 -163
13 217 -162
13 217 -161
13 218 -168
13 218 -166
13 218 -165
13 218 -164
13 218 -163
13 218 -162
13 218 -161
13 219 -166
13 219 -164
13 219 -163
13 219 -162
13 219 -161
13 220 -165
13 220 -164
13 220 -162
13 220 -161
14 206 -163
14 207 -164
14 207 -163
14 208 -164
14 208 -163
14 209 -165
14 209 -163
14 209 -162
14 210 -169
14 210 -168
14 210 -166
14 210 -165
14 210 -164
14 210 -163
14 210 -162
14 211 -170
14 211 -169
14 211 -168
14 211 -167
14 211 -166
14 211 -165
14 211 -164
14 211 -163
14 211 -162
14 211 -161
14 212 -173
14 212 -172
14 212 -171
14 212 -170
14 212 -169
14 212 -168
14 212 -167
14 212 -166
14 212 -165
14 212 -164
14 212 -163
14 212 -162
14 212 -161
14 213 -172
14 213 -171
14 213 -170
14 213 -169
14 213 -168
14 213 -167
14 213 -166
14 213 -165
14 213 -164
14 213 -163
14 213 -162
14 213 -161
14 214 -171
14 214 -170
14 214 -169
14 214 -168
14 214 -167
14 214 -166
14 214 -165
14 214 -164
14 214 -163
14 214 -162
14 214 -161
14 215 -171
14 215 -170
14 215 -168
14 215 -167
14 215 -166
14 215 -165
14 215 -164
14 215 -163
14 215 -162
14 215 -161
14 216 -170
14 216 -168
14 216 -167
14 216 -166
14 216 -165
14 216 -164
14 216 -163
14 216 -162
14 216 -161
14 217 -170
14 217 -169
14 217 -168
14 217 -167
14 217 -166
14 217 -165
14 217 -164
14 217 -163
14 217 -162
14 217 -161
14 218 -169
14 218 -168
14 218 -166
14 218 -165
14 218 -164
14 218 -163
14 218 -162
14 218 -161
14 219 -167
14 219 -166
14 219 -165
14 219 -164
14 219 -163
14 219 -162
14 219 -161
14 220 -165
14 220 -163
14 220 -162
14 220 -161
14 221 -165
14 221 -163
14 221 -162
14 222 -162
15 206 -164
15 207 -165
15 207 -164
15 208 -165
15 208 -164
15 208 -163
15 208 -162
15 209 -169
15 209 -166
15 209 -165
15 209 -164
15 209 -163
15 209 -162
15 209 -161
15 210 -171
15 210 -170
15 210 -169
15 210 -168
15 210 -167
15 210 -166
15 210 -165
15 210 -164
15 210 -163
15 210 -162
15 210 -161
15 211 -173
15 211 -171
15 211 -170
15 211 -169
15 211 -168
15 211 -167
15 211 -166
15 211 -165
15 211 -164
15 211 -163
15 211 -162
15 211 -161
15 212 -173
15 212 -172
15 212 -171
15 212 -170
15 212 -169
15 212 -168
15 212 -167
15 212 -166
15 212 -165
15 212 -164
15 212 -163
15 212 -162
15 212 -161
15 213 -174
15 213 -172
15 213 -171
15 213 -170
15 213 -169
15 213 -168
15 213 -167
15 213 -166
15 213 -165
15 213 -164
15 213 -163
15 213 -162
15 213 -161
15 214 -172
15 214 -171
15 214 -170
15 214 -169
15 214 -168
15 214 -167
15 214 -166
15 214 -165
15 214 -164
15 214 -163
15 214 -162
15 214 -161
15 215 -171
15 215 -170
15 215 -169
15 215 -168
15 215 -166
15 215 -165
15 215 -164
15 215 -163
15 215 -162
15 215 -161
15 216 -168
15 216 -167
15 216 -166
15 216 -165
15 216 -164
15 216 -162
15 216 -161
15 217 -168
15 217 -167
15 217 -166
15 217 -165
15 217 -164
15 217 -163
15 217 -162
15 217 -161
15 218 -167
15 218 -166
15 218 -165
15 218 -164
15 218 -163
15 218 -162
15 218 -161
15 219 -166
15 219 -165
15 219 -164
15 219 -163
15 219 -162
15 219 -161
15 220 -165
15 220 -164
15 220 -163
15 220 -162
15 220 -161
15 221 -162
0 235 -166
0 235 -162
0 236 -162
0 236 -161
0 237 -164
0 237 -163
0 237 -162
0 238 -164
0 238 -163
0 238 -162
0 238 -161
0 239 -166
0 239 -165
0 239 -164
0 239 -163
0 239 -162
0 239 -161
0 240 -165
0 240 -164
0 240 -163
0 240 -162
0 240 -161
0 241 -166
0 241 -165
0 241 -164
0 241 -163
0 241 -162
0 241 -161
0 242 -166
0 242 -165
0 242 -164
0 242 -163
0 242 -162
0 242 -161
0 243 -170
0 243 -165
0 243 -164
0 243 -163
0 243 -162
0 243 -161
0 244 -170
0 244 -169
0 244 -166
0 244 -165
0 244 -164
0 244 -163
0 244 -162
0 244 -161
0 245 -176
0 245 -171
0 245 -170
0 245 -169
0 245 -168
0 245 -167
0 245 -166
0 245 -165
0 245 -164
0 245 -163
0 245 -162
0 245 -161
0 246 -176
0 246 -175
0 246 -174
0 246 -173
0 246 -171
0 246 -170
0 246 -169
0 246 -168
0 246 -167
0 246 -165
0 246 -164
0 246 -163
0 246 -162
0 246 -161
0 247 -176
0 247 -175
0 247 -174
0 247 -173
0 247 -172
0 247 -171
0 247 -170
0 247 -169
0 247 -168
0 247 -167
0 247 -166
0 247 -165
0 247 -164
0 247 -163
0 247 -162
0 247 -161
0 248 -176
0 248 -175
0 248 -174
0 248 -173
0 248 -172
0 248 -171
0 248 -170
0 248 -169
0 248 -168
0 248 -167
0 248 -166
0 248 -165
0 248 -164
0 248 -163
0 248 -162
0 248 -161
0 249 -176
0 249 -175
0 249 -174
0 249 -172
0 249 -171
0 249 -170
0 249 -169
0 249 -168
0 249 -167
0 249 -166
0 249 -165
0 249 -164
0 249 -163
0 249 -162
0 249 -161
0 250 -176
0 250 -175
0 250 -174
0 250 -173
0 250 -172
0 250 -171
0 250 -170
0 250 -169
0 250 -168
0 250 -167
0 250 -166
0 250 -165
0 250 -164
0 250 -163
0 250 -162
0 250 -161
0 251 -176
0 251 -174
0 251 -173
0 251 -172
0 251 -171
0 251 -170
0 251 -169
0 251 -168
0 251 -167
0 251 -166
0 251 -165
0 251 -164
0 251 -163
0 251 -162
0 251 -161
0 252 -176
0 252 -173
0 252 -172
0 252 -171
0 252 -170
0 252 -169
0 252 -168
0 252 -167
0 252 -165
0 252 -164
0 252 -163
0 252 -161
0 253 -176
0 253 -175
0 253 -174
0 253 -173
0 253 -171
0 253 -170
0 253 -169
0 253 -168
0 253 -167
0 253 -165
0 253 -163
0 253 -161
0 254 -174
0 254 -170
0 254 -168
1 236 -163
1 236 -162
1 236 -161
1 237 -164
1 237 -163
1 237 -162
1 237 -161
1 238 -161
1 239 -165
1 239 -164
1 239 -163
1 239 -162
1 239 -161
1 240 -165
1 240 -164
1 240 -163
1 240 -162
1 240 -161
1 241 -166
1 241 -165
1 241 -164
1 241 -163
1 241 -162
1 241 -161
1 242 -165
1 242 -164
1 242 -163
1 242 -162
1 242 -161
1 243 -171
1 243 -170
1 243 -169
1 243 -167
1 243 -165
1 243 -164
1 243 -163
1 243 -162
1 243 -161
1 244 -176
1 244 -171
1 244 -170
1 244 -169
1 244 -167
1 244 -166
1 244 -165
1 244 -164
1 244 -163
1 244 -162
1 244 -161
1 245 -176
1 245 -171
1 245 -170
1 245 -169
1 245 -168
1 245 -167
1 245 -166
1 245 -165
1 245 -164
1 245 -163
1 245 -162
1 245 -161
1 246 -176
1 246 -175
1 246 -174
1 246 -171
1 246 -170
1 246 -169
1 246 -168
1 246 -167
1 246 -166
1 246 -165
1 246 -164
1 246 -163
1 246 -162
1 246 -161
1 247 -176
1 247 -175
1 247 -173
1 247 -172
1 247 -171
1 247 -170
1 247 -169
1 247 -168
1 247 -167
1 247 -166
1 247 -165
1 247 -164
1 247 -163
1 247 -162
1 247 -161
1 248 -176
1 248 -175
1 248 -174
1 248 -173
1 248 -172
1 248 -171
1 248 -170
1 248 -169
1 248 -168
1 248 -167
1 248 -166
1 248 -165
1 248 -164
1 248 -163
1 248 -162
1 248 -161
1 249 -176
1 249 -175
1 249 -174
1 249 -173
1 249 -172
1 249 -171
1 249 -170
1 249 -169
1 249 -168
1 249 -167
1 249 -166
1 249 -165
1 249 -164
1 249 -163
1 249 -162
1 249 -161
1 250 -176
1 250 -175
1 250 -174
1 250 -173
1 250 -172
1 250 -171
1 250 -170
1 250 -169
1 250 -168
1 250 -167
1 250 -166
1 250 -165
1 250 -164
1 250 -163
1 250 -162
1 250 -161
1 251 -176
1 251 -175
1 251 -173
1 251 -172
1 251 -171
1 251 -170
1 251 -169
1 251 -168
1 251 -166
1 251 -165
1 251 -161
1 252 -176
1 252 -175
1 252 -174
1 252 -173
1 252 -172
1 252 -171
1 252 -170
1 252 -169
1 252 -168
1 252 -163
1 253 -176
1 253 -172
1 253 -171
1 253 -170
1 253 -169
1 253 -163
1 254 -172
1 254 -171
1 254 -170
1 254 -169
2 237 -163
2 237 -162
2 237 -161
2 238 -163
2 238 -162
2 238 -161
2 239 -164
2 239 -163
2 239 -162
2 239 -161
2 240 -163
2 240 -162
2 240 -161
2 241 -165
2 241 -164
2 241 -163
2 241 -162
2 241 -161
2 242 -164
2 242 -163
2 242 -162
2 242 -161
2 243 -166
2 243 -165
2 243 -164
2 243 -162
2 243 -161
2 244 -176
2 244 -175
2 244 -172
2 244 -170
2 244 -169
2 244 -168
2 244 -167
2 244 -165
2 244 -164
2 244 -163
2 244 -162
2 244 -161
2 245 -176
2 245 -175
2 245 -172
2 245 -170
2 245 -169
2 245 -167
2 245 -166
2 245 -164
2 245 -163
2 245 -162
2 245 -161
2 246 -176
2 246 -175
2 246 -174
2 246 -173
2 246 -172
2 246 -171
2 246 -170
2 246 -169
2 246 -168
2 246 -167
2 246 -166
2 246 -165
2 246 -164
2 246 -163
2 246 -162
2 246 -161
2 247 -176
2 247 -175
2 247 -174
2 247 -173
2 247 -172
2 247 -171
2 247 -170
2 247 -169
2 247 -168
2 247 -167
2 247 -166
2 247 -164
2 247 -163
2 247 -162
2 247 -161
2 248 -176
2 248 -175
2 248 -174
2 248 -173
2 248 -172
2 248 -171
2 248 -170
2 248 -169
2 248 -168
2 248 -167
2 248 -166
2 248 -165
2 248 -164
2 248 -163
2 248 -162
2 248 -161
2 249 -176
2 249 -175
2 249 -174
2 249 -172
2 249 -171
2 249 -170
2 249 -169
2 249 -168
2 249 -167
2 249 -166
2 249 -165
2 249 -164
2 249 -163
2 249 -162
2 249 -161
2 250 -176
2 250 -175
2 250 -174
2 250 -173
2 250 -172
2 250 -171
2 250 -170
2 250 -169
2 250 -168
2 250 -165
2 250 -164
2 250 -163
2 250 -161
2 251 -176
2 251 -175
2 251 -174
2 251 -173
2 251 -172
2 251 -171
2 251 -170
2 251 -169
2 251 -168
2 251 -167
2 251 -164
2 251 -163
2 251 -161
2 252 -176
2 252 -173
2 252 -172
2 252 -171
2 252 -170
2 252 -169
2 252 -168
2 252 -167
2 253 -176
2 253 -172
2 253 -171
2 253 -170
2 253 -169
2 254 -172
2 254 -171
2 254 -170
2 254 -169
3 237 -161
3 238 -162
3 238 -161
3 239 -163
3 239 -162
3 239 -161
3 240 -164
3 240 -162
3 240 -161
3 241 -164
3 241 -161
3 242 -170
3 242 -169
3 242 -168
3 242 -162
3 242 -161
3 243 -169
3 243 -163
3 243 -162
3 243 -161
3 244 -176
3 244 -175
3 244 -174
3 244 -170
3 244 -169
3 244 -165
3 244 -164
3 244 -163
3 244 -162
3 244 -161
3 245 -176
3 245 -175
3 245 -174
3 245 -173
3 245 -172
3 245 -171
3 245 -170
3 245 -169
3 245 -168
3 245 -167
3 245 -163
3 246 -176
3 246 -175
3 246 -174
3 246 -173
3 246 -172
3 246 -171
3 246 -170
3 246 -169
3 246 -168
3 246 -167
3 246 -166
3 246 -165
3 246 -164
3 246 -163
3 246 -162
3 247 -176
3 247 -175
3 247 -174
3 247 -172
3 247 -171
3 247 -170
3 247 -169
3 247 -168
3 247 -167
3 247 -166
3 247 -165
3 247 -164
3 247 -163
3 247 -162
3 247 -161
3 248 -176
3 248 -175
3 248 -174
3 248 -173
3 248 -172
3 248 -171
3 248 -170
3 248 -169
3 248 -168
3 248 -167
3 248 -166
3 248 -165
3 248 -164
3 248 -163
3 248 -162
3 248 -161
3 249 -176
3 249 -175
3 249 -174
3 249 -173
3 249 -172
3 249 -171
3 249 -170
3 249 -169
3 249 -168
3 249 -167
3 249 -166
3 249 -165
3 249 -164
3 249 -163
3 249 -162
3 249 -161
3 250 -176
3 250 -175
3 250 -174
3 250 -173
3 250 -172
3 250 -171
3 250 -170
3 250 -169
3 250 -168
3 250 -167
3 250 -166
3 250 -165
3 250 -163
3 250 -162
3 250 -161
3 251 -176
3 251 -175
3 251 -174
3 251 -173
3 251 -172
3 251 -171
3 251 -170
3 251 -169
3 251 -168
3 251 -167
3 251 -165
3 251 -161
3 252 -176
3 252 -173
3 252 -171
3 252 -170
3 252 -169
3 253 -171
3 253 -170
3 253 -169
3 254 -171
4 238 -161
4 239 -162
4 239 -161
4 240 -162
4 240 -161
4 242 -176
4 242 -171
4 242 -170
4 242 -168
4 243 -176
4 243 -175
4 243 -172
4 243 -171
4 243 -170
4 243 -169
4 243 -168
4 243 -162
4 243 -161
4 244 -176
4 244 -175
4 244 -174
4 244 -173
4 244 -172
4 244 -171
4 244 -170
4 244 -169
4 244 -168
4 244 -162
4 245 -176
4 245 -175
4 245 -174
4 245 -172
4 245 -171
4 245 -170
4 245 -169
4 245 -168
4 245 -167
4 245 -166
4 245 -164
4 245 -163
4 245 -162
4 245 -161
4 246 -176
4 246 -175
4 246 -174
4 246 -173
4 246 -172
4 246 -171
4 246 -170
4 246 -169
4 246 -168
4 246 -167
4 246 -166
4 246 -165
4 246 -164
4 246 -163
4 246 -162
4 246 -161
4 247 -176
4 247 -175
4 247 -174
4 247 -173
4 247 -172
4 247 -171
4 247 -170
4 247 -169
4 247 -168
4 247 -167
4 247 -166
4 247 -164
4 247 -163
4 247 -162
4 247 -161
4 248 -176
4 248 -175
4 248 -174
4 248 -173
4 248 -172
4 248 -171
4 248 -170
4 248 -169
4 248 -168
4 248 -167
4 248 -166
4 248 -165
4 248 -164
4 248 -163
4 248 -162
4 248 -161
4 249 -176
4 249 -175
4 249 -174
4 249 -173
4 249 -172
4 249 -171
4 249 -170
4 249 -169
4 249 -168
4 249 -167
4 249 -166
4 249 -165
4 249 -164
4 249 -163
4 249 -162
4 249 -161
4 250 -176
4 250 -175
4 250 -174
4 250 -173
4 250 -172
4 250 -171
4 250 -170
4 250 -169
4 250 -168
4 250 -167
4 250 -166
4 250 -165
4 250 -164
4 250 -163
4 250 -162
4 250 -161
4 251 -176
4 251 -175
4 251 -174
4 251 -173
4 251 -172
4 251 -171
4 251 -170
4 251 -169
4 251 -168
4 251 -167
4 251 -166
4 251 -165
4 251 -164
4 251 -163
4 251 -162
4 251 -161
4 252 -174
4 252 -173
4 252 -172
4 252 -171
4 252 -170
4 252 -168
4 252 -164
4 253 -173
4 253 -172
4 253 -171
4 253 -170
4 254 -172
5 240 -161
5 242 -176
5 242 -169
5 243 -176
5 243 -175
5 243 -169
5 243 -168
5 243 -162
5 243 -161
5 244 -176
5 244 -173
5 244 -172
5 244 -170
5 244 -169
5 244 -168
5 244 -167
5 244 -161
5 245 -176
5 245 -175
5 245 -174
5 245 -173
5 245 -172
5 245 -171
5 245 -170
5 245 -169
5 245 -168
5 245 -167
5 245 -163
5 245 -162
5 246 -176
5 246 -175
5 246 -174
5 246 -172
5 246 -171
5 246 -170
5 246 -169
5 246 -168
5 246 -167
5 246 -163
5 246 -162
5 246 -161
5 247 -176
5 247 -175
5 247 -174
5 247 -173
5 247 -172
5 247 -171
5 247 -170
5 247 -169
5 247 -168
5 247 -167
5 247 -166
5 247 -165
5 247 -164
5 247 -163
5 247 -162
5 247 -161
5 248 -176
5 248 -175
5 248 -174
5 248 -173
5 248 -172
5 248 -171
5 248 -170
5 248 -169
5 248 -168
5 248 -167
5 248 -166
5 248 -165
5 248 -164
5 248 -163
5 248 -162
5 248 -161
5 249 -176
5 249 -175
5 249 -174
5 249 -173
5 249 -172
5 249 -171
5 249 -170
5 249 -169
5 249 -168
5 249 -167
5 249 -166
5 249 -165
5 249 -164
5 249 -163
5 249 -162
5 249 -161
5 250 -176
5 250 -175
5 250 -174
5 250 -173
5 250 -172
5 250 -171
5 250 -170
5 250 -169
5 250 -168
5 250 -167
5 250 -166
5 250 -165
5 250 -164
5 250 -163
5 250 -162
5 250 -161
5 251 -176
5 251 -175
5 251 -174
5 251 -173
5 251 -172
5 251 -171
5 251 -170
5 251 -169
5 251 -168
5 251 -167
5 251 -166
5 251 -165
5 251 -164
5 251 -163
5 251 -161
5 252 -175
5 252 -174
5 252 -173
5 252 -172
5 252 -171
5 252 -170
5 252 -169
5 252 -168
5 252 -167
5 252 -166
5 252 -165
5 252 -164
5 253 -174
5 253 -173
5 253 -172
5 253 -171
5 253 -170
5 253 -169
5 253 -166
5 254 -172
5 254 -171
5 254 -170
5 254 -169
6 240 -176
6 241 -176
6 241 -175
6 242 -176
6 242 -171
6 242 -166
6 243 -176
6 243 -175
6 243 -172
6 243 -171
6 243 -168
6 243 -162
6 243 -161
6 244 -176
6 244 -171
6 244 -170
6 244 -168
6 244 -166
6 244 -165
6 244 -163
6 244 -162
6 244 -161
6 245 -176
6 245 -175
6 245 -174
6 245 -173
6 245 -172
6 245 -171
6 245 -170
6 245 -169
6 245 -168
6 245 -167
6 245 -166
6 245 -165
6 245 -164
6 245 -163
6 245 -162
6 246 -176
6 246 -175
6 246 -174
6 246 -173
6 246 -172
6 246 -171
6 246 -170
6 246 -169
6 246 -168
6 246 -167
6 246 -166
6 246 -165
6 246 -164
6 246 -163
6 246 -162
6 246 -161
6 247 -176
6 247 -175
6 247 -174
6 247 -172
6 247 -171
6 247 -170
6 247 -169
6 247 -168
6 247 -167
6 247 -166
6 247 -165
6 247 -164
6 247 -163
6 247 -162
6 247 -161
6 248 -176
6 248 -175
6 248 -174
6 248 -173
6 248 -172
6 248 -171
6 248 -170
6 248 -169
6 248 -168
6 248 -167
6 248 -166
6 248 -165
6 248 -164
6 248 -163
6 248 -162
6 248 -161
6 249 -175
6 249 -174
6 249 -173
6 249 -172
6 249 -171
6 249 -170
6 249 -169
6 249 -168
6 249 -167
6 249 -166
6 249 -165
6 249 -164
6 249 -163
6 249 -162
6 249 -161
6 250 -176
6 250 -175
6 250 -174
6 250 -173
6 250 -172
6 250 -171
6 250 -170
6 250 -169
6 250 -168
6 250 -167
6 250 -166
6 250 -165
6 250 -164
6 250 -163
6 250 -162
6 250 -161
6 251 -176
6 251 -174
6 251 -173
6 251 -172
6 251 -171
6 251 -170
6 251 -169
6 251 -168
6 251 -167
6 251 -166
6 251 -165
6 251 -164
6 251 -163
6 251 -162
6 251 -161
6 252 -174
6 252 -173
6 252 -172
6 252 -171
6 252 -170
6 252 -169
6 252 -168
6 252 -167
6 252 -166
6 252 -164
6 252 -163
6 252 -162
6 252 -161
6 253 -171
6 253 -170
6 253 -169
6 253 -166
6 253 -165
6 253 -164
6 254 -171
6 254 -170
6 254 -167
7 241 -166
7 241 -165
7 242 -168
7 242 -167
7 242 -166
7 242 -164
7 242 -162
7 243 -176
7 243 -175
7 243 -171
7 243 -168
7 243 -167
7 243 -166
7 243 -165
7 243 -164
7 243 -163
7 243 -162
7 244 -176
7 244 -172
7 244 -171
7 244 -168
7 244 -167
7 244 -166
7 244 -165
7 244 -164
7 244 -163
7 244 -162
7 244 -161
7 245 -176
7 245 -175
7 245 -174
7 245 -173
7 245 -172
7 245 -171
7 245 -170
7 245 -169
7 245 -168
7 245 -167
7 245 -166
7 245 -165
7 245 -164
7 245 -162
7 245 -161
7 246 -176
7 246 -175
7 246 -174
7 246 -173
7 246 -172
7 246 -171
7 246 -170
7 246 -169
7 246 -168
7 246 -167
7 246 -166
7 246 -165
7 246 -164
7 246 -163
7 246 -162
7 246 -161
7 247 -176
7 247 -175
7 247 -174
7 247 -173
7 247 -172
7 247 -171
7 247 -170
7 247 -169
7 247 -168
7 247 -167
7 247 -166
7 247 -165
7 247 -164
7 247 -163
7 247 -162
7 247 -161
7 248 -176
7 248 -175
7 248 -174
7 248 -173
7 248 -172
7 248 -171
7 248 -170
7 248 -169
7 248 -168
7 248 -167
7 248 -166
7 248 -165
7 248 -164
7 248 -163
7 248 -162
7 248 -161
7 249 -176
7 249 -175
7 249 -174
7 249 -173
7 249 -172
7 249 -171
7 249 -170
7 249 -169
7 249 -168
7 249 -167
7 249 -166
7 249 -165
7 249 -164
7 249 -163
7 249 -162
7 249 -161
7 250 -176
7 250 -175
7 250 -174
7 250 -173
7 250 -171
7 250 -170
7 250 -169
7 250 -168
7 250 -167
7 250 -166
7 250 -165
7 250 -164
7 250 -163
7 250 -162
7 250 -161
7 251 -174
7 251 -173
7 251 -172
7 251 -171
7 251 -170
7 251 -169
7 251 -168
7 251 -167
7 251 -166
7 251 -165
7 251 -164
7 251 -163
7 251 -162
7 251 -161
7 252 -173
7 252 -171
7 252 -170
7 252 -169
7 252 -168
7 252 -167
7 252 -166
7 252 -165
7 252 -163
7 252 -162
7 252 -161
7 253 -172
7 253 -171
7 253 -169
7 253 -168
7 253 -167
7 253 -166
7 253 -165
7 253 -161
7 254 -172
7 254 -168
7 254 -167
7 254 -161
8 240 -165
8 241 -165
8 241 -161
8 242 -168
8 242 -167
8 242 -166
8 242 -165
8 242 -164
8 242 -163
8 242 -162
8 242 -161
8 243 -171
8 243 -168
8 243 -167
8 243 -166
8 243 -165
8 243 -164
8 243 -163
8 243 -162
8 243 -161
8 244 -176
8 244 -171
8 244 -170
8 244 -169
8 244 -168
8 244 -167
8 244 -166
8 244 -165
8 244 -164
8 244 -163
8 244 -162
8 244 -161
8 245 -176
8 245 -175
8 245 -172
8 245 -170
8 245 -169
8 245 -168
8 245 -167
8 245 -166
8 245 -165
8 245 -164
8 245 -163
8 245 -162
8 245 -161
8 246 -176
8 246 -175
8 246 -174
8 246 -173
8 246 -172
8 246 -171
8 246 -170
8 246 -169
8 246 -168
8 246 -167
8 246 -166
8 246 -165
8 246 -164
8 246 -163
8 246 -162
8 246 -161
8 247 -176
8 247 -175
8 247 -174
8 247 -173
8 247 -172
8 247 -171
8 247 -170
8 247 -169
8 247 -168
8 247 -167
8 247 -166
8 247 -165
8 247 -164
8 247 -163
8 247 -162
8 247 -161
8 248 -176
8 248 -175
8 248 -174
8 248 -173
8 248 -172
8 248 -171
8 248 -170
8 248 -169
8 248 -168
8 248 -167
8 248 -166
8 248 -165
8 248 -164
8 248 -163
8 248 -162
8 248 -161
8 249 -176
8 249 -175
8 249 -174
8 249 -173
8 249 -172
8 249 -171
8 249 -170
8 249 -169
8 249 -168
8 249 -167
8 249 -166
8 249 -165
8 249 -164
8 249 -163
8 249 -162
8 249 -161
8 250 -176
8 250 -175
8 250 -174
8 250 -173
8 250 -172
8 250 -171
8 250 -170
8 250 -169
8 250 -168
8 250 -167
8 250 -166
8 250 -165
8 250 -164
8 250 -163
8 250 -162
8 250 -161
8 251 -176
8 251 -175
8 251 -174
8 251 -173
8 251 -172
8 251 -171
8 251 -170
8 251 -169
8 251 -168
8 251 -167
8 251 -166
8 251 -165
8 251 -164
8 251 -163
8 251 -162
8 251 -161
8 252 -174
8 252 -173
8 252 -172
8 252 -171
8 252 -170
8 252 -169
8 252 -168
8 252 -167
8 252 -166
8 252 -165
8 252 -164
8 252 -161
8 253 -172
8 253 -171
8 253 -170
8 253 -169
8 253 -168
8 253 -167
8 253 -166
8 253 -165
8 253 -162
8 253 -161
8 254 -172
8 254 -171
8 254 -169
8 254 -167
9 240 -167
9 241 -167
9 241 -166
9 241 -165
9 242 -169
9 242 -168
9 242 -167
9 242 -166
9 242 -165
9 242 -164
9 242 -163
9 243 -170
9 243 -168
9 243 -167
9 243 -166
9 243 -165
9 243 -164
9 243 -163
9 243 -162
9 244 -172
9 244 -171
9 244 -170
9 244 -169
9 244 -168
9 244 -167
9 244 -166
9 244 -165
9 244 -164
9 244 -163
9 244 -162
9 244 -161
9 245 -176
9 245 -173
9 245 -172
9 245 -171
9 245 -170
9 245 -169
9 245 -168
9 245 -167
9 245 -166
9 245 -165
9 245 -164
9 245 -163
9 245 -162
9 245 -161
9 246 -176
9 246 -175
9 246 -174
9 246 -173
9 246 -172
9 246 -171
9 246 -170
9 246 -169
9 246 -168
9 246 -167
9 246 -166
9 246 -165
9 246 -164
9 246 -163
9 246 -162
9 246 -161
9 247 -176
9 247 -175
9 247 -174
9 247 -173
9 247 -172
9 247 -171
9 247 -170
9 247 -169
9 247 -168
9 247 -167
9 247 -166
9 247 -165
9 247 -164
9 247 -163
9 247 -162
9 247 -161
9 248 -176
9 248 -175
9 248 -174
9 248 -173
9 248 -172
9 248 -171
9 248 -170
9 248 -169
9 248 -168
9 248 -167
9 248 -166
9 248 -165
9 248 -164
9 248 -163
9 248 -162
9 248 -161
9 249 -176
9 249 -175
9 249 -174
9 249 -173
9 249 -172
9 249 -171
9 249 -170
9 249 -169
9 249 -168
9 249 -167
9 249 -166
9 249 -165
9 249 -164
9 249 -163
9 249 -162
9 249 -161
9 250 -175
9 250 -174
9 250 -173
9 250 -172
9 250 -171
9 250 -170
9 250 -169
9 250 -168
9 250 -167
9 250 -166
9 250 -165
9 250 -164
9 250 -163
9 250 -162
9 250 -161
9 251 -176
9 251 -175
9 251 -174
9 251 -173
9 251 -172
9 251 -171
9 251 -170
9 251 -169
9 251 -168
9 251 -167
9 251 -166
9 251 -165
9 251 -164
9 251 -163
9 251 -162
9 251 -161
9 252 -175
9 252 -174
9 252 -173
9 252 -172
9 252 -171
9 252 -170
9 252 -169
9 252 -168
9 252 -167
9 252 -166
9 252 -165
9 252 -164
9 253 -173
9 253 -172
9 253 -171
9 253 -170
9 253 -169
9 253 -165
9 253 -164
9 253 -161
9 254 -173
9 254 -170
9 254 -169
9 254 -167
10 239 -165
10 240 -168
10 240 -166
10 240 -165
10 241 -169
10 241 -168
10 241 -167
10 241 -166
10 241 -165
10 241 -163
10 242 -170
10 242 -169
10 242 -168
10 242 -167
10 242 -166
10 242 -165
10 242 -164
10 242 -163
10 242 -162
10 243 -174
10 243 -171
10 243 -169
10 243 -168
10 243 -167
10 243 -166
10 243 -165
10 243 -164
10 243 -163
10 243 -162
10 243 -161
10 244 -176
10 244 -174
10 244 -171
10 244 -170
10 244 -169
10 244 -168
10 244 -167
10 244 -166
10 244 -165
10 244 -164
10 244 -163
10 244 -162
10 244 -161
10 245 -176
10 245 -175
10 245 -174
10 245 -173
10 245 -172
10 245 -171
10 245 -170
10 245 -169
10 245 -168
10 245 -167
10 245 -166
10 245 -165
10 245 -164
10 245 -163
10 245 -162
10 245 -161
10 246 -176
10 246 -175
10 246 -174
10 246 -173
10 246 -172
10 246 -171
10 246 -170
10 246 -169
10 246 -168
10 246 -167
10 246 -166
10 246 -165
10 246 -164
10 246 -163
10 246 -162
10 246 -161
10 247 -176
10 247 -175
10 247 -174
10 247 -173
10 247 -172
10 247 -171
10 247 -169
10 247 -168
10 247 -167
10 247 -166
10 247 -165
10 247 -164
10 247 -163
10 247 -162
10 247 -161
10 248 -176
10 248 -175
10 248 -174
10 248 -173
10 248 -172
10 248 -171
10 248 -170
10 248 -169
10 248 -168
10 248 -167
10 248 -166
10 248 -165
10 248 -164
10 248 -163
10 248 -162
10 248 -161
10 249 -176
10 249 -175
10 249 -174
10 249 -173
10 249 -172
10 249 -171
10 249 -170
10 249 -169
10 249 -168
10 249 -167
10 249 -166
10 249 -165
10 249 -164
10 249 -163
10 249 -162
10 249 -161
10 250 -176
10 250 -175
10 250 -174
10 250 -173
10 250 -172
10 250 -171
10 250 -170
10 250 -169
10 250 -168
10 250 -167
10 250 -166
10 250 -165
10 250 -164
10 250 -163
10 250 -162
10 250 -161
10 251 -176
10 251 -175
10 251 -174
10 251 -173
10 251 -172
10 251 -171
10 251 -170
10 251 -168
10 251 -167
10 251 -166
10 251 -165
10 251 -164
10 251 -163
10 251 -162
10 251 -161
10 252 -176
10 252 -175
10 252 -174
10 252 -173
10 252 -172
10 252 -171
10 252 -170
10 252 -169
10 252 -168
10 252 -165
10 252 -164
10 252 -162
10 253 -176
10 253 -174
10 253 -173
10 253 -172
10 253 -171
10 253 -170
10 253 -165
10 254 -174
10 254 -173
10 254 -172
10 254 -171
11 240 -168
11 240 -167
11 240 -166
11 240 -165
11 241 -168
11 241 -167
11 241 -166
11 241 -165
11 242 -171
11 242 -170
11 242 -168
11 242 -167
11 242 -166
11 242 -165
11 242 -164
11 242 -163
11 242 -162
11 243 -170
11 243 -169
11 243 -168
11 243 -167
11 243 -166
11 243 -165
11 243 -164
11 243 -163
11 243 -162
11 243 -161
11 244 -174
11 244 -173
11 244 -172
11 244 -171
11 244 -170
11 244 -169
11 244 -168
11 244 -167
11 244 -166
11 244 -165
11 244 -164
11 244 -163
11 244 -162
11 244 -161
11 245 -175
11 245 -174
11 245 -173
11 245 -172
11 245 -171
11 245 -170
11 245 -169
11 245 -168
11 245 -167
11 245 -166
11 245 -165
11 245 -164
11 245 -163
11 245 -162
11 245 -161
11 246 -176
11 246 -175
11 246 -174
11 246 -173
11 246 -172
11 246 -171
11 246 -170
11 246 -169
11 246 -168
11 246 -167
11 246 -166
11 246 -165
11 246 -164
11 246 -163
11 246 -162
11 246 -161
11 247 -176
11 247 -175
11 247 -174
11 247 -173
11 247 -172
11 247 -171
11 247 -170
11 247 -169
11 247 -168
11 247 -167
11 247 -166
11 247 -165
11 247 -164
11 247 -163
11 247 -162
11 247 -161
11 248 -176
11 248 -175
11 248 -174
11 248 -173
11 248 -172
11 248 -171
11 248 -170
11 248 -169
11 248 -168
11 248 -167
11 248 -166
11 248 -165
11 248 -164
11 248 -163
11 248 -162
11 248 -161
11 249 -176
11 249 -175
11 249 -174
11 249 -173
11 249 -172
11 249 -171
11 249 -170
11 249 -169
11 249 -168
11 249 -167
11 249 -166
11 249 -165
11 249 -164
11 249 -163
11 249 -162
11 249 -161
11 250 -176
11 250 -175
11 250 -174
11 250 -173
11 250 -172
11 250 -171
11 250 -170
11 250 -169
11 250 -168
11 250 -167
11 250 -166
11 250 -165
11 250 -164
11 250 -163
11 250 -162
11 250 -161
11 251 -176
11 251 -175
11 251 -174
11 251 -173
11 251 -172
11 251 -171
11 251 -170
11 251 -169
11 251 -168
11 251 -167
11 251 -166
11 251 -165
11 251 -164
11 251 -163
11 251 -162
11 251 -161
11 252 -176
11 252 -175
11 252 -174
11 252 -173
11 252 -172
11 252 -171
11 252 -170
11 252 -169
11 252 -164
11 252 -163
11 253 -176
11 253 -175
11 253 -174
11 253 -173
11 253 -172
11 253 -171
11 253 -170
11 253 -166
11 253 -165
11 253 -164
11 254 -176
11 254 -174
11 254 -172
11 254 -171
11 254 -170
11 254 -165
11 254 -164
11 254 -163
12 240 -168
12 240 -167
12 240 -166
12 241 -169
12 241 -168
12 241 -167
12 241 -165
12 241 -164
12 242 -170
12 242 -169
12 242 -168
12 242 -167
12 242 -166
12 242 -165
12 242 -164
12 242 -163
12 242 -162
12 242 -161
12 243 -170
12 243 -168
12 243 -167
12 243 -166
12 243 -165
12 243 -164
12 243 -163
12 243 -162
12 243 -161
12 244 -175
12 244 -173
12 244 -172
12 244 -171
12 244 -170
12 244 -169
12 244 -168
12 244 -167
12 244 -166
12 244 -165
12 244 -164
12 244 -163
12 244 -162
12 244 -161
12 245 -176
12 245 -175
12 245 -174
12 245 -173
12 245 -172
12 245 -171
12 245 -170
12 245 -169
12 245 -168
12 245 -167
12 245 -166
12 245 -165
12 245 -164
12 245 -163
12 245 -162
12 245 -161
12 246 -176
12 246 -175
12 246 -174
12 246 -173
12 246 -172
12 246 -171
12 246 -170
12 246 -169
12 246 -168
12 246 -167
12 246 -166
12 246 -165
12 246 -164
12 246 -163
12 246 -162
12 246 -161
12 247 -176
12 247 -175
12 247 -174
12 247 -173
12 247 -172
12 247 -171
12 247 -170
12 247 -169
12 247 -168
12 247 -167
12 247 -166
12 247 -165
12 247 -164
12 247 -163
12 247 -162
12 247 -161
12 248 -176
12 248 -175
12 248 -174
12 248 -173
12 248 -172
12 248 -171
12 248 -170
12 248 -169
12 248 -168
12 248 -167
12 248 -166
12 248 -165
12 248 -164
12 248 -163
12 248 -162
12 248 -161
12 249 -176
12 249 -175
12 249 -174
12 249 -173
12 249 -172
12 249 -171
12 249 -170
12 249 -169
12 249 -168
12 249 -167
12 249 -166
12 249 -165
12 249 -164
12 249 -163
12 249 -162
12 249 -161
12 250 -176
12 250 -175
12 250 -174
12 250 -173
12 250 -172
12 250 -171
12 250 -170
12 250 -169
12 250 -168
12 250 -167
12 250 -166
12 250 -165
12 250 -164
12 250 -163
12 250 -162
12 250 -161
12 251 -176
12 251 -175
12 251 -174
12 251 -173
12 251 -172
12 251 -171
12 251 -170
12 251 -169
12 251 -168
12 251 -167
12 251 -166
12 251 -165
12 251 -164
12 251 -163
12 251 -162
12 251 -161
12 252 -175
12 252 -174
12 252 -173
12 252 -172
12 252 -171
12 252 -170
12 252 -169
12 252 -161
12 253 -176
12 253 -175
12 253 -174
12 253 -173
12 253 -172
12 253 -171
12 253 -165
12 253 -163
12 254 -174
12 254 -172
12 254 -171
12 254 -170
12 254 -164
13 239 -167
13 240 -167
13 241 -169
13 241 -167
13 241 -166
13 241 -165
13 242 -173
13 242 -168
13 242 -167
13 242 -166
13 242 -164
13 242 -163
13 242 -162
13 243 -176
13 243 -175
13 243 -173
13 243 -172
13 243 -169
13 243 -168
13 243 -167
13 243 -166
13 243 -165
13 243 -164
13 243 -163
13 243 -162
13 243 -161
13 244 -176
13 244 -175
13 244 -174
13 244 -173
13 244 -172
13 244 -171
13 244 -169
13 244 -168
13 244 -167
13 244 -166
13 244 -165
13 244 -164
13 244 -163
13 244 -162
13 244 -161
13 245 -176
13 245 -175
13 245 -174
13 245 -173
13 245 -172
13 245 -171
13 245 -170
13 245 -169
13 245 -168
13 245 -167
13 245 -166
13 245 -165
13 245 -164
13 245 -163
13 245 -162
13 245 -161
13 246 -175
13 246 -174
13 246 -173
13 246 -172
13 246 -171
13 246 -170
13 246 -169
13 246 -168
13 246 -167
13 246 -166
13 246 -165
13 246 -164
13 246 -163
13 246 -162
13 246 -161
13 247 -176
13 247 -175
13 247 -174
13 247 -173
13 247 -172
13 247 -171
13 247 -170
13 247 -169
13 247 -168
13 247 -167
13 247 -166
13 247 -165
13 247 -164
13 247 -163
13 247 -162
13 247 -161
13 248 -176
13 248 -175
13 248 -174
13 248 -173
13 248 -172
13 248 -171
13 248 -170
13 248 -169
13 248 -168
13 248 -167
13 248 -166
13 248 -165
13 248 -164
13 248 -163
13 248 -162
13 248 -161
13 249 -176
13 249 -175
13 249 -174
13 249 -173
13 249 -172
13 249 -171
13 249 -170
13 249 -169
13 249 -168
13 249 -167
13 249 -166
13 249 -165
13 249 -164
13 249 -163
13 249 -162
13 249 -161
13 250 -176
13 250 -175
13 250 -174
13 250 -173
13 250 -172
13 250 -171
13 250 -170
13 250 -169
13 250 -168
13 250 -167
13 250 -166
13 250 -165
13 250 -164
13 250 -163
13 250 -162
13 250 -161
13 251 -176
13 251 -175
13 251 -174
13 251 -173
13 251 -172
13 251 -170
13 251 -169
13 251 -168
13 251 -167
13 251 -166
13 251 -164
13 251 -163
13 251 -162
13 251 -161
13 252 -173
13 252 -172
13 252 -171
13 252 -170
13 252 -169
13 252 -168
13 252 -166
13 252 -165
13 252 -164
13 252 -163
13 252 -162
13 252 -161
13 253 -174
13 253 -173
13 253 -172
13 253 -171
13 253 -164
13 253 -163
13 254 -174
13 254 -173
13 254 -172
14 240 -167
14 241 -175
14 241 -166
14 242 -175
14 242 -174
14 242 -167
14 242 -166
14 242 -165
14 242 -164
14 242 -163
14 243 -176
14 243 -175
14 243 -168
14 243 -167
14 243 -166
14 243 -165
14 243 -164
14 243 -163
14 243 -162
14 243 -161
14 244 -175
14 244 -174
14 244 -173
14 244 -172
14 244 -168
14 244 -167
14 244 -166
14 244 -165
14 244 -164
14 244 -163
14 244 -162
14 244 -161
14 245 -176
14 245 -175
14 245 -174
14 245 -173
14 245 -172
14 245 -171
14 245 -170
14 245 -169
14 245 -168
14 245 -167
14 245 -166
14 245 -165
14 245 -164
14 245 -163
14 245 -162
14 245 -161
14 246 -176
14 246 -175
14 246 -174
14 246 -173
14 246 -172
14 246 -171
14 246 -170
14 246 -169
14 246 -168
14 246 -167
14 246 -166
14 246 -165
14 246 -164
14 246 -163
14 246 -161
14 247 -176
14 247 -175
14 247 -174
14 247 -173
14 247 -172
14 247 -171
14 247 -170
14 247 -169
14 247 -168
14 247 -167
14 247 -166
14 247 -165
14 247 -164
14 247 -163
14 247 -162
14 247 -161
14 248 -176
14 248 -175
14 248 -174
14 248 -173
14 248 -172
14 248 -171
14 248 -170
14 248 -169
14 248 -168
14 248 -167
14 248 -166
14 248 -165
14 248 -164
14 248 -163
14 248 -162
14 248 -161
14 249 -176
14 249 -175
14 249 -174
14 249 -173
14 249 -172
14 249 -171
14 249 -170
14 249 -169
14 249 -168
14 249 -167
14 249 -166
14 249 -165
14 249 -164
14 249 -163
14 249 -162
14 249 -161
14 250 -176
14 250 -175
14 250 -174
14 250 -173
14 250 -172
14 250 -171
14 250 -170
14 250 -166
14 250 -165
14 250 -164
14 250 -163
14 250 -162
14 250 -161
14 251 -175
14 251 -174
14 251 -173
14 251 -172
14 251 -171
14 251 -170
14 251 -169
14 251 -168
14 251 -167
14 251 -166
14 251 -165
14 251 -163
14 251 -162
14 251 -161
14 252 -176
14 252 -175
14 252 -174
14 252 -173
14 252 -172
14 252 -171
14 252 -170
14 252 -169
14 252 -168
14 252 -167
14 252 -166
14 252 -161
14 253 -174
14 253 -173
14 253 -172
14 253 -170
14 254 -175
14 254 -173
15 241 -175
15 242 -176
15 242 -175
15 242 -174
15 242 -166
15 242 -165
15 242 -164
15 243 -176
15 243 -175
15 243 -174
15 243 -171
15 243 -167
15 243 -166
15 243 -165
15 243 -164
15 243 -163
15 243 -162
15 244 -176
15 244 -175
15 244 -174
15 244 -173
15 244 -172
15 244 -171
15 244 -170
15 244 -166
15 244 -165
15 244 -164
15 244 -162
15 244 -161
15 245 -176
15 245 -175
15 245 -174
15 245 -173
15 245 -172
15 245 -171
15 245 -170
15 245 -168
15 245 -167
15 245 -166
15 245 -165
15 245 -164
15 245 -163
15 245 -162
15 245 -161
15 246 -176
15 246 -175
15 246 -174
15 246 -173
15 246 -172
15 246 -171
15 246 -170
15 246 -169
15 246 -168
15 246 -167
15 246 -166
15 246 -165
15 246 -164
15 246 -163
15 246 -162
15 246 -161
15 247 -176
15 247 -175
15 247 -174
15 247 -173
15 247 -172
15 247 -171
15 247 -170
15 247 -169
15 247 -168
15 247 -167
15 247 -166
15 247 -165
15 247 -164
15 247 -163
15 247 -162
15 247 -161
15 248 -176
15 248 -175
15 248 -174
15 248 -173
15 248 -172
15 248 -171
15 248 -170
15 248 -169
15 248 -168
15 248 -167
15 248 -166
15 248 -165
15 248 -164
15 248 -163
15 248 -162
15 248 -161
15 249 -176
15 249 -175
15 249 -174
15 249 -173
15 249 -172
15 249 -171
15 249 -170
15 249 -169
15 249 -168
15 249 -167
15 249 -166
15 249 -165
15 249 -164
15 249 -163
15 249 -162
15 249 -161
15 250 -176
15 250 -175
15 250 -174
15 250 -173
15 250 -172
15 250 -171
15 250 -170
15 250 -169
15 250 -167
15 250 -166
15 250 -165
15 250 -164
15 250 -163
15 250 -162
15 250 -161
15 251 -176
15 251 -175
15 251 -174
15 251 -173
15 251 -172
15 251 -171
15 251 -170
15 251 -169
15 251 -168
15 251 -167
15 251 -165
15 251 -163
15 251 -162
15 251 -161
15 252 -176
15 252 -175
15 252 -174
15 252 -173
15 252 -172
15 252 -171
15 252 -170
15 252 -169
15 252 -168
15 252 -167
15 252 -166
15 252 -165
15 252 -163
15 252 -162
15 252 -161
15 253 -176
15 253 -175
15 253 -174
15 253 -173
15 253 -172
15 253 -171
15 253 -170
15 253 -168
15 253 -167
15 253 -162
15 254 -175
15 254 -174
15 254 -173
15 254 -170

