alfheim:altWood1
12
-96 216 105
-96 216 106
-96 216 107
-96 217 104
-96 217 105
-96 217 106
-96 217 107
-96 217 108
-96 218 103
-96 218 104
-96 218 105
-96 218 106
-96 218 107
-96 218 108
-96 218 109
-96 219 103
-96 219 104
-96 219 105
-96 219 106
-96 219 107
-96 219 108
-96 219 109
-96 219 110
-96 219 111
-96 220 104
-96 220 105
-96 220 106
-96 220 107
-96 220 108
-96 220 109
-96 220 110
-96 220 111
-96 221 105
-96 221 106
-96 221 107
-96 221 108
-96 221 109
-96 221 110
-96 221 111
-96 222 106
-96 222 107
-96 222 108
-96 222 109
-96 222 110
-96 222 111
-96 223 111
-95 216 105
-95 216 106
-95 216 107
-95 216 108
-95 217 104
-95 217 105
-95 217 106
-95 217 107
-95 217 108
-95 217 109
-95 218 103
-95 218 104
-95 218 105
-95 218 106
-95 218 107
-95 218 108
-95 218 109
-95 218 110
-95 219 103
-95 219 104
-95 219 105
-95 219 106
-95 219 107
-95 219 108
-95 219 109
-95 219 110
-95 219 111
-95 220 104
-95 220 105
-95 220 106
-95 220 107
-95 220 108
-95 220 109
-95 220 110
-95 220 111
-95 221 105
-95 221 106
-95 221 107
-95 221 108
-95 221 109
-95 221 110
-95 221 111
-95 222 106
-95 222 107
-95 222 108
-95 222 109
-95 222 110
-95 222 111
-94 215 105
-94 215 107
-94 216 104
-94 216 105
-94 216 106
-94 216 107
-94 216 108
-94 217 103
-94 217 104
-94 217 105
-94 217 106
-94 217 107
-94 217 108
-94 217 109
-94 218 104
-94 218 105
-94 218 106
-94 218 107
-94 218 108
-94 218 109
-94 219 103
-94 219 104
-94 219 105
-94 219 106
-94 219 107
-94 219 108
-94 219 109
-94 219 110
-94 219 111
-94 220 103
-94 220 104
-94 220 105
-94 220 106
-94 220 107
-94 220 108
-94 220 109
-94 220 110
-94 220 111
-94 221 104
-94 221 105
-94 221 106
-94 221 107
-94 221 108
-94 221 109
-94 221 110
-94 221 111
-94 222 110
-94 222 111
-93 215 104
-93 215 106
-93 216 104
-93 216 105
-93 216 106
-93 216 107
-93 217 102
-93 217 103
-93 217 104
-93 217 105
-93 217 106
-93 217 107
-93 217 108
-93 218 102
-93 218 103
-93 218 104
-93 218 105
-93 218 106
-93 218 107
-93 218 108
-93 218 109
-93 219 103
-93 219 104
-93 219 105
-93 219 106
-93 219 107
-93 219 108
-93 219 109
-93 219 110
-93 220 103
-93 220 104
-93 220 105
-93 220 106
-93 220 107
-93 220 108
-93 220 109
-93 220 110
-93 220 111
-93 221 104
-93 221 105
-93 221 106
-93 221 110
-93 221 111
-92 215 105
-92 215 106
-92 216 102
-92 216 103
-92 216 104
-92 216 105
-92 216 106
-92 216 107
-92 217 102
-92 217 103
-92 217 104
-92 217 105
-92 217 106
-92 217 107
-92 217 108
-92 218 103
-92 218 104
-92 218 105
-92 218 106
-92 218 107
-92 219 103
-92 219 104
-92 219 105
-92 219 106
-92 219 107
-92 219 108
-92 220 104
-92 220 105
-92 220 106
-92 221 105
-92 221 111
-91 214 105
-91 215 105
-91 215 106
-91 216 103
-91 216 104
-91 216 105
-91 216 106
-91 216 107
-91 217 102
-91 217 103
-91 217 104
-91 217 105
-91 217 106
-91 217 107
-91 218 103
-91 218 104
-91 218 105
-91 218 106
-91 219 104
-91 219 105
-91 219 106
-91 220 105
-90 214 104
-90 215 104
-90 215 105
-90 216 102
-90 216 103
-90 216 104
-90 216 105
-90 216 106
-90 217 102
-90 217 103
-90 217 104
-90 217 105
-90 217 106
-90 218 103
-90 218 104
-90 218 105
-90 219 104
-90 219 105
-89 214 103
-89 214 104
-89 214 105
-89 215 104
-89 215 105
-89 215 106
-89 216 102
-89 216 103
-89 216 104
-89 216 105
-89 216 106
-89 216 107
-89 217 101
-89 217 102
-89 217 103
-89 217 104
-89 217 105
-89 217 106
-89 217 107
-89 218 102
-89 218 103
-89 218 104
-89 218 105
-89 218 106
-89 219 103
-89 219 104
-89 219 105
-88 213 103
-88 214 102
-88 214 103
-88 214 104
-88 214 105
-88 215 103
-88 215 104
-88 215 105
-88 215 106
-88 216 101
-88 216 102
-88 216 103
-88 216 104
-88 216 105
-88 216 106
-88 216 107
-88 217 101
-88 217 102
-88 217 103
-88 217 104
-88 217 105
-88 217 106
-88 217 107
-88 218 102
-88 218 103
-88 218 104
-88 218 105
-88 218 106
-88 219 103
-88 219 104
-87 213 101
-87 213 102
-87 213 103
-87 214 101
-87 214 102
-87 214 103
-87 214 104
-87 215 100
-87 215 101
-87 215 102
-87 215 103
-87 215 104
-87 215 105
-87 215 106
-87 216 100
-87 216 101
-87 216 102
-87 216 103
-87 216 104
-87 216 105
-87 216 106
-87 216 107
-87 217 101
-87 217 102
-87 217 103
-87 217 104
-87 217 105
-87 217 106
-87 218 102
-87 218 103
-87 218 104
-87 219 103
-86 212 101
-86 212 102
-86 213 100
-86 213 101
-86 213 102
-86 213 103
-86 214 101
-86 214 102
-86 214 103
-86 214 104
-86 215 100
-86 215 101
-86 215 102
-86 215 103
-86 215 104
-86 215 105
-86 215 106
-86 216 100
-86 216 101
-86 216 102
-86 216 103
-86 216 104
-86 216 105
-86 216 106
-86 216 111
-86 217 101
-86 217 102
-86 217 103
-86 217 104
-86 217 105
-86 217 111
-86 218 102
-86 218 103
-85 211 102
-85 212 99
-85 212 100
-85 212 101
-85 212 102
-85 212 103
-85 213 101
-85 213 102
-85 213 103
-85 213 104
-85 214 100
-85 214 101
-85 214 102
-85 214 103
-85 214 104
-85 214 105
-85 214 111
-85 215 100
-85 215 101
-85 215 102
-85 215 103
-85 215 104
-85 215 105
-85 215 106
-85 215 107
-85 215 111
-85 216 100
-85 216 101
-85 216 102
-85 216 103
-85 216 104
-85 216 105
-85 216 106
-85 216 110
-85 216 111
-85 217 101
-85 217 102
-85 217 103
-85 217 104
-85 217 110
-85 217 111
-85 218 111
-84 211 98
-84 211 99
-84 211 100
-84 211 101
-84 211 102
-84 212 98
-84 212 99
-84 212 100
-84 212 101
-84 212 102
-84 212 103
-84 212 111
-84 213 101
-84 213 102
-84 213 103
-84 213 104
-84 213 105
-84 213 111
-84 214 100
-84 214 101
-84 214 102
-84 214 103
-84 214 104
-84 214 105
-84 214 106
-84 214 107
-84 214 108
-84 214 109
-84 214 110
-84 214 111
-84 215 100
-84 215 101
-84 215 102
-84 215 103
-84 215 104
-84 215 105
-84 215 106
-84 215 107
-84 215 108
-84 215 109
-84 215 110
-84 215 111
-84 216 101
-84 216 102
-84 216 103
-84 216 104
-84 216 105
-84 216 106
-84 216 107
-84 216 108
-84 216 109
-84 216 110
-84 216 111
-84 217 109
-84 217 110
-84 217 111
-84 218 110
-84 218 111
-84 219 111
-84 224 96
-83 209 99
-83 209 100
-83 210 100
-83 210 101
-83 210 102
-83 211 99
-83 211 100
-83 211 101
-83 211 102
-83 211 111
-83 212 100
-83 212 101
-83 212 102
-83 212 103
-83 212 104
-83 212 111
-83 213 100
-83 213 101
-83 213 102
-83 213 103
-83 213 104
-83 213 105
-83 213 106
-83 213 107
-83 213 110
-83 213 111
-83 214 100
-83 214 101
-83 214 102
-83 214 103
-83 214 104
-83 214 105
-83 214 106
-83 214 107
-83 214 108
-83 214 109
-83 214 110
-83 214 111
-83 215 100
-83 215 101
-83 215 102
-83 215 103
-83 215 104
-83 215 105
-83 215 106
-83 215 107
-83 215 108
-83 215 109
-83 215 110
-83 215 111
-83 216 101
-83 216 106
-83 216 107
-83 216 108
-83 216 109
-83 216 110
-83 216 111
-83 217 109
-83 217 110
-83 217 111
-83 218 109
-83 218 110
-83 218 111
-83 219 110
-83 219 111
-83 220 111
-83 224 96
-82 208 98
-82 208 99
-82 208 100
-82 209 98
-82 209 99
-82 209 100
-82 209 101
-82 210 97
-82 210 99
-82 210 100
-82 210 101
-82 210 102
-82 210 111
-82 211 99
-82 211 100
-82 211 101
-82 211 102
-82 211 103
-82 211 104
-82 211 111
-82 212 98
-82 212 100
-82 212 101
-82 212 102
-82 212 103
-82 212 104
-82 212 105
-82 212 106
-82 212 110
-82 212 111
-82 213 101
-82 213 102
-82 213 103
-82 213 104
-82 213 105
-82 213 106
-82 213 107
-82 213 108
-82 213 109
-82 213 110
-82 213 111
-82 214 101
-82 214 102
-82 214 103
-82 214 104
-82 214 105
-82 214 106
-82 214 107
-82 214 108
-82 214 109
-82 214 110
-82 214 111
-82 215 100
-82 215 101
-82 215 102
-82 215 103
-82 215 104
-82 215 105
-82 215 106
-82 215 107
-82 215 108
-82 215 109
-82 215 110
-82 215 111
-82 216 100
-82 216 101
-82 216 106
-82 216 107
-82 216 108
-82 216 109
-82 216 110
-82 216 111
-82 217 108
-82 217 109
-82 217 110
-82 217 111
-82 218 108
-82 218 109
-82 218 110
-82 218 111
-82 219 109
-82 219 110
-82 219 111
-82 220 110
-82 220 111
-82 221 111
-82 224 96
-81 208 99
-81 208 100
-81 209 98
-81 209 99
-81 209 100
-81 209 101
-81 209 111
-81 210 100
-81 210 101
-81 210 102
-81 210 103
-81 210 110
-81 210 111
-81 211 98
-81 211 99
-81 211 100
-81 211 101
-81 211 102
-81 211 103
-81 211 104
-81 211 105
-81 211 109
-81 211 110
-81 211 111
-81 212 100
-81 212 101
-81 212 102
-81 212 103
-81 212 104
-81 212 105
-81 212 106
-81 212 107
-81 212 108
-81 212 109
-81 212 110
-81 212 111
-81 213 101
-81 213 102
-81 213 103
-81 213 104
-81 213 105
-81 213 106
-81 213 107
-81 213 108
-81 213 109
-81 213 110
-81 213 111
-81 214 100
-81 214 101
-81 214 102
-81 214 103
-81 214 104
-81 214 105
-81 214 106
-81 214 107
-81 214 108
-81 214 109
-81 214 110
-81 214 111
-81 215 99
-81 215 100
-81 215 101
-81 215 102
-81 215 103
-81 215 104
-81 215 105
-81 215 106
-81 215 107
-81 215 108
-81 215 109
-81 215 110
-81 215 111
-81 216 100
-81 216 106
-81 216 107
-81 216 108
-81 216 109
-81 216 110
-81 216 111
-81 217 107
-81 217 108
-81 217 109
-81 217 110
-81 217 111
-81 218 107
-81 218 108
-81 218 109
-81 218 110
-81 218 111
-81 219 108
-81 219 109
-81 219 110
-81 219 111
-81 220 109
-81 220 110
-81 220 111
-81 221 110
-81 221 111
-81 222 111
-88 227 98
-88 228 98
-88 228 99
-88 228 100
-87 226 96
-87 226 98
-87 227 96
-87 227 97
-87 227 98
-87 227 99
-87 227 100
-87 228 97
-87 228 98
-87 228 99
-87 228 101
-87 229 98
-87 229 99
-86 225 96
-86 226 96
-86 226 97
-86 226 98
-86 227 96
-86 227 97
-86 227 98
-86 227 99
-86 227 100
-86 228 96
-86 228 97
-86 228 98
-86 228 99
-86 228 100
-86 228 101
-86 229 98
-86 229 99
-86 229 101
-85 225 96
-85 226 96
-85 226 97
-85 227 96
-85 227 97
-85 227 98
-85 227 99
-85 228 96
-85 228 97
-85 228 98
-85 228 100
-85 228 101
-85 229 100
-84 225 96
-84 225 97
-84 226 96
-84 226 97
-84 227 96
-84 227 97
-84 227 98
-84 228 99
-84 228 100
-83 225 96
-83 225 97
-83 226 96
-82 225 96
-82 225 97
-82 226 96
-82 226 97
-82 227 96
-81 225 96
-81 226 96
-81 226 97
-81 227 96
alfheim:altLeaves
6
-96 199 96
-96 200 96
-96 200 97
-96 201 96
-96 202 97
-96 203 96
-96 207 96
-96 210 96
-96 211 96
-96 211 99
-96 211 100
-96 211 101
-96 212 97
-96 212 99
-96 212 100
-96 212 101
-96 212 102
-96 213 96
-96 213 97
-96 213 98
-96 213 99
-96 213 101
-96 213 102
-96 214 96
-96 214 97
-96 214 98
-96 214 99
-96 214 100
-96 214 102
-96 214 103
-96 215 96
-96 215 97
-96 215 98
-96 215 99
-96 215 100
-96 215 101
-96 215 102
-96 215 103
-96 216 96
-96 216 97
-96 216 98
-96 216 99
-96 216 100
-96 216 101
-96 216 102
-96 217 96
-96 217 97
-96 217 98
-96 217 100
-96 217 102
-96 218 97
-96 218 98
-96 218 99
-96 219 99
-96 224 96
-96 224 108
-95 200 96
-95 200 97
-95 201 96
-95 201 97
-95 201 98
-95 202 96
-95 202 97
-95 203 96
-95 203 97
-95 205 96
-95 206 96
-95 207 96
-95 208 96
-95 208 97
-95 209 96
-95 209 97
-95 210 96
-95 210 100
-95 211 96
-95 211 97
-95 211 99
-95 211 100
-95 211 101
-95 212 96
-95 212 98
-95 212 100
-95 212 101
-95 213 96
-95 213 97
-95 213 98
-95 213 99
-95 213 100
-95 213 101
-95 213 103
-95 214 96
-95 214 97
-95 214 98
-95 214 99
-95 214 100
-95 214 101
-95 214 102
-95 214 103
-95 215 96
-95 215 97
-95 215 98
-95 215 99
-95 215 100
-95 215 101
-95 215 102
-95 215 103
-95 215 104
-95 216 96
-95 216 97
-95 216 98
-95 216 99
-95 216 100
-95 216 101
-95 216 102
-95 217 96
-95 217 97
-95 217 98
-95 217 99
-95 217 100
-95 218 96
-95 218 97
-95 218 98
-95 218 99
-95 218 100
-95 218 101
-95 218 102
-95 219 98
-95 219 99
-95 219 100
-95 219 101
-95 219 102
-95 220 99
-95 220 100
-95 224 96
-95 224 106
-95 224 107
-95 224 108
-94 198 96
-94 199 96
-94 199 97
-94 200 96
-94 200 97
-94 200 98
-94 201 96
-94 201 97
-94 202 96
-94 202 97
-94 203 96
-94 204 96
-94 205 96
-94 205 97
-94 206 96
-94 207 96
-94 207 97
-94 208 96
-94 208 97
-94 208 98
-94 209 96
-94 209 97
-94 209 98
-94 209 100
-94 209 101
-94 210 96
-94 210 97
-94 210 98
-94 210 100
-94 210 101
-94 211 96
-94 211 97
-94 211 98
-94 211 99
-94 211 100
-94 211 101
-94 211 102
-94 211 103
-94 212 96
-94 212 97
-94 212 98
-94 212 99
-94 212 100
-94 212 101
-94 212 102
-94 212 103
-94 213 96
-94 213 97
-94 213 98
-94 213 99
-94 213 100
-94 213 101
-94 213 102
-94 213 104
-94 214 96
-94 214 97
-94 214 98
-94 214 99
-94 214 100
-94 214 101
-94 214 102
-94 214 103
-94 214 104
-94 215 96
-94 215 97
-94 215 98
-94 215 99
-94 215 101
-94 215 102
-94 215 103
-94 216 96
-94 216 97
-94 216 98
-94 216 99
-94 216 100
-94 216 101
-94 216 102
-94 216 103
-94 217 96
-94 217 97
-94 217 98
-94 217 99
-94 217 100
-94 217 101
-94 217 102
-94 218 96
-94 218 97
-94 218 98
-94 218 99
-94 218 100
-94 218 101
-94 218 102
-94 218 103
-94 219 97
-94 219 98
-94 219 99
-94 219 100
-94 219 101
-94 219 102
-94 220 99
-94 220 100
-94 221 99
-94 224 96
-93 199 96
-93 199 97
-93 200 96
-93 200 97
-93 200 98
-93 201 96
-93 201 97
-93 201 98
-93 202 96
-93 202 97
-93 203 96
-93 204 96
-93 206 96
-93 207 96
-93 207 97
-93 208 96
-93 208 97
-93 209 96
-93 209 97
-93 209 98
-93 209 99
-93 210 96
-93 210 97
-93 210 98
-93 210 99
-93 210 100
-93 210 102
-93 211 96
-93 211 97
-93 211 98
-93 211 99
-93 211 100
-93 211 101
-93 211 102
-93 212 96
-93 212 97
-93 212 98
-93 212 99
-93 212 100
-93 212 101
-93 212 102
-93 212 103
-93 212 104
-93 213 96
-93 213 97
-93 213 98
-93 213 99
-93 213 100
-93 213 101
-93 213 102
-93 213 103
-93 213 104
-93 214 96
-93 214 97
-93 214 98
-93 214 99
-93 214 100
-93 214 101
-93 214 102
-93 214 103
-93 214 104
-93 214 105
-93 215 96
-93 215 97
-93 215 98
-93 215 99
-93 215 100
-93 215 101
-93 215 102
-93 215 103
-93 215 105
-93 216 96
-93 216 97
-93 216 98
-93 216 99
-93 216 100
-93 216 101
-93 216 103
-93 217 96
-93 217 97
-93 217 98
-93 217 99
-93 217 100
-93 217 101
-93 218 96
-93 218 97
-93 218 98
-93 218 99
-93 219 96
-93 219 97
-93 219 98
-93 219 99
-93 219 100
-93 220 99
-92 199 96
-92 200 96
-92 200 97
-92 201 96
-92 201 97
-92 203 96
-92 203 97
-92 204 96
-92 204 97
-92 205 96
-92 206 96
-92 207 96
-92 207 97
-92 207 99
-92 208 96
-92 208 98
-92 208 99
-92 209 96
-92 209 97
-92 209 98
-92 209 99
-92 210 96
-92 210 97
-92 210 98
-92 210 99
-92 210 102
-92 210 103
-92 211 96
-92 211 97
-92 211 98
-92 211 99
-92 211 100
-92 211 101
-92 211 103
-92 212 96
-92 212 97
-92 212 98
-92 212 99
-92 212 100
-92 212 101
-92 212 102
-92 212 103
-92 213 96
-92 213 97
-92 213 98
-92 213 99
-92 213 100
-92 213 101
-92 213 102
-92 213 103
-92 214 96
-92 214 97
-92 214 98
-92 214 99
-92 214 100
-92 214 101
-92 214 102
-92 214 103
-92 214 105
-92 215 96
-92 215 97
-92 215 98
-92 215 99
-92 215 100
-92 215 101
-92 215 102
-92 215 103
-92 215 104
-92 216 96
-92 216 97
-92 216 98
-92 216 99
-92 216 100
-92 216 101
-92 217 96
-92 217 97
-92 217 98
-92 217 99
-92 218 96
-92 218 97
-92 218 98
-92 218 99
-92 219 96
-92 219 97
-92 219 98
-92 219 99
-92 219 100
-92 219 101
-92 220 97
-92 220 100
-92 224 108
-91 200 96
-91 201 96
-91 202 96
-91 202 97
-91 203 96
-91 206 96
-91 207 96
-91 208 96
-91 208 98
-91 209 96
-91 209 97
-91 209 98
-91 209 99
-91 209 100
-91 210 96
-91 210 97
-91 210 99
-91 210 100
-91 210 102
-91 211 96
-91 211 97
-91 211 98
-91 211 99
-91 211 100
-91 211 101
-91 211 102
-91 211 103
-91 212 96
-91 212 97
-91 212 98
-91 212 99
-91 212 100
-91 212 101
-91 212 102
-91 212 103
-91 213 96
-91 213 97
-91 213 98
-91 213 99
-91 213 100
-91 213 101
-91 213 102
-91 214 96
-91 214 97
-91 214 98
-91 214 99
-91 214 100
-91 214 101
-91 214 102
-91 215 96
-91 215 97
-91 215 98
-91 215 99
-91 215 100
-91 215 101
-91 215 102
-91 215 103
-91 215 104
-91 216 96
-91 216 97
-91 216 98
-91 216 99
-91 216 100
-91 216 101
-91 217 96
-91 217 97
-91 217 98
-91 217 99
-91 217 100
-91 217 101
-91 218 97
-91 218 98
-91 218 99
-91 218 100
-91 219 97
-91 219 100
-91 223 108
-91 224 108
-90 201 96
-90 203 97
-90 204 96
-90 204 97
-90 205 97
-90 208 96
-90 209 96
-90 209 97
-90 209 98
-90 210 96
-90 210 97
-90 210 99
-90 210 100
-90 211 96
-90 211 97
-90 211 98
-90 211 99
-90 211 101
-90 211 102
-90 212 96
-90 212 97
-90 212 98
-90 212 99
-90 212 100
-90 212 101
-90 212 102
-90 212 103
-90 213 96
-90 213 97
-90 213 98
-90 213 99
-90 213 100
-90 213 101
-90 213 102
-90 214 96
-90 214 97
-90 214 98
-90 214 99
-90 214 100
-90 214 101
-90 214 102
-90 214 103
-90 215 96
-90 215 97
-90 215 98
-90 215 99
-90 215 100
-90 215 101
-90 215 102
-90 215 103
-90 216 96
-90 216 97
-90 216 98
-90 216 99
-90 216 101
-90 217 97
-90 217 98
-90 217 99
-90 218 97
-89 200 96
-89 201 96
-89 201 97
-89 202 96
-89 202 97
-89 203 96
-89 203 97
-89 203 98
-89 204 96
-89 204 97
-89 204 98
-89 205 96
-89 205 98
-89 210 96
-89 210 100
-89 211 96
-89 211 97
-89 211 98
-89 211 101
-89 212 96
-89 212 97
-89 212 98
-89 212 99
-89 212 100
-89 213 96
-89 213 97
-89 213 101
-89 214 96
-89 214 97
-89 214 98
-89 214 99
-89 214 100
-89 214 101
-89 214 102
-89 215 96
-89 215 97
-89 215 99
-89 215 100
-89 215 101
-89 215 102
-89 215 103
-89 216 96
-89 216 97
-89 216 98
-89 216 99
-89 216 101
-89 217 96
-89 224 111
-88 202 96
-88 204 96
-88 204 97
-88 204 98
-88 205 97
-88 209 96
-88 210 96
-88 210 97
-88 211 96
-88 211 97
-88 211 98
-88 211 99
-88 212 96
-88 212 97
-88 212 98
-88 212 100
-88 213 96
-88 213 97
-88 213 98
-88 213 99
-88 214 96
-88 214 97
-88 214 98
-88 214 99
-88 214 100
-88 214 101
-88 215 96
-88 215 97
-88 215 98
-88 215 99
-88 215 100
-88 215 101
-88 215 102
-88 216 96
-88 216 97
-88 216 99
-88 217 96
-88 217 99
-88 218 96
-88 218 97
-88 223 111
-88 224 110
-88 224 111
-87 202 96
-87 204 96
-87 209 96
-87 210 96
-87 210 99
-87 211 96
-87 211 97
-87 211 99
-87 211 100
-87 212 96
-87 212 97
-87 212 98
-87 212 99
-87 212 100
-87 213 96
-87 213 97
-87 213 98
-87 213 99
-87 213 100
-87 214 96
-87 214 97
-87 214 98
-87 214 99
-87 215 96
-87 215 97
-87 215 98
-87 215 99
-87 216 96
-87 216 97
-87 217 96
-87 218 96
-87 218 97
-87 218 98
-87 223 111
-87 224 111
-86 209 96
-86 210 96
-86 210 97
-86 211 96
-86 211 97
-86 212 96
-86 212 98
-86 212 100
-86 213 96
-86 213 97
-86 213 98
-86 213 99
-86 214 96
-86 214 97
-86 214 98
-86 214 99
-86 214 100
-86 215 96
-86 215 97
-86 215 98
-86 216 96
-86 216 97
-86 216 98
-86 217 96
-86 217 97
-86 217 98
-86 218 97
-86 218 98
-86 218 99
-86 219 96
-86 219 97
-86 220 96
-86 223 109
-86 223 110
-86 223 111
-86 224 109
-86 224 110
-86 224 111
-85 209 96
-85 210 96
-85 210 97
-85 211 96
-85 211 97
-85 211 98
-85 212 96
-85 212 97
-85 212 98
-85 213 96
-85 213 97
-85 213 98
-85 213 99
-85 213 100
-85 214 96
-85 214 97
-85 214 98
-85 214 99
-85 215 96
-85 215 97
-85 215 98
-85 215 99
-85 216 96
-85 216 97
-85 216 98
-85 216 99
-85 217 96
-85 217 97
-85 217 98
-85 217 99
-85 218 96
-85 218 97
-85 219 96
-85 219 97
-85 219 98
-85 219 99
-85 220 96
-85 220 97
-85 220 98
-85 221 96
-85 222 96
-85 223 110
-85 224 110
-85 224 111
-84 209 96
-84 209 97
-84 209 98
-84 210 96
-84 210 97
-84 210 98
-84 211 96
-84 211 97
-84 212 96
-84 212 97
-84 213 96
-84 213 97
-84 213 98
-84 213 99
-84 213 100
-84 214 96
-84 214 97
-84 214 98
-84 214 99
-84 215 96
-84 215 97
-84 215 98
-84 215 99
-84 216 96
-84 216 97
-84 216 98
-84 217 96
-84 217 97
-84 218 96
-84 218 97
-84 218 98
-84 218 99
-84 218 100
-84 219 96
-84 219 98
-84 219 99
-84 220 96
-84 220 97
-83 207 96
-83 209 96
-83 209 97
-83 209 98
-83 210 96
-83 210 97
-83 210 98
-83 210 99
-83 211 96
-83 211 97
-83 211 98
-83 212 96
-83 212 97
-83 212 98
-83 212 99
-83 213 96
-83 213 97
-83 213 98
-83 213 99
-83 214 96
-83 214 97
-83 214 98
-83 214 99
-83 215 96
-83 215 97
-83 215 98
-83 216 96
-83 216 97
-83 217 96
-83 217 97
-83 217 98
-83 218 96
-83 218 97
-83 218 98
-83 219 96
-83 219 97
-83 219 98
-83 220 96
-83 220 97
-83 221 96
-83 221 97
-83 224 110
-83 224 111
-82 207 96
-82 208 96
-82 209 96
-82 209 97
-82 210 96
-82 210 98
-82 211 96
-82 211 97
-82 211 98
-82 212 96
-82 212 97
-82 212 99
-82 213 96
-82 213 97
-82 213 98
-82 213 99
-82 213 100
-82 214 96
-82 214 97
-82 214 98
-82 214 99
-82 214 100
-82 215 96
-82 215 97
-82 215 98
-82 215 99
-82 216 96
-82 216 97
-82 216 98
-82 217 96
-82 217 97
-82 217 98
-82 217 99
-82 218 96
-82 218 97
-82 218 98
-82 218 99
-82 218 100
-82 219 96
-82 219 97
-82 219 99
-82 221 96
-82 224 110
-81 208 96
-81 209 96
-81 209 97
-81 210 96
-81 210 97
-81 210 98
-81 210 99
-81 211 96
-81 211 97
-81 212 96
-81 212 97
-81 212 98
-81 212 99
-81 213 96
-81 213 97
-81 213 98
-81 213 99
-81 213 100
-81 214 96
-81 214 97
-81 214 98
-81 214 99
-81 215 96
-81 215 97
-81 216 96
-81 216 97
-81 216 98
-81 217 96
-81 217 97
-81 217 98
-81 217 99
-81 218 96
-81 218 97
-81 218 98
-81 218 99
-81 219 96
-81 219 98
-96 225 107
-96 225 108
-96 225 109
-96 225 111
-96 226 96
-96 226 106
-96 226 107
-96 226 108
-96 226 110
-96 226 111
-96 227 96
-96 227 97
-96 227 104
-96 227 105
-96 227 106
-96 227 107
-96 227 108
-96 227 109
-96 227 111
-96 228 96
-96 228 97
-96 228 105
-96 228 106
-96 228 107
-96 228 108
-96 228 109
-96 228 110
-96 228 111
-96 229 96
-96 229 97
-96 229 98
-96 229 99
-96 229 105
-96 229 106
-96 229 107
-96 229 108
-96 229 109
-96 229 110
-96 229 111
-96 230 96
-96 230 97
-96 230 98
-96 230 99
-96 230 100
-96 230 101
-96 230 103
-96 230 104
-96 230 105
-96 230 106
-96 230 107
-96 230 108
-96 230 109
-96 230 110
-96 230 111
-96 231 96
-96 231 97
-96 231 98
-96 231 99
-96 231 100
-96 231 101
-96 231 102
-96 231 103
-96 231 104
-96 231 105
-96 231 106
-96 231 107
-96 231 108
-96 231 109
-96 231 110
-96 231 111
-96 232 96
-96 232 97
-96 232 98
-96 232 99
-96 232 100
-96 232 101
-96 232 102
-96 232 103
-96 232 104
-96 232 105
-96 232 106
-96 232 107
-96 232 108
-96 232 109
-96 232 110
-96 232 111
-96 233 96
-96 233 97
-96 233 98
-96 233 99
-96 233 100
-96 233 101
-96 233 102
-96 233 103
-96 233 104
-96 233 105
-96 233 106
-96 233 107
-96 233 108
-96 233 109
-96 233 110
-96 233 111
-96 234 96
-96 234 97
-96 234 98
-96 234 99
-96 234 100
-96 234 101
-96 234 102
-96 234 103
-96 234 104
-96 234 105
-96 234 106
-96 234 107
-96 234 108
-96 234 109
-96 234 110
-96 234 111
-96 235 96
-96 235 97
-96 235 98
-96 235 99
-96 235 100
-96 235 101
-96 235 102
-96 235 103
-96 235 104
-96 235 105
-96 235 106
-96 235 107
-96 235 108
-96 235 109
-96 235 110
-96 235 111
-96 236 96
-96 236 97
-96 236 98
-96 236 99
-96 236 100
-96 236 101
-96 236 102
-96 236 103
-96 236 104
-96 236 105
-96 236 106
-96 236 107
-96 236 109
-96 236 110
-96 237 96
-96 237 97
-96 237 98
-96 237 99
-96 237 100
-96 237 101
-96 237 102
-96 237 103
-96 237 107
-96 237 109
-96 238 96
-96 238 97
-96 238 98
-96 238 99
-96 238 100
-96 238 101
-96 238 102
-96 238 103
-96 238 104
-96 238 107
-96 239 96
-96 239 97
-96 239 98
-96 239 99
-96 239 100
-96 239 101
-96 239 102
-96 239 103
-96 240 96
-96 240 97
-96 240 98
-96 240 99
-96 240 100
-96 240 101
-96 240 102
-96 240 103
-96 241 96
-96 241 97
-96 241 98
-96 241 99
-96 241 100
-96 241 101
-96 241 102
-96 242 96
-96 242 97
-96 242 98
-96 242 99
-96 242 100
-96 243 96
-96 243 98
-96 244 98
-95 225 96
-95 225 97
-95 225 98
-95 225 106
-95 225 107
-95 225 108
-95 225 109
-95 226 96
-95 226 97
-95 226 98
-95 226 104
-95 226 105
-95 226 106
-95 226 107
-95 226 108
-95 226 109
-95 227 96
-95 227 97
-95 227 98
-95 227 103
-95 227 104
-95 227 105
-95 227 106
-95 227 107
-95 227 108
-95 227 109
-95 227 110
-95 227 111
-95 228 96
-95 228 97
-95 228 98
-95 228 99
-95 228 105
-95 228 106
-95 228 107
-95 228 108
-95 228 109
-95 228 110
-95 228 111
-95 229 96
-95 229 97
-95 229 98
-95 229 99
-95 229 100
-95 229 102
-95 229 103
-95 229 104
-95 229 105
-95 229 106
-95 229 107
-95 229 108
-95 229 109
-95 229 110
-95 229 111
-95 230 96
-95 230 97
-95 230 98
-95 230 99
-95 230 101
-95 230 102
-95 230 103
-95 230 104
-95 230 105
-95 230 106
-95 230 107
-95 230 108
-95 230 109
-95 230 110
-95 230 111
-95 231 96
-95 231 97
-95 231 98
-95 231 99
-95 231 100
-95 231 101
-95 231 102
-95 231 103
-95 231 104
-95 231 105
-95 231 106
-95 231 107
-95 231 108
-95 231 109
-95 231 110
-95 231 111
-95 232 96
-95 232 97
-95 232 98
-95 232 99
-95 232 100
-95 232 101
-95 232 102
-95 232 103
-95 232 104
-95 232 105
-95 232 106
-95 232 107
-95 232 108
-95 232 109
-95 232 110
-95 232 111
-95 233 96
-95 233 97
-95 233 98
-95 233 99
-95 233 100
-95 233 101
-95 233 102
-95 233 103
-95 233 104
-95 233 105
-95 233 106
-95 233 107
-95 233 108
-95 233 109
-95 233 110
-95 233 111
-95 234 96
-95 234 97
-95 234 98
-95 234 99
-95 234 100
-95 234 101
-95 234 102
-95 234 103
-95 234 104
-95 234 105
-95 234 106
-95 234 107
-95 234 108
-95 234 109
-95 234 110
-95 234 111
-95 235 96
-95 235 97
-95 235 98
-95 235 99
-95 235 100
-95 235 101
-95 235 102
-95 235 103
-95 235 104
-95 235 105
-95 235 106
-95 235 107
-95 235 108
-95 235 109
-95 235 110
-95 235 111
-95 236 96
-95 236 97
-95 236 98
-95 236 99
-95 236 100
-95 236 101
-95 236 102
-95 236 103
-95 236 104
-95 236 105
-95 236 106
-95 236 107
-95 236 108
-95 236 109
-95 236 110
-95 237 96
-95 237 97
-95 237 98
-95 237 99
-95 237 100
-95 237 101
-95 237 102
-95 237 103
-95 237 104
-95 237 105
-95 237 106
-95 237 107
-95 237 109
-95 238 96
-95 238 97
-95 238 98
-95 238 99
-95 238 100
-95 238 101
-95 238 102
-95 238 103
-95 238 104
-95 238 105
-95 238 107
-95 239 96
-95 239 97
-95 239 98
-95 239 99
-95 239 100
-95 239 101
-95 239 102
-95 239 104
-95 240 96
-95 240 97
-95 240 98
-95 240 99
-95 240 100
-95 240 101
-95 240 102
-95 241 96
-95 241 97
-95 241 98
-95 241 99
-95 241 100
-95 242 96
-95 242 98
-95 242 99
-95 242 100
-95 243 98
-94 225 96
-94 225 97
-94 225 106
-94 225 107
-94 225 108
-94 225 109
-94 225 110
-94 226 96
-94 226 97
-94 226 98
-94 226 105
-94 226 106
-94 226 107
-94 226 108
-94 226 109
-94 226 110
-94 226 111
-94 227 96
-94 227 97
-94 227 98
-94 227 105
-94 227 106
-94 227 107
-94 227 108
-94 227 109
-94 227 110
-94 227 111
-94 228 96
-94 228 97
-94 228 98
-94 228 99
-94 228 100
-94 228 101
-94 228 103
-94 228 105
-94 228 106
-94 228 107
-94 228 108
-94 228 109
-94 228 110
-94 228 111
-94 229 96
-94 229 97
-94 229 98
-94 229 99
-94 229 100
-94 229 101
-94 229 103
-94 229 104
-94 229 105
-94 229 106
-94 229 107
-94 229 108
-94 229 109
-94 229 110
-94 229 111
-94 230 96
-94 230 97
-94 230 98
-94 230 99
-94 230 100
-94 230 101
-94 230 102
-94 230 103
-94 230 104
-94 230 105
-94 230 106
-94 230 107
-94 230 108
-94 230 109
-94 230 110
-94 230 111
-94 231 96
-94 231 97
-94 231 98
-94 231 99
-94 231 100
-94 231 101
-94 231 102
-94 231 103
-94 231 104
-94 231 105
-94 231 106
-94 231 107
-94 231 108
-94 231 109
-94 231 110
-94 231 111
-94 232 96
-94 232 97
-94 232 98
-94 232 99
-94 232 100
-94 232 101
-94 232 102
-94 232 103
-94 232 104
-94 232 105
-94 232 106
-94 232 107
-94 232 108
-94 232 109
-94 232 110
-94 232 111
-94 233 96
-94 233 97
-94 233 98
-94 233 99
-94 233 100
-94 233 101
-94 233 102
-94 233 103
-94 233 104
-94 233 105
-94 233 106
-94 233 107
-94 233 108
-94 233 109
-94 233 110
-94 233 111
-94 234 96
-94 234 97
-94 234 98
-94 234 99
-94 234 100
-94 234 101
-94 234 102
-94 234 103
-94 234 104
-94 234 105
-94 234 106
-94 234 107
-94 234 108
-94 234 109
-94 234 110
-94 234 111
-94 235 96
-94 235 97
-94 235 98
-94 235 99
-94 235 100
-94 235 101
-94 235 102
-94 235 103
-94 235 104
-94 235 105
-94 235 106
-94 235 107
-94 235 108
-94 235 109
-94 235 110
-94 235 111
-94 236 96
-94 236 97
-94 236 98
-94 236 99
-94 236 100
-94 236 101
-94 236 102
-94 236 103
-94 236 104
-94 236 105
-94 236 106
-94 236 107
-94 236 108
-94 236 109
-94 236 110
-94 237 96
-94 237 97
-94 237 98
-94 237 99
-94 237 100
-94 237 101
-94 237 102
-94 237 103
-94 237 104
-94 237 105
-94 237 107
-94 237 108
-94 237 109
-94 238 96
-94 238 97
-94 238 98
-94 238 99
-94 238 100
-94 238 101
-94 238 102
-94 238 107
-94 238 108
-94 238 109
-94 239 96
-94 239 97
-94 239 98
-94 239 99
-94 239 100
-94 239 101
-94 239 102
-94 240 96
-94 240 97
-94 240 98
-94 240 99
-94 240 100
-94 240 101
-94 240 102
-94 241 96
-94 241 97
-94 241 98
-94 241 99
-94 241 100
-94 242 97
-93 225 96
-93 225 107
-93 225 109
-93 226 96
-93 226 98
-93 226 106
-93 226 107
-93 226 109
-93 226 110
-93 227 96
-93 227 97
-93 227 98
-93 227 100
-93 227 105
-93 227 106
-93 227 107
-93 227 108
-93 227 109
-93 227 110
-93 228 96
-93 228 97
-93 228 98
-93 228 99
-93 228 100
-93 228 102
-93 228 103
-93 228 104
-93 228 105
-93 228 106
-93 228 107
-93 228 108
-93 228 109
-93 228 110
-93 228 111
-93 229 96
-93 229 97
-93 229 98
-93 229 99
-93 229 100
-93 229 103
-93 229 104
-93 229 105
-93 229 106
-93 229 107
-93 229 108
-93 229 109
-93 229 110
-93 229 111
-93 230 96
-93 230 97
-93 230 98
-93 230 99
-93 230 100
-93 230 101
-93 230 102
-93 230 103
-93 230 104
-93 230 105
-93 230 106
-93 230 107
-93 230 108
-93 230 109
-93 230 110
-93 230 111
-93 231 96
-93 231 97
-93 231 98
-93 231 99
-93 231 100
-93 231 101
-93 231 102
-93 231 103
-93 231 104
-93 231 105
-93 231 106
-93 231 107
-93 231 108
-93 231 109
-93 231 110
-93 231 111
-93 232 96
-93 232 97
-93 232 98
-93 232 99
-93 232 100
-93 232 101
-93 232 102
-93 232 103
-93 232 104
-93 232 105
-93 232 106
-93 232 107
-93 232 108
-93 232 109
-93 232 110
-93 232 111
-93 233 96
-93 233 97
-93 233 98
-93 233 99
-93 233 100
-93 233 101
-93 233 102
-93 233 103
-93 233 104
-93 233 105
-93 233 106
-93 233 107
-93 233 108
-93 233 109
-93 233 110
-93 233 111
-93 234 96
-93 234 97
-93 234 98
-93 234 99
-93 234 100
-93 234 101
-93 234 102
-93 234 103
-93 234 104
-93 234 105
-93 234 106
-93 234 107
-93 234 108
-93 234 109
-93 234 110
-93 234 111
-93 235 96
-93 235 97
-93 235 98
-93 235 99
-93 235 100
-93 235 101
-93 235 102
-93 235 103
-93 235 104
-93 235 105
-93 235 106
-93 235 107
-93 235 108
-93 235 109
-93 235 110
-93 235 111
-93 236 96
-93 236 97
-93 236 98
-93 236 99
-93 236 100
-93 236 101
-93 236 102
-93 236 103
-93 236 104
-93 236 105
-93 236 106
-93 236 107
-93 236 108
-93 236 109
-93 236 110
-93 236 111
-93 237 96
-93 237 97
-93 237 98
-93 237 99
-93 237 100
-93 237 101
-93 237 102
-93 237 104
-93 237 105
-93 237 108
-93 237 111
-93 238 96
-93 238 97
-93 238 98
-93 238 99
-93 238 100
-93 238 101
-93 238 102
-93 238 105
-93 238 106
-93 239 96
-93 239 97
-93 239 98
-93 239 99
-93 239 100
-93 239 101
-93 239 105
-93 240 96
-93 240 97
-93 240 98
-93 240 99
-93 240 100
-93 240 101
-93 241 99
-92 225 107
-92 226 97
-92 226 105
-92 226 106
-92 226 107
-92 226 109
-92 226 111
-92 227 96
-92 227 97
-92 227 98
-92 227 99
-92 227 103
-92 227 104
-92 227 105
-92 227 106
-92 227 107
-92 227 108
-92 227 109
-92 227 110
-92 227 111
-92 228 96
-92 228 97
-92 228 98
-92 228 99
-92 228 100
-92 228 101
-92 228 103
-92 228 105
-92 228 106
-92 228 107
-92 228 108
-92 228 109
-92 228 110
-92 228 111
-92 229 96
-92 229 97
-92 229 98
-92 229 99
-92 229 100
-92 229 101
-92 229 102
-92 229 103
-92 229 104
-92 229 105
-92 229 106
-92 229 107
-92 229 108
-92 229 109
-92 229 110
-92 229 111
-92 230 96
-92 230 97
-92 230 98
-92 230 99
-92 230 100
-92 230 101
-92 230 102
-92 230 103
-92 230 104
-92 230 105
-92 230 106
-92 230 107
-92 230 108
-92 230 109
-92 230 110
-92 230 111
-92 231 96
-92 231 97
-92 231 98
-92 231 99
-92 231 100
-92 231 101
-92 231 102
-92 231 103
-92 231 104
-92 231 105
-92 231 106
-92 231 107
-92 231 108
-92 231 109
-92 231 110
-92 231 111
-92 232 96
-92 232 97
-92 232 98
-92 232 99
-92 232 100
-92 232 101
-92 232 102
-92 232 103
-92 232 104
-92 232 105
-92 232 106
-92 232 107
-92 232 108
-92 232 109
-92 232 110
-92 232 111
-92 233 96
-92 233 97
-92 233 98
-92 233 99
-92 233 100
-92 233 101
-92 233 102
-92 233 103
-92 233 104
-92 233 105
-92 233 106
-92 233 107
-92 233 108
-92 233 109
-92 233 110
-92 233 111
-92 234 96
-92 234 97
-92 234 98
-92 234 99
-92 234 100
-92 234 101
-92 234 102
-92 234 103
-92 234 104
-92 234 105
-92 234 106
-92 234 107
-92 234 108
-92 234 109
-92 234 110
-92 234 111
-92 235 96
-92 235 97
-92 235 98
-92 235 99
-92 235 100
-92 235 101
-92 235 102
-92 235 103
-92 235 104
-92 235 105
-92 235 106
-92 235 107
-92 235 108
-92 235 109
-92 235 111
-92 236 96
-92 236 97
-92 236 98
-92 236 99
-92 236 100
-92 236 101
-92 236 102
-92 236 103
-92 236 105
-92 236 107
-92 236 108
-92 236 109
-92 236 110
-92 236 111
-92 237 96
-92 237 97
-92 237 98
-92 237 99
-92 237 100
-92 237 101
-92 237 102
-92 237 103
-92 237 105
-92 237 106
-92 237 107
-92 237 110
-92 237 111
-92 238 96
-92 238 97
-92 238 98
-92 238 99
-92 238 100
-92 238 101
-92 238 102
-92 238 104
-92 238 105
-92 238 107
-92 238 111
-92 239 96
-92 239 97
-92 239 98
-92 239 100
-92 239 102
-92 240 98
-92 240 99
-91 225 104
-91 225 106
-91 225 107
-91 225 108
-91 226 96
-91 226 97
-91 226 104
-91 226 105
-91 226 106
-91 226 107
-91 226 108
-91 226 110
-91 226 111
-91 227 96
-91 227 97
-91 227 98
-91 227 103
-91 227 104
-91 227 105
-91 227 106
-91 227 108
-91 227 109
-91 227 110
-91 227 111
-91 228 96
-91 228 97
-91 228 98
-91 228 99
-91 228 100
-91 228 101
-91 228 102
-91 228 103
-91 228 104
-91 228 106
-91 228 108
-91 228 109
-91 228 110
-91 228 111
-91 229 96
-91 229 97
-91 229 98
-91 229 99
-91 229 100
-91 229 101
-91 229 102
-91 229 103
-91 229 104
-91 229 105
-91 229 106
-91 229 107
-91 229 108
-91 229 109
-91 229 110
-91 229 111
-91 230 96
-91 230 97
-91 230 98
-91 230 99
-91 230 100
-91 230 101
-91 230 102
-91 230 103
-91 230 104
-91 230 105
-91 230 106
-91 230 107
-91 230 108
-91 230 109
-91 230 110
-91 230 111
-91 231 96
-91 231 97
-91 231 98
-91 231 99
-91 231 100
-91 231 101
-91 231 102
-91 231 103
-91 231 104
-91 231 105
-91 231 106
-91 231 107
-91 231 108
-91 231 109
-91 231 110
-91 231 111
-91 232 96
-91 232 97
-91 232 98
-91 232 99
-91 232 100
-91 232 101
-91 232 102
-91 232 103
-91 232 104
-91 232 105
-91 232 106
-91 232 107
-91 232 108
-91 232 109
-91 232 110
-91 232 111
-91 233 96
-91 233 97
-91 233 98
-91 233 99
-91 233 100
-91 233 101
-91 233 102
-91 233 103
-91 233 104
-91 233 105
-91 233 106
-91 233 107
-91 233 108
-91 233 109
-91 233 110
-91 233 111
-91 234 96
-91 234 97
-91 234 98
-91 234 99
-91 234 100
-91 234 101
-91 234 102
-91 234 103
-91 234 104
-91 234 105
-91 234 106
-91 234 107
-91 234 108
-91 234 109
-91 234 110
-91 234 111
-91 235 96
-91 235 97
-91 235 98
-91 235 99
-91 235 100
-91 235 101
-91 235 102
-91 235 103
-91 235 104
-91 235 105
-91 235 106
-91 235 107
-91 235 108
-91 235 109
-91 235 110
-91 235 111
-91 236 96
-91 236 97
-91 236 98
-91 236 99
-91 236 100
-91 236 101
-91 236 102
-91 236 103
-91 236 104
-91 236 105
-91 236 108
-91 236 109
-91 236 110
-91 236 111
-91 237 96
-91 237 97
-91 237 98
-91 237 99
-91 237 100
-91 237 101
-91 237 102
-91 237 103
-91 237 104
-91 237 109
-91 237 110
-91 237 111
-91 238 96
-91 238 97
-91 238 98
-91 238 99
-91 238 100
-91 238 101
-91 238 102
-91 238 104
-91 238 109
-91 238 110
-91 238 111
-91 239 96
-91 239 110
-90 225 107
-90 225 108
-90 225 109
-90 226 104
-90 226 108
-90 226 109
-90 226 110
-90 226 111
-90 227 96
-90 227 103
-90 227 106
-90 227 107
-90 227 109
-90 227 110
-90 227 111
-90 228 96
-90 228 97
-90 228 103
-90 228 104
-90 228 105
-90 228 106
-90 228 107
-90 228 108
-90 228 109
-90 228 110
-90 228 111
-90 229 96
-90 229 97
-90 229 98
-90 229 100
-90 229 103
-90 229 105
-90 229 106
-90 229 107
-90 229 108
-90 229 109
-90 229 110
-90 229 111
-90 230 96
-90 230 97
-90 230 98
-90 230 99
-90 230 100
-90 230 101
-90 230 102
-90 230 103
-90 230 104
-90 230 105
-90 230 107
-90 230 108
-90 230 109
-90 230 110
-90 230 111
-90 231 96
-90 231 97
-90 231 98
-90 231 99
-90 231 100
-90 231 101
-90 231 102
-90 231 103
-90 231 104
-90 231 105
-90 231 106
-90 231 107
-90 231 108
-90 231 109
-90 231 110
-90 231 111
-90 232 96
-90 232 97
-90 232 98
-90 232 99
-90 232 100
-90 232 101
-90 232 102
-90 232 103
-90 232 104
-90 232 105
-90 232 106
-90 232 107
-90 232 108
-90 232 109
-90 232 110
-90 232 111
-90 233 96
-90 233 97
-90 233 98
-90 233 99
-90 233 100
-90 233 101
-90 233 102
-90 233 103
-90 233 104
-90 233 105
-90 233 106
-90 233 107
-90 233 108
-90 233 109
-90 233 110
-90 233 111
-90 234 96
-90 234 97
-90 234 98
-90 234 99
-90 234 100
-90 234 101
-90 234 102
-90 234 103
-90 234 104
-90 234 105
-90 234 106
-90 234 107
-90 234 108
-90 234 109
-90 234 110
-90 234 111
-90 235 96
-90 235 97
-90 235 98
-90 235 99
-90 235 100
-90 235 101
-90 235 102
-90 235 103
-90 235 104
-90 235 105
-90 235 106
-90 235 107
-90 235 108
-90 235 109
-90 235 110
-90 235 111
-90 236 96
-90 236 97
-90 236 98
-90 236 99
-90 236 100
-90 236 101
-90 236 102
-90 236 103
-90 236 104
-90 236 105
-90 236 107
-90 236 109
-90 236 110
-90 236 111
-90 237 96
-90 237 97
-90 237 98
-90 237 99
-90 237 100
-90 237 101
-90 237 102
-90 237 103
-90 237 104
-90 237 108
-90 237 109
-90 237 110
-90 237 111
-90 238 96
-90 238 97
-90 238 98
-90 238 99
-90 238 100
-90 238 101
-90 238 102
-90 238 110
-90 238 111
-90 239 96
-90 239 98
-90 239 99
-90 239 101
-90 239 110
-90 239 111
-90 240 100
-90 240 108
-90 240 109
-90 240 111
-89 226 111
-89 227 96
-89 227 108
-89 227 109
-89 227 110
-89 227 111
-89 228 96
-89 228 104
-89 228 105
-89 228 106
-89 228 107
-89 228 108
-89 228 109
-89 228 110
-89 228 111
-89 229 96
-89 229 97
-89 229 101
-89 229 103
-89 229 104
-89 229 105
-89 229 106
-89 229 107
-89 229 108
-89 229 109
-89 229 110
-89 229 111
-89 230 96
-89 230 97
-89 230 98
-89 230 99
-89 230 100
-89 230 101
-89 230 102
-89 230 103
-89 230 104
-89 230 105
-89 230 106
-89 230 107
-89 230 108
-89 230 109
-89 230 110
-89 230 111
-89 231 96
-89 231 97
-89 231 98
-89 231 99
-89 231 100
-89 231 101
-89 231 102
-89 231 103
-89 231 104
-89 231 105
-89 231 106
-89 231 107
-89 231 108
-89 231 109
-89 231 110
-89 231 111
-89 232 96
-89 232 97
-89 232 98
-89 232 99
-89 232 100
-89 232 101
-89 232 102
-89 232 103
-89 232 104
-89 232 105
-89 232 106
-89 232 107
-89 232 108
-89 232 109
-89 232 110
-89 232 111
-89 233 96
-89 233 97
-89 233 98
-89 233 99
-89 233 100
-89 233 101
-89 233 102
-89 233 103
-89 233 104
-89 233 105
-89 233 106
-89 233 107
-89 233 108
-89 233 109
-89 233 110
-89 233 111
-89 234 96
-89 234 97
-89 234 98
-89 234 99
-89 234 100
-89 234 101
-89 234 102
-89 234 103
-89 234 104
-89 234 105
-89 234 106
-89 234 107
-89 234 108
-89 234 109
-89 234 110
-89 234 111
-89 235 96
-89 235 97
-89 235 98
-89 235 99
-89 235 100
-89 235 101
-89 235 102
-89 235 103
-89 235 104
-89 235 105
-89 235 106
-89 235 107
-89 235 108
-89 235 109
-89 235 110
-89 235 111
-89 236 96
-89 236 97
-89 236 98
-89 236 99
-89 236 100
-89 236 101
-89 236 102
-89 236 103
-89 236 104
-89 236 105
-89 236 106
-89 236 107
-89 236 108
-89 236 109
-89 236 110
-89 236 111
-89 237 96
-89 237 97
-89 237 98
-89 237 99
-89 237 100
-89 237 101
-89 237 102
-89 237 103
-89 237 105
-89 237 107
-89 237 108
-89 237 110
-89 237 111
-89 238 96
-89 238 97
-89 238 98
-89 238 99
-89 238 100
-89 238 101
-89 238 102
-89 238 103
-89 238 104
-89 238 105
-89 238 106
-89 238 107
-89 238 110
-89 238 111
-89 239 96
-89 239 97
-89 239 98
-89 239 99
-89 239 101
-89 239 107
-89 239 110
-89 239 111
-89 240 97
-89 240 99
-89 240 100
-89 240 101
-89 240 107
-89 240 108
-89 240 109
-89 240 110
-89 240 111
-89 241 110
-89 241 111
-88 225 111
-88 226 108
-88 226 110
-88 226 111
-88 227 106
-88 227 107
-88 227 108
-88 227 109
-88 227 110
-88 227 111
-88 228 96
-88 228 106
-88 228 107
-88 228 108
-88 228 109
-88 228 110
-88 228 111
-88 229 96
-88 229 99
-88 229 100
-88 229 101
-88 229 102
-88 229 103
-88 229 104
-88 229 107
-88 229 108
-88 229 109
-88 229 110
-88 229 111
-88 230 96
-88 230 97
-88 230 98
-88 230 99
-88 230 100
-88 230 102
-88 230 103
-88 230 104
-88 230 105
-88 230 106
-88 230 107
-88 230 108
-88 230 109
-88 230 110
-88 230 111
-88 231 96
-88 231 97
-88 231 98
-88 231 99
-88 231 100
-88 231 101
-88 231 102
-88 231 103
-88 231 104
-88 231 105
-88 231 106
-88 231 107
-88 231 108
-88 231 109
-88 231 110
-88 231 111
-88 232 96
-88 232 97
-88 232 98
-88 232 99
-88 232 100
-88 232 101
-88 232 102
-88 232 103
-88 232 104
-88 232 105
-88 232 106
-88 232 107
-88 232 108
-88 232 109
-88 232 110
-88 232 111
-88 233 96
-88 233 97
-88 233 98
-88 233 99
-88 233 100
-88 233 101
-88 233 102
-88 233 103
-88 233 104
-88 233 105
-88 233 106
-88 233 107
-88 233 108
-88 233 109
-88 233 110
-88 233 111
-88 234 96
-88 234 97
-88 234 98
-88 234 99
-88 234 100
-88 234 101
-88 234 102
-88 234 103
-88 234 104
-88 234 105
-88 234 106
-88 234 107
-88 234 108
-88 234 109
-88 234 110
-88 234 111
-88 235 96
-88 235 97
-88 235 98
-88 235 99
-88 235 100
-88 235 101
-88 235 102
-88 235 103
-88 235 104
-88 235 105
-88 235 106
-88 235 107
-88 235 108
-88 235 109
-88 235 110
-88 235 111
-88 236 96
-88 236 97
-88 236 98
-88 236 99
-88 236 100
-88 236 101
-88 236 102
-88 236 103
-88 236 104
-88 236 105
-88 236 106
-88 236 107
-88 236 108
-88 236 109
-88 236 110
-88 236 111
-88 237 96
-88 237 97
-88 237 98
-88 237 99
-88 237 100
-88 237 101
-88 237 102
-88 237 103
-88 237 104
-88 237 105
-88 237 106
-88 237 107
-88 237 108
-88 237 109
-88 237 110
-88 237 111
-88 238 96
-88 238 97
-88 238 98
-88 238 99
-88 238 101
-88 238 103
-88 238 104
-88 238 105
-88 238 106
-88 238 107
-88 238 108
-88 238 109
-88 238 110
-88 238 111
-88 239 96
-88 239 97
-88 239 98
-88 239 99
-88 239 100
-88 239 101
-88 239 102
-88 239 105
-88 239 106
-88 239 107
-88 239 108
-88 239 109
-88 239 110
-88 239 111
-88 240 98
-88 240 99
-88 240 100
-88 240 101
-88 240 102
-88 240 107
-88 240 108
-88 240 109
-88 240 110
-88 240 111
-88 241 99
-88 241 107
-88 241 108
-88 241 109
-88 241 110
-88 241 111
-88 242 109
-88 242 110
-88 242 111
-88 243 109
-87 225 108
-87 225 109
-87 225 110
-87 225 111
-87 226 107
-87 226 108
-87 226 109
-87 226 111
-87 227 108
-87 227 109
-87 227 110
-87 227 111
-87 228 100
-87 228 106
-87 228 107
-87 228 108
-87 228 109
-87 228 110
-87 228 111
-87 229 96
-87 229 100
-87 229 102
-87 229 104
-87 229 105
-87 229 106
-87 229 108
-87 229 109
-87 229 110
-87 229 111
-87 230 97
-87 230 98
-87 230 99
-87 230 100
-87 230 101
-87 230 102
-87 230 103
-87 230 104
-87 230 105
-87 230 106
-87 230 107
-87 230 108
-87 230 109
-87 230 110
-87 230 111
-87 231 96
-87 231 97
-87 231 98
-87 231 99
-87 231 100
-87 231 101
-87 231 102
-87 231 103
-87 231 104
-87 231 105
-87 231 106
-87 231 107
-87 231 108
-87 231 109
-87 231 110
-87 231 111
-87 232 96
-87 232 97
-87 232 98
-87 232 99
-87 232 100
-87 232 101
-87 232 102
-87 232 103
-87 232 104
-87 232 105
-87 232 106
-87 232 107
-87 232 108
-87 232 109
-87 232 110
-87 232 111
-87 233 96
-87 233 97
-87 233 99
-87 233 100
-87 233 101
-87 233 102
-87 233 103
-87 233 104
-87 233 105
-87 233 106
-87 233 107
-87 233 108
-87 233 109
-87 233 110
-87 233 111
-87 234 96
-87 234 97
-87 234 98
-87 234 99
-87 234 100
-87 234 101
-87 234 102
-87 234 103
-87 234 104
-87 234 105
-87 234 106
-87 234 107
-87 234 108
-87 234 109
-87 234 110
-87 234 111
-87 235 96
-87 235 97
-87 235 98
-87 235 99
-87 235 100
-87 235 101
-87 235 102
-87 235 103
-87 235 104
-87 235 105
-87 235 106
-87 235 107
-87 235 108
-87 235 109
-87 235 110
-87 235 111
-87 236 96
-87 236 97
-87 236 98
-87 236 99
-87 236 100
-87 236 101
-87 236 102
-87 236 103
-87 236 104
-87 236 105
-87 236 106
-87 236 107
-87 236 108
-87 236 109
-87 236 110
-87 236 111
-87 237 96
-87 237 97
-87 237 98
-87 237 99
-87 237 100
-87 237 101
-87 237 102
-87 237 104
-87 237 105
-87 237 106
-87 237 107
-87 237 108
-87 237 109
-87 237 110
-87 237 111
-87 238 96
-87 238 97
-87 238 98
-87 238 99
-87 238 100
-87 238 101
-87 238 104
-87 238 105
-87 238 106
-87 238 107
-87 238 108
-87 238 109
-87 238 110
-87 238 111
-87 239 96
-87 239 97
-87 239 98
-87 239 99
-87 239 100
-87 239 101
-87 239 102
-87 239 107
-87 239 109
-87 239 110
-87 239 111
-87 240 96
-87 240 98
-87 240 99
-87 240 101
-87 240 107
-87 240 109
-87 240 110
-87 240 111
-87 241 98
-87 241 107
-87 241 108
-87 241 109
-87 241 110
-87 241 111
-87 242 107
-87 242 108
-87 242 109
-87 242 110
-87 243 108
-87 243 109
-87 243 110
-87 244 111
-86 225 107
-86 225 109
-86 225 110
-86 225 111
-86 226 106
-86 226 107
-86 226 109
-86 226 110
-86 226 111
-86 227 107
-86 227 108
-86 227 109
-86 227 111
-86 228 104
-86 228 106
-86 228 107
-86 228 108
-86 228 109
-86 228 110
-86 228 111
-86 229 100
-86 229 104
-86 229 106
-86 229 107
-86 229 108
-86 229 109
-86 229 110
-86 229 111
-86 230 96
-86 230 97
-86 230 99
-86 230 100
-86 230 101
-86 230 102
-86 230 103
-86 230 104
-86 230 105
-86 230 106
-86 230 107
-86 230 108
-86 230 109
-86 230 110
-86 230 111
-86 231 96
-86 231 97
-86 231 98
-86 231 99
-86 231 100
-86 231 101
-86 231 102
-86 231 103
-86 231 104
-86 231 105
-86 231 106
-86 231 107
-86 231 108
-86 231 109
-86 231 110
-86 231 111
-86 232 96
-86 232 97
-86 232 98
-86 232 99
-86 232 100
-86 232 101
-86 232 102
-86 232 103
-86 232 104
-86 232 105
-86 232 106
-86 232 107
-86 232 108
-86 232 109
-86 232 110
-86 232 111
-86 233 96
-86 233 97
-86 233 98
-86 233 99
-86 233 100
-86 233 101
-86 233 102
-86 233 103
-86 233 104
-86 233 105
-86 233 106
-86 233 107
-86 233 108
-86 233 109
-86 233 110
-86 233 111
-86 234 96
-86 234 97
-86 234 98
-86 234 99
-86 234 100
-86 234 101
-86 234 102
-86 234 103
-86 234 104
-86 234 105
-86 234 106
-86 234 107
-86 234 108
-86 234 109
-86 234 110
-86 234 111
-86 235 96
-86 235 97
-86 235 98
-86 235 99
-86 235 100
-86 235 101
-86 235 102
-86 235 103
-86 235 104
-86 235 105
-86 235 106
-86 235 107
-86 235 108
-86 235 109
-86 235 110
-86 235 111
-86 236 96
-86 236 97
-86 236 98
-86 236 99
-86 236 100
-86 236 101
-86 236 102
-86 236 103
-86 236 104
-86 236 105
-86 236 106
-86 236 107
-86 236 108
-86 236 109
-86 236 110
-86 236 111
-86 237 96
-86 237 97
-86 237 98
-86 237 99
-86 237 100
-86 237 101
-86 237 102
-86 237 103
-86 237 105
-86 237 106
-86 237 107
-86 237 108
-86 237 109
-86 237 110
-86 237 111
-86 238 96
-86 238 97
-86 238 98
-86 238 99
-86 238 100
-86 238 101
-86 238 102
-86 238 103
-86 238 106
-86 238 107
-86 238 108
-86 238 109
-86 238 110
-86 238 111
-86 239 96
-86 239 97
-86 239 98
-86 239 99
-86 239 100
-86 239 102
-86 239 105
-86 239 106
-86 239 107
-86 239 108
-86 239 109
-86 239 110
-86 239 111
-86 240 97
-86 240 98
-86 240 99
-86 240 100
-86 240 105
-86 240 106
-86 240 107
-86 240 108
-86 240 109
-86 240 110
-86 240 111
-86 241 106
-86 241 107
-86 241 108
-86 241 109
-86 241 110
-86 242 108
-86 242 109
-86 242 110
-86 242 111
-86 243 108
-86 243 109
-86 243 110
-86 243 111
-86 244 111
-86 245 111
-85 225 108
-85 225 109
-85 225 110
-85 225 111
-85 226 108
-85 226 109
-85 226 110
-85 226 111
-85 227 107
-85 227 108
-85 227 109
-85 227 110
-85 227 111
-85 228 99
-85 228 104
-85 228 107
-85 228 108
-85 228 109
-85 228 110
-85 228 111
-85 229 99
-85 229 104
-85 229 105
-85 229 106
-85 229 107
-85 229 108
-85 229 109
-85 229 110
-85 229 111
-85 230 98
-85 230 99
-85 230 100
-85 230 101
-85 230 103
-85 230 104
-85 230 105
-85 230 106
-85 230 107
-85 230 108
-85 230 109
-85 230 110
-85 230 111
-85 231 96
-85 231 97
-85 231 98
-85 231 99
-85 231 101
-85 231 102
-85 231 103
-85 231 104
-85 231 105
-85 231 106
-85 231 107
-85 231 108
-85 231 109
-85 231 110
-85 231 111
-85 232 96
-85 232 97
-85 232 98
-85 232 99
-85 232 100
-85 232 101
-85 232 102
-85 232 103
-85 232 104
-85 232 105
-85 232 106
-85 232 107
-85 232 108
-85 232 109
-85 232 110
-85 232 111
-85 233 96
-85 233 97
-85 233 98
-85 233 99
-85 233 100
-85 233 101
-85 233 102
-85 233 103
-85 233 104
-85 233 105
-85 233 106
-85 233 107
-85 233 108
-85 233 109
-85 233 110
-85 233 111
-85 234 96
-85 234 97
-85 234 98
-85 234 99
-85 234 100
-85 234 101
-85 234 102
-85 234 103
-85 234 104
-85 234 105
-85 234 106
-85 234 107
-85 234 108
-85 234 109
-85 234 110
-85 234 111
-85 235 96
-85 235 97
-85 235 98
-85 235 99
-85 235 100
-85 235 101
-85 235 102
-85 235 103
-85 235 104
-85 235 105
-85 235 106
-85 235 107
-85 235 108
-85 235 109
-85 235 110
-85 235 111
-85 236 96
-85 236 97
-85 236 98
-85 236 99
-85 236 100
-85 236 101
-85 236 102
-85 236 103
-85 236 104
-85 236 105
-85 236 106
-85 236 107
-85 236 108
-85 236 109
-85 236 110
-85 236 111
-85 237 96
-85 237 97
-85 237 98
-85 237 99
-85 237 100
-85 237 101
-85 237 102
-85 237 103
-85 237 104
-85 237 105
-85 237 106
-85 237 107
-85 237 108
-85 237 109
-85 237 110
-85 237 111
-85 238 96
-85 238 97
-85 238 98
-85 238 99
-85 238 100
-85 238 101
-85 238 102
-85 238 103
-85 238 104
-85 238 105
-85 238 107
-85 238 108
-85 238 109
-85 238 110
-85 238 111
-85 239 97
-85 239 98
-85 239 99
-85 239 100
-85 239 101
-85 239 102
-85 239 103
-85 239 106
-85 239 107
-85 239 108
-85 239 109
-85 239 110
-85 239 111
-85 240 96
-85 240 97
-85 240 98
-85 240 99
-85 240 100
-85 240 101
-85 240 102
-85 240 106
-85 240 107
-85 240 108
-85 240 109
-85 240 110
-85 240 111
-85 241 109
-85 241 110
-85 241 111
-85 242 97
-85 242 109
-85 242 110
-85 242 111
-85 243 98
-85 243 110
-85 243 111
-85 244 111
-85 245 111
-85 246 109
-85 246 111
-85 247 109
-85 247 111
-84 225 109
-84 225 110
-84 225 111
-84 226 109
-84 226 110
-84 226 111
-84 227 107
-84 227 108
-84 227 109
-84 227 110
-84 227 111
-84 228 106
-84 228 107
-84 228 108
-84 228 109
-84 228 110
-84 228 111
-84 229 99
-84 229 105
-84 229 106
-84 229 107
-84 229 108
-84 229 109
-84 229 110
-84 229 111
-84 230 98
-84 230 101
-84 230 104
-84 230 105
-84 230 106
-84 230 107
-84 230 108
-84 230 109
-84 230 110
-84 230 111
-84 231 100
-84 231 101
-84 231 102
-84 231 103
-84 231 104
-84 231 105
-84 231 106
-84 231 107
-84 231 108
-84 231 109
-84 231 110
-84 231 111
-84 232 96
-84 232 97
-84 232 98
-84 232 99
-84 232 100
-84 232 101
-84 232 102
-84 232 103
-84 232 104
-84 232 105
-84 232 106
-84 232 107
-84 232 108
-84 232 109
-84 232 110
-84 232 111
-84 233 96
-84 233 97
-84 233 98
-84 233 99
-84 233 100
-84 233 101
-84 233 102
-84 233 103
-84 233 104
-84 233 105
-84 233 106
-84 233 107
-84 233 108
-84 233 109
-84 233 110
-84 233 111
-84 234 96
-84 234 97
-84 234 98
-84 234 99
-84 234 100
-84 234 101
-84 234 102
-84 234 103
-84 234 104
-84 234 105
-84 234 106
-84 234 107
-84 234 108
-84 234 109
-84 234 110
-84 234 111
-84 235 96
-84 235 97
-84 235 98
-84 235 99
-84 235 100
-84 235 101
-84 235 102
-84 235 103
-84 235 104
-84 235 105
-84 235 106
-84 235 107
-84 235 108
-84 235 109
-84 235 110
-84 235 111
-84 236 96
-84 236 97
-84 236 98
-84 236 99
-84 236 100
-84 236 101
-84 236 102
-84 236 103
-84 236 104
-84 236 105
-84 236 106
-84 236 107
-84 236 108
-84 236 109
-84 236 110
-84 236 111
-84 237 96
-84 237 97
-84 237 98
-84 237 99
-84 237 100
-84 237 101
-84 237 102
-84 237 103
-84 237 105
-84 237 106
-84 237 107
-84 237 108
-84 237 109
-84 237 110
-84 237 111
-84 238 96
-84 238 97
-84 238 98
-84 238 99
-84 238 100
-84 238 101
-84 238 102
-84 238 103
-84 238 104
-84 238 105
-84 238 106
-84 238 107
-84 238 108
-84 238 109
-84 238 110
-84 238 111
-84 239 96
-84 239 97
-84 239 98
-84 239 99
-84 239 100
-84 239 101
-84 239 102
-84 239 104
-84 239 106
-84 239 107
-84 239 108
-84 239 109
-84 239 110
-84 239 111
-84 240 96
-84 240 97
-84 240 98
-84 240 99
-84 240 100
-84 240 101
-84 240 102
-84 240 109
-84 240 110
-84 240 111
-84 241 96
-84 241 97
-84 241 98
-84 241 99
-84 241 100
-84 241 102
-84 241 103
-84 241 109
-84 241 110
-84 241 111
-84 242 96
-84 242 97
-84 242 98
-84 242 109
-84 242 111
-84 243 97
-84 243 98
-84 243 109
-84 243 110
-84 243 111
-84 244 98
-84 244 106
-84 244 108
-84 244 110
-84 244 111
-84 245 110
-84 245 111
-84 246 108
-84 246 109
-84 246 110
-84 247 109
-84 248 109
-83 225 110
-83 225 111
-83 226 108
-83 226 109
-83 226 110
-83 226 111
-83 227 106
-83 227 107
-83 227 108
-83 227 109
-83 227 110
-83 227 111
-83 228 106
-83 228 107
-83 228 108
-83 228 109
-83 228 110
-83 228 111
-83 229 98
-83 229 106
-83 229 107
-83 229 108
-83 229 109
-83 229 110
-83 229 111
-83 230 98
-83 230 101
-83 230 104
-83 230 105
-83 230 106
-83 230 107
-83 230 108
-83 230 109
-83 230 110
-83 230 111
-83 231 96
-83 231 97
-83 231 98
-83 231 99
-83 231 100
-83 231 101
-83 231 102
-83 231 103
-83 231 104
-83 231 105
-83 231 106
-83 231 107
-83 231 108
-83 231 109
-83 231 110
-83 231 111
-83 232 96
-83 232 97
-83 232 98
-83 232 99
-83 232 100
-83 232 101
-83 232 103
-83 232 104
-83 232 105
-83 232 106
-83 232 107
-83 232 108
-83 232 109
-83 232 110
-83 232 111
-83 233 96
-83 233 97
-83 233 98
-83 233 99
-83 233 100
-83 233 101
-83 233 102
-83 233 103
-83 233 104
-83 233 105
-83 233 106
-83 233 107
-83 233 108
-83 233 109
-83 233 110
-83 233 111
-83 234 96
-83 234 97
-83 234 98
-83 234 99
-83 234 100
-83 234 101
-83 234 102
-83 234 103
-83 234 104
-83 234 105
-83 234 106
-83 234 107
-83 234 108
-83 234 109
-83 234 110
-83 234 111
-83 235 96
-83 235 97
-83 235 98
-83 235 99
-83 235 100
-83 235 101
-83 235 102
-83 235 103
-83 235 104
-83 235 105
-83 235 106
-83 235 107
-83 235 108
-83 235 109
-83 235 110
-83 235 111
-83 236 96
-83 236 97
-83 236 98
-83 236 99
-83 236 100
-83 236 101
-83 236 102
-83 236 103
-83 236 104
-83 236 105
-83 236 106
-83 236 107
-83 236 108
-83 236 109
-83 236 110
-83 236 111
-83 237 96
-83 237 97
-83 237 98
-83 237 99
-83 237 100
-83 237 101
-83 237 102
-83 237 103
-83 237 104
-83 237 105
-83 237 106
-83 237 107
-83 237 108
-83 237 109
-83 237 110
-83 237 111
-83 238 96
-83 238 97
-83 238 98
-83 238 99
-83 238 100
-83 238 101
-83 238 102
-83 238 103
-83 238 104
-83 238 105
-83 238 106
-83 238 107
-83 238 108
-83 238 109
-83 238 110
-83 238 111
-83 239 96
-83 239 97
-83 239 98
-83 239 99
-83 239 100
-83 239 101
-83 239 102
-83 239 103
-83 239 104
-83 239 106
-83 239 107
-83 239 108
-83 239 109
-83 239 110
-83 240 96
-83 240 97
-83 240 98
-83 240 99
-83 240 100
-83 240 101
-83 240 102
-83 240 103
-83 240 104
-83 240 108
-83 240 109
-83 241 97
-83 241 98
-83 241 100
-83 241 102
-83 241 103
-83 241 104
-83 241 106
-83 241 109
-83 241 110
-83 241 111
-83 242 96
-83 242 97
-83 242 98
-83 242 108
-83 242 109
-83 242 110
-83 242 111
-83 243 96
-83 243 97
-83 243 98
-83 243 106
-83 243 107
-83 243 109
-83 243 110
-83 243 111
-83 244 98
-83 244 105
-83 244 106
-83 244 107
-83 244 108
-83 244 109
-83 244 110
-83 244 111
-83 245 108
-83 245 109
-83 245 110
-83 245 111
-83 246 108
-83 246 109
-83 246 110
-83 246 111
-83 247 109
-83 247 110
-83 247 111
-83 248 109
-82 225 110
-82 225 111
-82 226 109
-82 226 110
-82 226 111
-82 227 108
-82 227 109
-82 227 110
-82 227 111
-82 228 106
-82 228 107
-82 228 108
-82 228 109
-82 228 110
-82 228 111
-82 229 105
-82 229 106
-82 229 107
-82 229 108
-82 229 109
-82 229 110
-82 229 111
-82 230 102
-82 230 106
-82 230 107
-82 230 108
-82 230 109
-82 230 110
-82 230 111
-82 231 96
-82 231 98
-82 231 99
-82 231 100
-82 231 101
-82 231 102
-82 231 103
-82 231 104
-82 231 105
-82 231 106
-82 231 107
-82 231 108
-82 231 109
-82 231 110
-82 231 111
-82 232 96
-82 232 97
-82 232 98
-82 232 99
-82 232 100
-82 232 101
-82 232 102
-82 232 103
-82 232 104
-82 232 105
-82 232 106
-82 232 107
-82 232 108
-82 232 109
-82 232 110
-82 232 111
-82 233 96
-82 233 97
-82 233 98
-82 233 99
-82 233 100
-82 233 101
-82 233 102
-82 233 103
-82 233 104
-82 233 105
-82 233 106
-82 233 107
-82 233 108
-82 233 109
-82 233 110
-82 233 111
-82 234 96
-82 234 97
-82 234 98
-82 234 99
-82 234 100
-82 234 101
-82 234 102
-82 234 103
-82 234 104
-82 234 105
-82 234 106
-82 234 107
-82 234 108
-82 234 109
-82 234 111
-82 235 96
-82 235 97
-82 235 98
-82 235 99
-82 235 100
-82 235 101
-82 235 102
-82 235 103
-82 235 104
-82 235 105
-82 235 106
-82 235 107
-82 235 108
-82 235 109
-82 235 110
-82 235 111
-82 236 96
-82 236 97
-82 236 98
-82 236 99
-82 236 100
-82 236 101
-82 236 102
-82 236 103
-82 236 104
-82 236 105
-82 236 106
-82 236 107
-82 236 108
-82 236 109
-82 236 110
-82 236 111
-82 237 96
-82 237 97
-82 237 98
-82 237 99
-82 237 100
-82 237 101
-82 237 102
-82 237 103
-82 237 104
-82 237 105
-82 237 106
-82 237 107
-82 237 108
-82 237 109
-82 237 110
-82 237 111
-82 238 96
-82 238 97
-82 238 98
-82 238 99
-82 238 100
-82 238 101
-82 238 102
-82 238 103
-82 238 104
-82 238 105
-82 238 107
-82 238 108
-82 238 109
-82 238 110
-82 238 111
-82 239 96
-82 239 97
-82 239 98
-82 239 99
-82 239 100
-82 239 101
-82 239 102
-82 239 103
-82 239 104
-82 239 105
-82 239 109
-82 239 110
-82 239 111
-82 240 96
-82 240 97
-82 240 98
-82 240 99
-82 240 100
-82 240 101
-82 240 102
-82 240 103
-82 240 104
-82 240 107
-82 240 110
-82 240 111
-82 241 96
-82 241 97
-82 241 98
-82 241 99
-82 241 100
-82 241 101
-82 241 104
-82 241 106
-82 241 108
-82 241 109
-82 241 110
-82 241 111
-82 242 96
-82 242 97
-82 242 98
-82 242 99
-82 242 109
-82 242 110
-82 242 111
-82 243 96
-82 243 97
-82 243 98
-82 243 99
-82 243 106
-82 243 107
-82 243 108
-82 243 109
-82 243 110
-82 243 111
-82 244 97
-82 244 98
-82 244 99
-82 244 106
-82 244 107
-82 244 108
-82 244 109
-82 244 110
-82 244 111
-82 245 98
-82 245 107
-82 245 108
-82 245 109
-82 245 110
-82 245 111
-82 246 106
-82 246 107
-82 246 108
-82 246 109
-82 246 110
-82 246 111
-82 247 109
-82 247 110
-82 247 111
-82 248 109
-82 248 110
-82 248 111
-82 249 108
-82 249 109
-82 250 109
-81 225 111
-81 227 108
-81 227 109
-81 227 110
-81 228 108
-81 228 109
-81 228 110
-81 228 111
-81 229 102
-81 229 107
-81 229 108
-81 229 109
-81 229 110
-81 229 111
-81 230 97
-81 230 102
-81 230 105
-81 230 107
-81 230 108
-81 230 109
-81 230 110
-81 230 111
-81 231 96
-81 231 97
-81 231 98
-81 231 99
-81 231 100
-81 231 101
-81 231 102
-81 231 104
-81 231 106
-81 231 107
-81 231 108
-81 231 109
-81 231 110
-81 231 111
-81 232 96
-81 232 97
-81 232 98
-81 232 99
-81 232 100
-81 232 101
-81 232 102
-81 232 103
-81 232 104
-81 232 105
-81 232 106
-81 232 107
-81 232 108
-81 232 109
-81 232 110
-81 232 111
-81 233 96
-81 233 97
-81 233 98
-81 233 99
-81 233 100
-81 233 101
-81 233 102
-81 233 103
-81 233 104
-81 233 105
-81 233 106
-81 233 107
-81 233 108
-81 233 109
-81 233 110
-81 233 111
-81 234 96
-81 234 97
-81 234 98
-81 234 99
-81 234 100
-81 234 101
-81 234 102
-81 234 103
-81 234 104
-81 234 105
-81 234 106
-81 234 107
-81 234 108
-81 234 109
-81 234 110
-81 234 111
-81 235 96
-81 235 97
-81 235 98
-81 235 99
-81 235 100
-81 235 101
-81 235 102
-81 235 103
-81 235 104
-81 235 105
-81 235 106
-81 235 107
-81 235 108
-81 235 109
-81 235 110
-81 235 111
-81 236 96
-81 236 97
-81 236 98
-81 236 99
-81 236 100
-81 236 101
-81 236 102
-81 236 103
-81 236 104
-81 236 105
-81 236 106
-81 236 109
-81 236 110
-81 236 111
-81 237 96
-81 237 97
-81 237 98
-81 237 99
-81 237 100
-81 237 101
-81 237 102
-81 237 103
-81 237 104
-81 237 105
-81 237 106
-81 237 107
-81 237 108
-81 237 109
-81 237 110
-81 237 111
-81 238 96
-81 238 97
-81 238 98
-81 238 99
-81 238 100
-81 238 101
-81 238 102
-81 238 103
-81 238 106
-81 238 108
-81 238 110
-81 238 111
-81 239 96
-81 239 97
-81 239 98
-81 239 99
-81 239 100
-81 239 101
-81 239 102
-81 239 104
-81 239 106
-81 239 107
-81 239 108
-81 239 109
-81 239 110
-81 239 111
-81 240 96
-81 240 97
-81 240 98
-81 240 99
-81 240 100
-81 240 101
-81 240 102
-81 240 103
-81 240 105
-81 240 106
-81 240 107
-81 240 108
-81 240 109
-81 240 110
-81 240 111
-81 241 96
-81 241 97
-81 241 98
-81 241 99
-81 241 100
-81 241 101
-81 241 102
-81 241 106
-81 241 107
-81 241 108
-81 241 109
-81 241 110
-81 241 111
-81 242 96
-81 242 97
-81 242 98
-81 242 100
-81 242 101
-81 242 104
-81 242 106
-81 242 107
-81 242 108
-81 242 109
-81 242 110
-81 242 111
-81 243 97
-81 243 104
-81 243 106
-81 243 107
-81 243 108
-81 243 109
-81 243 110
-81 243 111
-81 244 97
-81 244 104
-81 244 106
-81 244 107
-81 244 108
-81 244 109
-81 244 110
-81 244 111
-81 245 106
-81 245 107
-81 245 108
-81 245 109
-81 245 110
-81 245 111
-81 246 107
-81 246 108
-81 246 109
-81 246 110
-81 246 111
-81 247 108
-81 247 109
-81 247 110
-81 247 111
-81 248 108
-81 248 109
-81 248 110
-81 248 111
-81 249 109
-81 250 109
-81 251 109

