alfheim:altWood1
12
96 0 48
96 0 49
96 0 50
96 0 51
96 0 52
96 0 53
96 0 54
96 0 55
96 0 56
96 0 57
96 1 48
96 1 49
96 1 50
96 1 51
96 1 52
96 1 53
96 1 54
96 1 55
96 1 56
96 2 48
96 2 49
96 2 50
96 2 51
96 2 52
96 2 53
96 2 54
96 2 55
96 3 48
96 3 49
96 3 50
96 3 51
96 3 52
96 4 48
96 4 49
96 4 50
96 4 51
96 5 48
96 5 49
96 5 50
96 6 48
96 6 49
96 7 48
97 0 48
97 0 49
97 0 50
97 0 51
97 0 52
97 0 53
97 0 54
97 0 55
97 0 56
97 1 48
97 1 49
97 1 50
97 1 51
97 1 52
97 1 53
97 1 54
97 1 55
97 2 48
97 2 49
97 2 50
97 2 51
97 2 52
97 3 48
97 3 49
97 3 50
97 3 51
97 4 48
97 4 49
97 4 50
97 5 48
97 5 49
97 6 48
98 0 48
98 0 49
98 0 50
98 0 51
98 0 52
98 0 53
98 0 54
98 0 55
98 1 48
98 1 49
98 1 50
98 1 51
98 2 48
98 2 49
98 2 50
98 2 51
98 3 48
98 3 49
98 3 50
98 4 48
98 4 49
98 5 48
99 0 48
99 0 49
99 0 50
99 0 51
99 1 48
99 1 49
99 1 50
99 2 48
99 2 49
99 2 50
99 3 48
99 3 49
99 4 48
100 0 48
100 0 49
100 0 50
100 0 51
100 1 48
100 1 49
100 1 50
100 2 48
100 2 49
100 3 48
101 0 48
101 0 49
101 0 50
101 1 48
101 1 49
101 2 48
102 0 48
102 0 49
102 1 48
103 0 48
96 165 48
96 166 48
96 166 49
96 167 48
96 167 49
96 167 50
96 168 48
96 168 49
96 168 50
96 168 51
96 169 48
96 169 49
96 169 50
96 169 51
96 169 52
96 170 48
96 170 49
96 170 50
96 170 51
96 170 52
96 171 48
96 171 49
96 171 50
96 171 51
96 171 52
96 171 53
96 171 54
96 172 48
96 172 49
96 172 50
96 172 51
96 172 52
96 172 53
96 172 54
96 173 48
96 173 49
96 173 50
96 173 51
96 173 52
96 173 53
96 173 54
96 173 55
96 174 48
96 174 49
96 174 50
96 174 51
96 174 52
96 174 53
96 174 54
96 174 55
96 175 48
96 175 49
96 175 50
96 175 51
96 175 52
96 175 53
96 175 54
96 175 55
96 175 56
96 176 48
96 176 49
96 176 50
96 176 51
96 176 52
96 176 53
96 176 54
96 176 55
96 176 56
96 177 48
96 177 49
96 177 50
96 177 51
96 177 52
96 177 53
96 177 54
96 177 55
96 177 56
96 178 48
96 178 49
96 178 50
96 178 51
96 178 52
96 178 53
96 178 54
96 178 55
96 178 56
96 178 57
96 179 48
96 179 49
96 179 50
96 179 51
96 179 52
96 179 53
96 179 54
96 179 55
96 179 56
96 179 57
96 179 58
96 179 59
96 179 60
96 179 61
96 180 48
96 180 49
96 180 50
96 180 51
96 180 52
96 180 53
96 180 54
96 180 55
96 180 56
96 180 57
96 180 58
96 180 59
96 180 60
96 180 61
96 180 62
96 180 63
96 181 48
96 181 49
96 181 50
96 181 51
96 181 52
96 181 53
96 181 54
96 181 55
96 181 56
96 181 57
96 181 58
96 181 59
96 181 60
96 181 61
96 181 62
96 181 63
96 182 48
96 182 49
96 182 50
96 182 51
96 182 52
96 182 53
96 182 54
96 182 55
96 182 56
96 182 57
96 182 58
96 182 59
96 182 60
96 182 61
96 182 62
96 182 63
96 183 48
96 183 49
96 183 50
96 183 51
96 183 52
96 183 53
96 183 54
96 183 55
96 183 56
96 183 57
96 183 58
96 183 59
96 183 60
96 183 61
96 183 62
96 183 63
96 184 48
96 184 49
96 184 50
96 184 51
96 184 52
96 184 53
96 184 54
96 184 55
96 184 56
96 184 57
96 184 58
96 184 59
96 184 60
96 184 61
96 184 62
96 184 63
96 185 48
96 185 49
96 185 50
96 185 51
96 185 52
96 185 53
96 185 54
96 185 55
96 185 56
96 185 57
96 185 58
96 185 59
96 185 60
96 185 61
96 185 62
96 185 63
96 186 48
96 186 49
96 186 50
96 186 51
96 186 52
96 186 53
96 186 54
96 186 55
96 186 56
96 186 57
96 186 58
96 186 59
96 186 60
96 186 61
96 186 62
96 186 63
96 187 48
96 187 49
96 187 50
96 187 51
96 187 52
96 187 53
96 187 54
96 187 55
96 187 56
96 187 57
96 187 58
96 187 59
96 187 60
96 187 61
96 187 62
96 187 63
96 188 48
96 188 49
96 188 50
96 188 51
96 188 52
96 188 53
96 188 54
96 188 55
96 188 56
96 188 57
96 188 58
96 188 59
96 188 60
96 188 61
96 188 62
96 189 48
96 189 49
96 189 50
96 189 51
96 189 52
96 189 56
96 189 57
96 189 58
96 189 60
96 190 48
96 190 49
96 190 50
96 190 51
96 191 48
96 191 49
97 166 48
97 166 49
97 167 48
97 167 49
97 167 50
97 168 48
97 168 49
97 168 50
97 168 51
97 169 48
97 169 49
97 169 50
97 169 51
97 170 48
97 170 49
97 170 50
97 170 51
97 170 52
97 171 48
97 171 49
97 171 50
97 171 51
97 171 52
97 171 53
97 172 48
97 172 49
97 172 50
97 172 51
97 172 52
97 172 53
97 172 54
97 173 48
97 173 49
97 173 50
97 173 51
97 173 52
97 173 53
97 173 54
97 174 48
97 174 49
97 174 50
97 174 51
97 174 52
97 174 53
97 174 54
97 174 55
97 175 48
97 175 49
97 175 50
97 175 51
97 175 52
97 175 53
97 175 54
97 175 55
97 175 56
97 176 48
97 176 49
97 176 50
97 176 51
97 176 52
97 176 53
97 176 54
97 176 55
97 176 56
97 177 48
97 177 49
97 177 50
97 177 51
97 177 52
97 177 53
97 177 54
97 177 55
97 177 56
97 178 48
97 178 49
97 178 50
97 178 51
97 178 52
97 178 53
97 178 54
97 178 55
97 178 56
97 178 57
97 179 48
97 179 49
97 179 50
97 179 51
97 179 52
97 179 53
97 179 54
97 179 55
97 179 56
97 179 57
97 179 58
97 179 59
97 179 60
97 180 48
97 180 49
97 180 50
97 180 51
97 180 52
97 180 53
97 180 54
97 180 55
97 180 56
97 180 57
97 180 58
97 180 59
97 180 60
97 180 61
97 180 62
97 180 63
97 181 48
97 181 49
97 181 50
97 181 51
97 181 52
97 181 53
97 181 54
97 181 55
97 181 56
97 181 57
97 181 58
97 181 59
97 181 60
97 181 61
97 181 62
97 181 63
97 182 48
97 182 49
97 182 50
97 182 51
97 182 52
97 182 53
97 182 54
97 182 55
97 182 56
97 182 57
97 182 58
97 182 59
97 182 60
97 182 61
97 182 62
97 182 63
97 183 48
97 183 49
97 183 50
97 183 51
97 183 52
97 183 53
97 183 54
97 183 55
97 183 56
97 183 57
97 183 58
97 183 59
97 183 60
97 183 61
97 183 62
97 183 63
97 184 48
97 184 49
97 184 50
97 184 51
97 184 52
97 184 53
97 184 54
97 184 55
97 184 56
97 184 57
97 184 58
97 184 59
97 184 60
97 184 61
97 184 62
97 184 63
97 185 48
97 185 49
97 185 50
97 185 51
97 185 52
97 185 53
97 185 54
97 185 55
97 185 56
97 185 57
97 185 58
97 185 59
97 185 60
97 185 61
97 185 62
97 185 63
97 186 48
97 186 49
97 186 50
97 186 51
97 186 52
97 186 53
97 186 54
97 186 55
97 186 56
97 186 57
97 186 58
97 186 59
97 186 60
97 186 61
97 186 62
97 186 63
97 187 48
97 187 49
97 187 50
97 187 51
97 187 52
97 187 53
97 187 54
97 187 55
97 187 56
97 187 57
97 187 58
97 187 59
97 187 60
97 187 61
97 187 62
97 187 63
97 188 48
97 188 49
97 188 50
97 188 51
97 188 52
97 188 53
97 188 54
97 188 55
97 188 56
97 188 57
97 188 58
97 188 60
97 188 61
97 189 48
97 189 49
97 189 50
97 189 51
97 189 52
97 189 56
97 189 57
97 190 48
97 190 49
97 190 50
97 190 51
97 191 48
97 191 49
98 166 48
98 167 48
98 167 49
98 168 48
98 168 49
98 168 50
98 169 48
98 169 49
98 169 50
98 169 51
98 170 48
98 170 49
98 170 50
98 170 51
98 170 52
98 170 53
98 171 48
98 171 49
98 171 50
98 171 51
98 171 52
98 171 53
98 172 48
98 172 49
98 172 50
98 172 51
98 172 52
98 172 53
98 173 48
98 173 49
98 173 50
98 173 51
98 173 52
98 173 53
98 173 54
98 174 48
98 174 49
98 174 50
98 174 51
98 174 52
98 174 53
98 174 54
98 174 55
98 175 48
98 175 49
98 175 50
98 175 51
98 175 52
98 175 53
98 175 54
98 175 55
98 176 48
98 176 49
98 176 50
98 176 51
98 176 52
98 176 53
98 176 54
98 176 55
98 176 56
98 177 48
98 177 49
98 177 50
98 177 51
98 177 52
98 177 53
98 177 54
98 177 55
98 177 56
98 178 48
98 178 49
98 178 50
98 178 51
98 178 52
98 178 53
98 178 54
98 178 55
98 178 56
98 178 57
98 179 48
98 179 49
98 179 50
98 179 51
98 179 52
98 179 53
98 179 54
98 179 55
98 179 56
98 179 57
98 179 58
98 179 59
98 180 48
98 180 49
98 180 50
98 180 51
98 180 52
98 180 53
98 180 54
98 180 55
98 180 56
98 180 57
98 180 58
98 180 59
98 180 60
98 180 61
98 180 62
98 180 63
98 181 48
98 181 49
98 181 50
98 181 51
98 181 52
98 181 53
98 181 54
98 181 55
98 181 56
98 181 57
98 181 58
98 181 59
98 181 60
98 181 61
98 181 62
98 181 63
98 182 48
98 182 49
98 182 50
98 182 51
98 182 52
98 182 53
98 182 54
98 182 55
98 182 56
98 182 57
98 182 58
98 182 59
98 182 60
98 182 61
98 182 62
98 182 63
98 183 48
98 183 49
98 183 50
98 183 51
98 183 52
98 183 53
98 183 54
98 183 55
98 183 56
98 183 57
98 183 58
98 183 59
98 183 60
98 183 61
98 183 62
98 183 63
98 184 48
98 184 49
98 184 50
98 184 51
98 184 52
98 184 53
98 184 54
98 184 55
98 184 56
98 184 57
98 184 58
98 184 59
98 184 60
98 184 61
98 184 62
98 184 63
98 185 48
98 185 49
98 185 50
98 185 51
98 185 52
98 185 53
98 185 54
98 185 55
98 185 56
98 185 57
98 185 58
98 185 59
98 185 60
98 185 61
98 185 62
98 185 63
98 186 48
98 186 49
98 186 50
98 186 51
98 186 52
98 186 53
98 186 54
98 186 55
98 186 56
98 186 57
98 186 58
98 186 59
98 186 60
98 186 61
98 186 62
98 186 63
98 187 48
98 187 49
98 187 50
98 187 51
98 187 52
98 187 53
98 187 54
98 187 55
98 187 56
98 187 57
98 187 58
98 187 60
98 187 61
98 187 62
98 187 63
98 188 48
98 188 49
98 188 50
98 188 51
98 188 52
98 188 53
98 188 54
98 188 55
98 188 56
98 188 57
98 188 58
98 188 61
98 188 62
98 188 63
98 189 48
98 189 49
98 189 50
98 189 51
98 189 52
98 190 48
98 190 49
98 190 50
98 190 51
98 191 48
98 191 49
99 166 48
99 167 48
99 167 49
99 168 48
99 168 49
99 168 50
99 169 48
99 169 49
99 169 50
99 169 51
99 170 48
99 170 49
99 170 50
99 170 51
99 170 52
99 170 53
99 171 48
99 171 49
99 171 50
99 171 51
99 171 52
99 171 53
99 172 48
99 172 49
99 172 50
99 172 51
99 172 52
99 172 53
99 173 48
99 173 49
99 173 50
99 173 51
99 173 52
99 173 53
99 173 54
99 174 48
99 174 49
99 174 50
99 174 51
99 174 52
99 174 53
99 174 54
99 174 55
99 175 48
99 175 49
99 175 50
99 175 51
99 175 52
99 175 53
99 175 54
99 175 55
99 176 48
99 176 49
99 176 50
99 176 51
99 176 52
99 176 53
99 176 54
99 176 55
99 177 48
99 177 49
99 177 50
99 177 51
99 177 52
99 177 53
99 177 54
99 177 55
99 177 56
99 178 48
99 178 49
99 178 50
99 178 51
99 178 52
99 178 53
99 178 54
99 178 55
99 178 56
99 179 48
99 179 49
99 179 50
99 179 51
99 179 52
99 179 53
99 179 54
99 179 55
99 179 56
99 179 57
99 180 48
99 180 49
99 180 50
99 180 51
99 180 52
99 180 53
99 180 54
99 180 55
99 180 56
99 180 57
99 180 58
99 180 62
99 180 63
99 181 48
99 181 49
99 181 50
99 181 51
99 181 52
99 181 53
99 181 54
99 181 55
99 181 56
99 181 57
99 181 58
99 181 59
99 181 60
99 181 61
99 181 62
99 181 63
99 182 48
99 182 49
99 182 50
99 182 51
99 182 52
99 182 53
99 182 54
99 182 55
99 182 56
99 182 57
99 182 58
99 182 59
99 182 60
99 182 61
99 182 62
99 182 63
99 183 48
99 183 49
99 183 50
99 183 51
99 183 52
99 183 53
99 183 54
99 183 55
99 183 56
99 183 57
99 183 58
99 183 59
99 183 60
99 183 61
99 183 62
99 183 63
99 184 48
99 184 49
99 184 50
99 184 51
99 184 52
99 184 53
99 184 54
99 184 55
99 184 56
99 184 57
99 184 58
99 184 59
99 184 60
99 184 61
99 184 62
99 184 63
99 185 48
99 185 49
99 185 50
99 185 51
99 185 52
99 185 53
99 185 54
99 185 55
99 185 56
99 185 57
99 185 58
99 185 59
99 185 60
99 185 61
99 185 62
99 185 63
99 186 48
99 186 49
99 186 50
99 186 51
99 186 52
99 186 53
99 186 54
99 186 55
99 186 56
99 186 57
99 186 58
99 186 59
99 186 60
99 186 61
99 186 62
99 186 63
99 187 48
99 187 49
99 187 50
99 187 51
99 187 52
99 187 53
99 187 54
99 187 55
99 187 56
99 187 57
99 187 59
99 187 60
99 187 61
99 187 62
99 187 63
99 188 48
99 188 49
99 188 50
99 188 51
99 188 52
99 188 53
99 188 62
99 188 63
99 189 48
99 189 49
99 189 50
99 189 51
99 189 52
99 190 48
99 190 49
99 190 50
99 190 51
99 190 52
99 191 48
99 191 49
99 192 48
100 167 48
100 167 49
100 168 48
100 168 49
100 168 50
100 169 48
100 169 49
100 169 50
100 169 51
100 169 52
100 170 48
100 170 49
100 170 50
100 170 51
100 170 52
100 170 53
100 171 48
100 171 49
100 171 50
100 171 51
100 171 52
100 171 53
100 172 48
100 172 49
100 172 50
100 172 51
100 172 52
100 172 53
100 172 54
100 173 48
100 173 49
100 173 50
100 173 51
100 173 52
100 173 53
100 173 54
100 174 48
100 174 49
100 174 50
100 174 51
100 174 52
100 174 53
100 174 54
100 175 48
100 175 49
100 175 50
100 175 51
100 175 52
100 175 53
100 175 54
100 175 55
100 176 48
100 176 49
100 176 50
100 176 51
100 176 52
100 176 53
100 176 54
100 176 55
100 177 48
100 177 49
100 177 50
100 177 51
100 177 52
100 177 53
100 177 54
100 177 55
100 178 48
100 178 49
100 178 50
100 178 51
100 178 52
100 178 53
100 178 54
100 178 55
100 178 56
100 179 48
100 179 49
100 179 50
100 179 51
100 179 52
100 179 53
100 179 54
100 179 55
100 179 56
100 180 48
100 180 49
100 180 50
100 180 51
100 180 52
100 180 53
100 180 54
100 180 55
100 180 56
100 181 48
100 181 49
100 181 50
100 181 51
100 181 52
100 181 53
100 181 54
100 181 55
100 181 56
100 181 57
100 181 61
100 181 62
100 181 63
100 182 48
100 182 49
100 182 50
100 182 51
100 182 52
100 182 53
100 182 54
100 182 55
100 182 56
100 182 57
100 182 58
100 182 59
100 182 60
100 182 61
100 182 62
100 182 63
100 183 48
100 183 49
100 183 50
100 183 51
100 183 52
100 183 53
100 183 54
100 183 55
100 183 56
100 183 57
100 183 58
100 183 59
100 183 60
100 183 61
100 183 62
100 183 63
100 184 48
100 184 49
100 184 50
100 184 51
100 184 52
100 184 53
100 184 54
100 184 55
100 184 56
100 184 57
100 184 58
100 184 59
100 184 60
100 184 61
100 184 62
100 184 63
100 185 48
100 185 49
100 185 50
100 185 51
100 185 52
100 185 53
100 185 54
100 185 55
100 185 56
100 185 57
100 185 58
100 185 59
100 185 60
100 185 61
100 185 62
100 185 63
100 186 48
100 186 49
100 186 50
100 186 51
100 186 52
100 186 53
100 186 54
100 186 55
100 186 56
100 186 57
100 186 58
100 186 59
100 186 60
100 186 61
100 186 62
100 186 63
100 187 48
100 187 49
100 187 50
100 187 51
100 187 52
100 187 53
100 187 54
100 187 62
100 187 63
100 188 48
100 188 49
100 188 50
100 188 51
100 188 52
100 188 53
100 189 48
100 189 49
100 189 50
100 189 51
100 189 52
100 189 53
100 190 48
100 190 49
100 190 50
100 190 51
100 190 52
100 191 48
100 191 49
100 192 48
101 166 48
101 167 48
101 167 49
101 168 48
101 168 49
101 168 50
101 168 51
101 169 48
101 169 49
101 169 50
101 169 51
101 169 52
101 170 48
101 170 49
101 170 50
101 170 51
101 170 52
101 170 53
101 171 48
101 171 49
101 171 50
101 171 51
101 171 52
101 171 53
101 172 48
101 172 49
101 172 50
101 172 51
101 172 52
101 172 53
101 172 54
101 173 48
101 173 49
101 173 50
101 173 51
101 173 52
101 173 53
101 173 54
101 174 48
101 174 49
101 174 50
101 174 51
101 174 52
101 174 53
101 174 54
101 175 48
101 175 49
101 175 50
101 175 51
101 175 52
101 175 53
101 175 54
101 176 48
101 176 49
101 176 50
101 176 51
101 176 52
101 176 53
101 176 54
101 177 48
101 177 49
101 177 50
101 177 51
101 177 52
101 177 53
101 177 54
101 178 48
101 178 49
101 178 50
101 178 51
101 178 52
101 178 53
101 178 54
101 178 55
101 179 48
101 179 49
101 179 50
101 179 51
101 179 52
101 179 53
101 179 54
101 179 55
101 180 48
101 180 49
101 180 50
101 180 51
101 180 52
101 180 53
101 180 54
101 180 55
101 181 48
101 181 49
101 181 50
101 181 51
101 181 52
101 181 53
101 181 54
101 181 55
101 182 48
101 182 49
101 182 50
101 182 51
101 182 52
101 182 53
101 182 54
101 182 55
101 182 61
101 182 62
101 182 63
101 183 48
101 183 49
101 183 50
101 183 51
101 183 52
101 183 53
101 183 54
101 183 55
101 183 61
101 183 62
101 183 63
101 184 48
101 184 49
101 184 50
101 184 51
101 184 52
101 184 53
101 184 54
101 184 55
101 184 61
101 184 62
101 184 63
101 185 48
101 185 49
101 185 50
101 185 51
101 185 52
101 185 53
101 185 54
101 185 55
101 185 61
101 185 62
101 185 63
101 186 48
101 186 49
101 186 50
101 186 51
101 186 52
101 186 53
101 186 54
101 186 62
101 186 63
101 187 48
101 187 49
101 187 50
101 187 51
101 187 52
101 187 53
101 188 48
101 188 49
101 188 50
101 188 51
101 188 52
101 188 53
101 189 48
101 189 49
101 189 50
101 189 51
101 189 52
101 189 53
101 190 48
101 190 49
101 190 50
101 190 51
101 190 52
101 191 48
101 191 49
101 192 48
102 167 48
102 167 49
102 168 48
102 168 49
102 168 50
102 169 48
102 169 49
102 169 50
102 169 51
102 169 52
102 170 48
102 170 49
102 170 50
102 170 51
102 170 52
102 171 48
102 171 49
102 171 50
102 171 51
102 171 52
102 171 53
102 172 48
102 172 49
102 172 50
102 172 51
102 172 52
102 172 53
102 172 54
102 173 48
102 173 49
102 173 50
102 173 51
102 173 52
102 173 53
102 173 54
102 174 48
102 174 49
102 174 50
102 174 51
102 174 52
102 174 53
102 174 54
102 175 48
102 175 49
102 175 50
102 175 51
102 175 52
102 175 53
102 175 54
102 176 48
102 176 49
102 176 50
102 176 51
102 176 52
102 176 53
102 176 54
102 177 48
102 177 49
102 177 50
102 177 51
102 177 52
102 177 53
102 177 54
102 178 48
102 178 49
102 178 50
102 178 51
102 178 52
102 178 53
102 178 54
102 179 48
102 179 49
102 179 50
102 179 51
102 179 52
102 179 53
102 179 54
102 180 48
102 180 49
102 180 50
102 180 51
102 180 52
102 180 53
102 180 54
102 181 48
102 181 49
102 181 50
102 181 51
102 181 52
102 181 53
102 181 54
102 182 48
102 182 49
102 182 50
102 182 51
102 182 52
102 182 53
102 182 54
102 183 48
102 183 49
102 183 50
102 183 51
102 183 52
102 183 53
102 183 54
102 183 63
102 184 48
102 184 49
102 184 50
102 184 51
102 184 52
102 184 53
102 184 54
102 184 63
102 185 48
102 185 49
102 185 50
102 185 51
102 185 52
102 185 53
102 185 54
102 186 48
102 186 49
102 186 50
102 186 51
102 186 52
102 186 53
102 186 54
102 187 48
102 187 49
102 187 50
102 187 51
102 187 52
102 187 53
102 188 48
102 188 49
102 188 50
102 188 51
102 188 52
102 188 53
102 189 48
102 189 49
102 189 50
102 189 51
102 189 52
102 190 48
102 190 49
102 190 50
102 190 51
102 190 52
102 191 48
102 191 49
102 192 48
103 167 48
103 168 48
103 168 49
103 168 50
103 169 48
103 169 49
103 169 50
103 169 51
103 170 48
103 170 49
103 170 50
103 170 51
103 170 52
103 171 48
103 171 49
103 171 50
103 171 51
103 171 52
103 171 53
103 172 48
103 172 49
103 172 50
103 172 51
103 172 52
103 172 53
103 173 48
103 173 49
103 173 50
103 173 51
103 173 52
103 173 53
103 173 54
103 174 48
103 174 49
103 174 50
103 174 51
103 174 52
103 174 53
103 174 54
103 175 48
103 175 49
103 175 50
103 175 51
103 175 52
103 175 53
103 175 54
103 176 48
103 176 49
103 176 50
103 176 51
103 176 52
103 176 53
103 176 54
103 177 48
103 177 49
103 177 50
103 177 51
103 177 52
103 177 53
103 177 54
103 178 48
103 178 49
103 178 50
103 178 51
103 178 52
103 178 53
103 178 54
103 179 48
103 179 49
103 179 50
103 179 51
103 179 52
103 179 53
103 179 54
103 180 48
103 180 49
103 180 50
103 180 51
103 180 52
103 180 53
103 180 54
103 181 48
103 181 49
103 181 50
103 181 51
103 181 52
103 181 53
103 181 54
103 182 48
103 182 49
103 182 50
103 182 51
103 182 52
103 182 53
103 182 54
103 183 48
103 183 49
103 183 50
103 183 51
103 183 52
103 183 53
103 183 54
103 184 48
103 184 49
103 184 50
103 184 51
103 184 52
103 184 53
103 184 54
103 185 48
103 185 49
103 185 50
103 185 51
103 185 52
103 185 53
103 185 54
103 186 48
103 186 49
103 186 50
103 186 51
103 186 52
103 186 53
103 187 48
103 187 49
103 187 50
103 187 51
103 187 52
103 187 53
103 188 48
103 188 49
103 188 50
103 188 51
103 188 52
103 189 48
103 189 49
103 189 50
103 189 51
103 189 52
103 190 48
103 190 49
103 190 50
103 190 51
103 190 52
103 191 48
103 191 49
103 192 48
104 167 48
104 168 48
104 168 49
104 169 48
104 169 49
104 169 50
104 170 48
104 170 49
104 170 50
104 170 51
104 171 48
104 171 49
104 171 50
104 171 51
104 171 52
104 172 48
104 172 49
104 172 50
104 172 51
104 172 52
104 172 53
104 173 48
104 173 49
104 173 50
104 173 51
104 173 52
104 173 53
104 173 54
104 174 48
104 174 49
104 174 50
104 174 51
104 174 52
104 174 53
104 174 54
104 175 48
104 175 49
104 175 50
104 175 51
104 175 52
104 175 53
104 175 54
104 176 48
104 176 49
104 176 50
104 176 51
104 176 52
104 176 53
104 176 54
104 177 48
104 177 49
104 177 50
104 177 51
104 177 52
104 177 53
104 177 54
104 178 48
104 178 49
104 178 50
104 178 51
104 178 52
104 178 53
104 178 54
104 179 48
104 179 49
104 179 50
104 179 51
104 179 52
104 179 53
104 179 54
104 180 48
104 180 49
104 180 50
104 180 51
104 180 52
104 180 53
104 180 54
104 181 48
104 181 49
104 181 50
104 181 51
104 181 52
104 181 53
104 181 54
104 182 48
104 182 49
104 182 50
104 182 51
104 182 52
104 182 53
104 182 54
104 183 48
104 183 49
104 183 50
104 183 51
104 183 52
104 183 53
104 183 54
104 184 48
104 184 49
104 184 50
104 184 51
104 184 52
104 184 53
104 184 54
104 185 48
104 185 49
104 185 50
104 185 51
104 185 52
104 185 53
104 186 48
104 186 49
104 186 50
104 186 51
104 186 52
104 187 48
104 187 49
104 187 50
104 187 51
104 187 52
104 188 48
104 188 49
104 188 50
104 188 51
104 188 52
104 189 48
104 189 49
104 189 50
104 189 51
104 189 52
104 190 48
104 190 49
104 190 50
104 190 51
104 191 48
104 191 49
104 192 48
105 167 48
105 168 48
105 168 49
105 169 48
105 169 49
105 169 50
105 170 48
105 170 49
105 170 50
105 170 51
105 171 48
105 171 49
105 171 50
105 171 51
105 171 52
105 172 48
105 172 49
105 172 50
105 172 51
105 172 52
105 172 53
105 173 48
105 173 49
105 173 50
105 173 51
105 173 52
105 173 53
105 174 48
105 174 49
105 174 50
105 174 51
105 174 52
105 174 53
105 174 54
105 175 48
105 175 49
105 175 50
105 175 51
105 175 52
105 175 53
105 175 54
105 176 48
105 176 49
105 176 50
105 176 51
105 176 52
105 176 53
105 176 54
105 177 48
105 177 49
105 177 50
105 177 51
105 177 52
105 177 53
105 177 54
105 178 48
105 178 49
105 178 50
105 178 51
105 178 52
105 178 53
105 178 54
105 179 48
105 179 49
105 179 50
105 179 51
105 179 52
105 179 53
105 179 54
105 180 48
105 180 49
105 180 50
105 180 51
105 180 52
105 180 53
105 180 54
105 181 48
105 181 49
105 181 50
105 181 51
105 181 52
105 181 53
105 181 54
105 182 48
105 182 49
105 182 50
105 182 51
105 182 52
105 182 53
105 183 48
105 183 49
105 183 50
105 183 51
105 183 52
105 183 53
105 184 48
105 184 49
105 184 50
105 184 51
105 184 52
105 184 53
105 185 48
105 185 49
105 185 50
105 185 51
105 185 52
105 186 48
105 186 49
105 186 50
105 186 51
105 186 52
105 187 48
105 187 49
105 187 50
105 187 51
105 187 52
105 188 48
105 188 49
105 188 50
105 188 51
105 188 52
105 189 48
105 189 49
105 189 50
105 189 51
105 190 48
105 190 49
105 190 50
105 190 51
105 191 48
105 191 49
105 192 48
106 168 48
106 168 49
106 169 48
106 169 49
106 169 50
106 170 48
106 170 49
106 170 50
106 170 51
106 171 48
106 171 49
106 171 50
106 171 51
106 171 52
106 172 48
106 172 49
106 172 50
106 172 51
106 172 52
106 172 53
106 173 48
106 173 49
106 173 50
106 173 51
106 173 52
106 173 53
106 174 48
106 174 49
106 174 50
106 174 51
106 174 52
106 174 53
106 174 54
106 175 48
106 175 49
106 175 50
106 175 51
106 175 52
106 175 53
106 175 54
106 176 48
106 176 49
106 176 50
106 176 51
106 176 52
106 176 53
106 176 54
106 177 48
106 177 49
106 177 50
106 177 51
106 177 52
106 177 53
106 177 54
106 178 48
106 178 49
106 178 50
106 178 51
106 178 52
106 178 53
106 178 54
106 179 48
106 179 49
106 179 50
106 179 51
106 179 52
106 179 53
106 179 54
106 180 48
106 180 49
106 180 50
106 180 51
106 180 52
106 180 53
106 180 54
106 181 48
106 181 49
106 181 50
106 181 51
106 181 52
106 181 53
106 181 54
106 182 48
106 182 49
106 182 50
106 182 51
106 182 52
106 182 53
106 183 48
106 183 49
106 183 50
106 183 51
106 183 52
106 183 53
106 184 48
106 184 49
106 184 50
106 184 51
106 184 52
106 184 53
106 185 48
106 185 49
106 185 50
106 185 51
106 185 52
106 186 48
106 186 49
106 186 50
106 186 51
106 186 52
106 187 48
106 187 49
106 187 50
106 187 51
106 187 52
106 188 48
106 188 49
106 188 50
106 188 51
106 189 48
106 189 49
106 189 50
106 189 51
106 190 48
106 190 49
106 190 50
106 191 48
106 191 49
106 192 48
107 168 48
107 168 49
107 169 48
107 169 49
107 169 50
107 170 48
107 170 49
107 170 50
107 170 51
107 171 48
107 171 49
107 171 50
107 171 51
107 171 52
107 172 48
107 172 49
107 172 50
107 172 51
107 172 52
107 172 53
107 173 48
107 173 49
107 173 50
107 173 51
107 173 52
107 173 53
107 174 48
107 174 49
107 174 50
107 174 51
107 174 52
107 174 53
107 174 54
107 175 48
107 175 49
107 175 50
107 175 51
107 175 52
107 175 53
107 175 54
107 176 48
107 176 49
107 176 50
107 176 51
107 176 52
107 176 53
107 176 54
107 177 48
107 177 49
107 177 50
107 177 51
107 177 52
107 177 53
107 177 54
107 178 48
107 178 49
107 178 50
107 178 51
107 178 52
107 178 53
107 178 54
107 179 48
107 179 49
107 179 50
107 179 51
107 179 52
107 179 53
107 179 54
107 179 55
107 180 48
107 180 49
107 180 50
107 180 51
107 180 52
107 180 53
107 180 54
107 180 55
107 181 48
107 181 49
107 181 50
107 181 51
107 181 52
107 181 53
107 181 54
107 182 48
107 182 49
107 182 50
107 182 51
107 182 52
107 182 53
107 182 54
107 183 48
107 183 49
107 183 50
107 183 51
107 183 52
107 183 53
107 184 48
107 184 49
107 184 50
107 184 51
107 184 52
107 184 53
107 185 48
107 185 49
107 185 50
107 185 51
107 185 52
107 186 48
107 186 49
107 186 50
107 186 51
107 186 52
107 187 48
107 187 49
107 187 50
107 187 51
107 187 52
107 188 48
107 188 49
107 188 50
107 188 51
107 189 48
107 189 49
107 189 50
107 190 48
107 190 49
107 190 50
107 191 48
107 191 49
107 192 48
108 168 48
108 168 49
108 169 48
108 169 49
108 169 50
108 170 48
108 170 49
108 170 50
108 170 51
108 171 48
108 171 49
108 171 50
108 171 51
108 171 52
108 172 48
108 172 49
108 172 50
108 172 51
108 172 52
108 172 53
108 173 48
108 173 49
108 173 50
108 173 51
108 173 52
108 173 53
108 174 48
108 174 49
108 174 50
108 174 51
108 174 52
108 174 53
108 174 54
108 175 48
108 175 49
108 175 50
108 175 51
108 175 52
108 175 53
108 175 54
108 176 48
108 176 49
108 176 50
108 176 51
108 176 52
108 176 53
108 176 54
108 177 48
108 177 49
108 177 50
108 177 51
108 177 52
108 177 53
108 177 54
108 178 48
108 178 49
108 178 50
108 178 51
108 178 52
108 178 53
108 178 54
108 178 55
108 179 48
108 179 49
108 179 50
108 179 51
108 179 52
108 179 53
108 179 54
108 179 55
108 180 48
108 180 49
108 180 50
108 180 51
108 180 52
108 180 53
108 180 54
108 180 55
108 181 48
108 181 49
108 181 50
108 181 51
108 181 52
108 181 53
108 181 54
108 181 55
108 182 48
108 182 49
108 182 50
108 182 51
108 182 52
108 182 53
108 182 54
108 183 48
108 183 49
108 183 50
108 183 51
108 183 52
108 183 53
108 183 54
108 184 48
108 184 49
108 184 50
108 184 51
108 184 52
108 184 53
108 184 54
108 185 48
108 185 49
108 185 50
108 185 51
108 185 52
108 185 53
108 186 48
108 186 49
108 186 50
108 186 51
108 186 52
108 187 48
108 187 49
108 187 50
108 187 51
108 187 52
108 188 48
108 188 49
108 188 50
108 188 51
108 189 48
108 189 49
108 189 50
108 190 48
108 190 49
108 190 50
108 191 48
108 191 49
108 192 48
109 168 48
109 168 49
109 169 48
109 169 49
109 169 50
109 170 48
109 170 49
109 170 50
109 170 51
109 171 48
109 171 49
109 171 50
109 171 51
109 171 52
109 172 48
109 172 49
109 172 50
109 172 51
109 172 52
109 172 53
109 173 48
109 173 49
109 173 50
109 173 51
109 173 52
109 173 53
109 174 48
109 174 49
109 174 50
109 174 51
109 174 52
109 174 53
109 174 54
109 175 48
109 175 49
109 175 50
109 175 51
109 175 52
109 175 53
109 175 54
109 176 48
109 176 49
109 176 50
109 176 51
109 176 52
109 176 53
109 176 54
109 176 55
109 177 48
109 177 49
109 177 50
109 177 51
109 177 52
109 177 53
109 177 54
109 177 55
109 178 48
109 178 49
109 178 50
109 178 51
109 178 52
109 178 53
109 178 54
109 178 55
109 179 48
109 179 49
109 179 50
109 179 51
109 179 52
109 179 53
109 179 54
109 179 55
109 180 48
109 180 49
109 180 50
109 180 51
109 180 52
109 180 53
109 180 54
109 180 55
109 181 48
109 181 49
109 181 50
109 181 51
109 181 52
109 181 53
109 181 54
109 181 55
109 182 48
109 182 49
109 182 50
109 182 51
109 182 52
109 182 53
109 182 54
109 182 55
109 183 48
109 183 49
109 183 50
109 183 51
109 183 52
109 183 53
109 183 54
109 184 48
109 184 49
109 184 50
109 184 51
109 184 52
109 184 53
109 184 54
109 185 48
109 185 49
109 185 50
109 185 51
109 185 52
109 185 53
109 185 54
109 186 48
109 186 49
109 186 50
109 186 51
109 186 52
109 186 53
109 187 48
109 187 49
109 187 50
109 187 51
109 187 52
109 188 48
109 188 49
109 188 50
109 188 51
109 189 48
109 189 49
109 189 50
109 190 48
109 190 49
109 190 50
109 191 48
110 167 48
110 168 48
110 168 49
110 169 48
110 169 49
110 169 50
110 169 51
110 170 48
110 170 49
110 170 50
110 170 51
110 171 48
110 171 49
110 171 50
110 171 51
110 171 52
110 172 48
110 172 49
110 172 50
110 172 51
110 172 52
110 172 53
110 173 48
110 173 49
110 173 50
110 173 51
110 173 52
110 173 53
110 173 54
110 174 48
110 174 49
110 174 50
110 174 51
110 174 52
110 174 53
110 174 54
110 175 48
110 175 49
110 175 50
110 175 51
110 175 52
110 175 53
110 175 54
110 175 55
110 176 48
110 176 49
110 176 50
110 176 51
110 176 52
110 176 53
110 176 54
110 176 55
110 177 48
110 177 49
110 177 50
110 177 51
110 177 52
110 177 53
110 177 54
110 177 55
110 178 48
110 178 49
110 178 50
110 178 51
110 178 52
110 178 53
110 178 54
110 178 55
110 179 48
110 179 49
110 179 50
110 179 51
110 179 52
110 179 53
110 179 54
110 179 55
110 180 48
110 180 49
110 180 50
110 180 51
110 180 52
110 180 53
110 180 54
110 180 55
110 181 48
110 181 49
110 181 50
110 181 51
110 181 52
110 181 53
110 181 54
110 181 55
110 182 48
110 182 49
110 182 50
110 182 51
110 182 52
110 182 53
110 182 54
110 182 55
110 183 48
110 183 49
110 183 50
110 183 51
110 183 52
110 183 53
110 183 54
110 183 55
110 184 48
110 184 49
110 184 50
110 184 51
110 184 52
110 184 53
110 184 54
110 184 55
110 185 48
110 185 49
110 185 50
110 185 51
110 185 52
110 185 53
110 185 54
110 186 48
110 186 49
110 186 50
110 186 51
110 186 52
110 186 53
110 186 54
110 187 48
110 187 49
110 187 50
110 187 51
110 187 52
110 187 53
110 188 48
110 188 49
110 188 50
110 188 51
110 189 48
110 189 49
110 189 50
110 190 48
110 190 49
110 191 48
111 167 48
111 168 48
111 168 49
111 168 50
111 169 48
111 169 49
111 169 50
111 169 51
111 170 48
111 170 49
111 170 50
111 170 51
111 170 52
111 171 48
111 171 49
111 171 50
111 171 51
111 171 52
111 171 53
111 172 48
111 172 49
111 172 50
111 172 51
111 172 52
111 172 53
111 173 48
111 173 49
111 173 50
111 173 51
111 173 52
111 173 53
111 173 54
111 174 48
111 174 49
111 174 50
111 174 51
111 174 52
111 174 53
111 174 54
111 174 55
111 175 48
111 175 49
111 175 50
111 175 51
111 175 52
111 175 53
111 175 54
111 175 55
111 176 48
111 176 49
111 176 50
111 176 51
111 176 52
111 176 53
111 176 54
111 176 55
111 177 48
111 177 49
111 177 50
111 177 51
111 177 52
111 177 53
111 177 54
111 177 55
111 178 48
111 178 49
111 178 50
111 178 51
111 178 52
111 178 53
111 178 54
111 178 55
111 179 48
111 179 49
111 179 50
111 179 51
111 179 52
111 179 53
111 179 54
111 179 55
111 180 48
111 180 49
111 180 50
111 180 51
111 180 52
111 180 53
111 180 54
111 180 55
111 181 48
111 181 49
111 181 50
111 181 51
111 181 52
111 181 53
111 181 54
111 181 55
111 182 48
111 182 49
111 182 50
111 182 51
111 182 52
111 182 53
111 182 54
111 182 55
111 183 48
111 183 49
111 183 50
111 183 51
111 183 52
111 183 53
111 183 54
111 183 55
111 184 48
111 184 49
111 184 50
111 184 51
111 184 52
111 184 53
111 184 54
111 184 55
111 185 48
111 185 49
111 185 50
111 185 51
111 185 52
111 185 53
111 185 54
111 185 55
111 186 48
111 186 49
111 186 50
111 186 51
111 186 52
111 186 53
111 186 54
111 186 55
111 187 48
111 187 49
111 187 50
111 187 51
111 187 52
111 187 53
111 187 54
111 188 48
111 188 49
111 188 50
111 188 51
111 189 48
111 189 49
111 189 50
111 190 48
111 190 49
111 191 48
alfheim:altLeaves
6
96 188 63
96 189 59
96 189 61
96 189 62
96 189 63
96 190 57
96 190 58
96 190 59
96 190 60
96 190 61
96 190 62
96 190 63
96 191 57
96 191 58
96 191 59
96 191 60
96 191 61
96 191 62
96 191 63
96 192 54
96 192 55
96 192 56
96 192 57
96 192 58
96 192 59
96 192 60
96 192 61
96 192 62
96 192 63
97 188 59
97 188 62
97 188 63
97 189 58
97 189 59
97 189 60
97 189 62
97 189 63
97 190 57
97 190 59
97 190 60
97 190 62
97 190 63
97 191 54
97 191 56
97 191 57
97 191 58
97 191 59
97 191 60
97 191 61
97 191 62
97 191 63
97 192 54
97 192 55
97 192 56
97 192 57
97 192 58
97 192 59
97 192 60
97 192 61
97 192 62
97 192 63
98 187 59
98 188 59
98 188 60
98 189 58
98 189 59
98 189 60
98 189 61
98 189 62
98 189 63
98 190 56
98 190 58
98 190 59
98 190 60
98 190 61
98 190 62
98 190 63
98 191 55
98 191 56
98 191 57
98 191 58
98 191 59
98 191 60
98 191 61
98 191 62
98 191 63
98 192 54
98 192 55
98 192 56
98 192 57
98 192 58
98 192 59
98 192 60
98 192 62
98 192 63
99 187 58
99 188 58
99 189 58
99 189 59
99 189 60
99 190 55
99 190 58
99 190 59
99 190 60
99 190 63
99 191 55
99 191 56
99 191 57
99 191 58
99 191 59
99 191 60
99 191 62
99 191 63
99 192 53
99 192 54
99 192 55
99 192 56
99 192 57
99 192 58
99 192 59
99 192 60
99 192 61
99 192 62
100 188 58
100 189 59
100 190 62
100 191 56
100 191 58
100 191 62
100 191 63
100 192 54
100 192 55
100 192 56
100 192 57
100 192 58
100 192 59
100 192 61
100 192 62
100 192 63
101 188 63
101 189 62
101 189 63
101 190 57
101 190 58
101 190 59
101 190 61
101 190 62
101 190 63
101 191 56
101 191 57
101 191 58
101 191 59
101 191 61
101 191 62
101 192 57
101 192 58
101 192 59
101 192 60
101 192 61
101 192 62
102 187 63
102 188 61
102 188 62
102 188 63
102 189 62
102 189 63
102 190 61
102 190 62
102 191 58
102 191 61
102 191 62
102 191 63
102 192 58
102 192 59
102 192 60
102 192 61
102 192 62
102 192 63
103 185 63
103 186 63
103 187 62
103 187 63
103 188 60
103 188 62
103 188 63
103 189 61
103 189 62
103 189 63
103 190 60
103 190 61
103 190 62
103 190 63
103 191 60
103 191 61
103 191 62
103 191 63
103 192 58
103 192 59
103 192 60
103 192 61
103 192 62
103 192 63
104 186 63
104 187 62
104 188 59
104 188 60
104 188 61
104 188 62
104 188 63
104 189 60
104 189 62
104 189 63
104 190 59
104 190 60
104 190 61
104 190 62
104 190 63
104 191 62
104 191 63
104 192 60
104 192 62
104 192 63
105 186 60
105 186 61
105 186 62
105 187 60
105 187 61
105 187 62
105 187 63
105 188 60
105 188 61
105 188 62
105 188 63
105 189 59
105 189 60
105 189 61
105 189 62
105 189 63
105 190 60
105 190 61
105 190 62
105 190 63
105 191 61
105 191 62
105 191 63
105 192 59
105 192 60
105 192 61
105 192 62
105 192 63
106 187 62
106 187 63
106 188 61
106 188 62
106 188 63
106 189 61
106 189 62
106 189 63
106 190 61
106 190 62
106 190 63
106 191 61
106 191 62
106 191 63
106 192 59
106 192 60
106 192 61
106 192 62
106 192 63
107 187 62
107 187 63
107 188 61
107 188 62
107 188 63
107 189 62
107 189 63
107 190 62
107 191 62
107 191 63
107 192 61
107 192 62
107 192 63
108 188 62
108 188 63
108 189 61
108 189 62
108 190 62
108 191 60
108 191 61
108 191 62
108 191 63
108 192 60
108 192 61
108 192 62
108 192 63
109 189 62
109 190 61
109 191 60
109 191 61
109 191 62
109 192 60
109 192 61
109 192 62
109 192 63
110 191 61
110 191 63
110 192 62
110 192 63
111 192 62
111 192 63
96 193 53
96 193 54
96 193 55
96 193 56
96 193 57
96 193 58
96 193 59
96 193 60
96 193 61
96 193 62
96 193 63
96 194 52
96 194 53
96 194 54
96 194 55
96 194 56
96 194 57
96 194 58
96 194 59
96 194 60
96 194 61
96 194 62
96 194 63
96 195 53
96 195 54
96 195 55
96 195 56
96 195 57
96 195 58
96 195 59
96 195 60
96 195 61
96 195 62
96 195 63
96 196 55
96 196 56
96 196 57
96 196 58
96 196 59
96 196 60
96 196 61
96 196 62
96 196 63
96 197 56
96 197 57
96 197 58
96 197 59
96 197 60
96 197 61
96 197 62
96 197 63
96 198 57
96 198 58
96 198 59
96 198 60
96 198 61
96 198 62
96 198 63
96 199 53
96 199 56
96 199 57
96 199 58
96 199 59
96 199 60
96 199 61
96 199 62
96 199 63
96 200 49
96 200 50
96 200 51
96 200 52
96 200 53
96 200 55
96 200 56
96 200 61
96 200 62
96 201 48
96 201 49
96 201 51
96 201 53
96 201 54
96 201 55
96 201 56
96 201 57
96 202 49
96 202 50
96 202 51
96 202 53
96 202 54
96 202 55
96 202 56
96 202 57
96 203 49
96 203 50
96 203 51
96 203 52
96 203 53
96 203 54
96 203 55
96 203 56
96 204 49
96 204 50
96 204 51
96 204 52
96 204 53
96 204 56
96 205 50
96 205 51
96 205 52
96 205 53
96 224 52
96 224 56
97 193 54
97 193 55
97 193 56
97 193 57
97 193 58
97 193 59
97 193 60
97 193 61
97 193 62
97 193 63
97 194 53
97 194 54
97 194 55
97 194 56
97 194 57
97 194 58
97 194 59
97 194 60
97 194 61
97 194 62
97 194 63
97 195 54
97 195 55
97 195 56
97 195 57
97 195 58
97 195 59
97 195 60
97 195 61
97 195 62
97 195 63
97 196 53
97 196 54
97 196 55
97 196 56
97 196 57
97 196 58
97 196 59
97 196 60
97 196 61
97 196 62
97 196 63
97 197 52
97 197 54
97 197 56
97 197 57
97 197 58
97 197 59
97 197 60
97 197 61
97 197 62
97 197 63
97 198 52
97 198 53
97 198 57
97 198 58
97 198 59
97 198 60
97 198 61
97 198 63
97 199 51
97 199 52
97 199 53
97 199 56
97 199 57
97 199 58
97 199 59
97 199 60
97 199 61
97 199 62
97 199 63
97 200 49
97 200 50
97 200 51
97 200 52
97 200 53
97 200 54
97 200 55
97 200 56
97 200 57
97 200 58
97 200 60
97 200 61
97 200 62
97 200 63
97 201 49
97 201 50
97 201 52
97 201 53
97 201 54
97 201 55
97 201 56
97 202 50
97 202 51
97 202 52
97 202 53
97 202 54
97 202 55
97 202 57
97 203 50
97 203 51
97 203 52
97 203 53
97 203 54
97 203 55
97 203 56
97 204 49
97 204 51
97 204 52
97 204 53
97 204 56
97 205 51
97 205 52
97 205 53
97 206 51
97 206 52
97 206 53
97 224 63
98 193 54
98 193 55
98 193 56
98 193 57
98 193 58
98 193 59
98 193 60
98 193 61
98 193 62
98 193 63
98 194 52
98 194 53
98 194 54
98 194 55
98 194 56
98 194 57
98 194 58
98 194 59
98 194 60
98 194 61
98 194 62
98 194 63
98 195 53
98 195 55
98 195 56
98 195 57
98 195 58
98 195 59
98 195 60
98 195 61
98 195 62
98 195 63
98 196 52
98 196 53
98 196 54
98 196 55
98 196 56
98 196 57
98 196 58
98 196 59
98 196 61
98 196 62
98 196 63
98 197 50
98 197 51
98 197 52
98 197 53
98 197 54
98 197 55
98 197 56
98 197 57
98 197 58
98 197 60
98 197 61
98 197 62
98 197 63
98 198 50
98 198 51
98 198 52
98 198 53
98 198 54
98 198 55
98 198 56
98 198 57
98 198 58
98 198 59
98 198 60
98 198 61
98 198 62
98 198 63
98 199 48
98 199 49
98 199 50
98 199 51
98 199 52
98 199 53
98 199 55
98 199 56
98 199 57
98 199 58
98 199 59
98 199 60
98 199 61
98 199 62
98 199 63
98 200 48
98 200 49
98 200 50
98 200 51
98 200 52
98 200 54
98 200 55
98 200 56
98 200 57
98 200 58
98 200 59
98 200 60
98 201 48
98 201 49
98 201 50
98 201 51
98 201 52
98 201 53
98 201 54
98 201 55
98 201 56
98 201 57
98 201 58
98 201 59
98 202 49
98 202 50
98 202 51
98 202 52
98 202 53
98 202 54
98 202 55
98 202 56
98 202 57
98 202 58
98 203 48
98 203 49
98 203 50
98 203 51
98 203 52
98 203 53
98 203 54
98 203 55
98 203 56
98 204 49
98 204 51
98 204 52
98 204 53
98 204 54
98 204 55
98 204 56
98 205 49
98 205 51
98 205 52
98 205 53
98 206 51
98 206 52
98 206 53
98 207 52
98 224 63
99 193 55
99 193 56
99 193 57
99 193 58
99 193 59
99 193 60
99 193 61
99 193 62
99 193 63
99 194 55
99 194 56
99 194 57
99 194 58
99 194 59
99 194 60
99 194 61
99 194 62
99 194 63
99 195 53
99 195 54
99 195 55
99 195 56
99 195 57
99 195 58
99 195 59
99 195 60
99 195 61
99 195 62
99 195 63
99 196 52
99 196 53
99 196 54
99 196 55
99 196 56
99 196 57
99 196 58
99 196 59
99 196 60
99 196 61
99 196 62
99 196 63
99 197 50
99 197 51
99 197 52
99 197 53
99 197 56
99 197 57
99 197 58
99 197 59
99 197 60
99 197 61
99 197 62
99 197 63
99 198 49
99 198 50
99 198 51
99 198 52
99 198 53
99 198 55
99 198 56
99 198 57
99 198 58
99 198 59
99 198 60
99 198 61
99 198 62
99 198 63
99 199 50
99 199 51
99 199 52
99 199 53
99 199 54
99 199 55
99 199 58
99 199 60
99 199 61
99 199 62
99 199 63
99 200 48
99 200 49
99 200 50
99 200 51
99 200 52
99 200 53
99 200 54
99 200 55
99 200 56
99 200 57
99 200 58
99 200 59
99 201 48
99 201 49
99 201 50
99 201 51
99 201 52
99 201 53
99 201 54
99 201 55
99 201 56
99 201 58
99 202 48
99 202 49
99 202 50
99 202 51
99 202 52
99 202 53
99 202 54
99 202 55
99 202 56
99 202 57
99 203 48
99 203 49
99 203 50
99 203 51
99 203 52
99 203 53
99 203 54
99 203 56
99 203 57
99 204 48
99 204 49
99 204 50
99 204 51
99 204 52
99 204 53
99 204 54
99 204 55
99 204 56
99 205 50
99 205 51
99 205 52
99 205 53
99 205 54
99 205 55
99 206 51
99 206 54
99 206 55
99 224 63
100 193 56
100 193 57
100 193 58
100 193 59
100 193 60
100 193 61
100 193 62
100 193 63
100 194 56
100 194 57
100 194 58
100 194 59
100 194 60
100 194 61
100 194 62
100 194 63
100 195 53
100 195 54
100 195 55
100 195 56
100 195 57
100 195 58
100 195 59
100 195 60
100 195 61
100 195 62
100 195 63
100 196 53
100 196 54
100 196 55
100 196 56
100 196 57
100 196 58
100 196 59
100 196 60
100 196 61
100 196 62
100 196 63
100 197 50
100 197 51
100 197 52
100 197 53
100 197 55
100 197 56
100 197 57
100 197 58
100 197 59
100 197 60
100 197 62
100 197 63
100 198 49
100 198 50
100 198 51
100 198 52
100 198 53
100 198 54
100 198 55
100 198 56
100 198 57
100 198 59
100 198 60
100 198 61
100 198 63
100 199 48
100 199 50
100 199 51
100 199 52
100 199 53
100 199 54
100 199 55
100 199 56
100 199 57
100 199 60
100 199 63
100 200 48
100 200 49
100 200 50
100 200 51
100 200 52
100 200 53
100 200 54
100 200 55
100 200 56
100 200 57
100 200 58
100 201 48
100 201 49
100 201 50
100 201 51
100 201 52
100 201 53
100 201 54
100 201 55
100 201 56
100 201 57
100 202 48
100 202 49
100 202 50
100 202 51
100 202 52
100 202 53
100 202 54
100 202 55
100 203 48
100 203 49
100 203 50
100 203 51
100 203 52
100 203 53
100 203 54
100 203 55
100 203 56
100 204 48
100 204 49
100 204 50
100 204 51
100 204 52
100 204 53
100 204 54
100 204 55
100 204 56
100 204 57
100 205 49
100 205 50
100 205 51
100 205 52
100 205 53
100 205 54
100 205 56
100 205 57
100 206 51
100 206 52
100 206 54
100 206 55
100 206 56
101 193 56
101 193 57
101 193 58
101 193 60
101 193 61
101 193 62
101 193 63
101 194 56
101 194 57
101 194 59
101 194 60
101 194 61
101 194 62
101 194 63
101 195 55
101 195 56
101 195 57
101 195 58
101 195 59
101 195 60
101 195 61
101 195 62
101 195 63
101 196 55
101 196 56
101 196 57
101 196 58
101 196 59
101 196 60
101 196 61
101 196 62
101 196 63
101 197 56
101 197 57
101 197 58
101 197 60
101 197 61
101 197 62
101 197 63
101 198 51
101 198 52
101 198 54
101 198 55
101 198 60
101 199 48
101 199 49
101 199 50
101 199 51
101 199 52
101 199 53
101 199 54
101 199 55
101 199 56
101 200 48
101 200 49
101 200 50
101 200 51
101 200 52
101 200 53
101 200 54
101 200 55
101 200 56
101 201 48
101 201 49
101 201 50
101 201 51
101 201 52
101 201 53
101 201 54
101 201 55
101 201 56
101 201 57
101 202 48
101 202 49
101 202 50
101 202 51
101 202 52
101 202 53
101 202 54
101 202 55
101 202 56
101 202 57
101 203 48
101 203 49
101 203 50
101 203 51
101 203 52
101 203 53
101 203 54
101 203 55
101 203 56
101 203 57
101 203 58
101 204 48
101 204 49
101 204 50
101 204 51
101 204 52
101 204 53
101 204 54
101 204 55
101 204 56
101 204 57
101 205 49
101 205 50
101 205 51
101 205 52
101 205 53
101 205 54
101 205 55
101 206 49
101 206 51
101 206 52
101 206 53
101 206 55
101 207 49
101 207 53
102 193 58
102 193 60
102 193 61
102 193 62
102 193 63
102 194 56
102 194 57
102 194 60
102 194 62
102 194 63
102 195 55
102 195 56
102 195 57
102 195 58
102 195 60
102 195 61
102 195 62
102 195 63
102 196 52
102 196 53
102 196 55
102 196 56
102 196 57
102 196 58
102 196 59
102 196 60
102 196 61
102 196 62
102 196 63
102 197 51
102 197 52
102 197 53
102 197 56
102 197 57
102 197 58
102 197 60
102 197 63
102 198 51
102 198 52
102 198 53
102 198 55
102 198 58
102 199 48
102 199 49
102 199 50
102 199 51
102 199 52
102 199 53
102 199 54
102 199 55
102 199 56
102 200 48
102 200 49
102 200 50
102 200 51
102 200 52
102 200 53
102 200 54
102 201 48
102 201 49
102 201 50
102 201 51
102 201 52
102 201 53
102 201 54
102 201 55
102 201 56
102 201 57
102 202 48
102 202 49
102 202 50
102 202 51
102 202 52
102 202 53
102 202 54
102 202 55
102 202 56
102 202 57
102 203 48
102 203 49
102 203 50
102 203 51
102 203 52
102 203 53
102 203 54
102 203 55
102 203 56
102 203 57
102 204 49
102 204 50
102 204 51
102 204 52
102 204 53
102 204 54
102 204 55
102 204 56
102 204 57
102 205 49
102 205 51
102 205 52
102 205 53
102 205 54
102 205 55
102 205 56
102 206 49
102 206 52
102 206 53
102 206 56
102 224 63
103 193 59
103 193 60
103 193 61
103 193 62
103 193 63
103 194 59
103 194 61
103 194 62
103 194 63
103 195 58
103 195 61
103 195 62
103 195 63
103 196 52
103 196 57
103 196 58
103 196 59
103 196 60
103 196 61
103 196 62
103 196 63
103 197 50
103 197 51
103 197 52
103 197 57
103 197 58
103 197 63
103 198 48
103 198 49
103 198 50
103 198 51
103 198 52
103 198 53
103 198 54
103 199 48
103 199 49
103 199 50
103 199 51
103 199 52
103 199 53
103 199 54
103 199 55
103 200 48
103 200 49
103 200 50
103 200 51
103 200 52
103 200 53
103 200 54
103 200 55
103 200 56
103 201 48
103 201 49
103 201 50
103 201 51
103 201 52
103 201 53
103 201 54
103 201 55
103 201 56
103 201 57
103 202 48
103 202 49
103 202 50
103 202 51
103 202 52
103 202 53
103 202 54
103 202 55
103 202 56
103 202 57
103 202 58
103 203 48
103 203 49
103 203 50
103 203 51
103 203 52
103 203 53
103 203 54
103 203 55
103 203 56
103 204 48
103 204 49
103 204 50
103 204 51
103 204 52
103 204 53
103 204 54
103 204 55
103 205 49
103 205 50
103 205 51
103 205 52
103 205 53
103 205 54
103 205 55
103 206 49
103 206 52
103 206 53
103 207 53
103 224 62
103 224 63
104 193 59
104 193 60
104 193 61
104 193 62
104 193 63
104 194 59
104 194 60
104 194 62
104 194 63
104 195 59
104 195 60
104 195 61
104 195 62
104 195 63
104 196 54
104 196 58
104 196 60
104 196 62
104 196 63
104 197 48
104 197 49
104 197 50
104 197 51
104 197 52
104 197 53
104 197 54
104 197 61
104 197 62
104 197 63
104 198 49
104 198 50
104 198 51
104 198 52
104 198 53
104 198 55
104 198 56
104 198 63
104 199 48
104 199 49
104 199 50
104 199 51
104 199 52
104 199 55
104 199 56
104 199 57
104 199 63
104 200 48
104 200 49
104 200 50
104 200 51
104 200 52
104 200 53
104 200 54
104 200 55
104 200 57
104 200 63
104 201 48
104 201 49
104 201 50
104 201 51
104 201 52
104 201 53
104 201 54
104 201 55
104 201 56
104 201 57
104 202 48
104 202 49
104 202 50
104 202 51
104 202 52
104 202 53
104 202 54
104 202 55
104 202 56
104 202 57
104 203 48
104 203 49
104 203 50
104 203 51
104 203 52
104 203 53
104 203 54
104 203 55
104 203 56
104 203 57
104 204 48
104 204 49
104 204 50
104 204 51
104 204 52
104 204 53
104 204 54
104 204 55
104 204 56
104 205 48
104 205 49
104 205 50
104 205 51
104 205 52
104 205 53
104 205 54
104 206 50
104 206 51
104 206 53
104 206 54
104 206 55
104 207 51
104 223 62
104 223 63
104 224 61
104 224 62
104 224 63
105 193 58
105 193 59
105 193 60
105 193 61
105 193 62
105 193 63
105 194 52
105 194 58
105 194 59
105 194 60
105 194 61
105 194 62
105 194 63
105 195 52
105 195 59
105 195 60
105 195 61
105 195 62
105 195 63
105 196 48
105 196 50
105 196 51
105 196 52
105 196 54
105 196 55
105 196 60
105 196 61
105 196 62
105 196 63
105 197 48
105 197 49
105 197 51
105 197 52
105 197 53
105 197 54
105 197 61
105 197 62
105 197 63
105 198 49
105 198 50
105 198 51
105 198 52
105 198 53
105 198 54
105 198 55
105 198 56
105 198 57
105 198 62
105 198 63
105 199 48
105 199 49
105 199 50
105 199 51
105 199 52
105 199 53
105 199 54
105 199 55
105 199 56
105 199 57
105 199 62
105 200 48
105 200 49
105 200 50
105 200 51
105 200 52
105 200 53
105 200 54
105 200 55
105 200 56
105 200 57
105 201 48
105 201 49
105 201 50
105 201 51
105 201 52
105 201 53
105 201 54
105 201 55
105 201 56
105 202 48
105 202 49
105 202 50
105 202 51
105 202 52
105 202 53
105 202 54
105 202 55
105 202 56
105 202 57
105 203 48
105 203 49
105 203 50
105 203 51
105 203 52
105 203 53
105 203 54
105 203 55
105 203 58
105 204 48
105 204 49
105 204 50
105 204 51
105 204 52
105 204 53
105 204 54
105 204 55
105 204 56
105 204 57
105 205 48
105 205 49
105 205 50
105 205 51
105 205 52
105 205 53
105 205 54
105 205 55
105 206 48
105 206 52
105 206 53
105 206 54
105 206 55
105 207 52
105 207 53
105 223 61
105 223 62
105 223 63
105 224 61
105 224 62
105 224 63
106 193 60
106 193 61
106 193 62
106 193 63
106 194 60
106 194 61
106 194 62
106 194 63
106 195 60
106 195 62
106 195 63
106 196 48
106 196 52
106 196 53
106 196 61
106 196 62
106 196 63
106 197 49
106 197 51
106 197 52
106 197 53
106 197 62
106 197 63
106 198 48
106 198 49
106 198 50
106 198 52
106 198 53
106 198 54
106 198 58
106 198 61
106 198 62
106 198 63
106 199 48
106 199 49
106 199 50
106 199 51
106 199 52
106 199 53
106 199 54
106 199 55
106 199 56
106 199 57
106 199 58
106 199 60
106 199 62
106 199 63
106 200 48
106 200 49
106 200 50
106 200 51
106 200 52
106 200 53
106 200 54
106 200 55
106 200 56
106 200 57
106 200 60
106 200 61
106 200 62
106 201 48
106 201 49
106 201 50
106 201 51
106 201 52
106 201 53
106 201 54
106 201 55
106 201 56
106 201 57
106 201 58
106 202 48
106 202 49
106 202 50
106 202 51
106 202 52
106 202 53
106 202 54
106 202 55
106 202 56
106 202 57
106 202 58
106 202 59
106 203 48
106 203 49
106 203 50
106 203 51
106 203 52
106 203 53
106 203 54
106 203 55
106 203 56
106 203 57
106 203 58
106 204 48
106 204 49
106 204 50
106 204 51
106 204 52
106 204 53
106 204 55
106 204 56
106 204 57
106 205 48
106 205 50
106 205 51
106 205 52
106 205 55
106 206 49
106 206 50
106 206 51
106 206 53
106 222 62
106 223 61
106 223 63
106 224 61
106 224 62
107 193 60
107 193 61
107 193 62
107 193 63
107 194 59
107 194 60
107 194 62
107 194 63
107 195 51
107 195 61
107 195 62
107 195 63
107 196 50
107 196 51
107 196 52
107 196 61
107 196 62
107 197 48
107 197 50
107 197 51
107 197 52
107 197 58
107 197 62
107 197 63
107 198 48
107 198 49
107 198 51
107 198 52
107 198 53
107 198 54
107 198 56
107 198 57
107 198 58
107 198 59
107 198 60
107 198 61
107 198 62
107 198 63
107 199 49
107 199 50
107 199 51
107 199 52
107 199 53
107 199 55
107 199 56
107 199 57
107 199 58
107 199 59
107 199 61
107 199 62
107 200 48
107 200 49
107 200 50
107 200 51
107 200 52
107 200 53
107 200 54
107 200 55
107 200 56
107 200 57
107 200 59
107 200 60
107 200 61
107 200 62
107 201 48
107 201 49
107 201 50
107 201 51
107 201 52
107 201 53
107 201 54
107 201 55
107 201 56
107 201 57
107 201 59
107 201 60
107 201 61
107 202 48
107 202 49
107 202 50
107 202 51
107 202 52
107 202 53
107 202 54
107 202 55
107 202 56
107 202 57
107 202 58
107 202 59
107 202 61
107 203 48
107 203 49
107 203 50
107 203 51
107 203 52
107 203 53
107 203 54
107 203 55
107 203 56
107 203 57
107 203 58
107 203 61
107 204 49
107 204 50
107 204 51
107 204 52
107 204 53
107 204 54
107 204 55
107 204 56
107 204 57
107 205 49
107 205 50
107 205 51
107 205 52
107 205 53
107 205 55
107 206 48
107 206 49
107 206 50
107 206 51
107 206 52
107 206 53
107 206 54
107 207 49
107 207 50
107 207 51
107 207 53
107 208 50
107 221 62
107 221 63
107 222 62
107 222 63
107 223 61
107 223 62
107 223 63
107 224 60
107 224 62
107 224 63
108 193 61
108 193 62
108 193 63
108 194 62
108 194 63
108 195 62
108 195 63
108 196 51
108 196 52
108 196 58
108 196 60
108 196 62
108 197 51
108 197 52
108 197 53
108 197 59
108 197 60
108 197 61
108 197 62
108 198 49
108 198 50
108 198 51
108 198 52
108 198 53
108 198 58
108 198 59
108 198 60
108 198 61
108 198 62
108 198 63
108 199 49
108 199 50
108 199 51
108 199 52
108 199 53
108 199 54
108 199 55
108 199 56
108 199 57
108 199 58
108 199 59
108 199 60
108 199 61
108 199 62
108 200 48
108 200 49
108 200 50
108 200 51
108 200 52
108 200 53
108 200 54
108 200 55
108 200 56
108 200 57
108 200 58
108 200 59
108 200 60
108 200 61
108 200 62
108 201 48
108 201 49
108 201 50
108 201 52
108 201 53
108 201 54
108 201 55
108 201 56
108 201 58
108 201 59
108 201 60
108 201 61
108 202 48
108 202 49
108 202 50
108 202 51
108 202 52
108 202 53
108 202 54
108 202 55
108 202 56
108 202 57
108 202 58
108 202 59
108 202 60
108 202 61
108 202 62
108 203 48
108 203 49
108 203 50
108 203 51
108 203 52
108 203 53
108 203 54
108 203 55
108 203 56
108 203 57
108 203 58
108 203 60
108 203 61
108 204 48
108 204 49
108 204 50
108 204 51
108 204 52
108 204 53
108 204 55
108 204 56
108 204 58
108 204 61
108 205 48
108 205 49
108 205 51
108 205 52
108 205 53
108 205 54
108 205 55
108 205 56
108 206 49
108 206 50
108 206 51
108 206 52
108 206 53
108 221 63
108 222 61
108 222 62
108 222 63
108 223 59
108 223 61
108 223 62
108 223 63
108 224 50
108 224 51
108 224 52
108 224 53
108 224 54
108 224 59
108 224 60
108 224 61
108 224 62
108 224 63
109 193 62
109 193 63
109 194 62
109 194 63
109 195 63
109 196 57
109 196 58
109 196 59
109 196 60
109 196 61
109 196 62
109 196 63
109 197 58
109 197 59
109 197 60
109 197 61
109 197 62
109 197 63
109 198 49
109 198 51
109 198 56
109 198 58
109 198 59
109 198 60
109 198 61
109 198 62
109 198 63
109 199 48
109 199 51
109 199 52
109 199 53
109 199 56
109 199 57
109 199 58
109 199 59
109 199 60
109 199 62
109 199 63
109 200 48
109 200 49
109 200 50
109 200 51
109 200 52
109 200 53
109 200 54
109 200 55
109 200 56
109 200 58
109 200 59
109 200 60
109 200 61
109 200 62
109 200 63
109 201 48
109 201 49
109 201 50
109 201 52
109 201 53
109 201 54
109 201 56
109 201 58
109 201 59
109 201 60
109 201 61
109 201 62
109 202 48
109 202 49
109 202 50
109 202 51
109 202 52
109 202 53
109 202 54
109 202 55
109 202 56
109 202 57
109 202 58
109 202 59
109 202 60
109 202 61
109 202 62
109 202 63
109 203 48
109 203 49
109 203 50
109 203 51
109 203 52
109 203 53
109 203 54
109 203 57
109 203 58
109 203 60
109 203 61
109 203 62
109 204 48
109 204 49
109 204 50
109 204 51
109 204 52
109 204 53
109 204 54
109 204 55
109 204 58
109 204 60
109 204 61
109 205 48
109 205 50
109 205 51
109 205 52
109 205 53
109 205 55
109 205 58
109 205 59
109 205 60
109 221 63
109 222 62
109 222 63
109 223 51
109 223 62
109 223 63
109 224 51
109 224 52
109 224 53
109 224 54
109 224 56
109 224 60
109 224 61
109 224 62
109 224 63
110 193 61
110 193 62
110 194 60
110 194 61
110 194 62
110 194 63
110 195 59
110 195 63
110 196 57
110 196 58
110 196 59
110 196 60
110 196 61
110 197 57
110 197 58
110 197 59
110 197 60
110 197 61
110 197 62
110 197 63
110 198 48
110 198 51
110 198 55
110 198 58
110 198 59
110 198 60
110 198 61
110 198 62
110 198 63
110 199 48
110 199 49
110 199 50
110 199 51
110 199 53
110 199 55
110 199 56
110 199 57
110 199 58
110 199 59
110 199 60
110 199 61
110 199 62
110 199 63
110 200 48
110 200 49
110 200 50
110 200 51
110 200 53
110 200 54
110 200 56
110 200 57
110 200 59
110 200 60
110 200 61
110 200 62
110 200 63
110 201 48
110 201 49
110 201 52
110 201 53
110 201 54
110 201 56
110 201 57
110 201 59
110 201 60
110 201 61
110 201 62
110 201 63
110 202 48
110 202 49
110 202 50
110 202 51
110 202 52
110 202 53
110 202 54
110 202 56
110 202 57
110 202 58
110 202 59
110 202 60
110 202 61
110 202 63
110 203 48
110 203 50
110 203 51
110 203 52
110 203 53
110 203 54
110 203 57
110 203 58
110 203 59
110 203 60
110 203 62
110 203 63
110 204 48
110 204 49
110 204 50
110 204 52
110 204 53
110 204 58
110 204 59
110 204 60
110 204 61
110 204 62
110 205 53
110 205 58
110 205 59
110 205 60
110 206 59
110 206 60
110 222 63
110 223 57
110 223 63
110 224 55
110 224 56
110 224 60
110 224 61
110 224 62
110 224 63
111 193 59
111 193 60
111 193 62
111 194 59
111 194 60
111 194 61
111 194 62
111 195 48
111 195 59
111 195 60
111 195 61
111 195 62
111 196 57
111 196 58
111 196 59
111 196 60
111 196 61
111 196 62
111 196 63
111 197 55
111 197 57
111 197 58
111 197 59
111 197 60
111 197 61
111 197 62
111 197 63
111 198 48
111 198 51
111 198 55
111 198 56
111 198 57
111 198 58
111 198 59
111 198 60
111 198 61
111 198 62
111 198 63
111 199 48
111 199 49
111 199 50
111 199 51
111 199 53
111 199 54
111 199 55
111 199 56
111 199 57
111 199 58
111 199 59
111 199 60
111 199 61
111 199 62
111 199 63
111 200 48
111 200 49
111 200 50
111 200 51
111 200 54
111 200 55
111 200 56
111 200 57
111 200 58
111 200 59
111 200 60
111 200 61
111 200 62
111 200 63
111 201 48
111 201 49
111 201 50
111 201 51
111 201 52
111 201 53
111 201 54
111 201 55
111 201 56
111 201 57
111 201 59
111 201 60
111 201 61
111 201 62
111 201 63
111 202 48
111 202 49
111 202 50
111 202 51
111 202 52
111 202 53
111 202 54
111 202 55
111 202 58
111 202 59
111 202 60
111 202 61
111 202 62
111 202 63
111 203 48
111 203 49
111 203 50
111 203 51
111 203 52
111 203 53
111 203 54
111 203 57
111 203 58
111 203 59
111 203 60
111 203 61
111 203 62
111 203 63
111 204 48
111 204 49
111 204 53
111 204 56
111 204 57
111 204 58
111 204 59
111 204 60
111 204 61
111 204 62
111 204 63
111 205 57
111 205 58
111 205 59
111 205 60
111 205 61
111 205 62
111 205 63
111 206 58
111 206 60
111 206 61
111 206 62
111 222 63
111 223 57
111 223 58
111 223 63
111 224 55
111 224 56
111 224 62
111 224 63
96 225 50
96 225 51
96 225 52
96 225 53
96 225 56
96 225 62
96 225 63
96 226 50
96 226 51
96 226 52
96 226 56
96 226 57
96 227 48
96 227 49
96 227 51
96 227 52
96 227 53
96 227 54
96 227 56
96 227 57
96 228 48
96 228 49
96 228 50
96 228 51
96 228 52
96 228 53
96 228 54
96 228 55
96 228 56
96 228 57
96 228 60
96 228 61
96 228 62
96 228 63
96 229 48
96 229 49
96 229 50
96 229 51
96 229 52
96 229 53
96 229 54
96 229 55
96 229 56
96 229 57
96 229 58
96 229 59
96 229 60
96 229 61
96 229 63
96 230 48
96 230 49
96 230 50
96 230 51
96 230 52
96 230 53
96 230 54
96 230 55
96 230 56
96 230 57
96 230 58
96 230 59
96 230 60
96 230 61
96 230 63
96 231 48
96 231 49
96 231 50
96 231 51
96 231 52
96 231 53
96 231 54
96 231 55
96 231 56
96 231 57
96 231 58
96 231 59
96 231 60
96 231 61
96 231 63
96 232 48
96 232 49
96 232 50
96 232 51
96 232 52
96 232 53
96 232 54
96 232 55
96 232 56
96 232 57
96 232 58
96 232 59
96 232 60
96 232 61
96 232 62
96 232 63
96 233 48
96 233 49
96 233 50
96 233 51
96 233 52
96 233 53
96 233 54
96 233 55
96 233 56
96 233 57
96 233 58
96 233 59
96 233 60
96 233 61
96 233 63
96 234 48
96 234 49
96 234 50
96 234 51
96 234 52
96 234 53
96 234 54
96 234 55
96 234 56
96 234 57
96 234 58
96 234 59
96 234 60
96 234 61
96 234 62
96 234 63
96 235 48
96 235 49
96 235 50
96 235 51
96 235 52
96 235 53
96 235 54
96 235 55
96 235 56
96 235 57
96 235 58
96 235 59
96 235 60
96 235 61
96 235 62
96 235 63
96 236 48
96 236 49
96 236 50
96 236 51
96 236 52
96 236 53
96 236 54
96 236 55
96 236 56
96 236 57
96 236 58
96 236 59
96 236 60
96 236 61
96 236 62
96 236 63
96 237 48
96 237 49
96 237 50
96 237 51
96 237 52
96 237 53
96 237 54
96 237 55
96 237 56
96 237 57
96 237 58
96 237 59
96 237 60
96 237 61
96 237 62
96 237 63
96 238 48
96 238 49
96 238 50
96 238 51
96 238 52
96 238 53
96 238 54
96 238 55
96 238 56
96 238 57
96 238 58
96 238 59
96 238 60
96 238 61
96 238 62
96 238 63
96 239 48
96 239 49
96 239 50
96 239 51
96 239 52
96 239 53
96 239 54
96 239 55
96 239 56
96 239 57
96 239 58
96 239 59
96 239 60
96 239 61
96 239 62
96 239 63
96 240 48
96 240 49
96 240 50
96 240 51
96 240 52
96 240 53
96 240 55
96 240 56
96 240 57
96 240 58
96 240 59
96 240 60
96 240 61
96 240 62
96 240 63
96 241 48
96 241 49
96 241 50
96 241 51
96 241 55
96 241 56
96 241 57
96 241 58
96 241 60
96 241 62
96 241 63
96 242 48
96 242 49
96 242 50
96 242 51
96 242 58
96 242 59
96 242 60
96 242 61
96 242 62
96 243 59
96 244 59
97 225 52
97 225 63
97 226 51
97 226 52
97 226 53
97 226 56
97 227 48
97 227 49
97 227 50
97 227 51
97 227 52
97 227 53
97 227 54
97 227 55
97 227 56
97 227 57
97 227 58
97 228 48
97 228 49
97 228 50
97 228 51
97 228 52
97 228 53
97 228 54
97 228 55
97 228 56
97 228 57
97 228 58
97 228 63
97 229 48
97 229 49
97 229 50
97 229 51
97 229 52
97 229 53
97 229 54
97 229 55
97 229 56
97 229 57
97 229 58
97 229 62
97 229 63
97 230 48
97 230 49
97 230 50
97 230 51
97 230 52
97 230 53
97 230 54
97 230 55
97 230 56
97 230 57
97 230 58
97 230 60
97 230 63
97 231 48
97 231 49
97 231 50
97 231 51
97 231 52
97 231 53
97 231 54
97 231 55
97 231 56
97 231 57
97 231 58
97 231 59
97 231 60
97 231 61
97 231 62
97 231 63
97 232 48
97 232 49
97 232 50
97 232 51
97 232 52
97 232 53
97 232 54
97 232 55
97 232 56
97 232 57
97 232 58
97 232 59
97 232 60
97 232 61
97 232 62
97 232 63
97 233 48
97 233 49
97 233 50
97 233 51
97 233 52
97 233 53
97 233 54
97 233 55
97 233 56
97 233 57
97 233 58
97 233 60
97 233 61
97 233 62
97 233 63
97 234 48
97 234 49
97 234 50
97 234 51
97 234 52
97 234 53
97 234 54
97 234 55
97 234 56
97 234 57
97 234 58
97 234 59
97 234 60
97 234 61
97 234 62
97 234 63
97 235 48
97 235 49
97 235 50
97 235 51
97 235 52
97 235 53
97 235 54
97 235 55
97 235 56
97 235 57
97 235 58
97 235 59
97 235 60
97 235 61
97 235 62
97 235 63
97 236 48
97 236 49
97 236 50
97 236 51
97 236 52
97 236 53
97 236 54
97 236 55
97 236 56
97 236 57
97 236 58
97 236 59
97 236 60
97 236 61
97 236 62
97 236 63
97 237 48
97 237 49
97 237 50
97 237 51
97 237 52
97 237 53
97 237 54
97 237 55
97 237 56
97 237 57
97 237 58
97 237 59
97 237 60
97 237 61
97 237 62
97 237 63
97 238 48
97 238 49
97 238 50
97 238 51
97 238 52
97 238 53
97 238 54
97 238 55
97 238 56
97 238 57
97 238 58
97 238 59
97 238 60
97 238 61
97 238 62
97 238 63
97 239 48
97 239 49
97 239 51
97 239 52
97 239 53
97 239 54
97 239 55
97 239 56
97 239 57
97 239 58
97 239 59
97 239 60
97 239 61
97 239 62
97 239 63
97 240 48
97 240 49
97 240 50
97 240 51
97 240 52
97 240 53
97 240 54
97 240 55
97 240 58
97 240 59
97 240 60
97 240 61
97 240 62
97 240 63
97 241 48
97 241 49
97 241 50
97 241 51
97 241 53
97 241 57
97 241 58
97 241 60
97 241 61
97 241 62
97 241 63
97 242 48
97 242 49
97 242 50
97 242 59
97 242 60
97 242 61
97 242 62
97 242 63
97 243 48
97 243 49
97 243 60
97 243 63
97 244 48
97 245 48
98 225 60
98 225 61
98 225 62
98 225 63
98 226 48
98 226 52
98 226 54
98 226 62
98 226 63
98 227 48
98 227 50
98 227 51
98 227 52
98 227 53
98 227 54
98 227 62
98 227 63
98 228 48
98 228 49
98 228 50
98 228 51
98 228 52
98 228 53
98 228 54
98 228 55
98 228 56
98 228 58
98 229 48
98 229 49
98 229 50
98 229 51
98 229 52
98 229 53
98 229 54
98 229 55
98 229 56
98 229 57
98 229 58
98 229 63
98 230 48
98 230 49
98 230 50
98 230 51
98 230 52
98 230 53
98 230 54
98 230 55
98 230 56
98 230 57
98 230 58
98 230 63
98 231 48
98 231 49
98 231 50
98 231 51
98 231 52
98 231 53
98 231 54
98 231 55
98 231 56
98 231 57
98 231 58
98 231 59
98 231 61
98 231 63
98 232 48
98 232 49
98 232 50
98 232 51
98 232 52
98 232 53
98 232 54
98 232 55
98 232 56
98 232 57
98 232 58
98 232 59
98 232 60
98 232 61
98 232 62
98 232 63
98 233 48
98 233 49
98 233 50
98 233 51
98 233 52
98 233 53
98 233 54
98 233 55
98 233 56
98 233 57
98 233 58
98 233 59
98 233 60
98 233 61
98 233 62
98 234 48
98 234 49
98 234 50
98 234 51
98 234 52
98 234 53
98 234 54
98 234 55
98 234 56
98 234 57
98 234 58
98 234 59
98 234 60
98 234 61
98 234 62
98 234 63
98 235 48
98 235 49
98 235 50
98 235 51
98 235 52
98 235 53
98 235 54
98 235 55
98 235 56
98 235 57
98 235 58
98 235 59
98 235 60
98 235 61
98 235 62
98 235 63
98 236 48
98 236 49
98 236 50
98 236 51
98 236 52
98 236 53
98 236 54
98 236 55
98 236 56
98 236 57
98 236 58
98 236 59
98 236 60
98 236 61
98 236 63
98 237 48
98 237 49
98 237 50
98 237 51
98 237 52
98 237 53
98 237 54
98 237 55
98 237 56
98 237 57
98 237 58
98 237 59
98 237 60
98 237 61
98 237 62
98 237 63
98 238 48
98 238 49
98 238 50
98 238 51
98 238 52
98 238 53
98 238 54
98 238 55
98 238 56
98 238 57
98 238 58
98 238 59
98 238 60
98 238 61
98 238 62
98 238 63
98 239 48
98 239 49
98 239 50
98 239 51
98 239 52
98 239 53
98 239 54
98 239 55
98 239 56
98 239 57
98 239 58
98 239 59
98 239 60
98 239 61
98 239 63
98 240 48
98 240 49
98 240 50
98 240 51
98 240 52
98 240 56
98 240 58
98 240 59
98 240 60
98 240 61
98 240 62
98 240 63
98 241 48
98 241 49
98 241 51
98 241 56
98 241 57
98 241 58
98 241 59
98 241 60
98 241 61
98 242 48
98 242 49
98 242 50
98 242 58
98 242 60
98 243 48
98 243 60
98 244 48
99 225 61
99 226 48
99 226 49
99 226 50
99 226 63
99 227 48
99 227 49
99 227 50
99 227 51
99 227 54
99 227 63
99 228 48
99 228 49
99 228 50
99 228 51
99 228 52
99 228 55
99 229 48
99 229 49
99 229 50
99 229 51
99 229 52
99 229 53
99 229 54
99 229 55
99 229 56
99 229 57
99 229 63
99 230 48
99 230 49
99 230 50
99 230 51
99 230 52
99 230 53
99 230 54
99 230 55
99 230 56
99 230 57
99 230 58
99 231 48
99 231 49
99 231 50
99 231 51
99 231 52
99 231 53
99 231 54
99 231 55
99 231 56
99 231 57
99 231 58
99 231 61
99 232 48
99 232 49
99 232 50
99 232 51
99 232 52
99 232 53
99 232 54
99 232 55
99 232 56
99 232 57
99 232 58
99 232 59
99 232 62
99 232 63
99 233 48
99 233 49
99 233 50
99 233 51
99 233 52
99 233 53
99 233 54
99 233 55
99 233 56
99 233 57
99 233 58
99 233 59
99 233 60
99 233 61
99 233 62
99 233 63
99 234 48
99 234 49
99 234 50
99 234 51
99 234 52
99 234 53
99 234 54
99 234 55
99 234 56
99 234 57
99 234 58
99 234 59
99 234 61
99 234 62
99 234 63
99 235 48
99 235 49
99 235 50
99 235 51
99 235 52
99 235 53
99 235 54
99 235 55
99 235 56
99 235 57
99 235 58
99 235 60
99 235 61
99 235 62
99 235 63
99 236 48
99 236 49
99 236 50
99 236 51
99 236 52
99 236 53
99 236 54
99 236 55
99 236 56
99 236 57
99 236 58
99 236 59
99 236 60
99 236 61
99 236 62
99 236 63
99 237 48
99 237 49
99 237 50
99 237 51
99 237 52
99 237 53
99 237 54
99 237 55
99 237 56
99 237 57
99 237 58
99 237 59
99 237 60
99 237 61
99 237 62
99 237 63
99 238 48
99 238 49
99 238 50
99 238 51
99 238 52
99 238 53
99 238 54
99 238 55
99 238 56
99 238 57
99 238 58
99 238 59
99 238 60
99 238 61
99 238 62
99 238 63
99 239 48
99 239 49
99 239 50
99 239 51
99 239 52
99 239 53
99 239 55
99 239 56
99 239 57
99 239 58
99 239 59
99 239 60
99 239 61
99 239 62
99 239 63
99 240 48
99 240 49
99 240 50
99 240 51
99 240 52
99 240 53
99 240 58
99 240 59
99 240 61
99 240 63
99 241 48
99 241 49
99 241 50
99 241 51
99 241 58
99 241 59
99 241 63
99 242 48
99 242 49
99 242 50
99 242 58
99 242 59
99 243 48
99 243 49
100 225 48
100 225 49
100 225 63
100 226 48
100 226 49
100 226 50
100 226 62
100 227 48
100 227 49
100 227 50
100 227 51
100 227 55
100 227 56
100 227 61
100 227 62
100 228 48
100 228 49
100 228 50
100 228 51
100 228 52
100 228 53
100 228 54
100 228 55
100 228 56
100 228 57
100 228 62
100 228 63
100 229 48
100 229 49
100 229 50
100 229 51
100 229 52
100 229 53
100 229 54
100 229 55
100 229 56
100 229 58
100 229 62
100 229 63
100 230 48
100 230 49
100 230 50
100 230 51
100 230 52
100 230 53
100 230 54
100 230 55
100 230 56
100 230 57
100 230 58
100 230 61
100 230 62
100 230 63
100 231 48
100 231 49
100 231 50
100 231 51
100 231 52
100 231 53
100 231 54
100 231 55
100 231 56
100 231 57
100 231 58
100 231 59
100 231 61
100 231 62
100 232 48
100 232 49
100 232 50
100 232 51
100 232 52
100 232 53
100 232 54
100 232 55
100 232 56
100 232 57
100 232 58
100 232 61
100 232 62
100 232 63
100 233 48
100 233 49
100 233 50
100 233 51
100 233 52
100 233 53
100 233 54
100 233 55
100 233 56
100 233 57
100 233 58
100 233 59
100 233 60
100 233 61
100 233 62
100 233 63
100 234 48
100 234 49
100 234 50
100 234 51
100 234 52
100 234 53
100 234 54
100 234 55
100 234 56
100 234 57
100 234 58
100 234 59
100 234 60
100 234 61
100 234 62
100 234 63
100 235 48
100 235 49
100 235 50
100 235 51
100 235 52
100 235 53
100 235 54
100 235 55
100 235 56
100 235 57
100 235 58
100 235 59
100 235 61
100 235 63
100 236 48
100 236 49
100 236 50
100 236 51
100 236 52
100 236 53
100 236 54
100 236 55
100 236 56
100 236 57
100 236 58
100 236 59
100 236 60
100 236 61
100 236 62
100 236 63
100 237 48
100 237 49
100 237 50
100 237 51
100 237 52
100 237 53
100 237 54
100 237 55
100 237 56
100 237 57
100 237 58
100 237 59
100 237 60
100 237 62
100 237 63
100 238 48
100 238 49
100 238 50
100 238 51
100 238 52
100 238 53
100 238 54
100 238 55
100 238 56
100 238 57
100 238 58
100 238 59
100 238 60
100 238 61
100 238 62
100 238 63
100 239 48
100 239 49
100 239 50
100 239 51
100 239 52
100 239 53
100 239 57
100 239 58
100 239 59
100 239 60
100 239 61
100 239 62
100 240 48
100 240 49
100 240 50
100 240 51
100 240 52
100 240 53
100 240 58
100 240 60
100 240 61
100 240 62
100 241 48
100 241 49
100 241 50
100 241 51
100 241 52
100 241 61
100 242 48
100 242 49
100 242 50
101 225 48
101 225 63
101 226 48
101 226 49
101 226 61
101 226 62
101 227 48
101 227 49
101 227 50
101 227 51
101 227 53
101 227 56
101 227 60
101 227 61
101 227 62
101 227 63
101 228 48
101 228 49
101 228 50
101 228 51
101 228 52
101 228 53
101 228 54
101 228 55
101 228 56
101 228 57
101 228 58
101 228 63
101 229 48
101 229 49
101 229 50
101 229 51
101 229 52
101 229 53
101 229 54
101 229 55
101 229 56
101 229 57
101 229 58
101 229 61
101 229 62
101 229 63
101 230 48
101 230 49
101 230 50
101 230 51
101 230 52
101 230 53
101 230 54
101 230 55
101 230 56
101 230 57
101 230 58
101 230 59
101 230 63
101 231 48
101 231 49
101 231 50
101 231 51
101 231 52
101 231 53
101 231 54
101 231 55
101 231 56
101 231 57
101 231 58
101 231 59
101 231 60
101 231 61
101 231 62
101 231 63
101 232 48
101 232 49
101 232 50
101 232 51
101 232 52
101 232 53
101 232 54
101 232 55
101 232 56
101 232 57
101 232 58
101 232 59
101 232 60
101 232 61
101 232 62
101 232 63
101 233 48
101 233 49
101 233 50
101 233 51
101 233 52
101 233 53
101 233 54
101 233 55
101 233 56
101 233 57
101 233 58
101 233 59
101 233 61
101 233 62
101 233 63
101 234 48
101 234 49
101 234 50
101 234 51
101 234 52
101 234 53
101 234 54
101 234 55
101 234 56
101 234 57
101 234 58
101 234 59
101 234 60
101 234 62
101 234 63
101 235 48
101 235 49
101 235 50
101 235 51
101 235 52
101 235 53
101 235 54
101 235 55
101 235 56
101 235 57
101 235 58
101 235 59
101 235 60
101 235 61
101 235 62
101 235 63
101 236 48
101 236 49
101 236 50
101 236 51
101 236 52
101 236 53
101 236 54
101 236 55
101 236 56
101 236 58
101 236 59
101 236 60
101 236 61
101 236 62
101 236 63
101 237 48
101 237 49
101 237 50
101 237 51
101 237 52
101 237 53
101 237 54
101 237 55
101 237 56
101 237 57
101 237 58
101 237 60
101 237 61
101 237 62
101 237 63
101 238 48
101 238 49
101 238 50
101 238 51
101 238 52
101 238 53
101 238 54
101 238 55
101 238 56
101 238 58
101 238 59
101 238 60
101 238 61
101 238 62
101 239 49
101 239 50
101 239 51
101 239 52
101 239 53
101 239 54
101 239 57
101 239 61
101 239 62
101 240 48
101 240 49
101 240 50
101 240 51
101 240 52
101 240 54
101 240 61
101 241 48
101 241 49
101 241 50
101 241 51
101 241 52
101 242 48
101 242 50
101 242 52
101 243 48
101 243 50
102 225 62
102 225 63
102 226 48
102 226 49
102 226 53
102 226 61
102 226 62
102 226 63
102 227 48
102 227 49
102 227 52
102 227 53
102 227 54
102 227 56
102 227 61
102 227 62
102 227 63
102 228 48
102 228 49
102 228 50
102 228 51
102 228 52
102 228 53
102 228 54
102 228 56
102 228 57
102 228 61
102 228 63
102 229 48
102 229 49
102 229 50
102 229 51
102 229 52
102 229 53
102 229 54
102 229 55
102 229 56
102 229 57
102 229 58
102 229 59
102 229 60
102 229 62
102 229 63
102 230 48
102 230 49
102 230 50
102 230 51
102 230 52
102 230 53
102 230 54
102 230 55
102 230 56
102 230 57
102 230 58
102 230 59
102 230 60
102 230 61
102 230 62
102 230 63
102 231 48
102 231 49
102 231 50
102 231 51
102 231 52
102 231 53
102 231 54
102 231 55
102 231 56
102 231 57
102 231 58
102 231 59
102 231 60
102 231 61
102 231 62
102 231 63
102 232 48
102 232 49
102 232 50
102 232 51
102 232 52
102 232 53
102 232 54
102 232 55
102 232 56
102 232 57
102 232 58
102 232 59
102 232 60
102 232 61
102 232 62
102 232 63
102 233 48
102 233 49
102 233 50
102 233 51
102 233 52
102 233 53
102 233 54
102 233 55
102 233 56
102 233 57
102 233 58
102 233 59
102 233 60
102 233 61
102 233 62
102 233 63
102 234 48
102 234 49
102 234 50
102 234 51
102 234 52
102 234 53
102 234 54
102 234 55
102 234 56
102 234 57
102 234 58
102 234 59
102 234 60
102 234 61
102 234 62
102 234 63
102 235 48
102 235 49
102 235 50
102 235 51
102 235 52
102 235 53
102 235 54
102 235 55
102 235 56
102 235 57
102 235 58
102 235 59
102 235 60
102 235 61
102 235 63
102 236 48
102 236 49
102 236 50
102 236 51
102 236 52
102 236 53
102 236 54
102 236 55
102 236 56
102 236 57
102 236 58
102 236 59
102 236 60
102 236 61
102 236 62
102 236 63
102 237 48
102 237 49
102 237 50
102 237 51
102 237 52
102 237 53
102 237 54
102 237 55
102 237 56
102 237 57
102 237 58
102 237 59
102 237 60
102 237 61
102 237 63
102 238 48
102 238 49
102 238 50
102 238 51
102 238 52
102 238 53
102 238 54
102 238 55
102 238 57
102 238 58
102 238 59
102 238 60
102 238 61
102 238 63
102 239 48
102 239 49
102 239 50
102 239 51
102 239 52
102 239 53
102 239 54
102 239 58
102 239 60
102 240 48
102 240 49
102 240 51
102 240 53
102 240 60
102 240 61
102 241 48
102 241 50
103 225 61
103 225 62
103 226 48
103 226 51
103 226 60
103 226 61
103 226 62
103 226 63
103 227 48
103 227 49
103 227 50
103 227 51
103 227 52
103 227 60
103 227 61
103 227 62
103 227 63
103 228 48
103 228 49
103 228 50
103 228 51
103 228 52
103 228 53
103 228 54
103 228 55
103 228 56
103 228 57
103 228 60
103 228 61
103 228 62
103 228 63
103 229 48
103 229 49
103 229 50
103 229 51
103 229 52
103 229 53
103 229 54
103 229 55
103 229 56
103 229 57
103 229 58
103 229 59
103 229 60
103 229 61
103 229 62
103 229 63
103 230 48
103 230 49
103 230 50
103 230 51
103 230 52
103 230 53
103 230 54
103 230 55
103 230 56
103 230 57
103 230 58
103 230 59
103 230 60
103 230 61
103 230 62
103 230 63
103 231 48
103 231 49
103 231 50
103 231 51
103 231 52
103 231 53
103 231 54
103 231 55
103 231 56
103 231 57
103 231 58
103 231 59
103 231 60
103 231 61
103 231 62
103 231 63
103 232 48
103 232 49
103 232 50
103 232 51
103 232 52
103 232 53
103 232 54
103 232 55
103 232 56
103 232 57
103 232 58
103 232 59
103 232 60
103 232 61
103 232 62
103 232 63
103 233 48
103 233 49
103 233 50
103 233 51
103 233 52
103 233 53
103 233 54
103 233 55
103 233 56
103 233 57
103 233 58
103 233 59
103 233 60
103 233 61
103 233 62
103 233 63
103 234 48
103 234 49
103 234 50
103 234 51
103 234 52
103 234 53
103 234 54
103 234 55
103 234 56
103 234 57
103 234 58
103 234 59
103 234 60
103 234 61
103 234 62
103 234 63
103 235 48
103 235 49
103 235 50
103 235 51
103 235 52
103 235 53
103 235 54
103 235 55
103 235 56
103 235 57
103 235 58
103 235 59
103 235 60
103 235 61
103 235 62
103 236 48
103 236 49
103 236 50
103 236 51
103 236 52
103 236 53
103 236 54
103 236 55
103 236 56
103 236 57
103 236 58
103 236 59
103 236 60
103 236 61
103 237 48
103 237 49
103 237 50
103 237 51
103 237 52
103 237 53
103 237 54
103 237 55
103 237 56
103 237 57
103 237 58
103 237 59
103 237 60
103 237 61
103 237 63
103 238 48
103 238 49
103 238 50
103 238 51
103 238 52
103 238 53
103 238 57
103 238 58
103 238 60
103 238 63
103 239 48
103 239 49
103 239 50
103 239 51
103 239 52
103 239 57
103 239 58
103 239 60
103 240 48
103 240 49
103 240 50
103 240 51
103 241 48
104 225 62
104 225 63
104 226 50
104 226 51
104 226 52
104 226 58
104 226 60
104 226 62
104 226 63
104 227 48
104 227 49
104 227 50
104 227 51
104 227 52
104 227 53
104 227 55
104 227 58
104 227 60
104 227 61
104 227 62
104 227 63
104 228 48
104 228 49
104 228 50
104 228 51
104 228 52
104 228 53
104 228 54
104 228 55
104 228 56
104 228 57
104 228 58
104 228 59
104 228 60
104 228 61
104 228 62
104 228 63
104 229 48
104 229 49
104 229 50
104 229 51
104 229 52
104 229 53
104 229 54
104 229 55
104 229 56
104 229 57
104 229 58
104 229 59
104 229 60
104 229 62
104 229 63
104 230 48
104 230 49
104 230 50
104 230 51
104 230 52
104 230 53
104 230 54
104 230 55
104 230 56
104 230 57
104 230 58
104 230 59
104 230 60
104 230 61
104 230 62
104 230 63
104 231 48
104 231 49
104 231 50
104 231 51
104 231 52
104 231 53
104 231 54
104 231 55
104 231 56
104 231 57
104 231 58
104 231 59
104 231 60
104 231 61
104 231 62
104 231 63
104 232 48
104 232 49
104 232 50
104 232 51
104 232 52
104 232 53
104 232 54
104 232 55
104 232 56
104 232 57
104 232 58
104 232 59
104 232 60
104 232 61
104 232 62
104 232 63
104 233 48
104 233 49
104 233 50
104 233 51
104 233 52
104 233 53
104 233 54
104 233 55
104 233 56
104 233 57
104 233 58
104 233 59
104 233 60
104 233 61
104 233 62
104 233 63
104 234 48
104 234 49
104 234 50
104 234 51
104 234 52
104 234 53
104 234 54
104 234 55
104 234 56
104 234 57
104 234 58
104 234 59
104 234 60
104 234 61
104 234 62
104 234 63
104 235 48
104 235 49
104 235 50
104 235 51
104 235 52
104 235 53
104 235 54
104 235 55
104 235 56
104 235 57
104 235 58
104 235 59
104 235 60
104 235 61
104 235 62
104 235 63
104 236 48
104 236 49
104 236 50
104 236 51
104 236 52
104 236 53
104 236 54
104 236 55
104 236 56
104 236 57
104 236 58
104 236 59
104 236 60
104 236 61
104 237 48
104 237 49
104 237 50
104 237 51
104 237 53
104 237 54
104 237 55
104 237 56
104 237 57
104 237 58
104 237 59
104 237 60
104 237 61
104 237 62
104 237 63
104 238 48
104 238 50
104 238 51
104 238 52
104 238 53
104 238 54
104 238 56
104 238 57
104 238 58
104 238 59
104 238 61
104 239 48
104 239 49
104 239 50
104 239 51
104 239 57
104 239 59
104 239 63
104 240 48
104 240 49
104 240 53
105 225 58
105 225 59
105 225 60
105 225 61
105 225 62
105 225 63
105 226 51
105 226 53
105 226 55
105 226 58
105 226 59
105 226 60
105 226 61
105 226 62
105 226 63
105 227 51
105 227 52
105 227 53
105 227 55
105 227 56
105 227 57
105 227 58
105 227 59
105 227 60
105 227 61
105 227 62
105 227 63
105 228 48
105 228 49
105 228 50
105 228 51
105 228 52
105 228 53
105 228 54
105 228 55
105 228 56
105 228 57
105 228 58
105 228 59
105 228 60
105 228 61
105 228 62
105 228 63
105 229 48
105 229 49
105 229 50
105 229 51
105 229 52
105 229 53
105 229 54
105 229 55
105 229 56
105 229 57
105 229 58
105 229 59
105 229 60
105 229 61
105 229 62
105 229 63
105 230 48
105 230 49
105 230 50
105 230 51
105 230 52
105 230 53
105 230 54
105 230 55
105 230 56
105 230 57
105 230 58
105 230 59
105 230 60
105 230 61
105 230 62
105 230 63
105 231 48
105 231 49
105 231 50
105 231 51
105 231 52
105 231 53
105 231 54
105 231 55
105 231 56
105 231 57
105 231 58
105 231 59
105 231 60
105 231 61
105 231 62
105 231 63
105 232 48
105 232 49
105 232 50
105 232 51
105 232 52
105 232 53
105 232 54
105 232 55
105 232 56
105 232 57
105 232 58
105 232 59
105 232 60
105 232 61
105 232 62
105 232 63
105 233 48
105 233 49
105 233 50
105 233 51
105 233 52
105 233 53
105 233 54
105 233 55
105 233 56
105 233 57
105 233 58
105 233 59
105 233 60
105 233 61
105 233 62
105 233 63
105 234 48
105 234 49
105 234 50
105 234 51
105 234 52
105 234 53
105 234 54
105 234 55
105 234 56
105 234 57
105 234 58
105 234 59
105 234 60
105 234 61
105 234 62
105 234 63
105 235 48
105 235 49
105 235 50
105 235 51
105 235 52
105 235 53
105 235 54
105 235 55
105 235 56
105 235 57
105 235 58
105 235 59
105 235 60
105 235 61
105 235 62
105 235 63
105 236 48
105 236 49
105 236 50
105 236 51
105 236 52
105 236 53
105 236 54
105 236 55
105 236 56
105 236 57
105 236 58
105 236 59
105 236 60
105 236 61
105 236 62
105 236 63
105 237 48
105 237 49
105 237 50
105 237 51
105 237 52
105 237 53
105 237 54
105 237 55
105 237 56
105 237 57
105 237 58
105 237 60
105 237 61
105 237 63
105 238 48
105 238 49
105 238 50
105 238 51
105 238 52
105 238 53
105 238 54
105 238 55
105 238 56
105 238 57
105 238 58
105 238 59
105 238 61
105 238 62
105 238 63
105 239 48
105 239 52
105 239 53
105 239 55
105 239 58
105 239 59
105 240 52
105 240 53
105 240 54
105 241 53
106 225 51
106 225 52
106 225 53
106 225 59
106 225 60
106 225 62
106 225 63
106 226 49
106 226 50
106 226 52
106 226 53
106 226 54
106 226 58
106 226 59
106 226 60
106 226 61
106 226 62
106 226 63
106 227 48
106 227 49
106 227 51
106 227 52
106 227 53
106 227 54
106 227 55
106 227 56
106 227 57
106 227 58
106 227 59
106 227 60
106 227 61
106 227 62
106 227 63
106 228 48
106 228 49
106 228 50
106 228 51
106 228 52
106 228 53
106 228 54
106 228 55
106 228 56
106 228 57
106 228 58
106 228 59
106 228 60
106 228 61
106 228 62
106 228 63
106 229 48
106 229 49
106 229 50
106 229 51
106 229 52
106 229 53
106 229 54
106 229 55
106 229 56
106 229 57
106 229 58
106 229 59
106 229 60
106 229 61
106 229 62
106 229 63
106 230 48
106 230 49
106 230 50
106 230 51
106 230 52
106 230 53
106 230 54
106 230 55
106 230 56
106 230 57
106 230 58
106 230 59
106 230 60
106 230 61
106 230 62
106 230 63
106 231 48
106 231 49
106 231 50
106 231 51
106 231 52
106 231 53
106 231 54
106 231 55
106 231 56
106 231 57
106 231 58
106 231 59
106 231 60
106 231 61
106 231 62
106 231 63
106 232 48
106 232 49
106 232 50
106 232 51
106 232 52
106 232 53
106 232 54
106 232 55
106 232 56
106 232 57
106 232 58
106 232 59
106 232 60
106 232 61
106 232 62
106 232 63
106 233 48
106 233 49
106 233 50
106 233 51
106 233 52
106 233 53
106 233 54
106 233 55
106 233 56
106 233 57
106 233 58
106 233 59
106 233 60
106 233 61
106 233 62
106 233 63
106 234 48
106 234 49
106 234 50
106 234 51
106 234 52
106 234 53
106 234 54
106 234 55
106 234 56
106 234 57
106 234 58
106 234 59
106 234 60
106 234 61
106 234 62
106 234 63
106 235 48
106 235 49
106 235 50
106 235 51
106 235 52
106 235 53
106 235 54
106 235 55
106 235 56
106 235 57
106 235 59
106 235 60
106 235 61
106 235 62
106 235 63
106 236 48
106 236 49
106 236 50
106 236 51
106 236 52
106 236 53
106 236 54
106 236 55
106 236 56
106 236 57
106 236 58
106 236 59
106 236 60
106 236 61
106 236 62
106 236 63
106 237 48
106 237 49
106 237 50
106 237 51
106 237 52
106 237 53
106 237 54
106 237 55
106 237 56
106 237 57
106 237 58
106 237 59
106 237 60
106 237 61
106 237 62
106 237 63
106 238 48
106 238 49
106 238 50
106 238 51
106 238 52
106 238 53
106 238 54
106 238 55
106 238 56
106 238 57
106 238 58
106 238 59
106 238 60
106 238 61
106 238 62
106 238 63
106 239 48
106 239 50
106 239 52
106 239 53
106 239 54
106 239 55
106 239 56
106 239 57
106 239 60
106 239 61
106 239 62
106 239 63
106 240 48
106 240 51
106 240 52
106 240 53
106 240 54
106 240 55
106 240 63
107 225 50
107 225 51
107 225 53
107 225 54
107 225 55
107 225 58
107 225 59
107 225 62
107 225 63
107 226 49
107 226 50
107 226 51
107 226 52
107 226 53
107 226 54
107 226 58
107 226 59
107 226 60
107 226 61
107 226 62
107 226 63
107 227 48
107 227 49
107 227 50
107 227 51
107 227 52
107 227 53
107 227 54
107 227 55
107 227 56
107 227 57
107 227 58
107 227 59
107 227 60
107 227 61
107 227 62
107 227 63
107 228 48
107 228 49
107 228 50
107 228 51
107 228 52
107 228 53
107 228 54
107 228 55
107 228 56
107 228 57
107 228 58
107 228 59
107 228 60
107 228 61
107 228 62
107 228 63
107 229 48
107 229 49
107 229 50
107 229 51
107 229 52
107 229 53
107 229 54
107 229 55
107 229 56
107 229 57
107 229 58
107 229 59
107 229 60
107 229 61
107 229 62
107 229 63
107 230 48
107 230 49
107 230 50
107 230 51
107 230 52
107 230 53
107 230 54
107 230 55
107 230 56
107 230 57
107 230 58
107 230 59
107 230 60
107 230 61
107 230 62
107 230 63
107 231 48
107 231 49
107 231 50
107 231 51
107 231 52
107 231 53
107 231 54
107 231 55
107 231 56
107 231 57
107 231 58
107 231 59
107 231 60
107 231 61
107 231 62
107 231 63
107 232 48
107 232 49
107 232 50
107 232 51
107 232 52
107 232 53
107 232 54
107 232 55
107 232 56
107 232 57
107 232 58
107 232 59
107 232 60
107 232 61
107 232 62
107 232 63
107 233 49
107 233 50
107 233 51
107 233 52
107 233 53
107 233 54
107 233 55
107 233 56
107 233 57
107 233 58
107 233 59
107 233 60
107 233 61
107 233 62
107 233 63
107 234 48
107 234 49
107 234 50
107 234 51
107 234 52
107 234 53
107 234 54
107 234 55
107 234 56
107 234 57
107 234 58
107 234 59
107 234 60
107 234 61
107 234 62
107 234 63
107 235 48
107 235 49
107 235 50
107 235 51
107 235 52
107 235 53
107 235 54
107 235 55
107 235 56
107 235 57
107 235 58
107 235 59
107 235 60
107 235 61
107 235 62
107 235 63
107 236 48
107 236 49
107 236 50
107 236 51
107 236 52
107 236 53
107 236 54
107 236 55
107 236 56
107 236 57
107 236 58
107 236 59
107 236 60
107 236 61
107 236 62
107 236 63
107 237 48
107 237 49
107 237 50
107 237 51
107 237 52
107 237 53
107 237 54
107 237 55
107 237 56
107 237 57
107 237 58
107 237 59
107 237 60
107 237 61
107 237 62
107 237 63
107 238 48
107 238 49
107 238 50
107 238 51
107 238 52
107 238 53
107 238 54
107 238 55
107 238 56
107 238 57
107 238 58
107 238 59
107 238 60
107 238 61
107 238 62
107 238 63
107 239 48
107 239 49
107 239 50
107 239 51
107 239 52
107 239 53
107 239 56
107 239 57
107 239 58
107 239 61
107 239 62
107 239 63
107 240 48
107 240 49
107 240 50
107 240 51
107 240 52
107 240 53
107 240 54
107 240 57
107 240 62
107 241 50
107 241 51
107 241 53
107 241 62
107 241 63
108 225 50
108 225 51
108 225 52
108 225 53
108 225 54
108 225 58
108 225 59
108 225 60
108 225 61
108 225 62
108 225 63
108 226 48
108 226 49
108 226 50
108 226 51
108 226 52
108 226 53
108 226 54
108 226 55
108 226 56
108 226 57
108 226 58
108 226 59
108 226 60
108 226 61
108 226 62
108 226 63
108 227 48
108 227 49
108 227 50
108 227 51
108 227 52
108 227 53
108 227 54
108 227 55
108 227 56
108 227 57
108 227 58
108 227 59
108 227 60
108 227 61
108 227 62
108 227 63
108 228 48
108 228 49
108 228 50
108 228 51
108 228 52
108 228 53
108 228 54
108 228 55
108 228 56
108 228 57
108 228 58
108 228 59
108 228 60
108 228 61
108 228 62
108 228 63
108 229 48
108 229 49
108 229 50
108 229 51
108 229 52
108 229 53
108 229 54
108 229 55
108 229 56
108 229 57
108 229 58
108 229 59
108 229 60
108 229 61
108 229 62
108 229 63
108 230 48
108 230 49
108 230 50
108 230 51
108 230 52
108 230 53
108 230 54
108 230 55
108 230 56
108 230 57
108 230 58
108 230 59
108 230 60
108 230 61
108 230 62
108 230 63
108 231 48
108 231 49
108 231 50
108 231 51
108 231 52
108 231 53
108 231 54
108 231 55
108 231 56
108 231 57
108 231 58
108 231 59
108 231 60
108 231 61
108 231 62
108 231 63
108 232 48
108 232 49
108 232 50
108 232 51
108 232 52
108 232 53
108 232 54
108 232 55
108 232 56
108 232 57
108 232 58
108 232 59
108 232 60
108 232 61
108 232 62
108 232 63
108 233 48
108 233 49
108 233 50
108 233 51
108 233 52
108 233 53
108 233 54
108 233 55
108 233 56
108 233 57
108 233 58
108 233 59
108 233 60
108 233 61
108 233 62
108 233 63
108 234 48
108 234 49
108 234 50
108 234 51
108 234 52
108 234 53
108 234 54
108 234 55
108 234 56
108 234 57
108 234 58
108 234 59
108 234 60
108 234 61
108 234 62
108 234 63
108 235 48
108 235 49
108 235 50
108 235 51
108 235 52
108 235 53
108 235 54
108 235 55
108 235 56
108 235 57
108 235 58
108 235 59
108 235 60
108 235 61
108 235 62
108 235 63
108 236 48
108 236 49
108 236 50
108 236 51
108 236 52
108 236 53
108 236 54
108 236 55
108 236 56
108 236 57
108 236 58
108 236 59
108 236 60
108 236 61
108 236 62
108 236 63
108 237 48
108 237 49
108 237 50
108 237 51
108 237 52
108 237 53
108 237 54
108 237 55
108 237 56
108 237 57
108 237 58
108 237 59
108 237 60
108 237 61
108 237 62
108 237 63
108 238 48
108 238 49
108 238 50
108 238 51
108 238 52
108 238 53
108 238 54
108 238 55
108 238 56
108 238 57
108 238 58
108 238 59
108 238 60
108 238 61
108 238 62
108 238 63
108 239 48
108 239 49
108 239 50
108 239 51
108 239 53
108 239 55
108 239 56
108 239 57
108 239 58
108 239 59
108 239 60
108 239 61
108 239 62
108 239 63
108 240 48
108 240 49
108 240 50
108 240 51
108 240 52
108 240 53
108 240 54
108 240 55
108 240 56
108 240 58
108 240 62
108 240 63
108 241 48
108 241 49
108 241 52
108 241 53
108 241 54
108 241 63
108 242 48
108 242 53
108 242 63
109 225 48
109 225 50
109 225 51
109 225 52
109 225 53
109 225 54
109 225 56
109 225 60
109 225 61
109 225 62
109 225 63
109 226 48
109 226 49
109 226 50
109 226 51
109 226 52
109 226 53
109 226 54
109 226 55
109 226 56
109 226 59
109 226 60
109 226 61
109 226 62
109 226 63
109 227 48
109 227 49
109 227 50
109 227 51
109 227 52
109 227 53
109 227 54
109 227 55
109 227 56
109 227 57
109 227 58
109 227 59
109 227 60
109 227 61
109 227 62
109 227 63
109 228 48
109 228 49
109 228 50
109 228 51
109 228 52
109 228 53
109 228 54
109 228 55
109 228 56
109 228 57
109 228 58
109 228 59
109 228 60
109 228 61
109 228 62
109 228 63
109 229 48
109 229 49
109 229 50
109 229 51
109 229 52
109 229 53
109 229 54
109 229 55
109 229 56
109 229 57
109 229 58
109 229 59
109 229 60
109 229 61
109 229 62
109 229 63
109 230 48
109 230 49
109 230 50
109 230 51
109 230 52
109 230 53
109 230 54
109 230 55
109 230 56
109 230 57
109 230 58
109 230 59
109 230 60
109 230 61
109 230 62
109 230 63
109 231 48
109 231 49
109 231 50
109 231 51
109 231 52
109 231 53
109 231 54
109 231 55
109 231 56
109 231 57
109 231 58
109 231 59
109 231 60
109 231 61
109 231 62
109 231 63
109 232 48
109 232 49
109 232 50
109 232 51
109 232 52
109 232 53
109 232 54
109 232 55
109 232 56
109 232 57
109 232 58
109 232 59
109 232 60
109 232 61
109 232 62
109 232 63
109 233 48
109 233 49
109 233 50
109 233 51
109 233 52
109 233 53
109 233 54
109 233 55
109 233 56
109 233 57
109 233 58
109 233 59
109 233 60
109 233 61
109 233 62
109 233 63
109 234 48
109 234 49
109 234 50
109 234 51
109 234 52
109 234 53
109 234 54
109 234 55
109 234 56
109 234 57
109 234 58
109 234 59
109 234 60
109 234 61
109 234 62
109 234 63
109 235 48
109 235 49
109 235 50
109 235 51
109 235 52
109 235 53
109 235 54
109 235 55
109 235 56
109 235 57
109 235 58
109 235 59
109 235 60
109 235 61
109 235 62
109 235 63
109 236 48
109 236 49
109 236 50
109 236 51
109 236 52
109 236 53
109 236 54
109 236 55
109 236 56
109 236 57
109 236 58
109 236 59
109 236 60
109 236 61
109 236 62
109 236 63
109 237 48
109 237 49
109 237 50
109 237 51
109 237 52
109 237 53
109 237 54
109 237 55
109 237 56
109 237 57
109 237 58
109 237 59
109 237 60
109 237 61
109 237 62
109 237 63
109 238 48
109 238 49
109 238 50
109 238 51
109 238 52
109 238 53
109 238 54
109 238 55
109 238 56
109 238 57
109 238 58
109 238 60
109 238 61
109 238 62
109 238 63
109 239 48
109 239 49
109 239 50
109 239 51
109 239 52
109 239 53
109 239 54
109 239 55
109 239 56
109 239 58
109 239 59
109 239 62
109 239 63
109 240 48
109 240 49
109 240 51
109 240 52
109 240 53
109 240 54
109 240 55
109 240 56
109 240 57
109 240 58
109 240 62
109 240 63
109 241 48
109 241 49
109 241 51
109 241 52
109 241 53
109 241 54
109 241 57
109 241 58
109 241 62
109 241 63
109 242 55
109 242 62
110 225 50
110 225 51
110 225 52
110 225 56
110 225 57
110 225 58
110 225 60
110 225 61
110 225 62
110 225 63
110 226 48
110 226 49
110 226 50
110 226 51
110 226 52
110 226 53
110 226 54
110 226 55
110 226 56
110 226 57
110 226 58
110 226 59
110 226 60
110 226 61
110 226 62
110 226 63
110 227 48
110 227 49
110 227 50
110 227 51
110 227 52
110 227 53
110 227 54
110 227 55
110 227 57
110 227 58
110 227 59
110 227 60
110 227 61
110 227 62
110 227 63
110 228 48
110 228 49
110 228 50
110 228 51
110 228 52
110 228 53
110 228 54
110 228 55
110 228 56
110 228 57
110 228 58
110 228 59
110 228 60
110 228 61
110 228 62
110 228 63
110 229 48
110 229 49
110 229 50
110 229 51
110 229 52
110 229 53
110 229 54
110 229 55
110 229 56
110 229 57
110 229 58
110 229 59
110 229 60
110 229 61
110 229 62
110 229 63
110 230 48
110 230 49
110 230 50
110 230 51
110 230 52
110 230 53
110 230 54
110 230 55
110 230 56
110 230 57
110 230 58
110 230 59
110 230 60
110 230 61
110 230 62
110 230 63
110 231 48
110 231 49
110 231 50
110 231 51
110 231 52
110 231 53
110 231 54
110 231 55
110 231 56
110 231 57
110 231 58
110 231 59
110 231 60
110 231 61
110 231 62
110 231 63
110 232 48
110 232 49
110 232 50
110 232 51
110 232 52
110 232 53
110 232 54
110 232 55
110 232 56
110 232 57
110 232 58
110 232 59
110 232 60
110 232 61
110 232 62
110 232 63
110 233 48
110 233 49
110 233 50
110 233 51
110 233 52
110 233 53
110 233 54
110 233 55
110 233 56
110 233 57
110 233 58
110 233 59
110 233 60
110 233 61
110 233 62
110 233 63
110 234 48
110 234 49
110 234 50
110 234 51
110 234 52
110 234 53
110 234 54
110 234 55
110 234 56
110 234 57
110 234 58
110 234 59
110 234 60
110 234 61
110 234 62
110 234 63
110 235 48
110 235 49
110 235 50
110 235 51
110 235 52
110 235 53
110 235 54
110 235 55
110 235 56
110 235 57
110 235 58
110 235 59
110 235 60
110 235 61
110 235 62
110 235 63
110 236 48
110 236 49
110 236 50
110 236 51
110 236 52
110 236 53
110 236 54
110 236 55
110 236 56
110 236 57
110 236 58
110 236 59
110 236 60
110 236 61
110 236 62
110 236 63
110 237 48
110 237 49
110 237 50
110 237 51
110 237 52
110 237 53
110 237 54
110 237 55
110 237 56
110 237 57
110 237 58
110 237 59
110 237 60
110 237 61
110 237 62
110 237 63
110 238 48
110 238 49
110 238 50
110 238 51
110 238 52
110 238 53
110 238 54
110 238 55
110 238 56
110 238 57
110 238 58
110 238 59
110 238 60
110 238 61
110 238 62
110 238 63
110 239 48
110 239 49
110 239 50
110 239 51
110 239 52
110 239 53
110 239 54
110 239 55
110 239 56
110 239 57
110 239 58
110 239 59
110 239 60
110 239 61
110 239 62
110 239 63
110 240 48
110 240 49
110 240 51
110 240 52
110 240 53
110 240 54
110 240 55
110 240 56
110 240 57
110 240 58
110 240 60
110 240 61
110 240 63
110 241 48
110 241 49
110 241 51
110 241 54
110 241 55
110 241 56
110 241 57
110 241 58
110 241 61
110 241 62
110 241 63
110 242 53
110 242 55
110 242 56
110 242 57
110 242 62
110 242 63
110 243 53
110 243 62
110 243 63
111 225 49
111 225 54
111 225 56
111 225 57
111 225 59
111 225 60
111 225 61
111 225 62
111 225 63
111 226 48
111 226 49
111 226 50
111 226 51
111 226 52
111 226 53
111 226 54
111 226 55
111 226 56
111 226 57
111 226 58
111 226 59
111 226 60
111 226 61
111 226 62
111 226 63
111 227 48
111 227 49
111 227 50
111 227 51
111 227 52
111 227 53
111 227 54
111 227 55
111 227 56
111 227 57
111 227 58
111 227 59
111 227 60
111 227 61
111 227 62
111 227 63
111 228 48
111 228 49
111 228 50
111 228 51
111 228 52
111 228 53
111 228 54
111 228 55
111 228 56
111 228 57
111 228 58
111 228 59
111 228 60
111 228 61
111 228 62
111 228 63
111 229 48
111 229 49
111 229 50
111 229 51
111 229 52
111 229 53
111 229 54
111 229 55
111 229 56
111 229 57
111 229 58
111 229 59
111 229 60
111 229 61
111 229 62
111 229 63
111 230 48
111 230 49
111 230 50
111 230 51
111 230 52
111 230 53
111 230 54
111 230 55
111 230 56
111 230 57
111 230 58
111 230 59
111 230 60
111 230 61
111 230 62
111 230 63
111 231 48
111 231 49
111 231 50
111 231 51
111 231 52
111 231 53
111 231 54
111 231 55
111 231 56
111 231 57
111 231 58
111 231 59
111 231 60
111 231 61
111 231 62
111 231 63
111 232 48
111 232 49
111 232 50
111 232 51
111 232 52
111 232 53
111 232 54
111 232 55
111 232 56
111 232 57
111 232 58
111 232 59
111 232 60
111 232 61
111 232 62
111 232 63
111 233 48
111 233 49
111 233 50
111 233 51
111 233 52
111 233 53
111 233 54
111 233 55
111 233 56
111 233 57
111 233 58
111 233 59
111 233 60
111 233 61
111 233 62
111 233 63
111 234 48
111 234 49
111 234 50
111 234 51
111 234 52
111 234 53
111 234 54
111 234 55
111 234 56
111 234 57
111 234 58
111 234 59
111 234 60
111 234 61
111 234 62
111 234 63
111 235 48
111 235 49
111 235 50
111 235 51
111 235 52
111 235 53
111 235 54
111 235 55
111 235 56
111 235 57
111 235 58
111 235 59
111 235 60
111 235 61
111 235 62
111 235 63
111 236 48
111 236 49
111 236 50
111 236 51
111 236 52
111 236 53
111 236 54
111 236 55
111 236 56
111 236 57
111 236 58
111 236 59
111 236 60
111 236 61
111 236 62
111 236 63
111 237 48
111 237 49
111 237 50
111 237 51
111 237 52
111 237 53
111 237 54
111 237 55
111 237 56
111 237 57
111 237 58
111 237 59
111 237 60
111 237 61
111 237 62
111 237 63
111 238 48
111 238 49
111 238 50
111 238 51
111 238 52
111 238 53
111 238 54
111 238 55
111 238 56
111 238 57
111 238 58
111 238 59
111 238 60
111 238 61
111 238 62
111 238 63
111 239 48
111 239 49
111 239 50
111 239 52
111 239 53
111 239 54
111 239 55
111 239 56
111 239 57
111 239 58
111 239 59
111 239 60
111 240 48
111 240 49
111 240 50
111 240 51
111 240 52
111 240 53
111 240 54
111 240 55
111 240 56
111 240 57
111 240 58
111 240 59
111 240 61
111 240 62
111 240 63
111 241 49
111 241 52
111 241 53
111 241 54
111 241 55
111 241 56
111 241 61
111 241 62
111 241 63
111 242 51
111 242 52
111 242 53
111 242 61
111 242 62
111 242 63
111 243 51
111 243 52
111 243 53
111 243 54
111 243 62

