alfheim:altLeaves
6
160 221 -125
160 222 -127
160 222 -126
160 222 -125
160 222 -124
160 222 -122
160 223 -128
160 223 -127
160 223 -126
160 223 -125
160 223 -124
160 223 -121
160 223 -117
160 223 -116
160 223 -115
160 223 -114
160 223 -113
160 224 -127
160 224 -126
160 224 -125
160 224 -124
160 224 -123
160 224 -118
160 224 -117
160 224 -116
160 224 -115
160 224 -114
160 224 -113
161 220 -126
161 220 -124
161 221 -128
161 221 -127
161 221 -126
161 221 -124
161 221 -123
161 221 -120
161 221 -119
161 222 -128
161 222 -127
161 222 -126
161 222 -124
161 222 -122
161 222 -121
161 223 -127
161 223 -126
161 223 -125
161 223 -124
161 223 -123
161 223 -122
161 223 -121
161 223 -120
161 223 -118
161 223 -117
161 223 -116
161 223 -115
161 223 -114
161 223 -113
161 224 -128
161 224 -127
161 224 -126
161 224 -125
161 224 -124
161 224 -123
161 224 -122
161 224 -121
161 224 -120
161 224 -117
161 224 -116
161 224 -115
161 224 -114
162 219 -126
162 219 -125
162 219 -123
162 220 -128
162 220 -127
162 220 -126
162 220 -125
162 220 -119
162 220 -118
162 221 -128
162 221 -127
162 221 -126
162 221 -125
162 221 -124
162 221 -122
162 221 -120
162 221 -119
162 221 -118
162 222 -127
162 222 -126
162 222 -125
162 222 -124
162 222 -123
162 222 -122
162 222 -118
162 223 -128
162 223 -126
162 223 -125
162 223 -124
162 223 -122
162 223 -121
162 223 -120
162 223 -119
162 223 -118
162 223 -117
162 223 -116
162 223 -115
162 224 -128
162 224 -126
162 224 -125
162 224 -124
162 224 -123
162 224 -122
162 224 -121
162 224 -120
162 224 -119
162 224 -117
162 224 -116
163 218 -124
163 218 -119
163 219 -127
163 219 -125
163 219 -124
163 219 -123
163 219 -122
163 219 -119
163 220 -128
163 220 -127
163 220 -126
163 220 -125
163 220 -124
163 220 -122
163 220 -121
163 220 -120
163 220 -119
163 221 -127
163 221 -126
163 221 -125
163 221 -124
163 221 -123
163 221 -122
163 221 -121
163 221 -120
163 221 -119
163 221 -118
163 221 -117
163 222 -128
163 222 -127
163 222 -126
163 222 -125
163 222 -124
163 222 -123
163 222 -122
163 222 -121
163 222 -120
163 222 -117
163 223 -128
163 223 -126
163 223 -125
163 223 -124
163 223 -123
163 223 -122
163 223 -121
163 223 -120
163 223 -118
163 223 -117
163 223 -116
163 224 -128
163 224 -127
163 224 -126
163 224 -125
163 224 -124
163 224 -123
163 224 -122
163 224 -121
163 224 -120
163 224 -119
163 224 -118
163 224 -117
164 217 -119
164 218 -124
164 218 -123
164 218 -122
164 218 -120
164 218 -119
164 219 -126
164 219 -125
164 219 -124
164 219 -123
164 219 -122
164 219 -121
164 219 -120
164 219 -119
164 220 -128
164 220 -125
164 220 -124
164 220 -123
164 220 -122
164 220 -121
164 220 -120
164 220 -119
164 220 -118
164 220 -116
164 221 -128
164 221 -127
164 221 -126
164 221 -125
164 221 -124
164 221 -123
164 221 -122
164 221 -121
164 221 -120
164 221 -119
164 221 -118
164 221 -117
164 221 -114
164 222 -127
164 222 -126
164 222 -125
164 222 -124
164 222 -123
164 222 -122
164 222 -121
164 222 -120
164 222 -119
164 222 -118
164 222 -117
164 222 -116
164 223 -128
164 223 -127
164 223 -126
164 223 -125
164 223 -124
164 223 -123
164 223 -122
164 223 -121
164 223 -120
164 223 -119
164 223 -118
164 223 -117
164 224 -128
164 224 -127
164 224 -126
164 224 -125
164 224 -124
164 224 -123
164 224 -122
164 224 -121
164 224 -120
164 224 -119
164 224 -118
164 224 -117
164 224 -116
164 224 -115
165 217 -124
165 218 -125
165 218 -124
165 218 -123
165 218 -122
165 218 -121
165 218 -119
165 218 -118
165 218 -117
165 218 -116
165 219 -128
165 219 -127
165 219 -126
165 219 -125
165 219 -124
165 219 -123
165 219 -121
165 219 -120
165 219 -119
165 219 -118
165 219 -117
165 219 -116
165 220 -127
165 220 -126
165 220 -125
165 220 -124
165 220 -123
165 220 -122
165 220 -121
165 220 -120
165 220 -119
165 220 -118
165 220 -117
165 220 -116
165 220 -115
165 220 -114
165 221 -128
165 221 -127
165 221 -126
165 221 -125
165 221 -124
165 221 -123
165 221 -122
165 221 -121
165 221 -120
165 221 -119
165 221 -118
165 221 -117
165 221 -116
165 221 -115
165 221 -114
165 222 -128
165 222 -127
165 222 -126
165 222 -125
165 222 -124
165 222 -123
165 222 -122
165 222 -121
165 222 -120
165 222 -119
165 222 -118
165 222 -117
165 222 -116
165 222 -114
165 223 -128
165 223 -127
165 223 -126
165 223 -125
165 223 -124
165 223 -123
165 223 -122
165 223 -121
165 223 -120
165 223 -119
165 223 -118
165 223 -117
165 223 -116
165 223 -115
165 224 -128
165 224 -127
165 224 -126
165 224 -125
165 224 -124
165 224 -123
165 224 -122
165 224 -121
165 224 -120
165 224 -119
165 224 -118
165 224 -117
165 224 -116
165 224 -115
165 224 -113
166 217 -125
166 217 -119
166 217 -118
166 217 -117
166 218 -125
166 218 -124
166 218 -123
166 218 -122
166 218 -121
166 218 -120
166 218 -119
166 218 -118
166 218 -117
166 218 -116
166 218 -115
166 219 -127
166 219 -125
166 219 -124
166 219 -123
166 219 -122
166 219 -121
166 219 -120
166 219 -119
166 219 -118
166 219 -117
166 219 -116
166 219 -115
166 220 -127
166 220 -126
166 220 -125
166 220 -124
166 220 -123
166 220 -122
166 220 -121
166 220 -120
166 220 -119
166 220 -118
166 220 -117
166 220 -115
166 221 -128
166 221 -127
166 221 -126
166 221 -125
166 221 -124
166 221 -123
166 221 -122
166 221 -121
166 221 -120
166 221 -119
166 221 -118
166 221 -117
166 221 -116
166 221 -115
166 221 -114
166 222 -128
166 222 -127
166 222 -126
166 222 -125
166 222 -124
166 222 -123
166 222 -122
166 222 -121
166 222 -120
166 222 -119
166 222 -118
166 222 -117
166 222 -116
166 222 -115
166 222 -114
166 223 -128
166 223 -127
166 223 -126
166 223 -125
166 223 -124
166 223 -123
166 223 -122
166 223 -121
166 223 -120
166 223 -119
166 223 -118
166 223 -117
166 223 -116
166 223 -115
166 223 -114
166 224 -128
166 224 -127
166 224 -126
166 224 -125
166 224 -124
166 224 -123
166 224 -122
166 224 -121
166 224 -120
166 224 -119
166 224 -118
166 224 -117
166 224 -116
166 224 -115
166 224 -113
167 216 -121
167 216 -119
167 217 -122
167 217 -121
167 217 -120
167 217 -119
167 217 -118
167 218 -125
167 218 -123
167 218 -122
167 218 -121
167 218 -120
167 218 -119
167 218 -118
167 218 -116
167 219 -127
167 219 -125
167 219 -124
167 219 -123
167 219 -122
167 219 -121
167 219 -120
167 219 -119
167 219 -117
167 220 -127
167 220 -126
167 220 -125
167 220 -124
167 220 -123
167 220 -122
167 220 -121
167 220 -120
167 220 -119
167 220 -118
167 220 -117
167 220 -116
167 220 -115
167 220 -114
167 221 -128
167 221 -127
167 221 -126
167 221 -125
167 221 -124
167 221 -123
167 221 -122
167 221 -121
167 221 -120
167 221 -119
167 221 -118
167 221 -117
167 221 -116
167 221 -115
167 221 -114
167 222 -128
167 222 -127
167 222 -125
167 222 -124
167 222 -123
167 222 -122
167 222 -121
167 222 -120
167 222 -119
167 222 -118
167 222 -117
167 222 -116
167 222 -114
167 222 -113
167 223 -128
167 223 -126
167 223 -125
167 223 -124
167 223 -123
167 223 -122
167 223 -121
167 223 -120
167 223 -119
167 223 -118
167 223 -117
167 223 -116
167 223 -115
167 224 -128
167 224 -127
167 224 -126
167 224 -125
167 224 -124
167 224 -123
167 224 -122
167 224 -121
167 224 -120
167 224 -119
167 224 -118
167 224 -117
167 224 -116
167 224 -115
167 224 -114
167 224 -113
168 216 -121
168 216 -120
168 217 -122
168 217 -121
168 217 -120
168 218 -121
168 218 -120
168 218 -119
168 218 -118
168 218 -117
168 219 -125
168 219 -124
168 219 -123
168 219 -122
168 219 -121
168 219 -120
168 219 -119
168 219 -118
168 219 -117
168 219 -116
168 220 -124
168 220 -123
168 220 -122
168 220 -121
168 220 -120
168 220 -119
168 220 -118
168 220 -117
168 220 -116
168 220 -115
168 221 -128
168 221 -125
168 221 -124
168 221 -123
168 221 -122
168 221 -121
168 221 -120
168 221 -119
168 221 -118
168 221 -117
168 221 -116
168 221 -115
168 222 -128
168 222 -126
168 222 -125
168 222 -124
168 222 -123
168 222 -122
168 222 -121
168 222 -120
168 222 -119
168 222 -118
168 222 -117
168 222 -116
168 222 -115
168 222 -114
168 223 -128
168 223 -127
168 223 -126
168 223 -125
168 223 -124
168 223 -123
168 223 -122
168 223 -121
168 223 -120
168 223 -119
168 223 -118
168 223 -117
168 223 -116
168 223 -115
168 223 -114
168 224 -128
168 224 -127
168 224 -126
168 224 -125
168 224 -124
168 224 -123
168 224 -122
168 224 -121
168 224 -120
168 224 -119
168 224 -118
168 224 -117
168 224 -116
168 224 -115
168 224 -114
168 224 -113
169 217 -120
169 218 -120
169 218 -116
169 219 -124
169 219 -122
169 219 -121
169 219 -120
169 219 -119
169 219 -117
169 219 -116
169 220 -126
169 220 -124
169 220 -123
169 220 -122
169 220 -121
169 220 -120
169 220 -119
169 220 -118
169 220 -117
169 220 -116
169 220 -115
169 220 -114
169 220 -113
169 221 -126
169 221 -124
169 221 -123
169 221 -122
169 221 -121
169 221 -120
169 221 -119
169 221 -118
169 221 -117
169 221 -116
169 221 -115
169 221 -114
169 221 -113
169 222 -126
169 222 -125
169 222 -124
169 222 -123
169 222 -122
169 222 -121
169 222 -120
169 222 -119
169 222 -118
169 222 -117
169 222 -116
169 222 -115
169 222 -114
169 222 -113
169 223 -128
169 223 -127
169 223 -126
169 223 -125
169 223 -124
169 223 -123
169 223 -122
169 223 -121
169 223 -120
169 223 -119
169 223 -118
169 223 -117
169 223 -116
169 223 -115
169 223 -114
169 223 -113
169 224 -128
169 224 -127
169 224 -126
169 224 -125
169 224 -124
169 224 -123
169 224 -122
169 224 -121
169 224 -120
169 224 -119
169 224 -118
169 224 -117
169 224 -116
169 224 -115
169 224 -114
169 224 -113
170 218 -117
170 218 -116
170 219 -120
170 219 -119
170 219 -118
170 219 -117
170 219 -116
170 219 -115
170 219 -114
170 219 -113
170 220 -123
170 220 -122
170 220 -121
170 220 -120
170 220 -119
170 220 -118
170 220 -117
170 220 -116
170 220 -115
170 220 -114
170 220 -113
170 221 -126
170 221 -125
170 221 -124
170 221 -123
170 221 -122
170 221 -121
170 221 -120
170 221 -119
170 221 -118
170 221 -117
170 221 -116
170 221 -115
170 221 -114
170 221 -113
170 222 -128
170 222 -126
170 222 -125
170 222 -124
170 222 -123
170 222 -122
170 222 -121
170 222 -120
170 222 -119
170 222 -118
170 222 -117
170 222 -116
170 222 -115
170 222 -114
170 222 -113
170 223 -128
170 223 -127
170 223 -126
170 223 -125
170 223 -124
170 223 -123
170 223 -122
170 223 -121
170 223 -120
170 223 -119
170 223 -118
170 223 -117
170 223 -116
170 223 -115
170 223 -114
170 223 -113
170 224 -128
170 224 -127
170 224 -126
170 224 -124
170 224 -123
170 224 -122
170 224 -121
170 224 -120
170 224 -119
170 224 -118
170 224 -117
170 224 -116
170 224 -115
170 224 -114
170 224 -113
171 217 -119
171 217 -117
171 217 -116
171 217 -115
171 217 -113
171 218 -120
171 218 -119
171 218 -117
171 218 -116
171 218 -115
171 218 -113
171 219 -120
171 219 -119
171 219 -118
171 219 -117
171 219 -116
171 219 -114
171 219 -113
171 220 -122
171 220 -121
171 220 -120
171 220 -119
171 220 -118
171 220 -117
171 220 -116
171 220 -115
171 220 -114
171 220 -113
171 221 -124
171 221 -122
171 221 -121
171 221 -120
171 221 -119
171 221 -117
171 221 -116
171 221 -115
171 221 -114
171 221 -113
171 222 -125
171 222 -123
171 222 -122
171 222 -121
171 222 -120
171 222 -119
171 222 -118
171 222 -117
171 222 -116
171 222 -115
171 222 -114
171 222 -113
171 223 -127
171 223 -125
171 223 -123
171 223 -122
171 223 -121
171 223 -120
171 223 -119
171 223 -118
171 223 -117
171 223 -116
171 223 -115
171 223 -114
171 223 -113
171 224 -127
171 224 -124
171 224 -123
171 224 -121
171 224 -120
171 224 -119
171 224 -118
171 224 -117
171 224 -116
171 224 -115
171 224 -114
171 224 -113
172 217 -117
172 217 -115
172 218 -119
172 218 -118
172 218 -117
172 218 -116
172 218 -115
172 218 -114
172 218 -113
172 219 -120
172 219 -119
172 219 -118
172 219 -117
172 219 -116
172 219 -115
172 219 -114
172 220 -120
172 220 -119
172 220 -118
172 220 -117
172 220 -116
172 220 -115
172 220 -114
172 220 -113
172 221 -122
172 221 -120
172 221 -118
172 221 -117
172 221 -116
172 221 -115
172 221 -114
172 221 -113
172 222 -120
172 222 -119
172 222 -118
172 222 -117
172 222 -116
172 222 -115
172 222 -114
172 222 -113
172 223 -122
172 223 -121
172 223 -120
172 223 -119
172 223 -118
172 223 -117
172 223 -116
172 223 -115
172 223 -114
172 223 -113
172 224 -122
172 224 -121
172 224 -120
172 224 -119
172 224 -118
172 224 -117
172 224 -116
172 224 -115
172 224 -114
172 224 -113
173 217 -116
173 217 -115
173 218 -116
173 218 -115
173 218 -114
173 218 -113
173 219 -118
173 219 -117
173 219 -116
173 219 -115
173 219 -114
173 219 -113
173 220 -119
173 220 -118
173 220 -116
173 220 -115
173 220 -114
173 220 -113
173 221 -121
173 221 -119
173 221 -118
173 221 -117
173 221 -116
173 221 -115
173 221 -114
173 221 -113
173 222 -122
173 222 -121
173 222 -120
173 222 -119
173 222 -118
173 222 -117
173 222 -116
173 222 -115
173 222 -114
173 222 -113
173 223 -120
173 223 -119
173 223 -118
173 223 -117
173 223 -116
173 223 -115
173 223 -114
173 223 -113
173 224 -121
173 224 -120
173 224 -119
173 224 -118
173 224 -117
173 224 -116
173 224 -115
173 224 -114
173 224 -113
174 218 -117
174 218 -116
174 218 -115
174 218 -114
174 219 -118
174 219 -117
174 219 -116
174 219 -115
174 219 -114
174 219 -113
174 220 -117
174 220 -116
174 220 -115
174 220 -114
174 220 -113
174 221 -120
174 221 -119
174 221 -118
174 221 -116
174 221 -115
174 221 -114
174 221 -113
174 222 -120
174 222 -119
174 222 -118
174 222 -117
174 222 -116
174 222 -115
174 222 -114
174 222 -113
174 223 -121
174 223 -120
174 223 -119
174 223 -118
174 223 -117
174 223 -116
174 223 -115
174 223 -114
174 223 -113
174 224 -119
174 224 -118
174 224 -117
174 224 -116
174 224 -115
174 224 -114
174 224 -113
175 218 -116
175 219 -117
175 219 -116
175 219 -115
175 219 -113
175 220 -117
175 220 -116
175 220 -115
175 220 -114
175 220 -113
175 221 -118
175 221 -117
175 221 -116
175 221 -115
175 221 -114
175 221 -113
175 222 -119
175 222 -118
175 222 -117
175 222 -116
175 222 -115
175 222 -114
175 222 -113
175 223 -120
175 223 -119
175 223 -118
175 223 -117
175 223 -116
175 223 -115
175 223 -114
175 223 -113
175 224 -117
175 224 -116
175 224 -115
175 224 -114
175 224 -113
160 225 -128
160 225 -127
160 225 -126
160 225 -125
160 225 -124
160 225 -123
160 225 -119
160 225 -118
160 225 -117
160 225 -116
160 225 -115
160 225 -114
160 225 -113
160 226 -128
160 226 -127
160 226 -126
160 226 -125
160 226 -124
160 226 -123
160 226 -122
160 226 -121
160 226 -120
160 226 -119
160 226 -118
160 226 -117
160 226 -116
160 226 -115
160 226 -114
160 226 -113
160 227 -128
160 227 -127
160 227 -126
160 227 -125
160 227 -124
160 227 -123
160 227 -122
160 227 -121
160 227 -120
160 227 -119
160 227 -118
160 227 -117
160 227 -116
160 227 -115
160 227 -114
160 227 -113
160 228 -128
160 228 -127
160 228 -126
160 228 -125
160 228 -124
160 228 -123
160 228 -122
160 228 -121
160 228 -120
160 228 -119
160 228 -118
160 228 -117
160 228 -116
160 228 -115
160 228 -114
160 228 -113
160 229 -128
160 229 -127
160 229 -126
160 229 -125
160 229 -124
160 229 -123
160 229 -122
160 229 -121
160 229 -120
160 229 -119
160 229 -118
160 229 -117
160 229 -116
160 229 -115
160 229 -114
160 229 -113
160 230 -128
160 230 -127
160 230 -126
160 230 -125
160 230 -124
160 230 -123
160 230 -122
160 230 -121
160 230 -120
160 230 -119
160 230 -118
160 230 -117
160 230 -116
160 230 -115
160 230 -114
160 230 -113
160 231 -128
160 231 -127
160 231 -126
160 231 -125
160 231 -124
160 231 -123
160 231 -122
160 231 -121
160 231 -120
160 231 -119
160 231 -118
160 231 -117
160 231 -116
160 231 -115
160 231 -114
160 231 -113
160 232 -128
160 232 -127
160 232 -126
160 232 -125
160 232 -124
160 232 -123
160 232 -122
160 232 -121
160 232 -120
160 232 -119
160 232 -118
160 232 -117
160 232 -116
160 232 -115
160 232 -114
160 232 -113
160 233 -128
160 233 -127
160 233 -126
160 233 -125
160 233 -124
160 233 -123
160 233 -122
160 233 -121
160 233 -120
160 233 -119
160 233 -118
160 233 -117
160 233 -116
160 233 -115
160 233 -114
160 233 -113
160 234 -125
160 234 -124
160 234 -123
160 234 -122
160 234 -121
160 234 -120
160 234 -119
160 234 -118
160 234 -117
160 234 -116
160 234 -115
160 234 -114
160 234 -113
160 235 -127
160 235 -126
160 235 -125
160 235 -124
160 235 -123
160 235 -122
160 235 -121
160 235 -120
160 235 -119
160 235 -118
160 235 -117
160 235 -116
160 235 -115
160 235 -114
160 235 -113
160 236 -126
160 236 -125
160 236 -124
160 236 -123
160 236 -122
160 236 -121
160 236 -120
160 236 -119
160 236 -118
160 236 -117
160 236 -116
160 236 -115
160 236 -114
160 236 -113
160 237 -124
160 237 -123
160 237 -122
160 237 -121
160 237 -120
160 237 -118
160 237 -117
160 237 -116
160 237 -115
160 237 -114
160 237 -113
160 238 -125
160 238 -124
160 238 -123
160 238 -122
160 238 -120
160 238 -119
160 238 -118
160 238 -117
160 238 -116
160 238 -115
160 238 -114
160 238 -113
160 239 -123
160 239 -122
160 239 -120
160 239 -119
160 239 -118
160 239 -117
160 239 -116
160 239 -115
160 239 -114
160 239 -113
160 240 -120
160 240 -119
160 240 -118
160 240 -117
160 240 -116
160 240 -115
160 240 -114
160 240 -113
160 241 -119
160 241 -118
160 241 -117
160 241 -116
160 241 -115
160 241 -114
160 241 -113
160 242 -118
160 242 -117
160 242 -116
160 242 -115
160 242 -114
160 243 -118
160 243 -117
160 243 -116
160 243 -115
160 243 -114
160 243 -113
160 244 -118
160 244 -117
160 244 -116
160 244 -115
160 244 -114
160 244 -113
160 245 -116
160 245 -115
160 245 -114
160 245 -113
160 246 -115
160 246 -114
160 247 -115
160 247 -114
161 225 -128
161 225 -127
161 225 -126
161 225 -125
161 225 -124
161 225 -123
161 225 -118
161 225 -117
161 225 -116
161 225 -114
161 225 -113
161 226 -128
161 226 -127
161 226 -126
161 226 -125
161 226 -124
161 226 -123
161 226 -122
161 226 -121
161 226 -120
161 226 -118
161 226 -117
161 226 -116
161 226 -115
161 226 -114
161 226 -113
161 227 -128
161 227 -127
161 227 -126
161 227 -125
161 227 -124
161 227 -123
161 227 -122
161 227 -121
161 227 -120
161 227 -119
161 227 -118
161 227 -117
161 227 -116
161 227 -115
161 227 -114
161 227 -113
161 228 -128
161 228 -127
161 228 -126
161 228 -125
161 228 -124
161 228 -123
161 228 -122
161 228 -121
161 228 -120
161 228 -119
161 228 -118
161 228 -117
161 228 -116
161 228 -115
161 228 -114
161 228 -113
161 229 -128
161 229 -127
161 229 -126
161 229 -125
161 229 -124
161 229 -123
161 229 -122
161 229 -121
161 229 -120
161 229 -119
161 229 -118
161 229 -117
161 229 -116
161 229 -115
161 229 -114
161 229 -113
161 230 -128
161 230 -127
161 230 -126
161 230 -125
161 230 -124
161 230 -123
161 230 -122
161 230 -121
161 230 -120
161 230 -119
161 230 -118
161 230 -117
161 230 -116
161 230 -115
161 230 -114
161 230 -113
161 231 -128
161 231 -127
161 231 -126
161 231 -125
161 231 -124
161 231 -123
161 231 -122
161 231 -121
161 231 -120
161 231 -119
161 231 -118
161 231 -117
161 231 -116
161 231 -115
161 231 -114
161 231 -113
161 232 -128
161 232 -127
161 232 -126
161 232 -125
161 232 -124
161 232 -123
161 232 -122
161 232 -121
161 232 -120
161 232 -119
161 232 -118
161 232 -117
161 232 -116
161 232 -115
161 232 -114
161 232 -113
161 233 -126
161 233 -125
161 233 -124
161 233 -123
161 233 -122
161 233 -121
161 233 -120
161 233 -119
161 233 -118
161 233 -117
161 233 -116
161 233 -115
161 233 -114
161 233 -113
161 234 -127
161 234 -126
161 234 -125
161 234 -124
161 234 -123
161 234 -122
161 234 -121
161 234 -120
161 234 -119
161 234 -117
161 234 -116
161 234 -115
161 234 -114
161 234 -113
161 235 -126
161 235 -125
161 235 -124
161 235 -123
161 235 -122
161 235 -121
161 235 -120
161 235 -119
161 235 -118
161 235 -117
161 235 -116
161 235 -115
161 235 -114
161 235 -113
161 236 -126
161 236 -125
161 236 -124
161 236 -123
161 236 -122
161 236 -121
161 236 -120
161 236 -119
161 236 -118
161 236 -117
161 236 -116
161 236 -115
161 236 -114
161 236 -113
161 237 -123
161 237 -122
161 237 -120
161 237 -119
161 237 -118
161 237 -117
161 237 -116
161 237 -115
161 237 -114
161 237 -113
161 238 -123
161 238 -122
161 238 -121
161 238 -120
161 238 -119
161 238 -118
161 238 -117
161 238 -116
161 238 -115
161 238 -114
161 238 -113
161 239 -122
161 239 -118
161 239 -117
161 239 -116
161 239 -115
161 239 -114
161 239 -113
161 240 -120
161 240 -119
161 240 -118
161 240 -117
161 240 -116
161 240 -115
161 240 -114
161 240 -113
161 241 -121
161 241 -120
161 241 -119
161 241 -118
161 241 -117
161 241 -116
161 241 -115
161 241 -114
161 241 -113
161 242 -121
161 242 -120
161 242 -119
161 242 -118
161 242 -117
161 242 -116
161 242 -115
161 242 -114
161 242 -113
161 243 -120
161 243 -118
161 243 -117
161 243 -116
161 243 -115
161 243 -114
161 243 -113
161 244 -119
161 244 -118
161 244 -117
161 244 -116
161 244 -115
161 244 -114
161 244 -113
161 245 -118
161 245 -115
161 245 -114
161 245 -113
161 246 -114
161 246 -113
161 247 -114
162 225 -128
162 225 -127
162 225 -126
162 225 -125
162 225 -124
162 225 -123
162 225 -122
162 225 -121
162 225 -120
162 225 -117
162 225 -115
162 225 -114
162 225 -113
162 226 -128
162 226 -127
162 226 -126
162 226 -125
162 226 -124
162 226 -123
162 226 -122
162 226 -121
162 226 -120
162 226 -119
162 226 -118
162 226 -117
162 226 -116
162 226 -115
162 226 -114
162 226 -113
162 227 -128
162 227 -127
162 227 -126
162 227 -125
162 227 -124
162 227 -123
162 227 -122
162 227 -121
162 227 -120
162 227 -119
162 227 -118
162 227 -117
162 227 -116
162 227 -115
162 227 -114
162 227 -113
162 228 -128
162 228 -127
162 228 -126
162 228 -125
162 228 -124
162 228 -123
162 228 -122
162 228 -121
162 228 -120
162 228 -119
162 228 -118
162 228 -117
162 228 -116
162 228 -115
162 228 -114
162 228 -113
162 229 -128
162 229 -127
162 229 -126
162 229 -125
162 229 -124
162 229 -123
162 229 -122
162 229 -121
162 229 -120
162 229 -119
162 229 -118
162 229 -117
162 229 -116
162 229 -115
162 229 -114
162 229 -113
162 230 -127
162 230 -126
162 230 -125
162 230 -124
162 230 -123
162 230 -122
162 230 -121
162 230 -120
162 230 -119
162 230 -118
162 230 -117
162 230 -116
162 230 -115
162 230 -114
162 230 -113
162 231 -128
162 231 -127
162 231 -126
162 231 -125
162 231 -124
162 231 -123
162 231 -122
162 231 -121
162 231 -120
162 231 -119
162 231 -118
162 231 -117
162 231 -116
162 231 -115
162 231 -114
162 231 -113
162 232 -128
162 232 -126
162 232 -125
162 232 -124
162 232 -123
162 232 -122
162 232 -121
162 232 -120
162 232 -119
162 232 -118
162 232 -117
162 232 -116
162 232 -115
162 232 -114
162 232 -113
162 233 -127
162 233 -126
162 233 -125
162 233 -124
162 233 -123
162 233 -122
162 233 -121
162 233 -120
162 233 -119
162 233 -118
162 233 -117
162 233 -116
162 233 -115
162 233 -114
162 233 -113
162 234 -127
162 234 -126
162 234 -125
162 234 -124
162 234 -123
162 234 -122
162 234 -121
162 234 -120
162 234 -119
162 234 -118
162 234 -117
162 234 -116
162 234 -115
162 234 -114
162 234 -113
162 235 -126
162 235 -125
162 235 -124
162 235 -123
162 235 -122
162 235 -121
162 235 -120
162 235 -119
162 235 -117
162 235 -116
162 235 -114
162 235 -113
162 236 -123
162 236 -122
162 236 -121
162 236 -120
162 236 -118
162 236 -116
162 236 -115
162 236 -114
162 236 -113
162 237 -123
162 237 -122
162 237 -121
162 237 -119
162 237 -118
162 237 -117
162 237 -116
162 237 -115
162 237 -114
162 237 -113
162 238 -123
162 238 -122
162 238 -121
162 238 -118
162 238 -117
162 238 -116
162 238 -115
162 238 -114
162 238 -113
162 239 -120
162 239 -119
162 239 -118
162 239 -117
162 239 -116
162 239 -115
162 239 -114
162 239 -113
162 240 -119
162 240 -118
162 240 -117
162 240 -116
162 240 -115
162 240 -114
162 240 -113
162 241 -120
162 241 -119
162 241 -118
162 241 -117
162 241 -116
162 241 -115
162 241 -114
162 241 -113
162 242 -120
162 242 -119
162 242 -118
162 242 -117
162 242 -116
162 242 -115
162 242 -114
162 242 -113
162 243 -119
162 243 -118
162 243 -117
162 243 -116
162 243 -115
162 243 -114
162 243 -113
162 244 -118
162 244 -117
162 244 -116
162 244 -115
162 244 -114
162 245 -115
162 245 -114
162 245 -113
163 225 -128
163 225 -127
163 225 -126
163 225 -125
163 225 -124
163 225 -123
163 225 -122
163 225 -121
163 225 -120
163 225 -119
163 225 -118
163 225 -117
163 225 -116
163 225 -114
163 226 -128
163 226 -127
163 226 -126
163 226 -125
163 226 -124
163 226 -123
163 226 -122
163 226 -121
163 226 -120
163 226 -119
163 226 -118
163 226 -117
163 226 -116
163 226 -115
163 226 -114
163 226 -113
163 227 -128
163 227 -127
163 227 -126
163 227 -125
163 227 -124
163 227 -123
163 227 -122
163 227 -121
163 227 -120
163 227 -119
163 227 -118
163 227 -116
163 227 -115
163 227 -114
163 227 -113
163 228 -128
163 228 -127
163 228 -126
163 228 -125
163 228 -124
163 228 -123
163 228 -122
163 228 -121
163 228 -120
163 228 -119
163 228 -118
163 228 -117
163 228 -116
163 228 -115
163 228 -114
163 228 -113
163 229 -128
163 229 -127
163 229 -126
163 229 -125
163 229 -124
163 229 -123
163 229 -122
163 229 -121
163 229 -120
163 229 -119
163 229 -118
163 229 -117
163 229 -116
163 229 -115
163 229 -114
163 229 -113
163 230 -128
163 230 -126
163 230 -125
163 230 -124
163 230 -123
163 230 -122
163 230 -121
163 230 -120
163 230 -119
163 230 -118
163 230 -117
163 230 -116
163 230 -115
163 230 -113
163 231 -128
163 231 -127
163 231 -126
163 231 -125
163 231 -124
163 231 -123
163 231 -122
163 231 -121
163 231 -120
163 231 -119
163 231 -118
163 231 -117
163 231 -116
163 231 -115
163 231 -114
163 231 -113
163 232 -128
163 232 -127
163 232 -126
163 232 -125
163 232 -124
163 232 -123
163 232 -122
163 232 -121
163 232 -120
163 232 -119
163 232 -118
163 232 -117
163 232 -116
163 232 -115
163 232 -114
163 232 -113
163 233 -127
163 233 -126
163 233 -125
163 233 -124
163 233 -123
163 233 -122
163 233 -121
163 233 -120
163 233 -119
163 233 -118
163 233 -117
163 233 -116
163 233 -115
163 233 -114
163 233 -113
163 234 -126
163 234 -125
163 234 -124
163 234 -123
163 234 -122
163 234 -121
163 234 -120
163 234 -119
163 234 -118
163 234 -117
163 234 -116
163 234 -115
163 234 -114
163 234 -113
163 235 -126
163 235 -125
163 235 -124
163 235 -123
163 235 -122
163 235 -121
163 235 -118
163 235 -117
163 235 -115
163 235 -114
163 235 -113
163 236 -125
163 236 -124
163 236 -123
163 236 -122
163 236 -121
163 236 -120
163 236 -118
163 236 -116
163 236 -115
163 236 -114
163 236 -113
163 237 -122
163 237 -119
163 237 -118
163 237 -117
163 237 -116
163 237 -115
163 237 -114
163 237 -113
163 238 -122
163 238 -119
163 238 -118
163 238 -117
163 238 -116
163 238 -115
163 238 -114
163 238 -113
163 239 -121
163 239 -120
163 239 -119
163 239 -118
163 239 -117
163 239 -116
163 239 -115
163 239 -114
163 239 -113
163 240 -120
163 240 -119
163 240 -118
163 240 -117
163 240 -116
163 240 -115
163 240 -114
163 240 -113
163 241 -121
163 241 -120
163 241 -119
163 241 -118
163 241 -117
163 241 -116
163 241 -115
163 241 -114
163 241 -113
163 242 -122
163 242 -121
163 242 -120
163 242 -119
163 242 -118
163 242 -117
163 242 -116
163 242 -115
163 242 -114
163 242 -113
163 243 -120
163 243 -119
163 243 -118
163 243 -117
163 243 -116
163 243 -115
163 243 -114
163 243 -113
163 244 -120
163 244 -119
163 244 -118
163 244 -117
163 244 -116
163 244 -115
163 244 -114
163 245 -117
163 245 -116
163 245 -115
163 245 -114
163 246 -118
163 246 -116
163 247 -118
164 225 -128
164 225 -127
164 225 -126
164 225 -125
164 225 -124
164 225 -123
164 225 -122
164 225 -121
164 225 -120
164 225 -119
164 225 -118
164 225 -117
164 225 -116
164 225 -114
164 225 -113
164 226 -128
164 226 -127
164 226 -126
164 226 -125
164 226 -124
164 226 -123
164 226 -122
164 226 -121
164 226 -120
164 226 -119
164 226 -118
164 226 -117
164 226 -116
164 226 -114
164 226 -113
164 227 -128
164 227 -127
164 227 -126
164 227 -125
164 227 -124
164 227 -123
164 227 -122
164 227 -121
164 227 -120
164 227 -119
164 227 -118
164 227 -117
164 227 -116
164 227 -115
164 227 -114
164 227 -113
164 228 -128
164 228 -127
164 228 -126
164 228 -125
164 228 -124
164 228 -123
164 228 -122
164 228 -121
164 228 -120
164 228 -119
164 228 -118
164 228 -117
164 228 -116
164 228 -115
164 228 -114
164 228 -113
164 229 -128
164 229 -127
164 229 -126
164 229 -125
164 229 -124
164 229 -123
164 229 -122
164 229 -121
164 229 -120
164 229 -119
164 229 -118
164 229 -117
164 229 -116
164 229 -115
164 229 -114
164 229 -113
164 230 -127
164 230 -126
164 230 -125
164 230 -124
164 230 -123
164 230 -122
164 230 -121
164 230 -120
164 230 -119
164 230 -118
164 230 -117
164 230 -116
164 230 -115
164 230 -113
164 231 -128
164 231 -127
164 231 -126
164 231 -125
164 231 -124
164 231 -123
164 231 -122
164 231 -121
164 231 -120
164 231 -119
164 231 -118
164 231 -117
164 231 -116
164 231 -115
164 231 -114
164 231 -113
164 232 -126
164 232 -125
164 232 -124
164 232 -123
164 232 -122
164 232 -121
164 232 -120
164 232 -119
164 232 -118
164 232 -117
164 232 -116
164 232 -115
164 232 -114
164 232 -113
164 233 -126
164 233 -125
164 233 -124
164 233 -123
164 233 -122
164 233 -121
164 233 -120
164 233 -119
164 233 -118
164 233 -117
164 233 -116
164 233 -115
164 233 -114
164 233 -113
164 234 -124
164 234 -123
164 234 -122
164 234 -121
164 234 -120
164 234 -119
164 234 -118
164 234 -117
164 234 -115
164 234 -114
164 234 -113
164 235 -124
164 235 -122
164 235 -121
164 235 -120
164 235 -119
164 235 -118
164 235 -117
164 235 -116
164 235 -115
164 235 -114
164 235 -113
164 236 -122
164 236 -121
164 236 -119
164 236 -117
164 236 -116
164 236 -115
164 236 -114
164 236 -113
164 237 -119
164 237 -118
164 237 -117
164 237 -116
164 237 -115
164 237 -114
164 237 -113
164 238 -120
164 238 -119
164 238 -118
164 238 -117
164 238 -116
164 238 -115
164 238 -114
164 238 -113
164 239 -121
164 239 -120
164 239 -119
164 239 -118
164 239 -117
164 239 -116
164 239 -115
164 239 -114
164 239 -113
164 240 -121
164 240 -120
164 240 -119
164 240 -118
164 240 -117
164 240 -116
164 240 -115
164 240 -114
164 240 -113
164 241 -122
164 241 -121
164 241 -120
164 241 -119
164 241 -118
164 241 -117
164 241 -116
164 241 -115
164 241 -114
164 241 -113
164 242 -121
164 242 -120
164 242 -119
164 242 -118
164 242 -117
164 242 -116
164 242 -115
164 242 -114
164 242 -113
164 243 -121
164 243 -120
164 243 -119
164 243 -118
164 243 -117
164 243 -116
164 243 -115
164 243 -114
164 243 -113
164 244 -119
164 244 -118
164 244 -117
164 244 -116
164 244 -115
164 244 -114
164 244 -113
164 245 -118
164 245 -117
164 245 -116
164 245 -115
164 245 -114
164 246 -120
164 246 -119
164 246 -118
164 246 -117
164 246 -116
164 247 -118
164 247 -117
164 248 -118
165 225 -128
165 225 -127
165 225 -126
165 225 -125
165 225 -124
165 225 -123
165 225 -122
165 225 -121
165 225 -120
165 225 -119
165 225 -118
165 225 -117
165 225 -116
165 225 -115
165 225 -114
165 225 -113
165 226 -128
165 226 -127
165 226 -126
165 226 -125
165 226 -124
165 226 -123
165 226 -122
165 226 -121
165 226 -120
165 226 -119
165 226 -118
165 226 -117
165 226 -116
165 226 -114
165 226 -113
165 227 -128
165 227 -127
165 227 -126
165 227 -125
165 227 -124
165 227 -123
165 227 -122
165 227 -121
165 227 -120
165 227 -119
165 227 -118
165 227 -117
165 227 -115
165 227 -114
165 227 -113
165 228 -128
165 228 -127
165 228 -126
165 228 -125
165 228 -124
165 228 -123
165 228 -122
165 228 -121
165 228 -120
165 228 -119
165 228 -118
165 228 -117
165 228 -116
165 228 -115
165 228 -114
165 228 -113
165 229 -128
165 229 -127
165 229 -126
165 229 -125
165 229 -124
165 229 -123
165 229 -122
165 229 -121
165 229 -120
165 229 -119
165 229 -118
165 229 -117
165 229 -116
165 229 -115
165 229 -114
165 229 -113
165 230 -128
165 230 -127
165 230 -126
165 230 -125
165 230 -124
165 230 -123
165 230 -122
165 230 -121
165 230 -120
165 230 -119
165 230 -118
165 230 -117
165 230 -116
165 230 -115
165 230 -114
165 230 -113
165 231 -127
165 231 -126
165 231 -125
165 231 -124
165 231 -123
165 231 -122
165 231 -121
165 231 -120
165 231 -119
165 231 -118
165 231 -117
165 231 -116
165 231 -115
165 231 -114
165 231 -113
165 232 -127
165 232 -125
165 232 -124
165 232 -123
165 232 -122
165 232 -121
165 232 -120
165 232 -119
165 232 -118
165 232 -117
165 232 -116
165 232 -115
165 232 -114
165 232 -113
165 233 -125
165 233 -124
165 233 -123
165 233 -122
165 233 -121
165 233 -120
165 233 -119
165 233 -118
165 233 -117
165 233 -116
165 233 -115
165 233 -114
165 233 -113
165 234 -124
165 234 -123
165 234 -122
165 234 -121
165 234 -120
165 234 -119
165 234 -118
165 234 -117
165 234 -116
165 234 -115
165 234 -114
165 234 -113
165 235 -124
165 235 -123
165 235 -120
165 235 -119
165 235 -117
165 235 -116
165 235 -115
165 235 -114
165 235 -113
165 236 -121
165 236 -119
165 236 -118
165 236 -117
165 236 -116
165 236 -115
165 236 -114
165 236 -113
165 237 -119
165 237 -118
165 237 -117
165 237 -116
165 237 -115
165 237 -114
165 237 -113
165 238 -119
165 238 -118
165 238 -117
165 238 -116
165 238 -115
165 238 -114
165 239 -120
165 239 -119
165 239 -118
165 239 -117
165 239 -116
165 239 -115
165 239 -114
165 239 -113
165 240 -122
165 240 -121
165 240 -120
165 240 -119
165 240 -118
165 240 -117
165 240 -116
165 240 -115
165 240 -114
165 240 -113
165 241 -122
165 241 -121
165 241 -120
165 241 -119
165 241 -118
165 241 -117
165 241 -116
165 241 -115
165 241 -114
165 241 -113
165 242 -122
165 242 -121
165 242 -120
165 242 -119
165 242 -118
165 242 -117
165 242 -116
165 242 -115
165 242 -114
165 242 -113
165 243 -121
165 243 -120
165 243 -119
165 243 -118
165 243 -117
165 243 -116
165 243 -115
165 243 -114
165 243 -113
165 244 -120
165 244 -119
165 244 -118
165 244 -117
165 244 -116
165 244 -115
165 244 -114
165 244 -113
165 245 -120
165 245 -119
165 245 -118
165 245 -117
165 245 -116
165 245 -114
165 245 -113
165 246 -120
165 246 -119
165 246 -118
165 246 -117
165 247 -119
165 247 -118
165 247 -117
165 248 -118
166 225 -128
166 225 -127
166 225 -126
166 225 -125
166 225 -124
166 225 -123
166 225 -122
166 225 -121
166 225 -120
166 225 -119
166 225 -118
166 225 -117
166 225 -116
166 225 -115
166 225 -113
166 226 -128
166 226 -127
166 226 -126
166 226 -125
166 226 -124
166 226 -123
166 226 -122
166 226 -121
166 226 -120
166 226 -119
166 226 -118
166 226 -117
166 226 -116
166 226 -115
166 226 -114
166 226 -113
166 227 -128
166 227 -127
166 227 -126
166 227 -125
166 227 -124
166 227 -123
166 227 -122
166 227 -121
166 227 -120
166 227 -119
166 227 -118
166 227 -116
166 227 -114
166 227 -113
166 228 -128
166 228 -127
166 228 -126
166 228 -125
166 228 -124
166 228 -123
166 228 -122
166 228 -121
166 228 -120
166 228 -119
166 228 -118
166 228 -117
166 228 -116
166 228 -114
166 228 -113
166 229 -128
166 229 -127
166 229 -126
166 229 -125
166 229 -124
166 229 -123
166 229 -122
166 229 -121
166 229 -120
166 229 -119
166 229 -118
166 229 -117
166 229 -115
166 229 -114
166 230 -128
166 230 -127
166 230 -126
166 230 -125
166 230 -124
166 230 -123
166 230 -122
166 230 -121
166 230 -120
166 230 -119
166 230 -118
166 230 -117
166 230 -116
166 230 -115
166 230 -114
166 230 -113
166 231 -127
166 231 -126
166 231 -125
166 231 -124
166 231 -123
166 231 -122
166 231 -121
166 231 -120
166 231 -119
166 231 -118
166 231 -117
166 231 -116
166 231 -115
166 231 -114
166 231 -113
166 232 -126
166 232 -125
166 232 -124
166 232 -123
166 232 -122
166 232 -121
166 232 -120
166 232 -119
166 232 -118
166 232 -117
166 232 -116
166 232 -115
166 232 -114
166 232 -113
166 233 -126
166 233 -125
166 233 -124
166 233 -123
166 233 -122
166 233 -121
166 233 -120
166 233 -119
166 233 -118
166 233 -117
166 233 -116
166 233 -115
166 233 -114
166 233 -113
166 234 -124
166 234 -123
166 234 -122
166 234 -121
166 234 -120
166 234 -119
166 234 -117
166 234 -116
166 234 -115
166 234 -114
166 234 -113
166 235 -124
166 235 -123
166 235 -121
166 235 -120
166 235 -119
166 235 -117
166 235 -116
166 235 -115
166 235 -114
166 235 -113
166 236 -119
166 236 -117
166 236 -116
166 236 -115
166 236 -114
166 236 -113
166 237 -120
166 237 -119
166 237 -118
166 237 -117
166 237 -116
166 237 -115
166 237 -114
166 237 -113
166 238 -119
166 238 -118
166 238 -117
166 238 -116
166 238 -115
166 238 -114
166 239 -122
166 239 -120
166 239 -119
166 239 -118
166 239 -117
166 239 -116
166 239 -115
166 239 -114
166 239 -113
166 240 -123
166 240 -122
166 240 -121
166 240 -120
166 240 -119
166 240 -118
166 240 -117
166 240 -116
166 240 -115
166 240 -114
166 240 -113
166 241 -123
166 241 -122
166 241 -121
166 241 -120
166 241 -119
166 241 -118
166 241 -117
166 241 -116
166 241 -115
166 241 -114
166 241 -113
166 242 -121
166 242 -120
166 242 -119
166 242 -118
166 242 -117
166 242 -116
166 242 -115
166 242 -114
166 242 -113
166 243 -123
166 243 -122
166 243 -121
166 243 -120
166 243 -119
166 243 -118
166 243 -117
166 243 -116
166 243 -115
166 243 -114
166 243 -113
166 244 -122
166 244 -121
166 244 -120
166 244 -118
166 244 -117
166 244 -116
166 244 -115
166 244 -114
166 244 -113
166 245 -120
166 245 -119
166 245 -118
166 245 -117
166 245 -116
166 245 -115
166 245 -114
166 245 -113
166 246 -120
166 246 -119
166 246 -118
166 246 -116
166 246 -115
166 247 -116
167 225 -128
167 225 -127
167 225 -126
167 225 -125
167 225 -124
167 225 -123
167 225 -122
167 225 -121
167 225 -120
167 225 -119
167 225 -118
167 225 -117
167 225 -116
167 225 -115
167 225 -114
167 225 -113
167 226 -128
167 226 -127
167 226 -126
167 226 -125
167 226 -124
167 226 -123
167 226 -122
167 226 -121
167 226 -120
167 226 -119
167 226 -118
167 226 -117
167 226 -116
167 226 -115
167 226 -114
167 226 -113
167 227 -128
167 227 -127
167 227 -126
167 227 -125
167 227 -124
167 227 -123
167 227 -122
167 227 -121
167 227 -120
167 227 -119
167 227 -118
167 227 -117
167 227 -116
167 227 -115
167 227 -114
167 227 -113
167 228 -127
167 228 -126
167 228 -125
167 228 -124
167 228 -123
167 228 -122
167 228 -121
167 228 -120
167 228 -119
167 228 -118
167 228 -117
167 228 -116
167 228 -115
167 228 -113
167 229 -128
167 229 -127
167 229 -126
167 229 -125
167 229 -124
167 229 -123
167 229 -122
167 229 -121
167 229 -120
167 229 -119
167 229 -118
167 229 -117
167 229 -116
167 229 -115
167 229 -114
167 229 -113
167 230 -127
167 230 -126
167 230 -125
167 230 -124
167 230 -123
167 230 -122
167 230 -121
167 230 -120
167 230 -119
167 230 -118
167 230 -117
167 230 -116
167 230 -115
167 230 -114
167 230 -113
167 231 -127
167 231 -126
167 231 -125
167 231 -124
167 231 -123
167 231 -122
167 231 -121
167 231 -120
167 231 -119
167 231 -118
167 231 -117
167 231 -116
167 231 -115
167 231 -114
167 231 -113
167 232 -127
167 232 -126
167 232 -125
167 232 -124
167 232 -123
167 232 -122
167 232 -121
167 232 -120
167 232 -119
167 232 -118
167 232 -117
167 232 -116
167 232 -115
167 232 -114
167 232 -113
167 233 -124
167 233 -123
167 233 -122
167 233 -121
167 233 -120
167 233 -119
167 233 -118
167 233 -117
167 233 -116
167 233 -115
167 233 -114
167 233 -113
167 234 -123
167 234 -122
167 234 -121
167 234 -120
167 234 -119
167 234 -118
167 234 -117
167 234 -116
167 234 -115
167 234 -114
167 234 -113
167 235 -123
167 235 -122
167 235 -118
167 235 -117
167 235 -116
167 235 -115
167 235 -114
167 235 -113
167 236 -118
167 236 -117
167 236 -115
167 236 -114
167 236 -113
167 237 -119
167 237 -118
167 237 -117
167 237 -116
167 237 -115
167 237 -114
167 237 -113
167 238 -120
167 238 -119
167 238 -118
167 238 -117
167 238 -116
167 238 -115
167 238 -114
167 239 -121
167 239 -120
167 239 -119
167 239 -118
167 239 -117
167 239 -116
167 239 -115
167 239 -114
167 239 -113
167 240 -123
167 240 -122
167 240 -121
167 240 -120
167 240 -119
167 240 -118
167 240 -117
167 240 -116
167 240 -115
167 240 -114
167 240 -113
167 241 -123
167 241 -121
167 241 -120
167 241 -119
167 241 -118
167 241 -117
167 241 -116
167 241 -115
167 241 -114
167 241 -113
167 242 -123
167 242 -120
167 242 -119
167 242 -118
167 242 -117
167 242 -116
167 242 -115
167 242 -114
167 242 -113
167 243 -123
167 243 -122
167 243 -120
167 243 -119
167 243 -118
167 243 -117
167 243 -116
167 243 -115
167 243 -114
167 243 -113
167 244 -120
167 244 -119
167 244 -118
167 244 -117
167 244 -116
167 244 -115
167 244 -114
167 244 -113
167 245 -121
167 245 -120
167 245 -119
167 245 -118
167 245 -117
167 245 -116
167 245 -115
167 245 -114
167 246 -121
167 246 -120
167 246 -117
167 246 -116
167 246 -115
167 246 -114
167 247 -116
168 225 -128
168 225 -127
168 225 -126
168 225 -125
168 225 -124
168 225 -123
168 225 -122
168 225 -121
168 225 -120
168 225 -119
168 225 -118
168 225 -117
168 225 -116
168 225 -115
168 225 -114
168 225 -113
168 226 -127
168 226 -126
168 226 -125
168 226 -124
168 226 -123
168 226 -122
168 226 -121
168 226 -120
168 226 -119
168 226 -118
168 226 -117
168 226 -116
168 226 -115
168 226 -114
168 226 -113
168 227 -128
168 227 -127
168 227 -126
168 227 -125
168 227 -124
168 227 -123
168 227 -122
168 227 -121
168 227 -120
168 227 -119
168 227 -118
168 227 -117
168 227 -116
168 227 -115
168 227 -114
168 227 -113
168 228 -126
168 228 -125
168 228 -124
168 228 -123
168 228 -122
168 228 -121
168 228 -120
168 228 -119
168 228 -118
168 228 -117
168 228 -116
168 228 -115
168 228 -114
168 228 -113
168 229 -126
168 229 -125
168 229 -124
168 229 -123
168 229 -122
168 229 -121
168 229 -120
168 229 -119
168 229 -118
168 229 -117
168 229 -116
168 229 -115
168 229 -114
168 229 -113
168 230 -127
168 230 -126
168 230 -125
168 230 -124
168 230 -123
168 230 -122
168 230 -121
168 230 -120
168 230 -119
168 230 -118
168 230 -117
168 230 -116
168 230 -115
168 230 -114
168 230 -113
168 231 -124
168 231 -123
168 231 -122
168 231 -121
168 231 -120
168 231 -119
168 231 -118
168 231 -117
168 231 -116
168 231 -115
168 231 -114
168 231 -113
168 232 -124
168 232 -123
168 232 -122
168 232 -121
168 232 -120
168 232 -119
168 232 -118
168 232 -117
168 232 -116
168 232 -115
168 232 -114
168 233 -125
168 233 -124
168 233 -123
168 233 -122
168 233 -121
168 233 -120
168 233 -119
168 233 -118
168 233 -117
168 233 -116
168 233 -115
168 233 -114
168 233 -113
168 234 -123
168 234 -122
168 234 -121
168 234 -120
168 234 -119
168 234 -118
168 234 -117
168 234 -116
168 234 -115
168 234 -114
168 234 -113
168 235 -123
168 235 -121
168 235 -118
168 235 -116
168 235 -115
168 235 -114
168 235 -113
168 236 -119
168 236 -117
168 236 -116
168 236 -115
168 236 -114
168 236 -113
168 237 -121
168 237 -120
168 237 -119
168 237 -118
168 237 -117
168 237 -116
168 237 -115
168 237 -114
168 237 -113
168 238 -120
168 238 -119
168 238 -118
168 238 -117
168 238 -116
168 238 -115
168 238 -114
168 238 -113
168 239 -121
168 239 -120
168 239 -119
168 239 -118
168 239 -117
168 239 -116
168 239 -115
168 239 -114
168 239 -113
168 240 -121
168 240 -120
168 240 -119
168 240 -118
168 240 -117
168 240 -116
168 240 -115
168 240 -114
168 240 -113
168 241 -123
168 241 -120
168 241 -119
168 241 -118
168 241 -117
168 241 -116
168 241 -115
168 241 -114
168 241 -113
168 242 -123
168 242 -122
168 242 -121
168 242 -120
168 242 -119
168 242 -118
168 242 -117
168 242 -116
168 242 -115
168 242 -114
168 242 -113
168 243 -121
168 243 -120
168 243 -119
168 243 -118
168 243 -117
168 243 -116
168 243 -115
168 243 -114
168 243 -113
168 244 -120
168 244 -119
168 244 -118
168 244 -117
168 244 -116
168 244 -115
168 244 -114
168 244 -113
168 245 -120
168 245 -119
168 245 -118
168 245 -117
168 245 -116
168 245 -115
168 245 -114
168 245 -113
168 246 -119
168 246 -118
168 246 -117
168 246 -116
168 246 -115
168 246 -114
168 247 -117
168 247 -116
168 248 -117
169 225 -127
169 225 -125
169 225 -124
169 225 -123
169 225 -122
169 225 -121
169 225 -120
169 225 -119
169 225 -118
169 225 -117
169 225 -116
169 225 -115
169 225 -114
169 225 -113
169 226 -126
169 226 -125
169 226 -124
169 226 -123
169 226 -122
169 226 -121
169 226 -120
169 226 -119
169 226 -118
169 226 -117
169 226 -116
169 226 -115
169 226 -114
169 226 -113
169 227 -126
169 227 -125
169 227 -124
169 227 -123
169 227 -122
169 227 -121
169 227 -120
169 227 -119
169 227 -118
169 227 -117
169 227 -116
169 227 -115
169 227 -114
169 227 -113
169 228 -126
169 228 -125
169 228 -124
169 228 -123
169 228 -122
169 228 -121
169 228 -120
169 228 -119
169 228 -118
169 228 -117
169 228 -116
169 228 -115
169 228 -114
169 228 -113
169 229 -127
169 229 -126
169 229 -125
169 229 -124
169 229 -123
169 229 -122
169 229 -121
169 229 -120
169 229 -119
169 229 -118
169 229 -117
169 229 -116
169 229 -115
169 229 -114
169 229 -113
169 230 -125
169 230 -124
169 230 -123
169 230 -122
169 230 -121
169 230 -120
169 230 -119
169 230 -118
169 230 -117
169 230 -116
169 230 -115
169 230 -114
169 230 -113
169 231 -125
169 231 -124
169 231 -123
169 231 -122
169 231 -121
169 231 -120
169 231 -119
169 231 -118
169 231 -117
169 231 -116
169 231 -115
169 231 -114
169 231 -113
169 232 -124
169 232 -123
169 232 -122
169 232 -121
169 232 -120
169 232 -119
169 232 -118
169 232 -117
169 232 -116
169 232 -115
169 232 -114
169 232 -113
169 233 -123
169 233 -122
169 233 -121
169 233 -120
169 233 -119
169 233 -118
169 233 -117
169 233 -116
169 233 -115
169 233 -114
169 233 -113
169 234 -122
169 234 -121
169 234 -120
169 234 -119
169 234 -118
169 234 -117
169 234 -116
169 234 -115
169 234 -114
169 234 -113
169 235 -122
169 235 -121
169 235 -118
169 235 -117
169 235 -116
169 235 -115
169 235 -114
169 235 -113
169 236 -121
169 236 -120
169 236 -118
169 236 -117
169 236 -116
169 236 -114
169 236 -113
169 237 -121
169 237 -120
169 237 -119
169 237 -118
169 237 -117
169 237 -116
169 237 -115
169 237 -113
169 238 -122
169 238 -121
169 238 -120
169 238 -119
169 238 -118
169 238 -117
169 238 -116
169 238 -115
169 238 -114
169 239 -121
169 239 -120
169 239 -119
169 239 -118
169 239 -117
169 239 -116
169 239 -115
169 239 -114
169 239 -113
169 240 -122
169 240 -121
169 240 -120
169 240 -119
169 240 -118
169 240 -117
169 240 -116
169 240 -115
169 240 -114
169 240 -113
169 241 -124
169 241 -123
169 241 -122
169 241 -121
169 241 -120
169 241 -119
169 241 -118
169 241 -117
169 241 -116
169 241 -115
169 241 -114
169 242 -124
169 242 -123
169 242 -122
169 242 -121
169 242 -120
169 242 -119
169 242 -118
169 242 -117
169 242 -116
169 242 -115
169 242 -114
169 242 -113
169 243 -122
169 243 -121
169 243 -120
169 243 -119
169 243 -118
169 243 -117
169 243 -116
169 243 -115
169 243 -114
169 243 -113
169 244 -121
169 244 -120
169 244 -119
169 244 -118
169 244 -117
169 244 -116
169 244 -115
169 244 -114
169 244 -113
169 245 -121
169 245 -120
169 245 -119
169 245 -118
169 245 -117
169 245 -116
169 245 -115
169 245 -114
169 245 -113
169 246 -119
169 246 -118
169 246 -117
169 246 -116
169 246 -115
169 246 -114
169 246 -113
169 247 -118
169 247 -117
169 247 -116
169 247 -114
169 248 -118
170 225 -128
170 225 -125
170 225 -124
170 225 -123
170 225 -122
170 225 -121
170 225 -120
170 225 -119
170 225 -118
170 225 -117
170 225 -116
170 225 -115
170 225 -114
170 225 -113
170 226 -126
170 226 -125
170 226 -123
170 226 -122
170 226 -121
170 226 -120
170 226 -119
170 226 -118
170 226 -117
170 226 -116
170 226 -115
170 226 -114
170 226 -113
170 227 -127
170 227 -126
170 227 -125
170 227 -124
170 227 -123
170 227 -122
170 227 -121
170 227 -120
170 227 -119
170 227 -118
170 227 -117
170 227 -116
170 227 -115
170 227 -114
170 227 -113
170 228 -126
170 228 -124
170 228 -123
170 228 -122
170 228 -121
170 228 -120
170 228 -119
170 228 -118
170 228 -117
170 228 -116
170 228 -115
170 228 -114
170 228 -113
170 229 -126
170 229 -125
170 229 -124
170 229 -123
170 229 -122
170 229 -121
170 229 -120
170 229 -119
170 229 -118
170 229 -117
170 229 -116
170 229 -115
170 229 -114
170 229 -113
170 230 -126
170 230 -125
170 230 -124
170 230 -123
170 230 -122
170 230 -121
170 230 -120
170 230 -119
170 230 -118
170 230 -117
170 230 -116
170 230 -115
170 230 -114
170 230 -113
170 231 -124
170 231 -123
170 231 -122
170 231 -121
170 231 -120
170 231 -119
170 231 -118
170 231 -117
170 231 -116
170 231 -115
170 231 -114
170 231 -113
170 232 -123
170 232 -122
170 232 -121
170 232 -120
170 232 -119
170 232 -118
170 232 -117
170 232 -116
170 232 -115
170 232 -114
170 232 -113
170 233 -123
170 233 -122
170 233 -121
170 233 -120
170 233 -119
170 233 -118
170 233 -117
170 233 -116
170 233 -115
170 233 -114
170 233 -113
170 234 -123
170 234 -120
170 234 -119
170 234 -118
170 234 -117
170 234 -116
170 234 -115
170 234 -114
170 234 -113
170 235 -120
170 235 -118
170 235 -117
170 235 -116
170 235 -115
170 235 -114
170 235 -113
170 236 -119
170 236 -118
170 236 -117
170 236 -116
170 236 -115
170 236 -114
170 236 -113
170 237 -121
170 237 -120
170 237 -119
170 237 -118
170 237 -117
170 237 -115
170 237 -114
170 237 -113
170 238 -122
170 238 -121
170 238 -120
170 238 -119
170 238 -118
170 238 -117
170 238 -116
170 238 -115
170 238 -114
170 239 -121
170 239 -120
170 239 -118
170 239 -117
170 239 -116
170 239 -115
170 239 -114
170 239 -113
170 240 -122
170 240 -121
170 240 -120
170 240 -119
170 240 -118
170 240 -117
170 240 -116
170 240 -115
170 240 -114
170 241 -123
170 241 -121
170 241 -120
170 241 -119
170 241 -118
170 241 -117
170 241 -116
170 241 -115
170 241 -114
170 241 -113
170 242 -122
170 242 -121
170 242 -120
170 242 -119
170 242 -118
170 242 -117
170 242 -116
170 242 -115
170 242 -114
170 242 -113
170 243 -125
170 243 -124
170 243 -123
170 243 -122
170 243 -121
170 243 -120
170 243 -119
170 243 -118
170 243 -117
170 243 -116
170 243 -115
170 243 -114
170 243 -113
170 244 -124
170 244 -123
170 244 -122
170 244 -121
170 244 -120
170 244 -119
170 244 -118
170 244 -117
170 244 -116
170 244 -115
170 244 -114
170 245 -123
170 245 -122
170 245 -121
170 245 -120
170 245 -119
170 245 -118
170 245 -117
170 245 -116
170 245 -115
170 245 -114
170 245 -113
170 246 -122
170 246 -121
170 246 -120
170 246 -119
170 246 -118
170 246 -117
170 246 -116
170 246 -114
170 247 -118
170 247 -117
170 247 -116
170 247 -114
170 248 -116
170 248 -115
170 249 -116
171 225 -125
171 225 -123
171 225 -122
171 225 -121
171 225 -120
171 225 -119
171 225 -118
171 225 -117
171 225 -116
171 225 -115
171 225 -114
171 225 -113
171 226 -125
171 226 -123
171 226 -122
171 226 -121
171 226 -120
171 226 -119
171 226 -118
171 226 -117
171 226 -116
171 226 -115
171 226 -114
171 226 -113
171 227 -126
171 227 -123
171 227 -122
171 227 -121
171 227 -120
171 227 -119
171 227 -118
171 227 -117
171 227 -116
171 227 -115
171 227 -114
171 227 -113
171 228 -125
171 228 -124
171 228 -123
171 228 -122
171 228 -121
171 228 -120
171 228 -119
171 228 -118
171 228 -117
171 228 -116
171 228 -115
171 228 -114
171 228 -113
171 229 -126
171 229 -125
171 229 -124
171 229 -123
171 229 -122
171 229 -121
171 229 -120
171 229 -119
171 229 -118
171 229 -117
171 229 -116
171 229 -115
171 229 -114
171 229 -113
171 230 -126
171 230 -125
171 230 -124
171 230 -123
171 230 -122
171 230 -121
171 230 -120
171 230 -119
171 230 -118
171 230 -117
171 230 -116
171 230 -115
171 230 -114
171 230 -113
171 231 -124
171 231 -122
171 231 -121
171 231 -120
171 231 -119
171 231 -118
171 231 -117
171 231 -116
171 231 -115
171 231 -114
171 231 -113
171 232 -125
171 232 -124
171 232 -123
171 232 -122
171 232 -121
171 232 -120
171 232 -119
171 232 -118
171 232 -117
171 232 -116
171 232 -115
171 232 -114
171 232 -113
171 233 -124
171 233 -123
171 233 -121
171 233 -120
171 233 -119
171 233 -118
171 233 -117
171 233 -116
171 233 -115
171 233 -114
171 233 -113
171 234 -119
171 234 -117
171 234 -116
171 234 -115
171 234 -114
171 234 -113
171 235 -120
171 235 -116
171 235 -115
171 235 -114
171 235 -113
171 236 -117
171 236 -116
171 236 -115
171 236 -114
171 236 -113
171 237 -119
171 237 -118
171 237 -117
171 237 -116
171 237 -115
171 237 -114
171 237 -113
171 238 -120
171 238 -119
171 238 -118
171 238 -117
171 238 -116
171 238 -115
171 238 -113
171 239 -122
171 239 -121
171 239 -120
171 239 -119
171 239 -118
171 239 -117
171 239 -116
171 239 -115
171 239 -114
171 239 -113
171 240 -122
171 240 -121
171 240 -120
171 240 -119
171 240 -118
171 240 -117
171 240 -116
171 240 -115
171 240 -114
171 240 -113
171 241 -122
171 241 -121
171 241 -120
171 241 -119
171 241 -118
171 241 -117
171 241 -116
171 241 -115
171 241 -114
171 241 -113
171 242 -122
171 242 -121
171 242 -120
171 242 -119
171 242 -118
171 242 -117
171 242 -116
171 242 -115
171 242 -114
171 242 -113
171 243 -123
171 243 -122
171 243 -121
171 243 -120
171 243 -119
171 243 -118
171 243 -117
171 243 -116
171 243 -115
171 243 -114
171 243 -113
171 244 -122
171 244 -121
171 244 -120
171 244 -119
171 244 -118
171 244 -117
171 244 -116
171 244 -115
171 244 -113
171 245 -122
171 245 -121
171 245 -120
171 245 -119
171 245 -118
171 245 -117
171 245 -116
171 245 -115
171 245 -114
171 245 -113
171 246 -121
171 246 -120
171 246 -119
171 246 -118
171 246 -117
171 246 -116
171 246 -115
171 246 -114
171 246 -113
171 247 -120
171 247 -118
171 247 -117
171 247 -116
171 247 -115
171 247 -114
171 248 -117
171 248 -116
171 248 -115
171 248 -114
171 248 -113
171 249 -118
171 249 -117
171 249 -116
171 249 -114
171 250 -117
171 250 -116
171 250 -115
172 225 -120
172 225 -119
172 225 -118
172 225 -117
172 225 -116
172 225 -115
172 225 -114
172 225 -113
172 226 -123
172 226 -122
172 226 -121
172 226 -120
172 226 -119
172 226 -118
172 226 -117
172 226 -116
172 226 -115
172 226 -114
172 226 -113
172 227 -124
172 227 -122
172 227 -121
172 227 -120
172 227 -119
172 227 -118
172 227 -117
172 227 -116
172 227 -115
172 227 -114
172 227 -113
172 228 -124
172 228 -123
172 228 -122
172 228 -121
172 228 -120
172 228 -119
172 228 -118
172 228 -117
172 228 -116
172 228 -115
172 228 -114
172 228 -113
172 229 -125
172 229 -123
172 229 -122
172 229 -121
172 229 -120
172 229 -119
172 229 -118
172 229 -117
172 229 -116
172 229 -115
172 229 -114
172 229 -113
172 230 -125
172 230 -124
172 230 -123
172 230 -122
172 230 -121
172 230 -120
172 230 -119
172 230 -118
172 230 -117
172 230 -116
172 230 -115
172 230 -114
172 230 -113
172 231 -124
172 231 -123
172 231 -122
172 231 -121
172 231 -120
172 231 -119
172 231 -118
172 231 -117
172 231 -116
172 231 -115
172 231 -114
172 231 -113
172 232 -124
172 232 -123
172 232 -120
172 232 -119
172 232 -118
172 232 -117
172 232 -116
172 232 -115
172 232 -114
172 232 -113
172 233 -123
172 233 -121
172 233 -120
172 233 -119
172 233 -118
172 233 -117
172 233 -116
172 233 -115
172 233 -114
172 233 -113
172 234 -120
172 234 -119
172 234 -118
172 234 -116
172 234 -115
172 234 -114
172 234 -113
172 235 -119
172 235 -117
172 235 -116
172 235 -114
172 235 -113
172 236 -117
172 236 -116
172 236 -115
172 236 -114
172 236 -113
172 237 -118
172 237 -117
172 237 -116
172 237 -115
172 237 -114
172 237 -113
172 238 -119
172 238 -118
172 238 -117
172 238 -116
172 238 -115
172 238 -114
172 238 -113
172 239 -121
172 239 -120
172 239 -119
172 239 -118
172 239 -117
172 239 -116
172 239 -115
172 239 -114
172 239 -113
172 240 -122
172 240 -121
172 240 -120
172 240 -119
172 240 -118
172 240 -117
172 240 -116
172 240 -115
172 240 -114
172 240 -113
172 241 -122
172 241 -121
172 241 -120
172 241 -119
172 241 -118
172 241 -117
172 241 -116
172 241 -115
172 241 -114
172 241 -113
172 242 -123
172 242 -122
172 242 -121
172 242 -120
172 242 -119
172 242 -118
172 242 -117
172 242 -116
172 242 -115
172 242 -114
172 242 -113
172 243 -123
172 243 -122
172 243 -121
172 243 -120
172 243 -119
172 243 -118
172 243 -117
172 243 -116
172 243 -115
172 243 -114
172 243 -113
172 244 -122
172 244 -121
172 244 -120
172 244 -119
172 244 -118
172 244 -117
172 244 -116
172 244 -115
172 244 -114
172 244 -113
172 245 -121
172 245 -120
172 245 -119
172 245 -118
172 245 -117
172 245 -116
172 245 -115
172 245 -114
172 245 -113
172 246 -121
172 246 -120
172 246 -119
172 246 -118
172 246 -117
172 246 -116
172 246 -115
172 246 -114
172 246 -113
172 247 -119
172 247 -118
172 247 -117
172 247 -116
172 247 -115
172 247 -114
172 247 -113
172 248 -119
172 248 -117
172 248 -116
172 248 -115
172 248 -114
172 248 -113
172 249 -118
172 249 -117
172 249 -116
172 249 -115
172 249 -114
172 249 -113
172 250 -115
173 225 -120
173 225 -119
173 225 -118
173 225 -117
173 225 -116
173 225 -115
173 225 -114
173 225 -113
173 226 -121
173 226 -119
173 226 -118
173 226 -117
173 226 -116
173 226 -115
173 226 -114
173 226 -113
173 227 -121
173 227 -120
173 227 -119
173 227 -118
173 227 -117
173 227 -116
173 227 -115
173 227 -114
173 227 -113
173 228 -124
173 228 -123
173 228 -122
173 228 -121
173 228 -120
173 228 -119
173 228 -118
173 228 -117
173 228 -116
173 228 -115
173 228 -114
173 228 -113
173 229 -124
173 229 -123
173 229 -122
173 229 -121
173 229 -120
173 229 -119
173 229 -118
173 229 -117
173 229 -116
173 229 -115
173 229 -114
173 229 -113
173 230 -121
173 230 -120
173 230 -119
173 230 -118
173 230 -117
173 230 -116
173 230 -115
173 230 -114
173 230 -113
173 231 -122
173 231 -121
173 231 -120
173 231 -119
173 231 -118
173 231 -117
173 231 -116
173 231 -115
173 231 -114
173 231 -113
173 232 -123
173 232 -122
173 232 -119
173 232 -118
173 232 -117
173 232 -116
173 232 -115
173 232 -114
173 232 -113
173 233 -120
173 233 -119
173 233 -118
173 233 -117
173 233 -116
173 233 -115
173 233 -114
173 233 -113
173 234 -117
173 234 -116
173 234 -115
173 234 -114
173 234 -113
173 235 -117
173 235 -116
173 235 -114
173 235 -113
173 236 -117
173 236 -116
173 236 -115
173 236 -114
173 236 -113
173 237 -117
173 237 -116
173 237 -115
173 237 -114
173 237 -113
173 238 -122
173 238 -120
173 238 -119
173 238 -118
173 238 -117
173 238 -116
173 238 -115
173 238 -114
173 238 -113
173 239 -122
173 239 -121
173 239 -120
173 239 -119
173 239 -118
173 239 -117
173 239 -116
173 239 -115
173 239 -114
173 239 -113
173 240 -122
173 240 -121
173 240 -120
173 240 -119
173 240 -118
173 240 -117
173 240 -116
173 240 -115
173 240 -114
173 240 -113
173 241 -121
173 241 -120
173 241 -119
173 241 -118
173 241 -117
173 241 -116
173 241 -115
173 241 -114
173 241 -113
173 242 -123
173 242 -122
173 242 -121
173 242 -120
173 242 -119
173 242 -118
173 242 -117
173 242 -116
173 242 -115
173 242 -114
173 242 -113
173 243 -124
173 243 -123
173 243 -122
173 243 -121
173 243 -120
173 243 -119
173 243 -118
173 243 -117
173 243 -116
173 243 -115
173 243 -114
173 243 -113
173 244 -122
173 244 -121
173 244 -120
173 244 -119
173 244 -118
173 244 -117
173 244 -116
173 244 -115
173 244 -114
173 244 -113
173 245 -124
173 245 -123
173 245 -122
173 245 -121
173 245 -120
173 245 -119
173 245 -118
173 245 -117
173 245 -116
173 245 -115
173 245 -114
173 245 -113
173 246 -123
173 246 -121
173 246 -120
173 246 -119
173 246 -118
173 246 -117
173 246 -116
173 246 -115
173 246 -114
173 246 -113
173 247 -120
173 247 -119
173 247 -118
173 247 -117
173 247 -116
173 247 -115
173 247 -114
173 247 -113
173 248 -119
173 248 -118
173 248 -117
173 248 -116
173 248 -115
173 248 -114
173 249 -118
173 249 -117
173 249 -116
173 249 -114
173 250 -116
174 225 -120
174 225 -119
174 225 -118
174 225 -117
174 225 -116
174 225 -115
174 225 -114
174 225 -113
174 226 -120
174 226 -119
174 226 -118
174 226 -117
174 226 -116
174 226 -115
174 226 -114
174 226 -113
174 227 -121
174 227 -120
174 227 -119
174 227 -118
174 227 -117
174 227 -116
174 227 -115
174 227 -114
174 227 -113
174 228 -123
174 228 -122
174 228 -121
174 228 -120
174 228 -119
174 228 -118
174 228 -117
174 228 -116
174 228 -115
174 228 -114
174 228 -113
174 229 -123
174 229 -122
174 229 -121
174 229 -120
174 229 -119
174 229 -118
174 229 -117
174 229 -116
174 229 -115
174 229 -114
174 229 -113
174 230 -122
174 230 -121
174 230 -120
174 230 -119
174 230 -118
174 230 -117
174 230 -116
174 230 -115
174 230 -114
174 230 -113
174 231 -122
174 231 -120
174 231 -119
174 231 -117
174 231 -116
174 231 -115
174 231 -114
174 231 -113
174 232 -119
174 232 -118
174 232 -117
174 232 -116
174 232 -115
174 232 -114
174 232 -113
174 233 -120
174 233 -119
174 233 -118
174 233 -117
174 233 -116
174 233 -115
174 233 -114
174 233 -113
174 234 -118
174 234 -117
174 234 -116
174 234 -115
174 234 -114
174 234 -113
174 235 -118
174 235 -117
174 235 -116
174 235 -114
174 235 -113
174 236 -119
174 236 -118
174 236 -117
174 236 -116
174 236 -115
174 236 -114
174 236 -113
174 237 -121
174 237 -119
174 237 -118
174 237 -117
174 237 -116
174 237 -115
174 237 -114
174 237 -113
174 238 -121
174 238 -120
174 238 -119
174 238 -118
174 238 -117
174 238 -116
174 238 -115
174 238 -114
174 238 -113
174 239 -120
174 239 -119
174 239 -118
174 239 -117
174 239 -116
174 239 -115
174 239 -114
174 239 -113
174 240 -122
174 240 -121
174 240 -120
174 240 -119
174 240 -118
174 240 -117
174 240 -116
174 240 -115
174 240 -114
174 240 -113
174 241 -122
174 241 -121
174 241 -120
174 241 -119
174 241 -118
174 241 -117
174 241 -116
174 241 -115
174 241 -114
174 241 -113
174 242 -123
174 242 -122
174 242 -121
174 242 -120
174 242 -119
174 242 -118
174 242 -117
174 242 -116
174 242 -115
174 242 -114
174 242 -113
174 243 -122
174 243 -121
174 243 -120
174 243 -119
174 243 -118
174 243 -117
174 243 -116
174 243 -115
174 243 -114
174 243 -113
174 244 -123
174 244 -122
174 244 -120
174 244 -119
174 244 -118
174 244 -117
174 244 -116
174 244 -115
174 244 -114
174 244 -113
174 245 -122
174 245 -121
174 245 -120
174 245 -119
174 245 -118
174 245 -117
174 245 -116
174 245 -115
174 245 -114
174 245 -113
174 246 -121
174 246 -120
174 246 -119
174 246 -118
174 246 -117
174 246 -116
174 246 -115
174 246 -114
174 246 -113
174 247 -120
174 247 -119
174 247 -118
174 247 -117
174 247 -116
174 247 -115
174 247 -114
174 247 -113
174 248 -118
174 248 -117
174 248 -116
174 248 -115
174 248 -114
174 248 -113
174 249 -116
174 250 -116
175 225 -117
175 225 -116
175 225 -115
175 225 -114
175 225 -113
175 226 -119
175 226 -118
175 226 -117
175 226 -116
175 226 -115
175 226 -114
175 226 -113
175 227 -121
175 227 -118
175 227 -117
175 227 -116
175 227 -115
175 227 -114
175 227 -113
175 228 -122
175 228 -121
175 228 -120
175 228 -119
175 228 -118
175 228 -117
175 228 -116
175 228 -115
175 228 -114
175 228 -113
175 229 -120
175 229 -119
175 229 -118
175 229 -117
175 229 -116
175 229 -115
175 229 -114
175 229 -113
175 230 -120
175 230 -119
175 230 -118
175 230 -117
175 230 -116
175 230 -115
175 230 -114
175 230 -113
175 231 -120
175 231 -119
175 231 -118
175 231 -117
175 231 -116
175 231 -115
175 231 -114
175 231 -113
175 232 -119
175 232 -118
175 232 -117
175 232 -116
175 232 -115
175 232 -114
175 232 -113
175 233 -116
175 233 -115
175 233 -114
175 233 -113
175 234 -117
175 234 -116
175 234 -115
175 234 -114
175 234 -113
175 235 -118
175 235 -117
175 235 -116
175 235 -115
175 235 -114
175 235 -113
175 236 -119
175 236 -118
175 236 -116
175 236 -115
175 236 -114
175 236 -113
175 237 -121
175 237 -119
175 237 -118
175 237 -117
175 237 -116
175 237 -115
175 237 -114
175 237 -113
175 238 -123
175 238 -122
175 238 -121
175 238 -120
175 238 -119
175 238 -118
175 238 -117
175 238 -116
175 238 -115
175 238 -114
175 238 -113
175 239 -122
175 239 -121
175 239 -120
175 239 -119
175 239 -118
175 239 -117
175 239 -116
175 239 -115
175 239 -114
175 239 -113
175 240 -122
175 240 -121
175 240 -120
175 240 -119
175 240 -118
175 240 -117
175 240 -116
175 240 -115
175 240 -114
175 240 -113
175 241 -123
175 241 -122
175 241 -121
175 241 -120
175 241 -119
175 241 -118
175 241 -117
175 241 -116
175 241 -115
175 241 -114
175 241 -113
175 242 -124
175 242 -123
175 242 -122
175 242 -121
175 242 -120
175 242 -119
175 242 -118
175 242 -117
175 242 -116
175 242 -115
175 242 -114
175 242 -113
175 243 -125
175 243 -124
175 243 -123
175 243 -122
175 243 -121
175 243 -120
175 243 -119
175 243 -118
175 243 -117
175 243 -116
175 243 -115
175 243 -114
175 243 -113
175 244 -123
175 244 -122
175 244 -121
175 244 -120
175 244 -119
175 244 -118
175 244 -117
175 244 -116
175 244 -115
175 244 -114
175 244 -113
175 245 -123
175 245 -122
175 245 -121
175 245 -119
175 245 -118
175 245 -117
175 245 -116
175 245 -115
175 245 -114
175 245 -113
175 246 -119
175 246 -118
175 246 -117
175 246 -116
175 246 -115
175 246 -114
175 247 -118
175 247 -117
175 247 -115
175 247 -114
175 248 -115

