alfheim:altLeaves
6
-96 232 208
-96 232 209
-96 233 208
-96 233 209
-96 233 210
-96 234 208
-96 234 209
-96 235 208
-96 235 209
-96 235 210
-96 235 211
-96 236 208
-96 236 209
-96 236 210
-96 236 211
-96 236 212
-96 237 208
-96 237 209
-96 237 210
-96 238 208
-96 238 209
-96 238 210
-96 239 209
-96 242 209
-96 243 208
-95 231 208
-95 231 209
-95 232 208
-95 232 209
-95 233 209
-95 234 208
-95 234 209
-95 235 208
-95 235 209
-95 235 210
-95 236 208
-95 236 209
-95 236 211
-95 237 208
-95 237 209
-95 238 208
-95 238 209
-95 239 208
-94 232 208
-94 232 209
-94 234 208
-94 234 209
-94 235 208
-94 235 209
-94 236 208
-94 236 209
-94 236 210
-94 237 208
-94 237 209
-94 238 208
-94 238 209
-93 232 208
-93 235 208
-93 235 209
-93 236 209
-93 237 208
-93 237 209
-92 235 208
-92 237 208
-90 236 208

