alfheim:altWood1
12
64 211 159
64 212 158
64 212 159
64 213 144
64 213 157
64 213 158
64 213 159
64 214 144
64 214 158
64 214 159
64 215 144
64 215 158
64 215 159
64 216 144
65 213 144
65 214 144
65 215 144
65 215 145
65 216 144
65 217 144
66 213 144
66 214 144
66 214 145
66 215 144
66 215 145
66 216 144
66 216 145
66 217 144
66 217 145
66 218 144
67 214 144
67 215 144
67 215 145
67 216 144
67 216 145
67 217 144
67 217 145
67 218 144
67 218 145
67 219 144
68 214 144
68 215 144
68 215 145
68 216 144
68 216 145
68 217 144
68 217 145
68 218 144
68 218 145
68 219 144
68 219 145
69 215 144
69 215 145
69 216 144
69 216 145
69 217 144
69 217 145
69 217 146
69 218 144
69 218 145
69 218 146
69 219 144
69 219 145
69 220 144
70 215 144
70 216 144
70 216 145
70 217 144
70 217 145
70 217 146
70 218 144
70 218 145
70 218 146
70 219 144
70 219 145
70 219 146
70 220 144
70 220 145
71 216 144
71 216 145
71 217 144
71 217 145
71 217 146
71 218 144
71 218 145
71 218 146
71 218 147
71 219 144
71 219 145
71 219 146
71 219 147
71 220 144
71 220 145
71 220 146
72 216 144
72 216 145
72 217 144
72 217 145
72 217 146
72 218 144
72 218 145
72 218 146
72 218 147
72 219 144
72 219 145
72 219 146
72 219 147
72 219 148
72 220 144
72 220 145
72 220 146
72 220 147
72 220 148
72 221 144
72 221 145
72 221 146
72 221 147
73 217 144
73 217 145
73 217 146
73 217 147
73 218 144
73 218 145
73 218 146
73 218 147
73 218 148
73 219 144
73 219 145
73 219 146
73 219 147
73 219 148
73 220 144
73 220 145
73 220 146
73 220 147
73 220 148
73 220 149
73 221 144
73 221 145
73 221 146
73 221 147
73 221 148
73 221 149
73 222 146
73 222 147
73 222 148
74 217 144
74 217 145
74 217 146
74 218 144
74 218 145
74 218 146
74 218 147
74 218 148
74 219 144
74 219 145
74 219 146
74 219 147
74 219 148
74 219 149
74 220 144
74 220 145
74 220 146
74 220 147
74 220 148
74 220 149
74 220 150
74 221 144
74 221 145
74 221 146
74 221 147
74 221 148
74 221 149
74 221 150
74 222 145
74 222 146
74 222 147
74 222 148
74 222 149
74 222 150
74 223 147
74 223 148
74 223 149
75 218 144
75 218 145
75 218 146
75 218 147
75 218 148
75 219 144
75 219 145
75 219 146
75 219 147
75 219 148
75 219 149
75 220 144
75 220 145
75 220 146
75 220 147
75 220 148
75 220 149
75 220 150
75 221 145
75 221 146
75 221 147
75 221 148
75 221 149
75 221 150
75 222 145
75 222 146
75 222 147
75 222 148
75 222 149
75 222 150
75 223 146
75 223 147
75 223 148
75 223 149
75 223 150
76 218 145
76 218 146
76 218 147
76 219 145
76 219 146
76 219 147
76 219 148
76 219 149
76 219 150
76 220 145
76 220 146
76 220 147
76 220 148
76 220 149
76 220 150
76 221 145
76 221 146
76 221 147
76 221 148
76 221 149
76 221 150
76 221 151
76 222 145
76 222 146
76 222 147
76 222 148
76 222 149
76 222 150
76 222 151
76 223 146
76 223 147
76 223 148
76 223 150
76 223 151
76 224 148
77 219 146
77 219 147
77 219 148
77 219 149
77 220 145
77 220 146
77 220 147
77 220 148
77 220 149
77 220 150
77 221 146
77 221 147
77 221 148
77 221 149
77 221 150
77 221 151
77 222 146
77 222 147
77 222 148
77 222 149
77 222 150
77 223 148
77 223 149
77 223 150
77 224 150
78 220 146
78 220 147
78 220 148
78 220 149
78 220 150
78 220 151
78 221 147
78 221 148
78 221 149
78 221 150
78 221 151
78 222 148
78 222 149
78 222 150
78 222 151
78 222 152
78 224 149
79 221 149
79 221 150
79 222 150
79 222 151
79 222 153
79 223 152
79 223 153
79 223 154
79 224 154
alfheim:altLeaves
6
64 217 148
64 217 149
64 217 150
64 217 151
64 218 150
64 218 151
64 218 152
64 218 153
64 219 146
64 219 147
64 219 149
64 219 150
64 219 151
64 219 152
64 219 153
64 220 145
64 220 146
64 220 147
64 220 148
64 220 149
64 220 150
64 220 151
64 220 152
64 220 153
64 220 156
64 221 145
64 221 146
64 221 147
64 221 148
64 221 149
64 221 150
64 221 151
64 221 152
64 221 153
64 221 154
64 221 156
64 222 145
64 222 146
64 222 147
64 222 148
64 222 149
64 222 150
64 222 151
64 222 152
64 222 153
64 222 156
64 222 157
64 222 159
64 223 144
64 223 145
64 223 146
64 223 147
64 223 148
64 223 149
64 223 150
64 223 151
64 223 152
64 223 153
64 223 154
64 223 155
64 223 156
64 223 157
64 223 158
64 223 159
64 224 144
64 224 145
64 224 146
64 224 147
64 224 148
64 224 149
64 224 150
64 224 151
64 224 152
64 224 153
64 224 154
64 224 155
64 224 156
64 224 157
64 224 158
64 224 159
65 217 149
65 217 150
65 218 149
65 218 150
65 218 151
65 218 152
65 219 146
65 219 147
65 220 146
65 220 147
65 220 149
65 220 152
65 220 153
65 220 154
65 220 155
65 220 156
65 220 157
65 221 145
65 221 146
65 221 147
65 221 148
65 221 149
65 221 150
65 221 151
65 221 152
65 221 153
65 221 154
65 221 155
65 221 156
65 221 157
65 222 144
65 222 145
65 222 146
65 222 147
65 222 148
65 222 149
65 222 150
65 222 151
65 222 152
65 222 153
65 222 154
65 222 155
65 222 156
65 222 158
65 222 159
65 223 144
65 223 145
65 223 146
65 223 147
65 223 148
65 223 149
65 223 150
65 223 151
65 223 152
65 223 153
65 223 154
65 223 155
65 223 156
65 223 157
65 223 158
65 223 159
65 224 146
65 224 147
65 224 148
65 224 149
65 224 150
65 224 151
65 224 152
65 224 153
65 224 154
65 224 155
65 224 156
65 224 157
65 224 158
65 224 159
66 218 151
66 218 156
66 219 147
66 219 149
66 219 156
66 219 157
66 220 146
66 220 147
66 220 148
66 220 149
66 220 150
66 220 151
66 220 152
66 220 153
66 220 154
66 220 155
66 220 156
66 220 157
66 221 146
66 221 147
66 221 149
66 221 150
66 221 151
66 221 152
66 221 153
66 221 154
66 221 155
66 221 156
66 221 157
66 221 158
66 221 159
66 222 146
66 222 147
66 222 148
66 222 149
66 222 150
66 222 151
66 222 152
66 222 153
66 222 154
66 222 155
66 222 156
66 222 157
66 222 158
66 222 159
66 223 146
66 223 147
66 223 148
66 223 149
66 223 150
66 223 151
66 223 152
66 223 153
66 223 154
66 223 155
66 223 156
66 223 157
66 223 158
66 223 159
66 224 146
66 224 147
66 224 148
66 224 149
66 224 150
66 224 151
66 224 152
66 224 153
66 224 154
66 224 155
66 224 156
66 224 157
66 224 158
66 224 159
67 220 152
67 220 155
67 220 156
67 221 147
67 221 148
67 221 149
67 221 150
67 221 151
67 221 152
67 221 153
67 221 155
67 221 156
67 222 146
67 222 147
67 222 148
67 222 149
67 222 150
67 222 151
67 222 152
67 222 153
67 222 154
67 222 155
67 222 156
67 222 157
67 222 159
67 223 147
67 223 148
67 223 149
67 223 150
67 223 151
67 223 152
67 223 153
67 223 154
67 223 155
67 223 156
67 223 157
67 223 158
67 223 159
67 224 146
67 224 147
67 224 148
67 224 149
67 224 150
67 224 151
67 224 152
67 224 153
67 224 154
67 224 155
67 224 156
67 224 157
67 224 158
67 224 159
68 221 151
68 221 152
68 221 153
68 221 156
68 221 157
68 221 158
68 222 148
68 222 149
68 222 150
68 222 151
68 222 152
68 222 153
68 222 155
68 222 156
68 222 157
68 222 158
68 222 159
68 223 147
68 223 148
68 223 150
68 223 151
68 223 152
68 223 153
68 223 154
68 223 155
68 223 156
68 223 157
68 223 158
68 223 159
68 224 149
68 224 150
68 224 151
68 224 152
68 224 153
68 224 154
68 224 155
68 224 156
68 224 157
68 224 158
68 224 159
69 220 155
69 220 156
69 220 157
69 221 156
69 221 157
69 222 150
69 222 151
69 222 153
69 222 155
69 222 156
69 222 157
69 222 159
69 223 148
69 223 151
69 223 152
69 223 153
69 223 154
69 223 155
69 223 156
69 223 157
69 223 158
69 223 159
69 224 150
69 224 151
69 224 152
69 224 154
69 224 156
69 224 157
69 224 158
69 224 159
70 220 156
70 221 150
70 221 156
70 222 149
70 222 150
70 222 151
70 222 155
70 222 156
70 222 157
70 222 158
70 222 159
70 223 149
70 223 150
70 223 151
70 223 152
70 223 153
70 223 154
70 223 155
70 223 156
70 223 157
70 223 158
70 223 159
70 224 148
70 224 149
70 224 150
70 224 151
70 224 153
70 224 154
70 224 155
70 224 156
70 224 157
70 224 158
70 224 159
71 222 155
71 222 156
71 222 157
71 222 159
71 223 149
71 223 150
71 223 154
71 223 155
71 223 156
71 223 157
71 223 158
71 223 159
71 224 149
71 224 150
71 224 152
71 224 154
71 224 155
71 224 156
71 224 157
71 224 158
71 224 159
72 223 150
72 223 156
72 223 157
72 223 158
72 224 151
72 224 158
72 224 159
73 223 158
73 224 149
73 224 150
73 224 151
73 224 157
73 224 159
74 223 151
74 223 159
74 224 144
74 224 148
74 224 150
74 224 151
74 224 152
74 224 159
75 223 151
75 223 152
75 223 159
75 224 150
75 224 151
75 224 159
76 223 145
76 223 149
76 224 144
76 224 145
76 224 147
76 224 149
76 224 150
76 224 151
76 224 152
76 224 159
77 221 145
77 222 151
77 223 144
77 223 145
77 223 146
77 223 147
77 223 151
77 223 152
77 224 144
77 224 145
77 224 146
77 224 147
77 224 148
77 224 149
77 224 151
77 224 152
77 224 159
78 220 145
78 221 145
78 221 146
78 222 144
78 222 145
78 222 146
78 222 147
78 223 144
78 223 145
78 223 146
78 223 147
78 223 148
78 223 149
78 223 150
78 223 151
78 223 152
78 223 158
78 224 144
78 224 145
78 224 147
78 224 148
78 224 150
78 224 151
78 224 152
78 224 153
78 224 154
78 224 158
79 221 145
79 222 144
79 222 146
79 222 149
79 223 144
79 223 145
79 223 146
79 223 147
79 223 148
79 223 149
79 223 150
79 223 151
79 224 144
79 224 145
79 224 146
79 224 147
79 224 148
79 224 149
79 224 150
79 224 151
79 224 152
79 224 153
79 224 155
79 224 158
64 225 144
64 225 145
64 225 146
64 225 147
64 225 148
64 225 149
64 225 150
64 225 151
64 225 152
64 225 153
64 225 154
64 225 155
64 225 156
64 225 157
64 225 158
64 225 159
64 226 144
64 226 146
64 226 147
64 226 148
64 226 149
64 226 150
64 226 151
64 226 152
64 226 153
64 226 154
64 226 155
64 226 156
64 226 157
64 226 158
64 226 159
64 227 146
64 227 147
64 227 148
64 227 149
64 227 150
64 227 151
64 227 152
64 227 153
64 227 154
64 227 155
64 227 156
64 227 157
64 227 158
64 227 159
64 228 145
64 228 146
64 228 147
64 228 148
64 228 149
64 228 150
64 228 151
64 228 152
64 228 153
64 228 154
64 228 155
64 228 156
64 228 157
64 228 158
64 228 159
64 229 144
64 229 145
64 229 146
64 229 148
64 229 149
64 229 150
64 229 151
64 229 152
64 229 153
64 229 154
64 229 155
64 229 156
64 229 157
64 229 158
64 229 159
64 230 144
64 230 145
64 230 146
64 230 147
64 230 148
64 230 149
64 230 150
64 230 152
64 230 153
64 230 154
64 230 155
64 230 156
64 230 157
64 230 158
64 231 144
64 231 146
64 231 147
64 231 148
64 231 150
64 231 154
64 231 155
64 231 156
64 231 158
64 232 146
64 232 148
64 232 149
64 232 150
64 233 145
64 233 146
64 233 147
64 234 146
64 234 147
64 234 148
64 235 146
64 235 147
64 235 148
64 236 147
65 225 145
65 225 146
65 225 147
65 225 148
65 225 149
65 225 150
65 225 151
65 225 152
65 225 153
65 225 154
65 225 155
65 225 156
65 225 157
65 225 158
65 225 159
65 226 146
65 226 147
65 226 148
65 226 149
65 226 150
65 226 151
65 226 152
65 226 153
65 226 154
65 226 155
65 226 156
65 226 157
65 226 158
65 226 159
65 227 146
65 227 147
65 227 148
65 227 149
65 227 150
65 227 151
65 227 152
65 227 153
65 227 154
65 227 155
65 227 156
65 227 157
65 227 158
65 227 159
65 228 144
65 228 145
65 228 146
65 228 147
65 228 148
65 228 149
65 228 150
65 228 151
65 228 152
65 228 153
65 228 154
65 228 155
65 228 156
65 228 157
65 228 158
65 228 159
65 229 144
65 229 145
65 229 146
65 229 147
65 229 148
65 229 149
65 229 150
65 229 151
65 229 152
65 229 153
65 229 154
65 229 155
65 229 156
65 229 157
65 229 158
65 229 159
65 230 144
65 230 146
65 230 147
65 230 148
65 230 149
65 230 150
65 230 151
65 230 152
65 230 153
65 230 154
65 230 155
65 230 156
65 230 157
65 230 159
65 231 145
65 231 146
65 231 147
65 231 148
65 231 149
65 231 150
65 231 151
65 231 152
65 231 153
65 231 154
65 231 155
65 231 157
65 232 144
65 232 145
65 232 146
65 232 147
65 232 148
65 232 149
65 232 150
65 232 151
65 232 152
65 233 144
65 233 146
65 233 147
65 233 149
65 233 150
65 233 151
65 233 152
65 234 144
65 234 146
65 234 147
65 234 148
65 234 149
65 234 150
65 235 145
65 235 146
65 235 147
65 235 148
65 236 144
65 236 146
65 236 147
65 236 149
65 237 146
65 237 147
65 238 145
65 239 149
65 240 148
66 225 145
66 225 146
66 225 148
66 225 149
66 225 150
66 225 151
66 225 152
66 225 153
66 225 154
66 225 155
66 225 156
66 225 157
66 225 158
66 225 159
66 226 145
66 226 146
66 226 147
66 226 148
66 226 149
66 226 150
66 226 151
66 226 152
66 226 153
66 226 154
66 226 155
66 226 156
66 226 157
66 226 158
66 226 159
66 227 144
66 227 146
66 227 147
66 227 148
66 227 149
66 227 150
66 227 151
66 227 152
66 227 153
66 227 154
66 227 155
66 227 156
66 227 157
66 227 158
66 227 159
66 228 144
66 228 145
66 228 146
66 228 147
66 228 148
66 228 149
66 228 150
66 228 151
66 228 152
66 228 153
66 228 154
66 228 155
66 228 156
66 228 157
66 228 158
66 228 159
66 229 144
66 229 145
66 229 146
66 229 147
66 229 148
66 229 149
66 229 150
66 229 151
66 229 152
66 229 153
66 229 155
66 229 156
66 229 157
66 229 158
66 229 159
66 230 144
66 230 145
66 230 146
66 230 147
66 230 148
66 230 149
66 230 150
66 230 151
66 230 152
66 230 153
66 230 155
66 230 156
66 230 157
66 230 158
66 230 159
66 231 144
66 231 145
66 231 146
66 231 147
66 231 148
66 231 149
66 231 150
66 231 151
66 231 153
66 231 157
66 231 159
66 232 144
66 232 145
66 232 147
66 232 148
66 232 149
66 232 150
66 232 151
66 232 152
66 232 153
66 232 154
66 233 144
66 233 146
66 233 147
66 233 148
66 233 149
66 233 150
66 233 151
66 233 152
66 233 153
66 234 144
66 234 145
66 234 146
66 234 147
66 234 148
66 234 149
66 234 150
66 234 151
66 234 152
66 235 144
66 235 145
66 235 147
66 235 148
66 235 149
66 235 150
66 236 144
66 236 146
66 236 147
66 236 148
66 236 149
66 236 150
66 237 144
66 237 145
66 237 146
66 237 149
66 237 150
66 238 144
66 238 145
66 238 146
66 238 149
66 239 145
66 239 148
66 239 149
66 240 146
66 240 148
66 240 149
66 241 148
67 225 145
67 225 146
67 225 147
67 225 148
67 225 149
67 225 150
67 225 151
67 225 152
67 225 153
67 225 154
67 225 155
67 225 156
67 225 157
67 225 158
67 225 159
67 226 145
67 226 146
67 226 147
67 226 148
67 226 149
67 226 150
67 226 151
67 226 152
67 226 153
67 226 154
67 226 155
67 226 156
67 226 157
67 226 158
67 226 159
67 227 144
67 227 145
67 227 146
67 227 147
67 227 148
67 227 149
67 227 150
67 227 151
67 227 152
67 227 153
67 227 154
67 227 155
67 227 156
67 227 158
67 227 159
67 228 144
67 228 145
67 228 147
67 228 148
67 228 149
67 228 150
67 228 151
67 228 152
67 228 153
67 228 154
67 228 155
67 228 156
67 228 157
67 228 158
67 228 159
67 229 144
67 229 145
67 229 147
67 229 148
67 229 149
67 229 150
67 229 151
67 229 152
67 229 153
67 229 154
67 229 155
67 229 156
67 229 157
67 229 158
67 229 159
67 230 144
67 230 145
67 230 146
67 230 147
67 230 148
67 230 149
67 230 150
67 230 151
67 230 152
67 230 153
67 230 154
67 230 155
67 230 156
67 230 157
67 230 158
67 230 159
67 231 144
67 231 145
67 231 146
67 231 147
67 231 148
67 231 149
67 231 150
67 231 151
67 231 152
67 231 153
67 231 158
67 232 144
67 232 145
67 232 146
67 232 147
67 232 148
67 232 149
67 232 150
67 232 151
67 232 152
67 232 153
67 233 144
67 233 145
67 233 146
67 233 147
67 233 148
67 233 150
67 233 151
67 234 144
67 234 145
67 234 146
67 234 147
67 234 148
67 234 149
67 234 150
67 234 151
67 235 144
67 235 145
67 235 146
67 235 147
67 235 148
67 235 149
67 235 150
67 236 145
67 236 146
67 236 147
67 236 148
67 236 149
67 236 150
67 237 144
67 237 145
67 237 146
67 237 147
67 237 149
67 237 150
67 238 146
67 238 147
67 238 148
67 238 150
67 238 151
67 239 146
67 239 147
67 239 148
67 239 149
67 239 150
67 240 146
67 240 147
67 240 148
67 240 150
67 241 148
67 241 149
67 242 147
67 242 148
68 225 144
68 225 145
68 225 146
68 225 147
68 225 149
68 225 150
68 225 151
68 225 152
68 225 153
68 225 154
68 225 155
68 225 156
68 225 157
68 225 158
68 225 159
68 226 144
68 226 145
68 226 146
68 226 147
68 226 148
68 226 149
68 226 150
68 226 151
68 226 152
68 226 154
68 226 155
68 226 156
68 226 157
68 226 158
68 226 159
68 227 144
68 227 145
68 227 147
68 227 148
68 227 149
68 227 150
68 227 151
68 227 152
68 227 153
68 227 154
68 227 155
68 227 156
68 227 157
68 227 158
68 227 159
68 228 144
68 228 145
68 228 146
68 228 147
68 228 148
68 228 149
68 228 150
68 228 151
68 228 152
68 228 153
68 228 154
68 228 155
68 228 156
68 228 157
68 228 158
68 228 159
68 229 144
68 229 145
68 229 146
68 229 147
68 229 148
68 229 149
68 229 150
68 229 151
68 229 152
68 229 154
68 229 156
68 229 157
68 229 158
68 229 159
68 230 144
68 230 145
68 230 146
68 230 147
68 230 148
68 230 149
68 230 150
68 230 152
68 230 153
68 230 154
68 230 155
68 230 156
68 230 157
68 230 158
68 230 159
68 231 144
68 231 145
68 231 146
68 231 147
68 231 148
68 231 149
68 231 150
68 231 151
68 231 152
68 231 154
68 231 156
68 231 157
68 231 158
68 231 159
68 232 144
68 232 145
68 232 146
68 232 147
68 232 148
68 232 149
68 232 150
68 232 151
68 232 152
68 232 153
68 232 158
68 233 144
68 233 145
68 233 146
68 233 147
68 233 148
68 233 149
68 233 150
68 234 144
68 234 145
68 234 146
68 234 147
68 234 148
68 234 149
68 234 150
68 234 151
68 235 144
68 235 145
68 235 146
68 235 147
68 235 148
68 235 149
68 235 150
68 235 151
68 236 144
68 236 145
68 236 147
68 236 148
68 236 149
68 236 150
68 237 144
68 237 145
68 237 146
68 237 147
68 237 148
68 237 149
68 237 150
68 238 144
68 238 145
68 238 146
68 238 147
68 238 148
68 238 149
68 238 150
68 239 144
68 239 146
68 239 147
68 239 148
68 239 149
68 239 150
68 239 151
68 240 146
68 240 147
68 240 149
68 240 150
68 241 144
68 241 146
68 241 148
68 241 149
68 242 146
68 242 147
68 242 148
68 242 149
68 243 147
69 225 148
69 225 149
69 225 150
69 225 151
69 225 152
69 225 153
69 225 154
69 225 155
69 225 156
69 225 157
69 225 158
69 225 159
69 226 144
69 226 147
69 226 148
69 226 149
69 226 150
69 226 151
69 226 152
69 226 153
69 226 154
69 226 155
69 226 156
69 226 157
69 226 158
69 226 159
69 227 144
69 227 145
69 227 146
69 227 147
69 227 148
69 227 149
69 227 150
69 227 151
69 227 152
69 227 153
69 227 154
69 227 155
69 227 156
69 227 157
69 227 158
69 227 159
69 228 144
69 228 145
69 228 146
69 228 147
69 228 149
69 228 150
69 228 151
69 228 152
69 228 153
69 228 155
69 228 156
69 228 157
69 228 158
69 228 159
69 229 144
69 229 145
69 229 146
69 229 147
69 229 148
69 229 149
69 229 150
69 229 151
69 229 152
69 229 155
69 229 156
69 229 157
69 229 158
69 229 159
69 230 144
69 230 145
69 230 146
69 230 147
69 230 148
69 230 149
69 230 150
69 230 151
69 230 152
69 230 153
69 230 154
69 230 155
69 230 156
69 230 157
69 230 159
69 231 144
69 231 145
69 231 146
69 231 147
69 231 148
69 231 149
69 231 150
69 231 151
69 231 152
69 231 153
69 231 156
69 231 159
69 232 144
69 232 145
69 232 146
69 232 147
69 232 148
69 232 149
69 232 150
69 232 151
69 232 152
69 232 153
69 232 158
69 233 144
69 233 145
69 233 146
69 233 147
69 233 148
69 233 149
69 233 150
69 233 151
69 233 152
69 233 153
69 234 144
69 234 145
69 234 146
69 234 147
69 234 148
69 234 149
69 234 150
69 234 151
69 235 144
69 235 145
69 235 146
69 235 147
69 235 148
69 235 149
69 235 150
69 235 151
69 236 144
69 236 145
69 236 146
69 236 147
69 236 148
69 236 149
69 236 150
69 236 151
69 237 144
69 237 145
69 237 146
69 237 147
69 237 148
69 237 149
69 237 150
69 237 151
69 238 144
69 238 145
69 238 146
69 238 147
69 238 148
69 238 149
69 238 150
69 238 151
69 238 152
69 238 153
69 239 144
69 239 145
69 239 146
69 239 147
69 239 148
69 239 149
69 239 150
69 239 151
69 239 152
69 240 144
69 240 145
69 240 146
69 240 147
69 240 148
69 240 149
69 240 150
69 240 151
69 241 144
69 241 146
69 241 147
69 241 148
69 241 149
69 241 150
69 241 151
69 242 144
69 242 145
69 242 146
69 242 147
69 242 148
69 242 149
69 242 150
69 243 145
69 243 146
69 243 147
69 243 148
69 243 149
69 244 146
69 244 147
70 225 148
70 225 149
70 225 150
70 225 151
70 225 152
70 225 153
70 225 154
70 225 155
70 225 156
70 225 157
70 225 158
70 225 159
70 226 144
70 226 145
70 226 146
70 226 149
70 226 150
70 226 151
70 226 153
70 226 154
70 226 155
70 226 156
70 226 157
70 226 158
70 226 159
70 227 144
70 227 145
70 227 146
70 227 149
70 227 150
70 227 151
70 227 152
70 227 153
70 227 154
70 227 155
70 227 156
70 227 157
70 227 158
70 227 159
70 228 144
70 228 145
70 228 146
70 228 147
70 228 148
70 228 149
70 228 150
70 228 151
70 228 152
70 228 153
70 228 154
70 228 155
70 228 156
70 228 157
70 228 158
70 228 159
70 229 144
70 229 145
70 229 146
70 229 147
70 229 148
70 229 149
70 229 150
70 229 151
70 229 152
70 229 155
70 229 156
70 229 157
70 229 158
70 229 159
70 230 144
70 230 145
70 230 146
70 230 147
70 230 148
70 230 149
70 230 150
70 230 152
70 230 153
70 230 154
70 230 156
70 230 157
70 230 158
70 230 159
70 231 144
70 231 145
70 231 146
70 231 147
70 231 148
70 231 149
70 231 150
70 231 151
70 231 152
70 231 153
70 231 154
70 231 157
70 231 158
70 231 159
70 232 144
70 232 145
70 232 146
70 232 147
70 232 148
70 232 149
70 232 150
70 232 151
70 232 152
70 232 153
70 232 158
70 232 159
70 233 144
70 233 145
70 233 146
70 233 147
70 233 148
70 233 149
70 233 150
70 233 151
70 233 153
70 234 144
70 234 145
70 234 146
70 234 147
70 234 148
70 234 149
70 234 150
70 235 144
70 235 145
70 235 146
70 235 147
70 235 148
70 235 149
70 236 144
70 236 145
70 236 146
70 236 147
70 236 148
70 236 149
70 236 150
70 236 151
70 237 144
70 237 145
70 237 146
70 237 147
70 237 148
70 237 149
70 237 150
70 237 151
70 237 152
70 238 144
70 238 145
70 238 146
70 238 147
70 238 148
70 238 149
70 238 150
70 238 151
70 238 152
70 239 144
70 239 145
70 239 146
70 239 147
70 239 148
70 239 149
70 239 150
70 239 151
70 239 152
70 240 144
70 240 145
70 240 146
70 240 147
70 240 148
70 240 149
70 240 150
70 240 151
70 240 152
70 241 144
70 241 145
70 241 146
70 241 147
70 241 148
70 241 149
70 241 151
70 242 144
70 242 146
70 242 147
70 242 148
70 243 146
70 243 147
70 243 148
70 243 149
71 225 150
71 225 151
71 225 152
71 225 153
71 225 155
71 225 156
71 225 157
71 225 158
71 225 159
71 226 144
71 226 148
71 226 149
71 226 150
71 226 152
71 226 154
71 226 155
71 226 156
71 226 157
71 226 158
71 226 159
71 227 144
71 227 145
71 227 147
71 227 148
71 227 149
71 227 150
71 227 152
71 227 155
71 227 156
71 227 157
71 227 158
71 227 159
71 228 144
71 228 145
71 228 146
71 228 147
71 228 148
71 228 149
71 228 150
71 228 151
71 228 152
71 228 153
71 228 156
71 228 157
71 228 158
71 228 159
71 229 144
71 229 145
71 229 146
71 229 147
71 229 148
71 229 149
71 229 150
71 229 151
71 229 152
71 229 153
71 229 154
71 229 156
71 229 157
71 229 158
71 229 159
71 230 144
71 230 145
71 230 146
71 230 147
71 230 148
71 230 149
71 230 150
71 230 151
71 230 152
71 230 153
71 230 154
71 230 156
71 230 157
71 230 158
71 230 159
71 231 144
71 231 145
71 231 146
71 231 147
71 231 148
71 231 149
71 231 150
71 231 151
71 231 152
71 231 153
71 231 154
71 231 159
71 232 144
71 232 145
71 232 146
71 232 147
71 232 148
71 232 149
71 232 150
71 232 151
71 232 152
71 232 153
71 232 154
71 232 155
71 232 158
71 232 159
71 233 144
71 233 145
71 233 146
71 233 147
71 233 148
71 233 150
71 233 151
71 233 152
71 233 153
71 233 154
71 234 144
71 234 145
71 234 146
71 234 147
71 234 148
71 234 149
71 234 150
71 234 151
71 234 152
71 234 153
71 235 144
71 235 145
71 235 146
71 235 147
71 235 148
71 235 149
71 235 150
71 235 151
71 235 152
71 236 144
71 236 145
71 236 146
71 236 147
71 236 148
71 236 149
71 236 151
71 237 144
71 237 145
71 237 146
71 237 147
71 237 148
71 237 149
71 237 150
71 237 151
71 237 152
71 238 144
71 238 145
71 238 146
71 238 147
71 238 148
71 238 149
71 238 151
71 238 152
71 239 144
71 239 145
71 239 146
71 239 147
71 239 148
71 239 149
71 239 151
71 239 152
71 240 144
71 240 145
71 240 146
71 240 147
71 240 148
71 240 149
71 241 144
71 241 145
71 241 146
71 241 147
71 241 148
71 242 144
71 242 145
71 242 146
71 242 147
71 242 148
71 243 145
71 243 146
71 243 147
71 244 146
72 225 145
72 225 149
72 225 150
72 225 151
72 225 152
72 225 155
72 225 157
72 225 158
72 225 159
72 226 144
72 226 145
72 226 146
72 226 148
72 226 149
72 226 150
72 226 152
72 226 154
72 226 155
72 226 156
72 226 157
72 226 158
72 226 159
72 227 144
72 227 145
72 227 146
72 227 148
72 227 149
72 227 150
72 227 151
72 227 152
72 227 153
72 227 154
72 227 155
72 227 156
72 227 157
72 227 158
72 227 159
72 228 144
72 228 145
72 228 146
72 228 147
72 228 148
72 228 149
72 228 150
72 228 151
72 228 152
72 228 153
72 228 156
72 228 157
72 228 158
72 228 159
72 229 144
72 229 145
72 229 146
72 229 147
72 229 148
72 229 149
72 229 150
72 229 151
72 229 152
72 229 153
72 229 154
72 229 156
72 229 157
72 229 158
72 229 159
72 230 144
72 230 145
72 230 146
72 230 147
72 230 148
72 230 149
72 230 150
72 230 151
72 230 152
72 230 153
72 230 154
72 230 155
72 230 156
72 230 157
72 230 158
72 230 159
72 231 144
72 231 145
72 231 146
72 231 147
72 231 148
72 231 149
72 231 150
72 231 151
72 231 152
72 231 153
72 231 154
72 231 155
72 231 156
72 231 157
72 231 158
72 231 159
72 232 144
72 232 145
72 232 146
72 232 147
72 232 148
72 232 149
72 232 150
72 232 151
72 232 153
72 232 154
72 232 157
72 232 158
72 232 159
72 233 144
72 233 145
72 233 146
72 233 147
72 233 148
72 233 149
72 233 150
72 233 151
72 233 152
72 233 153
72 233 154
72 233 155
72 233 159
72 234 144
72 234 145
72 234 146
72 234 147
72 234 148
72 234 149
72 234 150
72 234 151
72 234 152
72 234 153
72 234 154
72 234 159
72 235 144
72 235 145
72 235 146
72 235 147
72 235 148
72 235 149
72 235 150
72 235 152
72 235 153
72 236 144
72 236 145
72 236 146
72 236 147
72 236 148
72 236 149
72 236 150
72 236 151
72 236 152
72 237 144
72 237 145
72 237 146
72 237 147
72 237 148
72 237 149
72 237 150
72 237 152
72 238 144
72 238 145
72 238 146
72 238 147
72 238 148
72 238 149
72 238 150
72 238 151
72 238 152
72 239 144
72 239 145
72 239 146
72 239 147
72 239 148
72 239 149
72 239 150
72 239 151
72 240 144
72 240 145
72 240 146
72 240 147
72 240 148
72 240 149
72 241 144
72 241 145
72 241 146
72 241 147
72 241 148
72 241 149
72 242 144
72 242 147
72 243 144
73 225 144
73 225 145
73 225 148
73 225 149
73 225 150
73 225 151
73 225 152
73 225 153
73 225 157
73 225 158
73 225 159
73 226 144
73 226 145
73 226 146
73 226 147
73 226 148
73 226 149
73 226 150
73 226 151
73 226 152
73 226 153
73 226 154
73 226 155
73 226 156
73 226 158
73 226 159
73 227 144
73 227 145
73 227 146
73 227 147
73 227 148
73 227 149
73 227 150
73 227 151
73 227 152
73 227 153
73 227 154
73 227 155
73 227 156
73 227 157
73 227 158
73 227 159
73 228 144
73 228 145
73 228 146
73 228 147
73 228 148
73 228 149
73 228 150
73 228 151
73 228 152
73 228 153
73 228 154
73 228 155
73 228 156
73 228 158
73 228 159
73 229 144
73 229 145
73 229 146
73 229 147
73 229 148
73 229 149
73 229 150
73 229 151
73 229 152
73 229 153
73 229 154
73 229 155
73 229 156
73 229 157
73 229 158
73 229 159
73 230 144
73 230 145
73 230 146
73 230 147
73 230 148
73 230 149
73 230 150
73 230 151
73 230 152
73 230 153
73 230 154
73 230 155
73 230 156
73 230 157
73 230 158
73 230 159
73 231 144
73 231 145
73 231 146
73 231 147
73 231 148
73 231 149
73 231 150
73 231 151
73 231 152
73 231 153
73 231 154
73 231 155
73 231 156
73 231 157
73 231 158
73 231 159
73 232 144
73 232 145
73 232 146
73 232 147
73 232 148
73 232 149
73 232 150
73 232 151
73 232 152
73 232 153
73 232 154
73 232 155
73 232 158
73 232 159
73 233 144
73 233 145
73 233 146
73 233 147
73 233 149
73 233 150
73 233 151
73 233 152
73 233 153
73 233 155
73 233 159
73 234 144
73 234 145
73 234 146
73 234 147
73 234 148
73 234 149
73 234 150
73 234 151
73 234 152
73 235 144
73 235 145
73 235 146
73 235 147
73 235 148
73 235 149
73 235 150
73 235 151
73 235 152
73 235 153
73 236 144
73 236 145
73 236 146
73 236 147
73 236 148
73 236 150
73 236 152
73 237 144
73 237 145
73 237 146
73 237 147
73 237 148
73 237 150
73 237 151
73 238 144
73 238 145
73 238 146
73 238 147
73 238 148
73 238 149
73 238 150
73 238 151
73 238 152
73 239 144
73 239 145
73 239 146
73 239 147
73 239 148
73 240 144
73 240 145
73 240 147
73 240 148
73 241 144
73 241 145
73 241 146
73 242 144
73 242 145
73 242 146
73 242 147
73 243 144
74 225 144
74 225 146
74 225 147
74 225 148
74 225 149
74 225 150
74 225 151
74 225 152
74 225 153
74 225 157
74 225 159
74 226 144
74 226 146
74 226 147
74 226 148
74 226 149
74 226 150
74 226 151
74 226 152
74 226 153
74 226 159
74 227 144
74 227 145
74 227 146
74 227 147
74 227 148
74 227 149
74 227 150
74 227 151
74 227 152
74 227 153
74 227 155
74 227 156
74 227 157
74 227 158
74 227 159
74 228 144
74 228 145
74 228 146
74 228 147
74 228 148
74 228 149
74 228 150
74 228 151
74 228 152
74 228 153
74 228 154
74 228 155
74 228 157
74 228 158
74 228 159
74 229 144
74 229 145
74 229 146
74 229 147
74 229 148
74 229 149
74 229 150
74 229 151
74 229 152
74 229 153
74 229 154
74 229 155
74 229 156
74 229 157
74 229 158
74 229 159
74 230 144
74 230 145
74 230 146
74 230 147
74 230 148
74 230 149
74 230 150
74 230 151
74 230 152
74 230 153
74 230 154
74 230 155
74 230 156
74 230 157
74 230 158
74 230 159
74 231 144
74 231 145
74 231 146
74 231 147
74 231 148
74 231 149
74 231 150
74 231 151
74 231 152
74 231 153
74 231 154
74 231 155
74 231 157
74 231 158
74 231 159
74 232 144
74 232 145
74 232 146
74 232 148
74 232 149
74 232 150
74 232 151
74 232 152
74 232 153
74 232 154
74 232 155
74 233 144
74 233 145
74 233 146
74 233 147
74 233 148
74 233 149
74 233 150
74 233 151
74 233 152
74 233 153
74 233 154
74 234 144
74 234 145
74 234 146
74 234 147
74 234 148
74 234 149
74 234 150
74 234 151
74 234 152
74 234 153
74 234 154
74 235 144
74 235 145
74 235 146
74 235 148
74 235 150
74 235 152
74 235 153
74 236 144
74 236 145
74 236 146
74 236 147
74 236 148
74 236 149
74 236 151
74 236 152
74 236 153
74 237 144
74 237 145
74 237 146
74 237 147
74 237 148
74 237 149
74 237 150
74 238 144
74 238 145
74 238 146
74 238 147
74 238 148
74 238 149
74 238 151
74 239 144
74 239 145
74 239 146
74 239 147
74 239 148
74 239 149
74 239 150
74 240 144
74 240 145
74 240 146
74 240 147
74 240 148
74 240 149
74 241 144
74 241 145
74 241 146
74 241 147
74 241 148
74 242 144
74 242 145
74 242 147
74 243 144
74 243 145
75 225 144
75 225 147
75 225 148
75 225 149
75 225 150
75 225 151
75 225 152
75 225 153
75 225 159
75 226 144
75 226 146
75 226 147
75 226 148
75 226 149
75 226 150
75 226 151
75 226 152
75 226 153
75 226 154
75 226 157
75 226 158
75 226 159
75 227 144
75 227 145
75 227 146
75 227 147
75 227 148
75 227 149
75 227 150
75 227 151
75 227 152
75 227 153
75 227 154
75 227 156
75 227 157
75 227 158
75 227 159
75 228 144
75 228 145
75 228 146
75 228 147
75 228 148
75 228 149
75 228 150
75 228 151
75 228 152
75 228 153
75 228 155
75 228 157
75 228 158
75 228 159
75 229 144
75 229 145
75 229 146
75 229 147
75 229 149
75 229 150
75 229 151
75 229 152
75 229 153
75 229 155
75 229 156
75 229 157
75 229 158
75 229 159
75 230 144
75 230 145
75 230 146
75 230 147
75 230 148
75 230 149
75 230 150
75 230 151
75 230 152
75 230 153
75 230 154
75 230 155
75 230 156
75 230 157
75 230 158
75 230 159
75 231 144
75 231 145
75 231 146
75 231 147
75 231 148
75 231 149
75 231 150
75 231 151
75 231 152
75 231 153
75 231 154
75 231 155
75 231 156
75 231 157
75 231 158
75 231 159
75 232 144
75 232 145
75 232 146
75 232 147
75 232 148
75 232 149
75 232 150
75 232 151
75 232 152
75 232 153
75 232 154
75 232 157
75 232 159
75 233 144
75 233 145
75 233 146
75 233 147
75 233 148
75 233 149
75 233 150
75 233 151
75 233 152
75 233 153
75 233 159
75 234 144
75 234 145
75 234 146
75 234 148
75 234 149
75 234 150
75 234 152
75 234 153
75 234 154
75 235 144
75 235 145
75 235 146
75 235 150
75 235 153
75 236 144
75 236 145
75 236 146
75 236 147
75 236 148
75 237 144
75 237 145
75 237 146
75 237 147
75 237 148
75 238 144
75 238 145
75 238 146
75 238 147
75 238 148
75 238 149
75 239 144
75 239 145
75 239 146
75 239 147
75 240 144
75 240 145
75 240 146
75 240 147
75 240 148
75 241 144
75 241 145
75 241 147
75 242 144
75 242 145
76 225 144
76 225 145
76 225 147
76 225 148
76 225 149
76 225 150
76 225 151
76 225 152
76 225 158
76 225 159
76 226 144
76 226 145
76 226 146
76 226 147
76 226 148
76 226 149
76 226 150
76 226 151
76 226 152
76 226 155
76 226 156
76 226 157
76 226 158
76 226 159
76 227 144
76 227 145
76 227 146
76 227 147
76 227 148
76 227 149
76 227 150
76 227 151
76 227 152
76 227 153
76 227 154
76 227 155
76 227 156
76 227 157
76 227 158
76 227 159
76 228 144
76 228 145
76 228 146
76 228 147
76 228 148
76 228 149
76 228 150
76 228 151
76 228 152
76 228 153
76 228 154
76 228 155
76 228 156
76 228 157
76 228 158
76 228 159
76 229 144
76 229 145
76 229 146
76 229 147
76 229 148
76 229 149
76 229 150
76 229 151
76 229 152
76 229 153
76 229 156
76 229 157
76 229 158
76 229 159
76 230 144
76 230 145
76 230 146
76 230 147
76 230 148
76 230 149
76 230 150
76 230 151
76 230 152
76 230 153
76 230 154
76 230 156
76 230 157
76 230 158
76 230 159
76 231 144
76 231 145
76 231 146
76 231 147
76 231 148
76 231 149
76 231 150
76 231 151
76 231 152
76 231 153
76 231 154
76 231 155
76 231 158
76 231 159
76 232 144
76 232 145
76 232 146
76 232 147
76 232 148
76 232 149
76 232 150
76 232 151
76 232 152
76 232 154
76 232 158
76 233 144
76 233 145
76 233 146
76 233 147
76 233 148
76 233 149
76 233 150
76 233 151
76 233 152
76 233 153
76 233 158
76 234 144
76 234 145
76 234 146
76 234 147
76 234 148
76 234 149
76 234 150
76 234 151
76 234 152
76 234 153
76 235 144
76 235 145
76 235 147
76 235 148
76 235 149
76 235 152
76 236 144
76 236 145
76 236 146
76 236 147
76 236 148
76 237 144
76 237 145
76 237 146
76 237 147
76 237 148
76 237 149
76 238 144
76 238 145
76 238 146
76 238 147
76 238 148
76 238 149
76 239 144
76 239 145
76 239 146
76 239 147
76 239 148
76 240 144
76 240 146
76 240 147
76 241 144
76 241 145
76 241 146
76 241 147
76 241 148
76 242 145
76 242 146
77 225 144
77 225 147
77 225 148
77 225 149
77 225 150
77 225 151
77 225 152
77 225 153
77 225 154
77 225 159
77 226 144
77 226 145
77 226 146
77 226 147
77 226 148
77 226 149
77 226 150
77 226 151
77 226 152
77 226 153
77 226 154
77 226 155
77 226 156
77 226 158
77 226 159
77 227 144
77 227 145
77 227 146
77 227 147
77 227 148
77 227 149
77 227 150
77 227 151
77 227 152
77 227 153
77 227 154
77 227 155
77 227 156
77 227 158
77 227 159
77 228 144
77 228 145
77 228 146
77 228 147
77 228 148
77 228 149
77 228 150
77 228 151
77 228 152
77 228 153
77 228 155
77 228 156
77 228 159
77 229 144
77 229 145
77 229 146
77 229 147
77 229 148
77 229 149
77 229 150
77 229 151
77 229 152
77 229 153
77 229 157
77 229 158
77 230 144
77 230 145
77 230 146
77 230 147
77 230 148
77 230 149
77 230 150
77 230 151
77 230 152
77 230 153
77 230 157
77 230 158
77 230 159
77 231 144
77 231 145
77 231 146
77 231 147
77 231 148
77 231 149
77 231 150
77 231 151
77 231 152
77 231 153
77 231 154
77 231 158
77 231 159
77 232 144
77 232 145
77 232 146
77 232 147
77 232 148
77 232 149
77 232 150
77 232 151
77 232 152
77 232 153
77 232 154
77 232 158
77 232 159
77 233 144
77 233 145
77 233 146
77 233 147
77 233 148
77 233 149
77 233 150
77 233 151
77 233 152
77 233 158
77 234 144
77 234 145
77 234 146
77 234 147
77 234 148
77 234 149
77 234 150
77 234 151
77 235 144
77 235 145
77 235 146
77 235 147
77 235 148
77 235 149
77 235 150
77 236 144
77 236 145
77 236 146
77 236 147
77 236 148
77 236 149
77 236 150
77 237 144
77 237 145
77 237 146
77 237 147
77 237 148
77 237 149
77 237 151
77 238 144
77 238 145
77 238 146
77 238 147
77 238 148
77 238 149
77 238 150
77 239 144
77 239 145
77 239 146
77 239 147
77 239 148
77 239 150
77 240 144
77 240 145
77 240 146
77 240 147
77 240 148
77 241 144
77 241 145
77 241 146
77 241 147
77 241 148
77 241 149
77 242 144
77 242 145
77 242 146
77 242 147
77 243 144
77 243 147
77 244 144
78 225 144
78 225 145
78 225 146
78 225 147
78 225 148
78 225 149
78 225 150
78 225 151
78 225 152
78 225 153
78 225 154
78 225 156
78 225 157
78 225 158
78 225 159
78 226 144
78 226 145
78 226 146
78 226 147
78 226 148
78 226 149
78 226 150
78 226 151
78 226 152
78 226 153
78 226 154
78 226 156
78 226 157
78 226 158
78 226 159
78 227 144
78 227 145
78 227 146
78 227 147
78 227 148
78 227 149
78 227 150
78 227 151
78 227 152
78 227 153
78 227 154
78 227 155
78 227 157
78 227 158
78 227 159
78 228 144
78 228 145
78 228 146
78 228 147
78 228 148
78 228 149
78 228 150
78 228 151
78 228 152
78 228 153
78 228 154
78 228 155
78 228 156
78 228 157
78 228 158
78 228 159
78 229 144
78 229 145
78 229 146
78 229 147
78 229 148
78 229 149
78 229 150
78 229 151
78 229 152
78 229 153
78 229 157
78 229 158
78 229 159
78 230 144
78 230 145
78 230 146
78 230 147
78 230 148
78 230 149
78 230 150
78 230 151
78 230 152
78 230 153
78 230 154
78 230 157
78 230 158
78 230 159
78 231 144
78 231 145
78 231 146
78 231 147
78 231 148
78 231 149
78 231 150
78 231 151
78 231 152
78 231 153
78 231 154
78 231 157
78 231 158
78 231 159
78 232 144
78 232 145
78 232 146
78 232 147
78 232 148
78 232 149
78 232 150
78 232 151
78 232 152
78 232 153
78 232 159
78 233 144
78 233 145
78 233 146
78 233 147
78 233 148
78 233 149
78 233 150
78 233 151
78 233 152
78 233 153
78 233 154
78 234 144
78 234 145
78 234 146
78 234 147
78 234 148
78 234 149
78 234 150
78 234 151
78 234 152
78 234 153
78 235 144
78 235 145
78 235 146
78 235 147
78 235 148
78 235 149
78 235 150
78 235 151
78 235 153
78 235 156
78 236 144
78 236 145
78 236 146
78 236 147
78 236 148
78 236 149
78 236 150
78 236 151
78 236 152
78 236 153
78 237 144
78 237 145
78 237 146
78 237 147
78 237 148
78 237 149
78 237 150
78 237 151
78 237 152
78 237 153
78 238 144
78 238 145
78 238 146
78 238 147
78 238 148
78 238 149
78 238 150
78 238 151
78 238 154
78 239 144
78 239 145
78 239 146
78 239 147
78 239 148
78 239 149
78 239 150
78 239 151
78 239 152
78 240 144
78 240 145
78 240 146
78 240 147
78 240 148
78 241 144
78 241 145
78 241 146
78 241 147
78 241 148
78 241 149
78 242 144
78 242 145
78 242 146
78 242 147
78 242 148
78 242 149
78 243 144
78 243 147
79 225 144
79 225 145
79 225 146
79 225 147
79 225 148
79 225 149
79 225 150
79 225 151
79 225 152
79 225 153
79 225 154
79 225 155
79 225 157
79 225 158
79 226 144
79 226 145
79 226 146
79 226 147
79 226 148
79 226 149
79 226 150
79 226 151
79 226 152
79 226 153
79 226 154
79 226 155
79 226 156
79 226 157
79 226 158
79 226 159
79 227 144
79 227 145
79 227 146
79 227 147
79 227 148
79 227 149
79 227 150
79 227 151
79 227 152
79 227 153
79 227 154
79 227 155
79 227 157
79 227 158
79 227 159
79 228 144
79 228 145
79 228 146
79 228 147
79 228 148
79 228 149
79 228 150
79 228 151
79 228 152
79 228 153
79 228 154
79 228 155
79 228 156
79 228 157
79 228 158
79 228 159
79 229 144
79 229 145
79 229 146
79 229 147
79 229 148
79 229 149
79 229 150
79 229 151
79 229 152
79 229 153
79 229 154
79 229 155
79 229 156
79 229 157
79 229 158
79 229 159
79 230 144
79 230 145
79 230 146
79 230 147
79 230 148
79 230 149
79 230 150
79 230 151
79 230 152
79 230 153
79 230 154
79 230 155
79 230 157
79 230 159
79 231 144
79 231 145
79 231 146
79 231 147
79 231 148
79 231 149
79 231 150
79 231 151
79 231 152
79 231 153
79 231 154
79 231 159
79 232 144
79 232 145
79 232 146
79 232 147
79 232 148
79 232 149
79 232 150
79 232 151
79 232 152
79 232 153
79 232 157
79 233 144
79 233 145
79 233 146
79 233 147
79 233 148
79 233 149
79 233 150
79 233 151
79 233 152
79 233 153
79 233 154
79 234 144
79 234 145
79 234 146
79 234 147
79 234 148
79 234 149
79 234 150
79 234 151
79 234 152
79 234 156
79 234 157
79 235 144
79 235 145
79 235 146
79 235 147
79 235 148
79 235 149
79 235 151
79 235 153
79 235 155
79 235 156
79 236 144
79 236 145
79 236 146
79 236 147
79 236 148
79 236 149
79 236 150
79 236 151
79 236 152
79 236 153
79 236 154
79 236 158
79 237 144
79 237 145
79 237 146
79 237 147
79 237 148
79 237 149
79 237 150
79 237 151
79 237 152
79 237 154
79 238 144
79 238 145
79 238 146
79 238 147
79 238 148
79 238 149
79 238 150
79 238 151
79 238 152
79 238 153
79 238 154
79 238 155
79 239 144
79 239 145
79 239 146
79 239 147
79 239 148
79 239 149
79 239 150
79 239 151
79 239 152
79 239 153
79 240 144
79 240 145
79 240 146
79 240 147
79 240 148
79 240 149
79 240 150
79 240 151
79 241 144
79 241 145
79 241 146
79 241 147
79 241 148
79 241 149
79 241 150
79 242 144
79 242 145
79 242 148
79 242 149
79 243 144
79 243 145
79 243 146
79 243 147
79 243 148
79 243 149
79 244 146
79 244 147
79 245 146

