alfheim:altLeaves
6
144 220 -127
144 220 -125
144 221 -128
144 221 -127
144 221 -126
144 221 -125
144 221 -124
144 221 -123
144 222 -128
144 222 -127
144 222 -126
144 222 -125
144 223 -128
144 223 -127
144 223 -126
144 223 -125
144 224 -128
144 224 -127
144 224 -126
144 224 -125
144 224 -124
145 221 -128
145 222 -128
145 222 -127
145 222 -126
145 222 -124
145 223 -128
145 223 -127
145 223 -126
145 223 -125
145 223 -124
145 223 -123
145 224 -128
145 224 -127
145 224 -126
145 224 -125
145 224 -124
145 224 -123
146 219 -127
146 220 -128
146 220 -127
146 221 -127
146 221 -126
146 222 -128
146 222 -127
146 222 -126
146 222 -125
146 223 -128
146 223 -127
146 223 -126
146 224 -128
146 224 -127
146 224 -126
146 224 -125
146 224 -124
146 224 -123
147 222 -128
147 222 -127
147 222 -125
147 223 -128
147 223 -127
147 223 -126
147 223 -124
147 224 -128
147 224 -127
147 224 -126
147 224 -125
147 224 -124
148 223 -126
148 223 -125
148 224 -128
148 224 -127
148 224 -124
149 223 -127
149 223 -126
149 224 -127
149 224 -126
149 224 -125
150 224 -127
152 224 -126
152 224 -117
153 223 -126
153 223 -117
153 224 -127
153 224 -126
153 224 -118
153 224 -117
153 224 -116
154 222 -128
154 222 -126
154 223 -128
154 223 -126
154 223 -125
154 224 -128
154 224 -127
154 224 -126
154 224 -125
154 224 -124
154 224 -115
155 222 -126
155 222 -117
155 223 -128
155 223 -127
155 223 -126
155 223 -125
155 223 -124
155 223 -119
155 223 -118
155 223 -117
155 223 -115
155 224 -128
155 224 -127
155 224 -126
155 224 -125
155 224 -124
155 224 -122
155 224 -120
155 224 -118
155 224 -117
155 224 -116
155 224 -115
156 220 -126
156 221 -128
156 221 -127
156 221 -126
156 221 -125
156 221 -118
156 222 -127
156 222 -126
156 222 -119
156 222 -118
156 222 -117
156 223 -128
156 223 -127
156 223 -126
156 223 -125
156 223 -124
156 223 -123
156 223 -120
156 223 -119
156 223 -118
156 223 -117
156 223 -115
156 223 -114
156 224 -128
156 224 -127
156 224 -126
156 224 -123
156 224 -122
156 224 -121
156 224 -120
156 224 -119
156 224 -118
156 224 -117
156 224 -116
156 224 -115
156 224 -114
157 221 -128
157 222 -128
157 222 -127
157 222 -126
157 222 -125
157 222 -124
157 222 -118
157 222 -115
157 222 -114
157 223 -128
157 223 -127
157 223 -126
157 223 -125
157 223 -124
157 223 -121
157 223 -118
157 223 -115
157 223 -114
157 223 -113
157 224 -128
157 224 -127
157 224 -126
157 224 -125
157 224 -124
157 224 -123
157 224 -122
157 224 -121
157 224 -120
157 224 -119
157 224 -118
157 224 -117
157 224 -116
157 224 -115
157 224 -114
158 221 -128
158 221 -126
158 221 -117
158 222 -128
158 222 -126
158 222 -125
158 222 -117
158 222 -116
158 222 -114
158 223 -128
158 223 -127
158 223 -126
158 223 -125
158 223 -117
158 223 -116
158 223 -115
158 223 -114
158 223 -113
158 224 -128
158 224 -127
158 224 -126
158 224 -125
158 224 -124
158 224 -121
158 224 -120
158 224 -119
158 224 -118
158 224 -117
158 224 -116
158 224 -115
158 224 -114
158 224 -113
159 220 -127
159 220 -126
159 221 -127
159 221 -126
159 221 -125
159 222 -127
159 222 -126
159 222 -125
159 222 -116
159 222 -115
159 223 -128
159 223 -127
159 223 -126
159 223 -125
159 223 -124
159 223 -123
159 223 -117
159 223 -116
159 223 -115
159 223 -114
159 224 -128
159 224 -127
159 224 -126
159 224 -125
159 224 -124
159 224 -118
159 224 -117
159 224 -116
159 224 -115
159 224 -114
159 224 -113
144 225 -128
144 225 -127
144 225 -126
144 225 -125
144 225 -124
144 225 -123
144 226 -128
144 226 -127
144 226 -126
144 226 -125
144 226 -124
144 226 -123
144 226 -122
144 227 -128
144 227 -127
144 227 -126
144 227 -125
144 227 -124
144 227 -123
144 228 -128
144 228 -127
144 228 -126
144 228 -125
144 228 -124
144 228 -123
144 228 -115
144 228 -114
144 228 -113
144 229 -128
144 229 -127
144 229 -126
144 229 -125
144 229 -124
144 229 -118
144 229 -117
144 229 -115
144 229 -114
144 229 -113
144 230 -128
144 230 -127
144 230 -126
144 230 -125
144 230 -124
144 230 -123
144 230 -122
144 230 -118
144 230 -117
144 230 -115
144 230 -114
144 230 -113
144 231 -128
144 231 -127
144 231 -126
144 231 -125
144 231 -124
144 231 -123
144 231 -122
144 231 -121
144 231 -120
144 231 -119
144 231 -118
144 231 -117
144 231 -116
144 231 -114
144 231 -113
144 232 -128
144 232 -127
144 232 -126
144 232 -125
144 232 -124
144 232 -123
144 232 -122
144 232 -121
144 232 -120
144 232 -119
144 232 -118
144 232 -117
144 232 -116
144 232 -115
144 232 -114
144 232 -113
144 233 -128
144 233 -127
144 233 -126
144 233 -125
144 233 -124
144 233 -123
144 233 -122
144 233 -121
144 233 -119
144 233 -118
144 233 -117
144 233 -116
144 233 -115
144 233 -114
144 233 -113
144 234 -128
144 234 -127
144 234 -126
144 234 -125
144 234 -124
144 234 -123
144 234 -122
144 234 -121
144 234 -120
144 234 -119
144 234 -118
144 234 -117
144 234 -116
144 234 -115
144 234 -114
144 234 -113
144 235 -128
144 235 -127
144 235 -126
144 235 -125
144 235 -124
144 235 -123
144 235 -122
144 235 -121
144 235 -120
144 235 -119
144 235 -118
144 235 -117
144 235 -116
144 235 -115
144 235 -114
144 235 -113
144 236 -128
144 236 -127
144 236 -126
144 236 -125
144 236 -124
144 236 -123
144 236 -122
144 236 -121
144 236 -120
144 236 -119
144 236 -118
144 236 -117
144 236 -116
144 236 -115
144 236 -114
144 236 -113
144 237 -128
144 237 -127
144 237 -126
144 237 -125
144 237 -124
144 237 -123
144 237 -122
144 237 -121
144 237 -120
144 237 -119
144 237 -118
144 237 -117
144 237 -116
144 237 -115
144 237 -114
144 237 -113
144 238 -128
144 238 -127
144 238 -126
144 238 -125
144 238 -124
144 238 -123
144 238 -122
144 238 -121
144 238 -120
144 238 -119
144 238 -117
144 238 -116
144 238 -115
144 238 -114
144 238 -113
144 239 -127
144 239 -125
144 239 -124
144 239 -123
144 239 -122
144 239 -121
144 239 -119
144 239 -117
144 239 -116
144 239 -114
144 239 -113
144 240 -127
144 240 -126
144 240 -125
144 240 -123
144 240 -122
144 240 -121
144 240 -117
144 240 -116
144 240 -115
144 240 -114
144 240 -113
144 241 -125
144 241 -116
144 241 -115
144 241 -114
144 241 -113
144 242 -115
144 242 -113
145 225 -128
145 225 -127
145 225 -126
145 225 -125
145 225 -124
145 225 -123
145 226 -128
145 226 -127
145 226 -126
145 226 -125
145 226 -124
145 226 -123
145 226 -122
145 227 -128
145 227 -127
145 227 -126
145 227 -125
145 227 -124
145 227 -123
145 227 -122
145 227 -115
145 228 -128
145 228 -127
145 228 -126
145 228 -125
145 228 -124
145 228 -123
145 228 -122
145 228 -117
145 228 -116
145 228 -115
145 228 -114
145 228 -113
145 229 -128
145 229 -127
145 229 -126
145 229 -125
145 229 -124
145 229 -123
145 229 -119
145 229 -117
145 229 -116
145 229 -115
145 229 -114
145 229 -113
145 230 -128
145 230 -127
145 230 -126
145 230 -125
145 230 -124
145 230 -122
145 230 -120
145 230 -119
145 230 -118
145 230 -117
145 230 -116
145 230 -115
145 230 -114
145 230 -113
145 231 -128
145 231 -127
145 231 -126
145 231 -125
145 231 -122
145 231 -121
145 231 -120
145 231 -119
145 231 -118
145 231 -117
145 231 -116
145 231 -115
145 231 -114
145 231 -113
145 232 -128
145 232 -127
145 232 -126
145 232 -125
145 232 -124
145 232 -122
145 232 -121
145 232 -120
145 232 -119
145 232 -118
145 232 -117
145 232 -116
145 232 -115
145 232 -114
145 232 -113
145 233 -128
145 233 -127
145 233 -126
145 233 -125
145 233 -124
145 233 -123
145 233 -122
145 233 -121
145 233 -120
145 233 -119
145 233 -118
145 233 -117
145 233 -116
145 233 -115
145 233 -114
145 233 -113
145 234 -128
145 234 -127
145 234 -126
145 234 -125
145 234 -124
145 234 -123
145 234 -122
145 234 -121
145 234 -120
145 234 -119
145 234 -118
145 234 -117
145 234 -116
145 234 -115
145 234 -114
145 234 -113
145 235 -128
145 235 -127
145 235 -126
145 235 -125
145 235 -124
145 235 -123
145 235 -122
145 235 -121
145 235 -120
145 235 -119
145 235 -118
145 235 -117
145 235 -116
145 235 -115
145 235 -114
145 235 -113
145 236 -128
145 236 -127
145 236 -126
145 236 -125
145 236 -124
145 236 -123
145 236 -122
145 236 -121
145 236 -120
145 236 -119
145 236 -118
145 236 -117
145 236 -116
145 236 -115
145 236 -114
145 236 -113
145 237 -127
145 237 -126
145 237 -125
145 237 -124
145 237 -123
145 237 -122
145 237 -121
145 237 -120
145 237 -119
145 237 -118
145 237 -117
145 237 -116
145 237 -115
145 237 -114
145 237 -113
145 238 -128
145 238 -126
145 238 -125
145 238 -124
145 238 -123
145 238 -122
145 238 -121
145 238 -119
145 238 -118
145 238 -117
145 238 -116
145 238 -115
145 238 -114
145 238 -113
145 239 -126
145 239 -125
145 239 -123
145 239 -122
145 239 -117
145 239 -116
145 239 -115
145 239 -114
145 239 -113
145 240 -123
145 240 -122
145 240 -118
145 240 -117
145 240 -116
145 240 -115
145 240 -114
145 240 -113
145 241 -122
145 241 -117
145 241 -116
145 241 -115
145 241 -114
145 241 -113
145 242 -116
145 242 -115
145 242 -114
145 243 -115
145 243 -113
146 225 -128
146 225 -127
146 225 -126
146 225 -125
146 225 -124
146 225 -123
146 226 -128
146 226 -127
146 226 -126
146 226 -125
146 226 -124
146 226 -123
146 226 -122
146 226 -121
146 227 -128
146 227 -127
146 227 -126
146 227 -125
146 227 -124
146 227 -122
146 227 -120
146 228 -128
146 228 -127
146 228 -126
146 228 -125
146 228 -123
146 228 -119
146 228 -114
146 228 -113
146 229 -128
146 229 -127
146 229 -126
146 229 -125
146 229 -124
146 229 -119
146 229 -118
146 229 -117
146 229 -115
146 229 -114
146 229 -113
146 230 -128
146 230 -127
146 230 -126
146 230 -125
146 230 -124
146 230 -119
146 230 -118
146 230 -117
146 230 -116
146 230 -115
146 230 -114
146 230 -113
146 231 -128
146 231 -127
146 231 -126
146 231 -125
146 231 -124
146 231 -123
146 231 -122
146 231 -119
146 231 -118
146 231 -117
146 231 -116
146 231 -115
146 231 -114
146 231 -113
146 232 -128
146 232 -127
146 232 -126
146 232 -125
146 232 -124
146 232 -123
146 232 -121
146 232 -120
146 232 -118
146 232 -117
146 232 -116
146 232 -115
146 232 -114
146 232 -113
146 233 -128
146 233 -127
146 233 -126
146 233 -125
146 233 -124
146 233 -123
146 233 -122
146 233 -121
146 233 -120
146 233 -119
146 233 -118
146 233 -117
146 233 -116
146 233 -115
146 233 -114
146 233 -113
146 234 -128
146 234 -127
146 234 -126
146 234 -125
146 234 -124
146 234 -123
146 234 -122
146 234 -121
146 234 -120
146 234 -119
146 234 -118
146 234 -117
146 234 -116
146 234 -115
146 234 -114
146 234 -113
146 235 -128
146 235 -127
146 235 -126
146 235 -125
146 235 -124
146 235 -123
146 235 -122
146 235 -121
146 235 -120
146 235 -119
146 235 -118
146 235 -117
146 235 -116
146 235 -115
146 235 -114
146 235 -113
146 236 -128
146 236 -127
146 236 -126
146 236 -125
146 236 -124
146 236 -123
146 236 -122
146 236 -117
146 236 -116
146 236 -115
146 236 -114
146 236 -113
146 237 -126
146 237 -125
146 237 -124
146 237 -123
146 237 -122
146 237 -121
146 237 -120
146 237 -119
146 237 -118
146 237 -117
146 237 -116
146 237 -115
146 237 -114
146 237 -113
146 238 -126
146 238 -125
146 238 -124
146 238 -123
146 238 -122
146 238 -121
146 238 -117
146 238 -116
146 238 -115
146 238 -114
146 238 -113
146 239 -126
146 239 -125
146 239 -124
146 239 -122
146 239 -119
146 239 -118
146 239 -117
146 239 -116
146 239 -115
146 239 -114
146 239 -113
146 240 -125
146 240 -123
146 240 -122
146 240 -118
146 240 -117
146 240 -115
146 240 -114
146 240 -113
146 241 -117
146 241 -116
146 241 -115
146 241 -114
146 241 -113
146 242 -115
146 242 -114
146 242 -113
146 243 -116
146 243 -115
146 243 -113
146 244 -115
146 244 -113
147 225 -128
147 225 -125
147 225 -124
147 225 -122
147 226 -128
147 226 -127
147 226 -126
147 226 -125
147 226 -124
147 226 -122
147 226 -121
147 226 -120
147 227 -128
147 227 -127
147 227 -126
147 227 -125
147 227 -122
147 227 -120
147 227 -119
147 227 -114
147 228 -128
147 228 -127
147 228 -125
147 228 -124
147 228 -120
147 228 -119
147 228 -116
147 228 -115
147 228 -114
147 228 -113
147 229 -127
147 229 -126
147 229 -125
147 229 -124
147 229 -123
147 229 -120
147 229 -119
147 229 -118
147 229 -117
147 229 -116
147 229 -115
147 229 -114
147 229 -113
147 230 -128
147 230 -127
147 230 -126
147 230 -125
147 230 -124
147 230 -123
147 230 -122
147 230 -120
147 230 -119
147 230 -118
147 230 -116
147 230 -115
147 230 -114
147 230 -113
147 231 -128
147 231 -127
147 231 -126
147 231 -125
147 231 -124
147 231 -123
147 231 -122
147 231 -121
147 231 -120
147 231 -119
147 231 -118
147 231 -117
147 231 -115
147 231 -114
147 231 -113
147 232 -128
147 232 -127
147 232 -126
147 232 -125
147 232 -124
147 232 -123
147 232 -122
147 232 -121
147 232 -120
147 232 -119
147 232 -118
147 232 -117
147 232 -116
147 232 -115
147 232 -114
147 232 -113
147 233 -128
147 233 -127
147 233 -126
147 233 -125
147 233 -124
147 233 -123
147 233 -122
147 233 -121
147 233 -120
147 233 -119
147 233 -118
147 233 -117
147 233 -116
147 233 -115
147 233 -114
147 233 -113
147 234 -128
147 234 -127
147 234 -126
147 234 -125
147 234 -124
147 234 -123
147 234 -122
147 234 -121
147 234 -120
147 234 -119
147 234 -118
147 234 -117
147 234 -116
147 234 -115
147 234 -114
147 234 -113
147 235 -128
147 235 -127
147 235 -126
147 235 -125
147 235 -124
147 235 -123
147 235 -122
147 235 -121
147 235 -120
147 235 -119
147 235 -118
147 235 -117
147 235 -116
147 235 -115
147 235 -114
147 235 -113
147 236 -128
147 236 -127
147 236 -126
147 236 -125
147 236 -124
147 236 -123
147 236 -122
147 236 -121
147 236 -120
147 236 -119
147 236 -118
147 236 -117
147 236 -116
147 236 -115
147 236 -114
147 236 -113
147 237 -128
147 237 -127
147 237 -126
147 237 -125
147 237 -124
147 237 -123
147 237 -122
147 237 -121
147 237 -120
147 237 -119
147 237 -118
147 237 -117
147 237 -116
147 237 -115
147 237 -114
147 237 -113
147 238 -126
147 238 -125
147 238 -124
147 238 -123
147 238 -122
147 238 -121
147 238 -119
147 238 -118
147 238 -117
147 238 -116
147 238 -115
147 238 -114
147 238 -113
147 239 -125
147 239 -124
147 239 -123
147 239 -122
147 239 -121
147 239 -120
147 239 -119
147 239 -118
147 239 -117
147 239 -116
147 239 -115
147 239 -114
147 239 -113
147 240 -125
147 240 -123
147 240 -122
147 240 -120
147 240 -118
147 240 -117
147 240 -116
147 240 -115
147 240 -114
147 240 -113
147 241 -117
147 241 -116
147 241 -115
147 241 -114
147 241 -113
147 242 -118
147 242 -117
147 242 -116
147 242 -114
147 242 -113
147 243 -117
147 243 -116
147 243 -115
147 243 -114
147 243 -113
147 244 -115
148 225 -128
148 225 -127
148 225 -126
148 225 -125
148 226 -128
148 226 -127
148 226 -126
148 226 -125
148 227 -128
148 227 -127
148 227 -126
148 227 -125
148 227 -124
148 227 -123
148 227 -120
148 227 -119
148 227 -118
148 228 -128
148 228 -127
148 228 -126
148 228 -125
148 228 -123
148 228 -122
148 228 -121
148 228 -120
148 228 -119
148 228 -118
148 228 -117
148 228 -114
148 228 -113
148 229 -128
148 229 -127
148 229 -126
148 229 -125
148 229 -124
148 229 -123
148 229 -122
148 229 -121
148 229 -120
148 229 -119
148 229 -118
148 229 -117
148 229 -116
148 229 -115
148 229 -114
148 229 -113
148 230 -128
148 230 -127
148 230 -126
148 230 -125
148 230 -124
148 230 -123
148 230 -122
148 230 -121
148 230 -120
148 230 -119
148 230 -118
148 230 -116
148 230 -115
148 230 -114
148 230 -113
148 231 -128
148 231 -127
148 231 -126
148 231 -125
148 231 -124
148 231 -123
148 231 -122
148 231 -121
148 231 -120
148 231 -119
148 231 -118
148 231 -117
148 231 -116
148 231 -115
148 231 -114
148 231 -113
148 232 -128
148 232 -127
148 232 -126
148 232 -125
148 232 -124
148 232 -123
148 232 -122
148 232 -120
148 232 -119
148 232 -118
148 232 -117
148 232 -116
148 232 -115
148 232 -114
148 232 -113
148 233 -128
148 233 -127
148 233 -126
148 233 -125
148 233 -124
148 233 -123
148 233 -122
148 233 -121
148 233 -120
148 233 -119
148 233 -118
148 233 -117
148 233 -116
148 233 -115
148 233 -114
148 233 -113
148 234 -128
148 234 -127
148 234 -126
148 234 -125
148 234 -124
148 234 -123
148 234 -122
148 234 -121
148 234 -120
148 234 -119
148 234 -118
148 234 -117
148 234 -116
148 234 -115
148 234 -114
148 234 -113
148 235 -128
148 235 -127
148 235 -126
148 235 -125
148 235 -124
148 235 -123
148 235 -122
148 235 -121
148 235 -120
148 235 -119
148 235 -118
148 235 -117
148 235 -116
148 235 -115
148 235 -114
148 235 -113
148 236 -128
148 236 -127
148 236 -126
148 236 -125
148 236 -124
148 236 -123
148 236 -122
148 236 -121
148 236 -120
148 236 -119
148 236 -118
148 236 -117
148 236 -116
148 236 -115
148 236 -114
148 236 -113
148 237 -128
148 237 -127
148 237 -126
148 237 -125
148 237 -124
148 237 -123
148 237 -122
148 237 -120
148 237 -119
148 237 -118
148 237 -117
148 237 -116
148 237 -115
148 237 -114
148 237 -113
148 238 -126
148 238 -125
148 238 -124
148 238 -123
148 238 -122
148 238 -121
148 238 -120
148 238 -119
148 238 -118
148 238 -117
148 238 -116
148 238 -115
148 238 -114
148 238 -113
148 239 -126
148 239 -125
148 239 -124
148 239 -123
148 239 -122
148 239 -121
148 239 -120
148 239 -119
148 239 -118
148 239 -117
148 239 -116
148 239 -115
148 239 -114
148 239 -113
148 240 -126
148 240 -125
148 240 -123
148 240 -122
148 240 -121
148 240 -119
148 240 -118
148 240 -117
148 240 -116
148 240 -115
148 240 -114
148 240 -113
148 241 -119
148 241 -118
148 241 -117
148 241 -116
148 241 -115
148 241 -114
148 241 -113
148 242 -118
148 242 -117
148 242 -116
148 242 -115
148 242 -114
148 242 -113
148 243 -118
148 243 -117
148 243 -116
148 243 -115
148 243 -114
148 243 -113
148 244 -117
148 244 -115
148 244 -114
148 245 -115
148 245 -114
148 245 -113
149 225 -127
149 225 -126
149 226 -128
149 226 -127
149 226 -126
149 226 -125
149 226 -119
149 226 -118
149 227 -128
149 227 -127
149 227 -126
149 227 -125
149 227 -120
149 227 -119
149 227 -118
149 228 -128
149 228 -127
149 228 -126
149 228 -125
149 228 -121
149 228 -120
149 228 -119
149 228 -118
149 228 -117
149 228 -114
149 229 -128
149 229 -127
149 229 -126
149 229 -125
149 229 -124
149 229 -123
149 229 -122
149 229 -121
149 229 -120
149 229 -119
149 229 -117
149 229 -115
149 229 -114
149 229 -113
149 230 -128
149 230 -127
149 230 -126
149 230 -125
149 230 -124
149 230 -123
149 230 -122
149 230 -121
149 230 -120
149 230 -119
149 230 -118
149 230 -113
149 231 -128
149 231 -127
149 231 -126
149 231 -125
149 231 -124
149 231 -123
149 231 -122
149 231 -121
149 231 -120
149 231 -119
149 231 -118
149 231 -117
149 231 -116
149 231 -115
149 231 -114
149 231 -113
149 232 -127
149 232 -126
149 232 -125
149 232 -124
149 232 -123
149 232 -122
149 232 -121
149 232 -120
149 232 -119
149 232 -118
149 232 -117
149 232 -116
149 232 -115
149 232 -114
149 232 -113
149 233 -128
149 233 -127
149 233 -126
149 233 -125
149 233 -124
149 233 -123
149 233 -122
149 233 -121
149 233 -120
149 233 -119
149 233 -118
149 233 -117
149 233 -116
149 233 -115
149 233 -114
149 233 -113
149 234 -128
149 234 -127
149 234 -126
149 234 -125
149 234 -124
149 234 -123
149 234 -122
149 234 -121
149 234 -120
149 234 -119
149 234 -118
149 234 -117
149 234 -116
149 234 -115
149 234 -114
149 234 -113
149 235 -128
149 235 -127
149 235 -126
149 235 -125
149 235 -124
149 235 -123
149 235 -122
149 235 -121
149 235 -120
149 235 -119
149 235 -118
149 235 -117
149 235 -116
149 235 -115
149 235 -114
149 235 -113
149 236 -128
149 236 -127
149 236 -126
149 236 -125
149 236 -124
149 236 -123
149 236 -122
149 236 -121
149 236 -120
149 236 -119
149 236 -118
149 236 -117
149 236 -116
149 236 -115
149 236 -114
149 236 -113
149 237 -127
149 237 -126
149 237 -125
149 237 -124
149 237 -123
149 237 -121
149 237 -120
149 237 -119
149 237 -118
149 237 -117
149 237 -116
149 237 -115
149 237 -114
149 237 -113
149 238 -127
149 238 -126
149 238 -125
149 238 -124
149 238 -123
149 238 -122
149 238 -121
149 238 -120
149 238 -119
149 238 -118
149 238 -117
149 238 -116
149 238 -115
149 238 -114
149 238 -113
149 239 -127
149 239 -126
149 239 -125
149 239 -124
149 239 -123
149 239 -122
149 239 -121
149 239 -120
149 239 -119
149 239 -118
149 239 -117
149 239 -116
149 239 -115
149 239 -114
149 239 -113
149 240 -126
149 240 -124
149 240 -123
149 240 -122
149 240 -119
149 240 -118
149 240 -117
149 240 -116
149 240 -115
149 240 -114
149 240 -113
149 241 -126
149 241 -123
149 241 -122
149 241 -119
149 241 -118
149 241 -117
149 241 -116
149 241 -115
149 241 -114
149 241 -113
149 242 -118
149 242 -117
149 242 -116
149 242 -115
149 242 -114
149 242 -113
149 243 -116
149 243 -115
149 243 -114
149 243 -113
149 244 -117
149 244 -116
149 244 -115
149 244 -114
149 244 -113
149 245 -117
149 245 -116
149 245 -115
149 245 -114
149 245 -113
149 246 -115
149 246 -113
149 247 -115
150 225 -127
150 226 -127
150 226 -126
150 226 -120
150 226 -117
150 227 -127
150 227 -126
150 227 -123
150 227 -120
150 227 -119
150 227 -118
150 227 -117
150 228 -124
150 228 -123
150 228 -122
150 228 -121
150 228 -120
150 228 -119
150 228 -118
150 228 -117
150 228 -113
150 229 -128
150 229 -127
150 229 -124
150 229 -123
150 229 -122
150 229 -121
150 229 -120
150 229 -119
150 229 -118
150 229 -114
150 229 -113
150 230 -128
150 230 -127
150 230 -126
150 230 -125
150 230 -124
150 230 -123
150 230 -122
150 230 -121
150 230 -120
150 230 -119
150 230 -118
150 230 -113
150 231 -128
150 231 -127
150 231 -126
150 231 -125
150 231 -124
150 231 -123
150 231 -122
150 231 -121
150 231 -120
150 231 -119
150 231 -118
150 231 -117
150 231 -116
150 231 -115
150 231 -114
150 231 -113
150 232 -128
150 232 -127
150 232 -126
150 232 -125
150 232 -124
150 232 -123
150 232 -122
150 232 -121
150 232 -120
150 232 -119
150 232 -118
150 232 -117
150 232 -116
150 232 -115
150 232 -114
150 232 -113
150 233 -128
150 233 -127
150 233 -126
150 233 -125
150 233 -124
150 233 -123
150 233 -122
150 233 -121
150 233 -120
150 233 -119
150 233 -118
150 233 -117
150 233 -116
150 233 -115
150 233 -114
150 233 -113
150 234 -128
150 234 -127
150 234 -126
150 234 -125
150 234 -124
150 234 -123
150 234 -122
150 234 -121
150 234 -120
150 234 -119
150 234 -118
150 234 -117
150 234 -116
150 234 -115
150 234 -114
150 234 -113
150 235 -128
150 235 -127
150 235 -126
150 235 -125
150 235 -124
150 235 -123
150 235 -122
150 235 -121
150 235 -120
150 235 -119
150 235 -118
150 235 -117
150 235 -116
150 235 -115
150 235 -114
150 235 -113
150 236 -128
150 236 -127
150 236 -126
150 236 -125
150 236 -124
150 236 -123
150 236 -122
150 236 -121
150 236 -120
150 236 -119
150 236 -118
150 236 -117
150 236 -116
150 236 -115
150 236 -114
150 236 -113
150 237 -127
150 237 -126
150 237 -125
150 237 -124
150 237 -123
150 237 -122
150 237 -121
150 237 -120
150 237 -119
150 237 -118
150 237 -117
150 237 -116
150 237 -115
150 237 -114
150 237 -113
150 238 -127
150 238 -126
150 238 -125
150 238 -124
150 238 -123
150 238 -122
150 238 -121
150 238 -120
150 238 -119
150 238 -118
150 238 -117
150 238 -116
150 238 -115
150 238 -114
150 238 -113
150 239 -127
150 239 -126
150 239 -124
150 239 -123
150 239 -122
150 239 -120
150 239 -119
150 239 -118
150 239 -117
150 239 -116
150 239 -115
150 239 -114
150 239 -113
150 240 -124
150 240 -123
150 240 -119
150 240 -118
150 240 -117
150 240 -116
150 240 -115
150 240 -114
150 240 -113
150 241 -118
150 241 -117
150 241 -116
150 241 -115
150 241 -114
150 241 -113
150 242 -118
150 242 -117
150 242 -116
150 242 -115
150 242 -114
150 242 -113
150 243 -118
150 243 -116
150 243 -115
150 243 -114
150 243 -113
150 244 -116
150 244 -115
150 244 -114
150 244 -113
150 245 -116
150 245 -115
150 245 -114
150 245 -113
150 246 -114
151 226 -127
151 226 -125
151 226 -121
151 226 -117
151 227 -127
151 227 -126
151 227 -125
151 227 -122
151 227 -121
151 227 -120
151 227 -119
151 227 -118
151 227 -117
151 227 -113
151 228 -126
151 228 -125
151 228 -123
151 228 -122
151 228 -120
151 228 -119
151 228 -118
151 228 -117
151 228 -114
151 228 -113
151 229 -128
151 229 -126
151 229 -125
151 229 -124
151 229 -123
151 229 -122
151 229 -121
151 229 -120
151 229 -119
151 229 -118
151 229 -117
151 229 -116
151 229 -115
151 229 -114
151 229 -113
151 230 -128
151 230 -127
151 230 -126
151 230 -125
151 230 -124
151 230 -123
151 230 -122
151 230 -121
151 230 -120
151 230 -119
151 230 -118
151 230 -117
151 230 -116
151 230 -114
151 230 -113
151 231 -128
151 231 -127
151 231 -126
151 231 -125
151 231 -124
151 231 -123
151 231 -122
151 231 -121
151 231 -120
151 231 -119
151 231 -118
151 231 -117
151 231 -116
151 231 -115
151 231 -114
151 231 -113
151 232 -128
151 232 -127
151 232 -126
151 232 -125
151 232 -124
151 232 -123
151 232 -122
151 232 -121
151 232 -120
151 232 -119
151 232 -118
151 232 -117
151 232 -116
151 232 -115
151 232 -114
151 232 -113
151 233 -128
151 233 -127
151 233 -126
151 233 -125
151 233 -124
151 233 -123
151 233 -122
151 233 -121
151 233 -120
151 233 -119
151 233 -118
151 233 -117
151 233 -116
151 233 -115
151 233 -114
151 233 -113
151 234 -128
151 234 -127
151 234 -126
151 234 -125
151 234 -124
151 234 -123
151 234 -122
151 234 -121
151 234 -120
151 234 -119
151 234 -118
151 234 -117
151 234 -116
151 234 -115
151 234 -114
151 234 -113
151 235 -128
151 235 -127
151 235 -126
151 235 -125
151 235 -124
151 235 -123
151 235 -122
151 235 -121
151 235 -120
151 235 -119
151 235 -118
151 235 -117
151 235 -116
151 235 -115
151 235 -114
151 235 -113
151 236 -128
151 236 -127
151 236 -126
151 236 -125
151 236 -124
151 236 -123
151 236 -122
151 236 -121
151 236 -120
151 236 -119
151 236 -118
151 236 -117
151 236 -116
151 236 -115
151 236 -114
151 236 -113
151 237 -127
151 237 -126
151 237 -125
151 237 -124
151 237 -123
151 237 -122
151 237 -121
151 237 -120
151 237 -119
151 237 -118
151 237 -117
151 237 -116
151 237 -115
151 237 -114
151 237 -113
151 238 -126
151 238 -125
151 238 -122
151 238 -121
151 238 -120
151 238 -119
151 238 -118
151 238 -117
151 238 -116
151 238 -115
151 238 -114
151 238 -113
151 239 -125
151 239 -124
151 239 -120
151 239 -119
151 239 -118
151 239 -117
151 239 -116
151 239 -115
151 239 -114
151 239 -113
151 240 -125
151 240 -121
151 240 -120
151 240 -119
151 240 -118
151 240 -117
151 240 -116
151 240 -115
151 240 -114
151 240 -113
151 241 -120
151 241 -119
151 241 -118
151 241 -117
151 241 -116
151 241 -115
151 241 -114
151 241 -113
151 242 -118
151 242 -117
151 242 -116
151 242 -115
151 242 -114
151 242 -113
151 243 -119
151 243 -118
151 243 -116
151 243 -115
151 243 -114
151 243 -113
151 244 -118
151 244 -116
151 244 -115
151 244 -114
151 245 -115
151 245 -114
151 246 -114
152 225 -128
152 225 -126
152 225 -118
152 225 -117
152 226 -128
152 226 -127
152 226 -126
152 226 -125
152 226 -124
152 226 -117
152 226 -116
152 226 -114
152 226 -113
152 227 -128
152 227 -127
152 227 -126
152 227 -125
152 227 -124
152 227 -121
152 227 -120
152 227 -119
152 227 -118
152 227 -117
152 227 -116
152 227 -114
152 227 -113
152 228 -128
152 228 -127
152 228 -126
152 228 -125
152 228 -124
152 228 -122
152 228 -121
152 228 -120
152 228 -118
152 228 -117
152 228 -116
152 228 -113
152 229 -128
152 229 -125
152 229 -124
152 229 -123
152 229 -122
152 229 -121
152 229 -120
152 229 -119
152 229 -118
152 229 -117
152 229 -116
152 229 -115
152 229 -113
152 230 -128
152 230 -127
152 230 -126
152 230 -125
152 230 -124
152 230 -123
152 230 -122
152 230 -121
152 230 -120
152 230 -119
152 230 -118
152 230 -117
152 230 -116
152 230 -114
152 230 -113
152 231 -128
152 231 -127
152 231 -126
152 231 -125
152 231 -124
152 231 -123
152 231 -122
152 231 -121
152 231 -120
152 231 -119
152 231 -117
152 231 -116
152 231 -115
152 231 -114
152 231 -113
152 232 -128
152 232 -127
152 232 -126
152 232 -125
152 232 -124
152 232 -123
152 232 -122
152 232 -121
152 232 -120
152 232 -119
152 232 -118
152 232 -117
152 232 -116
152 232 -115
152 232 -114
152 232 -113
152 233 -128
152 233 -127
152 233 -126
152 233 -125
152 233 -124
152 233 -123
152 233 -122
152 233 -121
152 233 -120
152 233 -119
152 233 -118
152 233 -117
152 233 -116
152 233 -115
152 233 -114
152 233 -113
152 234 -128
152 234 -127
152 234 -126
152 234 -125
152 234 -124
152 234 -123
152 234 -122
152 234 -121
152 234 -120
152 234 -119
152 234 -118
152 234 -117
152 234 -116
152 234 -115
152 234 -114
152 234 -113
152 235 -128
152 235 -127
152 235 -126
152 235 -125
152 235 -124
152 235 -123
152 235 -122
152 235 -121
152 235 -120
152 235 -119
152 235 -118
152 235 -117
152 235 -116
152 235 -115
152 235 -114
152 235 -113
152 236 -128
152 236 -127
152 236 -126
152 236 -125
152 236 -124
152 236 -122
152 236 -121
152 236 -120
152 236 -119
152 236 -118
152 236 -117
152 236 -116
152 236 -115
152 236 -114
152 236 -113
152 237 -128
152 237 -127
152 237 -126
152 237 -125
152 237 -124
152 237 -123
152 237 -122
152 237 -121
152 237 -120
152 237 -119
152 237 -118
152 237 -117
152 237 -116
152 237 -115
152 237 -114
152 237 -113
152 238 -127
152 238 -126
152 238 -125
152 238 -124
152 238 -122
152 238 -121
152 238 -119
152 238 -118
152 238 -117
152 238 -116
152 238 -115
152 238 -114
152 238 -113
152 239 -127
152 239 -125
152 239 -120
152 239 -119
152 239 -118
152 239 -117
152 239 -116
152 239 -115
152 239 -114
152 239 -113
152 240 -120
152 240 -119
152 240 -118
152 240 -117
152 240 -116
152 240 -115
152 240 -114
152 240 -113
152 241 -120
152 241 -119
152 241 -118
152 241 -116
152 241 -115
152 241 -114
152 241 -113
152 242 -119
152 242 -118
152 242 -117
152 242 -116
152 242 -115
152 242 -114
152 242 -113
152 243 -119
152 243 -118
152 243 -117
152 243 -116
152 243 -115
152 243 -113
152 244 -117
152 244 -116
152 244 -114
152 245 -116
152 246 -116
153 225 -128
153 225 -126
153 225 -125
153 225 -124
153 225 -117
153 225 -116
153 225 -115
153 226 -128
153 226 -127
153 226 -126
153 226 -125
153 226 -124
153 226 -120
153 226 -119
153 226 -118
153 226 -117
153 226 -116
153 226 -115
153 227 -128
153 227 -127
153 227 -126
153 227 -124
153 227 -121
153 227 -119
153 227 -118
153 227 -117
153 227 -116
153 227 -115
153 227 -114
153 228 -128
153 228 -127
153 228 -126
153 228 -125
153 228 -124
153 228 -122
153 228 -121
153 228 -120
153 228 -119
153 228 -118
153 228 -117
153 228 -116
153 228 -115
153 228 -114
153 228 -113
153 229 -128
153 229 -127
153 229 -126
153 229 -125
153 229 -124
153 229 -122
153 229 -121
153 229 -120
153 229 -119
153 229 -118
153 229 -117
153 229 -116
153 229 -114
153 229 -113
153 230 -128
153 230 -127
153 230 -126
153 230 -125
153 230 -124
153 230 -123
153 230 -122
153 230 -121
153 230 -120
153 230 -119
153 230 -118
153 230 -117
153 230 -116
153 230 -115
153 230 -114
153 230 -113
153 231 -128
153 231 -127
153 231 -126
153 231 -124
153 231 -123
153 231 -122
153 231 -121
153 231 -120
153 231 -119
153 231 -118
153 231 -117
153 231 -116
153 231 -115
153 231 -114
153 231 -113
153 232 -128
153 232 -127
153 232 -126
153 232 -125
153 232 -124
153 232 -123
153 232 -122
153 232 -121
153 232 -120
153 232 -119
153 232 -118
153 232 -117
153 232 -116
153 232 -115
153 232 -114
153 232 -113
153 233 -128
153 233 -127
153 233 -126
153 233 -125
153 233 -124
153 233 -123
153 233 -122
153 233 -121
153 233 -120
153 233 -119
153 233 -118
153 233 -117
153 233 -116
153 233 -115
153 233 -114
153 233 -113
153 234 -128
153 234 -127
153 234 -126
153 234 -125
153 234 -124
153 234 -123
153 234 -122
153 234 -121
153 234 -120
153 234 -119
153 234 -118
153 234 -117
153 234 -116
153 234 -115
153 234 -114
153 234 -113
153 235 -128
153 235 -127
153 235 -126
153 235 -125
153 235 -124
153 235 -123
153 235 -122
153 235 -121
153 235 -120
153 235 -119
153 235 -118
153 235 -117
153 235 -116
153 235 -115
153 235 -114
153 235 -113
153 236 -128
153 236 -127
153 236 -126
153 236 -125
153 236 -124
153 236 -123
153 236 -121
153 236 -120
153 236 -119
153 236 -118
153 236 -117
153 236 -116
153 236 -115
153 236 -114
153 236 -113
153 237 -128
153 237 -127
153 237 -125
153 237 -124
153 237 -123
153 237 -122
153 237 -121
153 237 -120
153 237 -119
153 237 -118
153 237 -117
153 237 -116
153 237 -115
153 237 -114
153 237 -113
153 238 -128
153 238 -127
153 238 -126
153 238 -125
153 238 -124
153 238 -122
153 238 -120
153 238 -119
153 238 -118
153 238 -117
153 238 -116
153 238 -115
153 238 -114
153 238 -113
153 239 -127
153 239 -120
153 239 -119
153 239 -118
153 239 -117
153 239 -116
153 239 -115
153 239 -114
153 239 -113
153 240 -127
153 240 -122
153 240 -121
153 240 -120
153 240 -119
153 240 -118
153 240 -117
153 240 -116
153 240 -115
153 240 -114
153 240 -113
153 241 -120
153 241 -119
153 241 -118
153 241 -117
153 241 -116
153 241 -115
153 241 -114
153 241 -113
153 242 -118
153 242 -117
153 242 -116
153 242 -115
153 242 -114
153 242 -113
153 243 -119
153 243 -118
153 243 -117
153 243 -116
153 243 -115
153 243 -114
153 243 -113
153 244 -117
153 244 -115
153 244 -114
153 245 -118
153 246 -116
154 225 -128
154 225 -127
154 225 -126
154 225 -125
154 225 -124
154 225 -119
154 225 -118
154 225 -117
154 225 -116
154 225 -115
154 226 -128
154 226 -127
154 226 -126
154 226 -125
154 226 -124
154 226 -123
154 226 -121
154 226 -119
154 226 -118
154 226 -117
154 226 -116
154 226 -115
154 227 -127
154 227 -126
154 227 -125
154 227 -122
154 227 -121
154 227 -120
154 227 -119
154 227 -118
154 227 -117
154 227 -116
154 227 -115
154 227 -114
154 227 -113
154 228 -128
154 228 -127
154 228 -126
154 228 -125
154 228 -124
154 228 -123
154 228 -122
154 228 -121
154 228 -120
154 228 -119
154 228 -118
154 228 -117
154 228 -116
154 228 -115
154 228 -114
154 228 -113
154 229 -128
154 229 -127
154 229 -126
154 229 -125
154 229 -124
154 229 -123
154 229 -121
154 229 -120
154 229 -119
154 229 -118
154 229 -117
154 229 -116
154 229 -115
154 229 -114
154 229 -113
154 230 -128
154 230 -127
154 230 -126
154 230 -125
154 230 -124
154 230 -123
154 230 -122
154 230 -121
154 230 -120
154 230 -118
154 230 -117
154 230 -116
154 230 -115
154 230 -114
154 230 -113
154 231 -128
154 231 -127
154 231 -126
154 231 -125
154 231 -124
154 231 -123
154 231 -122
154 231 -121
154 231 -120
154 231 -119
154 231 -118
154 231 -117
154 231 -116
154 231 -115
154 231 -114
154 231 -113
154 232 -128
154 232 -127
154 232 -126
154 232 -125
154 232 -124
154 232 -123
154 232 -122
154 232 -121
154 232 -120
154 232 -119
154 232 -118
154 232 -117
154 232 -116
154 232 -115
154 232 -114
154 232 -113
154 233 -128
154 233 -127
154 233 -126
154 233 -125
154 233 -124
154 233 -123
154 233 -122
154 233 -121
154 233 -120
154 233 -119
154 233 -118
154 233 -117
154 233 -116
154 233 -115
154 233 -114
154 233 -113
154 234 -128
154 234 -127
154 234 -126
154 234 -125
154 234 -124
154 234 -123
154 234 -122
154 234 -121
154 234 -120
154 234 -119
154 234 -118
154 234 -117
154 234 -116
154 234 -115
154 234 -114
154 234 -113
154 235 -128
154 235 -127
154 235 -126
154 235 -125
154 235 -124
154 235 -123
154 235 -122
154 235 -121
154 235 -120
154 235 -119
154 235 -118
154 235 -117
154 235 -116
154 235 -115
154 235 -114
154 235 -113
154 236 -128
154 236 -127
154 236 -126
154 236 -125
154 236 -124
154 236 -123
154 236 -121
154 236 -120
154 236 -119
154 236 -118
154 236 -117
154 236 -116
154 236 -115
154 236 -114
154 236 -113
154 237 -128
154 237 -127
154 237 -126
154 237 -125
154 237 -124
154 237 -123
154 237 -122
154 237 -120
154 237 -119
154 237 -118
154 237 -117
154 237 -116
154 237 -115
154 237 -114
154 237 -113
154 238 -127
154 238 -126
154 238 -125
154 238 -124
154 238 -123
154 238 -121
154 238 -120
154 238 -119
154 238 -118
154 238 -117
154 238 -116
154 238 -115
154 238 -114
154 238 -113
154 239 -127
154 239 -126
154 239 -125
154 239 -121
154 239 -120
154 239 -119
154 239 -118
154 239 -117
154 239 -116
154 239 -115
154 239 -114
154 239 -113
154 240 -126
154 240 -120
154 240 -119
154 240 -118
154 240 -117
154 240 -116
154 240 -115
154 240 -114
154 240 -113
154 241 -119
154 241 -118
154 241 -117
154 241 -116
154 241 -115
154 241 -114
154 241 -113
154 242 -121
154 242 -120
154 242 -119
154 242 -118
154 242 -117
154 242 -116
154 242 -115
154 242 -114
154 242 -113
154 243 -119
154 243 -118
154 243 -117
154 243 -116
154 243 -114
154 243 -113
154 244 -118
154 244 -117
154 244 -116
154 244 -115
154 244 -114
154 244 -113
154 245 -119
154 245 -118
154 245 -116
154 245 -115
154 245 -114
154 245 -113
154 246 -118
154 246 -117
154 246 -116
154 246 -115
155 225 -128
155 225 -127
155 225 -126
155 225 -125
155 225 -124
155 225 -123
155 225 -121
155 225 -120
155 225 -118
155 225 -117
155 225 -116
155 225 -114
155 226 -128
155 226 -127
155 226 -126
155 226 -125
155 226 -124
155 226 -123
155 226 -121
155 226 -120
155 226 -119
155 226 -118
155 226 -117
155 226 -116
155 226 -115
155 226 -114
155 226 -113
155 227 -128
155 227 -127
155 227 -126
155 227 -125
155 227 -124
155 227 -122
155 227 -121
155 227 -120
155 227 -119
155 227 -118
155 227 -117
155 227 -116
155 227 -115
155 227 -114
155 227 -113
155 228 -128
155 228 -127
155 228 -126
155 228 -125
155 228 -124
155 228 -123
155 228 -122
155 228 -121
155 228 -120
155 228 -119
155 228 -118
155 228 -117
155 228 -116
155 228 -114
155 228 -113
155 229 -128
155 229 -127
155 229 -126
155 229 -125
155 229 -124
155 229 -123
155 229 -122
155 229 -121
155 229 -120
155 229 -119
155 229 -118
155 229 -117
155 229 -116
155 229 -115
155 229 -114
155 229 -113
155 230 -128
155 230 -127
155 230 -126
155 230 -125
155 230 -124
155 230 -123
155 230 -122
155 230 -121
155 230 -120
155 230 -119
155 230 -118
155 230 -117
155 230 -116
155 230 -115
155 230 -114
155 230 -113
155 231 -128
155 231 -127
155 231 -126
155 231 -125
155 231 -124
155 231 -123
155 231 -122
155 231 -121
155 231 -120
155 231 -119
155 231 -118
155 231 -117
155 231 -116
155 231 -115
155 231 -114
155 231 -113
155 232 -128
155 232 -127
155 232 -126
155 232 -125
155 232 -124
155 232 -123
155 232 -122
155 232 -121
155 232 -120
155 232 -119
155 232 -118
155 232 -117
155 232 -116
155 232 -115
155 232 -114
155 232 -113
155 233 -128
155 233 -127
155 233 -126
155 233 -125
155 233 -124
155 233 -123
155 233 -122
155 233 -121
155 233 -120
155 233 -119
155 233 -118
155 233 -117
155 233 -116
155 233 -115
155 233 -114
155 233 -113
155 234 -128
155 234 -127
155 234 -126
155 234 -125
155 234 -124
155 234 -123
155 234 -122
155 234 -121
155 234 -120
155 234 -119
155 234 -118
155 234 -117
155 234 -116
155 234 -115
155 234 -114
155 234 -113
155 235 -128
155 235 -127
155 235 -126
155 235 -125
155 235 -124
155 235 -123
155 235 -122
155 235 -121
155 235 -120
155 235 -119
155 235 -118
155 235 -117
155 235 -116
155 235 -115
155 235 -114
155 235 -113
155 236 -127
155 236 -126
155 236 -125
155 236 -124
155 236 -123
155 236 -122
155 236 -120
155 236 -119
155 236 -118
155 236 -117
155 236 -116
155 236 -115
155 236 -114
155 236 -113
155 237 -128
155 237 -127
155 237 -126
155 237 -125
155 237 -124
155 237 -123
155 237 -120
155 237 -119
155 237 -118
155 237 -117
155 237 -116
155 237 -115
155 237 -114
155 237 -113
155 238 -128
155 238 -127
155 238 -126
155 238 -125
155 238 -124
155 238 -121
155 238 -120
155 238 -119
155 238 -118
155 238 -117
155 238 -116
155 238 -115
155 238 -114
155 238 -113
155 239 -121
155 239 -120
155 239 -119
155 239 -118
155 239 -117
155 239 -116
155 239 -115
155 239 -114
155 239 -113
155 240 -121
155 240 -120
155 240 -119
155 240 -118
155 240 -117
155 240 -116
155 240 -115
155 240 -114
155 240 -113
155 241 -121
155 241 -120
155 241 -119
155 241 -118
155 241 -117
155 241 -116
155 241 -115
155 241 -114
155 241 -113
155 242 -119
155 242 -118
155 242 -117
155 242 -116
155 242 -115
155 242 -114
155 242 -113
155 243 -119
155 243 -118
155 243 -117
155 243 -116
155 243 -115
155 243 -114
155 243 -113
155 244 -119
155 244 -116
155 244 -114
155 244 -113
155 245 -117
155 245 -116
155 245 -115
155 245 -114
155 245 -113
155 246 -117
155 246 -116
156 225 -128
156 225 -127
156 225 -126
156 225 -124
156 225 -123
156 225 -122
156 225 -121
156 225 -120
156 225 -119
156 225 -118
156 225 -117
156 225 -116
156 225 -115
156 225 -114
156 225 -113
156 226 -128
156 226 -127
156 226 -126
156 226 -125
156 226 -124
156 226 -123
156 226 -122
156 226 -121
156 226 -120
156 226 -119
156 226 -118
156 226 -117
156 226 -116
156 226 -115
156 226 -114
156 227 -128
156 227 -127
156 227 -126
156 227 -125
156 227 -124
156 227 -123
156 227 -122
156 227 -121
156 227 -120
156 227 -119
156 227 -118
156 227 -117
156 227 -116
156 227 -115
156 228 -128
156 228 -127
156 228 -126
156 228 -125
156 228 -124
156 228 -123
156 228 -122
156 228 -121
156 228 -120
156 228 -119
156 228 -118
156 228 -117
156 228 -116
156 228 -115
156 228 -114
156 228 -113
156 229 -128
156 229 -127
156 229 -126
156 229 -125
156 229 -124
156 229 -123
156 229 -122
156 229 -121
156 229 -120
156 229 -119
156 229 -118
156 229 -117
156 229 -116
156 229 -115
156 229 -114
156 229 -113
156 230 -128
156 230 -127
156 230 -126
156 230 -125
156 230 -124
156 230 -123
156 230 -122
156 230 -121
156 230 -120
156 230 -119
156 230 -118
156 230 -117
156 230 -116
156 230 -115
156 230 -114
156 230 -113
156 231 -128
156 231 -127
156 231 -126
156 231 -125
156 231 -124
156 231 -123
156 231 -122
156 231 -121
156 231 -120
156 231 -118
156 231 -117
156 231 -116
156 231 -115
156 231 -114
156 231 -113
156 232 -128
156 232 -127
156 232 -126
156 232 -125
156 232 -124
156 232 -123
156 232 -122
156 232 -121
156 232 -120
156 232 -119
156 232 -118
156 232 -117
156 232 -116
156 232 -115
156 232 -114
156 232 -113
156 233 -128
156 233 -127
156 233 -126
156 233 -125
156 233 -124
156 233 -123
156 233 -122
156 233 -121
156 233 -120
156 233 -119
156 233 -118
156 233 -117
156 233 -116
156 233 -115
156 233 -114
156 233 -113
156 234 -128
156 234 -127
156 234 -126
156 234 -125
156 234 -124
156 234 -123
156 234 -122
156 234 -121
156 234 -120
156 234 -119
156 234 -118
156 234 -117
156 234 -116
156 234 -115
156 234 -114
156 234 -113
156 235 -128
156 235 -127
156 235 -126
156 235 -125
156 235 -124
156 235 -123
156 235 -122
156 235 -121
156 235 -120
156 235 -119
156 235 -118
156 235 -117
156 235 -116
156 235 -115
156 235 -114
156 235 -113
156 236 -128
156 236 -127
156 236 -126
156 236 -125
156 236 -124
156 236 -123
156 236 -122
156 236 -121
156 236 -120
156 236 -119
156 236 -118
156 236 -117
156 236 -116
156 236 -115
156 236 -114
156 236 -113
156 237 -128
156 237 -127
156 237 -126
156 237 -125
156 237 -122
156 237 -119
156 237 -118
156 237 -117
156 237 -116
156 237 -115
156 237 -114
156 237 -113
156 238 -128
156 238 -127
156 238 -118
156 238 -117
156 238 -116
156 238 -115
156 238 -114
156 238 -113
156 239 -120
156 239 -119
156 239 -118
156 239 -117
156 239 -116
156 239 -115
156 239 -114
156 239 -113
156 240 -120
156 240 -118
156 240 -117
156 240 -116
156 240 -115
156 240 -114
156 240 -113
156 241 -119
156 241 -118
156 241 -116
156 241 -115
156 241 -114
156 241 -113
156 242 -119
156 242 -118
156 242 -117
156 242 -116
156 242 -115
156 242 -114
156 242 -113
156 243 -120
156 243 -119
156 243 -118
156 243 -117
156 243 -116
156 243 -115
156 243 -114
156 243 -113
156 244 -118
156 244 -117
156 244 -116
156 244 -115
156 244 -114
156 244 -113
156 245 -116
156 246 -115
156 246 -114
157 225 -128
157 225 -127
157 225 -126
157 225 -125
157 225 -124
157 225 -123
157 225 -122
157 225 -121
157 225 -120
157 225 -119
157 225 -118
157 225 -117
157 225 -116
157 225 -115
157 225 -114
157 225 -113
157 226 -128
157 226 -127
157 226 -126
157 226 -125
157 226 -124
157 226 -123
157 226 -122
157 226 -121
157 226 -120
157 226 -119
157 226 -118
157 226 -117
157 226 -116
157 226 -115
157 226 -114
157 226 -113
157 227 -128
157 227 -127
157 227 -126
157 227 -125
157 227 -124
157 227 -123
157 227 -122
157 227 -121
157 227 -120
157 227 -119
157 227 -118
157 227 -117
157 227 -116
157 227 -115
157 227 -114
157 227 -113
157 228 -128
157 228 -127
157 228 -126
157 228 -125
157 228 -124
157 228 -123
157 228 -122
157 228 -121
157 228 -120
157 228 -119
157 228 -118
157 228 -117
157 228 -116
157 228 -115
157 228 -114
157 228 -113
157 229 -128
157 229 -127
157 229 -126
157 229 -125
157 229 -124
157 229 -123
157 229 -122
157 229 -121
157 229 -120
157 229 -119
157 229 -118
157 229 -117
157 229 -116
157 229 -115
157 229 -114
157 229 -113
157 230 -128
157 230 -127
157 230 -126
157 230 -125
157 230 -124
157 230 -123
157 230 -122
157 230 -121
157 230 -120
157 230 -119
157 230 -118
157 230 -117
157 230 -116
157 230 -115
157 230 -114
157 230 -113
157 231 -128
157 231 -127
157 231 -126
157 231 -125
157 231 -124
157 231 -123
157 231 -122
157 231 -121
157 231 -120
157 231 -119
157 231 -118
157 231 -117
157 231 -116
157 231 -115
157 231 -114
157 231 -113
157 232 -128
157 232 -127
157 232 -126
157 232 -125
157 232 -124
157 232 -123
157 232 -122
157 232 -121
157 232 -120
157 232 -119
157 232 -118
157 232 -117
157 232 -116
157 232 -115
157 232 -114
157 232 -113
157 233 -128
157 233 -127
157 233 -126
157 233 -125
157 233 -124
157 233 -123
157 233 -122
157 233 -121
157 233 -120
157 233 -119
157 233 -118
157 233 -117
157 233 -116
157 233 -115
157 233 -114
157 233 -113
157 234 -128
157 234 -127
157 234 -126
157 234 -125
157 234 -124
157 234 -123
157 234 -122
157 234 -121
157 234 -120
157 234 -119
157 234 -118
157 234 -117
157 234 -116
157 234 -115
157 234 -114
157 234 -113
157 235 -128
157 235 -127
157 235 -126
157 235 -125
157 235 -124
157 235 -123
157 235 -122
157 235 -121
157 235 -120
157 235 -118
157 235 -117
157 235 -116
157 235 -115
157 235 -114
157 235 -113
157 236 -127
157 236 -126
157 236 -125
157 236 -124
157 236 -123
157 236 -122
157 236 -121
157 236 -120
157 236 -118
157 236 -117
157 236 -116
157 236 -115
157 236 -114
157 236 -113
157 237 -128
157 237 -127
157 237 -125
157 237 -124
157 237 -123
157 237 -122
157 237 -119
157 237 -118
157 237 -117
157 237 -116
157 237 -115
157 237 -114
157 237 -113
157 238 -127
157 238 -125
157 238 -124
157 238 -123
157 238 -117
157 238 -116
157 238 -115
157 238 -114
157 238 -113
157 239 -124
157 239 -123
157 239 -120
157 239 -119
157 239 -118
157 239 -117
157 239 -116
157 239 -115
157 239 -114
157 239 -113
157 240 -123
157 240 -118
157 240 -117
157 240 -116
157 240 -115
157 240 -114
157 240 -113
157 241 -120
157 241 -119
157 241 -118
157 241 -117
157 241 -116
157 241 -115
157 241 -114
157 241 -113
157 242 -119
157 242 -118
157 242 -117
157 242 -116
157 242 -115
157 242 -114
157 242 -113
157 243 -119
157 243 -118
157 243 -117
157 243 -116
157 243 -115
157 243 -114
157 243 -113
157 244 -118
157 244 -117
157 244 -116
157 244 -115
157 244 -114
157 244 -113
157 245 -117
157 245 -114
157 246 -115
157 246 -114
158 225 -128
158 225 -127
158 225 -126
158 225 -125
158 225 -124
158 225 -123
158 225 -122
158 225 -121
158 225 -120
158 225 -119
158 225 -118
158 225 -117
158 225 -116
158 225 -115
158 225 -114
158 225 -113
158 226 -128
158 226 -127
158 226 -126
158 226 -125
158 226 -124
158 226 -123
158 226 -122
158 226 -121
158 226 -120
158 226 -119
158 226 -118
158 226 -117
158 226 -116
158 226 -115
158 226 -114
158 226 -113
158 227 -128
158 227 -127
158 227 -126
158 227 -125
158 227 -124
158 227 -123
158 227 -122
158 227 -121
158 227 -120
158 227 -119
158 227 -118
158 227 -117
158 227 -116
158 227 -115
158 227 -114
158 227 -113
158 228 -128
158 228 -127
158 228 -126
158 228 -125
158 228 -124
158 228 -123
158 228 -122
158 228 -121
158 228 -120
158 228 -119
158 228 -118
158 228 -117
158 228 -116
158 228 -115
158 228 -114
158 228 -113
158 229 -128
158 229 -127
158 229 -126
158 229 -125
158 229 -124
158 229 -123
158 229 -122
158 229 -121
158 229 -120
158 229 -119
158 229 -118
158 229 -117
158 229 -116
158 229 -115
158 229 -114
158 229 -113
158 230 -128
158 230 -127
158 230 -126
158 230 -125
158 230 -124
158 230 -123
158 230 -122
158 230 -121
158 230 -120
158 230 -119
158 230 -118
158 230 -117
158 230 -116
158 230 -115
158 230 -114
158 230 -113
158 231 -128
158 231 -127
158 231 -126
158 231 -125
158 231 -124
158 231 -123
158 231 -122
158 231 -121
158 231 -120
158 231 -119
158 231 -118
158 231 -117
158 231 -116
158 231 -115
158 231 -114
158 231 -113
158 232 -128
158 232 -127
158 232 -126
158 232 -125
158 232 -124
158 232 -123
158 232 -122
158 232 -121
158 232 -120
158 232 -119
158 232 -118
158 232 -117
158 232 -116
158 232 -115
158 232 -114
158 232 -113
158 233 -128
158 233 -127
158 233 -126
158 233 -125
158 233 -124
158 233 -123
158 233 -122
158 233 -121
158 233 -120
158 233 -119
158 233 -118
158 233 -117
158 233 -116
158 233 -115
158 233 -114
158 233 -113
158 234 -128
158 234 -127
158 234 -126
158 234 -125
158 234 -124
158 234 -123
158 234 -122
158 234 -121
158 234 -120
158 234 -119
158 234 -118
158 234 -117
158 234 -116
158 234 -115
158 234 -114
158 234 -113
158 235 -128
158 235 -127
158 235 -126
158 235 -125
158 235 -124
158 235 -123
158 235 -122
158 235 -121
158 235 -120
158 235 -119
158 235 -118
158 235 -117
158 235 -116
158 235 -115
158 235 -114
158 235 -113
158 236 -127
158 236 -126
158 236 -125
158 236 -124
158 236 -123
158 236 -122
158 236 -121
158 236 -119
158 236 -118
158 236 -117
158 236 -116
158 236 -115
158 236 -114
158 236 -113
158 237 -125
158 237 -124
158 237 -123
158 237 -122
158 237 -119
158 237 -117
158 237 -116
158 237 -115
158 237 -114
158 237 -113
158 238 -125
158 238 -124
158 238 -123
158 238 -122
158 238 -121
158 238 -119
158 238 -118
158 238 -117
158 238 -116
158 238 -115
158 238 -114
158 238 -113
158 239 -123
158 239 -121
158 239 -119
158 239 -118
158 239 -117
158 239 -116
158 239 -115
158 239 -114
158 239 -113
158 240 -122
158 240 -119
158 240 -118
158 240 -117
158 240 -116
158 240 -115
158 240 -114
158 240 -113
158 241 -121
158 241 -120
158 241 -119
158 241 -118
158 241 -117
158 241 -116
158 241 -115
158 241 -114
158 242 -120
158 242 -119
158 242 -118
158 242 -117
158 242 -116
158 242 -115
158 242 -114
158 242 -113
158 243 -118
158 243 -117
158 243 -116
158 243 -115
158 243 -114
158 243 -113
158 244 -118
158 244 -117
158 244 -116
158 244 -115
158 244 -114
158 244 -113
158 245 -118
158 245 -116
158 245 -115
158 245 -114
158 245 -113
158 246 -116
158 246 -115
158 246 -113
158 247 -114
158 247 -113
159 225 -128
159 225 -127
159 225 -126
159 225 -125
159 225 -124
159 225 -123
159 225 -122
159 225 -121
159 225 -120
159 225 -119
159 225 -118
159 225 -117
159 225 -116
159 225 -115
159 225 -114
159 225 -113
159 226 -128
159 226 -127
159 226 -126
159 226 -125
159 226 -124
159 226 -123
159 226 -122
159 226 -121
159 226 -120
159 226 -119
159 226 -118
159 226 -117
159 226 -116
159 226 -115
159 226 -114
159 227 -128
159 227 -127
159 227 -126
159 227 -125
159 227 -124
159 227 -123
159 227 -122
159 227 -121
159 227 -120
159 227 -119
159 227 -118
159 227 -117
159 227 -116
159 227 -115
159 227 -114
159 228 -128
159 228 -127
159 228 -126
159 228 -125
159 228 -124
159 228 -123
159 228 -122
159 228 -121
159 228 -120
159 228 -119
159 228 -118
159 228 -117
159 228 -116
159 228 -115
159 228 -114
159 228 -113
159 229 -128
159 229 -127
159 229 -126
159 229 -125
159 229 -124
159 229 -123
159 229 -122
159 229 -121
159 229 -120
159 229 -119
159 229 -118
159 229 -117
159 229 -116
159 229 -115
159 229 -114
159 229 -113
159 230 -128
159 230 -127
159 230 -126
159 230 -125
159 230 -124
159 230 -123
159 230 -122
159 230 -121
159 230 -120
159 230 -119
159 230 -118
159 230 -117
159 230 -116
159 230 -115
159 230 -114
159 230 -113
159 231 -128
159 231 -127
159 231 -126
159 231 -125
159 231 -124
159 231 -123
159 231 -122
159 231 -121
159 231 -120
159 231 -119
159 231 -118
159 231 -117
159 231 -116
159 231 -115
159 231 -114
159 231 -113
159 232 -128
159 232 -127
159 232 -126
159 232 -125
159 232 -124
159 232 -123
159 232 -122
159 232 -121
159 232 -120
159 232 -119
159 232 -118
159 232 -117
159 232 -116
159 232 -115
159 232 -114
159 232 -113
159 233 -128
159 233 -126
159 233 -125
159 233 -124
159 233 -123
159 233 -122
159 233 -121
159 233 -120
159 233 -119
159 233 -118
159 233 -117
159 233 -116
159 233 -115
159 233 -114
159 233 -113
159 234 -128
159 234 -127
159 234 -126
159 234 -125
159 234 -124
159 234 -123
159 234 -122
159 234 -121
159 234 -120
159 234 -119
159 234 -118
159 234 -117
159 234 -116
159 234 -115
159 234 -114
159 234 -113
159 235 -127
159 235 -126
159 235 -125
159 235 -124
159 235 -123
159 235 -122
159 235 -121
159 235 -120
159 235 -119
159 235 -118
159 235 -117
159 235 -116
159 235 -115
159 235 -114
159 235 -113
159 236 -126
159 236 -125
159 236 -124
159 236 -123
159 236 -122
159 236 -121
159 236 -120
159 236 -119
159 236 -118
159 236 -117
159 236 -116
159 236 -115
159 236 -114
159 236 -113
159 237 -126
159 237 -125
159 237 -124
159 237 -123
159 237 -122
159 237 -121
159 237 -120
159 237 -119
159 237 -117
159 237 -116
159 237 -115
159 237 -114
159 237 -113
159 238 -123
159 238 -122
159 238 -121
159 238 -120
159 238 -119
159 238 -117
159 238 -116
159 238 -115
159 238 -114
159 238 -113
159 239 -122
159 239 -121
159 239 -119
159 239 -118
159 239 -117
159 239 -116
159 239 -115
159 239 -114
159 239 -113
159 240 -122
159 240 -121
159 240 -118
159 240 -117
159 240 -116
159 240 -115
159 240 -114
159 240 -113
159 241 -119
159 241 -118
159 241 -117
159 241 -116
159 241 -115
159 241 -114
159 241 -113
159 242 -120
159 242 -119
159 242 -118
159 242 -117
159 242 -116
159 242 -115
159 242 -114
159 242 -113
159 243 -119
159 243 -118
159 243 -117
159 243 -116
159 243 -115
159 243 -114
159 243 -113
159 244 -119
159 244 -118
159 244 -117
159 244 -116
159 244 -115
159 244 -114
159 244 -113
159 245 -118
159 245 -117
159 245 -116
159 245 -115
159 245 -114
159 245 -113
159 246 -117
159 246 -115
159 246 -114
159 246 -113
159 247 -115
159 248 -115

