alfheim:altWood1
12
-123 224 128
-122 223 128
-122 224 128
-122 224 129
-121 223 128
-121 224 128
-121 224 129
-120 222 128
-120 223 128
-120 223 129
-120 224 128
-120 224 129
-120 224 143
-119 221 128
-119 222 128
-119 222 129
-119 222 143
-119 223 128
-119 223 129
-119 223 130
-119 223 142
-119 223 143
-119 224 128
-119 224 129
-119 224 130
-119 224 142
-119 224 143
-118 221 128
-118 221 143
-118 222 128
-118 222 129
-118 222 142
-118 222 143
-118 223 128
-118 223 129
-118 223 130
-118 223 141
-118 223 142
-118 223 143
-118 224 128
-118 224 129
-118 224 130
-118 224 131
-118 224 141
-118 224 142
-118 224 143
-117 220 128
-117 221 128
-117 221 129
-117 221 130
-117 221 143
-117 222 128
-117 222 129
-117 222 130
-117 222 142
-117 222 143
-117 223 128
-117 223 129
-117 223 130
-117 223 131
-117 223 141
-117 223 142
-117 223 143
-117 224 128
-117 224 129
-117 224 130
-117 224 131
-117 224 140
-117 224 141
-117 224 142
-117 224 143
-116 220 128
-116 220 129
-116 220 130
-116 221 128
-116 221 129
-116 221 130
-116 221 131
-116 221 143
-116 222 128
-116 222 129
-116 222 130
-116 222 131
-116 222 142
-116 222 143
-116 223 128
-116 223 129
-116 223 130
-116 223 131
-116 223 141
-116 223 142
-116 223 143
-116 224 128
-116 224 129
-116 224 130
-116 224 131
-116 224 140
-116 224 141
-116 224 142
-116 224 143
-115 218 128
-115 218 129
-115 219 128
-115 219 129
-115 219 130
-115 219 131
-115 220 128
-115 220 129
-115 220 130
-115 220 131
-115 221 128
-115 221 129
-115 221 130
-115 221 131
-115 221 132
-115 221 142
-115 221 143
-115 222 128
-115 222 129
-115 222 130
-115 222 131
-115 222 132
-115 222 141
-115 222 142
-115 222 143
-115 223 128
-115 223 129
-115 223 130
-115 223 131
-115 223 132
-115 223 140
-115 223 141
-115 223 142
-115 223 143
-115 224 128
-115 224 129
-115 224 130
-115 224 131
-115 224 132
-115 224 140
-115 224 141
-115 224 142
-115 224 143
-114 218 128
-114 218 129
-114 218 130
-114 219 128
-114 219 129
-114 219 130
-114 219 131
-114 220 128
-114 220 129
-114 220 130
-114 220 131
-114 220 132
-114 220 143
-114 221 128
-114 221 129
-114 221 130
-114 221 131
-114 221 132
-114 221 133
-114 221 141
-114 221 142
-114 221 143
-114 222 128
-114 222 129
-114 222 130
-114 222 131
-114 222 132
-114 222 133
-114 222 140
-114 222 141
-114 222 142
-114 222 143
-114 223 128
-114 223 129
-114 223 130
-114 223 131
-114 223 132
-114 223 133
-114 223 140
-114 223 141
-114 223 142
-114 223 143
-114 224 128
-114 224 129
-114 224 130
-114 224 131
-114 224 132
-114 224 133
-114 224 140
-114 224 141
-114 224 142
-114 224 143
-113 217 128
-113 217 129
-113 217 130
-113 217 131
-113 218 128
-113 218 129
-113 218 130
-113 218 131
-113 218 132
-113 219 128
-113 219 129
-113 219 130
-113 219 131
-113 219 132
-113 220 128
-113 220 129
-113 220 130
-113 220 131
-113 220 132
-113 220 141
-113 220 142
-113 220 143
-113 221 128
-113 221 129
-113 221 130
-113 221 131
-113 221 132
-113 221 133
-113 221 140
-113 221 141
-113 221 142
-113 221 143
-113 222 128
-113 222 129
-113 222 130
-113 222 131
-113 222 132
-113 222 133
-113 222 139
-113 222 140
-113 222 141
-113 222 142
-113 222 143
-113 223 129
-113 223 130
-113 223 131
-113 223 132
-113 223 133
-113 223 139
-113 223 140
-113 223 141
-113 223 142
-113 223 143
-113 224 129
-113 224 130
-113 224 131
-113 224 132
-113 224 133
-113 224 139
-113 224 140
-113 224 141
-113 224 142
-113 224 143
-128 233 137
-128 234 138
-127 231 128
-127 232 138
-127 233 137
-127 233 138
-127 233 139
-127 234 138
-126 231 139
-126 231 140
-126 232 138
-126 232 139
-126 232 140
-126 233 139
-125 229 141
-125 230 140
-125 230 141
-125 231 140
-125 231 141
-125 232 140
-124 228 142
-124 229 141
-124 229 142
-124 230 141
-124 231 141
-123 225 128
-123 227 143
-123 228 142
-123 228 143
-123 229 142
-122 225 128
-122 227 143
-122 228 143
-121 225 128
-121 225 129
-121 226 128
-121 226 129
-121 228 143
-120 225 128
-120 225 129
-120 225 143
-120 226 128
-120 226 129
-120 226 143
-120 227 142
-120 227 143
-120 228 143
-120 229 143
-119 225 128
-119 225 129
-119 225 130
-119 225 142
-119 225 143
-119 226 128
-119 226 129
-119 226 130
-119 226 142
-119 226 143
-119 227 129
-119 227 142
-119 227 143
-119 228 142
-119 228 143
-119 229 143
-118 225 128
-118 225 129
-118 225 130
-118 225 131
-118 225 141
-118 225 142
-118 225 143
-118 226 128
-118 226 129
-118 226 130
-118 226 131
-118 226 141
-118 226 142
-118 226 143
-118 227 128
-118 227 129
-118 227 130
-118 227 141
-118 227 142
-118 227 143
-118 228 141
-118 228 142
-118 228 143
-118 229 142
-118 229 143
-117 225 128
-117 225 129
-117 225 130
-117 225 131
-117 225 140
-117 225 141
-117 225 142
-117 225 143
-117 226 128
-117 226 129
-117 226 130
-117 226 131
-117 226 140
-117 226 141
-117 226 142
-117 226 143
-117 227 128
-117 227 129
-117 227 130
-117 227 141
-117 227 142
-117 227 143
-117 228 142
-117 228 143
-117 229 142
-117 229 143
-116 225 128
-116 225 129
-116 225 130
-116 225 131
-116 225 140
-116 225 141
-116 225 142
-116 225 143
-116 226 128
-116 226 129
-116 226 130
-116 226 131
-116 226 140
-116 226 141
-116 226 142
-116 226 143
-116 227 128
-116 227 141
-116 227 142
-116 227 143
-116 228 142
-116 228 143
-116 229 142
-116 229 143
-116 230 143
-115 225 128
-115 225 129
-115 225 130
-115 225 131
-115 225 132
-115 225 140
-115 225 141
-115 225 142
-115 225 143
-115 226 128
-115 226 129
-115 226 130
-115 226 131
-115 226 140
-115 226 141
-115 226 142
-115 226 143
-115 227 129
-115 227 130
-115 227 141
-115 227 142
-115 227 143
-115 228 142
-115 228 143
-115 229 143
-115 230 143
-114 225 130
-114 225 131
-114 225 132
-114 225 140
-114 225 141
-114 225 142
-114 225 143
-114 226 131
-114 226 140
-114 226 141
-114 226 142
-114 226 143
-114 227 141
-114 227 142
-114 227 143
-114 228 129
-114 228 142
-114 228 143
-114 229 143
-113 225 131
-113 225 132
-113 225 133
-113 225 139
-113 225 140
-113 225 141
-113 225 142
-113 225 143
-113 226 131
-113 226 132
-113 226 139
-113 226 140
-113 226 141
-113 226 142
-113 226 143
-113 227 140
-113 227 141
-113 227 142
-113 227 143
-113 228 140
-113 228 141
-113 228 142
-113 228 143
-113 229 143
alfheim:altLeaves
6
-113 223 128
-113 224 128
-128 227 128
-128 228 128
-128 229 128
-128 229 129
-128 229 130
-128 230 128
-128 230 129
-128 230 130
-128 230 132
-128 231 128
-128 231 129
-128 231 130
-128 231 131
-128 231 132
-128 231 133
-128 232 128
-128 232 129
-128 232 130
-128 232 131
-128 232 132
-128 232 133
-128 232 134
-128 233 128
-128 233 129
-128 233 130
-128 233 131
-128 233 132
-128 233 133
-128 233 134
-128 234 128
-128 234 129
-128 234 130
-128 234 131
-128 234 132
-128 234 133
-128 234 134
-128 234 136
-128 234 137
-128 234 142
-128 235 128
-128 235 129
-128 235 130
-128 235 131
-128 235 132
-128 235 133
-128 235 134
-128 235 135
-128 235 136
-128 235 137
-128 235 138
-128 235 142
-128 236 128
-128 236 129
-128 236 130
-128 236 131
-128 236 132
-128 236 133
-128 236 134
-128 236 135
-128 236 136
-128 236 137
-128 236 138
-128 236 139
-128 236 141
-128 236 142
-128 236 143
-128 237 128
-128 237 129
-128 237 130
-128 237 131
-128 237 132
-128 237 133
-128 237 134
-128 237 135
-128 237 136
-128 237 137
-128 237 138
-128 237 139
-128 237 140
-128 237 141
-128 237 143
-128 238 128
-128 238 129
-128 238 130
-128 238 131
-128 238 132
-128 238 133
-128 238 134
-128 238 135
-128 238 136
-128 238 137
-128 238 138
-128 238 142
-128 238 143
-128 239 128
-128 239 129
-128 239 130
-128 239 131
-128 239 132
-128 239 133
-128 239 134
-128 239 135
-128 239 136
-128 239 137
-128 239 138
-128 239 139
-128 239 140
-128 239 141
-128 239 142
-128 239 143
-128 240 128
-128 240 129
-128 240 130
-128 240 131
-128 240 132
-128 240 133
-128 240 134
-128 240 135
-128 240 137
-128 240 138
-128 240 139
-128 240 140
-128 240 141
-128 240 142
-128 240 143
-128 241 128
-128 241 129
-128 241 130
-128 241 131
-128 241 132
-128 241 133
-128 241 134
-128 241 135
-128 241 136
-128 241 137
-128 241 138
-128 241 139
-128 241 140
-128 241 141
-128 241 142
-128 241 143
-128 242 128
-128 242 129
-128 242 130
-128 242 131
-128 242 133
-128 242 134
-128 242 135
-128 242 136
-128 242 138
-128 242 139
-128 242 140
-128 242 141
-128 242 142
-128 242 143
-128 243 128
-128 243 129
-128 243 130
-128 243 131
-128 243 133
-128 243 136
-128 243 138
-128 243 139
-128 243 140
-128 243 141
-128 243 142
-128 243 143
-128 244 128
-128 244 129
-128 244 130
-128 244 131
-128 244 138
-128 244 139
-128 244 140
-128 244 141
-128 244 142
-128 244 143
-128 245 129
-128 245 130
-128 245 131
-128 245 132
-128 245 138
-128 245 139
-128 245 140
-128 245 141
-128 245 142
-128 245 143
-128 246 128
-128 246 129
-128 246 142
-128 246 143
-128 247 143
-127 228 128
-127 229 129
-127 229 130
-127 230 128
-127 230 129
-127 230 130
-127 230 131
-127 231 129
-127 231 130
-127 231 131
-127 231 132
-127 232 128
-127 232 129
-127 232 130
-127 232 131
-127 232 132
-127 232 133
-127 232 134
-127 232 135
-127 233 128
-127 233 129
-127 233 130
-127 233 131
-127 233 132
-127 233 133
-127 233 134
-127 233 136
-127 233 142
-127 234 128
-127 234 129
-127 234 130
-127 234 131
-127 234 132
-127 234 133
-127 234 134
-127 234 135
-127 234 136
-127 234 137
-127 234 141
-127 234 142
-127 234 143
-127 235 128
-127 235 129
-127 235 130
-127 235 131
-127 235 132
-127 235 133
-127 235 134
-127 235 135
-127 235 136
-127 235 137
-127 235 138
-127 235 140
-127 235 141
-127 235 142
-127 235 143
-127 236 128
-127 236 129
-127 236 130
-127 236 131
-127 236 132
-127 236 133
-127 236 134
-127 236 135
-127 236 136
-127 236 137
-127 236 138
-127 236 139
-127 236 140
-127 236 141
-127 236 142
-127 236 143
-127 237 128
-127 237 129
-127 237 130
-127 237 131
-127 237 132
-127 237 133
-127 237 134
-127 237 135
-127 237 136
-127 237 137
-127 237 138
-127 237 139
-127 237 140
-127 237 141
-127 237 143
-127 238 128
-127 238 129
-127 238 130
-127 238 131
-127 238 132
-127 238 133
-127 238 134
-127 238 135
-127 238 136
-127 238 137
-127 238 138
-127 238 139
-127 238 140
-127 238 141
-127 238 142
-127 238 143
-127 239 128
-127 239 129
-127 239 130
-127 239 131
-127 239 132
-127 239 133
-127 239 134
-127 239 135
-127 239 136
-127 239 137
-127 239 138
-127 239 139
-127 239 140
-127 239 141
-127 239 142
-127 239 143
-127 240 128
-127 240 129
-127 240 130
-127 240 131
-127 240 132
-127 240 133
-127 240 134
-127 240 135
-127 240 136
-127 240 137
-127 240 138
-127 240 139
-127 240 140
-127 240 141
-127 240 142
-127 240 143
-127 241 128
-127 241 129
-127 241 130
-127 241 131
-127 241 132
-127 241 133
-127 241 134
-127 241 135
-127 241 137
-127 241 138
-127 241 139
-127 241 140
-127 241 141
-127 241 142
-127 241 143
-127 242 128
-127 242 130
-127 242 131
-127 242 135
-127 242 136
-127 242 137
-127 242 138
-127 242 139
-127 242 140
-127 242 141
-127 242 142
-127 242 143
-127 243 128
-127 243 129
-127 243 133
-127 243 135
-127 243 137
-127 243 138
-127 243 139
-127 243 140
-127 243 141
-127 243 142
-127 243 143
-127 244 128
-127 244 129
-127 244 130
-127 244 131
-127 244 137
-127 244 138
-127 244 139
-127 244 140
-127 244 141
-127 244 142
-127 244 143
-127 245 128
-127 245 129
-127 245 130
-127 245 131
-127 245 137
-127 245 138
-127 245 139
-127 245 140
-127 245 141
-127 245 142
-127 245 143
-127 246 129
-127 246 138
-127 246 140
-127 246 141
-127 246 142
-127 246 143
-127 247 138
-127 247 142
-127 247 143
-127 248 142
-126 230 129
-126 230 130
-126 230 131
-126 231 128
-126 231 129
-126 231 130
-126 231 131
-126 231 132
-126 231 134
-126 231 136
-126 232 128
-126 232 129
-126 232 130
-126 232 131
-126 232 132
-126 232 133
-126 232 135
-126 232 136
-126 232 137
-126 233 128
-126 233 129
-126 233 130
-126 233 131
-126 233 132
-126 233 133
-126 233 135
-126 233 136
-126 233 137
-126 233 142
-126 234 128
-126 234 129
-126 234 130
-126 234 131
-126 234 132
-126 234 133
-126 234 134
-126 234 135
-126 234 136
-126 234 137
-126 234 140
-126 234 141
-126 234 142
-126 234 143
-126 235 128
-126 235 129
-126 235 130
-126 235 131
-126 235 132
-126 235 133
-126 235 134
-126 235 135
-126 235 136
-126 235 137
-126 235 140
-126 235 141
-126 235 142
-126 235 143
-126 236 128
-126 236 129
-126 236 130
-126 236 131
-126 236 132
-126 236 133
-126 236 134
-126 236 135
-126 236 136
-126 236 137
-126 236 138
-126 236 139
-126 236 140
-126 236 141
-126 236 142
-126 236 143
-126 237 128
-126 237 129
-126 237 130
-126 237 131
-126 237 132
-126 237 133
-126 237 134
-126 237 135
-126 237 136
-126 237 137
-126 237 138
-126 237 139
-126 237 140
-126 237 141
-126 237 142
-126 237 143
-126 238 128
-126 238 129
-126 238 130
-126 238 131
-126 238 132
-126 238 133
-126 238 134
-126 238 135
-126 238 136
-126 238 137
-126 238 138
-126 238 139
-126 238 141
-126 238 142
-126 238 143
-126 239 128
-126 239 129
-126 239 130
-126 239 131
-126 239 132
-126 239 133
-126 239 134
-126 239 135
-126 239 136
-126 239 137
-126 239 139
-126 239 140
-126 239 141
-126 239 142
-126 239 143
-126 240 128
-126 240 129
-126 240 130
-126 240 131
-126 240 132
-126 240 133
-126 240 134
-126 240 135
-126 240 136
-126 240 137
-126 240 138
-126 240 139
-126 240 140
-126 240 141
-126 240 142
-126 240 143
-126 241 128
-126 241 129
-126 241 130
-126 241 131
-126 241 132
-126 241 133
-126 241 135
-126 241 136
-126 241 137
-126 241 138
-126 241 140
-126 241 141
-126 241 142
-126 241 143
-126 242 128
-126 242 129
-126 242 130
-126 242 131
-126 242 132
-126 242 134
-126 242 135
-126 242 136
-126 242 137
-126 242 138
-126 242 139
-126 242 140
-126 242 141
-126 242 142
-126 242 143
-126 243 128
-126 243 129
-126 243 130
-126 243 134
-126 243 135
-126 243 136
-126 243 137
-126 243 139
-126 243 140
-126 243 141
-126 243 142
-126 243 143
-126 244 128
-126 244 129
-126 244 130
-126 244 131
-126 244 137
-126 244 138
-126 244 139
-126 244 140
-126 244 141
-126 244 142
-126 244 143
-126 245 128
-126 245 129
-126 245 139
-126 245 140
-126 245 141
-126 245 142
-126 245 143
-126 246 136
-126 246 137
-126 246 138
-126 246 139
-126 246 140
-126 246 141
-126 246 142
-126 246 143
-126 247 138
-126 247 140
-126 247 141
-126 247 143
-126 248 143
-125 231 129
-125 231 132
-125 231 134
-125 232 128
-125 232 129
-125 232 131
-125 232 132
-125 232 133
-125 232 134
-125 232 135
-125 232 136
-125 233 128
-125 233 129
-125 233 130
-125 233 131
-125 233 132
-125 233 133
-125 233 134
-125 233 135
-125 233 137
-125 233 142
-125 234 128
-125 234 129
-125 234 130
-125 234 131
-125 234 132
-125 234 133
-125 234 134
-125 234 135
-125 234 136
-125 234 138
-125 234 142
-125 235 128
-125 235 129
-125 235 130
-125 235 131
-125 235 132
-125 235 133
-125 235 134
-125 235 135
-125 235 136
-125 235 137
-125 235 138
-125 235 139
-125 235 140
-125 235 142
-125 235 143
-125 236 128
-125 236 129
-125 236 130
-125 236 131
-125 236 132
-125 236 133
-125 236 134
-125 236 135
-125 236 136
-125 236 137
-125 236 138
-125 236 139
-125 236 140
-125 236 141
-125 236 142
-125 236 143
-125 237 128
-125 237 129
-125 237 130
-125 237 131
-125 237 132
-125 237 133
-125 237 134
-125 237 135
-125 237 136
-125 237 137
-125 237 138
-125 237 139
-125 237 140
-125 237 141
-125 237 142
-125 237 143
-125 238 128
-125 238 129
-125 238 130
-125 238 131
-125 238 132
-125 238 133
-125 238 134
-125 238 135
-125 238 136
-125 238 137
-125 238 138
-125 238 139
-125 238 141
-125 238 142
-125 238 143
-125 239 128
-125 239 129
-125 239 130
-125 239 131
-125 239 132
-125 239 133
-125 239 134
-125 239 135
-125 239 136
-125 239 137
-125 239 138
-125 239 139
-125 239 140
-125 239 141
-125 239 142
-125 239 143
-125 240 128
-125 240 129
-125 240 130
-125 240 131
-125 240 132
-125 240 133
-125 240 134
-125 240 135
-125 240 136
-125 240 137
-125 240 138
-125 240 139
-125 240 140
-125 240 141
-125 240 142
-125 240 143
-125 241 128
-125 241 129
-125 241 131
-125 241 132
-125 241 133
-125 241 134
-125 241 135
-125 241 136
-125 241 137
-125 241 138
-125 241 139
-125 241 140
-125 241 141
-125 241 142
-125 241 143
-125 242 128
-125 242 129
-125 242 130
-125 242 131
-125 242 132
-125 242 133
-125 242 134
-125 242 135
-125 242 136
-125 242 137
-125 242 138
-125 242 139
-125 242 140
-125 242 141
-125 242 142
-125 242 143
-125 243 128
-125 243 129
-125 243 132
-125 243 133
-125 243 135
-125 243 137
-125 243 138
-125 243 139
-125 243 140
-125 243 141
-125 243 142
-125 243 143
-125 244 128
-125 244 129
-125 244 135
-125 244 137
-125 244 138
-125 244 139
-125 244 140
-125 244 141
-125 244 142
-125 244 143
-125 245 138
-125 245 139
-125 245 140
-125 245 141
-125 245 142
-125 245 143
-125 246 138
-125 246 139
-125 246 140
-125 246 141
-125 246 142
-125 246 143
-125 247 138
-125 247 139
-125 247 140
-125 247 142
-125 247 143
-125 248 137
-125 248 138
-124 232 128
-124 232 130
-124 232 131
-124 232 133
-124 233 128
-124 233 130
-124 233 131
-124 233 132
-124 233 133
-124 233 137
-124 233 140
-124 233 141
-124 234 128
-124 234 129
-124 234 130
-124 234 131
-124 234 132
-124 234 133
-124 234 134
-124 234 135
-124 234 137
-124 234 140
-124 234 141
-124 234 142
-124 234 143
-124 235 128
-124 235 129
-124 235 130
-124 235 131
-124 235 132
-124 235 133
-124 235 134
-124 235 137
-124 235 138
-124 235 139
-124 235 140
-124 235 141
-124 235 142
-124 235 143
-124 236 128
-124 236 129
-124 236 130
-124 236 131
-124 236 132
-124 236 133
-124 236 134
-124 236 135
-124 236 136
-124 236 137
-124 236 138
-124 236 139
-124 236 140
-124 236 141
-124 236 142
-124 236 143
-124 237 128
-124 237 129
-124 237 130
-124 237 131
-124 237 132
-124 237 133
-124 237 134
-124 237 135
-124 237 136
-124 237 137
-124 237 138
-124 237 139
-124 237 140
-124 237 141
-124 237 142
-124 237 143
-124 238 128
-124 238 129
-124 238 130
-124 238 131
-124 238 132
-124 238 133
-124 238 134
-124 238 135
-124 238 136
-124 238 137
-124 238 138
-124 238 139
-124 238 140
-124 238 141
-124 238 142
-124 238 143
-124 239 128
-124 239 129
-124 239 130
-124 239 131
-124 239 132
-124 239 133
-124 239 134
-124 239 135
-124 239 136
-124 239 137
-124 239 138
-124 239 139
-124 239 140
-124 239 141
-124 239 142
-124 239 143
-124 240 128
-124 240 129
-124 240 130
-124 240 131
-124 240 132
-124 240 133
-124 240 134
-124 240 135
-124 240 136
-124 240 137
-124 240 138
-124 240 139
-124 240 140
-124 240 141
-124 240 142
-124 240 143
-124 241 128
-124 241 129
-124 241 130
-124 241 131
-124 241 132
-124 241 133
-124 241 134
-124 241 135
-124 241 136
-124 241 137
-124 241 138
-124 241 139
-124 241 140
-124 241 141
-124 241 142
-124 241 143
-124 242 128
-124 242 131
-124 242 132
-124 242 133
-124 242 134
-124 242 135
-124 242 136
-124 242 137
-124 242 138
-124 242 139
-124 242 140
-124 242 141
-124 242 142
-124 242 143
-124 243 128
-124 243 130
-124 243 131
-124 243 132
-124 243 133
-124 243 134
-124 243 135
-124 243 136
-124 243 137
-124 243 138
-124 243 139
-124 243 140
-124 243 141
-124 243 142
-124 243 143
-124 244 132
-124 244 135
-124 244 136
-124 244 137
-124 244 138
-124 244 139
-124 244 140
-124 244 141
-124 244 142
-124 244 143
-124 245 131
-124 245 132
-124 245 133
-124 245 134
-124 245 135
-124 245 136
-124 245 137
-124 245 138
-124 245 139
-124 245 140
-124 245 141
-124 245 142
-124 245 143
-124 246 135
-124 246 137
-124 246 138
-124 246 139
-124 246 140
-124 246 141
-124 246 142
-124 246 143
-124 247 137
-124 247 138
-124 247 139
-124 247 140
-124 247 142
-124 247 143
-124 248 138
-124 248 139
-124 248 140
-124 248 141
-124 248 142
-124 248 143
-124 249 138
-124 249 139
-124 249 141
-124 249 142
-123 232 130
-123 233 128
-123 233 129
-123 233 130
-123 233 140
-123 233 141
-123 233 142
-123 233 143
-123 234 128
-123 234 129
-123 234 130
-123 234 131
-123 234 132
-123 234 133
-123 234 138
-123 234 139
-123 234 140
-123 234 141
-123 234 142
-123 234 143
-123 235 128
-123 235 129
-123 235 130
-123 235 131
-123 235 132
-123 235 133
-123 235 134
-123 235 137
-123 235 138
-123 235 139
-123 235 140
-123 235 141
-123 235 142
-123 235 143
-123 236 128
-123 236 129
-123 236 130
-123 236 131
-123 236 132
-123 236 133
-123 236 134
-123 236 135
-123 236 136
-123 236 138
-123 236 139
-123 236 140
-123 236 141
-123 236 142
-123 236 143
-123 237 128
-123 237 129
-123 237 130
-123 237 131
-123 237 132
-123 237 133
-123 237 134
-123 237 135
-123 237 136
-123 237 137
-123 237 138
-123 237 139
-123 237 140
-123 237 141
-123 237 142
-123 237 143
-123 238 128
-123 238 129
-123 238 130
-123 238 131
-123 238 132
-123 238 133
-123 238 134
-123 238 135
-123 238 136
-123 238 137
-123 238 138
-123 238 139
-123 238 140
-123 238 141
-123 238 142
-123 238 143
-123 239 128
-123 239 129
-123 239 130
-123 239 131
-123 239 132
-123 239 133
-123 239 134
-123 239 135
-123 239 136
-123 239 137
-123 239 138
-123 239 139
-123 239 140
-123 239 141
-123 239 142
-123 239 143
-123 240 129
-123 240 130
-123 240 131
-123 240 132
-123 240 133
-123 240 134
-123 240 135
-123 240 136
-123 240 137
-123 240 138
-123 240 139
-123 240 140
-123 240 141
-123 240 142
-123 240 143
-123 241 129
-123 241 130
-123 241 131
-123 241 132
-123 241 133
-123 241 134
-123 241 135
-123 241 136
-123 241 137
-123 241 138
-123 241 139
-123 241 140
-123 241 141
-123 241 142
-123 241 143
-123 242 129
-123 242 131
-123 242 132
-123 242 133
-123 242 134
-123 242 135
-123 242 136
-123 242 137
-123 242 138
-123 242 139
-123 242 140
-123 242 141
-123 242 142
-123 242 143
-123 243 130
-123 243 131
-123 243 132
-123 243 133
-123 243 134
-123 243 135
-123 243 136
-123 243 137
-123 243 138
-123 243 139
-123 243 140
-123 243 141
-123 243 142
-123 243 143
-123 244 129
-123 244 130
-123 244 131
-123 244 133
-123 244 134
-123 244 135
-123 244 136
-123 244 137
-123 244 138
-123 244 139
-123 244 140
-123 244 141
-123 244 142
-123 244 143
-123 245 132
-123 245 133
-123 245 134
-123 245 135
-123 245 137
-123 245 138
-123 245 139
-123 245 140
-123 245 141
-123 245 142
-123 245 143
-123 246 131
-123 246 132
-123 246 135
-123 246 136
-123 246 137
-123 246 139
-123 246 140
-123 246 141
-123 246 142
-123 246 143
-123 247 132
-123 247 135
-123 247 136
-123 247 138
-123 247 139
-123 247 140
-123 247 141
-123 247 142
-123 247 143
-123 248 137
-123 248 138
-123 248 139
-123 248 140
-123 248 141
-123 248 142
-123 248 143
-123 249 137
-123 249 139
-123 249 141
-123 250 139
-123 250 140
-123 250 141
-123 251 139
-122 231 128
-122 231 140
-122 231 142
-122 232 128
-122 232 141
-122 232 142
-122 233 128
-122 233 138
-122 233 139
-122 233 140
-122 233 141
-122 233 142
-122 233 143
-122 234 128
-122 234 131
-122 234 132
-122 234 133
-122 234 137
-122 234 138
-122 234 140
-122 234 141
-122 234 142
-122 234 143
-122 235 128
-122 235 129
-122 235 130
-122 235 131
-122 235 132
-122 235 133
-122 235 134
-122 235 135
-122 235 136
-122 235 137
-122 235 138
-122 235 139
-122 235 140
-122 235 141
-122 235 142
-122 235 143
-122 236 128
-122 236 129
-122 236 130
-122 236 131
-122 236 132
-122 236 133
-122 236 134
-122 236 135
-122 236 136
-122 236 137
-122 236 138
-122 236 139
-122 236 140
-122 236 141
-122 236 142
-122 236 143
-122 237 128
-122 237 129
-122 237 130
-122 237 131
-122 237 132
-122 237 133
-122 237 134
-122 237 135
-122 237 136
-122 237 137
-122 237 138
-122 237 139
-122 237 140
-122 237 141
-122 237 142
-122 237 143
-122 238 128
-122 238 129
-122 238 130
-122 238 131
-122 238 132
-122 238 133
-122 238 134
-122 238 135
-122 238 136
-122 238 137
-122 238 138
-122 238 139
-122 238 140
-122 238 141
-122 238 142
-122 238 143
-122 239 128
-122 239 129
-122 239 130
-122 239 131
-122 239 132
-122 239 133
-122 239 134
-122 239 135
-122 239 136
-122 239 137
-122 239 138
-122 239 139
-122 239 140
-122 239 141
-122 239 142
-122 239 143
-122 240 128
-122 240 129
-122 240 130
-122 240 131
-122 240 132
-122 240 133
-122 240 134
-122 240 135
-122 240 136
-122 240 137
-122 240 138
-122 240 139
-122 240 140
-122 240 141
-122 240 142
-122 240 143
-122 241 128
-122 241 129
-122 241 130
-122 241 131
-122 241 132
-122 241 133
-122 241 134
-122 241 135
-122 241 136
-122 241 137
-122 241 138
-122 241 139
-122 241 140
-122 241 141
-122 241 142
-122 241 143
-122 242 128
-122 242 129
-122 242 130
-122 242 131
-122 242 132
-122 242 133
-122 242 134
-122 242 135
-122 242 136
-122 242 137
-122 242 138
-122 242 139
-122 242 140
-122 242 141
-122 242 142
-122 242 143
-122 243 128
-122 243 130
-122 243 131
-122 243 132
-122 243 133
-122 243 134
-122 243 135
-122 243 136
-122 243 137
-122 243 138
-122 243 139
-122 243 140
-122 243 141
-122 243 142
-122 243 143
-122 244 129
-122 244 130
-122 244 131
-122 244 132
-122 244 133
-122 244 134
-122 244 135
-122 244 136
-122 244 137
-122 244 138
-122 244 139
-122 244 140
-122 244 141
-122 244 142
-122 244 143
-122 245 129
-122 245 130
-122 245 131
-122 245 132
-122 245 133
-122 245 134
-122 245 135
-122 245 136
-122 245 137
-122 245 138
-122 245 139
-122 245 140
-122 245 141
-122 245 142
-122 245 143
-122 246 130
-122 246 131
-122 246 132
-122 246 133
-122 246 134
-122 246 135
-122 246 136
-122 246 137
-122 246 138
-122 246 139
-122 246 140
-122 246 141
-122 246 142
-122 246 143
-122 247 132
-122 247 134
-122 247 135
-122 247 136
-122 247 137
-122 247 138
-122 247 139
-122 247 140
-122 247 141
-122 247 142
-122 247 143
-122 248 132
-122 248 137
-122 248 138
-122 248 139
-122 248 140
-122 248 141
-122 248 142
-122 248 143
-122 249 136
-122 249 137
-122 249 138
-122 249 139
-122 249 140
-122 249 142
-121 230 140
-121 230 141
-121 231 138
-121 231 139
-121 231 140
-121 231 142
-121 232 128
-121 232 129
-121 232 137
-121 232 138
-121 232 139
-121 232 140
-121 232 141
-121 232 142
-121 232 143
-121 233 128
-121 233 129
-121 233 132
-121 233 133
-121 233 137
-121 233 138
-121 233 139
-121 233 140
-121 233 141
-121 233 142
-121 233 143
-121 234 128
-121 234 129
-121 234 131
-121 234 132
-121 234 133
-121 234 136
-121 234 137
-121 234 138
-121 234 139
-121 234 140
-121 234 141
-121 234 142
-121 234 143
-121 235 128
-121 235 129
-121 235 130
-121 235 132
-121 235 133
-121 235 137
-121 235 138
-121 235 139
-121 235 140
-121 235 141
-121 235 142
-121 235 143
-121 236 128
-121 236 129
-121 236 130
-121 236 131
-121 236 133
-121 236 134
-121 236 135
-121 236 136
-121 236 137
-121 236 138
-121 236 139
-121 236 140
-121 236 141
-121 236 142
-121 236 143
-121 237 128
-121 237 129
-121 237 130
-121 237 131
-121 237 132
-121 237 133
-121 237 134
-121 237 135
-121 237 136
-121 237 137
-121 237 138
-121 237 139
-121 237 140
-121 237 141
-121 237 142
-121 237 143
-121 238 128
-121 238 129
-121 238 130
-121 238 131
-121 238 132
-121 238 133
-121 238 134
-121 238 135
-121 238 136
-121 238 137
-121 238 138
-121 238 139
-121 238 140
-121 238 141
-121 238 142
-121 238 143
-121 239 128
-121 239 129
-121 239 130
-121 239 131
-121 239 132
-121 239 133
-121 239 134
-121 239 135
-121 239 136
-121 239 137
-121 239 138
-121 239 139
-121 239 140
-121 239 141
-121 239 142
-121 239 143
-121 240 128
-121 240 129
-121 240 130
-121 240 131
-121 240 132
-121 240 133
-121 240 134
-121 240 135
-121 240 136
-121 240 137
-121 240 138
-121 240 139
-121 240 140
-121 240 141
-121 240 142
-121 240 143
-121 241 128
-121 241 129
-121 241 130
-121 241 131
-121 241 132
-121 241 133
-121 241 134
-121 241 135
-121 241 136
-121 241 137
-121 241 138
-121 241 139
-121 241 140
-121 241 141
-121 241 142
-121 241 143
-121 242 128
-121 242 129
-121 242 130
-121 242 131
-121 242 132
-121 242 133
-121 242 134
-121 242 135
-121 242 136
-121 242 137
-121 242 138
-121 242 139
-121 242 140
-121 242 141
-121 242 142
-121 242 143
-121 243 128
-121 243 129
-121 243 130
-121 243 131
-121 243 132
-121 243 133
-121 243 134
-121 243 135
-121 243 136
-121 243 137
-121 243 138
-121 243 139
-121 243 140
-121 243 141
-121 243 142
-121 243 143
-121 244 128
-121 244 129
-121 244 130
-121 244 131
-121 244 132
-121 244 133
-121 244 134
-121 244 135
-121 244 136
-121 244 137
-121 244 138
-121 244 139
-121 244 140
-121 244 141
-121 244 142
-121 244 143
-121 245 130
-121 245 131
-121 245 132
-121 245 133
-121 245 134
-121 245 135
-121 245 136
-121 245 137
-121 245 138
-121 245 139
-121 245 140
-121 245 141
-121 245 142
-121 245 143
-121 246 131
-121 246 132
-121 246 133
-121 246 134
-121 246 135
-121 246 136
-121 246 137
-121 246 138
-121 246 139
-121 246 140
-121 246 141
-121 246 143
-121 247 132
-121 247 133
-121 247 134
-121 247 135
-121 247 136
-121 247 137
-121 247 138
-121 247 139
-121 247 140
-121 247 141
-121 247 142
-121 247 143
-121 248 132
-121 248 133
-121 248 134
-121 248 135
-121 248 136
-121 248 137
-121 248 138
-121 248 139
-121 248 140
-121 248 141
-121 248 142
-121 248 143
-121 249 132
-121 249 135
-121 249 138
-121 249 140
-121 249 141
-121 249 142
-121 249 143
-121 250 140
-121 250 142
-120 229 141
-120 230 128
-120 230 141
-120 230 143
-120 231 128
-120 231 129
-120 231 141
-120 231 142
-120 231 143
-120 232 128
-120 232 129
-120 232 130
-120 232 141
-120 232 142
-120 232 143
-120 233 128
-120 233 129
-120 233 131
-120 233 132
-120 233 133
-120 233 134
-120 233 137
-120 233 139
-120 233 140
-120 233 141
-120 233 142
-120 233 143
-120 234 128
-120 234 129
-120 234 130
-120 234 132
-120 234 133
-120 234 134
-120 234 137
-120 234 138
-120 234 139
-120 234 140
-120 234 141
-120 234 142
-120 234 143
-120 235 129
-120 235 130
-120 235 131
-120 235 132
-120 235 133
-120 235 134
-120 235 135
-120 235 136
-120 235 137
-120 235 138
-120 235 139
-120 235 140
-120 235 141
-120 235 142
-120 235 143
-120 236 128
-120 236 129
-120 236 131
-120 236 132
-120 236 133
-120 236 134
-120 236 135
-120 236 136
-120 236 137
-120 236 138
-120 236 139
-120 236 140
-120 236 141
-120 236 142
-120 236 143
-120 237 128
-120 237 129
-120 237 130
-120 237 131
-120 237 132
-120 237 133
-120 237 134
-120 237 135
-120 237 136
-120 237 137
-120 237 138
-120 237 139
-120 237 140
-120 237 141
-120 237 142
-120 237 143
-120 238 128
-120 238 129
-120 238 130
-120 238 131
-120 238 132
-120 238 133
-120 238 134
-120 238 135
-120 238 136
-120 238 137
-120 238 138
-120 238 139
-120 238 140
-120 238 141
-120 238 142
-120 238 143
-120 239 128
-120 239 129
-120 239 130
-120 239 131
-120 239 132
-120 239 133
-120 239 134
-120 239 135
-120 239 136
-120 239 137
-120 239 138
-120 239 139
-120 239 140
-120 239 141
-120 239 142
-120 239 143
-120 240 128
-120 240 129
-120 240 130
-120 240 131
-120 240 132
-120 240 133
-120 240 134
-120 240 135
-120 240 136
-120 240 137
-120 240 138
-120 240 139
-120 240 140
-120 240 141
-120 240 142
-120 240 143
-120 241 128
-120 241 129
-120 241 130
-120 241 131
-120 241 132
-120 241 133
-120 241 134
-120 241 135
-120 241 136
-120 241 137
-120 241 138
-120 241 139
-120 241 140
-120 241 141
-120 241 142
-120 241 143
-120 242 128
-120 242 129
-120 242 130
-120 242 131
-120 242 132
-120 242 133
-120 242 134
-120 242 135
-120 242 136
-120 242 137
-120 242 138
-120 242 139
-120 242 140
-120 242 141
-120 242 142
-120 242 143
-120 243 128
-120 243 129
-120 243 130
-120 243 131
-120 243 132
-120 243 133
-120 243 134
-120 243 135
-120 243 136
-120 243 137
-120 243 138
-120 243 139
-120 243 140
-120 243 141
-120 243 142
-120 243 143
-120 244 128
-120 244 129
-120 244 130
-120 244 131
-120 244 132
-120 244 133
-120 244 134
-120 244 135
-120 244 136
-120 244 137
-120 244 138
-120 244 139
-120 244 140
-120 244 141
-120 244 142
-120 244 143
-120 245 128
-120 245 129
-120 245 130
-120 245 131
-120 245 132
-120 245 133
-120 245 134
-120 245 135
-120 245 136
-120 245 137
-120 245 138
-120 245 139
-120 245 140
-120 245 141
-120 245 142
-120 245 143
-120 246 128
-120 246 129
-120 246 130
-120 246 131
-120 246 132
-120 246 133
-120 246 134
-120 246 135
-120 246 136
-120 246 137
-120 246 138
-120 246 139
-120 246 140
-120 246 141
-120 246 142
-120 246 143
-120 247 131
-120 247 132
-120 247 133
-120 247 134
-120 247 135
-120 247 136
-120 247 137
-120 247 138
-120 247 139
-120 247 140
-120 247 141
-120 247 142
-120 247 143
-120 248 132
-120 248 133
-120 248 134
-120 248 135
-120 248 137
-120 248 138
-120 248 139
-120 248 140
-120 248 141
-120 248 142
-120 248 143
-120 249 131
-120 249 132
-120 249 136
-120 249 137
-120 249 139
-120 249 140
-120 249 141
-120 249 142
-120 249 143
-120 250 139
-120 250 142
-120 251 142
-119 229 142
-119 230 128
-119 230 129
-119 230 141
-119 230 142
-119 230 143
-119 231 128
-119 231 129
-119 231 139
-119 231 140
-119 231 141
-119 231 142
-119 231 143
-119 232 128
-119 232 129
-119 232 130
-119 232 131
-119 232 132
-119 232 136
-119 232 138
-119 232 139
-119 232 140
-119 232 141
-119 232 142
-119 232 143
-119 233 128
-119 233 129
-119 233 132
-119 233 135
-119 233 136
-119 233 137
-119 233 139
-119 233 140
-119 233 141
-119 233 142
-119 233 143
-119 234 128
-119 234 129
-119 234 132
-119 234 133
-119 234 135
-119 234 136
-119 234 137
-119 234 138
-119 234 139
-119 234 140
-119 234 141
-119 234 142
-119 234 143
-119 235 128
-119 235 129
-119 235 130
-119 235 131
-119 235 132
-119 235 133
-119 235 135
-119 235 136
-119 235 137
-119 235 138
-119 235 139
-119 235 140
-119 235 141
-119 235 142
-119 235 143
-119 236 128
-119 236 129
-119 236 130
-119 236 131
-119 236 132
-119 236 133
-119 236 134
-119 236 135
-119 236 136
-119 236 137
-119 236 138
-119 236 139
-119 236 140
-119 236 141
-119 236 142
-119 236 143
-119 237 128
-119 237 129
-119 237 130
-119 237 131
-119 237 132
-119 237 133
-119 237 134
-119 237 135
-119 237 136
-119 237 137
-119 237 138
-119 237 139
-119 237 140
-119 237 141
-119 237 142
-119 237 143
-119 238 128
-119 238 131
-119 238 132
-119 238 133
-119 238 134
-119 238 135
-119 238 136
-119 238 137
-119 238 138
-119 238 139
-119 238 140
-119 238 141
-119 238 142
-119 238 143
-119 239 128
-119 239 129
-119 239 130
-119 239 131
-119 239 132
-119 239 133
-119 239 134
-119 239 135
-119 239 136
-119 239 137
-119 239 138
-119 239 139
-119 239 140
-119 239 141
-119 239 142
-119 239 143
-119 240 128
-119 240 129
-119 240 130
-119 240 131
-119 240 132
-119 240 133
-119 240 134
-119 240 135
-119 240 136
-119 240 137
-119 240 138
-119 240 139
-119 240 140
-119 240 141
-119 240 142
-119 240 143
-119 241 128
-119 241 129
-119 241 130
-119 241 131
-119 241 132
-119 241 133
-119 241 134
-119 241 135
-119 241 136
-119 241 137
-119 241 138
-119 241 139
-119 241 140
-119 241 141
-119 241 142
-119 241 143
-119 242 128
-119 242 129
-119 242 130
-119 242 131
-119 242 132
-119 242 133
-119 242 134
-119 242 135
-119 242 136
-119 242 137
-119 242 138
-119 242 139
-119 242 140
-119 242 141
-119 242 142
-119 242 143
-119 243 128
-119 243 129
-119 243 130
-119 243 131
-119 243 132
-119 243 133
-119 243 134
-119 243 135
-119 243 136
-119 243 137
-119 243 138
-119 243 139
-119 243 140
-119 243 141
-119 243 142
-119 243 143
-119 244 128
-119 244 129
-119 244 130
-119 244 132
-119 244 133
-119 244 134
-119 244 135
-119 244 136
-119 244 137
-119 244 138
-119 244 139
-119 244 140
-119 244 141
-119 244 142
-119 244 143
-119 245 130
-119 245 131
-119 245 132
-119 245 133
-119 245 134
-119 245 135
-119 245 136
-119 245 137
-119 245 138
-119 245 139
-119 245 140
-119 245 141
-119 245 142
-119 245 143
-119 246 130
-119 246 131
-119 246 132
-119 246 133
-119 246 134
-119 246 135
-119 246 136
-119 246 137
-119 246 138
-119 246 139
-119 246 140
-119 246 141
-119 246 142
-119 246 143
-119 247 129
-119 247 130
-119 247 131
-119 247 132
-119 247 133
-119 247 135
-119 247 136
-119 247 137
-119 247 138
-119 247 139
-119 247 141
-119 247 142
-119 247 143
-119 248 130
-119 248 131
-119 248 132
-119 248 134
-119 248 136
-119 248 137
-119 248 138
-119 248 139
-119 248 140
-119 248 141
-119 248 142
-119 249 131
-119 249 132
-119 249 136
-119 249 137
-119 249 139
-119 249 141
-119 249 142
-119 250 140
-119 250 141
-118 228 128
-118 229 128
-118 229 129
-118 230 128
-118 230 141
-118 230 142
-118 231 128
-118 231 129
-118 231 131
-118 231 140
-118 231 141
-118 231 143
-118 232 128
-118 232 129
-118 232 130
-118 232 131
-118 232 132
-118 232 133
-118 232 135
-118 232 137
-118 232 141
-118 232 142
-118 232 143
-118 233 128
-118 233 129
-118 233 130
-118 233 131
-118 233 132
-118 233 133
-118 233 134
-118 233 135
-118 233 136
-118 233 137
-118 233 140
-118 233 141
-118 233 142
-118 233 143
-118 234 128
-118 234 129
-118 234 130
-118 234 131
-118 234 132
-118 234 133
-118 234 134
-118 234 135
-118 234 136
-118 234 137
-118 234 138
-118 234 139
-118 234 140
-118 234 141
-118 234 142
-118 234 143
-118 235 128
-118 235 129
-118 235 130
-118 235 131
-118 235 132
-118 235 133
-118 235 134
-118 235 135
-118 235 136
-118 235 137
-118 235 138
-118 235 139
-118 235 140
-118 235 141
-118 235 142
-118 235 143
-118 236 128
-118 236 129
-118 236 130
-118 236 131
-118 236 132
-118 236 133
-118 236 134
-118 236 135
-118 236 136
-118 236 137
-118 236 138
-118 236 139
-118 236 140
-118 236 141
-118 236 142
-118 236 143
-118 237 128
-118 237 129
-118 237 130
-118 237 131
-118 237 132
-118 237 133
-118 237 134
-118 237 135
-118 237 136
-118 237 137
-118 237 138
-118 237 139
-118 237 140
-118 237 141
-118 237 142
-118 237 143
-118 238 128
-118 238 129
-118 238 130
-118 238 131
-118 238 132
-118 238 133
-118 238 134
-118 238 135
-118 238 136
-118 238 137
-118 238 138
-118 238 139
-118 238 140
-118 238 141
-118 238 142
-118 238 143
-118 239 128
-118 239 129
-118 239 130
-118 239 131
-118 239 132
-118 239 133
-118 239 134
-118 239 135
-118 239 136
-118 239 137
-118 239 138
-118 239 139
-118 239 140
-118 239 141
-118 239 142
-118 239 143
-118 240 128
-118 240 129
-118 240 130
-118 240 131
-118 240 132
-118 240 133
-118 240 134
-118 240 135
-118 240 136
-118 240 137
-118 240 138
-118 240 139
-118 240 140
-118 240 141
-118 240 142
-118 240 143
-118 241 128
-118 241 129
-118 241 130
-118 241 131
-118 241 132
-118 241 133
-118 241 134
-118 241 135
-118 241 136
-118 241 137
-118 241 138
-118 241 139
-118 241 140
-118 241 141
-118 241 142
-118 241 143
-118 242 128
-118 242 129
-118 242 130
-118 242 131
-118 242 132
-118 242 133
-118 242 134
-118 242 135
-118 242 136
-118 242 137
-118 242 138
-118 242 139
-118 242 140
-118 242 141
-118 242 142
-118 242 143
-118 243 128
-118 243 129
-118 243 130
-118 243 131
-118 243 132
-118 243 133
-118 243 134
-118 243 135
-118 243 136
-118 243 137
-118 243 138
-118 243 139
-118 243 140
-118 243 141
-118 243 142
-118 243 143
-118 244 128
-118 244 129
-118 244 130
-118 244 131
-118 244 132
-118 244 133
-118 244 134
-118 244 135
-118 244 136
-118 244 137
-118 244 138
-118 244 139
-118 244 140
-118 244 141
-118 244 142
-118 244 143
-118 245 128
-118 245 129
-118 245 130
-118 245 131
-118 245 132
-118 245 133
-118 245 134
-118 245 135
-118 245 136
-118 245 137
-118 245 138
-118 245 139
-118 245 140
-118 245 141
-118 245 142
-118 245 143
-118 246 129
-118 246 131
-118 246 132
-118 246 133
-118 246 134
-118 246 135
-118 246 136
-118 246 137
-118 246 138
-118 246 139
-118 246 140
-118 246 141
-118 246 142
-118 246 143
-118 247 129
-118 247 130
-118 247 131
-118 247 132
-118 247 133
-118 247 134
-118 247 135
-118 247 136
-118 247 137
-118 247 138
-118 247 139
-118 247 140
-118 247 141
-118 247 142
-118 247 143
-118 248 130
-118 248 131
-118 248 132
-118 248 133
-118 248 135
-118 248 136
-118 248 137
-118 248 138
-118 248 139
-118 248 140
-118 248 141
-118 248 142
-118 248 143
-118 249 131
-118 249 132
-118 249 133
-118 249 134
-118 249 135
-118 249 138
-118 249 139
-118 249 140
-118 249 141
-118 249 142
-118 249 143
-118 250 133
-118 250 139
-118 250 140
-118 250 141
-118 250 143
-118 251 140
-117 228 128
-117 228 129
-117 228 130
-117 229 128
-117 229 129
-117 230 128
-117 230 130
-117 230 131
-117 230 132
-117 231 128
-117 231 129
-117 231 130
-117 231 131
-117 231 132
-117 231 134
-117 231 137
-117 231 141
-117 231 142
-117 232 128
-117 232 129
-117 232 130
-117 232 131
-117 232 132
-117 232 133
-117 232 134
-117 232 136
-117 232 137
-117 232 138
-117 232 141
-117 232 142
-117 232 143
-117 233 128
-117 233 129
-117 233 130
-117 233 131
-117 233 132
-117 233 133
-117 233 134
-117 233 135
-117 233 136
-117 233 138
-117 233 139
-117 233 140
-117 233 141
-117 233 142
-117 233 143
-117 234 128
-117 234 129
-117 234 130
-117 234 131
-117 234 132
-117 234 133
-117 234 134
-117 234 135
-117 234 136
-117 234 137
-117 234 138
-117 234 139
-117 234 140
-117 234 141
-117 234 142
-117 234 143
-117 235 128
-117 235 129
-117 235 130
-117 235 131
-117 235 132
-117 235 133
-117 235 134
-117 235 135
-117 235 136
-117 235 137
-117 235 138
-117 235 139
-117 235 140
-117 235 141
-117 235 142
-117 235 143
-117 236 128
-117 236 129
-117 236 130
-117 236 131
-117 236 132
-117 236 133
-117 236 134
-117 236 135
-117 236 136
-117 236 137
-117 236 138
-117 236 139
-117 236 140
-117 236 141
-117 236 142
-117 236 143
-117 237 128
-117 237 129
-117 237 130
-117 237 131
-117 237 132
-117 237 133
-117 237 134
-117 237 135
-117 237 136
-117 237 137
-117 237 138
-117 237 139
-117 237 140
-117 237 141
-117 237 142
-117 237 143
-117 238 128
-117 238 129
-117 238 130
-117 238 131
-117 238 132
-117 238 133
-117 238 134
-117 238 135
-117 238 136
-117 238 137
-117 238 138
-117 238 139
-117 238 140
-117 238 141
-117 238 142
-117 238 143
-117 239 128
-117 239 129
-117 239 130
-117 239 131
-117 239 132
-117 239 133
-117 239 134
-117 239 135
-117 239 136
-117 239 137
-117 239 138
-117 239 139
-117 239 140
-117 239 141
-117 239 142
-117 239 143
-117 240 128
-117 240 129
-117 240 130
-117 240 131
-117 240 132
-117 240 133
-117 240 134
-117 240 135
-117 240 136
-117 240 137
-117 240 138
-117 240 139
-117 240 140
-117 240 141
-117 240 142
-117 240 143
-117 241 128
-117 241 129
-117 241 130
-117 241 131
-117 241 132
-117 241 133
-117 241 134
-117 241 135
-117 241 136
-117 241 137
-117 241 138
-117 241 139
-117 241 140
-117 241 141
-117 241 142
-117 241 143
-117 242 128
-117 242 129
-117 242 130
-117 242 131
-117 242 132
-117 242 133
-117 242 134
-117 242 135
-117 242 136
-117 242 137
-117 242 138
-117 242 139
-117 242 140
-117 242 141
-117 242 142
-117 242 143
-117 243 128
-117 243 129
-117 243 130
-117 243 131
-117 243 132
-117 243 133
-117 243 134
-117 243 135
-117 243 136
-117 243 137
-117 243 138
-117 243 139
-117 243 140
-117 243 141
-117 243 142
-117 243 143
-117 244 128
-117 244 129
-117 244 130
-117 244 131
-117 244 132
-117 244 133
-117 244 134
-117 244 135
-117 244 136
-117 244 137
-117 244 138
-117 244 139
-117 244 140
-117 244 141
-117 244 142
-117 244 143
-117 245 128
-117 245 129
-117 245 130
-117 245 131
-117 245 132
-117 245 133
-117 245 134
-117 245 135
-117 245 136
-117 245 137
-117 245 138
-117 245 139
-117 245 140
-117 245 141
-117 245 142
-117 245 143
-117 246 128
-117 246 129
-117 246 130
-117 246 131
-117 246 132
-117 246 133
-117 246 134
-117 246 135
-117 246 136
-117 246 137
-117 246 138
-117 246 139
-117 246 140
-117 246 141
-117 246 142
-117 246 143
-117 247 128
-117 247 129
-117 247 130
-117 247 131
-117 247 132
-117 247 133
-117 247 134
-117 247 135
-117 247 137
-117 247 138
-117 247 139
-117 247 140
-117 247 141
-117 247 142
-117 247 143
-117 248 128
-117 248 129
-117 248 130
-117 248 131
-117 248 132
-117 248 133
-117 248 134
-117 248 136
-117 248 137
-117 248 138
-117 248 139
-117 248 140
-117 248 141
-117 248 142
-117 248 143
-117 249 129
-117 249 130
-117 249 131
-117 249 134
-117 249 135
-117 249 138
-117 249 139
-117 249 140
-117 249 141
-117 249 142
-117 249 143
-117 250 131
-117 250 135
-117 250 139
-117 250 141
-117 250 143
-117 251 141
-116 227 129
-116 227 130
-116 228 128
-116 228 129
-116 228 130
-116 228 131
-116 229 128
-116 229 129
-116 229 130
-116 229 131
-116 230 128
-116 230 129
-116 230 131
-116 230 132
-116 230 137
-116 231 128
-116 231 129
-116 231 130
-116 231 131
-116 231 132
-116 231 133
-116 231 135
-116 231 137
-116 231 138
-116 231 142
-116 232 128
-116 232 129
-116 232 130
-116 232 131
-116 232 132
-116 232 133
-116 232 134
-116 232 135
-116 232 137
-116 232 138
-116 232 139
-116 232 141
-116 232 142
-116 232 143
-116 233 128
-116 233 129
-116 233 130
-116 233 131
-116 233 132
-116 233 133
-116 233 134
-116 233 135
-116 233 136
-116 233 137
-116 233 140
-116 233 141
-116 233 142
-116 233 143
-116 234 128
-116 234 129
-116 234 130
-116 234 131
-116 234 132
-116 234 133
-116 234 134
-116 234 135
-116 234 136
-116 234 137
-116 234 138
-116 234 139
-116 234 140
-116 234 141
-116 234 142
-116 234 143
-116 235 128
-116 235 129
-116 235 130
-116 235 131
-116 235 132
-116 235 133
-116 235 134
-116 235 135
-116 235 136
-116 235 137
-116 235 138
-116 235 139
-116 235 140
-116 235 141
-116 235 142
-116 235 143
-116 236 128
-116 236 129
-116 236 130
-116 236 131
-116 236 132
-116 236 133
-116 236 134
-116 236 135
-116 236 136
-116 236 137
-116 236 138
-116 236 139
-116 236 140
-116 236 141
-116 236 142
-116 236 143
-116 237 128
-116 237 129
-116 237 130
-116 237 131
-116 237 132
-116 237 133
-116 237 134
-116 237 135
-116 237 136
-116 237 137
-116 237 138
-116 237 139
-116 237 140
-116 237 141
-116 237 142
-116 237 143
-116 238 128
-116 238 129
-116 238 130
-116 238 131
-116 238 132
-116 238 133
-116 238 134
-116 238 135
-116 238 136
-116 238 137
-116 238 138
-116 238 139
-116 238 140
-116 238 141
-116 238 142
-116 238 143
-116 239 128
-116 239 129
-116 239 130
-116 239 131
-116 239 132
-116 239 133
-116 239 134
-116 239 135
-116 239 136
-116 239 137
-116 239 138
-116 239 139
-116 239 140
-116 239 141
-116 239 142
-116 239 143
-116 240 128
-116 240 129
-116 240 130
-116 240 131
-116 240 132
-116 240 133
-116 240 134
-116 240 135
-116 240 136
-116 240 137
-116 240 138
-116 240 139
-116 240 140
-116 240 141
-116 240 142
-116 240 143
-116 241 128
-116 241 129
-116 241 130
-116 241 131
-116 241 132
-116 241 133
-116 241 134
-116 241 135
-116 241 136
-116 241 137
-116 241 138
-116 241 139
-116 241 140
-116 241 141
-116 241 142
-116 241 143
-116 242 128
-116 242 129
-116 242 130
-116 242 131
-116 242 132
-116 242 133
-116 242 134
-116 242 135
-116 242 136
-116 242 137
-116 242 138
-116 242 139
-116 242 140
-116 242 141
-116 242 142
-116 242 143
-116 243 128
-116 243 129
-116 243 130
-116 243 131
-116 243 132
-116 243 133
-116 243 134
-116 243 135
-116 243 136
-116 243 137
-116 243 138
-116 243 139
-116 243 140
-116 243 141
-116 243 142
-116 243 143
-116 244 128
-116 244 129
-116 244 130
-116 244 131
-116 244 132
-116 244 133
-116 244 134
-116 244 135
-116 244 136
-116 244 137
-116 244 138
-116 244 139
-116 244 140
-116 244 141
-116 244 142
-116 244 143
-116 245 128
-116 245 129
-116 245 130
-116 245 131
-116 245 132
-116 245 133
-116 245 134
-116 245 135
-116 245 136
-116 245 137
-116 245 138
-116 245 139
-116 245 140
-116 245 141
-116 245 142
-116 245 143
-116 246 128
-116 246 129
-116 246 130
-116 246 131
-116 246 132
-116 246 133
-116 246 134
-116 246 135
-116 246 136
-116 246 137
-116 246 138
-116 246 139
-116 246 140
-116 246 141
-116 246 142
-116 246 143
-116 247 128
-116 247 129
-116 247 130
-116 247 131
-116 247 132
-116 247 133
-116 247 134
-116 247 135
-116 247 136
-116 247 137
-116 247 138
-116 247 139
-116 247 140
-116 247 141
-116 247 142
-116 247 143
-116 248 129
-116 248 130
-116 248 131
-116 248 132
-116 248 133
-116 248 134
-116 248 135
-116 248 136
-116 248 137
-116 248 139
-116 248 140
-116 248 141
-116 248 142
-116 248 143
-116 249 130
-116 249 132
-116 249 133
-116 249 134
-116 249 135
-116 249 136
-116 249 137
-116 249 138
-116 249 139
-116 249 140
-116 249 141
-116 249 142
-116 250 132
-116 250 134
-116 250 135
-116 250 136
-116 250 139
-116 250 140
-116 250 142
-116 250 143
-116 251 135
-116 251 136
-116 251 139
-116 251 140
-116 252 140
-115 227 128
-115 228 128
-115 228 129
-115 228 130
-115 228 131
-115 229 128
-115 229 129
-115 229 130
-115 229 131
-115 230 128
-115 230 129
-115 230 130
-115 230 131
-115 230 132
-115 230 134
-115 231 128
-115 231 129
-115 231 130
-115 231 131
-115 231 132
-115 231 133
-115 231 134
-115 231 138
-115 232 128
-115 232 129
-115 232 130
-115 232 131
-115 232 132
-115 232 133
-115 232 135
-115 232 136
-115 232 138
-115 232 139
-115 232 140
-115 232 142
-115 232 143
-115 233 128
-115 233 129
-115 233 130
-115 233 131
-115 233 132
-115 233 133
-115 233 134
-115 233 135
-115 233 136
-115 233 138
-115 233 139
-115 233 140
-115 233 141
-115 233 142
-115 234 128
-115 234 129
-115 234 130
-115 234 131
-115 234 132
-115 234 133
-115 234 134
-115 234 135
-115 234 136
-115 234 137
-115 234 138
-115 234 139
-115 234 140
-115 234 141
-115 234 142
-115 235 128
-115 235 129
-115 235 130
-115 235 131
-115 235 132
-115 235 133
-115 235 134
-115 235 135
-115 235 136
-115 235 137
-115 235 138
-115 235 139
-115 235 140
-115 235 141
-115 235 142
-115 235 143
-115 236 128
-115 236 129
-115 236 130
-115 236 131
-115 236 132
-115 236 133
-115 236 134
-115 236 135
-115 236 136
-115 236 137
-115 236 138
-115 236 139
-115 236 140
-115 236 141
-115 236 142
-115 236 143
-115 237 128
-115 237 129
-115 237 130
-115 237 131
-115 237 132
-115 237 133
-115 237 134
-115 237 135
-115 237 136
-115 237 137
-115 237 138
-115 237 139
-115 237 140
-115 237 141
-115 237 142
-115 237 143
-115 238 128
-115 238 129
-115 238 130
-115 238 131
-115 238 132
-115 238 133
-115 238 134
-115 238 135
-115 238 136
-115 238 137
-115 238 138
-115 238 139
-115 238 140
-115 238 141
-115 238 142
-115 238 143
-115 239 128
-115 239 129
-115 239 130
-115 239 131
-115 239 132
-115 239 133
-115 239 134
-115 239 135
-115 239 136
-115 239 137
-115 239 138
-115 239 139
-115 239 140
-115 239 141
-115 239 142
-115 239 143
-115 240 128
-115 240 129
-115 240 130
-115 240 131
-115 240 132
-115 240 133
-115 240 134
-115 240 135
-115 240 136
-115 240 137
-115 240 138
-115 240 139
-115 240 140
-115 240 141
-115 240 142
-115 240 143
-115 241 128
-115 241 129
-115 241 130
-115 241 131
-115 241 132
-115 241 133
-115 241 134
-115 241 135
-115 241 136
-115 241 137
-115 241 138
-115 241 139
-115 241 140
-115 241 141
-115 241 142
-115 241 143
-115 242 128
-115 242 129
-115 242 130
-115 242 131
-115 242 132
-115 242 133
-115 242 134
-115 242 135
-115 242 136
-115 242 137
-115 242 138
-115 242 139
-115 242 140
-115 242 141
-115 242 142
-115 242 143
-115 243 128
-115 243 129
-115 243 130
-115 243 131
-115 243 132
-115 243 133
-115 243 134
-115 243 135
-115 243 136
-115 243 137
-115 243 138
-115 243 139
-115 243 140
-115 243 141
-115 243 142
-115 243 143
-115 244 128
-115 244 129
-115 244 130
-115 244 131
-115 244 132
-115 244 133
-115 244 134
-115 244 135
-115 244 136
-115 244 137
-115 244 138
-115 244 139
-115 244 140
-115 244 141
-115 244 142
-115 244 143
-115 245 128
-115 245 129
-115 245 130
-115 245 131
-115 245 132
-115 245 133
-115 245 134
-115 245 135
-115 245 136
-115 245 137
-115 245 138
-115 245 139
-115 245 140
-115 245 141
-115 245 142
-115 245 143
-115 246 128
-115 246 129
-115 246 131
-115 246 133
-115 246 134
-115 246 135
-115 246 136
-115 246 137
-115 246 138
-115 246 139
-115 246 140
-115 246 141
-115 246 142
-115 246 143
-115 247 128
-115 247 129
-115 247 130
-115 247 131
-115 247 132
-115 247 133
-115 247 134
-115 247 135
-115 247 136
-115 247 137
-115 247 138
-115 247 139
-115 247 140
-115 247 141
-115 247 142
-115 247 143
-115 248 128
-115 248 129
-115 248 130
-115 248 131
-115 248 132
-115 248 134
-115 248 135
-115 248 136
-115 248 137
-115 248 138
-115 248 141
-115 248 142
-115 248 143
-115 249 130
-115 249 131
-115 249 132
-115 249 133
-115 249 134
-115 249 135
-115 249 136
-115 249 137
-115 249 141
-115 249 142
-115 249 143
-115 250 131
-115 250 133
-115 250 134
-115 250 135
-115 250 136
-115 250 139
-115 250 140
-115 250 141
-115 250 142
-115 251 135
-115 251 136
-115 252 135
-115 252 136
-114 225 128
-114 225 129
-114 226 128
-114 226 129
-114 226 130
-114 227 128
-114 227 129
-114 227 130
-114 227 131
-114 228 128
-114 228 130
-114 228 131
-114 229 128
-114 229 129
-114 229 130
-114 229 131
-114 229 132
-114 229 133
-114 230 128
-114 230 129
-114 230 130
-114 230 131
-114 230 132
-114 230 133
-114 231 128
-114 231 129
-114 231 130
-114 231 131
-114 231 132
-114 231 133
-114 231 134
-114 232 128
-114 232 129
-114 232 130
-114 232 131
-114 232 132
-114 232 133
-114 232 134
-114 232 135
-114 232 138
-114 232 139
-114 233 128
-114 233 129
-114 233 130
-114 233 131
-114 233 132
-114 233 133
-114 233 134
-114 233 135
-114 233 136
-114 233 137
-114 233 138
-114 233 142
-114 234 128
-114 234 129
-114 234 130
-114 234 131
-114 234 132
-114 234 133
-114 234 134
-114 234 135
-114 234 136
-114 234 137
-114 234 138
-114 234 139
-114 234 142
-114 235 128
-114 235 129
-114 235 130
-114 235 131
-114 235 132
-114 235 133
-114 235 134
-114 235 135
-114 235 136
-114 235 137
-114 235 138
-114 235 139
-114 235 140
-114 235 141
-114 235 142
-114 235 143
-114 236 128
-114 236 129
-114 236 130
-114 236 131
-114 236 132
-114 236 133
-114 236 134
-114 236 135
-114 236 136
-114 236 137
-114 236 138
-114 236 139
-114 236 140
-114 236 141
-114 236 142
-114 236 143
-114 237 128
-114 237 129
-114 237 130
-114 237 131
-114 237 132
-114 237 133
-114 237 134
-114 237 135
-114 237 136
-114 237 137
-114 237 138
-114 237 139
-114 237 140
-114 237 141
-114 237 142
-114 237 143
-114 238 128
-114 238 129
-114 238 130
-114 238 131
-114 238 132
-114 238 133
-114 238 134
-114 238 135
-114 238 136
-114 238 137
-114 238 138
-114 238 139
-114 238 140
-114 238 141
-114 238 142
-114 238 143
-114 239 128
-114 239 129
-114 239 130
-114 239 131
-114 239 132
-114 239 133
-114 239 134
-114 239 135
-114 239 136
-114 239 137
-114 239 138
-114 239 139
-114 239 140
-114 239 141
-114 239 142
-114 239 143
-114 240 128
-114 240 129
-114 240 130
-114 240 131
-114 240 132
-114 240 133
-114 240 134
-114 240 135
-114 240 136
-114 240 137
-114 240 138
-114 240 139
-114 240 140
-114 240 141
-114 240 142
-114 240 143
-114 241 128
-114 241 129
-114 241 130
-114 241 131
-114 241 132
-114 241 133
-114 241 134
-114 241 135
-114 241 136
-114 241 137
-114 241 138
-114 241 139
-114 241 140
-114 241 141
-114 241 142
-114 241 143
-114 242 128
-114 242 129
-114 242 130
-114 242 131
-114 242 132
-114 242 133
-114 242 134
-114 242 135
-114 242 136
-114 242 137
-114 242 138
-114 242 139
-114 242 140
-114 242 141
-114 242 142
-114 242 143
-114 243 128
-114 243 129
-114 243 130
-114 243 131
-114 243 132
-114 243 133
-114 243 134
-114 243 135
-114 243 136
-114 243 137
-114 243 138
-114 243 139
-114 243 140
-114 243 141
-114 243 142
-114 243 143
-114 244 128
-114 244 129
-114 244 130
-114 244 131
-114 244 132
-114 244 133
-114 244 134
-114 244 135
-114 244 136
-114 244 137
-114 244 138
-114 244 139
-114 244 140
-114 244 141
-114 244 142
-114 244 143
-114 245 128
-114 245 129
-114 245 130
-114 245 131
-114 245 132
-114 245 133
-114 245 134
-114 245 135
-114 245 136
-114 245 137
-114 245 138
-114 245 139
-114 245 140
-114 245 141
-114 245 142
-114 245 143
-114 246 128
-114 246 129
-114 246 130
-114 246 131
-114 246 132
-114 246 133
-114 246 134
-114 246 135
-114 246 136
-114 246 137
-114 246 138
-114 246 139
-114 246 140
-114 246 141
-114 246 142
-114 246 143
-114 247 128
-114 247 129
-114 247 130
-114 247 131
-114 247 132
-114 247 133
-114 247 134
-114 247 135
-114 247 136
-114 247 137
-114 247 138
-114 247 139
-114 247 140
-114 247 141
-114 247 142
-114 247 143
-114 248 128
-114 248 129
-114 248 130
-114 248 131
-114 248 132
-114 248 133
-114 248 134
-114 248 135
-114 248 137
-114 248 138
-114 248 139
-114 248 141
-114 248 142
-114 248 143
-114 249 128
-114 249 129
-114 249 130
-114 249 132
-114 249 133
-114 249 134
-114 249 135
-114 249 136
-114 249 137
-114 249 139
-114 249 140
-114 249 141
-114 249 142
-114 250 129
-114 250 130
-114 250 132
-114 250 133
-114 250 134
-114 250 135
-114 250 136
-114 250 137
-114 250 141
-114 251 135
-114 251 136
-113 225 128
-113 225 129
-113 225 130
-113 226 128
-113 226 129
-113 226 130
-113 227 128
-113 227 129
-113 227 130
-113 227 131
-113 227 132
-113 228 128
-113 228 129
-113 228 130
-113 228 131
-113 228 132
-113 228 133
-113 229 128
-113 229 129
-113 229 130
-113 229 131
-113 229 132
-113 229 133
-113 229 134
-113 230 128
-113 230 129
-113 230 130
-113 230 131
-113 230 132
-113 230 134
-113 230 135
-113 231 128
-113 231 129
-113 231 130
-113 231 131
-113 231 132
-113 231 133
-113 231 134
-113 231 135
-113 231 136
-113 232 128
-113 232 129
-113 232 130
-113 232 131
-113 232 132
-113 232 133
-113 232 134
-113 232 136
-113 233 128
-113 233 129
-113 233 130
-113 233 131
-113 233 132
-113 233 133
-113 233 134
-113 233 135
-113 233 136
-113 233 137
-113 233 138
-113 233 139
-113 234 128
-113 234 129
-113 234 130
-113 234 131
-113 234 132
-113 234 133
-113 234 134
-113 234 135
-113 234 136
-113 234 137
-113 234 138
-113 234 139
-113 234 141
-113 234 142
-113 235 128
-113 235 129
-113 235 130
-113 235 131
-113 235 132
-113 235 133
-113 235 134
-113 235 135
-113 235 136
-113 235 137
-113 235 138
-113 235 140
-113 235 141
-113 235 142
-113 235 143
-113 236 128
-113 236 129
-113 236 130
-113 236 131
-113 236 132
-113 236 133
-113 236 134
-113 236 135
-113 236 136
-113 236 137
-113 236 138
-113 236 139
-113 236 140
-113 236 141
-113 236 142
-113 236 143
-113 237 128
-113 237 129
-113 237 130
-113 237 131
-113 237 132
-113 237 133
-113 237 134
-113 237 135
-113 237 136
-113 237 137
-113 237 138
-113 237 139
-113 237 140
-113 237 141
-113 237 142
-113 237 143
-113 238 128
-113 238 129
-113 238 130
-113 238 131
-113 238 132
-113 238 133
-113 238 134
-113 238 135
-113 238 136
-113 238 137
-113 238 138
-113 238 139
-113 238 140
-113 238 141
-113 238 142
-113 238 143
-113 239 128
-113 239 129
-113 239 130
-113 239 131
-113 239 132
-113 239 133
-113 239 134
-113 239 135
-113 239 136
-113 239 137
-113 239 138
-113 239 139
-113 239 140
-113 239 141
-113 239 142
-113 239 143
-113 240 128
-113 240 129
-113 240 130
-113 240 131
-113 240 132
-113 240 133
-113 240 134
-113 240 135
-113 240 136
-113 240 137
-113 240 138
-113 240 139
-113 240 140
-113 240 141
-113 240 142
-113 240 143
-113 241 128
-113 241 129
-113 241 130
-113 241 131
-113 241 132
-113 241 133
-113 241 134
-113 241 135
-113 241 136
-113 241 137
-113 241 138
-113 241 139
-113 241 140
-113 241 141
-113 241 142
-113 241 143
-113 242 128
-113 242 129
-113 242 130
-113 242 131
-113 242 132
-113 242 133
-113 242 134
-113 242 135
-113 242 136
-113 242 137
-113 242 138
-113 242 139
-113 242 140
-113 242 141
-113 242 142
-113 242 143
-113 243 128
-113 243 129
-113 243 130
-113 243 131
-113 243 132
-113 243 133
-113 243 134
-113 243 135
-113 243 136
-113 243 137
-113 243 138
-113 243 139
-113 243 140
-113 243 141
-113 243 142
-113 243 143
-113 244 128
-113 244 129
-113 244 130
-113 244 131
-113 244 132
-113 244 133
-113 244 134
-113 244 135
-113 244 136
-113 244 137
-113 244 138
-113 244 139
-113 244 140
-113 244 141
-113 244 142
-113 244 143
-113 245 128
-113 245 129
-113 245 130
-113 245 131
-113 245 132
-113 245 133
-113 245 134
-113 245 135
-113 245 136
-113 245 137
-113 245 138
-113 245 139
-113 245 140
-113 245 141
-113 245 142
-113 245 143
-113 246 128
-113 246 129
-113 246 130
-113 246 131
-113 246 132
-113 246 133
-113 246 134
-113 246 135
-113 246 136
-113 246 137
-113 246 138
-113 246 139
-113 246 140
-113 246 141
-113 246 142
-113 246 143
-113 247 128
-113 247 129
-113 247 130
-113 247 131
-113 247 132
-113 247 133
-113 247 134
-113 247 135
-113 247 136
-113 247 137
-113 247 138
-113 247 139
-113 247 140
-113 247 141
-113 247 142
-113 247 143
-113 248 128
-113 248 129
-113 248 130
-113 248 131
-113 248 132
-113 248 133
-113 248 134
-113 248 135
-113 248 136
-113 248 137
-113 248 138
-113 248 141
-113 248 142
-113 248 143
-113 249 128
-113 249 129
-113 249 131
-113 249 132
-113 249 133
-113 249 134
-113 249 136
-113 249 137
-113 249 138
-113 249 142
-113 249 143
-113 250 131
-113 250 133
-113 250 134
-113 250 135
-113 250 136
-113 250 142
-113 251 135
-113 251 136
-113 252 135

