alfheim:altWood1
12
112 209 -87
112 209 -86
112 209 -85
112 209 -84
112 209 -83
112 209 -82
112 209 -81
112 210 -88
112 210 -87
112 210 -86
112 210 -85
112 210 -84
112 210 -83
112 210 -82
112 210 -81
112 211 -89
112 211 -88
112 211 -87
112 211 -86
112 211 -85
112 211 -84
112 211 -83
112 211 -82
112 211 -81
112 212 -90
112 212 -89
112 212 -88
112 212 -87
112 212 -86
112 212 -85
112 212 -84
112 212 -83
112 212 -82
112 212 -81
112 213 -91
112 213 -90
112 213 -89
112 213 -88
112 213 -87
112 213 -86
112 213 -85
112 213 -84
112 213 -83
112 213 -82
112 213 -81
112 214 -92
112 214 -91
112 214 -90
112 214 -89
112 214 -88
112 214 -87
112 214 -86
112 214 -85
112 214 -84
112 214 -83
112 214 -82
112 214 -81
112 215 -93
112 215 -92
112 215 -91
112 215 -90
112 215 -89
112 215 -88
112 215 -87
112 215 -86
112 215 -85
112 215 -84
112 215 -83
112 215 -82
112 215 -81
112 216 -94
112 216 -93
112 216 -92
112 216 -91
112 216 -90
112 216 -89
112 216 -88
112 216 -87
112 216 -86
112 216 -85
112 216 -84
112 216 -83
112 216 -82
112 216 -81
112 217 -96
112 217 -95
112 217 -94
112 217 -92
112 217 -91
112 217 -90
112 217 -89
112 217 -88
112 217 -87
112 217 -86
112 217 -85
112 217 -84
112 217 -83
112 217 -82
112 217 -81
112 218 -96
112 218 -95
112 218 -89
112 218 -88
112 218 -87
112 218 -86
112 218 -85
112 218 -84
112 218 -83
112 218 -82
112 218 -81
112 219 -96
112 219 -87
112 219 -86
112 219 -85
112 219 -84
112 219 -83
112 219 -82
112 219 -81
112 220 -86
112 220 -85
112 220 -84
112 220 -83
112 220 -82
112 220 -81
112 221 -84
112 221 -83
112 221 -82
112 221 -81
113 209 -87
113 209 -86
113 209 -85
113 209 -84
113 209 -83
113 209 -82
113 209 -81
113 210 -88
113 210 -87
113 210 -86
113 210 -85
113 210 -84
113 210 -83
113 210 -82
113 210 -81
113 211 -90
113 211 -89
113 211 -88
113 211 -87
113 211 -86
113 211 -85
113 211 -84
113 211 -83
113 211 -82
113 211 -81
113 212 -91
113 212 -90
113 212 -89
113 212 -88
113 212 -87
113 212 -86
113 212 -85
113 212 -84
113 212 -83
113 212 -82
113 212 -81
113 213 -93
113 213 -92
113 213 -91
113 213 -90
113 213 -89
113 213 -88
113 213 -87
113 213 -86
113 213 -85
113 213 -84
113 213 -83
113 213 -82
113 213 -81
113 214 -94
113 214 -93
113 214 -92
113 214 -91
113 214 -90
113 214 -89
113 214 -88
113 214 -87
113 214 -86
113 214 -85
113 214 -84
113 214 -83
113 214 -82
113 214 -81
113 215 -95
113 215 -94
113 215 -93
113 215 -92
113 215 -91
113 215 -90
113 215 -89
113 215 -88
113 215 -87
113 215 -86
113 215 -85
113 215 -84
113 215 -83
113 215 -82
113 215 -81
113 216 -96
113 216 -95
113 216 -94
113 216 -93
113 216 -92
113 216 -91
113 216 -90
113 216 -89
113 216 -88
113 216 -87
113 216 -86
113 216 -85
113 216 -84
113 216 -83
113 216 -82
113 216 -81
113 217 -96
113 217 -95
113 217 -94
113 217 -93
113 217 -92
113 217 -91
113 217 -90
113 217 -89
113 217 -88
113 217 -87
113 217 -86
113 217 -85
113 217 -84
113 217 -83
113 217 -82
113 217 -81
113 218 -96
113 218 -95
113 218 -94
113 218 -93
113 218 -92
113 218 -91
113 218 -90
113 218 -89
113 218 -88
113 218 -87
113 218 -86
113 218 -85
113 218 -84
113 218 -83
113 218 -82
113 218 -81
113 219 -96
113 219 -95
113 219 -88
113 219 -87
113 219 -86
113 219 -85
113 219 -84
113 219 -83
113 219 -82
113 219 -81
113 220 -85
113 220 -84
113 220 -83
113 220 -82
113 220 -81
114 209 -87
114 209 -86
114 209 -85
114 209 -84
114 209 -83
114 209 -82
114 209 -81
114 210 -89
114 210 -88
114 210 -87
114 210 -86
114 210 -85
114 210 -84
114 210 -83
114 210 -82
114 210 -81
114 211 -92
114 211 -91
114 211 -90
114 211 -89
114 211 -88
114 211 -87
114 211 -86
114 211 -85
114 211 -84
114 211 -83
114 211 -82
114 211 -81
114 212 -93
114 212 -92
114 212 -91
114 212 -90
114 212 -89
114 212 -88
114 212 -87
114 212 -86
114 212 -85
114 212 -84
114 212 -83
114 212 -82
114 212 -81
114 213 -94
114 213 -93
114 213 -92
114 213 -91
114 213 -90
114 213 -89
114 213 -88
114 213 -87
114 213 -86
114 213 -85
114 213 -84
114 213 -83
114 213 -82
114 213 -81
114 214 -95
114 214 -94
114 214 -93
114 214 -92
114 214 -91
114 214 -90
114 214 -89
114 214 -88
114 214 -87
114 214 -86
114 214 -85
114 214 -84
114 214 -83
114 214 -82
114 214 -81
114 215 -96
114 215 -95
114 215 -94
114 215 -93
114 215 -92
114 215 -91
114 215 -90
114 215 -89
114 215 -88
114 215 -87
114 215 -86
114 215 -85
114 215 -84
114 215 -83
114 215 -82
114 215 -81
114 216 -96
114 216 -95
114 216 -94
114 216 -93
114 216 -92
114 216 -91
114 216 -90
114 216 -89
114 216 -88
114 216 -87
114 216 -86
114 216 -85
114 216 -84
114 216 -83
114 216 -82
114 216 -81
114 217 -96
114 217 -95
114 217 -94
114 217 -93
114 217 -92
114 217 -91
114 217 -90
114 217 -89
114 217 -88
114 217 -87
114 217 -86
114 217 -85
114 217 -84
114 217 -83
114 217 -82
114 217 -81
114 218 -96
114 218 -95
114 218 -94
114 218 -93
114 218 -92
114 218 -91
114 218 -90
114 218 -89
114 218 -88
114 218 -87
114 218 -86
114 218 -85
114 218 -84
114 218 -83
114 218 -82
114 218 -81
114 219 -96
114 219 -95
114 219 -94
114 219 -93
114 219 -92
114 219 -91
114 219 -90
114 219 -89
114 219 -88
114 219 -87
114 219 -86
114 219 -85
114 219 -84
114 219 -83
114 219 -82
114 219 -81
114 220 -96
114 220 -84
114 220 -83
114 220 -82
114 220 -81
115 209 -88
115 209 -87
115 209 -86
115 209 -85
115 209 -84
115 209 -83
115 209 -82
115 209 -81
115 210 -92
115 210 -91
115 210 -90
115 210 -89
115 210 -88
115 210 -87
115 210 -86
115 210 -85
115 210 -84
115 210 -83
115 210 -82
115 210 -81
115 211 -93
115 211 -92
115 211 -91
115 211 -90
115 211 -89
115 211 -88
115 211 -87
115 211 -86
115 211 -85
115 211 -84
115 211 -83
115 211 -82
115 211 -81
115 212 -94
115 212 -93
115 212 -92
115 212 -91
115 212 -90
115 212 -89
115 212 -88
115 212 -87
115 212 -86
115 212 -85
115 212 -84
115 212 -83
115 212 -82
115 212 -81
115 213 -95
115 213 -94
115 213 -93
115 213 -92
115 213 -91
115 213 -90
115 213 -89
115 213 -88
115 213 -87
115 213 -86
115 213 -85
115 213 -84
115 213 -83
115 213 -82
115 213 -81
115 214 -96
115 214 -95
115 214 -94
115 214 -93
115 214 -92
115 214 -91
115 214 -90
115 214 -89
115 214 -88
115 214 -87
115 214 -86
115 214 -85
115 214 -84
115 214 -83
115 214 -82
115 214 -81
115 215 -96
115 215 -95
115 215 -94
115 215 -93
115 215 -92
115 215 -91
115 215 -90
115 215 -89
115 215 -88
115 215 -87
115 215 -86
115 215 -85
115 215 -84
115 215 -83
115 215 -82
115 215 -81
115 216 -96
115 216 -95
115 216 -94
115 216 -93
115 216 -92
115 216 -91
115 216 -90
115 216 -89
115 216 -88
115 216 -87
115 216 -86
115 216 -85
115 216 -84
115 216 -83
115 216 -82
115 216 -81
115 217 -96
115 217 -95
115 217 -94
115 217 -93
115 217 -92
115 217 -91
115 217 -90
115 217 -89
115 217 -88
115 217 -87
115 217 -86
115 217 -85
115 217 -84
115 217 -83
115 217 -82
115 217 -81
115 218 -96
115 218 -95
115 218 -94
115 218 -93
115 218 -92
115 218 -91
115 218 -90
115 218 -89
115 218 -88
115 218 -87
115 218 -86
115 218 -85
115 218 -84
115 218 -83
115 218 -82
115 218 -81
115 219 -96
115 219 -95
115 219 -94
115 219 -93
115 219 -92
115 219 -91
115 219 -90
115 219 -89
115 219 -88
115 219 -87
115 219 -86
115 219 -85
115 219 -84
115 219 -83
115 219 -82
115 219 -81
115 220 -96
115 220 -81
116 209 -88
116 209 -87
116 209 -86
116 209 -85
116 209 -84
116 210 -93
116 210 -92
116 210 -91
116 210 -90
116 210 -89
116 210 -88
116 210 -87
116 210 -86
116 210 -85
116 210 -84
116 210 -83
116 210 -82
116 211 -94
116 211 -93
116 211 -92
116 211 -91
116 211 -90
116 211 -89
116 211 -88
116 211 -87
116 211 -86
116 211 -85
116 211 -84
116 211 -83
116 211 -82
116 212 -95
116 212 -94
116 212 -93
116 212 -92
116 212 -91
116 212 -90
116 212 -89
116 212 -88
116 212 -87
116 212 -86
116 212 -85
116 212 -84
116 212 -83
116 212 -82
116 212 -81
116 213 -96
116 213 -95
116 213 -94
116 213 -93
116 213 -92
116 213 -91
116 213 -90
116 213 -89
116 213 -88
116 213 -87
116 213 -86
116 213 -85
116 213 -84
116 213 -83
116 213 -82
116 213 -81
116 214 -96
116 214 -95
116 214 -94
116 214 -93
116 214 -92
116 214 -91
116 214 -90
116 214 -89
116 214 -88
116 214 -87
116 214 -86
116 214 -85
116 214 -84
116 214 -83
116 214 -82
116 214 -81
116 215 -96
116 215 -95
116 215 -94
116 215 -93
116 215 -92
116 215 -91
116 215 -90
116 215 -89
116 215 -88
116 215 -87
116 215 -86
116 215 -85
116 215 -84
116 215 -83
116 215 -82
116 215 -81
116 216 -96
116 216 -95
116 216 -94
116 216 -93
116 216 -92
116 216 -91
116 216 -90
116 216 -89
116 216 -88
116 216 -87
116 216 -86
116 216 -85
116 216 -84
116 216 -83
116 216 -82
116 216 -81
116 217 -96
116 217 -95
116 217 -94
116 217 -93
116 217 -92
116 217 -91
116 217 -90
116 217 -89
116 217 -88
116 217 -87
116 217 -86
116 217 -85
116 217 -84
116 217 -83
116 217 -82
116 217 -81
116 218 -96
116 218 -95
116 218 -94
116 218 -93
116 218 -92
116 218 -91
116 218 -90
116 218 -89
116 218 -88
116 218 -87
116 218 -86
116 218 -85
116 218 -84
116 218 -83
116 218 -82
116 218 -81
116 219 -96
116 219 -95
116 219 -94
116 219 -93
116 219 -92
116 219 -91
116 219 -90
116 219 -89
116 219 -88
116 219 -87
116 219 -86
116 219 -85
116 219 -84
116 219 -81
116 220 -96
116 220 -95
116 220 -94
116 220 -93
116 220 -92
116 220 -91
116 220 -90
116 220 -89
117 209 -87
117 209 -86
117 209 -85
117 210 -93
117 210 -92
117 210 -91
117 210 -90
117 210 -89
117 210 -88
117 210 -87
117 210 -86
117 210 -85
117 210 -84
117 210 -83
117 211 -94
117 211 -93
117 211 -92
117 211 -91
117 211 -90
117 211 -89
117 211 -88
117 211 -87
117 211 -86
117 211 -85
117 211 -84
117 211 -83
117 211 -82
117 212 -95
117 212 -94
117 212 -93
117 212 -92
117 212 -91
117 212 -90
117 212 -89
117 212 -88
117 212 -87
117 212 -86
117 212 -85
117 212 -84
117 212 -83
117 212 -82
117 213 -96
117 213 -95
117 213 -94
117 213 -93
117 213 -92
117 213 -91
117 213 -90
117 213 -89
117 213 -88
117 213 -87
117 213 -86
117 213 -85
117 213 -84
117 213 -83
117 213 -82
117 213 -81
117 214 -96
117 214 -95
117 214 -94
117 214 -93
117 214 -92
117 214 -91
117 214 -90
117 214 -89
117 214 -88
117 214 -87
117 214 -86
117 214 -85
117 214 -84
117 214 -83
117 214 -82
117 214 -81
117 215 -96
117 215 -95
117 215 -94
117 215 -93
117 215 -92
117 215 -91
117 215 -90
117 215 -89
117 215 -88
117 215 -87
117 215 -86
117 215 -85
117 215 -84
117 215 -83
117 215 -82
117 215 -81
117 216 -96
117 216 -95
117 216 -94
117 216 -93
117 216 -92
117 216 -91
117 216 -90
117 216 -89
117 216 -88
117 216 -87
117 216 -86
117 216 -85
117 216 -84
117 216 -83
117 216 -82
117 216 -81
117 217 -96
117 217 -95
117 217 -94
117 217 -93
117 217 -92
117 217 -91
117 217 -90
117 217 -89
117 217 -88
117 217 -87
117 217 -86
117 217 -85
117 217 -84
117 217 -83
117 217 -82
117 217 -81
117 218 -96
117 218 -95
117 218 -94
117 218 -93
117 218 -92
117 218 -91
117 218 -90
117 218 -89
117 218 -88
117 218 -87
117 218 -86
117 218 -85
117 218 -84
117 218 -83
117 218 -82
117 218 -81
117 219 -96
117 219 -95
117 219 -94
117 219 -93
117 219 -92
117 219 -91
117 219 -90
117 219 -89
117 219 -88
117 219 -87
117 219 -86
117 219 -85
117 219 -81
117 220 -96
117 220 -95
117 220 -94
117 220 -93
117 220 -92
117 220 -91
117 220 -90
117 220 -89
117 221 -96
117 221 -95
117 221 -94
117 221 -93
118 210 -93
118 210 -92
118 210 -91
118 210 -90
118 210 -89
118 210 -88
118 210 -87
118 210 -86
118 210 -85
118 210 -84
118 211 -94
118 211 -93
118 211 -92
118 211 -91
118 211 -90
118 211 -89
118 211 -88
118 211 -87
118 211 -86
118 211 -85
118 211 -84
118 211 -83
118 212 -96
118 212 -95
118 212 -94
118 212 -93
118 212 -92
118 212 -91
118 212 -90
118 212 -89
118 212 -88
118 212 -87
118 212 -86
118 212 -85
118 212 -84
118 212 -83
118 212 -82
118 213 -96
118 213 -95
118 213 -94
118 213 -93
118 213 -92
118 213 -91
118 213 -90
118 213 -89
118 213 -88
118 213 -87
118 213 -86
118 213 -85
118 213 -84
118 213 -83
118 213 -82
118 214 -96
118 214 -95
118 214 -94
118 214 -93
118 214 -92
118 214 -91
118 214 -90
118 214 -89
118 214 -88
118 214 -87
118 214 -86
118 214 -85
118 214 -84
118 214 -83
118 214 -82
118 215 -96
118 215 -95
118 215 -94
118 215 -93
118 215 -92
118 215 -91
118 215 -90
118 215 -89
118 215 -88
118 215 -87
118 215 -86
118 215 -85
118 215 -84
118 215 -83
118 215 -82
118 215 -81
118 216 -96
118 216 -95
118 216 -94
118 216 -93
118 216 -92
118 216 -91
118 216 -90
118 216 -89
118 216 -88
118 216 -87
118 216 -86
118 216 -85
118 216 -84
118 216 -83
118 216 -82
118 216 -81
118 217 -96
118 217 -95
118 217 -94
118 217 -93
118 217 -92
118 217 -91
118 217 -90
118 217 -89
118 217 -88
118 217 -87
118 217 -86
118 217 -85
118 217 -84
118 217 -83
118 217 -82
118 217 -81
118 218 -96
118 218 -95
118 218 -94
118 218 -93
118 218 -92
118 218 -91
118 218 -90
118 218 -89
118 218 -88
118 218 -87
118 218 -86
118 218 -85
118 218 -84
118 218 -81
118 219 -96
118 219 -95
118 219 -94
118 219 -93
118 219 -92
118 219 -91
118 219 -90
118 219 -89
118 219 -88
118 219 -87
118 219 -81
118 220 -96
118 220 -95
118 220 -94
118 220 -93
118 220 -92
118 220 -91
118 220 -90
118 220 -81
118 221 -96
118 221 -95
118 221 -94
118 221 -93
118 221 -92
118 222 -95
119 210 -92
119 210 -91
119 210 -90
119 211 -94
119 211 -93
119 211 -92
119 211 -91
119 211 -90
119 211 -89
119 211 -88
119 211 -87
119 211 -86
119 211 -85
119 211 -84
119 212 -96
119 212 -95
119 212 -94
119 212 -93
119 212 -92
119 212 -91
119 212 -90
119 212 -89
119 212 -88
119 212 -87
119 212 -86
119 212 -85
119 212 -84
119 212 -83
119 213 -96
119 213 -95
119 213 -94
119 213 -93
119 213 -92
119 213 -91
119 213 -90
119 213 -89
119 213 -88
119 213 -87
119 213 -86
119 213 -85
119 213 -84
119 213 -83
119 214 -96
119 214 -95
119 214 -94
119 214 -93
119 214 -92
119 214 -91
119 214 -90
119 214 -89
119 214 -88
119 214 -87
119 214 -86
119 214 -85
119 214 -84
119 214 -83
119 215 -96
119 215 -95
119 215 -94
119 215 -93
119 215 -92
119 215 -91
119 215 -90
119 215 -89
119 215 -88
119 215 -87
119 215 -86
119 215 -85
119 215 -84
119 215 -83
119 216 -96
119 216 -95
119 216 -94
119 216 -93
119 216 -92
119 216 -91
119 216 -90
119 216 -89
119 216 -88
119 216 -87
119 216 -86
119 216 -85
119 216 -84
119 216 -83
119 216 -81
119 217 -96
119 217 -95
119 217 -94
119 217 -93
119 217 -92
119 217 -91
119 217 -90
119 217 -89
119 217 -88
119 217 -87
119 217 -86
119 217 -85
119 217 -84
119 217 -81
119 218 -96
119 218 -95
119 218 -94
119 218 -93
119 218 -92
119 218 -91
119 218 -90
119 218 -89
119 218 -88
119 218 -87
119 218 -81
119 219 -96
119 219 -95
119 219 -94
119 219 -93
119 219 -92
119 219 -91
119 219 -90
119 219 -89
119 219 -81
119 220 -96
119 220 -95
119 220 -94
119 220 -93
119 220 -92
119 220 -91
119 220 -90
119 220 -81
119 221 -96
119 221 -93
119 221 -92
120 211 -93
120 211 -92
120 211 -91
120 211 -90
120 211 -89
120 212 -96
120 212 -95
120 212 -94
120 212 -93
120 212 -92
120 212 -91
120 212 -90
120 212 -89
120 212 -88
120 212 -87
120 212 -86
120 212 -85
120 213 -96
120 213 -95
120 213 -94
120 213 -93
120 213 -92
120 213 -91
120 213 -90
120 213 -89
120 213 -88
120 213 -87
120 213 -86
120 213 -85
120 213 -84
120 214 -96
120 214 -95
120 214 -94
120 214 -93
120 214 -92
120 214 -91
120 214 -90
120 214 -89
120 214 -88
120 214 -87
120 214 -86
120 214 -85
120 214 -84
120 215 -96
120 215 -95
120 215 -94
120 215 -93
120 215 -92
120 215 -91
120 215 -90
120 215 -89
120 215 -88
120 215 -87
120 215 -86
120 215 -85
120 215 -84
120 216 -96
120 216 -95
120 216 -94
120 216 -93
120 216 -92
120 216 -91
120 216 -90
120 216 -89
120 216 -88
120 216 -87
120 216 -86
120 216 -85
120 216 -81
120 217 -96
120 217 -95
120 217 -94
120 217 -93
120 217 -92
120 217 -91
120 217 -90
120 217 -89
120 217 -88
120 217 -87
120 217 -81
120 218 -96
120 218 -95
120 218 -94
120 218 -93
120 218 -92
120 218 -91
120 218 -90
120 218 -89
120 218 -88
120 218 -81
120 219 -96
120 219 -95
120 219 -94
120 219 -93
120 219 -92
120 219 -91
120 219 -90
120 219 -89
120 219 -81
120 220 -96
120 220 -94
120 220 -93
120 220 -92
120 220 -91
120 220 -81
120 221 -96
120 221 -93
120 222 -96
121 212 -96
121 212 -95
121 212 -94
121 212 -93
121 212 -92
121 212 -91
121 212 -90
121 212 -89
121 213 -96
121 213 -95
121 213 -94
121 213 -93
121 213 -92
121 213 -91
121 213 -90
121 213 -89
121 213 -88
121 214 -96
121 214 -95
121 214 -94
121 214 -93
121 214 -92
121 214 -91
121 214 -90
121 214 -89
121 214 -88
121 215 -96
121 215 -95
121 215 -94
121 215 -93
121 215 -92
121 215 -91
121 215 -90
121 215 -89
121 215 -88
121 216 -96
121 216 -95
121 216 -94
121 216 -93
121 216 -92
121 216 -91
121 216 -90
121 216 -89
121 216 -88
121 217 -96
121 217 -95
121 217 -94
121 217 -93
121 217 -92
121 217 -91
121 217 -90
121 217 -89
121 217 -88
121 217 -81
121 218 -96
121 218 -95
121 218 -94
121 218 -93
121 218 -92
121 218 -91
121 218 -90
121 218 -89
121 218 -81
121 219 -96
121 219 -95
121 219 -94
121 219 -93
121 219 -92
121 219 -91
121 219 -90
121 219 -81
121 220 -96
121 220 -95
121 220 -94
121 220 -93
121 220 -92
121 220 -91
121 221 -96
121 221 -94
121 221 -92
121 222 -96
121 222 -94
122 212 -95
122 212 -94
122 213 -96
122 213 -95
122 213 -94
122 213 -93
122 213 -92
122 213 -91
122 213 -90
122 214 -96
122 214 -95
122 214 -94
122 214 -93
122 214 -92
122 214 -91
122 214 -90
122 214 -89
122 215 -96
122 215 -95
122 215 -94
122 215 -93
122 215 -92
122 215 -91
122 215 -90
122 215 -89
122 216 -96
122 216 -95
122 216 -94
122 216 -93
122 216 -92
122 216 -91
122 216 -90
122 216 -89
122 217 -96
122 217 -95
122 217 -94
122 217 -93
122 217 -92
122 217 -91
122 217 -90
122 218 -96
122 218 -95
122 218 -94
122 218 -93
122 218 -92
122 218 -91
122 218 -90
122 219 -96
122 219 -95
122 219 -94
122 219 -93
122 219 -92
122 219 -91
122 220 -96
122 220 -95
122 220 -94
122 220 -93
122 220 -92
122 221 -96
122 221 -95
122 221 -94
122 221 -93
122 222 -96
122 222 -95
122 222 -94
122 223 -95
123 213 -96
123 213 -95
123 213 -94
123 213 -93
123 214 -96
123 214 -95
123 214 -94
123 214 -93
123 214 -92
123 215 -96
123 215 -95
123 215 -94
123 215 -93
123 215 -92
123 215 -91
123 216 -96
123 216 -95
123 216 -94
123 216 -93
123 216 -92
123 216 -91
123 217 -96
123 217 -95
123 217 -94
123 217 -93
123 217 -92
123 217 -91
123 218 -96
123 218 -95
123 218 -94
123 218 -93
123 218 -92
123 218 -91
123 219 -96
123 219 -95
123 219 -94
123 219 -93
123 219 -92
123 220 -96
123 220 -95
123 220 -94
123 220 -93
123 221 -96
123 221 -95
123 221 -94
123 221 -93
123 222 -96
123 222 -95
123 222 -94
124 214 -96
124 214 -95
124 214 -94
124 214 -93
124 215 -96
124 215 -95
124 215 -94
124 215 -93
124 215 -92
124 216 -96
124 216 -95
124 216 -94
124 216 -93
124 216 -92
124 217 -96
124 217 -95
124 217 -94
124 217 -93
124 217 -92
124 218 -96
124 218 -95
124 218 -94
124 218 -93
124 219 -96
124 219 -95
124 219 -94
124 219 -93
124 220 -96
124 220 -95
124 220 -94
124 221 -96
124 221 -95
124 221 -94
124 222 -96
124 222 -95
124 223 -96
125 216 -96
125 216 -95
125 216 -94
125 217 -96
125 217 -95
125 217 -94
125 218 -96
125 218 -95
125 218 -94
125 219 -96
125 219 -95
125 220 -96
125 220 -95
125 221 -96
125 221 -95
125 222 -96
126 218 -96
126 219 -96
126 220 -96
126 221 -96
alfheim:altLeaves
6
112 224 -96
113 224 -92
114 223 -92
114 224 -93
114 224 -92
114 224 -91
115 222 -93
115 223 -93
115 223 -92
115 224 -96
115 224 -93
115 224 -92
115 224 -90
115 224 -89
116 221 -93
116 222 -94
116 222 -93
116 222 -89
116 223 -95
116 223 -94
116 223 -93
116 223 -91
116 223 -90
116 223 -89
116 224 -96
116 224 -94
116 224 -93
116 224 -92
116 224 -90
116 224 -89
117 221 -92
117 222 -93
117 222 -92
117 222 -90
117 223 -96
117 223 -95
117 223 -94
117 223 -93
117 223 -92
117 223 -90
117 223 -89
117 224 -96
117 224 -95
117 224 -94
117 224 -93
117 224 -92
117 224 -90
117 224 -89
118 221 -90
118 222 -96
118 222 -91
118 222 -90
118 222 -89
118 222 -88
118 223 -96
118 223 -94
118 223 -93
118 223 -92
118 223 -91
118 223 -90
118 223 -89
118 224 -96
118 224 -95
118 224 -94
118 224 -93
118 224 -92
118 224 -91
118 224 -90
119 221 -95
119 221 -94
119 222 -96
119 222 -95
119 222 -94
119 222 -93
119 222 -92
119 222 -90
119 223 -96
119 223 -95
119 223 -94
119 223 -93
119 223 -92
119 223 -91
119 223 -89
119 224 -96
119 224 -95
119 224 -94
119 224 -93
119 224 -92
119 224 -91
119 224 -90
119 224 -89
120 220 -95
120 221 -95
120 221 -94
120 221 -92
120 222 -95
120 222 -94
120 222 -93
120 222 -92
120 222 -91
120 223 -96
120 223 -95
120 223 -94
120 223 -93
120 223 -92
120 223 -91
120 223 -90
120 223 -89
120 224 -96
120 224 -95
120 224 -94
120 224 -93
120 224 -92
120 224 -91
120 224 -90
120 224 -89
120 224 -88
121 221 -95
121 221 -93
121 222 -95
121 222 -93
121 223 -96
121 223 -95
121 223 -94
121 223 -93
121 223 -92
121 223 -91
121 224 -96
121 224 -95
121 224 -94
121 224 -93
121 224 -92
121 224 -91
121 224 -90
121 224 -89
122 222 -93
122 222 -91
122 223 -96
122 223 -94
122 223 -93
122 223 -91
122 223 -90
122 224 -96
122 224 -95
122 224 -94
122 224 -93
122 224 -92
122 224 -91
122 224 -89
123 221 -90
123 222 -91
123 222 -90
123 222 -89
123 223 -96
123 223 -93
123 223 -92
123 223 -91
123 223 -90
123 224 -95
123 224 -94
123 224 -93
123 224 -92
123 224 -91
123 224 -90
123 224 -89
123 224 -88
124 222 -90
124 223 -90
124 224 -96
124 224 -95
124 224 -93
124 224 -92
124 224 -91
124 224 -90
125 224 -96
125 224 -90
126 224 -91
112 225 -96
112 225 -95
112 226 -96
112 226 -95
112 227 -96
112 227 -95
112 227 -94
112 227 -93
112 228 -96
112 228 -95
112 228 -94
112 229 -96
112 229 -95
112 229 -90
112 229 -89
112 229 -87
112 229 -85
112 230 -96
112 230 -95
112 230 -94
112 230 -90
112 230 -89
112 230 -88
112 230 -87
112 230 -86
112 230 -85
112 230 -81
112 231 -96
112 231 -95
112 231 -94
112 231 -92
112 231 -91
112 231 -90
112 231 -89
112 231 -88
112 231 -87
112 231 -86
112 231 -85
112 231 -84
112 232 -96
112 232 -95
112 232 -94
112 232 -93
112 232 -92
112 232 -91
112 232 -90
112 232 -89
112 232 -88
112 232 -87
112 232 -86
112 232 -85
112 232 -84
112 232 -83
112 233 -96
112 233 -95
112 233 -94
112 233 -93
112 233 -92
112 233 -91
112 233 -90
112 233 -89
112 233 -88
112 233 -87
112 233 -86
112 233 -85
112 233 -84
112 233 -83
112 233 -82
112 233 -81
112 234 -96
112 234 -95
112 234 -94
112 234 -93
112 234 -92
112 234 -91
112 234 -90
112 234 -89
112 234 -88
112 234 -87
112 234 -86
112 234 -85
112 234 -84
112 234 -83
112 234 -82
112 235 -96
112 235 -95
112 235 -94
112 235 -93
112 235 -91
112 235 -90
112 235 -89
112 235 -88
112 235 -87
112 235 -86
112 235 -85
112 235 -84
112 235 -83
112 235 -82
112 235 -81
112 236 -96
112 236 -95
112 236 -94
112 236 -93
112 236 -90
112 236 -89
112 236 -88
112 236 -87
112 236 -86
112 236 -85
112 236 -84
112 236 -83
112 237 -96
112 237 -95
112 237 -94
112 237 -91
112 237 -90
112 237 -89
112 237 -88
112 237 -87
112 237 -86
112 237 -85
112 238 -91
112 238 -90
112 238 -89
112 238 -88
112 238 -86
112 239 -96
112 239 -94
112 239 -93
112 239 -89
112 239 -88
112 239 -86
112 240 -93
112 240 -89
113 225 -96
113 225 -95
113 226 -96
113 226 -95
113 226 -94
113 226 -91
113 227 -96
113 227 -95
113 227 -94
113 227 -93
113 227 -89
113 228 -96
113 228 -95
113 228 -94
113 228 -93
113 228 -90
113 229 -96
113 229 -95
113 229 -91
113 229 -90
113 229 -89
113 229 -88
113 229 -87
113 229 -81
113 230 -96
113 230 -95
113 230 -91
113 230 -90
113 230 -89
113 230 -88
113 230 -87
113 230 -82
113 230 -81
113 231 -96
113 231 -95
113 231 -94
113 231 -91
113 231 -90
113 231 -89
113 231 -88
113 231 -87
113 231 -86
113 231 -85
113 231 -84
113 231 -82
113 232 -96
113 232 -95
113 232 -94
113 232 -93
113 232 -92
113 232 -91
113 232 -90
113 232 -89
113 232 -88
113 232 -87
113 232 -86
113 232 -85
113 232 -84
113 232 -83
113 232 -81
113 233 -96
113 233 -95
113 233 -94
113 233 -93
113 233 -91
113 233 -90
113 233 -89
113 233 -88
113 233 -87
113 233 -86
113 233 -85
113 233 -84
113 233 -82
113 233 -81
113 234 -96
113 234 -95
113 234 -94
113 234 -93
113 234 -91
113 234 -90
113 234 -89
113 234 -88
113 234 -87
113 234 -86
113 234 -85
113 234 -84
113 234 -83
113 234 -81
113 235 -96
113 235 -95
113 235 -94
113 235 -93
113 235 -92
113 235 -90
113 235 -89
113 235 -88
113 235 -87
113 235 -86
113 235 -85
113 235 -84
113 235 -83
113 236 -96
113 236 -95
113 236 -94
113 236 -91
113 236 -90
113 236 -89
113 236 -88
113 236 -87
113 236 -86
113 236 -85
113 236 -84
113 237 -96
113 237 -95
113 237 -94
113 237 -90
113 237 -89
113 237 -88
113 237 -87
113 237 -86
113 237 -85
113 238 -96
113 238 -90
113 238 -87
113 238 -86
113 239 -87
113 240 -96
114 225 -95
114 225 -93
114 225 -92
114 226 -96
114 226 -95
114 226 -92
114 226 -91
114 226 -89
114 227 -96
114 227 -95
114 227 -94
114 227 -89
114 227 -88
114 228 -96
114 228 -95
114 228 -94
114 228 -93
114 228 -92
114 228 -89
114 228 -88
114 228 -87
114 228 -86
114 229 -96
114 229 -95
114 229 -94
114 229 -91
114 229 -90
114 229 -89
114 229 -88
114 229 -87
114 229 -86
114 229 -81
114 230 -96
114 230 -95
114 230 -94
114 230 -93
114 230 -92
114 230 -91
114 230 -90
114 230 -89
114 230 -88
114 230 -87
114 230 -86
114 230 -82
114 230 -81
114 231 -96
114 231 -95
114 231 -94
114 231 -93
114 231 -91
114 231 -90
114 231 -89
114 231 -88
114 231 -87
114 231 -86
114 231 -85
114 231 -84
114 231 -83
114 231 -82
114 231 -81
114 232 -96
114 232 -95
114 232 -94
114 232 -93
114 232 -92
114 232 -91
114 232 -90
114 232 -89
114 232 -88
114 232 -87
114 232 -86
114 232 -85
114 232 -84
114 232 -83
114 232 -82
114 232 -81
114 233 -96
114 233 -95
114 233 -94
114 233 -93
114 233 -92
114 233 -91
114 233 -90
114 233 -89
114 233 -88
114 233 -87
114 233 -86
114 233 -85
114 233 -84
114 233 -82
114 233 -81
114 234 -96
114 234 -95
114 234 -94
114 234 -93
114 234 -92
114 234 -91
114 234 -90
114 234 -89
114 234 -88
114 234 -87
114 234 -86
114 234 -85
114 234 -84
114 234 -83
114 234 -81
114 235 -96
114 235 -95
114 235 -94
114 235 -93
114 235 -92
114 235 -91
114 235 -90
114 235 -89
114 235 -88
114 235 -87
114 235 -86
114 235 -85
114 235 -84
114 235 -81
114 236 -96
114 236 -95
114 236 -94
114 236 -93
114 236 -92
114 236 -90
114 236 -89
114 236 -88
114 236 -87
114 236 -86
114 236 -85
114 236 -84
114 237 -96
114 237 -95
114 237 -94
114 237 -91
114 237 -90
114 237 -89
114 237 -88
114 237 -87
114 237 -86
114 237 -85
114 238 -96
114 238 -95
114 238 -94
114 238 -88
114 238 -87
114 239 -96
114 239 -95
114 239 -94
114 240 -96
114 240 -95
115 225 -96
115 225 -95
115 225 -94
115 225 -93
115 225 -92
115 225 -91
115 225 -90
115 225 -89
115 225 -88
115 226 -96
115 226 -95
115 226 -94
115 226 -92
115 226 -91
115 226 -90
115 226 -88
115 226 -87
115 227 -96
115 227 -95
115 227 -94
115 227 -93
115 227 -92
115 227 -91
115 227 -90
115 227 -89
115 227 -88
115 228 -96
115 228 -95
115 228 -94
115 228 -93
115 228 -92
115 228 -91
115 228 -90
115 228 -88
115 228 -87
115 228 -81
115 229 -96
115 229 -95
115 229 -94
115 229 -93
115 229 -92
115 229 -90
115 229 -89
115 229 -88
115 229 -87
115 229 -85
115 229 -82
115 230 -96
115 230 -95
115 230 -94
115 230 -93
115 230 -92
115 230 -91
115 230 -90
115 230 -89
115 230 -88
115 230 -87
115 230 -84
115 230 -83
115 230 -82
115 230 -81
115 231 -96
115 231 -95
115 231 -94
115 231 -93
115 231 -92
115 231 -91
115 231 -90
115 231 -89
115 231 -88
115 231 -87
115 231 -86
115 231 -85
115 231 -84
115 231 -82
115 231 -81
115 232 -96
115 232 -95
115 232 -94
115 232 -93
115 232 -92
115 232 -91
115 232 -90
115 232 -89
115 232 -88
115 232 -87
115 232 -86
115 232 -85
115 232 -83
115 232 -82
115 232 -81
115 233 -96
115 233 -95
115 233 -94
115 233 -92
115 233 -91
115 233 -90
115 233 -89
115 233 -88
115 233 -87
115 233 -86
115 233 -85
115 233 -84
115 233 -83
115 233 -82
115 233 -81
115 234 -96
115 234 -95
115 234 -94
115 234 -93
115 234 -92
115 234 -91
115 234 -90
115 234 -89
115 234 -88
115 234 -87
115 234 -86
115 234 -85
115 234 -84
115 234 -83
115 234 -81
115 235 -96
115 235 -95
115 235 -94
115 235 -93
115 235 -92
115 235 -91
115 235 -90
115 235 -89
115 235 -88
115 235 -87
115 235 -86
115 235 -85
115 236 -96
115 236 -95
115 236 -94
115 236 -93
115 236 -92
115 236 -90
115 236 -89
115 236 -88
115 236 -87
115 236 -86
115 236 -85
115 237 -96
115 237 -94
115 237 -90
115 237 -89
115 237 -88
115 237 -87
115 238 -96
115 238 -94
115 238 -90
115 238 -88
115 238 -87
115 238 -86
115 239 -96
115 239 -88
115 239 -87
116 225 -96
116 225 -95
116 225 -94
116 225 -93
116 225 -92
116 225 -91
116 225 -90
116 225 -89
116 225 -87
116 226 -96
116 226 -95
116 226 -94
116 226 -93
116 226 -92
116 226 -91
116 226 -90
116 226 -89
116 226 -88
116 226 -87
116 227 -96
116 227 -95
116 227 -94
116 227 -93
116 227 -92
116 227 -91
116 227 -90
116 227 -89
116 227 -88
116 227 -87
116 227 -86
116 228 -96
116 228 -95
116 228 -94
116 228 -93
116 228 -92
116 228 -91
116 228 -90
116 228 -89
116 228 -88
116 228 -87
116 228 -86
116 228 -85
116 228 -81
116 229 -96
116 229 -95
116 229 -94
116 229 -93
116 229 -92
116 229 -91
116 229 -90
116 229 -89
116 229 -88
116 229 -87
116 229 -86
116 229 -85
116 229 -81
116 230 -96
116 230 -95
116 230 -94
116 230 -93
116 230 -92
116 230 -91
116 230 -90
116 230 -89
116 230 -88
116 230 -87
116 230 -85
116 230 -83
116 230 -82
116 230 -81
116 231 -96
116 231 -95
116 231 -94
116 231 -93
116 231 -92
116 231 -91
116 231 -90
116 231 -89
116 231 -88
116 231 -86
116 231 -85
116 231 -84
116 231 -83
116 231 -82
116 231 -81
116 232 -96
116 232 -95
116 232 -94
116 232 -93
116 232 -92
116 232 -91
116 232 -90
116 232 -89
116 232 -88
116 232 -87
116 232 -86
116 232 -85
116 232 -84
116 232 -83
116 232 -82
116 232 -81
116 233 -96
116 233 -93
116 233 -92
116 233 -91
116 233 -90
116 233 -89
116 233 -88
116 233 -87
116 233 -86
116 233 -85
116 233 -84
116 233 -83
116 233 -81
116 234 -96
116 234 -95
116 234 -92
116 234 -91
116 234 -90
116 234 -89
116 234 -88
116 234 -87
116 234 -86
116 234 -84
116 234 -82
116 234 -81
116 235 -96
116 235 -93
116 235 -92
116 235 -91
116 235 -90
116 235 -89
116 235 -88
116 235 -87
116 235 -86
116 235 -85
116 235 -84
116 235 -81
116 236 -92
116 236 -91
116 236 -90
116 236 -89
116 236 -88
116 236 -87
116 236 -86
116 237 -96
116 237 -91
116 237 -90
116 237 -89
116 237 -88
116 237 -87
116 237 -86
116 238 -96
116 238 -88
116 239 -88
117 225 -96
117 225 -95
117 225 -94
117 225 -93
117 225 -92
117 225 -91
117 225 -90
117 225 -89
117 225 -88
117 226 -96
117 226 -95
117 226 -94
117 226 -93
117 226 -92
117 226 -91
117 226 -90
117 226 -89
117 226 -88
117 226 -87
117 226 -81
117 227 -96
117 227 -95
117 227 -94
117 227 -93
117 227 -92
117 227 -91
117 227 -90
117 227 -89
117 227 -88
117 227 -87
117 227 -81
117 228 -96
117 228 -95
117 228 -94
117 228 -93
117 228 -92
117 228 -91
117 228 -90
117 228 -89
117 228 -88
117 228 -87
117 228 -86
117 228 -83
117 228 -82
117 228 -81
117 229 -96
117 229 -95
117 229 -94
117 229 -93
117 229 -92
117 229 -91
117 229 -90
117 229 -89
117 229 -88
117 229 -87
117 229 -86
117 229 -84
117 229 -83
117 229 -82
117 229 -81
117 230 -96
117 230 -95
117 230 -94
117 230 -93
117 230 -92
117 230 -91
117 230 -90
117 230 -89
117 230 -88
117 230 -87
117 230 -86
117 230 -85
117 230 -84
117 230 -82
117 230 -81
117 231 -96
117 231 -95
117 231 -94
117 231 -93
117 231 -92
117 231 -91
117 231 -90
117 231 -89
117 231 -88
117 231 -87
117 231 -86
117 231 -85
117 231 -84
117 231 -83
117 231 -82
117 231 -81
117 232 -96
117 232 -95
117 232 -94
117 232 -93
117 232 -92
117 232 -91
117 232 -90
117 232 -89
117 232 -88
117 232 -87
117 232 -86
117 232 -85
117 232 -84
117 232 -83
117 232 -82
117 232 -81
117 233 -96
117 233 -95
117 233 -94
117 233 -93
117 233 -92
117 233 -91
117 233 -90
117 233 -89
117 233 -88
117 233 -87
117 233 -86
117 233 -85
117 233 -84
117 233 -83
117 233 -82
117 233 -81
117 234 -96
117 234 -95
117 234 -94
117 234 -92
117 234 -91
117 234 -90
117 234 -89
117 234 -88
117 234 -87
117 234 -86
117 234 -85
117 234 -84
117 234 -83
117 234 -82
117 234 -81
117 235 -96
117 235 -93
117 235 -92
117 235 -91
117 235 -90
117 235 -89
117 235 -88
117 235 -87
117 235 -84
117 235 -81
117 236 -96
117 236 -92
117 236 -91
117 236 -90
117 236 -89
117 236 -88
117 236 -87
117 236 -86
117 236 -81
117 237 -91
117 237 -90
117 237 -89
117 237 -88
117 237 -87
117 238 -88
118 225 -96
118 225 -95
118 225 -94
118 225 -93
118 225 -92
118 225 -91
118 225 -90
118 225 -89
118 225 -88
118 226 -96
118 226 -95
118 226 -94
118 226 -93
118 226 -92
118 226 -91
118 226 -90
118 226 -89
118 226 -88
118 226 -87
118 227 -96
118 227 -95
118 227 -94
118 227 -93
118 227 -92
118 227 -91
118 227 -90
118 227 -89
118 227 -88
118 227 -87
118 227 -83
118 228 -96
118 228 -95
118 228 -94
118 228 -93
118 228 -92
118 228 -91
118 228 -90
118 228 -89
118 228 -88
118 228 -87
118 228 -84
118 228 -83
118 228 -82
118 228 -81
118 229 -96
118 229 -95
118 229 -94
118 229 -93
118 229 -92
118 229 -91
118 229 -90
118 229 -89
118 229 -88
118 229 -87
118 229 -86
118 229 -85
118 229 -84
118 229 -83
118 229 -82
118 229 -81
118 230 -96
118 230 -95
118 230 -94
118 230 -93
118 230 -92
118 230 -91
118 230 -90
118 230 -89
118 230 -88
118 230 -87
118 230 -86
118 230 -85
118 230 -84
118 230 -83
118 230 -82
118 230 -81
118 231 -96
118 231 -95
118 231 -94
118 231 -93
118 231 -92
118 231 -91
118 231 -90
118 231 -89
118 231 -88
118 231 -87
118 231 -86
118 231 -85
118 231 -84
118 231 -83
118 231 -82
118 231 -81
118 232 -96
118 232 -95
118 232 -94
118 232 -93
118 232 -92
118 232 -91
118 232 -90
118 232 -89
118 232 -88
118 232 -87
118 232 -86
118 232 -85
118 232 -84
118 232 -83
118 232 -82
118 232 -81
118 233 -96
118 233 -95
118 233 -94
118 233 -93
118 233 -92
118 233 -91
118 233 -90
118 233 -89
118 233 -88
118 233 -87
118 233 -86
118 233 -85
118 233 -84
118 233 -83
118 233 -82
118 233 -81
118 234 -96
118 234 -93
118 234 -92
118 234 -91
118 234 -90
118 234 -89
118 234 -88
118 234 -87
118 234 -86
118 234 -85
118 234 -84
118 234 -83
118 234 -82
118 234 -81
118 235 -96
118 235 -93
118 235 -91
118 235 -90
118 235 -89
118 235 -88
118 235 -87
118 235 -86
118 235 -85
118 235 -84
118 235 -82
118 235 -81
118 236 -92
118 236 -91
118 236 -90
118 236 -89
118 236 -88
118 236 -87
118 236 -85
118 236 -82
118 236 -81
118 237 -89
118 237 -88
118 237 -87
118 237 -81
119 225 -96
119 225 -95
119 225 -94
119 225 -93
119 225 -92
119 225 -91
119 225 -90
119 225 -89
119 225 -88
119 226 -96
119 226 -95
119 226 -94
119 226 -93
119 226 -92
119 226 -91
119 226 -90
119 226 -89
119 227 -96
119 227 -95
119 227 -94
119 227 -93
119 227 -92
119 227 -91
119 227 -90
119 227 -89
119 227 -88
119 227 -87
119 227 -83
119 227 -82
119 227 -81
119 228 -96
119 228 -95
119 228 -94
119 228 -93
119 228 -92
119 228 -91
119 228 -90
119 228 -89
119 228 -88
119 228 -87
119 228 -86
119 228 -84
119 228 -83
119 228 -82
119 228 -81
119 229 -96
119 229 -95
119 229 -94
119 229 -93
119 229 -92
119 229 -91
119 229 -90
119 229 -89
119 229 -88
119 229 -87
119 229 -86
119 229 -85
119 229 -84
119 229 -83
119 229 -82
119 229 -81
119 230 -96
119 230 -95
119 230 -94
119 230 -93
119 230 -92
119 230 -91
119 230 -90
119 230 -89
119 230 -88
119 230 -87
119 230 -86
119 230 -85
119 230 -84
119 230 -83
119 230 -82
119 230 -81
119 231 -96
119 231 -95
119 231 -94
119 231 -93
119 231 -92
119 231 -91
119 231 -90
119 231 -89
119 231 -88
119 231 -87
119 231 -86
119 231 -85
119 231 -84
119 231 -83
119 231 -82
119 231 -81
119 232 -96
119 232 -95
119 232 -94
119 232 -93
119 232 -92
119 232 -91
119 232 -90
119 232 -89
119 232 -88
119 232 -87
119 232 -86
119 232 -85
119 232 -84
119 232 -83
119 232 -82
119 232 -81
119 233 -96
119 233 -95
119 233 -94
119 233 -92
119 233 -91
119 233 -90
119 233 -89
119 233 -88
119 233 -87
119 233 -86
119 233 -85
119 233 -84
119 233 -83
119 233 -82
119 233 -81
119 234 -96
119 234 -95
119 234 -91
119 234 -90
119 234 -89
119 234 -88
119 234 -87
119 234 -86
119 234 -85
119 234 -84
119 234 -83
119 235 -90
119 235 -89
119 235 -88
119 235 -87
119 235 -86
119 235 -85
119 235 -84
119 235 -83
119 235 -82
119 235 -81
119 236 -89
119 236 -88
119 236 -87
119 236 -86
119 236 -82
119 236 -81
119 237 -89
119 237 -88
119 237 -81
120 225 -96
120 225 -95
120 225 -94
120 225 -93
120 225 -92
120 225 -91
120 225 -90
120 225 -89
120 225 -88
120 225 -87
120 226 -96
120 226 -95
120 226 -94
120 226 -93
120 226 -92
120 226 -91
120 226 -90
120 226 -89
120 226 -88
120 226 -82
120 227 -96
120 227 -95
120 227 -94
120 227 -93
120 227 -92
120 227 -91
120 227 -90
120 227 -89
120 227 -88
120 227 -87
120 227 -84
120 227 -83
120 227 -82
120 227 -81
120 228 -96
120 228 -95
120 228 -94
120 228 -93
120 228 -92
120 228 -91
120 228 -90
120 228 -89
120 228 -88
120 228 -87
120 228 -86
120 228 -84
120 228 -83
120 228 -82
120 228 -81
120 229 -96
120 229 -95
120 229 -94
120 229 -93
120 229 -92
120 229 -91
120 229 -90
120 229 -89
120 229 -88
120 229 -87
120 229 -86
120 229 -85
120 229 -84
120 229 -83
120 229 -82
120 229 -81
120 230 -96
120 230 -95
120 230 -94
120 230 -93
120 230 -92
120 230 -91
120 230 -90
120 230 -89
120 230 -88
120 230 -87
120 230 -86
120 230 -85
120 230 -84
120 230 -83
120 230 -82
120 230 -81
120 231 -96
120 231 -95
120 231 -94
120 231 -93
120 231 -92
120 231 -91
120 231 -90
120 231 -89
120 231 -88
120 231 -87
120 231 -86
120 231 -85
120 231 -84
120 231 -83
120 231 -82
120 231 -81
120 232 -96
120 232 -95
120 232 -94
120 232 -93
120 232 -92
120 232 -91
120 232 -90
120 232 -89
120 232 -88
120 232 -87
120 232 -86
120 232 -85
120 232 -84
120 232 -83
120 232 -82
120 232 -81
120 233 -96
120 233 -92
120 233 -91
120 233 -90
120 233 -89
120 233 -88
120 233 -87
120 233 -86
120 233 -85
120 233 -84
120 233 -83
120 233 -82
120 233 -81
120 234 -96
120 234 -92
120 234 -91
120 234 -90
120 234 -89
120 234 -88
120 234 -87
120 234 -86
120 234 -85
120 234 -84
120 234 -83
120 234 -82
120 234 -81
120 235 -90
120 235 -89
120 235 -88
120 235 -87
120 235 -86
120 235 -85
120 235 -84
120 235 -83
120 235 -82
120 235 -81
120 236 -90
120 236 -89
120 236 -88
120 236 -87
120 236 -86
120 236 -85
120 236 -84
120 236 -83
120 236 -82
120 236 -81
120 237 -89
120 237 -87
120 237 -81
121 225 -96
121 225 -95
121 225 -94
121 225 -93
121 225 -92
121 225 -91
121 225 -90
121 225 -89
121 226 -96
121 226 -95
121 226 -94
121 226 -93
121 226 -92
121 226 -91
121 226 -90
121 226 -89
121 226 -88
121 226 -83
121 227 -96
121 227 -95
121 227 -94
121 227 -93
121 227 -92
121 227 -91
121 227 -90
121 227 -89
121 227 -88
121 227 -87
121 227 -84
121 227 -83
121 227 -82
121 227 -81
121 228 -96
121 228 -95
121 228 -94
121 228 -93
121 228 -92
121 228 -91
121 228 -90
121 228 -89
121 228 -88
121 228 -87
121 228 -86
121 228 -85
121 228 -84
121 228 -83
121 228 -82
121 228 -81
121 229 -96
121 229 -95
121 229 -94
121 229 -93
121 229 -92
121 229 -91
121 229 -90
121 229 -89
121 229 -88
121 229 -87
121 229 -86
121 229 -85
121 229 -84
121 229 -83
121 229 -82
121 229 -81
121 230 -96
121 230 -95
121 230 -94
121 230 -93
121 230 -92
121 230 -91
121 230 -90
121 230 -89
121 230 -88
121 230 -87
121 230 -86
121 230 -85
121 230 -84
121 230 -83
121 230 -82
121 230 -81
121 231 -96
121 231 -95
121 231 -94
121 231 -93
121 231 -92
121 231 -91
121 231 -90
121 231 -89
121 231 -88
121 231 -87
121 231 -86
121 231 -85
121 231 -84
121 231 -83
121 231 -82
121 231 -81
121 232 -96
121 232 -95
121 232 -94
121 232 -93
121 232 -92
121 232 -91
121 232 -90
121 232 -89
121 232 -88
121 232 -87
121 232 -86
121 232 -85
121 232 -84
121 232 -83
121 232 -82
121 232 -81
121 233 -96
121 233 -94
121 233 -93
121 233 -92
121 233 -91
121 233 -90
121 233 -89
121 233 -88
121 233 -87
121 233 -86
121 233 -85
121 233 -84
121 233 -83
121 233 -82
121 233 -81
121 234 -93
121 234 -92
121 234 -91
121 234 -90
121 234 -89
121 234 -88
121 234 -87
121 234 -86
121 234 -85
121 234 -84
121 234 -83
121 234 -82
121 234 -81
121 235 -93
121 235 -91
121 235 -90
121 235 -89
121 235 -88
121 235 -87
121 235 -86
121 235 -85
121 235 -84
121 235 -83
121 235 -82
121 236 -91
121 236 -90
121 236 -89
121 236 -88
121 236 -87
121 236 -86
121 236 -85
121 236 -82
121 236 -81
121 237 -90
121 237 -89
121 237 -88
121 237 -87
121 237 -86
121 237 -85
121 237 -81
121 238 -87
122 225 -96
122 225 -95
122 225 -94
122 225 -93
122 225 -92
122 225 -91
122 225 -90
122 225 -89
122 226 -96
122 226 -95
122 226 -94
122 226 -93
122 226 -92
122 226 -91
122 226 -90
122 226 -89
122 226 -88
122 226 -86
122 227 -96
122 227 -95
122 227 -94
122 227 -93
122 227 -92
122 227 -91
122 227 -90
122 227 -89
122 227 -88
122 227 -87
122 227 -86
122 227 -85
122 227 -84
122 227 -83
122 227 -82
122 228 -96
122 228 -95
122 228 -94
122 228 -93
122 228 -92
122 228 -91
122 228 -90
122 228 -89
122 228 -88
122 228 -87
122 228 -86
122 228 -84
122 228 -83
122 228 -81
122 229 -96
122 229 -95
122 229 -94
122 229 -93
122 229 -92
122 229 -91
122 229 -90
122 229 -89
122 229 -88
122 229 -87
122 229 -86
122 229 -85
122 229 -84
122 229 -83
122 229 -82
122 229 -81
122 230 -96
122 230 -95
122 230 -94
122 230 -93
122 230 -92
122 230 -91
122 230 -90
122 230 -89
122 230 -87
122 230 -86
122 230 -85
122 230 -84
122 230 -83
122 230 -82
122 230 -81
122 231 -95
122 231 -94
122 231 -93
122 231 -92
122 231 -91
122 231 -90
122 231 -89
122 231 -88
122 231 -87
122 231 -86
122 231 -85
122 231 -84
122 231 -83
122 231 -82
122 231 -81
122 232 -96
122 232 -95
122 232 -94
122 232 -93
122 232 -92
122 232 -91
122 232 -90
122 232 -89
122 232 -88
122 232 -87
122 232 -86
122 232 -85
122 232 -84
122 232 -83
122 232 -82
122 232 -81
122 233 -96
122 233 -95
122 233 -94
122 233 -93
122 233 -92
122 233 -91
122 233 -90
122 233 -89
122 233 -88
122 233 -87
122 233 -86
122 233 -85
122 233 -84
122 233 -83
122 233 -82
122 233 -81
122 234 -94
122 234 -93
122 234 -92
122 234 -91
122 234 -90
122 234 -89
122 234 -88
122 234 -86
122 234 -85
122 234 -84
122 234 -83
122 234 -82
122 234 -81
122 235 -91
122 235 -90
122 235 -89
122 235 -88
122 235 -87
122 235 -85
122 235 -84
122 235 -83
122 235 -82
122 235 -81
122 236 -91
122 236 -90
122 236 -89
122 236 -88
122 236 -87
122 236 -86
122 236 -82
122 236 -81
122 237 -90
122 237 -89
122 237 -88
122 237 -87
122 237 -86
122 237 -82
122 237 -81
122 238 -89
122 238 -87
122 238 -86
123 225 -96
123 225 -95
123 225 -94
123 225 -93
123 225 -92
123 225 -91
123 225 -90
123 226 -96
123 226 -95
123 226 -94
123 226 -93
123 226 -92
123 226 -91
123 226 -90
123 226 -89
123 226 -88
123 226 -87
123 226 -81
123 227 -96
123 227 -95
123 227 -94
123 227 -93
123 227 -92
123 227 -91
123 227 -90
123 227 -89
123 227 -88
123 227 -87
123 227 -86
123 227 -85
123 227 -83
123 227 -82
123 227 -81
123 228 -96
123 228 -95
123 228 -94
123 228 -93
123 228 -92
123 228 -91
123 228 -90
123 228 -89
123 228 -88
123 228 -87
123 228 -86
123 228 -85
123 228 -84
123 228 -82
123 228 -81
123 229 -96
123 229 -95
123 229 -94
123 229 -93
123 229 -92
123 229 -91
123 229 -90
123 229 -89
123 229 -88
123 229 -87
123 229 -86
123 229 -84
123 229 -83
123 229 -82
123 229 -81
123 230 -96
123 230 -95
123 230 -94
123 230 -93
123 230 -92
123 230 -91
123 230 -90
123 230 -89
123 230 -88
123 230 -87
123 230 -86
123 230 -85
123 230 -84
123 230 -83
123 230 -82
123 230 -81
123 231 -96
123 231 -95
123 231 -94
123 231 -93
123 231 -92
123 231 -91
123 231 -90
123 231 -89
123 231 -88
123 231 -87
123 231 -86
123 231 -85
123 231 -84
123 231 -83
123 231 -82
123 231 -81
123 232 -96
123 232 -95
123 232 -94
123 232 -93
123 232 -92
123 232 -91
123 232 -90
123 232 -89
123 232 -88
123 232 -87
123 232 -86
123 232 -85
123 232 -84
123 232 -83
123 232 -82
123 232 -81
123 233 -96
123 233 -95
123 233 -93
123 233 -92
123 233 -91
123 233 -90
123 233 -89
123 233 -88
123 233 -87
123 233 -86
123 233 -85
123 233 -84
123 233 -83
123 233 -82
123 233 -81
123 234 -96
123 234 -95
123 234 -94
123 234 -93
123 234 -91
123 234 -90
123 234 -89
123 234 -88
123 234 -87
123 234 -86
123 234 -84
123 234 -83
123 234 -82
123 234 -81
123 235 -95
123 235 -93
123 235 -90
123 235 -89
123 235 -88
123 235 -87
123 235 -86
123 235 -85
123 235 -84
123 235 -83
123 235 -82
123 235 -81
123 236 -90
123 236 -89
123 236 -88
123 236 -87
123 236 -86
123 236 -82
123 236 -81
123 237 -90
123 237 -89
123 237 -88
123 237 -86
123 237 -81
123 238 -88
123 238 -82
123 238 -81
124 225 -96
124 225 -95
124 225 -94
124 225 -93
124 225 -92
124 225 -91
124 225 -90
124 225 -89
124 225 -88
124 225 -87
124 226 -96
124 226 -95
124 226 -94
124 226 -93
124 226 -92
124 226 -91
124 226 -90
124 226 -89
124 226 -88
124 226 -87
124 227 -96
124 227 -95
124 227 -94
124 227 -93
124 227 -92
124 227 -91
124 227 -90
124 227 -89
124 227 -88
124 227 -87
124 227 -86
124 227 -81
124 228 -96
124 228 -95
124 228 -94
124 228 -93
124 228 -92
124 228 -91
124 228 -90
124 228 -89
124 228 -88
124 228 -87
124 228 -86
124 228 -85
124 228 -83
124 228 -81
124 229 -96
124 229 -95
124 229 -94
124 229 -93
124 229 -92
124 229 -91
124 229 -90
124 229 -89
124 229 -88
124 229 -87
124 229 -86
124 229 -85
124 229 -84
124 229 -83
124 229 -82
124 229 -81
124 230 -96
124 230 -95
124 230 -94
124 230 -93
124 230 -92
124 230 -91
124 230 -90
124 230 -89
124 230 -88
124 230 -87
124 230 -86
124 230 -85
124 230 -84
124 230 -83
124 230 -82
124 231 -96
124 231 -95
124 231 -94
124 231 -93
124 231 -92
124 231 -91
124 231 -90
124 231 -89
124 231 -88
124 231 -87
124 231 -86
124 231 -85
124 231 -84
124 231 -83
124 231 -82
124 231 -81
124 232 -96
124 232 -95
124 232 -94
124 232 -93
124 232 -92
124 232 -91
124 232 -90
124 232 -89
124 232 -88
124 232 -87
124 232 -86
124 232 -85
124 232 -84
124 232 -83
124 232 -82
124 232 -81
124 233 -96
124 233 -95
124 233 -94
124 233 -92
124 233 -91
124 233 -90
124 233 -89
124 233 -88
124 233 -87
124 233 -86
124 233 -85
124 233 -84
124 233 -83
124 233 -82
124 233 -81
124 234 -96
124 234 -95
124 234 -94
124 234 -93
124 234 -92
124 234 -91
124 234 -90
124 234 -89
124 234 -88
124 234 -87
124 234 -86
124 234 -85
124 234 -84
124 234 -83
124 234 -82
124 234 -81
124 235 -95
124 235 -94
124 235 -91
124 235 -90
124 235 -89
124 235 -88
124 235 -87
124 235 -86
124 235 -85
124 235 -84
124 235 -83
124 235 -82
124 235 -81
124 236 -90
124 236 -89
124 236 -88
124 236 -87
124 236 -86
124 236 -85
124 236 -83
124 236 -82
124 236 -81
124 237 -90
124 237 -89
124 237 -88
124 237 -87
124 237 -86
124 237 -82
124 237 -81
124 238 -89
124 238 -86
124 238 -82
124 238 -81
124 239 -81
125 225 -96
125 225 -93
125 225 -92
125 225 -91
125 225 -89
125 226 -96
125 226 -94
125 226 -92
125 226 -91
125 226 -90
125 226 -89
125 226 -87
125 227 -96
125 227 -95
125 227 -94
125 227 -93
125 227 -92
125 227 -91
125 227 -89
125 227 -88
125 227 -87
125 228 -96
125 228 -95
125 228 -94
125 228 -93
125 228 -92
125 228 -91
125 228 -90
125 228 -89
125 228 -88
125 228 -87
125 228 -86
125 228 -85
125 229 -96
125 229 -95
125 229 -94
125 229 -93
125 229 -92
125 229 -91
125 229 -90
125 229 -89
125 229 -88
125 229 -87
125 229 -86
125 229 -85
125 229 -84
125 229 -82
125 230 -96
125 230 -95
125 230 -94
125 230 -93
125 230 -92
125 230 -91
125 230 -90
125 230 -89
125 230 -88
125 230 -87
125 230 -86
125 230 -85
125 230 -84
125 230 -83
125 230 -81
125 231 -96
125 231 -95
125 231 -94
125 231 -93
125 231 -92
125 231 -91
125 231 -90
125 231 -89
125 231 -88
125 231 -87
125 231 -86
125 231 -85
125 231 -84
125 231 -83
125 231 -82
125 231 -81
125 232 -96
125 232 -95
125 232 -94
125 232 -93
125 232 -92
125 232 -91
125 232 -90
125 232 -89
125 232 -88
125 232 -87
125 232 -86
125 232 -85
125 232 -84
125 232 -83
125 232 -82
125 232 -81
125 233 -96
125 233 -95
125 233 -94
125 233 -93
125 233 -92
125 233 -91
125 233 -90
125 233 -89
125 233 -88
125 233 -87
125 233 -86
125 233 -85
125 233 -84
125 233 -83
125 233 -82
125 233 -81
125 234 -96
125 234 -95
125 234 -94
125 234 -93
125 234 -92
125 234 -91
125 234 -90
125 234 -89
125 234 -88
125 234 -87
125 234 -86
125 234 -85
125 234 -84
125 234 -83
125 234 -82
125 234 -81
125 235 -96
125 235 -95
125 235 -94
125 235 -93
125 235 -91
125 235 -90
125 235 -89
125 235 -88
125 235 -87
125 235 -86
125 235 -85
125 235 -84
125 235 -83
125 235 -82
125 235 -81
125 236 -96
125 236 -94
125 236 -90
125 236 -89
125 236 -88
125 236 -87
125 236 -86
125 236 -85
125 236 -84
125 236 -82
125 236 -81
125 237 -90
125 237 -89
125 237 -87
125 237 -86
125 237 -83
125 237 -82
125 237 -81
125 238 -88
125 238 -87
125 238 -86
125 238 -82
125 238 -81
125 239 -88
125 239 -87
125 239 -86
125 239 -82
125 240 -87
125 240 -81
126 225 -96
126 225 -95
126 225 -93
126 225 -91
126 226 -94
126 226 -93
126 226 -92
126 226 -91
126 226 -90
126 226 -89
126 227 -96
126 227 -95
126 227 -94
126 227 -92
126 227 -91
126 227 -90
126 227 -89
126 227 -88
126 228 -96
126 228 -95
126 228 -94
126 228 -93
126 228 -92
126 228 -91
126 228 -90
126 228 -88
126 228 -87
126 228 -86
126 229 -96
126 229 -95
126 229 -94
126 229 -93
126 229 -92
126 229 -91
126 229 -90
126 229 -89
126 229 -88
126 229 -87
126 229 -86
126 229 -85
126 230 -96
126 230 -95
126 230 -94
126 230 -93
126 230 -92
126 230 -91
126 230 -90
126 230 -89
126 230 -88
126 230 -87
126 230 -86
126 230 -85
126 230 -81
126 231 -96
126 231 -95
126 231 -94
126 231 -93
126 231 -92
126 231 -91
126 231 -90
126 231 -89
126 231 -88
126 231 -87
126 231 -86
126 231 -85
126 231 -84
126 231 -83
126 231 -81
126 232 -96
126 232 -95
126 232 -94
126 232 -93
126 232 -92
126 232 -91
126 232 -90
126 232 -89
126 232 -88
126 232 -87
126 232 -86
126 232 -85
126 232 -84
126 232 -83
126 232 -82
126 232 -81
126 233 -96
126 233 -95
126 233 -94
126 233 -93
126 233 -92
126 233 -91
126 233 -90
126 233 -89
126 233 -88
126 233 -87
126 233 -86
126 233 -85
126 233 -84
126 233 -83
126 233 -82
126 233 -81
126 234 -96
126 234 -95
126 234 -94
126 234 -93
126 234 -92
126 234 -91
126 234 -90
126 234 -89
126 234 -88
126 234 -87
126 234 -86
126 234 -85
126 234 -84
126 234 -83
126 234 -82
126 234 -81
126 235 -96
126 235 -95
126 235 -92
126 235 -91
126 235 -90
126 235 -89
126 235 -88
126 235 -87
126 235 -86
126 235 -85
126 235 -84
126 235 -83
126 235 -82
126 235 -81
126 236 -96
126 236 -91
126 236 -90
126 236 -89
126 236 -88
126 236 -87
126 236 -86
126 236 -85
126 236 -84
126 236 -83
126 236 -82
126 236 -81
126 237 -96
126 237 -91
126 237 -90
126 237 -89
126 237 -87
126 237 -83
126 237 -82
126 237 -81
126 238 -90
126 238 -87
126 238 -86
126 238 -83
126 238 -82
126 238 -81
126 239 -87
126 239 -83
126 239 -82
126 239 -81
126 240 -87
126 240 -81
127 225 -96
127 225 -95
127 225 -94
127 226 -95
127 226 -93
127 226 -92
127 226 -90
127 226 -88
127 227 -96
127 227 -95
127 227 -94
127 227 -93
127 227 -90
127 227 -88
127 227 -87
127 227 -86
127 228 -96
127 228 -95
127 228 -94
127 228 -93
127 228 -92
127 228 -91
127 228 -90
127 228 -89
127 228 -88
127 228 -87
127 228 -86
127 229 -96
127 229 -95
127 229 -94
127 229 -93
127 229 -92
127 229 -91
127 229 -90
127 229 -89
127 229 -88
127 229 -87
127 229 -86
127 229 -85
127 229 -81
127 230 -96
127 230 -95
127 230 -94
127 230 -93
127 230 -92
127 230 -91
127 230 -90
127 230 -89
127 230 -88
127 230 -87
127 230 -85
127 230 -84
127 230 -83
127 230 -82
127 231 -96
127 231 -95
127 231 -94
127 231 -93
127 231 -92
127 231 -91
127 231 -90
127 231 -89
127 231 -88
127 231 -87
127 231 -86
127 231 -85
127 231 -84
127 231 -83
127 231 -82
127 231 -81
127 232 -96
127 232 -95
127 232 -94
127 232 -93
127 232 -92
127 232 -91
127 232 -90
127 232 -89
127 232 -88
127 232 -87
127 232 -86
127 232 -85
127 232 -84
127 232 -83
127 232 -82
127 232 -81
127 233 -96
127 233 -95
127 233 -94
127 233 -93
127 233 -91
127 233 -90
127 233 -89
127 233 -88
127 233 -87
127 233 -86
127 233 -85
127 233 -84
127 233 -83
127 233 -82
127 233 -81
127 234 -96
127 234 -95
127 234 -94
127 234 -93
127 234 -92
127 234 -91
127 234 -90
127 234 -89
127 234 -88
127 234 -87
127 234 -86
127 234 -85
127 234 -84
127 234 -83
127 234 -82
127 234 -81
127 235 -96
127 235 -95
127 235 -94
127 235 -93
127 235 -91
127 235 -90
127 235 -89
127 235 -88
127 235 -87
127 235 -86
127 235 -85
127 235 -84
127 235 -83
127 235 -82
127 235 -81
127 236 -93
127 236 -92
127 236 -91
127 236 -90
127 236 -89
127 236 -88
127 236 -87
127 236 -86
127 236 -85
127 236 -84
127 236 -83
127 236 -82
127 236 -81
127 237 -89
127 237 -88
127 237 -87
127 237 -86
127 237 -85
127 237 -84
127 237 -83
127 237 -82
127 237 -81
127 238 -90
127 238 -89
127 238 -88
127 238 -87
127 238 -86
127 238 -85
127 238 -83
127 238 -82
127 238 -81
127 239 -90
127 239 -89
127 239 -87
127 239 -86
127 239 -81
127 240 -89
127 240 -88
127 240 -86

