alfheim:altWood1
12
176 228 -32
176 229 -32
176 229 -31
176 230 -32
176 230 -31
176 231 -32
176 231 -31
176 231 -30
176 231 -25
176 232 -32
176 232 -31
176 232 -30
176 232 -25
176 232 -24
176 233 -32
176 233 -29
176 233 -25
176 233 -24
176 233 -23
176 234 -25
176 234 -24
176 234 -23
176 235 -24
177 229 -32
177 230 -32
177 231 -32
177 232 -32
177 232 -31
177 232 -30
177 232 -29
177 233 -32
177 233 -30
177 233 -29
177 233 -25
177 233 -24
177 234 -25
177 234 -24
177 234 -23
177 235 -25
177 235 -24
177 235 -23
177 236 -24
178 231 -32
178 232 -32
178 232 -30
178 232 -29
178 233 -32
178 233 -30
178 233 -29
178 234 -29
178 234 -25
178 234 -24
178 234 -23
178 235 -25
178 235 -24
178 235 -23
178 236 -24
178 236 -23
179 231 -32
179 232 -32
179 233 -32
179 233 -30
179 233 -29
179 234 -29
179 234 -28
179 234 -24
179 235 -25
179 235 -24
179 235 -23
179 236 -24
179 236 -23
179 236 -22
179 237 -23
180 232 -32
180 233 -29
180 234 -29
180 234 -28
180 235 -24
180 235 -23
180 236 -24
180 236 -23
180 236 -22
180 237 -24
180 237 -23
180 237 -22
180 238 -23
180 240 -17
180 241 -17
181 234 -29
181 234 -28
181 235 -28
181 235 -23
181 236 -24
181 236 -23
181 236 -22
181 237 -24
181 237 -23
181 237 -21
181 241 -17
182 234 -28
182 235 -28
182 236 -23
182 236 -22
182 237 -23
182 237 -22
182 237 -21
182 238 -23
182 238 -22
182 238 -21
182 239 -22
182 239 -21
182 242 -18
183 235 -28
183 235 -27
183 237 -22
183 238 -22
183 238 -21
183 239 -22
183 239 -21
183 240 -22
183 240 -21
184 235 -27
184 236 -27
184 239 -22
184 239 -21
184 240 -22
184 240 -20
184 241 -21
185 236 -27
185 241 -22
185 241 -21
185 242 -21
185 242 -20
186 236 -26
186 237 -26
186 241 -20
186 242 -20
186 243 -20
187 237 -26
187 242 -20
alfheim:altLeaves
6
176 236 -20
176 238 -28
176 238 -27
176 238 -20
176 239 -31
176 239 -29
176 239 -28
176 239 -27
176 239 -26
176 239 -23
176 239 -22
176 239 -21
176 239 -20
176 239 -18
176 239 -17
176 240 -32
176 240 -31
176 240 -30
176 240 -29
176 240 -28
176 240 -27
176 240 -26
176 240 -25
176 240 -24
176 240 -23
176 240 -22
176 240 -21
176 240 -20
176 240 -19
176 240 -18
176 241 -32
176 241 -31
176 241 -30
176 241 -29
176 241 -28
176 241 -27
176 241 -26
176 241 -25
176 241 -24
176 241 -23
176 241 -22
176 241 -21
176 241 -20
176 241 -19
176 241 -18
176 241 -17
176 242 -32
176 242 -31
176 242 -30
176 242 -29
176 242 -28
176 242 -26
176 242 -25
176 242 -24
176 242 -23
176 242 -22
176 242 -21
176 242 -20
176 242 -19
176 242 -18
176 242 -17
176 243 -32
176 243 -31
176 243 -30
176 243 -29
176 243 -28
176 243 -27
176 243 -26
176 243 -25
176 243 -24
176 243 -23
176 243 -22
176 243 -21
176 243 -20
176 243 -19
176 243 -18
176 243 -17
176 244 -32
176 244 -31
176 244 -30
176 244 -29
176 244 -28
176 244 -27
176 244 -26
176 244 -25
176 244 -24
176 244 -23
176 244 -22
176 244 -21
176 244 -20
176 244 -19
176 244 -18
176 244 -17
176 245 -32
176 245 -31
176 245 -30
176 245 -29
176 245 -28
176 245 -27
176 245 -26
176 245 -25
176 245 -24
176 245 -23
176 245 -22
176 245 -21
176 245 -20
176 245 -19
176 245 -18
176 245 -17
176 246 -32
176 246 -30
176 246 -29
176 246 -28
176 246 -27
176 246 -26
176 246 -25
176 246 -24
176 246 -23
176 246 -22
176 246 -21
176 246 -20
176 246 -19
176 246 -18
176 246 -17
176 247 -30
176 247 -29
176 247 -28
176 247 -26
176 247 -25
176 247 -24
176 247 -23
176 247 -22
176 247 -21
176 247 -20
176 247 -18
176 247 -17
176 248 -30
176 248 -28
176 248 -27
176 248 -24
176 248 -23
176 248 -22
176 248 -21
176 248 -20
176 248 -18
176 248 -17
176 249 -28
176 249 -27
176 249 -26
176 249 -20
176 249 -19
176 249 -18
176 249 -17
176 250 -20
176 250 -17
176 251 -17
177 237 -30
177 238 -31
177 238 -30
177 239 -32
177 239 -31
177 239 -30
177 239 -29
177 239 -28
177 239 -27
177 239 -26
177 239 -22
177 239 -21
177 239 -20
177 239 -17
177 240 -32
177 240 -31
177 240 -30
177 240 -29
177 240 -28
177 240 -27
177 240 -26
177 240 -25
177 240 -24
177 240 -23
177 240 -22
177 240 -21
177 240 -17
177 241 -32
177 241 -31
177 241 -30
177 241 -29
177 241 -28
177 241 -27
177 241 -26
177 241 -25
177 241 -24
177 241 -23
177 241 -22
177 241 -21
177 241 -20
177 241 -19
177 241 -18
177 241 -17
177 242 -32
177 242 -31
177 242 -30
177 242 -29
177 242 -28
177 242 -27
177 242 -26
177 242 -25
177 242 -24
177 242 -23
177 242 -22
177 242 -21
177 242 -20
177 242 -19
177 242 -18
177 242 -17
177 243 -32
177 243 -31
177 243 -30
177 243 -29
177 243 -28
177 243 -27
177 243 -26
177 243 -25
177 243 -24
177 243 -23
177 243 -22
177 243 -21
177 243 -20
177 243 -19
177 243 -18
177 243 -17
177 244 -32
177 244 -31
177 244 -30
177 244 -29
177 244 -28
177 244 -27
177 244 -26
177 244 -25
177 244 -24
177 244 -23
177 244 -22
177 244 -21
177 244 -20
177 244 -19
177 244 -18
177 244 -17
177 245 -32
177 245 -31
177 245 -30
177 245 -29
177 245 -28
177 245 -27
177 245 -26
177 245 -25
177 245 -24
177 245 -23
177 245 -22
177 245 -21
177 245 -20
177 245 -19
177 245 -18
177 245 -17
177 246 -32
177 246 -31
177 246 -30
177 246 -29
177 246 -28
177 246 -27
177 246 -26
177 246 -25
177 246 -24
177 246 -23
177 246 -22
177 246 -21
177 246 -20
177 246 -19
177 246 -18
177 246 -17
177 247 -31
177 247 -30
177 247 -29
177 247 -28
177 247 -27
177 247 -26
177 247 -25
177 247 -24
177 247 -22
177 247 -21
177 247 -20
177 247 -19
177 247 -18
177 247 -17
177 248 -32
177 248 -31
177 248 -30
177 248 -29
177 248 -28
177 248 -27
177 248 -26
177 248 -25
177 248 -24
177 248 -22
177 248 -21
177 248 -20
177 248 -19
177 248 -18
177 248 -17
177 249 -30
177 249 -27
177 249 -26
177 249 -25
177 249 -24
177 249 -21
177 249 -20
177 249 -19
177 249 -18
177 249 -17
177 250 -26
177 250 -20
177 250 -19
177 250 -18
177 250 -17
178 237 -30
178 238 -32
178 238 -31
178 238 -30
178 238 -27
178 238 -26
178 239 -32
178 239 -31
178 239 -30
178 239 -29
178 239 -28
178 239 -27
178 239 -26
178 239 -21
178 239 -17
178 240 -32
178 240 -31
178 240 -30
178 240 -29
178 240 -28
178 240 -27
178 240 -26
178 240 -25
178 240 -24
178 240 -23
178 240 -22
178 240 -21
178 240 -20
178 240 -17
178 241 -32
178 241 -31
178 241 -30
178 241 -29
178 241 -28
178 241 -27
178 241 -26
178 241 -25
178 241 -23
178 241 -22
178 241 -21
178 241 -20
178 241 -19
178 241 -18
178 241 -17
178 242 -32
178 242 -31
178 242 -30
178 242 -29
178 242 -28
178 242 -27
178 242 -26
178 242 -25
178 242 -24
178 242 -23
178 242 -22
178 242 -21
178 242 -20
178 242 -19
178 242 -18
178 243 -32
178 243 -31
178 243 -30
178 243 -29
178 243 -28
178 243 -27
178 243 -26
178 243 -25
178 243 -24
178 243 -23
178 243 -22
178 243 -21
178 243 -20
178 243 -19
178 243 -18
178 243 -17
178 244 -32
178 244 -31
178 244 -30
178 244 -29
178 244 -28
178 244 -27
178 244 -26
178 244 -25
178 244 -24
178 244 -23
178 244 -22
178 244 -21
178 244 -20
178 244 -19
178 244 -18
178 244 -17
178 245 -32
178 245 -31
178 245 -30
178 245 -29
178 245 -28
178 245 -27
178 245 -26
178 245 -25
178 245 -24
178 245 -23
178 245 -22
178 245 -21
178 245 -20
178 245 -19
178 245 -18
178 245 -17
178 246 -32
178 246 -31
178 246 -30
178 246 -29
178 246 -28
178 246 -27
178 246 -26
178 246 -25
178 246 -24
178 246 -23
178 246 -22
178 246 -21
178 246 -20
178 246 -19
178 246 -18
178 246 -17
178 247 -32
178 247 -31
178 247 -30
178 247 -29
178 247 -28
178 247 -27
178 247 -26
178 247 -25
178 247 -24
178 247 -23
178 247 -22
178 247 -21
178 247 -20
178 247 -19
178 247 -18
178 247 -17
178 248 -31
178 248 -30
178 248 -27
178 248 -26
178 248 -25
178 248 -24
178 248 -20
178 248 -19
178 248 -18
178 248 -17
178 249 -27
178 249 -25
178 249 -24
178 249 -22
178 249 -20
178 249 -19
178 249 -18
178 249 -17
178 250 -22
178 250 -20
178 250 -19
178 250 -18
178 250 -17
179 236 -29
179 237 -32
179 237 -31
179 237 -29
179 238 -32
179 238 -31
179 238 -30
179 238 -29
179 238 -28
179 238 -21
179 239 -32
179 239 -31
179 239 -30
179 239 -29
179 239 -28
179 239 -26
179 239 -22
179 239 -21
179 240 -31
179 240 -30
179 240 -29
179 240 -28
179 240 -27
179 240 -26
179 240 -25
179 240 -22
179 240 -21
179 240 -20
179 241 -32
179 241 -31
179 241 -30
179 241 -29
179 241 -28
179 241 -27
179 241 -26
179 241 -25
179 241 -24
179 241 -23
179 241 -22
179 241 -21
179 241 -20
179 241 -19
179 241 -18
179 242 -32
179 242 -31
179 242 -30
179 242 -29
179 242 -28
179 242 -27
179 242 -26
179 242 -25
179 242 -24
179 242 -23
179 242 -22
179 242 -21
179 242 -19
179 242 -18
179 242 -17
179 243 -32
179 243 -31
179 243 -30
179 243 -29
179 243 -28
179 243 -27
179 243 -26
179 243 -25
179 243 -24
179 243 -23
179 243 -22
179 243 -21
179 243 -20
179 243 -19
179 243 -18
179 243 -17
179 244 -32
179 244 -31
179 244 -30
179 244 -29
179 244 -28
179 244 -27
179 244 -26
179 244 -25
179 244 -24
179 244 -23
179 244 -22
179 244 -21
179 244 -20
179 244 -19
179 244 -18
179 244 -17
179 245 -32
179 245 -31
179 245 -30
179 245 -29
179 245 -28
179 245 -27
179 245 -26
179 245 -25
179 245 -24
179 245 -23
179 245 -22
179 245 -21
179 245 -20
179 245 -19
179 245 -18
179 245 -17
179 246 -32
179 246 -30
179 246 -29
179 246 -28
179 246 -27
179 246 -26
179 246 -25
179 246 -24
179 246 -23
179 246 -22
179 246 -21
179 246 -20
179 246 -19
179 246 -18
179 246 -17
179 247 -32
179 247 -31
179 247 -29
179 247 -28
179 247 -26
179 247 -25
179 247 -24
179 247 -23
179 247 -22
179 247 -21
179 247 -20
179 247 -19
179 247 -18
179 247 -17
179 248 -32
179 248 -31
179 248 -29
179 248 -27
179 248 -26
179 248 -25
179 248 -24
179 248 -23
179 248 -21
179 248 -20
179 248 -19
179 248 -18
179 248 -17
179 249 -25
179 249 -24
179 249 -23
179 249 -22
179 249 -20
179 249 -19
179 249 -18
179 249 -17
179 250 -25
179 250 -24
179 250 -17
179 251 -17
180 231 -17
180 232 -17
180 236 -29
180 237 -31
180 237 -29
180 237 -28
180 238 -32
180 238 -31
180 238 -30
180 238 -29
180 238 -28
180 238 -27
180 239 -32
180 239 -30
180 239 -29
180 239 -28
180 239 -27
180 239 -26
180 239 -24
180 239 -23
180 239 -22
180 240 -32
180 240 -31
180 240 -30
180 240 -29
180 240 -28
180 240 -27
180 240 -26
180 240 -25
180 240 -24
180 240 -23
180 240 -22
180 240 -21
180 240 -20
180 241 -32
180 241 -31
180 241 -30
180 241 -29
180 241 -28
180 241 -27
180 241 -26
180 241 -25
180 241 -24
180 241 -23
180 241 -22
180 241 -21
180 241 -20
180 241 -19
180 241 -18
180 242 -32
180 242 -31
180 242 -30
180 242 -29
180 242 -28
180 242 -27
180 242 -26
180 242 -25
180 242 -24
180 242 -23
180 242 -22
180 242 -21
180 242 -20
180 242 -18
180 243 -32
180 243 -31
180 243 -30
180 243 -29
180 243 -28
180 243 -27
180 243 -26
180 243 -25
180 243 -24
180 243 -23
180 243 -22
180 243 -21
180 243 -20
180 243 -19
180 243 -18
180 243 -17
180 244 -32
180 244 -31
180 244 -30
180 244 -29
180 244 -28
180 244 -27
180 244 -26
180 244 -25
180 244 -24
180 244 -23
180 244 -22
180 244 -21
180 244 -20
180 244 -19
180 244 -18
180 244 -17
180 245 -32
180 245 -31
180 245 -30
180 245 -29
180 245 -28
180 245 -27
180 245 -26
180 245 -25
180 245 -24
180 245 -23
180 245 -22
180 245 -21
180 245 -20
180 245 -19
180 245 -18
180 245 -17
180 246 -32
180 246 -31
180 246 -30
180 246 -29
180 246 -28
180 246 -27
180 246 -26
180 246 -25
180 246 -24
180 246 -23
180 246 -22
180 246 -21
180 246 -20
180 246 -19
180 246 -18
180 246 -17
180 247 -32
180 247 -29
180 247 -28
180 247 -26
180 247 -25
180 247 -24
180 247 -23
180 247 -22
180 247 -21
180 247 -20
180 247 -19
180 247 -18
180 247 -17
180 248 -24
180 248 -23
180 248 -22
180 248 -21
180 248 -20
180 248 -19
180 248 -18
180 248 -17
180 249 -32
180 249 -23
180 249 -22
180 249 -21
180 249 -20
180 249 -19
180 249 -18
180 249 -17
180 250 -23
180 250 -22
180 250 -20
180 250 -19
180 250 -18
180 250 -17
180 251 -23
180 251 -17
181 230 -17
181 231 -18
181 231 -17
181 232 -18
181 237 -31
181 237 -22
181 238 -32
181 238 -31
181 238 -30
181 238 -29
181 238 -23
181 238 -22
181 239 -32
181 239 -31
181 239 -30
181 239 -28
181 239 -23
181 239 -22
181 239 -20
181 240 -32
181 240 -31
181 240 -30
181 240 -29
181 240 -28
181 240 -25
181 240 -23
181 240 -22
181 240 -21
181 240 -20
181 241 -32
181 241 -31
181 241 -30
181 241 -29
181 241 -28
181 241 -27
181 241 -26
181 241 -25
181 241 -24
181 241 -23
181 241 -22
181 241 -21
181 241 -20
181 241 -19
181 242 -32
181 242 -31
181 242 -30
181 242 -29
181 242 -28
181 242 -27
181 242 -26
181 242 -25
181 242 -24
181 242 -23
181 242 -22
181 242 -21
181 242 -20
181 242 -19
181 242 -18
181 242 -17
181 243 -32
181 243 -31
181 243 -30
181 243 -29
181 243 -28
181 243 -27
181 243 -26
181 243 -25
181 243 -24
181 243 -23
181 243 -22
181 243 -21
181 243 -20
181 243 -19
181 243 -17
181 244 -32
181 244 -31
181 244 -30
181 244 -29
181 244 -28
181 244 -27
181 244 -26
181 244 -25
181 244 -24
181 244 -23
181 244 -22
181 244 -21
181 244 -20
181 244 -19
181 244 -18
181 244 -17
181 245 -32
181 245 -31
181 245 -30
181 245 -29
181 245 -28
181 245 -27
181 245 -26
181 245 -25
181 245 -24
181 245 -23
181 245 -22
181 245 -21
181 245 -20
181 245 -19
181 245 -18
181 245 -17
181 246 -32
181 246 -31
181 246 -30
181 246 -29
181 246 -28
181 246 -27
181 246 -26
181 246 -25
181 246 -24
181 246 -23
181 246 -22
181 246 -21
181 246 -20
181 246 -19
181 246 -18
181 246 -17
181 247 -32
181 247 -31
181 247 -29
181 247 -27
181 247 -26
181 247 -25
181 247 -24
181 247 -23
181 247 -22
181 247 -21
181 247 -20
181 247 -19
181 247 -18
181 247 -17
181 248 -32
181 248 -31
181 248 -25
181 248 -24
181 248 -23
181 248 -22
181 248 -21
181 248 -20
181 248 -19
181 248 -18
181 248 -17
181 249 -32
181 249 -24
181 249 -23
181 249 -22
181 249 -21
181 249 -20
181 249 -19
181 249 -18
181 249 -17
181 250 -22
181 250 -21
181 250 -20
181 250 -19
181 250 -18
181 250 -17
181 251 -19
181 251 -18
181 251 -17
181 252 -19
181 252 -17
181 253 -17
182 226 -17
182 228 -17
182 229 -17
182 230 -18
182 230 -17
182 231 -17
182 232 -19
182 232 -17
182 233 -18
182 233 -17
182 234 -18
182 234 -17
182 237 -32
182 237 -17
182 238 -31
182 239 -32
182 239 -29
182 239 -28
182 240 -32
182 240 -31
182 240 -30
182 240 -29
182 240 -28
182 240 -25
182 240 -22
182 240 -21
182 240 -20
182 241 -32
182 241 -31
182 241 -30
182 241 -29
182 241 -28
182 241 -27
182 241 -26
182 241 -25
182 241 -24
182 241 -22
182 241 -20
182 241 -19
182 242 -32
182 242 -31
182 242 -30
182 242 -29
182 242 -28
182 242 -27
182 242 -26
182 242 -25
182 242 -24
182 242 -23
182 242 -22
182 242 -21
182 242 -20
182 242 -19
182 243 -32
182 243 -31
182 243 -30
182 243 -29
182 243 -28
182 243 -27
182 243 -26
182 243 -25
182 243 -24
182 243 -23
182 243 -22
182 243 -21
182 243 -20
182 243 -19
182 243 -18
182 243 -17
182 244 -32
182 244 -31
182 244 -30
182 244 -29
182 244 -28
182 244 -27
182 244 -26
182 244 -25
182 244 -24
182 244 -23
182 244 -22
182 244 -21
182 244 -20
182 244 -19
182 244 -18
182 244 -17
182 245 -32
182 245 -31
182 245 -30
182 245 -29
182 245 -28
182 245 -27
182 245 -26
182 245 -25
182 245 -24
182 245 -23
182 245 -22
182 245 -21
182 245 -20
182 245 -19
182 245 -18
182 245 -17
182 246 -32
182 246 -31
182 246 -30
182 246 -29
182 246 -28
182 246 -25
182 246 -24
182 246 -23
182 246 -22
182 246 -21
182 246 -20
182 246 -19
182 246 -18
182 246 -17
182 247 -32
182 247 -31
182 247 -30
182 247 -25
182 247 -24
182 247 -23
182 247 -22
182 247 -21
182 247 -20
182 247 -19
182 247 -18
182 247 -17
182 248 -32
182 248 -31
182 248 -28
182 248 -25
182 248 -24
182 248 -23
182 248 -22
182 248 -21
182 248 -20
182 248 -19
182 248 -18
182 248 -17
182 249 -32
182 249 -23
182 249 -22
182 249 -21
182 249 -20
182 249 -19
182 249 -18
182 249 -17
182 250 -32
182 250 -19
182 250 -18
182 250 -17
182 251 -19
182 251 -18
182 251 -17
182 252 -17
183 226 -17
183 227 -17
183 228 -17
183 229 -20
183 229 -19
183 229 -17
183 230 -19
183 230 -18
183 230 -17
183 231 -18
183 231 -17
183 232 -20
183 232 -19
183 232 -18
183 232 -17
183 233 -19
183 233 -18
183 233 -17
183 234 -18
183 235 -17
183 236 -17
183 237 -18
183 237 -17
183 238 -32
183 238 -19
183 239 -32
183 239 -19
183 239 -18
183 240 -32
183 240 -30
183 241 -32
183 241 -31
183 241 -30
183 241 -29
183 241 -28
183 241 -27
183 241 -25
183 241 -24
183 241 -23
183 241 -21
183 241 -20
183 242 -32
183 242 -31
183 242 -30
183 242 -29
183 242 -28
183 242 -27
183 242 -25
183 242 -24
183 242 -23
183 242 -22
183 242 -21
183 242 -20
183 242 -19
183 243 -32
183 243 -31
183 243 -30
183 243 -28
183 243 -26
183 243 -25
183 243 -24
183 243 -23
183 243 -22
183 243 -21
183 243 -20
183 243 -19
183 243 -18
183 243 -17
183 244 -32
183 244 -31
183 244 -30
183 244 -29
183 244 -28
183 244 -27
183 244 -26
183 244 -25
183 244 -24
183 244 -23
183 244 -22
183 244 -21
183 244 -19
183 244 -18
183 244 -17
183 245 -32
183 245 -31
183 245 -30
183 245 -29
183 245 -28
183 245 -27
183 245 -26
183 245 -25
183 245 -24
183 245 -23
183 245 -22
183 245 -21
183 245 -20
183 245 -19
183 245 -18
183 245 -17
183 246 -32
183 246 -31
183 246 -30
183 246 -29
183 246 -28
183 246 -24
183 246 -23
183 246 -22
183 246 -21
183 246 -20
183 246 -19
183 246 -18
183 246 -17
183 247 -32
183 247 -31
183 247 -30
183 247 -27
183 247 -25
183 247 -24
183 247 -22
183 247 -21
183 247 -20
183 247 -19
183 247 -18
183 247 -17
183 248 -32
183 248 -29
183 248 -28
183 248 -24
183 248 -23
183 248 -22
183 248 -21
183 248 -20
183 248 -19
183 248 -18
183 248 -17
183 249 -32
183 249 -31
183 249 -22
183 249 -21
183 249 -20
183 249 -19
183 249 -18
183 249 -17
183 250 -30
183 250 -20
183 250 -18
183 250 -17
183 251 -18
183 251 -17
184 225 -17
184 226 -18
184 226 -17
184 227 -19
184 227 -17
184 228 -19
184 228 -18
184 228 -17
184 229 -21
184 229 -20
184 229 -19
184 230 -20
184 230 -19
184 230 -18
184 230 -17
184 231 -20
184 231 -19
184 231 -18
184 231 -17
184 232 -20
184 232 -19
184 232 -18
184 232 -17
184 233 -20
184 233 -19
184 233 -18
184 233 -17
184 234 -18
184 234 -17
184 235 -21
184 235 -19
184 235 -18
184 235 -17
184 236 -20
184 236 -19
184 236 -17
184 237 -18
184 237 -17
184 238 -19
184 238 -18
184 238 -17
184 239 -19
184 239 -18
184 240 -32
184 240 -31
184 240 -21
184 240 -18
184 241 -32
184 241 -31
184 241 -30
184 242 -32
184 242 -31
184 242 -30
184 242 -29
184 242 -25
184 242 -24
184 242 -22
184 242 -20
184 242 -19
184 242 -18
184 242 -17
184 243 -32
184 243 -31
184 243 -30
184 243 -24
184 243 -22
184 243 -21
184 243 -20
184 243 -19
184 244 -32
184 244 -31
184 244 -30
184 244 -29
184 244 -28
184 244 -27
184 244 -26
184 244 -25
184 244 -24
184 244 -23
184 244 -22
184 244 -21
184 244 -20
184 244 -19
184 244 -18
184 244 -17
184 245 -32
184 245 -31
184 245 -30
184 245 -29
184 245 -28
184 245 -27
184 245 -26
184 245 -24
184 245 -23
184 245 -22
184 245 -21
184 245 -20
184 245 -19
184 245 -18
184 245 -17
184 246 -32
184 246 -31
184 246 -30
184 246 -29
184 246 -28
184 246 -25
184 246 -24
184 246 -23
184 246 -22
184 246 -21
184 246 -20
184 246 -19
184 246 -18
184 246 -17
184 247 -32
184 247 -31
184 247 -30
184 247 -29
184 247 -28
184 247 -27
184 247 -26
184 247 -25
184 247 -24
184 247 -23
184 247 -22
184 247 -21
184 247 -20
184 247 -19
184 247 -18
184 247 -17
184 248 -32
184 248 -31
184 248 -30
184 248 -29
184 248 -28
184 248 -27
184 248 -25
184 248 -24
184 248 -23
184 248 -22
184 248 -21
184 248 -20
184 248 -19
184 248 -18
184 248 -17
184 249 -32
184 249 -31
184 249 -30
184 249 -29
184 249 -28
184 249 -22
184 249 -21
184 249 -20
184 249 -19
184 249 -18
184 249 -17
184 250 -30
184 250 -29
184 250 -24
184 250 -23
184 250 -22
184 250 -20
184 250 -18
184 250 -17
184 251 -31
184 251 -25
184 251 -22
184 251 -17
185 226 -17
185 227 -18
185 227 -17
185 228 -18
185 228 -17
185 229 -19
185 229 -18
185 229 -17
185 230 -19
185 230 -18
185 230 -17
185 231 -20
185 231 -19
185 231 -18
185 231 -17
185 232 -20
185 232 -18
185 232 -17
185 233 -18
185 233 -17
185 234 -18
185 234 -17
185 235 -21
185 235 -19
185 235 -18
185 235 -17
185 236 -21
185 236 -20
185 236 -19
185 236 -18
185 236 -17
185 237 -25
185 237 -24
185 237 -23
185 237 -21
185 237 -20
185 237 -19
185 237 -17
185 238 -22
185 238 -21
185 238 -20
185 238 -18
185 238 -17
185 239 -20
185 239 -19
185 239 -18
185 239 -17
185 240 -32
185 240 -22
185 240 -21
185 240 -20
185 240 -19
185 240 -18
185 240 -17
185 241 -31
185 241 -30
185 241 -29
185 241 -24
185 241 -20
185 241 -19
185 241 -17
185 242 -30
185 242 -29
185 242 -24
185 242 -23
185 242 -22
185 242 -19
185 243 -30
185 243 -28
185 243 -24
185 243 -23
185 243 -22
185 243 -21
185 243 -20
185 243 -17
185 244 -32
185 244 -31
185 244 -30
185 244 -29
185 244 -28
185 244 -27
185 244 -25
185 244 -24
185 244 -23
185 244 -22
185 244 -21
185 244 -20
185 244 -18
185 244 -17
185 245 -32
185 245 -31
185 245 -30
185 245 -29
185 245 -28
185 245 -27
185 245 -26
185 245 -25
185 245 -24
185 245 -23
185 245 -22
185 245 -21
185 245 -20
185 245 -19
185 245 -18
185 245 -17
185 246 -32
185 246 -31
185 246 -30
185 246 -29
185 246 -27
185 246 -26
185 246 -25
185 246 -24
185 246 -23
185 246 -22
185 246 -21
185 246 -20
185 246 -19
185 246 -18
185 246 -17
185 247 -32
185 247 -31
185 247 -30
185 247 -29
185 247 -28
185 247 -27
185 247 -26
185 247 -25
185 247 -24
185 247 -23
185 247 -22
185 247 -21
185 247 -20
185 247 -19
185 247 -18
185 247 -17
185 248 -32
185 248 -31
185 248 -30
185 248 -29
185 248 -28
185 248 -27
185 248 -26
185 248 -25
185 248 -24
185 248 -23
185 248 -22
185 248 -21
185 248 -20
185 248 -19
185 248 -18
185 248 -17
185 249 -31
185 249 -30
185 249 -29
185 249 -28
185 249 -25
185 249 -24
185 249 -23
185 249 -22
185 249 -21
185 249 -20
185 249 -19
185 249 -18
185 249 -17
185 250 -31
185 250 -30
185 250 -29
185 250 -28
185 250 -24
185 250 -23
185 250 -22
185 250 -21
185 250 -20
185 250 -17
185 251 -32
185 251 -31
185 251 -30
185 251 -26
185 251 -25
185 251 -22
185 251 -21
185 251 -17
185 252 -30
185 252 -25
185 252 -18
185 252 -17
186 227 -18
186 228 -20
186 228 -18
186 228 -17
186 229 -21
186 229 -20
186 229 -19
186 229 -18
186 229 -17
186 230 -20
186 230 -19
186 230 -18
186 230 -17
186 231 -19
186 231 -18
186 231 -17
186 232 -19
186 232 -18
186 232 -17
186 233 -21
186 233 -18
186 233 -17
186 234 -21
186 234 -20
186 234 -18
186 234 -17
186 235 -24
186 235 -21
186 235 -20
186 235 -19
186 235 -18
186 235 -17
186 236 -23
186 236 -21
186 236 -20
186 236 -19
186 236 -18
186 236 -17
186 237 -24
186 237 -23
186 237 -21
186 237 -20
186 237 -19
186 237 -18
186 237 -17
186 238 -25
186 238 -24
186 238 -22
186 238 -21
186 238 -20
186 238 -19
186 238 -18
186 238 -17
186 239 -24
186 239 -23
186 239 -22
186 239 -20
186 239 -19
186 239 -18
186 239 -17
186 240 -30
186 240 -23
186 240 -22
186 240 -21
186 240 -20
186 240 -19
186 240 -18
186 240 -17
186 241 -32
186 241 -30
186 241 -29
186 241 -25
186 241 -23
186 241 -22
186 241 -21
186 241 -17
186 242 -32
186 242 -31
186 242 -30
186 242 -29
186 242 -28
186 242 -26
186 242 -25
186 242 -24
186 242 -23
186 242 -22
186 242 -21
186 242 -19
186 243 -32
186 243 -31
186 243 -30
186 243 -29
186 243 -28
186 243 -27
186 243 -25
186 243 -24
186 243 -23
186 243 -21
186 243 -19
186 244 -32
186 244 -31
186 244 -30
186 244 -29
186 244 -28
186 244 -27
186 244 -26
186 244 -25
186 244 -24
186 244 -23
186 244 -22
186 244 -21
186 244 -20
186 244 -19
186 244 -18
186 244 -17
186 245 -32
186 245 -31
186 245 -30
186 245 -29
186 245 -28
186 245 -27
186 245 -26
186 245 -25
186 245 -24
186 245 -23
186 245 -22
186 245 -21
186 245 -20
186 245 -19
186 245 -18
186 245 -17
186 246 -32
186 246 -31
186 246 -30
186 246 -29
186 246 -28
186 246 -27
186 246 -26
186 246 -25
186 246 -24
186 246 -23
186 246 -22
186 246 -21
186 246 -20
186 246 -19
186 246 -18
186 246 -17
186 247 -32
186 247 -31
186 247 -30
186 247 -29
186 247 -28
186 247 -27
186 247 -26
186 247 -25
186 247 -24
186 247 -23
186 247 -22
186 247 -21
186 247 -20
186 247 -19
186 247 -18
186 247 -17
186 248 -32
186 248 -31
186 248 -30
186 248 -29
186 248 -28
186 248 -27
186 248 -26
186 248 -25
186 248 -24
186 248 -23
186 248 -22
186 248 -21
186 248 -20
186 248 -19
186 248 -18
186 248 -17
186 249 -32
186 249 -31
186 249 -30
186 249 -29
186 249 -28
186 249 -27
186 249 -26
186 249 -25
186 249 -24
186 249 -23
186 249 -22
186 249 -21
186 249 -19
186 249 -17
186 250 -32
186 250 -31
186 250 -30
186 250 -29
186 250 -28
186 250 -27
186 250 -26
186 250 -25
186 250 -24
186 250 -23
186 250 -22
186 250 -21
186 250 -20
186 250 -17
186 251 -32
186 251 -31
186 251 -30
186 251 -29
186 251 -27
186 251 -26
186 251 -25
186 251 -24
186 251 -23
186 251 -18
186 251 -17
186 252 -32
186 252 -26
186 252 -25
187 227 -18
187 227 -17
187 228 -17
187 229 -18
187 229 -17
187 230 -19
187 230 -18
187 230 -17
187 231 -17
187 232 -21
187 232 -18
187 232 -17
187 233 -21
187 233 -20
187 233 -18
187 233 -17
187 234 -24
187 234 -22
187 234 -21
187 234 -20
187 234 -19
187 234 -18
187 234 -17
187 235 -24
187 235 -22
187 235 -21
187 235 -20
187 235 -19
187 235 -18
187 235 -17
187 236 -25
187 236 -23
187 236 -20
187 236 -19
187 236 -18
187 236 -17
187 237 -25
187 237 -24
187 237 -23
187 237 -22
187 237 -21
187 237 -20
187 237 -19
187 237 -18
187 237 -17
187 238 -26
187 238 -25
187 238 -24
187 238 -22
187 238 -21
187 238 -20
187 238 -19
187 238 -18
187 238 -17
187 239 -23
187 239 -22
187 239 -21
187 239 -20
187 239 -19
187 239 -18
187 239 -17
187 240 -32
187 240 -23
187 240 -22
187 240 -21
187 240 -20
187 240 -19
187 240 -18
187 240 -17
187 241 -32
187 241 -28
187 241 -25
187 241 -24
187 241 -23
187 241 -22
187 241 -21
187 241 -20
187 241 -19
187 241 -18
187 242 -32
187 242 -31
187 242 -30
187 242 -29
187 242 -28
187 242 -27
187 242 -25
187 242 -24
187 242 -23
187 242 -22
187 242 -21
187 242 -19
187 242 -18
187 242 -17
187 243 -32
187 243 -31
187 243 -30
187 243 -29
187 243 -28
187 243 -27
187 243 -26
187 243 -25
187 243 -24
187 243 -23
187 243 -22
187 243 -21
187 243 -20
187 243 -19
187 243 -18
187 243 -17
187 244 -32
187 244 -31
187 244 -30
187 244 -29
187 244 -28
187 244 -27
187 244 -26
187 244 -25
187 244 -24
187 244 -23
187 244 -22
187 244 -21
187 244 -19
187 244 -17
187 245 -32
187 245 -31
187 245 -30
187 245 -29
187 245 -28
187 245 -27
187 245 -26
187 245 -25
187 245 -24
187 245 -23
187 245 -22
187 245 -21
187 245 -20
187 245 -18
187 245 -17
187 246 -32
187 246 -31
187 246 -30
187 246 -29
187 246 -28
187 246 -27
187 246 -26
187 246 -25
187 246 -24
187 246 -23
187 246 -22
187 246 -21
187 246 -20
187 246 -19
187 246 -18
187 246 -17
187 247 -32
187 247 -31
187 247 -30
187 247 -29
187 247 -28
187 247 -27
187 247 -26
187 247 -25
187 247 -24
187 247 -23
187 247 -22
187 247 -21
187 247 -20
187 247 -19
187 247 -18
187 247 -17
187 248 -32
187 248 -31
187 248 -30
187 248 -29
187 248 -28
187 248 -27
187 248 -26
187 248 -25
187 248 -24
187 248 -23
187 248 -22
187 248 -21
187 248 -20
187 248 -19
187 248 -18
187 248 -17
187 249 -32
187 249 -31
187 249 -30
187 249 -29
187 249 -28
187 249 -27
187 249 -26
187 249 -25
187 249 -24
187 249 -23
187 249 -21
187 249 -20
187 249 -17
187 250 -31
187 250 -30
187 250 -29
187 250 -28
187 250 -27
187 250 -25
187 250 -24
187 250 -23
187 250 -22
187 250 -21
187 250 -20
187 250 -17
187 251 -32
187 251 -31
187 251 -29
187 251 -26
187 251 -25
187 251 -24
187 251 -23
187 251 -22
187 252 -26
187 252 -25
187 252 -24
187 252 -23
187 253 -24
187 253 -23
187 254 -24
188 227 -18
188 227 -17
188 228 -18
188 228 -17
188 229 -18
188 229 -17
188 230 -17
188 231 -17
188 232 -18
188 232 -17
188 233 -24
188 233 -18
188 233 -17
188 234 -24
188 234 -22
188 234 -21
188 234 -20
188 234 -19
188 234 -18
188 234 -17
188 235 -24
188 235 -23
188 235 -22
188 235 -21
188 235 -20
188 235 -19
188 235 -18
188 235 -17
188 236 -24
188 236 -23
188 236 -22
188 236 -21
188 236 -20
188 236 -19
188 236 -18
188 236 -17
188 237 -25
188 237 -24
188 237 -23
188 237 -22
188 237 -21
188 237 -20
188 237 -19
188 237 -18
188 237 -17
188 238 -26
188 238 -25
188 238 -24
188 238 -23
188 238 -22
188 238 -21
188 238 -20
188 238 -19
188 238 -18
188 238 -17
188 239 -24
188 239 -23
188 239 -22
188 239 -21
188 239 -20
188 239 -19
188 239 -18
188 239 -17
188 240 -30
188 240 -29
188 240 -28
188 240 -24
188 240 -23
188 240 -22
188 240 -20
188 240 -19
188 240 -18
188 240 -17
188 241 -32
188 241 -30
188 241 -29
188 241 -28
188 241 -27
188 241 -24
188 241 -23
188 241 -22
188 241 -21
188 241 -20
188 241 -19
188 241 -18
188 241 -17
188 242 -32
188 242 -31
188 242 -30
188 242 -29
188 242 -28
188 242 -27
188 242 -26
188 242 -25
188 242 -24
188 242 -23
188 242 -22
188 242 -21
188 242 -20
188 242 -19
188 242 -18
188 242 -17
188 243 -32
188 243 -31
188 243 -30
188 243 -29
188 243 -28
188 243 -27
188 243 -26
188 243 -25
188 243 -24
188 243 -23
188 243 -22
188 243 -21
188 243 -20
188 243 -19
188 243 -18
188 243 -17
188 244 -32
188 244 -31
188 244 -30
188 244 -29
188 244 -28
188 244 -27
188 244 -26
188 244 -25
188 244 -24
188 244 -23
188 244 -22
188 244 -21
188 244 -20
188 244 -19
188 244 -17
188 245 -32
188 245 -31
188 245 -30
188 245 -29
188 245 -28
188 245 -27
188 245 -26
188 245 -25
188 245 -24
188 245 -23
188 245 -22
188 245 -21
188 245 -20
188 245 -19
188 245 -18
188 245 -17
188 246 -32
188 246 -31
188 246 -30
188 246 -29
188 246 -28
188 246 -27
188 246 -26
188 246 -25
188 246 -24
188 246 -23
188 246 -22
188 246 -21
188 246 -20
188 246 -19
188 246 -18
188 246 -17
188 247 -32
188 247 -31
188 247 -30
188 247 -29
188 247 -28
188 247 -27
188 247 -26
188 247 -25
188 247 -24
188 247 -23
188 247 -22
188 247 -21
188 247 -20
188 247 -19
188 247 -18
188 247 -17
188 248 -32
188 248 -31
188 248 -30
188 248 -29
188 248 -28
188 248 -27
188 248 -26
188 248 -25
188 248 -24
188 248 -23
188 248 -22
188 248 -21
188 248 -20
188 248 -19
188 248 -18
188 248 -17
188 249 -32
188 249 -31
188 249 -30
188 249 -29
188 249 -28
188 249 -27
188 249 -26
188 249 -25
188 249 -24
188 249 -23
188 249 -22
188 249 -21
188 249 -20
188 249 -17
188 250 -32
188 250 -31
188 250 -30
188 250 -28
188 250 -27
188 250 -26
188 250 -25
188 250 -24
188 250 -23
188 250 -22
188 250 -21
188 250 -20
188 250 -17
188 251 -32
188 251 -31
188 251 -30
188 251 -27
188 251 -26
188 251 -25
188 251 -24
188 251 -23
188 251 -22
188 251 -17
188 252 -32
188 252 -31
188 252 -25
188 252 -24
188 252 -23
188 252 -22
188 253 -23
189 228 -18
189 228 -17
189 229 -17
189 230 -17
189 231 -18
189 231 -17
189 232 -22
189 232 -20
189 232 -18
189 232 -17
189 233 -24
189 233 -23
189 233 -22
189 233 -20
189 233 -18
189 233 -17
189 234 -26
189 234 -25
189 234 -24
189 234 -22
189 234 -21
189 234 -20
189 234 -19
189 234 -18
189 234 -17
189 235 -26
189 235 -25
189 235 -24
189 235 -23
189 235 -22
189 235 -21
189 235 -20
189 235 -19
189 235 -18
189 235 -17
189 236 -26
189 236 -25
189 236 -24
189 236 -23
189 236 -22
189 236 -21
189 236 -20
189 236 -19
189 236 -18
189 236 -17
189 237 -29
189 237 -26
189 237 -25
189 237 -24
189 237 -23
189 237 -22
189 237 -21
189 237 -20
189 237 -19
189 237 -18
189 237 -17
189 238 -29
189 238 -28
189 238 -26
189 238 -24
189 238 -23
189 238 -22
189 238 -21
189 238 -20
189 238 -19
189 238 -18
189 238 -17
189 239 -29
189 239 -28
189 239 -25
189 239 -24
189 239 -23
189 239 -22
189 239 -21
189 239 -20
189 239 -19
189 239 -18
189 239 -17
189 240 -32
189 240 -31
189 240 -30
189 240 -29
189 240 -28
189 240 -23
189 240 -22
189 240 -21
189 240 -20
189 240 -19
189 240 -18
189 240 -17
189 241 -32
189 241 -31
189 241 -30
189 241 -29
189 241 -28
189 241 -24
189 241 -23
189 241 -22
189 241 -21
189 241 -20
189 241 -19
189 241 -18
189 241 -17
189 242 -32
189 242 -31
189 242 -30
189 242 -29
189 242 -28
189 242 -25
189 242 -24
189 242 -23
189 242 -22
189 242 -21
189 242 -20
189 242 -19
189 242 -18
189 242 -17
189 243 -32
189 243 -30
189 243 -29
189 243 -28
189 243 -27
189 243 -26
189 243 -25
189 243 -24
189 243 -23
189 243 -21
189 243 -20
189 243 -19
189 243 -18
189 243 -17
189 244 -32
189 244 -31
189 244 -30
189 244 -29
189 244 -28
189 244 -27
189 244 -26
189 244 -25
189 244 -24
189 244 -23
189 244 -22
189 244 -21
189 244 -20
189 244 -19
189 244 -18
189 244 -17
189 245 -32
189 245 -31
189 245 -30
189 245 -29
189 245 -28
189 245 -27
189 245 -26
189 245 -25
189 245 -24
189 245 -23
189 245 -22
189 245 -21
189 245 -20
189 245 -19
189 245 -18
189 245 -17
189 246 -32
189 246 -31
189 246 -30
189 246 -29
189 246 -28
189 246 -27
189 246 -26
189 246 -25
189 246 -24
189 246 -23
189 246 -22
189 246 -21
189 246 -20
189 246 -19
189 246 -18
189 246 -17
189 247 -32
189 247 -31
189 247 -30
189 247 -29
189 247 -28
189 247 -27
189 247 -26
189 247 -25
189 247 -24
189 247 -23
189 247 -22
189 247 -21
189 247 -20
189 247 -19
189 247 -18
189 247 -17
189 248 -32
189 248 -31
189 248 -30
189 248 -29
189 248 -28
189 248 -27
189 248 -26
189 248 -25
189 248 -24
189 248 -23
189 248 -22
189 248 -21
189 248 -20
189 248 -19
189 248 -18
189 248 -17
189 249 -32
189 249 -31
189 249 -30
189 249 -29
189 249 -28
189 249 -27
189 249 -26
189 249 -25
189 249 -24
189 249 -23
189 249 -22
189 249 -21
189 249 -17
189 250 -32
189 250 -31
189 250 -30
189 250 -28
189 250 -27
189 250 -26
189 250 -25
189 250 -24
189 250 -23
189 250 -22
189 250 -20
189 251 -32
189 251 -31
189 251 -30
189 251 -26
189 251 -25
189 251 -24
189 251 -23
189 251 -22
189 251 -21
189 252 -25
189 252 -24
189 252 -22
189 253 -24
189 253 -22
190 230 -17
190 231 -17
190 232 -23
190 232 -22
190 232 -17
190 233 -23
190 233 -22
190 233 -17
190 234 -25
190 234 -24
190 234 -23
190 234 -22
190 234 -21
190 234 -20
190 234 -19
190 234 -18
190 234 -17
190 235 -26
190 235 -25
190 235 -24
190 235 -23
190 235 -22
190 235 -21
190 235 -20
190 235 -19
190 235 -18
190 235 -17
190 236 -30
190 236 -24
190 236 -23
190 236 -22
190 236 -21
190 236 -20
190 236 -19
190 236 -18
190 236 -17
190 237 -30
190 237 -29
190 237 -26
190 237 -25
190 237 -24
190 237 -23
190 237 -22
190 237 -21
190 237 -20
190 237 -19
190 237 -18
190 237 -17
190 238 -30
190 238 -29
190 238 -26
190 238 -25
190 238 -24
190 238 -23
190 238 -22
190 238 -21
190 238 -20
190 238 -19
190 238 -18
190 238 -17
190 239 -31
190 239 -30
190 239 -29
190 239 -28
190 239 -27
190 239 -26
190 239 -24
190 239 -23
190 239 -22
190 239 -21
190 239 -20
190 239 -19
190 239 -18
190 239 -17
190 240 -32
190 240 -31
190 240 -30
190 240 -29
190 240 -28
190 240 -27
190 240 -26
190 240 -25
190 240 -24
190 240 -23
190 240 -22
190 240 -21
190 240 -20
190 240 -19
190 240 -18
190 240 -17
190 241 -32
190 241 -31
190 241 -30
190 241 -29
190 241 -28
190 241 -27
190 241 -26
190 241 -25
190 241 -24
190 241 -23
190 241 -22
190 241 -21
190 241 -20
190 241 -19
190 241 -18
190 241 -17
190 242 -32
190 242 -31
190 242 -30
190 242 -29
190 242 -28
190 242 -27
190 242 -26
190 242 -25
190 242 -24
190 242 -23
190 242 -22
190 242 -21
190 242 -20
190 242 -19
190 242 -18
190 242 -17
190 243 -32
190 243 -31
190 243 -30
190 243 -29
190 243 -28
190 243 -27
190 243 -26
190 243 -25
190 243 -23
190 243 -22
190 243 -21
190 243 -20
190 243 -19
190 243 -18
190 243 -17
190 244 -32
190 244 -31
190 244 -30
190 244 -29
190 244 -28
190 244 -27
190 244 -26
190 244 -25
190 244 -24
190 244 -23
190 244 -22
190 244 -21
190 244 -20
190 244 -19
190 244 -18
190 244 -17
190 245 -32
190 245 -31
190 245 -30
190 245 -29
190 245 -28
190 245 -27
190 245 -26
190 245 -25
190 245 -24
190 245 -23
190 245 -22
190 245 -20
190 245 -19
190 245 -18
190 245 -17
190 246 -32
190 246 -31
190 246 -30
190 246 -29
190 246 -28
190 246 -27
190 246 -26
190 246 -25
190 246 -24
190 246 -23
190 246 -22
190 246 -21
190 246 -20
190 246 -19
190 246 -18
190 246 -17
190 247 -32
190 247 -31
190 247 -30
190 247 -29
190 247 -28
190 247 -27
190 247 -26
190 247 -25
190 247 -24
190 247 -23
190 247 -22
190 247 -21
190 247 -20
190 247 -19
190 247 -18
190 247 -17
190 248 -32
190 248 -31
190 248 -30
190 248 -29
190 248 -28
190 248 -27
190 248 -26
190 248 -25
190 248 -24
190 248 -23
190 248 -22
190 248 -21
190 248 -20
190 248 -18
190 248 -17
190 249 -32
190 249 -31
190 249 -30
190 249 -29
190 249 -28
190 249 -27
190 249 -26
190 249 -25
190 249 -24
190 249 -21
190 249 -20
190 249 -19
190 249 -17
190 250 -31
190 250 -29
190 250 -28
190 250 -27
190 250 -26
190 250 -25
190 250 -24
190 250 -23
190 250 -22
190 250 -21
190 250 -20
190 251 -32
190 251 -31
190 251 -29
190 251 -27
190 251 -24
190 251 -23
190 251 -22
190 251 -20
190 251 -19
190 252 -24
190 252 -23
190 253 -24
190 253 -23
190 253 -22
190 254 -23
191 229 -17
191 231 -22
191 232 -24
191 232 -22
191 233 -24
191 233 -23
191 233 -22
191 233 -20
191 233 -19
191 233 -18
191 233 -17
191 234 -25
191 234 -24
191 234 -23
191 234 -22
191 234 -20
191 234 -19
191 234 -18
191 234 -17
191 235 -27
191 235 -26
191 235 -25
191 235 -24
191 235 -23
191 235 -22
191 235 -21
191 235 -20
191 235 -19
191 235 -18
191 235 -17
191 236 -30
191 236 -28
191 236 -26
191 236 -25
191 236 -24
191 236 -23
191 236 -22
191 236 -21
191 236 -20
191 236 -19
191 236 -18
191 236 -17
191 237 -31
191 237 -30
191 237 -29
191 237 -28
191 237 -25
191 237 -24
191 237 -23
191 237 -22
191 237 -21
191 237 -20
191 237 -19
191 237 -18
191 237 -17
191 238 -31
191 238 -30
191 238 -29
191 238 -28
191 238 -26
191 238 -24
191 238 -23
191 238 -22
191 238 -21
191 238 -20
191 238 -19
191 238 -18
191 238 -17
191 239 -32
191 239 -31
191 239 -30
191 239 -29
191 239 -28
191 239 -27
191 239 -26
191 239 -25
191 239 -24
191 239 -23
191 239 -22
191 239 -21
191 239 -20
191 239 -19
191 239 -18
191 239 -17
191 240 -32
191 240 -31
191 240 -30
191 240 -29
191 240 -28
191 240 -27
191 240 -26
191 240 -25
191 240 -24
191 240 -23
191 240 -22
191 240 -21
191 240 -20
191 240 -19
191 240 -18
191 240 -17
191 241 -32
191 241 -31
191 241 -30
191 241 -29
191 241 -28
191 241 -27
191 241 -26
191 241 -25
191 241 -24
191 241 -23
191 241 -22
191 241 -21
191 241 -20
191 241 -18
191 241 -17
191 242 -32
191 242 -31
191 242 -30
191 242 -29
191 242 -28
191 242 -27
191 242 -26
191 242 -25
191 242 -24
191 242 -23
191 242 -21
191 242 -20
191 242 -18
191 242 -17
191 243 -32
191 243 -31
191 243 -30
191 243 -29
191 243 -28
191 243 -27
191 243 -25
191 243 -24
191 243 -23
191 243 -22
191 243 -21
191 243 -18
191 243 -17
191 244 -32
191 244 -31
191 244 -30
191 244 -29
191 244 -28
191 244 -27
191 244 -26
191 244 -25
191 244 -24
191 244 -23
191 244 -22
191 244 -21
191 244 -19
191 244 -18
191 244 -17
191 245 -32
191 245 -31
191 245 -30
191 245 -29
191 245 -28
191 245 -27
191 245 -26
191 245 -24
191 245 -23
191 245 -22
191 245 -21
191 245 -20
191 245 -19
191 245 -18
191 245 -17
191 246 -32
191 246 -31
191 246 -30
191 246 -29
191 246 -28
191 246 -27
191 246 -26
191 246 -25
191 246 -24
191 246 -23
191 246 -22
191 246 -21
191 246 -20
191 246 -19
191 246 -18
191 246 -17
191 247 -32
191 247 -31
191 247 -30
191 247 -29
191 247 -28
191 247 -26
191 247 -25
191 247 -24
191 247 -23
191 247 -22
191 247 -21
191 247 -20
191 247 -19
191 247 -18
191 247 -17
191 248 -32
191 248 -31
191 248 -30
191 248 -29
191 248 -28
191 248 -27
191 248 -26
191 248 -25
191 248 -24
191 248 -23
191 248 -22
191 248 -21
191 248 -20
191 248 -19
191 248 -18
191 248 -17
191 249 -32
191 249 -31
191 249 -30
191 249 -28
191 249 -27
191 249 -26
191 249 -25
191 249 -24
191 249 -23
191 249 -22
191 249 -21
191 249 -17
191 250 -32
191 250 -25
191 250 -24
191 250 -23
191 250 -22
191 250 -21
191 250 -20
191 250 -17
191 251 -32
191 251 -31
191 251 -25
191 251 -24
191 251 -23
191 251 -22
191 251 -21
191 251 -20
191 252 -32
191 252 -24
191 252 -23
191 253 -23

