alfheim:altLeaves
6
-184 224 -117
-184 224 -113
-183 223 -116
-183 223 -115
-183 223 -114
-183 223 -113
-183 224 -118
-183 224 -117
-183 224 -116
-183 224 -114
-183 224 -113
-182 221 -117
-182 222 -121
-182 222 -115
-182 222 -114
-182 222 -113
-182 223 -120
-182 223 -119
-182 223 -118
-182 223 -115
-182 223 -114
-182 224 -125
-182 224 -123
-182 224 -122
-182 224 -120
-182 224 -119
-182 224 -118
-182 224 -117
-182 224 -116
-182 224 -115
-182 224 -114
-182 224 -113
-181 220 -117
-181 221 -121
-181 221 -119
-181 221 -118
-181 221 -117
-181 221 -116
-181 221 -113
-181 222 -121
-181 222 -120
-181 222 -119
-181 222 -118
-181 222 -117
-181 222 -116
-181 222 -115
-181 223 -125
-181 223 -124
-181 223 -122
-181 223 -121
-181 223 -120
-181 223 -118
-181 223 -117
-181 223 -116
-181 223 -115
-181 223 -114
-181 223 -113
-181 224 -125
-181 224 -124
-181 224 -123
-181 224 -122
-181 224 -121
-181 224 -120
-181 224 -118
-181 224 -117
-181 224 -116
-181 224 -115
-181 224 -114
-181 224 -113
-180 219 -118
-180 219 -117
-180 219 -116
-180 220 -125
-180 220 -118
-180 220 -117
-180 220 -113
-180 221 -122
-180 221 -121
-180 221 -119
-180 221 -118
-180 221 -117
-180 221 -116
-180 221 -113
-180 222 -122
-180 222 -121
-180 222 -120
-180 222 -119
-180 222 -118
-180 222 -117
-180 222 -116
-180 222 -115
-180 222 -114
-180 222 -113
-180 223 -128
-180 223 -124
-180 223 -121
-180 223 -119
-180 223 -118
-180 223 -117
-180 223 -116
-180 223 -115
-180 223 -114
-180 223 -113
-180 224 -127
-180 224 -126
-180 224 -125
-180 224 -122
-180 224 -120
-180 224 -119
-180 224 -118
-180 224 -117
-180 224 -116
-180 224 -115
-180 224 -114
-180 224 -113
-179 219 -119
-179 219 -118
-179 219 -117
-179 220 -126
-179 220 -125
-179 220 -119
-179 220 -118
-179 220 -117
-179 220 -116
-179 220 -115
-179 220 -113
-179 221 -124
-179 221 -122
-179 221 -121
-179 221 -120
-179 221 -119
-179 221 -118
-179 221 -117
-179 221 -116
-179 221 -114
-179 221 -113
-179 222 -124
-179 222 -123
-179 222 -122
-179 222 -121
-179 222 -120
-179 222 -119
-179 222 -118
-179 222 -117
-179 222 -116
-179 222 -115
-179 222 -114
-179 222 -113
-179 223 -128
-179 223 -127
-179 223 -126
-179 223 -125
-179 223 -124
-179 223 -123
-179 223 -122
-179 223 -121
-179 223 -120
-179 223 -119
-179 223 -118
-179 223 -117
-179 223 -116
-179 223 -115
-179 223 -114
-179 223 -113
-179 224 -128
-179 224 -127
-179 224 -126
-179 224 -125
-179 224 -124
-179 224 -123
-179 224 -122
-179 224 -121
-179 224 -120
-179 224 -119
-179 224 -118
-179 224 -117
-179 224 -116
-179 224 -115
-179 224 -114
-179 224 -113
-178 217 -117
-178 218 -117
-178 218 -116
-178 219 -126
-178 219 -120
-178 219 -119
-178 219 -117
-178 219 -116
-178 219 -115
-178 220 -125
-178 220 -123
-178 220 -121
-178 220 -120
-178 220 -119
-178 220 -118
-178 220 -117
-178 220 -116
-178 220 -113
-178 221 -126
-178 221 -125
-178 221 -124
-178 221 -123
-178 221 -122
-178 221 -121
-178 221 -120
-178 221 -119
-178 221 -118
-178 221 -117
-178 221 -116
-178 221 -114
-178 221 -113
-178 222 -127
-178 222 -125
-178 222 -124
-178 222 -123
-178 222 -122
-178 222 -121
-178 222 -120
-178 222 -119
-178 222 -118
-178 222 -117
-178 222 -116
-178 222 -115
-178 222 -113
-178 223 -128
-178 223 -127
-178 223 -126
-178 223 -125
-178 223 -123
-178 223 -122
-178 223 -121
-178 223 -120
-178 223 -119
-178 223 -118
-178 223 -117
-178 223 -116
-178 223 -115
-178 223 -114
-178 223 -113
-178 224 -128
-178 224 -127
-178 224 -126
-178 224 -125
-178 224 -124
-178 224 -123
-178 224 -122
-178 224 -121
-178 224 -120
-178 224 -119
-178 224 -118
-178 224 -117
-178 224 -116
-178 224 -115
-178 224 -114
-178 224 -113
-177 217 -118
-177 217 -117
-177 218 -126
-177 218 -118
-177 218 -117
-177 218 -116
-177 218 -115
-177 219 -126
-177 219 -125
-177 219 -124
-177 219 -123
-177 219 -121
-177 219 -118
-177 219 -117
-177 219 -116
-177 219 -115
-177 220 -127
-177 220 -126
-177 220 -125
-177 220 -124
-177 220 -123
-177 220 -122
-177 220 -120
-177 220 -118
-177 220 -117
-177 220 -116
-177 220 -115
-177 220 -114
-177 220 -113
-177 221 -128
-177 221 -126
-177 221 -125
-177 221 -124
-177 221 -123
-177 221 -122
-177 221 -121
-177 221 -120
-177 221 -118
-177 221 -117
-177 221 -116
-177 221 -114
-177 221 -113
-177 222 -128
-177 222 -127
-177 222 -126
-177 222 -125
-177 222 -124
-177 222 -123
-177 222 -122
-177 222 -121
-177 222 -120
-177 222 -119
-177 222 -118
-177 222 -117
-177 222 -116
-177 222 -115
-177 222 -114
-177 222 -113
-177 223 -128
-177 223 -127
-177 223 -126
-177 223 -125
-177 223 -124
-177 223 -123
-177 223 -122
-177 223 -121
-177 223 -120
-177 223 -119
-177 223 -118
-177 223 -117
-177 223 -116
-177 223 -115
-177 223 -114
-177 223 -113
-177 224 -128
-177 224 -127
-177 224 -126
-177 224 -125
-177 224 -124
-177 224 -123
-177 224 -122
-177 224 -121
-177 224 -120
-177 224 -119
-177 224 -118
-177 224 -117
-177 224 -116
-177 224 -115
-177 224 -114
-177 224 -113
-186 227 -113
-186 228 -117
-185 226 -113
-185 227 -119
-185 227 -118
-185 227 -117
-185 227 -113
-185 228 -120
-185 228 -117
-185 229 -118
-185 229 -117
-184 225 -120
-184 225 -113
-184 226 -120
-184 226 -119
-184 226 -118
-184 226 -117
-184 226 -114
-184 226 -113
-184 227 -120
-184 227 -119
-184 227 -118
-184 227 -117
-184 227 -114
-184 227 -113
-184 228 -120
-184 228 -119
-184 228 -118
-184 228 -117
-184 228 -114
-184 228 -113
-184 229 -120
-184 229 -119
-184 229 -118
-184 229 -117
-184 229 -113
-184 230 -119
-184 230 -118
-184 230 -117
-184 231 -116
-184 232 -115
-183 225 -120
-183 225 -118
-183 225 -117
-183 225 -116
-183 225 -115
-183 225 -114
-183 225 -113
-183 226 -125
-183 226 -122
-183 226 -121
-183 226 -120
-183 226 -119
-183 226 -118
-183 226 -117
-183 226 -116
-183 226 -115
-183 226 -114
-183 226 -113
-183 227 -125
-183 227 -122
-183 227 -121
-183 227 -120
-183 227 -119
-183 227 -118
-183 227 -117
-183 227 -116
-183 227 -115
-183 227 -114
-183 227 -113
-183 228 -123
-183 228 -121
-183 228 -120
-183 228 -119
-183 228 -117
-183 228 -115
-183 228 -114
-183 229 -120
-183 229 -119
-183 229 -118
-183 229 -117
-183 229 -116
-183 229 -113
-183 230 -119
-183 230 -117
-183 230 -116
-183 230 -115
-183 230 -113
-183 231 -121
-183 231 -116
-183 232 -116
-183 232 -115
-183 232 -114
-182 225 -125
-182 225 -121
-182 225 -120
-182 225 -119
-182 225 -118
-182 225 -117
-182 225 -116
-182 225 -115
-182 225 -114
-182 225 -113
-182 226 -127
-182 226 -125
-182 226 -123
-182 226 -122
-182 226 -121
-182 226 -120
-182 226 -119
-182 226 -118
-182 226 -117
-182 226 -116
-182 226 -115
-182 226 -114
-182 226 -113
-182 227 -125
-182 227 -124
-182 227 -123
-182 227 -122
-182 227 -121
-182 227 -120
-182 227 -119
-182 227 -118
-182 227 -117
-182 227 -116
-182 227 -115
-182 227 -114
-182 227 -113
-182 228 -127
-182 228 -126
-182 228 -125
-182 228 -124
-182 228 -123
-182 228 -122
-182 228 -121
-182 228 -120
-182 228 -119
-182 228 -118
-182 228 -117
-182 228 -116
-182 228 -114
-182 228 -113
-182 229 -126
-182 229 -123
-182 229 -121
-182 229 -120
-182 229 -119
-182 229 -118
-182 229 -117
-182 229 -116
-182 229 -115
-182 229 -114
-182 229 -113
-182 230 -121
-182 230 -120
-182 230 -119
-182 230 -118
-182 230 -117
-182 230 -116
-182 230 -114
-182 230 -113
-182 231 -122
-182 231 -121
-182 231 -117
-182 231 -116
-182 231 -115
-182 232 -116
-182 232 -115
-181 225 -125
-181 225 -122
-181 225 -121
-181 225 -120
-181 225 -119
-181 225 -118
-181 225 -117
-181 225 -116
-181 225 -115
-181 225 -114
-181 225 -113
-181 226 -127
-181 226 -126
-181 226 -125
-181 226 -124
-181 226 -123
-181 226 -122
-181 226 -121
-181 226 -120
-181 226 -119
-181 226 -118
-181 226 -117
-181 226 -116
-181 226 -115
-181 226 -114
-181 226 -113
-181 227 -127
-181 227 -126
-181 227 -125
-181 227 -124
-181 227 -123
-181 227 -121
-181 227 -120
-181 227 -119
-181 227 -118
-181 227 -117
-181 227 -116
-181 227 -115
-181 227 -114
-181 227 -113
-181 228 -127
-181 228 -126
-181 228 -125
-181 228 -124
-181 228 -123
-181 228 -121
-181 228 -120
-181 228 -119
-181 228 -118
-181 228 -117
-181 228 -116
-181 228 -115
-181 228 -114
-181 228 -113
-181 229 -125
-181 229 -124
-181 229 -122
-181 229 -121
-181 229 -120
-181 229 -119
-181 229 -118
-181 229 -117
-181 229 -116
-181 229 -115
-181 229 -114
-181 229 -113
-181 230 -125
-181 230 -121
-181 230 -120
-181 230 -119
-181 230 -118
-181 230 -117
-181 230 -116
-181 230 -115
-181 230 -114
-181 230 -113
-181 231 -121
-181 231 -120
-181 231 -119
-181 231 -118
-181 231 -117
-181 231 -116
-181 231 -115
-181 231 -114
-181 231 -113
-181 232 -119
-181 232 -117
-181 232 -116
-181 232 -115
-181 232 -114
-181 233 -116
-181 233 -115
-180 225 -128
-180 225 -127
-180 225 -125
-180 225 -124
-180 225 -123
-180 225 -122
-180 225 -121
-180 225 -120
-180 225 -119
-180 225 -118
-180 225 -117
-180 225 -116
-180 225 -115
-180 225 -114
-180 225 -113
-180 226 -127
-180 226 -126
-180 226 -125
-180 226 -124
-180 226 -123
-180 226 -122
-180 226 -121
-180 226 -120
-180 226 -119
-180 226 -118
-180 226 -117
-180 226 -116
-180 226 -115
-180 226 -114
-180 226 -113
-180 227 -128
-180 227 -127
-180 227 -125
-180 227 -124
-180 227 -123
-180 227 -122
-180 227 -121
-180 227 -120
-180 227 -119
-180 227 -118
-180 227 -117
-180 227 -116
-180 227 -115
-180 227 -114
-180 227 -113
-180 228 -127
-180 228 -126
-180 228 -125
-180 228 -124
-180 228 -123
-180 228 -122
-180 228 -121
-180 228 -120
-180 228 -119
-180 228 -118
-180 228 -117
-180 228 -116
-180 228 -115
-180 228 -114
-180 228 -113
-180 229 -126
-180 229 -125
-180 229 -124
-180 229 -123
-180 229 -122
-180 229 -121
-180 229 -120
-180 229 -119
-180 229 -118
-180 229 -117
-180 229 -116
-180 229 -115
-180 229 -114
-180 229 -113
-180 230 -126
-180 230 -125
-180 230 -124
-180 230 -123
-180 230 -122
-180 230 -121
-180 230 -120
-180 230 -119
-180 230 -118
-180 230 -117
-180 230 -116
-180 230 -115
-180 230 -114
-180 230 -113
-180 231 -126
-180 231 -125
-180 231 -123
-180 231 -122
-180 231 -121
-180 231 -120
-180 231 -119
-180 231 -118
-180 231 -117
-180 231 -116
-180 231 -115
-180 231 -114
-180 231 -113
-180 232 -122
-180 232 -121
-180 232 -120
-180 232 -119
-180 232 -118
-180 232 -117
-180 232 -116
-180 232 -115
-180 232 -114
-180 232 -113
-180 233 -122
-180 233 -121
-180 233 -118
-180 233 -117
-180 233 -116
-180 233 -115
-180 234 -117
-180 234 -115
-180 235 -117
-179 225 -128
-179 225 -127
-179 225 -125
-179 225 -124
-179 225 -123
-179 225 -122
-179 225 -121
-179 225 -120
-179 225 -119
-179 225 -118
-179 225 -117
-179 225 -116
-179 225 -115
-179 225 -114
-179 225 -113
-179 226 -128
-179 226 -127
-179 226 -126
-179 226 -125
-179 226 -124
-179 226 -123
-179 226 -122
-179 226 -121
-179 226 -120
-179 226 -119
-179 226 -118
-179 226 -117
-179 226 -116
-179 226 -115
-179 226 -114
-179 226 -113
-179 227 -128
-179 227 -127
-179 227 -126
-179 227 -125
-179 227 -124
-179 227 -123
-179 227 -122
-179 227 -121
-179 227 -120
-179 227 -119
-179 227 -118
-179 227 -117
-179 227 -116
-179 227 -115
-179 227 -114
-179 227 -113
-179 228 -128
-179 228 -127
-179 228 -126
-179 228 -125
-179 228 -124
-179 228 -123
-179 228 -122
-179 228 -121
-179 228 -120
-179 228 -119
-179 228 -118
-179 228 -117
-179 228 -116
-179 228 -115
-179 228 -114
-179 228 -113
-179 229 -128
-179 229 -127
-179 229 -126
-179 229 -125
-179 229 -124
-179 229 -123
-179 229 -122
-179 229 -121
-179 229 -120
-179 229 -119
-179 229 -118
-179 229 -117
-179 229 -116
-179 229 -115
-179 229 -114
-179 229 -113
-179 230 -128
-179 230 -127
-179 230 -126
-179 230 -125
-179 230 -124
-179 230 -123
-179 230 -122
-179 230 -121
-179 230 -120
-179 230 -119
-179 230 -118
-179 230 -117
-179 230 -116
-179 230 -115
-179 230 -114
-179 230 -113
-179 231 -127
-179 231 -126
-179 231 -125
-179 231 -124
-179 231 -123
-179 231 -122
-179 231 -120
-179 231 -119
-179 231 -118
-179 231 -117
-179 231 -116
-179 231 -115
-179 231 -114
-179 231 -113
-179 232 -123
-179 232 -122
-179 232 -120
-179 232 -119
-179 232 -118
-179 232 -117
-179 232 -116
-179 232 -115
-179 232 -114
-179 232 -113
-179 233 -116
-179 233 -115
-179 233 -114
-179 233 -113
-179 234 -117
-179 234 -116
-179 234 -115
-179 235 -116
-179 235 -115
-178 225 -128
-178 225 -127
-178 225 -126
-178 225 -125
-178 225 -124
-178 225 -123
-178 225 -122
-178 225 -121
-178 225 -120
-178 225 -119
-178 225 -118
-178 225 -117
-178 225 -116
-178 225 -115
-178 225 -114
-178 225 -113
-178 226 -128
-178 226 -127
-178 226 -126
-178 226 -125
-178 226 -124
-178 226 -123
-178 226 -122
-178 226 -121
-178 226 -120
-178 226 -119
-178 226 -118
-178 226 -117
-178 226 -116
-178 226 -115
-178 226 -114
-178 226 -113
-178 227 -128
-178 227 -127
-178 227 -126
-178 227 -125
-178 227 -124
-178 227 -123
-178 227 -122
-178 227 -121
-178 227 -120
-178 227 -119
-178 227 -118
-178 227 -117
-178 227 -116
-178 227 -115
-178 227 -114
-178 227 -113
-178 228 -128
-178 228 -127
-178 228 -126
-178 228 -125
-178 228 -124
-178 228 -123
-178 228 -122
-178 228 -121
-178 228 -120
-178 228 -119
-178 228 -118
-178 228 -117
-178 228 -116
-178 228 -115
-178 228 -114
-178 228 -113
-178 229 -128
-178 229 -127
-178 229 -126
-178 229 -125
-178 229 -124
-178 229 -123
-178 229 -122
-178 229 -121
-178 229 -120
-178 229 -119
-178 229 -118
-178 229 -117
-178 229 -116
-178 229 -115
-178 229 -114
-178 229 -113
-178 230 -128
-178 230 -127
-178 230 -126
-178 230 -125
-178 230 -124
-178 230 -123
-178 230 -122
-178 230 -121
-178 230 -120
-178 230 -119
-178 230 -118
-178 230 -117
-178 230 -116
-178 230 -115
-178 230 -114
-178 230 -113
-178 231 -127
-178 231 -126
-178 231 -125
-178 231 -124
-178 231 -123
-178 231 -122
-178 231 -121
-178 231 -120
-178 231 -119
-178 231 -118
-178 231 -117
-178 231 -116
-178 231 -115
-178 231 -114
-178 231 -113
-178 232 -127
-178 232 -126
-178 232 -125
-178 232 -124
-178 232 -122
-178 232 -120
-178 232 -118
-178 232 -117
-178 232 -116
-178 232 -115
-178 232 -114
-178 232 -113
-178 233 -115
-178 233 -114
-178 233 -113
-178 234 -121
-178 234 -115
-178 234 -113
-178 235 -120
-178 235 -115
-177 225 -128
-177 225 -127
-177 225 -126
-177 225 -125
-177 225 -124
-177 225 -123
-177 225 -122
-177 225 -121
-177 225 -120
-177 225 -119
-177 225 -118
-177 225 -117
-177 225 -116
-177 225 -115
-177 225 -114
-177 225 -113
-177 226 -128
-177 226 -127
-177 226 -126
-177 226 -125
-177 226 -124
-177 226 -123
-177 226 -122
-177 226 -121
-177 226 -120
-177 226 -119
-177 226 -118
-177 226 -117
-177 226 -116
-177 226 -115
-177 226 -114
-177 226 -113
-177 227 -128
-177 227 -127
-177 227 -126
-177 227 -125
-177 227 -124
-177 227 -123
-177 227 -122
-177 227 -121
-177 227 -120
-177 227 -119
-177 227 -118
-177 227 -117
-177 227 -116
-177 227 -115
-177 227 -114
-177 227 -113
-177 228 -128
-177 228 -127
-177 228 -126
-177 228 -125
-177 228 -124
-177 228 -123
-177 228 -122
-177 228 -121
-177 228 -120
-177 228 -119
-177 228 -118
-177 228 -117
-177 228 -116
-177 228 -115
-177 228 -114
-177 228 -113
-177 229 -128
-177 229 -127
-177 229 -126
-177 229 -125
-177 229 -124
-177 229 -123
-177 229 -122
-177 229 -121
-177 229 -120
-177 229 -119
-177 229 -118
-177 229 -117
-177 229 -116
-177 229 -115
-177 229 -114
-177 229 -113
-177 230 -128
-177 230 -127
-177 230 -126
-177 230 -125
-177 230 -124
-177 230 -123
-177 230 -122
-177 230 -121
-177 230 -120
-177 230 -119
-177 230 -118
-177 230 -117
-177 230 -116
-177 230 -115
-177 230 -114
-177 230 -113
-177 231 -128
-177 231 -127
-177 231 -126
-177 231 -125
-177 231 -124
-177 231 -123
-177 231 -122
-177 231 -121
-177 231 -120
-177 231 -119
-177 231 -118
-177 231 -117
-177 231 -116
-177 231 -115
-177 231 -114
-177 231 -113
-177 232 -125
-177 232 -124
-177 232 -123
-177 232 -122
-177 232 -120
-177 232 -119
-177 232 -117
-177 232 -116
-177 232 -115
-177 232 -113
-177 233 -126
-177 233 -125
-177 233 -123
-177 233 -120
-177 233 -117
-177 233 -116
-177 233 -114
-177 233 -113
-177 234 -125
-177 234 -123
-177 234 -122
-177 234 -121
-177 234 -113
-177 235 -122
-177 235 -121
-177 235 -120
-177 235 -119
-177 236 -113

