alfheim:altWood1
12
-128 209 31
-128 210 30
-128 210 31
-128 211 30
-128 211 31
-128 212 29
-128 212 30
-128 212 31
-128 213 29
-128 213 30
-128 213 31
-128 214 29
-128 214 30
-128 214 31
-128 215 29
-128 215 30
-128 215 31
-128 216 16
-128 216 17
-128 216 18
-128 216 30
-128 216 31
-128 217 16
-128 217 17
-128 217 18
-128 217 19
-128 217 31
-128 218 16
-128 218 17
-128 218 18
-128 218 19
-128 219 16
-128 219 17
-128 219 18
-128 219 19
-128 220 16
-128 220 17
-128 220 18
-128 220 19
-128 221 16
-128 221 17
-128 221 18
-128 221 19
-128 222 16
-128 222 17
-128 222 18
-128 223 16
-128 223 17
-128 223 18
-128 224 16
-128 224 17
-127 209 31
-127 210 30
-127 210 31
-127 211 30
-127 211 31
-127 212 29
-127 212 30
-127 212 31
-127 213 29
-127 213 30
-127 213 31
-127 214 29
-127 214 30
-127 214 31
-127 215 16
-127 215 17
-127 215 18
-127 215 30
-127 215 31
-127 216 16
-127 216 17
-127 216 18
-127 216 19
-127 216 31
-127 217 16
-127 217 17
-127 217 18
-127 217 19
-127 217 20
-127 218 16
-127 218 17
-127 218 18
-127 218 19
-127 218 20
-127 219 16
-127 219 17
-127 219 18
-127 219 19
-127 219 20
-127 220 16
-127 220 17
-127 220 18
-127 220 19
-127 220 20
-127 221 16
-127 221 17
-127 221 18
-127 221 19
-127 221 20
-127 222 16
-127 222 17
-127 222 18
-127 222 19
-127 223 16
-127 223 17
-127 223 18
-127 224 16
-127 224 17
-126 208 31
-126 209 31
-126 210 31
-126 211 30
-126 211 31
-126 212 30
-126 212 31
-126 213 30
-126 213 31
-126 214 16
-126 214 17
-126 214 18
-126 214 19
-126 214 20
-126 214 30
-126 214 31
-126 215 16
-126 215 17
-126 215 18
-126 215 19
-126 215 20
-126 215 21
-126 215 30
-126 215 31
-126 216 16
-126 216 17
-126 216 18
-126 216 19
-126 216 20
-126 216 21
-126 216 31
-126 217 16
-126 217 17
-126 217 18
-126 217 19
-126 217 20
-126 217 21
-126 218 16
-126 218 17
-126 218 18
-126 218 19
-126 218 20
-126 218 21
-126 219 16
-126 219 17
-126 219 18
-126 219 19
-126 219 20
-126 219 21
-126 220 16
-126 220 17
-126 220 18
-126 220 19
-126 220 20
-126 220 21
-126 221 16
-126 221 17
-126 221 18
-126 221 19
-126 221 20
-126 222 16
-126 222 17
-126 222 18
-126 222 19
-126 222 20
-126 223 16
-126 223 17
-126 223 18
-126 223 19
-126 224 16
-126 224 17
-125 208 31
-125 209 31
-125 210 31
-125 211 31
-125 212 30
-125 212 31
-125 213 17
-125 213 18
-125 213 19
-125 213 20
-125 213 21
-125 213 30
-125 213 31
-125 214 16
-125 214 17
-125 214 18
-125 214 19
-125 214 20
-125 214 21
-125 214 30
-125 214 31
-125 215 16
-125 215 17
-125 215 18
-125 215 19
-125 215 20
-125 215 21
-125 215 22
-125 215 31
-125 216 16
-125 216 17
-125 216 18
-125 216 19
-125 216 20
-125 216 21
-125 216 22
-125 216 31
-125 217 16
-125 217 17
-125 217 18
-125 217 19
-125 217 20
-125 217 21
-125 217 22
-125 218 16
-125 218 17
-125 218 18
-125 218 19
-125 218 20
-125 218 21
-125 218 22
-125 219 16
-125 219 17
-125 219 18
-125 219 19
-125 219 20
-125 219 21
-125 220 16
-125 220 17
-125 220 18
-125 220 19
-125 220 20
-125 220 21
-125 221 16
-125 221 17
-125 221 18
-125 221 19
-125 221 20
-125 221 21
-125 222 16
-125 222 17
-125 222 18
-125 222 19
-125 222 20
-125 223 16
-125 223 17
-125 223 18
-125 223 19
-125 224 16
-125 224 17
-125 224 18
-124 209 31
-124 210 31
-124 211 31
-124 212 17
-124 212 18
-124 212 19
-124 212 20
-124 212 21
-124 212 31
-124 213 16
-124 213 17
-124 213 18
-124 213 19
-124 213 20
-124 213 21
-124 213 22
-124 213 31
-124 214 16
-124 214 17
-124 214 18
-124 214 19
-124 214 20
-124 214 21
-124 214 22
-124 214 31
-124 215 16
-124 215 17
-124 215 18
-124 215 19
-124 215 20
-124 215 21
-124 215 22
-124 215 23
-124 215 31
-124 216 16
-124 216 17
-124 216 18
-124 216 19
-124 216 20
-124 216 21
-124 216 22
-124 216 23
-124 217 16
-124 217 17
-124 217 18
-124 217 19
-124 217 20
-124 217 21
-124 217 22
-124 217 23
-124 218 16
-124 218 17
-124 218 18
-124 218 19
-124 218 20
-124 218 21
-124 218 22
-124 219 16
-124 219 17
-124 219 18
-124 219 19
-124 219 20
-124 219 21
-124 219 22
-124 220 16
-124 220 17
-124 220 18
-124 220 19
-124 220 20
-124 220 21
-124 221 16
-124 221 17
-124 221 18
-124 221 19
-124 221 20
-124 221 21
-124 222 16
-124 222 17
-124 222 18
-124 222 19
-124 222 20
-124 223 16
-124 223 17
-124 223 18
-124 223 19
-124 224 16
-124 224 17
-124 224 18
-123 210 31
-123 211 18
-123 211 19
-123 211 20
-123 211 31
-123 212 16
-123 212 17
-123 212 18
-123 212 19
-123 212 20
-123 212 21
-123 212 22
-123 212 31
-123 213 16
-123 213 17
-123 213 18
-123 213 19
-123 213 20
-123 213 21
-123 213 22
-123 213 23
-123 213 31
-123 214 16
-123 214 17
-123 214 18
-123 214 19
-123 214 20
-123 214 21
-123 214 22
-123 214 23
-123 215 16
-123 215 17
-123 215 18
-123 215 19
-123 215 20
-123 215 21
-123 215 22
-123 215 23
-123 216 16
-123 216 17
-123 216 18
-123 216 19
-123 216 20
-123 216 21
-123 216 22
-123 216 23
-123 217 16
-123 217 17
-123 217 18
-123 217 19
-123 217 20
-123 217 21
-123 217 22
-123 217 23
-123 218 16
-123 218 17
-123 218 18
-123 218 19
-123 218 20
-123 218 21
-123 218 22
-123 218 23
-123 219 16
-123 219 17
-123 219 18
-123 219 19
-123 219 20
-123 219 21
-123 219 22
-123 219 23
-123 220 16
-123 220 17
-123 220 18
-123 220 19
-123 220 20
-123 220 21
-123 220 22
-123 221 16
-123 221 17
-123 221 18
-123 221 19
-123 221 20
-123 221 21
-123 222 16
-123 222 17
-123 222 18
-123 222 19
-123 222 20
-123 223 16
-123 223 17
-123 223 18
-123 223 19
-123 224 16
-123 224 17
-123 224 18
-122 211 17
-122 211 18
-122 211 19
-122 211 20
-122 211 21
-122 212 16
-122 212 17
-122 212 18
-122 212 19
-122 212 20
-122 212 21
-122 212 22
-122 212 23
-122 213 16
-122 213 17
-122 213 18
-122 213 19
-122 213 20
-122 213 21
-122 213 22
-122 213 23
-122 213 24
-122 214 16
-122 214 17
-122 214 18
-122 214 19
-122 214 20
-122 214 21
-122 214 22
-122 214 23
-122 214 24
-122 215 16
-122 215 17
-122 215 18
-122 215 19
-122 215 20
-122 215 21
-122 215 22
-122 215 23
-122 215 24
-122 216 16
-122 216 17
-122 216 18
-122 216 19
-122 216 20
-122 216 21
-122 216 22
-122 216 23
-122 216 24
-122 217 16
-122 217 17
-122 217 18
-122 217 19
-122 217 20
-122 217 21
-122 217 22
-122 217 23
-122 217 24
-122 218 16
-122 218 17
-122 218 18
-122 218 19
-122 218 20
-122 218 21
-122 218 22
-122 218 23
-122 218 24
-122 219 16
-122 219 17
-122 219 18
-122 219 19
-122 219 20
-122 219 21
-122 219 22
-122 219 23
-122 220 16
-122 220 17
-122 220 18
-122 220 19
-122 220 20
-122 220 21
-122 220 22
-122 221 16
-122 221 17
-122 221 18
-122 221 19
-122 221 20
-122 221 21
-122 222 16
-122 222 17
-122 222 18
-122 222 19
-122 222 20
-122 223 16
-122 223 17
-122 223 18
-122 223 19
-122 224 16
-122 224 17
-121 211 17
-121 211 18
-121 211 19
-121 211 20
-121 211 21
-121 211 22
-121 211 23
-121 211 24
-121 212 16
-121 212 17
-121 212 18
-121 212 19
-121 212 20
-121 212 21
-121 212 22
-121 212 23
-121 212 24
-121 212 25
-121 213 16
-121 213 17
-121 213 18
-121 213 19
-121 213 20
-121 213 21
-121 213 22
-121 213 23
-121 213 24
-121 213 25
-121 214 16
-121 214 17
-121 214 18
-121 214 19
-121 214 20
-121 214 21
-121 214 22
-121 214 23
-121 214 24
-121 214 25
-121 215 16
-121 215 17
-121 215 18
-121 215 19
-121 215 20
-121 215 21
-121 215 22
-121 215 23
-121 215 24
-121 215 25
-121 216 16
-121 216 17
-121 216 18
-121 216 19
-121 216 20
-121 216 21
-121 216 22
-121 216 23
-121 216 24
-121 216 25
-121 217 16
-121 217 17
-121 217 18
-121 217 19
-121 217 20
-121 217 21
-121 217 22
-121 217 23
-121 217 24
-121 218 16
-121 218 17
-121 218 18
-121 218 19
-121 218 20
-121 218 21
-121 218 22
-121 218 23
-121 218 24
-121 219 16
-121 219 17
-121 219 18
-121 219 19
-121 219 20
-121 219 21
-121 219 22
-121 219 23
-121 220 16
-121 220 17
-121 220 18
-121 220 19
-121 220 20
-121 220 21
-121 220 22
-121 221 16
-121 221 17
-121 221 18
-121 221 19
-121 221 20
-121 221 21
-121 222 16
-121 222 17
-121 222 18
-121 222 19
-121 223 16
-121 223 17
-121 223 18
-120 207 31
-120 208 31
-120 209 31
-120 210 20
-120 210 21
-120 210 22
-120 210 23
-120 210 24
-120 211 17
-120 211 18
-120 211 19
-120 211 20
-120 211 21
-120 211 22
-120 211 23
-120 211 24
-120 211 25
-120 212 16
-120 212 17
-120 212 18
-120 212 19
-120 212 20
-120 212 21
-120 212 22
-120 212 23
-120 212 24
-120 212 25
-120 212 26
-120 213 16
-120 213 17
-120 213 18
-120 213 19
-120 213 20
-120 213 21
-120 213 22
-120 213 23
-120 213 24
-120 213 25
-120 213 26
-120 214 16
-120 214 17
-120 214 18
-120 214 19
-120 214 20
-120 214 21
-120 214 22
-120 214 23
-120 214 24
-120 214 25
-120 214 26
-120 215 16
-120 215 17
-120 215 18
-120 215 19
-120 215 20
-120 215 21
-120 215 22
-120 215 23
-120 215 24
-120 215 25
-120 215 26
-120 216 16
-120 216 17
-120 216 18
-120 216 19
-120 216 20
-120 216 21
-120 216 22
-120 216 23
-120 216 24
-120 216 25
-120 216 26
-120 217 16
-120 217 17
-120 217 18
-120 217 19
-120 217 20
-120 217 21
-120 217 22
-120 217 23
-120 217 24
-120 217 25
-120 218 16
-120 218 17
-120 218 18
-120 218 19
-120 218 20
-120 218 21
-120 218 22
-120 218 23
-120 218 24
-120 219 16
-120 219 17
-120 219 18
-120 219 19
-120 219 20
-120 219 21
-120 219 22
-120 219 23
-120 220 16
-120 220 17
-120 220 18
-120 220 19
-120 220 20
-120 220 21
-120 220 22
-120 221 16
-120 221 17
-120 221 18
-120 221 19
-120 221 20
-120 221 21
-120 222 16
-120 222 17
-120 222 18
-120 223 29
-119 206 31
-119 207 31
-119 208 31
-119 209 21
-119 209 22
-119 209 23
-119 209 31
-119 210 19
-119 210 20
-119 210 21
-119 210 22
-119 210 23
-119 210 24
-119 210 25
-119 210 26
-119 210 31
-119 211 18
-119 211 19
-119 211 20
-119 211 21
-119 211 22
-119 211 23
-119 211 24
-119 211 25
-119 211 26
-119 211 27
-119 212 16
-119 212 17
-119 212 18
-119 212 19
-119 212 20
-119 212 21
-119 212 22
-119 212 23
-119 212 24
-119 212 25
-119 212 26
-119 212 27
-119 212 28
-119 213 16
-119 213 17
-119 213 18
-119 213 19
-119 213 20
-119 213 21
-119 213 22
-119 213 23
-119 213 24
-119 213 25
-119 213 26
-119 213 27
-119 213 28
-119 214 16
-119 214 17
-119 214 18
-119 214 19
-119 214 20
-119 214 21
-119 214 22
-119 214 23
-119 214 24
-119 214 25
-119 214 26
-119 214 27
-119 215 16
-119 215 17
-119 215 18
-119 215 19
-119 215 20
-119 215 21
-119 215 22
-119 215 23
-119 215 24
-119 215 25
-119 215 26
-119 215 27
-119 216 16
-119 216 17
-119 216 18
-119 216 19
-119 216 20
-119 216 21
-119 216 22
-119 216 23
-119 216 24
-119 216 25
-119 216 26
-119 217 16
-119 217 17
-119 217 18
-119 217 19
-119 217 20
-119 217 21
-119 217 22
-119 217 23
-119 217 24
-119 217 25
-119 217 26
-119 218 16
-119 218 17
-119 218 18
-119 218 19
-119 218 20
-119 218 21
-119 218 22
-119 218 23
-119 218 24
-119 218 25
-119 219 16
-119 219 17
-119 219 18
-119 219 19
-119 219 20
-119 219 21
-119 219 22
-119 219 23
-119 220 16
-119 220 17
-119 220 18
-119 220 19
-119 220 20
-119 220 21
-119 220 22
-119 221 16
-119 221 17
-119 221 18
-119 221 19
-119 221 20
-119 221 31
-119 222 30
-119 223 30
-119 223 31
-119 224 29
-119 224 30
-118 204 31
-118 205 31
-118 206 30
-118 206 31
-118 207 30
-118 207 31
-118 208 29
-118 208 30
-118 208 31
-118 209 20
-118 209 21
-118 209 22
-118 209 23
-118 209 24
-118 209 25
-118 209 26
-118 209 27
-118 209 28
-118 209 29
-118 209 30
-118 209 31
-118 210 19
-118 210 20
-118 210 21
-118 210 22
-118 210 23
-118 210 24
-118 210 25
-118 210 26
-118 210 27
-118 210 28
-118 210 29
-118 210 30
-118 210 31
-118 211 18
-118 211 19
-118 211 20
-118 211 21
-118 211 22
-118 211 23
-118 211 24
-118 211 25
-118 211 26
-118 211 27
-118 211 28
-118 211 29
-118 211 30
-118 211 31
-118 212 17
-118 212 18
-118 212 19
-118 212 20
-118 212 21
-118 212 22
-118 212 23
-118 212 24
-118 212 25
-118 212 26
-118 212 27
-118 212 28
-118 212 29
-118 213 16
-118 213 17
-118 213 18
-118 213 19
-118 213 20
-118 213 21
-118 213 22
-118 213 23
-118 213 24
-118 213 25
-118 213 26
-118 213 27
-118 213 28
-118 213 29
-118 214 16
-118 214 17
-118 214 18
-118 214 19
-118 214 20
-118 214 21
-118 214 22
-118 214 23
-118 214 24
-118 214 25
-118 214 26
-118 214 27
-118 214 28
-118 214 29
-118 215 16
-118 215 17
-118 215 18
-118 215 19
-118 215 20
-118 215 21
-118 215 22
-118 215 23
-118 215 24
-118 215 25
-118 215 26
-118 215 27
-118 215 28
-118 216 16
-118 216 17
-118 216 18
-118 216 19
-118 216 20
-118 216 21
-118 216 22
-118 216 23
-118 216 24
-118 216 25
-118 216 26
-118 216 27
-118 217 16
-118 217 17
-118 217 18
-118 217 19
-118 217 20
-118 217 21
-118 217 22
-118 217 23
-118 217 24
-118 217 25
-118 217 26
-118 218 16
-118 218 17
-118 218 18
-118 218 19
-118 218 20
-118 218 21
-118 218 22
-118 218 23
-118 218 24
-118 218 25
-118 219 16
-118 219 17
-118 219 18
-118 219 19
-118 219 20
-118 219 21
-118 219 22
-118 219 23
-118 219 24
-118 220 17
-118 220 18
-118 220 19
-118 220 20
-118 220 21
-118 221 31
-118 222 30
-118 222 31
-118 223 31
-117 204 31
-117 205 31
-117 206 30
-117 206 31
-117 207 29
-117 207 30
-117 207 31
-117 208 24
-117 208 25
-117 208 26
-117 208 27
-117 208 28
-117 208 29
-117 208 30
-117 208 31
-117 209 20
-117 209 21
-117 209 22
-117 209 23
-117 209 24
-117 209 25
-117 209 26
-117 209 27
-117 209 28
-117 209 29
-117 209 30
-117 209 31
-117 210 19
-117 210 20
-117 210 21
-117 210 22
-117 210 23
-117 210 24
-117 210 25
-117 210 26
-117 210 27
-117 210 28
-117 210 29
-117 210 30
-117 210 31
-117 211 18
-117 211 19
-117 211 20
-117 211 21
-117 211 22
-117 211 23
-117 211 24
-117 211 25
-117 211 26
-117 211 27
-117 211 28
-117 211 29
-117 211 30
-117 211 31
-117 212 17
-117 212 18
-117 212 19
-117 212 20
-117 212 21
-117 212 22
-117 212 23
-117 212 24
-117 212 25
-117 212 26
-117 212 27
-117 212 28
-117 212 29
-117 212 30
-117 212 31
-117 213 17
-117 213 18
-117 213 19
-117 213 20
-117 213 21
-117 213 22
-117 213 23
-117 213 24
-117 213 25
-117 213 26
-117 213 27
-117 213 28
-117 213 29
-117 213 30
-117 213 31
-117 214 16
-117 214 17
-117 214 18
-117 214 19
-117 214 20
-117 214 21
-117 214 22
-117 214 23
-117 214 24
-117 214 25
-117 214 26
-117 214 27
-117 214 28
-117 214 29
-117 214 30
-117 215 16
-117 215 17
-117 215 18
-117 215 19
-117 215 20
-117 215 21
-117 215 22
-117 215 23
-117 215 24
-117 215 25
-117 215 26
-117 215 27
-117 215 28
-117 215 29
-117 216 16
-117 216 17
-117 216 18
-117 216 19
-117 216 20
-117 216 21
-117 216 22
-117 216 23
-117 216 24
-117 216 25
-117 216 26
-117 216 27
-117 216 28
-117 217 16
-117 217 17
-117 217 18
-117 217 19
-117 217 20
-117 217 21
-117 217 22
-117 217 23
-117 217 24
-117 217 25
-117 217 26
-117 218 16
-117 218 17
-117 218 18
-117 218 19
-117 218 20
-117 218 21
-117 218 22
-117 218 23
-117 218 24
-117 218 25
-117 219 17
-117 219 18
-117 219 19
-117 219 20
-117 219 21
-117 219 22
-117 219 23
-117 219 24
-116 203 31
-116 204 30
-116 204 31
-116 205 30
-116 205 31
-116 206 29
-116 206 30
-116 206 31
-116 207 25
-116 207 26
-116 207 27
-116 207 28
-116 207 29
-116 207 30
-116 207 31
-116 208 23
-116 208 24
-116 208 25
-116 208 26
-116 208 27
-116 208 28
-116 208 29
-116 208 30
-116 208 31
-116 209 20
-116 209 21
-116 209 22
-116 209 23
-116 209 24
-116 209 25
-116 209 26
-116 209 27
-116 209 28
-116 209 29
-116 209 30
-116 209 31
-116 210 19
-116 210 20
-116 210 21
-116 210 22
-116 210 23
-116 210 24
-116 210 25
-116 210 26
-116 210 27
-116 210 28
-116 210 29
-116 210 30
-116 210 31
-116 211 18
-116 211 19
-116 211 20
-116 211 21
-116 211 22
-116 211 23
-116 211 24
-116 211 25
-116 211 26
-116 211 27
-116 211 28
-116 211 29
-116 211 30
-116 211 31
-116 212 17
-116 212 18
-116 212 19
-116 212 20
-116 212 21
-116 212 22
-116 212 23
-116 212 24
-116 212 25
-116 212 26
-116 212 27
-116 212 28
-116 212 29
-116 212 30
-116 212 31
-116 213 17
-116 213 18
-116 213 19
-116 213 20
-116 213 21
-116 213 22
-116 213 23
-116 213 24
-116 213 25
-116 213 26
-116 213 27
-116 213 28
-116 213 29
-116 213 30
-116 213 31
-116 214 17
-116 214 18
-116 214 19
-116 214 20
-116 214 21
-116 214 22
-116 214 23
-116 214 24
-116 214 25
-116 214 26
-116 214 27
-116 214 28
-116 214 29
-116 214 30
-116 214 31
-116 215 17
-116 215 18
-116 215 19
-116 215 20
-116 215 21
-116 215 22
-116 215 23
-116 215 24
-116 215 25
-116 215 26
-116 215 27
-116 215 28
-116 215 29
-116 215 30
-116 216 17
-116 216 18
-116 216 19
-116 216 20
-116 216 21
-116 216 22
-116 216 23
-116 216 24
-116 216 25
-116 216 26
-116 216 27
-116 216 28
-116 216 29
-116 217 17
-116 217 18
-116 217 19
-116 217 20
-116 217 21
-116 217 22
-116 217 23
-116 217 24
-116 217 25
-116 217 26
-116 217 27
-116 218 18
-116 218 19
-116 218 20
-116 218 21
-116 218 22
-116 218 23
-116 218 24
-116 218 25
-116 219 20
-116 219 21
-116 219 22
-116 219 23
-116 219 24
-115 203 31
-115 204 30
-115 204 31
-115 205 29
-115 205 30
-115 205 31
-115 206 27
-115 206 28
-115 206 29
-115 206 30
-115 206 31
-115 207 24
-115 207 25
-115 207 26
-115 207 27
-115 207 28
-115 207 29
-115 207 30
-115 207 31
-115 208 23
-115 208 24
-115 208 25
-115 208 26
-115 208 27
-115 208 28
-115 208 29
-115 208 30
-115 208 31
-115 209 21
-115 209 22
-115 209 23
-115 209 24
-115 209 25
-115 209 26
-115 209 27
-115 209 28
-115 209 29
-115 209 30
-115 209 31
-115 210 19
-115 210 20
-115 210 21
-115 210 22
-115 210 23
-115 210 24
-115 210 25
-115 210 26
-115 210 27
-115 210 28
-115 210 29
-115 210 30
-115 210 31
-115 211 18
-115 211 19
-115 211 20
-115 211 21
-115 211 22
-115 211 23
-115 211 24
-115 211 25
-115 211 26
-115 211 27
-115 211 28
-115 211 29
-115 211 30
-115 211 31
-115 212 18
-115 212 19
-115 212 20
-115 212 21
-115 212 22
-115 212 23
-115 212 24
-115 212 25
-115 212 26
-115 212 27
-115 212 28
-115 212 29
-115 212 30
-115 212 31
-115 213 17
-115 213 18
-115 213 19
-115 213 20
-115 213 21
-115 213 22
-115 213 23
-115 213 24
-115 213 25
-115 213 26
-115 213 27
-115 213 28
-115 213 29
-115 213 30
-115 213 31
-115 214 17
-115 214 18
-115 214 19
-115 214 20
-115 214 21
-115 214 22
-115 214 23
-115 214 24
-115 214 25
-115 214 26
-115 214 27
-115 214 28
-115 214 29
-115 214 30
-115 214 31
-115 215 17
-115 215 18
-115 215 19
-115 215 20
-115 215 21
-115 215 22
-115 215 23
-115 215 24
-115 215 25
-115 215 26
-115 215 27
-115 215 28
-115 215 29
-115 215 30
-115 215 31
-115 216 18
-115 216 19
-115 216 20
-115 216 21
-115 216 22
-115 216 23
-115 216 24
-115 216 25
-115 216 26
-115 216 27
-115 216 28
-115 216 29
-115 217 18
-115 217 19
-115 217 20
-115 217 21
-115 217 22
-115 217 23
-115 217 24
-115 217 25
-115 217 26
-115 217 27
-115 217 28
-115 218 19
-115 218 20
-115 218 21
-115 218 22
-115 218 23
-115 218 24
-115 218 25
-115 219 21
-115 219 22
-115 219 23
-114 202 31
-114 203 30
-114 203 31
-114 204 29
-114 204 30
-114 204 31
-114 205 27
-114 205 28
-114 205 29
-114 205 30
-114 205 31
-114 206 26
-114 206 27
-114 206 28
-114 206 29
-114 206 30
-114 206 31
-114 207 24
-114 207 25
-114 207 26
-114 207 27
-114 207 28
-114 207 29
-114 207 30
-114 207 31
-114 208 23
-114 208 24
-114 208 25
-114 208 26
-114 208 27
-114 208 28
-114 208 29
-114 208 30
-114 208 31
-114 209 22
-114 209 23
-114 209 24
-114 209 25
-114 209 26
-114 209 27
-114 209 28
-114 209 29
-114 209 30
-114 209 31
-114 210 20
-114 210 21
-114 210 22
-114 210 23
-114 210 24
-114 210 25
-114 210 26
-114 210 27
-114 210 28
-114 210 29
-114 210 30
-114 210 31
-114 211 19
-114 211 20
-114 211 21
-114 211 22
-114 211 23
-114 211 24
-114 211 25
-114 211 26
-114 211 27
-114 211 28
-114 211 29
-114 211 30
-114 211 31
-114 212 18
-114 212 19
-114 212 20
-114 212 21
-114 212 22
-114 212 23
-114 212 24
-114 212 25
-114 212 26
-114 212 27
-114 212 28
-114 212 29
-114 212 30
-114 212 31
-114 213 18
-114 213 19
-114 213 20
-114 213 21
-114 213 22
-114 213 23
-114 213 24
-114 213 25
-114 213 26
-114 213 27
-114 213 28
-114 213 29
-114 213 30
-114 213 31
-114 214 18
-114 214 19
-114 214 20
-114 214 21
-114 214 22
-114 214 23
-114 214 24
-114 214 25
-114 214 26
-114 214 27
-114 214 28
-114 214 29
-114 214 30
-114 214 31
-114 215 18
-114 215 19
-114 215 20
-114 215 21
-114 215 22
-114 215 23
-114 215 24
-114 215 25
-114 215 26
-114 215 27
-114 215 28
-114 215 29
-114 215 30
-114 215 31
-114 216 18
-114 216 19
-114 216 20
-114 216 21
-114 216 22
-114 216 23
-114 216 24
-114 216 25
-114 216 26
-114 216 27
-114 216 28
-114 216 29
-114 217 19
-114 217 20
-114 217 21
-114 217 22
-114 217 23
-114 217 24
-114 217 25
-114 217 26
-114 217 27
-114 217 28
-114 218 20
-114 218 21
-114 218 22
-114 218 23
-114 218 24
-113 202 31
-113 203 30
-113 203 31
-113 204 28
-113 204 29
-113 204 30
-113 204 31
-113 205 27
-113 205 28
-113 205 29
-113 205 30
-113 205 31
-113 206 26
-113 206 27
-113 206 28
-113 206 29
-113 206 30
-113 206 31
-113 207 24
-113 207 25
-113 207 26
-113 207 27
-113 207 28
-113 207 29
-113 207 30
-113 207 31
-113 208 23
-113 208 24
-113 208 25
-113 208 26
-113 208 27
-113 208 28
-113 208 29
-113 208 30
-113 208 31
-113 209 22
-113 209 23
-113 209 24
-113 209 25
-113 209 26
-113 209 27
-113 209 28
-113 209 29
-113 209 30
-113 209 31
-113 210 21
-113 210 22
-113 210 23
-113 210 24
-113 210 25
-113 210 26
-113 210 27
-113 210 28
-113 210 29
-113 210 30
-113 210 31
-113 211 20
-113 211 21
-113 211 22
-113 211 23
-113 211 24
-113 211 25
-113 211 26
-113 211 27
-113 211 28
-113 211 29
-113 211 30
-113 211 31
-113 212 19
-113 212 20
-113 212 21
-113 212 22
-113 212 23
-113 212 24
-113 212 25
-113 212 26
-113 212 27
-113 212 28
-113 212 29
-113 212 30
-113 212 31
-113 213 19
-113 213 20
-113 213 21
-113 213 22
-113 213 23
-113 213 24
-113 213 25
-113 213 26
-113 213 27
-113 213 28
-113 213 29
-113 213 30
-113 213 31
-113 214 19
-113 214 20
-113 214 21
-113 214 22
-113 214 23
-113 214 24
-113 214 25
-113 214 26
-113 214 27
-113 214 28
-113 214 29
-113 214 30
-113 214 31
-113 215 19
-113 215 20
-113 215 21
-113 215 22
-113 215 23
-113 215 24
-113 215 25
-113 215 26
-113 215 27
-113 215 28
-113 215 29
-113 215 30
-113 215 31
-113 216 19
-113 216 20
-113 216 21
-113 216 22
-113 216 23
-113 216 24
-113 216 25
-113 216 26
-113 216 27
-113 216 28
-113 216 29
-113 217 20
-113 217 21
-113 217 22
-113 217 23
-113 217 24
-113 217 25
-113 217 26
-113 217 27
-113 217 28
-128 225 16
-127 225 16
-126 225 16
-125 225 16
alfheim:altLeaves
6
-128 185 16
-128 185 17
-128 185 18
-128 186 16
-128 186 17
-128 187 16
-128 187 17
-128 187 18
-128 187 19
-128 187 20
-128 188 16
-128 188 17
-128 188 18
-128 189 16
-128 189 17
-128 190 16
-128 190 17
-128 190 18
-128 191 16
-128 191 17
-128 192 16
-128 192 17
-127 184 17
-127 185 16
-127 185 17
-127 185 18
-127 185 19
-127 186 16
-127 186 17
-127 186 18
-127 187 16
-127 187 17
-127 187 18
-127 187 20
-127 187 21
-127 188 16
-127 188 17
-127 188 18
-127 188 19
-127 188 20
-127 189 16
-127 189 17
-127 189 18
-127 189 19
-127 189 20
-127 189 21
-127 190 16
-127 190 17
-127 190 18
-127 190 20
-127 191 16
-127 191 17
-127 191 18
-127 191 19
-127 191 20
-127 192 16
-127 192 17
-127 192 18
-126 184 16
-126 184 17
-126 184 19
-126 185 16
-126 185 17
-126 185 18
-126 185 19
-126 185 20
-126 186 16
-126 186 17
-126 186 18
-126 186 20
-126 187 16
-126 187 17
-126 187 18
-126 187 19
-126 187 20
-126 187 21
-126 188 16
-126 188 17
-126 188 18
-126 188 19
-126 188 20
-126 188 21
-126 188 22
-126 189 16
-126 189 17
-126 189 18
-126 189 19
-126 189 20
-126 189 22
-126 190 16
-126 190 17
-126 190 18
-126 190 19
-126 190 20
-126 191 16
-126 191 17
-126 191 18
-126 191 19
-126 191 20
-126 191 21
-126 192 16
-126 192 17
-126 192 18
-126 192 19
-126 192 20
-125 183 17
-125 184 17
-125 184 18
-125 185 16
-125 185 17
-125 185 18
-125 185 19
-125 186 16
-125 186 17
-125 186 18
-125 187 16
-125 187 17
-125 187 18
-125 187 19
-125 187 20
-125 188 16
-125 188 17
-125 188 18
-125 188 19
-125 188 20
-125 189 16
-125 189 17
-125 189 18
-125 189 19
-125 189 20
-125 189 21
-125 189 22
-125 189 23
-125 190 16
-125 190 17
-125 190 18
-125 190 19
-125 190 20
-125 190 21
-125 190 22
-125 191 16
-125 191 17
-125 191 18
-125 191 19
-125 191 20
-125 191 21
-125 192 16
-125 192 17
-125 192 18
-125 192 19
-125 192 20
-125 192 21
-124 185 16
-124 185 17
-124 185 18
-124 185 19
-124 186 16
-124 186 17
-124 186 18
-124 186 19
-124 187 16
-124 187 17
-124 187 18
-124 187 19
-124 187 20
-124 187 21
-124 188 16
-124 188 17
-124 188 18
-124 188 19
-124 188 20
-124 188 21
-124 189 16
-124 189 17
-124 189 18
-124 189 19
-124 189 20
-124 189 21
-124 189 22
-124 190 16
-124 190 17
-124 190 18
-124 190 19
-124 190 20
-124 190 21
-124 190 22
-124 190 23
-124 191 16
-124 191 17
-124 191 18
-124 191 19
-124 191 20
-124 191 22
-124 192 16
-124 192 17
-124 192 18
-124 192 19
-124 192 20
-123 184 18
-123 185 17
-123 185 18
-123 185 19
-123 186 16
-123 186 17
-123 186 18
-123 186 19
-123 186 20
-123 186 21
-123 187 16
-123 187 17
-123 187 18
-123 187 19
-123 187 20
-123 187 21
-123 188 16
-123 188 17
-123 188 18
-123 188 19
-123 188 20
-123 188 21
-123 188 22
-123 189 16
-123 189 17
-123 189 19
-123 189 20
-123 189 21
-123 189 22
-123 189 23
-123 190 16
-123 190 17
-123 190 18
-123 190 19
-123 190 20
-123 190 21
-123 190 22
-123 191 16
-123 191 17
-123 191 18
-123 191 19
-123 191 20
-123 191 21
-123 192 16
-123 192 17
-123 192 18
-123 192 19
-123 192 20
-123 192 21
-122 184 16
-122 184 17
-122 185 16
-122 185 17
-122 185 18
-122 185 19
-122 185 20
-122 186 16
-122 186 17
-122 186 18
-122 186 19
-122 186 20
-122 186 21
-122 187 16
-122 187 17
-122 187 18
-122 187 19
-122 187 20
-122 187 21
-122 188 16
-122 188 17
-122 188 18
-122 188 19
-122 188 20
-122 188 21
-122 188 22
-122 189 16
-122 189 17
-122 189 18
-122 189 19
-122 190 16
-122 190 17
-122 190 18
-122 190 19
-122 190 20
-122 190 21
-122 191 16
-122 191 17
-122 191 18
-122 191 19
-122 191 20
-122 191 21
-122 191 22
-122 192 16
-122 192 17
-122 192 18
-122 192 19
-122 192 20
-122 192 21
-121 183 18
-121 183 20
-121 184 17
-121 184 18
-121 184 19
-121 184 20
-121 184 21
-121 185 16
-121 185 17
-121 185 18
-121 185 19
-121 185 20
-121 186 16
-121 186 17
-121 186 18
-121 186 19
-121 186 20
-121 186 21
-121 186 22
-121 187 16
-121 187 17
-121 187 18
-121 187 19
-121 187 20
-121 187 21
-121 187 22
-121 188 16
-121 188 17
-121 188 18
-121 188 19
-121 188 20
-121 188 21
-121 188 22
-121 189 16
-121 189 17
-121 189 18
-121 189 19
-121 189 20
-121 189 21
-121 189 22
-121 189 23
-121 190 16
-121 190 17
-121 190 18
-121 190 19
-121 190 20
-121 190 21
-121 190 23
-121 191 16
-121 191 17
-121 191 18
-121 191 19
-121 191 20
-121 191 21
-121 191 22
-121 191 23
-121 192 16
-121 192 17
-121 192 18
-121 192 19
-121 192 20
-121 192 22
-120 182 18
-120 183 18
-120 183 19
-120 183 20
-120 184 18
-120 184 19
-120 184 20
-120 184 21
-120 185 16
-120 185 17
-120 185 18
-120 185 19
-120 185 20
-120 185 21
-120 186 16
-120 186 17
-120 186 18
-120 186 19
-120 186 20
-120 186 21
-120 187 16
-120 187 17
-120 187 18
-120 187 19
-120 187 20
-120 187 21
-120 187 22
-120 188 16
-120 188 17
-120 188 18
-120 188 19
-120 188 20
-120 188 21
-120 188 22
-120 188 23
-120 189 16
-120 189 17
-120 189 18
-120 189 19
-120 189 20
-120 189 21
-120 189 22
-120 190 16
-120 190 17
-120 190 18
-120 190 19
-120 190 20
-120 190 21
-120 190 22
-120 191 16
-120 191 17
-120 191 18
-120 191 19
-120 191 20
-120 191 21
-120 192 16
-120 192 17
-120 192 18
-120 192 19
-120 192 20
-120 192 21
-119 183 19
-119 184 17
-119 184 18
-119 184 19
-119 184 21
-119 185 16
-119 185 17
-119 185 18
-119 185 20
-119 185 21
-119 185 22
-119 186 16
-119 186 17
-119 186 18
-119 186 19
-119 186 20
-119 186 21
-119 186 22
-119 186 23
-119 187 16
-119 187 17
-119 187 18
-119 187 19
-119 187 20
-119 187 21
-119 187 22
-119 187 23
-119 187 24
-119 188 16
-119 188 17
-119 188 18
-119 188 19
-119 188 20
-119 188 21
-119 188 22
-119 188 24
-119 189 16
-119 189 17
-119 189 18
-119 189 19
-119 189 20
-119 189 21
-119 189 22
-119 189 23
-119 189 24
-119 190 16
-119 190 17
-119 190 18
-119 190 19
-119 190 20
-119 190 21
-119 190 22
-119 190 23
-119 191 16
-119 191 17
-119 191 18
-119 191 19
-119 191 20
-119 191 21
-119 191 22
-119 191 23
-119 192 16
-119 192 17
-119 192 18
-119 192 19
-119 192 20
-119 192 21
-118 183 19
-118 184 19
-118 184 20
-118 184 21
-118 184 22
-118 185 16
-118 185 17
-118 185 18
-118 185 19
-118 185 20
-118 185 21
-118 185 22
-118 186 16
-118 186 17
-118 186 18
-118 186 19
-118 186 20
-118 186 21
-118 186 22
-118 187 16
-118 187 17
-118 187 18
-118 187 19
-118 187 20
-118 187 21
-118 187 23
-118 187 24
-118 188 16
-118 188 17
-118 188 18
-118 188 19
-118 188 20
-118 188 21
-118 189 16
-118 189 17
-118 189 18
-118 189 19
-118 189 20
-118 189 22
-118 190 16
-118 190 17
-118 190 18
-118 190 19
-118 190 20
-118 190 21
-118 190 22
-118 191 16
-118 191 17
-118 191 18
-118 191 19
-118 191 20
-118 191 21
-118 191 22
-118 191 23
-118 192 16
-118 192 17
-118 192 18
-118 192 19
-118 192 20
-118 192 21
-118 192 22
-117 183 18
-117 184 18
-117 184 19
-117 184 21
-117 185 18
-117 185 19
-117 185 20
-117 185 21
-117 186 16
-117 186 17
-117 186 18
-117 186 19
-117 186 20
-117 186 21
-117 186 22
-117 186 23
-117 187 16
-117 187 17
-117 187 18
-117 187 19
-117 187 20
-117 187 21
-117 187 23
-117 188 16
-117 188 17
-117 188 18
-117 188 19
-117 188 20
-117 188 21
-117 189 16
-117 189 17
-117 189 18
-117 189 19
-117 189 20
-117 189 21
-117 189 22
-117 190 16
-117 190 17
-117 190 18
-117 190 19
-117 190 20
-117 190 21
-117 190 22
-117 191 16
-117 191 17
-117 191 18
-117 191 19
-117 191 20
-117 191 21
-117 191 22
-117 191 23
-117 192 16
-117 192 17
-117 192 18
-117 192 19
-117 192 20
-117 192 21
-117 192 22
-116 183 19
-116 184 19
-116 185 17
-116 185 18
-116 185 19
-116 185 20
-116 185 21
-116 186 16
-116 186 17
-116 186 18
-116 186 19
-116 186 20
-116 186 21
-116 187 16
-116 187 17
-116 187 18
-116 187 20
-116 187 21
-116 187 22
-116 188 16
-116 188 17
-116 188 18
-116 188 19
-116 188 20
-116 188 21
-116 189 16
-116 189 17
-116 189 18
-116 189 19
-116 189 20
-116 189 21
-116 189 22
-116 190 16
-116 190 17
-116 190 18
-116 190 19
-116 190 20
-116 190 21
-116 190 22
-116 191 16
-116 191 17
-116 191 18
-116 191 19
-116 191 20
-116 191 21
-116 192 16
-116 192 17
-116 192 18
-116 192 19
-116 192 20
-116 192 21
-116 192 22
-115 185 17
-115 185 19
-115 186 16
-115 186 17
-115 186 18
-115 186 19
-115 186 20
-115 187 16
-115 187 17
-115 187 18
-115 187 19
-115 187 20
-115 188 16
-115 188 17
-115 188 18
-115 188 19
-115 188 20
-115 188 21
-115 188 22
-115 189 16
-115 189 17
-115 189 18
-115 189 19
-115 189 20
-115 189 21
-115 189 22
-115 190 16
-115 190 17
-115 190 18
-115 190 19
-115 190 20
-115 190 21
-115 190 22
-115 191 16
-115 191 17
-115 191 18
-115 191 19
-115 191 20
-115 191 21
-115 192 16
-115 192 17
-115 192 18
-115 192 19
-115 192 20
-115 192 21
-114 185 17
-114 185 18
-114 185 19
-114 186 17
-114 186 18
-114 186 19
-114 187 17
-114 187 18
-114 187 19
-114 188 16
-114 188 17
-114 188 18
-114 188 19
-114 188 20
-114 188 22
-114 189 16
-114 189 17
-114 189 18
-114 189 19
-114 189 20
-114 189 21
-114 189 22
-114 190 16
-114 190 17
-114 190 18
-114 190 19
-114 190 20
-114 190 21
-114 191 16
-114 191 17
-114 191 18
-114 191 19
-114 191 20
-114 191 21
-114 191 22
-114 192 16
-114 192 17
-114 192 18
-114 192 19
-114 192 20
-114 192 21
-113 185 18
-113 186 17
-113 186 19
-113 187 17
-113 187 19
-113 187 20
-113 188 16
-113 188 17
-113 188 18
-113 188 19
-113 188 20
-113 188 21
-113 189 16
-113 189 17
-113 189 18
-113 189 19
-113 190 16
-113 190 17
-113 190 18
-113 190 19
-113 190 20
-113 190 21
-113 191 16
-113 191 17
-113 191 18
-113 191 19
-113 191 20
-113 192 16
-113 192 17
-113 192 18
-113 192 19
-113 192 20
-113 192 21
-128 193 16
-128 220 25
-128 221 25
-128 222 24
-128 222 25
-128 223 26
-128 223 30
-128 223 31
-128 224 25
-128 224 28
-128 224 29
-128 224 31
-127 193 17
-127 193 19
-127 222 25
-127 222 31
-127 223 30
-127 223 31
-127 224 25
-127 224 30
-127 224 31
-126 193 18
-126 193 19
-126 193 20
-126 194 16
-126 194 19
-126 195 16
-126 224 31
-125 193 16
-125 193 18
-125 193 19
-125 193 20
-125 193 21
-125 194 16
-125 194 18
-125 194 19
-125 194 20
-125 195 16
-125 195 17
-125 196 16
-125 224 29
-125 224 31
-124 193 16
-124 193 17
-124 193 18
-124 193 19
-124 193 20
-124 193 21
-124 194 16
-124 194 17
-124 194 18
-124 194 19
-124 194 20
-124 195 16
-124 195 17
-124 196 16
-124 224 30
-123 193 16
-123 193 17
-123 193 18
-123 193 19
-123 194 16
-123 194 17
-123 194 18
-123 194 19
-123 195 16
-123 195 17
-123 196 16
-123 197 16
-123 224 31
-122 193 16
-122 193 17
-122 193 18
-122 193 19
-122 193 20
-122 194 16
-122 194 17
-122 194 18
-122 194 19
-122 195 16
-122 195 17
-122 195 18
-122 195 19
-122 196 16
-122 196 17
-122 223 30
-122 223 31
-122 224 30
-122 224 31
-121 193 16
-121 193 17
-121 193 18
-121 193 19
-121 193 20
-121 194 16
-121 194 17
-121 194 18
-121 194 19
-121 194 20
-121 194 21
-121 195 16
-121 195 17
-121 223 30
-121 224 29
-121 224 31
-120 193 16
-120 193 17
-120 193 18
-120 193 19
-120 193 21
-120 194 16
-120 194 17
-120 194 18
-120 194 19
-120 194 20
-120 195 17
-120 195 18
-120 195 19
-120 195 20
-120 196 19
-120 223 30
-120 224 30
-120 224 31
-119 193 16
-119 193 17
-119 193 18
-119 193 19
-119 193 20
-119 194 16
-119 194 17
-119 194 18
-119 194 19
-119 195 16
-119 195 18
-119 195 19
-119 224 16
-119 224 28
-118 193 16
-118 193 17
-118 193 18
-118 193 20
-118 193 21
-118 194 16
-118 194 17
-118 194 18
-118 194 19
-118 194 20
-118 194 21
-118 195 16
-118 195 17
-118 195 18
-118 196 16
-118 196 17
-118 224 16
-118 224 29
-117 193 16
-117 193 17
-117 193 18
-117 193 19
-117 193 20
-117 193 21
-117 194 16
-117 194 17
-117 194 18
-117 194 19
-117 194 20
-117 195 16
-117 195 17
-117 196 16
-117 224 17
-117 224 18
-117 224 30
-116 193 16
-116 193 17
-116 193 18
-116 193 19
-116 193 20
-116 194 16
-116 194 17
-116 194 18
-116 194 19
-116 194 20
-116 194 21
-116 195 16
-116 195 17
-116 195 18
-116 195 19
-116 195 20
-116 196 16
-116 196 17
-116 196 18
-116 197 17
-115 193 16
-115 193 17
-115 193 18
-115 193 19
-115 193 20
-115 193 21
-115 193 22
-115 194 16
-115 194 17
-115 194 18
-115 194 19
-115 194 20
-115 194 21
-115 194 22
-115 195 16
-115 195 17
-115 195 18
-115 196 16
-115 196 18
-115 197 18
-115 198 18
-114 193 16
-114 193 17
-114 193 18
-114 193 19
-114 193 20
-114 193 21
-114 194 16
-114 194 17
-114 194 18
-114 194 19
-114 194 21
-114 194 22
-114 194 23
-114 195 16
-114 195 17
-114 195 18
-114 195 19
-114 195 20
-114 195 21
-114 195 22
-114 196 16
-114 196 17
-114 196 18
-114 196 19
-114 196 20
-114 197 16
-114 197 17
-114 197 18
-114 197 19
-113 193 16
-113 193 17
-113 193 18
-113 193 19
-113 193 20
-113 193 22
-113 194 16
-113 194 17
-113 194 18
-113 194 19
-113 194 20
-113 194 21
-113 194 22
-113 194 23
-113 195 16
-113 195 17
-113 195 18
-113 195 19
-113 195 20
-113 195 21
-113 195 22
-113 196 16
-113 196 17
-113 196 18
-113 196 19
-113 196 20
-113 196 21
-113 196 22
-113 197 16
-113 197 17
-113 197 18
-113 197 19
-113 197 20
-113 197 21
-113 198 17
-113 198 18
-113 198 19
-128 225 23
-128 225 24
-128 225 25
-128 225 26
-128 225 27
-128 225 29
-128 225 30
-128 226 25
-128 226 26
-128 226 27
-128 226 28
-128 226 29
-128 226 30
-128 226 31
-128 227 17
-128 227 18
-128 227 22
-128 227 23
-128 227 25
-128 227 26
-128 227 27
-128 227 28
-128 227 29
-128 227 30
-128 227 31
-128 228 16
-128 228 17
-128 228 18
-128 228 19
-128 228 20
-128 228 22
-128 228 23
-128 228 24
-128 228 25
-128 228 26
-128 228 27
-128 228 28
-128 228 29
-128 228 30
-128 228 31
-128 229 16
-128 229 17
-128 229 18
-128 229 19
-128 229 20
-128 229 21
-128 229 22
-128 229 23
-128 229 24
-128 229 25
-128 229 26
-128 229 27
-128 229 28
-128 229 29
-128 229 30
-128 229 31
-128 230 16
-128 230 17
-128 230 18
-128 230 19
-128 230 20
-128 230 21
-128 230 22
-128 230 23
-128 230 24
-128 230 25
-128 230 26
-128 230 27
-128 230 28
-128 230 29
-128 230 30
-128 230 31
-128 231 16
-128 231 17
-128 231 18
-128 231 19
-128 231 20
-128 231 21
-128 231 22
-128 231 23
-128 231 24
-128 231 25
-128 231 26
-128 231 27
-128 231 28
-128 231 29
-128 231 30
-128 231 31
-128 232 16
-128 232 17
-128 232 18
-128 232 19
-128 232 20
-128 232 21
-128 232 22
-128 232 23
-128 232 24
-128 232 25
-128 232 26
-128 232 27
-128 232 28
-128 232 29
-128 232 30
-128 232 31
-128 233 16
-128 233 17
-128 233 18
-128 233 19
-128 233 20
-128 233 21
-128 233 22
-128 233 23
-128 233 24
-128 233 25
-128 233 26
-128 233 27
-128 233 28
-128 233 29
-128 233 30
-128 233 31
-128 234 16
-128 234 17
-128 234 18
-128 234 19
-128 234 20
-128 234 21
-128 234 22
-128 234 23
-128 234 24
-128 234 25
-128 234 26
-128 234 27
-128 234 28
-128 234 29
-128 234 30
-128 234 31
-128 235 16
-128 235 17
-128 235 18
-128 235 19
-128 235 20
-128 235 21
-128 235 22
-128 235 23
-128 235 24
-128 235 25
-128 235 26
-128 235 27
-128 235 28
-128 235 29
-128 235 30
-128 235 31
-128 236 16
-128 236 17
-128 236 18
-128 236 19
-128 236 20
-128 236 21
-128 236 22
-128 236 23
-128 236 24
-128 236 25
-128 236 26
-128 236 27
-128 236 28
-128 236 29
-128 236 30
-128 236 31
-128 237 16
-128 237 17
-128 237 18
-128 237 19
-128 237 20
-128 237 21
-128 237 22
-128 237 23
-128 237 24
-128 237 25
-128 237 26
-128 237 27
-128 237 28
-128 237 29
-128 237 30
-128 237 31
-128 238 16
-128 238 17
-128 238 18
-128 238 19
-128 238 20
-128 238 21
-128 238 22
-128 238 23
-128 238 24
-128 238 25
-128 238 26
-128 238 27
-128 238 28
-128 238 29
-128 238 30
-128 238 31
-128 239 16
-128 239 17
-128 239 18
-128 239 19
-128 239 20
-128 239 21
-128 239 22
-128 239 23
-128 239 24
-128 239 25
-128 239 26
-128 239 27
-128 239 28
-128 239 29
-128 239 30
-128 239 31
-128 240 16
-128 240 17
-128 240 18
-128 240 19
-128 240 20
-128 240 21
-128 240 22
-128 240 23
-128 240 24
-128 240 25
-128 240 26
-128 240 27
-128 240 28
-128 240 29
-128 240 30
-128 240 31
-128 241 16
-128 241 17
-128 241 18
-128 241 19
-128 241 20
-128 241 21
-128 241 22
-128 241 24
-128 241 25
-128 241 26
-128 241 27
-128 241 29
-128 241 30
-128 242 16
-128 242 17
-128 242 18
-128 242 19
-128 242 20
-128 242 21
-128 242 22
-128 242 23
-128 242 24
-128 242 25
-128 242 26
-128 242 27
-128 242 28
-128 242 29
-128 242 30
-128 242 31
-128 243 17
-128 243 18
-128 243 19
-128 243 20
-128 243 21
-128 243 23
-128 243 25
-128 243 26
-128 243 27
-128 243 28
-128 243 30
-128 244 16
-128 244 17
-128 244 18
-128 244 19
-128 244 20
-128 244 21
-128 244 26
-128 244 28
-128 244 29
-128 244 30
-128 245 17
-128 245 18
-128 245 19
-128 245 21
-128 245 26
-128 245 28
-127 225 25
-127 225 26
-127 225 30
-127 225 31
-127 226 16
-127 226 27
-127 226 29
-127 226 30
-127 226 31
-127 227 16
-127 227 17
-127 227 22
-127 227 25
-127 227 26
-127 227 27
-127 227 28
-127 227 30
-127 227 31
-127 228 16
-127 228 17
-127 228 18
-127 228 19
-127 228 22
-127 228 23
-127 228 24
-127 228 25
-127 228 26
-127 228 27
-127 228 30
-127 228 31
-127 229 16
-127 229 17
-127 229 18
-127 229 19
-127 229 22
-127 229 23
-127 229 24
-127 229 25
-127 229 26
-127 229 27
-127 229 28
-127 229 29
-127 229 30
-127 229 31
-127 230 16
-127 230 17
-127 230 18
-127 230 19
-127 230 20
-127 230 21
-127 230 22
-127 230 23
-127 230 24
-127 230 25
-127 230 26
-127 230 27
-127 230 28
-127 230 29
-127 230 30
-127 230 31
-127 231 16
-127 231 17
-127 231 18
-127 231 19
-127 231 20
-127 231 21
-127 231 22
-127 231 23
-127 231 24
-127 231 25
-127 231 26
-127 231 27
-127 231 28
-127 231 29
-127 231 30
-127 231 31
-127 232 16
-127 232 17
-127 232 18
-127 232 19
-127 232 20
-127 232 21
-127 232 22
-127 232 23
-127 232 24
-127 232 25
-127 232 26
-127 232 27
-127 232 28
-127 232 29
-127 232 30
-127 232 31
-127 233 16
-127 233 17
-127 233 18
-127 233 19
-127 233 20
-127 233 21
-127 233 22
-127 233 23
-127 233 24
-127 233 25
-127 233 26
-127 233 27
-127 233 28
-127 233 29
-127 233 30
-127 233 31
-127 234 16
-127 234 17
-127 234 18
-127 234 19
-127 234 20
-127 234 21
-127 234 22
-127 234 23
-127 234 24
-127 234 25
-127 234 26
-127 234 27
-127 234 28
-127 234 29
-127 234 30
-127 234 31
-127 235 16
-127 235 17
-127 235 18
-127 235 19
-127 235 20
-127 235 21
-127 235 22
-127 235 23
-127 235 24
-127 235 25
-127 235 26
-127 235 27
-127 235 28
-127 235 29
-127 235 30
-127 235 31
-127 236 16
-127 236 17
-127 236 18
-127 236 19
-127 236 20
-127 236 21
-127 236 22
-127 236 23
-127 236 24
-127 236 25
-127 236 26
-127 236 27
-127 236 28
-127 236 29
-127 236 30
-127 236 31
-127 237 16
-127 237 17
-127 237 18
-127 237 19
-127 237 20
-127 237 21
-127 237 22
-127 237 23
-127 237 24
-127 237 25
-127 237 26
-127 237 27
-127 237 28
-127 237 29
-127 237 30
-127 237 31
-127 238 16
-127 238 17
-127 238 18
-127 238 19
-127 238 20
-127 238 21
-127 238 22
-127 238 23
-127 238 24
-127 238 25
-127 238 26
-127 238 27
-127 238 28
-127 238 29
-127 238 30
-127 238 31
-127 239 16
-127 239 17
-127 239 18
-127 239 19
-127 239 20
-127 239 21
-127 239 22
-127 239 23
-127 239 24
-127 239 25
-127 239 26
-127 239 27
-127 239 28
-127 239 29
-127 239 30
-127 239 31
-127 240 16
-127 240 17
-127 240 18
-127 240 19
-127 240 20
-127 240 21
-127 240 22
-127 240 23
-127 240 24
-127 240 25
-127 240 26
-127 240 27
-127 240 28
-127 240 29
-127 240 30
-127 240 31
-127 241 16
-127 241 17
-127 241 18
-127 241 19
-127 241 20
-127 241 21
-127 241 22
-127 241 23
-127 241 24
-127 241 25
-127 241 26
-127 241 27
-127 241 28
-127 241 29
-127 241 30
-127 241 31
-127 242 16
-127 242 18
-127 242 19
-127 242 20
-127 242 21
-127 242 22
-127 242 23
-127 242 24
-127 242 25
-127 242 26
-127 242 27
-127 242 28
-127 242 29
-127 242 30
-127 242 31
-127 243 19
-127 243 20
-127 243 21
-127 243 22
-127 243 24
-127 243 25
-127 243 27
-127 243 28
-127 243 29
-127 243 31
-127 244 17
-127 244 18
-127 244 19
-127 244 21
-127 244 27
-127 244 28
-127 245 17
-127 245 18
-127 245 19
-127 246 18
-126 225 25
-126 225 26
-126 225 29
-126 225 31
-126 226 16
-126 226 25
-126 226 26
-126 226 27
-126 226 29
-126 226 30
-126 226 31
-126 227 16
-126 227 23
-126 227 24
-126 227 25
-126 227 26
-126 227 27
-126 227 28
-126 227 29
-126 227 30
-126 227 31
-126 228 16
-126 228 17
-126 228 18
-126 228 24
-126 228 25
-126 228 26
-126 228 27
-126 228 28
-126 228 29
-126 228 30
-126 228 31
-126 229 16
-126 229 17
-126 229 18
-126 229 19
-126 229 22
-126 229 23
-126 229 24
-126 229 25
-126 229 26
-126 229 27
-126 229 28
-126 229 29
-126 229 30
-126 229 31
-126 230 16
-126 230 17
-126 230 18
-126 230 21
-126 230 22
-126 230 23
-126 230 24
-126 230 25
-126 230 26
-126 230 27
-126 230 28
-126 230 29
-126 230 30
-126 230 31
-126 231 16
-126 231 17
-126 231 18
-126 231 19
-126 231 20
-126 231 21
-126 231 22
-126 231 23
-126 231 24
-126 231 25
-126 231 26
-126 231 27
-126 231 28
-126 231 29
-126 231 30
-126 231 31
-126 232 16
-126 232 17
-126 232 18
-126 232 19
-126 232 20
-126 232 21
-126 232 22
-126 232 23
-126 232 24
-126 232 25
-126 232 26
-126 232 27
-126 232 28
-126 232 29
-126 232 30
-126 232 31
-126 233 16
-126 233 17
-126 233 18
-126 233 19
-126 233 20
-126 233 21
-126 233 22
-126 233 23
-126 233 24
-126 233 25
-126 233 26
-126 233 27
-126 233 28
-126 233 29
-126 233 30
-126 233 31
-126 234 16
-126 234 17
-126 234 18
-126 234 19
-126 234 20
-126 234 21
-126 234 22
-126 234 23
-126 234 24
-126 234 25
-126 234 26
-126 234 27
-126 234 28
-126 234 29
-126 234 30
-126 234 31
-126 235 16
-126 235 17
-126 235 18
-126 235 19
-126 235 20
-126 235 21
-126 235 22
-126 235 23
-126 235 24
-126 235 25
-126 235 26
-126 235 27
-126 235 28
-126 235 29
-126 235 30
-126 235 31
-126 236 16
-126 236 17
-126 236 18
-126 236 19
-126 236 20
-126 236 21
-126 236 22
-126 236 23
-126 236 24
-126 236 25
-126 236 26
-126 236 27
-126 236 28
-126 236 29
-126 236 30
-126 236 31
-126 237 16
-126 237 17
-126 237 18
-126 237 19
-126 237 20
-126 237 21
-126 237 22
-126 237 23
-126 237 24
-126 237 25
-126 237 26
-126 237 27
-126 237 28
-126 237 29
-126 237 30
-126 237 31
-126 238 16
-126 238 17
-126 238 18
-126 238 19
-126 238 20
-126 238 21
-126 238 22
-126 238 23
-126 238 24
-126 238 25
-126 238 26
-126 238 27
-126 238 28
-126 238 29
-126 238 30
-126 238 31
-126 239 16
-126 239 17
-126 239 18
-126 239 19
-126 239 20
-126 239 21
-126 239 22
-126 239 23
-126 239 24
-126 239 25
-126 239 26
-126 239 27
-126 239 28
-126 239 29
-126 239 30
-126 239 31
-126 240 16
-126 240 17
-126 240 18
-126 240 19
-126 240 20
-126 240 21
-126 240 22
-126 240 23
-126 240 24
-126 240 25
-126 240 26
-126 240 27
-126 240 28
-126 240 29
-126 240 30
-126 240 31
-126 241 16
-126 241 17
-126 241 18
-126 241 19
-126 241 20
-126 241 22
-126 241 23
-126 241 24
-126 241 25
-126 241 26
-126 241 27
-126 241 28
-126 241 29
-126 241 30
-126 242 17
-126 242 18
-126 242 19
-126 242 20
-126 242 21
-126 242 22
-126 242 26
-126 242 27
-126 242 29
-126 242 30
-126 243 20
-126 243 21
-126 243 26
-126 243 27
-126 243 29
-126 244 18
-126 244 19
-126 245 18
-126 245 19
-125 225 29
-125 225 30
-125 225 31
-125 226 25
-125 226 27
-125 226 28
-125 226 29
-125 226 30
-125 226 31
-125 227 16
-125 227 18
-125 227 24
-125 227 25
-125 227 26
-125 227 28
-125 227 29
-125 227 30
-125 227 31
-125 228 16
-125 228 18
-125 228 19
-125 228 23
-125 228 25
-125 228 26
-125 228 27
-125 228 28
-125 228 29
-125 228 30
-125 228 31
-125 229 16
-125 229 17
-125 229 18
-125 229 19
-125 229 20
-125 229 22
-125 229 23
-125 229 24
-125 229 25
-125 229 26
-125 229 27
-125 229 28
-125 229 29
-125 229 30
-125 229 31
-125 230 16
-125 230 17
-125 230 18
-125 230 19
-125 230 20
-125 230 21
-125 230 22
-125 230 23
-125 230 24
-125 230 25
-125 230 26
-125 230 27
-125 230 28
-125 230 29
-125 230 30
-125 230 31
-125 231 16
-125 231 17
-125 231 18
-125 231 19
-125 231 20
-125 231 21
-125 231 22
-125 231 23
-125 231 24
-125 231 25
-125 231 26
-125 231 27
-125 231 28
-125 231 29
-125 231 30
-125 231 31
-125 232 16
-125 232 17
-125 232 18
-125 232 19
-125 232 20
-125 232 21
-125 232 22
-125 232 23
-125 232 24
-125 232 25
-125 232 26
-125 232 27
-125 232 28
-125 232 29
-125 232 30
-125 232 31
-125 233 16
-125 233 17
-125 233 18
-125 233 19
-125 233 20
-125 233 21
-125 233 22
-125 233 23
-125 233 24
-125 233 25
-125 233 26
-125 233 27
-125 233 28
-125 233 29
-125 233 30
-125 233 31
-125 234 16
-125 234 17
-125 234 18
-125 234 19
-125 234 20
-125 234 21
-125 234 22
-125 234 23
-125 234 24
-125 234 25
-125 234 26
-125 234 27
-125 234 28
-125 234 29
-125 234 30
-125 234 31
-125 235 16
-125 235 17
-125 235 18
-125 235 19
-125 235 20
-125 235 21
-125 235 22
-125 235 23
-125 235 24
-125 235 25
-125 235 26
-125 235 27
-125 235 28
-125 235 29
-125 235 30
-125 235 31
-125 236 16
-125 236 17
-125 236 18
-125 236 19
-125 236 20
-125 236 21
-125 236 22
-125 236 23
-125 236 24
-125 236 25
-125 236 26
-125 236 27
-125 236 28
-125 236 29
-125 236 30
-125 236 31
-125 237 16
-125 237 17
-125 237 18
-125 237 19
-125 237 20
-125 237 21
-125 237 22
-125 237 23
-125 237 24
-125 237 25
-125 237 26
-125 237 27
-125 237 28
-125 237 29
-125 237 30
-125 237 31
-125 238 16
-125 238 17
-125 238 18
-125 238 19
-125 238 20
-125 238 21
-125 238 22
-125 238 23
-125 238 24
-125 238 25
-125 238 26
-125 238 27
-125 238 28
-125 238 29
-125 238 30
-125 238 31
-125 239 16
-125 239 17
-125 239 18
-125 239 19
-125 239 20
-125 239 21
-125 239 22
-125 239 23
-125 239 24
-125 239 25
-125 239 26
-125 239 27
-125 239 28
-125 239 29
-125 239 30
-125 239 31
-125 240 16
-125 240 17
-125 240 18
-125 240 19
-125 240 20
-125 240 21
-125 240 22
-125 240 23
-125 240 25
-125 240 26
-125 240 27
-125 240 28
-125 240 29
-125 240 30
-125 240 31
-125 241 17
-125 241 18
-125 241 19
-125 241 20
-125 241 21
-125 241 22
-125 241 23
-125 241 24
-125 241 25
-125 241 26
-125 241 27
-125 241 28
-125 241 29
-125 241 30
-125 241 31
-125 242 16
-125 242 18
-125 242 20
-125 242 21
-125 242 22
-125 242 26
-125 242 27
-125 242 28
-125 242 29
-125 242 30
-125 242 31
-125 243 20
-125 243 26
-125 243 28
-125 243 31
-124 225 29
-124 225 30
-124 225 31
-124 226 16
-124 226 17
-124 226 27
-124 226 29
-124 226 30
-124 226 31
-124 227 16
-124 227 25
-124 227 26
-124 227 27
-124 227 28
-124 227 29
-124 227 30
-124 227 31
-124 228 16
-124 228 17
-124 228 23
-124 228 26
-124 228 27
-124 228 28
-124 228 29
-124 228 30
-124 228 31
-124 229 16
-124 229 17
-124 229 18
-124 229 20
-124 229 23
-124 229 24
-124 229 25
-124 229 26
-124 229 27
-124 229 28
-124 229 29
-124 229 30
-124 229 31
-124 230 16
-124 230 17
-124 230 18
-124 230 19
-124 230 20
-124 230 21
-124 230 22
-124 230 23
-124 230 24
-124 230 25
-124 230 26
-124 230 27
-124 230 28
-124 230 29
-124 230 30
-124 230 31
-124 231 16
-124 231 17
-124 231 18
-124 231 19
-124 231 20
-124 231 21
-124 231 22
-124 231 24
-124 231 25
-124 231 26
-124 231 27
-124 231 28
-124 231 29
-124 231 30
-124 231 31
-124 232 16
-124 232 17
-124 232 18
-124 232 19
-124 232 20
-124 232 21
-124 232 22
-124 232 23
-124 232 24
-124 232 26
-124 232 27
-124 232 28
-124 232 29
-124 232 30
-124 232 31
-124 233 16
-124 233 17
-124 233 18
-124 233 19
-124 233 20
-124 233 21
-124 233 22
-124 233 23
-124 233 24
-124 233 25
-124 233 26
-124 233 27
-124 233 28
-124 233 29
-124 233 30
-124 233 31
-124 234 16
-124 234 17
-124 234 18
-124 234 19
-124 234 20
-124 234 21
-124 234 22
-124 234 23
-124 234 24
-124 234 25
-124 234 26
-124 234 27
-124 234 28
-124 234 29
-124 234 30
-124 234 31
-124 235 16
-124 235 17
-124 235 18
-124 235 19
-124 235 20
-124 235 21
-124 235 22
-124 235 23
-124 235 24
-124 235 25
-124 235 26
-124 235 27
-124 235 28
-124 235 29
-124 235 30
-124 235 31
-124 236 16
-124 236 17
-124 236 18
-124 236 19
-124 236 20
-124 236 21
-124 236 22
-124 236 23
-124 236 24
-124 236 25
-124 236 26
-124 236 27
-124 236 28
-124 236 29
-124 236 30
-124 236 31
-124 237 16
-124 237 17
-124 237 18
-124 237 19
-124 237 20
-124 237 21
-124 237 22
-124 237 23
-124 237 24
-124 237 25
-124 237 26
-124 237 27
-124 237 28
-124 237 29
-124 237 30
-124 237 31
-124 238 16
-124 238 17
-124 238 18
-124 238 19
-124 238 20
-124 238 21
-124 238 22
-124 238 23
-124 238 24
-124 238 25
-124 238 26
-124 238 27
-124 238 28
-124 238 29
-124 238 30
-124 238 31
-124 239 16
-124 239 17
-124 239 18
-124 239 19
-124 239 20
-124 239 21
-124 239 22
-124 239 23
-124 239 24
-124 239 25
-124 239 26
-124 239 27
-124 239 28
-124 239 29
-124 239 30
-124 239 31
-124 240 16
-124 240 17
-124 240 18
-124 240 19
-124 240 20
-124 240 23
-124 240 24
-124 240 25
-124 240 26
-124 240 27
-124 240 28
-124 240 29
-124 240 30
-124 240 31
-124 241 17
-124 241 18
-124 241 20
-124 241 21
-124 241 22
-124 241 25
-124 241 26
-124 241 27
-124 241 28
-124 241 29
-124 241 30
-124 241 31
-124 242 16
-124 242 17
-124 242 18
-124 242 20
-124 242 25
-124 242 28
-124 242 29
-124 242 30
-124 242 31
-124 243 16
-124 243 17
-124 243 27
-124 244 17
-123 225 17
-123 225 29
-123 225 30
-123 225 31
-123 226 17
-123 226 29
-123 226 30
-123 226 31
-123 227 16
-123 227 17
-123 227 18
-123 227 24
-123 227 25
-123 227 26
-123 227 28
-123 227 29
-123 227 30
-123 227 31
-123 228 16
-123 228 17
-123 228 18
-123 228 24
-123 228 25
-123 228 26
-123 228 27
-123 228 28
-123 228 29
-123 228 30
-123 228 31
-123 229 16
-123 229 17
-123 229 18
-123 229 19
-123 229 20
-123 229 23
-123 229 24
-123 229 25
-123 229 26
-123 229 27
-123 229 29
-123 229 30
-123 229 31
-123 230 16
-123 230 17
-123 230 18
-123 230 19
-123 230 20
-123 230 21
-123 230 22
-123 230 23
-123 230 24
-123 230 25
-123 230 26
-123 230 27
-123 230 28
-123 230 29
-123 230 30
-123 230 31
-123 231 16
-123 231 17
-123 231 18
-123 231 19
-123 231 20
-123 231 23
-123 231 24
-123 231 25
-123 231 26
-123 231 27
-123 231 28
-123 231 29
-123 231 30
-123 231 31
-123 232 16
-123 232 17
-123 232 18
-123 232 19
-123 232 20
-123 232 21
-123 232 22
-123 232 23
-123 232 24
-123 232 25
-123 232 26
-123 232 27
-123 232 28
-123 232 29
-123 232 30
-123 232 31
-123 233 16
-123 233 17
-123 233 18
-123 233 19
-123 233 20
-123 233 21
-123 233 22
-123 233 23
-123 233 24
-123 233 25
-123 233 26
-123 233 27
-123 233 28
-123 233 29
-123 233 30
-123 233 31
-123 234 16
-123 234 17
-123 234 18
-123 234 19
-123 234 20
-123 234 21
-123 234 22
-123 234 23
-123 234 24
-123 234 25
-123 234 26
-123 234 27
-123 234 28
-123 234 29
-123 234 30
-123 234 31
-123 235 16
-123 235 17
-123 235 18
-123 235 19
-123 235 20
-123 235 21
-123 235 22
-123 235 23
-123 235 24
-123 235 25
-123 235 26
-123 235 27
-123 235 28
-123 235 29
-123 235 30
-123 235 31
-123 236 16
-123 236 17
-123 236 18
-123 236 19
-123 236 20
-123 236 21
-123 236 22
-123 236 23
-123 236 24
-123 236 25
-123 236 26
-123 236 27
-123 236 28
-123 236 29
-123 236 30
-123 236 31
-123 237 16
-123 237 17
-123 237 18
-123 237 19
-123 237 20
-123 237 21
-123 237 22
-123 237 23
-123 237 24
-123 237 25
-123 237 26
-123 237 27
-123 237 28
-123 237 29
-123 237 30
-123 237 31
-123 238 16
-123 238 17
-123 238 18
-123 238 19
-123 238 20
-123 238 21
-123 238 22
-123 238 23
-123 238 24
-123 238 25
-123 238 26
-123 238 27
-123 238 28
-123 238 29
-123 238 30
-123 238 31
-123 239 16
-123 239 17
-123 239 18
-123 239 19
-123 239 20
-123 239 21
-123 239 22
-123 239 23
-123 239 24
-123 239 25
-123 239 26
-123 239 27
-123 239 28
-123 239 29
-123 239 30
-123 239 31
-123 240 16
-123 240 17
-123 240 18
-123 240 19
-123 240 20
-123 240 21
-123 240 22
-123 240 23
-123 240 24
-123 240 25
-123 240 27
-123 240 28
-123 240 29
-123 240 30
-123 240 31
-123 241 16
-123 241 17
-123 241 18
-123 241 19
-123 241 20
-123 241 24
-123 241 25
-123 241 26
-123 241 27
-123 241 28
-123 241 29
-123 241 30
-123 241 31
-123 242 17
-123 242 18
-123 242 19
-123 242 25
-123 242 27
-123 242 28
-123 242 29
-123 242 30
-123 242 31
-123 243 18
-123 243 27
-123 243 28
-123 244 27
-122 225 30
-122 225 31
-122 226 16
-122 226 17
-122 226 18
-122 226 29
-122 226 30
-122 226 31
-122 227 16
-122 227 17
-122 227 18
-122 227 19
-122 227 26
-122 227 27
-122 227 28
-122 227 29
-122 227 30
-122 227 31
-122 228 16
-122 228 17
-122 228 18
-122 228 19
-122 228 25
-122 228 26
-122 228 27
-122 228 28
-122 228 29
-122 228 30
-122 228 31
-122 229 16
-122 229 17
-122 229 18
-122 229 19
-122 229 20
-122 229 21
-122 229 23
-122 229 24
-122 229 26
-122 229 27
-122 229 28
-122 229 29
-122 229 30
-122 229 31
-122 230 16
-122 230 17
-122 230 18
-122 230 19
-122 230 20
-122 230 21
-122 230 22
-122 230 23
-122 230 24
-122 230 25
-122 230 26
-122 230 27
-122 230 28
-122 230 29
-122 230 30
-122 230 31
-122 231 16
-122 231 17
-122 231 18
-122 231 19
-122 231 20
-122 231 21
-122 231 22
-122 231 23
-122 231 24
-122 231 25
-122 231 26
-122 231 27
-122 231 28
-122 231 29
-122 231 30
-122 231 31
-122 232 16
-122 232 17
-122 232 18
-122 232 19
-122 232 20
-122 232 21
-122 232 22
-122 232 23
-122 232 24
-122 232 25
-122 232 26
-122 232 27
-122 232 28
-122 232 29
-122 232 30
-122 232 31
-122 233 16
-122 233 17
-122 233 18
-122 233 19
-122 233 20
-122 233 21
-122 233 22
-122 233 23
-122 233 24
-122 233 25
-122 233 26
-122 233 27
-122 233 28
-122 233 29
-122 233 30
-122 233 31
-122 234 16
-122 234 17
-122 234 18
-122 234 19
-122 234 20
-122 234 21
-122 234 22
-122 234 23
-122 234 24
-122 234 25
-122 234 26
-122 234 27
-122 234 28
-122 234 29
-122 234 30
-122 234 31
-122 235 16
-122 235 17
-122 235 18
-122 235 19
-122 235 20
-122 235 21
-122 235 22
-122 235 23
-122 235 24
-122 235 25
-122 235 26
-122 235 27
-122 235 28
-122 235 29
-122 235 30
-122 235 31
-122 236 16
-122 236 17
-122 236 18
-122 236 19
-122 236 20
-122 236 21
-122 236 22
-122 236 23
-122 236 24
-122 236 25
-122 236 26
-122 236 27
-122 236 28
-122 236 29
-122 236 30
-122 236 31
-122 237 16
-122 237 17
-122 237 18
-122 237 19
-122 237 20
-122 237 21
-122 237 22
-122 237 23
-122 237 24
-122 237 25
-122 237 26
-122 237 27
-122 237 28
-122 237 29
-122 237 30
-122 237 31
-122 238 16
-122 238 17
-122 238 18
-122 238 19
-122 238 20
-122 238 21
-122 238 22
-122 238 23
-122 238 24
-122 238 25
-122 238 26
-122 238 27
-122 238 28
-122 238 29
-122 238 30
-122 238 31
-122 239 16
-122 239 17
-122 239 18
-122 239 19
-122 239 20
-122 239 21
-122 239 22
-122 239 23
-122 239 24
-122 239 25
-122 239 26
-122 239 27
-122 239 28
-122 239 29
-122 239 30
-122 239 31
-122 240 16
-122 240 17
-122 240 18
-122 240 19
-122 240 20
-122 240 21
-122 240 23
-122 240 24
-122 240 25
-122 240 26
-122 240 27
-122 240 29
-122 240 30
-122 240 31
-122 241 16
-122 241 17
-122 241 18
-122 241 19
-122 241 20
-122 241 21
-122 241 23
-122 241 24
-122 241 25
-122 241 26
-122 241 27
-122 241 28
-122 241 29
-122 241 30
-122 241 31
-122 242 17
-122 242 18
-122 242 26
-122 242 27
-122 242 28
-122 242 29
-122 242 30
-122 242 31
-122 243 18
-122 243 19
-122 243 27
-122 243 28
-122 244 19
-122 244 30
-122 245 31
-121 225 16
-121 225 17
-121 225 18
-121 225 29
-121 225 30
-121 226 16
-121 226 17
-121 226 18
-121 226 27
-121 226 28
-121 226 29
-121 226 30
-121 226 31
-121 227 16
-121 227 17
-121 227 18
-121 227 19
-121 227 20
-121 227 26
-121 227 27
-121 227 28
-121 227 29
-121 227 30
-121 227 31
-121 228 16
-121 228 17
-121 228 18
-121 228 25
-121 228 26
-121 228 27
-121 228 28
-121 228 29
-121 228 30
-121 228 31
-121 229 16
-121 229 17
-121 229 18
-121 229 19
-121 229 20
-121 229 21
-121 229 23
-121 229 25
-121 229 26
-121 229 27
-121 229 28
-121 229 29
-121 229 30
-121 229 31
-121 230 16
-121 230 17
-121 230 18
-121 230 19
-121 230 20
-121 230 21
-121 230 22
-121 230 23
-121 230 24
-121 230 25
-121 230 26
-121 230 27
-121 230 28
-121 230 29
-121 230 30
-121 230 31
-121 231 16
-121 231 17
-121 231 18
-121 231 20
-121 231 21
-121 231 22
-121 231 23
-121 231 24
-121 231 25
-121 231 26
-121 231 27
-121 231 28
-121 231 29
-121 231 30
-121 231 31
-121 232 16
-121 232 17
-121 232 18
-121 232 19
-121 232 21
-121 232 22
-121 232 23
-121 232 24
-121 232 25
-121 232 26
-121 232 27
-121 232 28
-121 232 29
-121 232 30
-121 232 31
-121 233 16
-121 233 17
-121 233 18
-121 233 19
-121 233 20
-121 233 21
-121 233 22
-121 233 23
-121 233 24
-121 233 25
-121 233 26
-121 233 27
-121 233 28
-121 233 29
-121 233 30
-121 233 31
-121 234 16
-121 234 17
-121 234 18
-121 234 19
-121 234 20
-121 234 21
-121 234 22
-121 234 23
-121 234 24
-121 234 25
-121 234 26
-121 234 27
-121 234 28
-121 234 29
-121 234 30
-121 234 31
-121 235 16
-121 235 17
-121 235 18
-121 235 19
-121 235 20
-121 235 21
-121 235 22
-121 235 23
-121 235 24
-121 235 25
-121 235 26
-121 235 27
-121 235 28
-121 235 29
-121 235 30
-121 235 31
-121 236 16
-121 236 17
-121 236 18
-121 236 19
-121 236 20
-121 236 21
-121 236 22
-121 236 23
-121 236 24
-121 236 25
-121 236 26
-121 236 27
-121 236 28
-121 236 29
-121 236 30
-121 236 31
-121 237 16
-121 237 17
-121 237 18
-121 237 19
-121 237 20
-121 237 21
-121 237 22
-121 237 23
-121 237 24
-121 237 25
-121 237 26
-121 237 27
-121 237 28
-121 237 29
-121 237 30
-121 237 31
-121 238 16
-121 238 17
-121 238 18
-121 238 19
-121 238 20
-121 238 21
-121 238 22
-121 238 23
-121 238 24
-121 238 25
-121 238 26
-121 238 27
-121 238 28
-121 238 29
-121 238 30
-121 238 31
-121 239 16
-121 239 17
-121 239 18
-121 239 19
-121 239 20
-121 239 21
-121 239 22
-121 239 23
-121 239 24
-121 239 25
-121 239 26
-121 239 27
-121 239 28
-121 239 29
-121 239 30
-121 239 31
-121 240 16
-121 240 17
-121 240 18
-121 240 19
-121 240 20
-121 240 21
-121 240 22
-121 240 23
-121 240 24
-121 240 25
-121 240 26
-121 240 27
-121 240 28
-121 240 29
-121 240 30
-121 240 31
-121 241 17
-121 241 18
-121 241 19
-121 241 20
-121 241 21
-121 241 22
-121 241 23
-121 241 25
-121 241 26
-121 241 27
-121 241 28
-121 241 29
-121 241 30
-121 241 31
-121 242 16
-121 242 17
-121 242 18
-121 242 19
-121 242 24
-121 242 25
-121 242 26
-121 242 28
-121 242 29
-121 242 30
-121 242 31
-121 243 18
-121 243 19
-121 243 21
-121 243 25
-121 243 26
-121 243 27
-121 243 28
-121 243 29
-121 243 30
-121 243 31
-121 244 18
-121 244 27
-121 244 30
-121 244 31
-121 245 29
-121 245 31
-120 225 16
-120 225 28
-120 225 30
-120 226 17
-120 226 28
-120 226 29
-120 226 30
-120 226 31
-120 227 16
-120 227 18
-120 227 19
-120 227 28
-120 227 29
-120 227 30
-120 227 31
-120 228 16
-120 228 17
-120 228 18
-120 228 20
-120 228 21
-120 228 26
-120 228 27
-120 228 28
-120 228 29
-120 228 30
-120 228 31
-120 229 16
-120 229 17
-120 229 18
-120 229 19
-120 229 20
-120 229 21
-120 229 22
-120 229 23
-120 229 25
-120 229 26
-120 229 27
-120 229 28
-120 229 29
-120 229 30
-120 229 31
-120 230 16
-120 230 17
-120 230 18
-120 230 19
-120 230 22
-120 230 23
-120 230 24
-120 230 25
-120 230 26
-120 230 27
-120 230 28
-120 230 29
-120 230 30
-120 230 31
-120 231 16
-120 231 17
-120 231 18
-120 231 19
-120 231 20
-120 231 21
-120 231 22
-120 231 23
-120 231 24
-120 231 25
-120 231 26
-120 231 27
-120 231 28
-120 231 29
-120 231 30
-120 231 31
-120 232 16
-120 232 17
-120 232 18
-120 232 19
-120 232 20
-120 232 21
-120 232 22
-120 232 23
-120 232 24
-120 232 25
-120 232 26
-120 232 27
-120 232 28
-120 232 29
-120 232 30
-120 232 31
-120 233 16
-120 233 17
-120 233 18
-120 233 19
-120 233 20
-120 233 21
-120 233 22
-120 233 23
-120 233 24
-120 233 25
-120 233 26
-120 233 27
-120 233 28
-120 233 29
-120 233 30
-120 233 31
-120 234 16
-120 234 17
-120 234 18
-120 234 19
-120 234 20
-120 234 21
-120 234 22
-120 234 23
-120 234 24
-120 234 25
-120 234 26
-120 234 27
-120 234 28
-120 234 29
-120 234 30
-120 234 31
-120 235 16
-120 235 17
-120 235 18
-120 235 19
-120 235 20
-120 235 21
-120 235 22
-120 235 23
-120 235 24
-120 235 25
-120 235 26
-120 235 27
-120 235 28
-120 235 29
-120 235 30
-120 235 31
-120 236 16
-120 236 17
-120 236 18
-120 236 19
-120 236 20
-120 236 21
-120 236 22
-120 236 23
-120 236 24
-120 236 25
-120 236 26
-120 236 27
-120 236 28
-120 236 29
-120 236 30
-120 236 31
-120 237 16
-120 237 17
-120 237 18
-120 237 19
-120 237 20
-120 237 21
-120 237 22
-120 237 23
-120 237 24
-120 237 25
-120 237 26
-120 237 27
-120 237 28
-120 237 29
-120 237 30
-120 237 31
-120 238 16
-120 238 17
-120 238 18
-120 238 19
-120 238 20
-120 238 21
-120 238 22
-120 238 23
-120 238 24
-120 238 25
-120 238 26
-120 238 27
-120 238 28
-120 238 29
-120 238 30
-120 238 31
-120 239 16
-120 239 17
-120 239 18
-120 239 19
-120 239 20
-120 239 21
-120 239 22
-120 239 23
-120 239 24
-120 239 25
-120 239 26
-120 239 27
-120 239 28
-120 239 29
-120 239 30
-120 239 31
-120 240 16
-120 240 17
-120 240 18
-120 240 19
-120 240 20
-120 240 21
-120 240 22
-120 240 23
-120 240 24
-120 240 25
-120 240 26
-120 240 27
-120 240 28
-120 240 29
-120 240 30
-120 240 31
-120 241 16
-120 241 17
-120 241 18
-120 241 19
-120 241 20
-120 241 21
-120 241 23
-120 241 24
-120 241 25
-120 241 26
-120 241 27
-120 241 28
-120 241 29
-120 241 30
-120 241 31
-120 242 16
-120 242 17
-120 242 18
-120 242 19
-120 242 20
-120 242 21
-120 242 23
-120 242 24
-120 242 25
-120 242 26
-120 242 28
-120 242 29
-120 242 30
-120 242 31
-120 243 16
-120 243 18
-120 243 19
-120 243 20
-120 243 21
-120 243 26
-120 243 27
-120 243 28
-120 243 29
-120 243 30
-120 243 31
-120 244 18
-120 244 19
-120 244 21
-120 244 25
-120 244 26
-120 244 27
-120 244 29
-120 244 30
-120 244 31
-120 245 18
-120 245 28
-120 245 29
-120 245 31
-120 246 30
-120 246 31
-119 225 16
-119 225 27
-119 225 28
-119 225 29
-119 225 30
-119 225 31
-119 226 16
-119 226 17
-119 226 29
-119 226 31
-119 227 16
-119 227 17
-119 227 18
-119 227 20
-119 227 26
-119 227 27
-119 227 28
-119 227 29
-119 227 30
-119 227 31
-119 228 16
-119 228 17
-119 228 18
-119 228 19
-119 228 21
-119 228 22
-119 228 26
-119 228 27
-119 228 28
-119 228 29
-119 228 30
-119 228 31
-119 229 16
-119 229 17
-119 229 18
-119 229 19
-119 229 20
-119 229 21
-119 229 22
-119 229 24
-119 229 25
-119 229 27
-119 229 28
-119 229 29
-119 229 30
-119 229 31
-119 230 16
-119 230 17
-119 230 18
-119 230 19
-119 230 20
-119 230 21
-119 230 22
-119 230 23
-119 230 24
-119 230 25
-119 230 26
-119 230 27
-119 230 28
-119 230 29
-119 230 30
-119 230 31
-119 231 16
-119 231 17
-119 231 18
-119 231 19
-119 231 20
-119 231 21
-119 231 22
-119 231 23
-119 231 24
-119 231 25
-119 231 26
-119 231 27
-119 231 28
-119 231 29
-119 231 30
-119 231 31
-119 232 16
-119 232 17
-119 232 18
-119 232 19
-119 232 20
-119 232 21
-119 232 22
-119 232 23
-119 232 24
-119 232 25
-119 232 26
-119 232 27
-119 232 28
-119 232 29
-119 232 30
-119 232 31
-119 233 16
-119 233 17
-119 233 18
-119 233 19
-119 233 20
-119 233 21
-119 233 22
-119 233 23
-119 233 24
-119 233 25
-119 233 26
-119 233 27
-119 233 28
-119 233 29
-119 233 30
-119 233 31
-119 234 16
-119 234 17
-119 234 18
-119 234 19
-119 234 20
-119 234 21
-119 234 22
-119 234 23
-119 234 24
-119 234 25
-119 234 26
-119 234 27
-119 234 28
-119 234 29
-119 234 30
-119 234 31
-119 235 16
-119 235 17
-119 235 18
-119 235 19
-119 235 20
-119 235 21
-119 235 22
-119 235 23
-119 235 24
-119 235 25
-119 235 26
-119 235 27
-119 235 28
-119 235 29
-119 235 30
-119 235 31
-119 236 16
-119 236 17
-119 236 18
-119 236 19
-119 236 20
-119 236 21
-119 236 22
-119 236 23
-119 236 24
-119 236 25
-119 236 26
-119 236 27
-119 236 28
-119 236 29
-119 236 30
-119 236 31
-119 237 16
-119 237 17
-119 237 18
-119 237 19
-119 237 20
-119 237 21
-119 237 22
-119 237 23
-119 237 24
-119 237 25
-119 237 26
-119 237 27
-119 237 28
-119 237 29
-119 237 30
-119 237 31
-119 238 16
-119 238 17
-119 238 18
-119 238 19
-119 238 20
-119 238 21
-119 238 22
-119 238 23
-119 238 24
-119 238 25
-119 238 26
-119 238 27
-119 238 28
-119 238 29
-119 238 30
-119 238 31
-119 239 16
-119 239 17
-119 239 18
-119 239 19
-119 239 20
-119 239 21
-119 239 22
-119 239 23
-119 239 24
-119 239 25
-119 239 26
-119 239 27
-119 239 28
-119 239 29
-119 239 30
-119 239 31
-119 240 16
-119 240 17
-119 240 18
-119 240 19
-119 240 20
-119 240 21
-119 240 22
-119 240 23
-119 240 24
-119 240 25
-119 240 26
-119 240 27
-119 240 28
-119 240 29
-119 240 30
-119 240 31
-119 241 16
-119 241 17
-119 241 18
-119 241 19
-119 241 20
-119 241 21
-119 241 24
-119 241 25
-119 241 26
-119 241 28
-119 241 29
-119 241 30
-119 242 16
-119 242 17
-119 242 18
-119 242 19
-119 242 21
-119 242 24
-119 242 25
-119 242 26
-119 242 28
-119 242 29
-119 242 30
-119 242 31
-119 243 16
-119 243 18
-119 243 19
-119 243 26
-119 243 27
-119 243 28
-119 243 29
-119 243 30
-119 243 31
-119 244 16
-119 244 17
-119 244 18
-119 244 19
-119 244 20
-119 244 27
-119 244 28
-119 244 29
-119 244 30
-119 244 31
-119 245 18
-119 245 27
-119 245 28
-119 245 29
-119 245 31
-119 246 27
-119 246 28
-119 246 29
-119 246 30
-119 246 31
-119 247 28
-119 247 30
-118 225 17
-118 225 29
-118 225 31
-118 226 17
-118 226 18
-118 226 30
-118 226 31
-118 227 16
-118 227 18
-118 227 19
-118 227 20
-118 227 21
-118 227 27
-118 227 29
-118 227 30
-118 227 31
-118 228 16
-118 228 17
-118 228 18
-118 228 19
-118 228 20
-118 228 21
-118 228 22
-118 228 25
-118 228 26
-118 228 27
-118 228 28
-118 228 29
-118 228 30
-118 228 31
-118 229 16
-118 229 17
-118 229 18
-118 229 19
-118 229 20
-118 229 24
-118 229 25
-118 229 26
-118 229 27
-118 229 28
-118 229 29
-118 229 30
-118 229 31
-118 230 16
-118 230 17
-118 230 18
-118 230 19
-118 230 20
-118 230 21
-118 230 22
-118 230 23
-118 230 25
-118 230 26
-118 230 27
-118 230 28
-118 230 29
-118 230 30
-118 230 31
-118 231 16
-118 231 17
-118 231 18
-118 231 19
-118 231 20
-118 231 21
-118 231 22
-118 231 23
-118 231 24
-118 231 25
-118 231 26
-118 231 27
-118 231 28
-118 231 29
-118 231 30
-118 231 31
-118 232 16
-118 232 17
-118 232 18
-118 232 19
-118 232 20
-118 232 21
-118 232 22
-118 232 23
-118 232 24
-118 232 25
-118 232 26
-118 232 27
-118 232 28
-118 232 29
-118 232 30
-118 232 31
-118 233 16
-118 233 17
-118 233 18
-118 233 19
-118 233 20
-118 233 21
-118 233 22
-118 233 23
-118 233 24
-118 233 25
-118 233 26
-118 233 27
-118 233 28
-118 233 29
-118 233 30
-118 233 31
-118 234 16
-118 234 17
-118 234 18
-118 234 19
-118 234 20
-118 234 21
-118 234 22
-118 234 23
-118 234 24
-118 234 25
-118 234 26
-118 234 27
-118 234 28
-118 234 29
-118 234 30
-118 234 31
-118 235 16
-118 235 17
-118 235 18
-118 235 19
-118 235 20
-118 235 21
-118 235 22
-118 235 23
-118 235 24
-118 235 25
-118 235 26
-118 235 27
-118 235 28
-118 235 29
-118 235 30
-118 235 31
-118 236 16
-118 236 17
-118 236 18
-118 236 19
-118 236 20
-118 236 21
-118 236 22
-118 236 23
-118 236 24
-118 236 25
-118 236 26
-118 236 27
-118 236 28
-118 236 29
-118 236 30
-118 236 31
-118 237 16
-118 237 17
-118 237 18
-118 237 19
-118 237 20
-118 237 21
-118 237 22
-118 237 23
-118 237 24
-118 237 25
-118 237 26
-118 237 27
-118 237 28
-118 237 29
-118 237 30
-118 237 31
-118 238 16
-118 238 17
-118 238 18
-118 238 19
-118 238 20
-118 238 21
-118 238 22
-118 238 23
-118 238 24
-118 238 25
-118 238 26
-118 238 27
-118 238 28
-118 238 29
-118 238 30
-118 238 31
-118 239 16
-118 239 17
-118 239 18
-118 239 19
-118 239 20
-118 239 21
-118 239 22
-118 239 23
-118 239 24
-118 239 25
-118 239 26
-118 239 27
-118 239 28
-118 239 29
-118 239 30
-118 239 31
-118 240 16
-118 240 17
-118 240 18
-118 240 19
-118 240 20
-118 240 21
-118 240 22
-118 240 23
-118 240 24
-118 240 25
-118 240 26
-118 240 27
-118 240 28
-118 240 29
-118 240 30
-118 240 31
-118 241 16
-118 241 17
-118 241 18
-118 241 19
-118 241 20
-118 241 21
-118 241 22
-118 241 24
-118 241 25
-118 241 26
-118 241 27
-118 241 28
-118 241 29
-118 241 30
-118 241 31
-118 242 16
-118 242 17
-118 242 18
-118 242 19
-118 242 20
-118 242 26
-118 242 27
-118 242 29
-118 242 30
-118 242 31
-118 243 19
-118 243 20
-118 243 27
-118 243 28
-118 243 29
-118 243 30
-118 243 31
-118 244 18
-118 244 19
-118 244 26
-118 244 27
-118 244 28
-118 244 29
-118 244 30
-118 244 31
-118 245 18
-118 245 27
-118 245 28
-118 245 31
-118 246 31
-117 225 16
-117 225 17
-117 225 18
-117 225 29
-117 225 30
-117 226 16
-117 226 17
-117 226 18
-117 226 19
-117 226 29
-117 226 30
-117 227 16
-117 227 17
-117 227 18
-117 227 19
-117 227 20
-117 227 29
-117 227 31
-117 228 16
-117 228 17
-117 228 18
-117 228 19
-117 228 28
-117 228 29
-117 228 30
-117 228 31
-117 229 16
-117 229 17
-117 229 18
-117 229 19
-117 229 20
-117 229 21
-117 229 23
-117 229 25
-117 229 26
-117 229 27
-117 229 28
-117 229 29
-117 229 30
-117 229 31
-117 230 16
-117 230 17
-117 230 18
-117 230 19
-117 230 20
-117 230 21
-117 230 22
-117 230 23
-117 230 24
-117 230 25
-117 230 26
-117 230 27
-117 230 28
-117 230 29
-117 230 30
-117 230 31
-117 231 16
-117 231 17
-117 231 18
-117 231 19
-117 231 20
-117 231 21
-117 231 23
-117 231 24
-117 231 25
-117 231 26
-117 231 27
-117 231 28
-117 231 29
-117 231 30
-117 231 31
-117 232 16
-117 232 17
-117 232 18
-117 232 19
-117 232 20
-117 232 21
-117 232 22
-117 232 23
-117 232 24
-117 232 25
-117 232 26
-117 232 27
-117 232 28
-117 232 29
-117 232 30
-117 232 31
-117 233 16
-117 233 17
-117 233 18
-117 233 19
-117 233 20
-117 233 21
-117 233 22
-117 233 23
-117 233 24
-117 233 25
-117 233 26
-117 233 27
-117 233 28
-117 233 29
-117 233 30
-117 233 31
-117 234 16
-117 234 17
-117 234 18
-117 234 19
-117 234 20
-117 234 21
-117 234 22
-117 234 23
-117 234 24
-117 234 25
-117 234 26
-117 234 27
-117 234 28
-117 234 29
-117 234 30
-117 234 31
-117 235 16
-117 235 17
-117 235 18
-117 235 19
-117 235 20
-117 235 21
-117 235 22
-117 235 23
-117 235 24
-117 235 25
-117 235 26
-117 235 27
-117 235 28
-117 235 29
-117 235 30
-117 235 31
-117 236 16
-117 236 17
-117 236 18
-117 236 19
-117 236 20
-117 236 21
-117 236 22
-117 236 23
-117 236 24
-117 236 25
-117 236 26
-117 236 27
-117 236 28
-117 236 29
-117 236 30
-117 236 31
-117 237 16
-117 237 17
-117 237 18
-117 237 19
-117 237 20
-117 237 21
-117 237 22
-117 237 23
-117 237 24
-117 237 25
-117 237 26
-117 237 27
-117 237 28
-117 237 29
-117 237 30
-117 237 31
-117 238 16
-117 238 17
-117 238 18
-117 238 19
-117 238 20
-117 238 21
-117 238 22
-117 238 23
-117 238 24
-117 238 25
-117 238 26
-117 238 27
-117 238 28
-117 238 29
-117 238 30
-117 238 31
-117 239 16
-117 239 17
-117 239 18
-117 239 19
-117 239 20
-117 239 21
-117 239 22
-117 239 23
-117 239 24
-117 239 25
-117 239 26
-117 239 27
-117 239 28
-117 239 29
-117 239 30
-117 239 31
-117 240 16
-117 240 17
-117 240 18
-117 240 19
-117 240 20
-117 240 21
-117 240 22
-117 240 23
-117 240 24
-117 240 25
-117 240 26
-117 240 27
-117 240 28
-117 240 29
-117 240 30
-117 240 31
-117 241 16
-117 241 17
-117 241 18
-117 241 19
-117 241 20
-117 241 21
-117 241 22
-117 241 23
-117 241 24
-117 241 25
-117 241 26
-117 241 27
-117 241 28
-117 241 29
-117 241 30
-117 241 31
-117 242 16
-117 242 17
-117 242 18
-117 242 19
-117 242 20
-117 242 21
-117 242 22
-117 242 23
-117 242 24
-117 242 26
-117 242 27
-117 242 28
-117 242 29
-117 242 30
-117 242 31
-117 243 16
-117 243 17
-117 243 18
-117 243 20
-117 243 21
-117 243 26
-117 243 27
-117 243 28
-117 243 29
-117 243 30
-117 243 31
-117 244 27
-117 244 28
-117 244 29
-117 244 30
-117 244 31
-117 245 28
-117 245 29
-117 245 30
-117 245 31
-117 246 29
-116 225 17
-116 225 29
-116 225 31
-116 226 16
-116 226 17
-116 226 18
-116 226 20
-116 226 21
-116 226 28
-116 226 29
-116 226 31
-116 227 16
-116 227 17
-116 227 18
-116 227 19
-116 227 20
-116 227 21
-116 227 28
-116 227 29
-116 227 31
-116 228 16
-116 228 17
-116 228 18
-116 228 19
-116 228 20
-116 228 21
-116 228 22
-116 228 27
-116 228 28
-116 228 29
-116 228 30
-116 228 31
-116 229 16
-116 229 17
-116 229 18
-116 229 19
-116 229 20
-116 229 21
-116 229 22
-116 229 27
-116 229 28
-116 229 29
-116 229 30
-116 229 31
-116 230 16
-116 230 17
-116 230 18
-116 230 19
-116 230 20
-116 230 21
-116 230 22
-116 230 23
-116 230 25
-116 230 26
-116 230 27
-116 230 28
-116 230 29
-116 230 30
-116 230 31
-116 231 16
-116 231 17
-116 231 18
-116 231 19
-116 231 20
-116 231 21
-116 231 22
-116 231 23
-116 231 24
-116 231 25
-116 231 26
-116 231 27
-116 231 28
-116 231 29
-116 231 30
-116 231 31
-116 232 16
-116 232 17
-116 232 18
-116 232 19
-116 232 20
-116 232 21
-116 232 22
-116 232 23
-116 232 24
-116 232 25
-116 232 26
-116 232 27
-116 232 28
-116 232 29
-116 232 30
-116 232 31
-116 233 16
-116 233 17
-116 233 18
-116 233 19
-116 233 20
-116 233 21
-116 233 22
-116 233 23
-116 233 24
-116 233 25
-116 233 26
-116 233 27
-116 233 28
-116 233 29
-116 233 30
-116 233 31
-116 234 16
-116 234 17
-116 234 18
-116 234 19
-116 234 20
-116 234 21
-116 234 22
-116 234 23
-116 234 24
-116 234 25
-116 234 26
-116 234 27
-116 234 28
-116 234 29
-116 234 30
-116 234 31
-116 235 16
-116 235 17
-116 235 18
-116 235 19
-116 235 20
-116 235 21
-116 235 22
-116 235 23
-116 235 24
-116 235 25
-116 235 26
-116 235 27
-116 235 28
-116 235 29
-116 235 30
-116 235 31
-116 236 16
-116 236 17
-116 236 18
-116 236 19
-116 236 20
-116 236 21
-116 236 22
-116 236 23
-116 236 24
-116 236 25
-116 236 26
-116 236 27
-116 236 28
-116 236 29
-116 236 30
-116 236 31
-116 237 16
-116 237 17
-116 237 18
-116 237 19
-116 237 20
-116 237 21
-116 237 22
-116 237 23
-116 237 24
-116 237 25
-116 237 26
-116 237 27
-116 237 28
-116 237 29
-116 237 30
-116 237 31
-116 238 16
-116 238 17
-116 238 18
-116 238 19
-116 238 20
-116 238 21
-116 238 22
-116 238 23
-116 238 24
-116 238 25
-116 238 26
-116 238 27
-116 238 28
-116 238 29
-116 238 30
-116 238 31
-116 239 16
-116 239 17
-116 239 18
-116 239 19
-116 239 20
-116 239 21
-116 239 22
-116 239 23
-116 239 24
-116 239 25
-116 239 26
-116 239 27
-116 239 28
-116 239 29
-116 239 30
-116 239 31
-116 240 16
-116 240 17
-116 240 18
-116 240 19
-116 240 20
-116 240 21
-116 240 22
-116 240 23
-116 240 24
-116 240 25
-116 240 26
-116 240 27
-116 240 28
-116 240 29
-116 240 30
-116 240 31
-116 241 16
-116 241 17
-116 241 18
-116 241 19
-116 241 20
-116 241 21
-116 241 22
-116 241 23
-116 241 24
-116 241 25
-116 241 26
-116 241 27
-116 241 28
-116 241 29
-116 241 30
-116 241 31
-116 242 16
-116 242 17
-116 242 18
-116 242 19
-116 242 21
-116 242 22
-116 242 26
-116 242 27
-116 242 28
-116 242 29
-116 242 30
-116 242 31
-116 243 16
-116 243 18
-116 243 22
-116 243 27
-116 243 28
-116 243 29
-116 243 30
-116 243 31
-116 244 16
-116 244 27
-116 244 28
-116 244 29
-116 244 30
-116 244 31
-116 245 16
-116 245 29
-116 245 30
-116 245 31
-116 246 31
-115 225 19
-115 226 17
-115 226 18
-115 226 19
-115 226 20
-115 227 16
-115 227 17
-115 227 18
-115 227 19
-115 227 20
-115 227 21
-115 227 22
-115 227 23
-115 227 30
-115 227 31
-115 228 16
-115 228 17
-115 228 18
-115 228 19
-115 228 20
-115 228 22
-115 228 23
-115 228 27
-115 228 28
-115 228 29
-115 228 30
-115 229 16
-115 229 17
-115 229 18
-115 229 19
-115 229 20
-115 229 21
-115 229 22
-115 229 23
-115 229 26
-115 229 27
-115 229 28
-115 229 29
-115 229 30
-115 229 31
-115 230 16
-115 230 17
-115 230 18
-115 230 19
-115 230 20
-115 230 21
-115 230 22
-115 230 23
-115 230 26
-115 230 27
-115 230 28
-115 230 29
-115 230 30
-115 230 31
-115 231 16
-115 231 17
-115 231 18
-115 231 19
-115 231 20
-115 231 21
-115 231 22
-115 231 23
-115 231 24
-115 231 25
-115 231 26
-115 231 27
-115 231 28
-115 231 29
-115 231 30
-115 231 31
-115 232 16
-115 232 17
-115 232 18
-115 232 19
-115 232 20
-115 232 21
-115 232 22
-115 232 23
-115 232 24
-115 232 25
-115 232 26
-115 232 27
-115 232 28
-115 232 29
-115 232 30
-115 232 31
-115 233 16
-115 233 17
-115 233 18
-115 233 19
-115 233 20
-115 233 21
-115 233 22
-115 233 23
-115 233 24
-115 233 25
-115 233 26
-115 233 27
-115 233 28
-115 233 29
-115 233 30
-115 233 31
-115 234 16
-115 234 17
-115 234 18
-115 234 19
-115 234 20
-115 234 21
-115 234 22
-115 234 23
-115 234 24
-115 234 25
-115 234 26
-115 234 27
-115 234 28
-115 234 29
-115 234 30
-115 234 31
-115 235 16
-115 235 17
-115 235 18
-115 235 19
-115 235 20
-115 235 21
-115 235 22
-115 235 23
-115 235 24
-115 235 25
-115 235 26
-115 235 27
-115 235 28
-115 235 29
-115 235 30
-115 235 31
-115 236 16
-115 236 17
-115 236 18
-115 236 19
-115 236 20
-115 236 21
-115 236 22
-115 236 23
-115 236 24
-115 236 25
-115 236 26
-115 236 27
-115 236 28
-115 236 29
-115 236 30
-115 236 31
-115 237 16
-115 237 17
-115 237 18
-115 237 19
-115 237 20
-115 237 21
-115 237 22
-115 237 23
-115 237 24
-115 237 25
-115 237 26
-115 237 27
-115 237 28
-115 237 29
-115 237 30
-115 237 31
-115 238 16
-115 238 17
-115 238 18
-115 238 19
-115 238 20
-115 238 21
-115 238 22
-115 238 23
-115 238 24
-115 238 25
-115 238 26
-115 238 27
-115 238 28
-115 238 29
-115 238 30
-115 238 31
-115 239 16
-115 239 17
-115 239 18
-115 239 19
-115 239 20
-115 239 21
-115 239 22
-115 239 23
-115 239 24
-115 239 25
-115 239 26
-115 239 27
-115 239 28
-115 239 29
-115 239 30
-115 239 31
-115 240 16
-115 240 17
-115 240 18
-115 240 19
-115 240 20
-115 240 21
-115 240 22
-115 240 23
-115 240 24
-115 240 25
-115 240 26
-115 240 27
-115 240 28
-115 240 29
-115 240 30
-115 240 31
-115 241 16
-115 241 17
-115 241 18
-115 241 19
-115 241 20
-115 241 21
-115 241 22
-115 241 23
-115 241 24
-115 241 25
-115 241 26
-115 241 27
-115 241 28
-115 241 29
-115 241 30
-115 241 31
-115 242 16
-115 242 18
-115 242 19
-115 242 20
-115 242 21
-115 242 22
-115 242 23
-115 242 24
-115 242 25
-115 242 26
-115 242 27
-115 242 28
-115 242 29
-115 242 30
-115 242 31
-115 243 16
-115 243 18
-115 243 20
-115 243 21
-115 243 22
-115 243 26
-115 243 27
-115 243 28
-115 243 29
-115 243 30
-115 244 20
-115 244 29
-115 244 30
-115 244 31
-115 245 29
-114 226 17
-114 226 18
-114 226 19
-114 226 20
-114 227 16
-114 227 17
-114 227 18
-114 227 19
-114 227 21
-114 227 22
-114 228 16
-114 228 17
-114 228 18
-114 228 19
-114 228 20
-114 228 21
-114 228 22
-114 228 27
-114 228 30
-114 228 31
-114 229 16
-114 229 17
-114 229 18
-114 229 19
-114 229 20
-114 229 21
-114 229 22
-114 229 26
-114 229 27
-114 229 28
-114 229 29
-114 229 30
-114 229 31
-114 230 16
-114 230 17
-114 230 18
-114 230 19
-114 230 21
-114 230 22
-114 230 23
-114 230 26
-114 230 27
-114 230 29
-114 230 30
-114 230 31
-114 231 16
-114 231 17
-114 231 18
-114 231 19
-114 231 20
-114 231 21
-114 231 22
-114 231 24
-114 231 25
-114 231 26
-114 231 27
-114 231 28
-114 231 29
-114 231 30
-114 231 31
-114 232 16
-114 232 17
-114 232 18
-114 232 19
-114 232 20
-114 232 21
-114 232 22
-114 232 23
-114 232 24
-114 232 25
-114 232 26
-114 232 27
-114 232 28
-114 232 29
-114 232 30
-114 232 31
-114 233 16
-114 233 17
-114 233 18
-114 233 19
-114 233 20
-114 233 21
-114 233 22
-114 233 23
-114 233 24
-114 233 25
-114 233 26
-114 233 27
-114 233 28
-114 233 29
-114 233 30
-114 233 31
-114 234 16
-114 234 17
-114 234 18
-114 234 19
-114 234 20
-114 234 21
-114 234 22
-114 234 23
-114 234 24
-114 234 25
-114 234 26
-114 234 27
-114 234 28
-114 234 29
-114 234 30
-114 234 31
-114 235 16
-114 235 17
-114 235 18
-114 235 19
-114 235 20
-114 235 21
-114 235 22
-114 235 23
-114 235 24
-114 235 25
-114 235 26
-114 235 27
-114 235 28
-114 235 29
-114 235 30
-114 235 31
-114 236 16
-114 236 17
-114 236 18
-114 236 19
-114 236 20
-114 236 21
-114 236 22
-114 236 23
-114 236 24
-114 236 25
-114 236 26
-114 236 27
-114 236 28
-114 236 29
-114 236 30
-114 236 31
-114 237 16
-114 237 17
-114 237 18
-114 237 19
-114 237 20
-114 237 21
-114 237 22
-114 237 23
-114 237 24
-114 237 25
-114 237 26
-114 237 27
-114 237 28
-114 237 29
-114 237 30
-114 237 31
-114 238 16
-114 238 17
-114 238 18
-114 238 19
-114 238 20
-114 238 21
-114 238 22
-114 238 23
-114 238 24
-114 238 25
-114 238 26
-114 238 27
-114 238 28
-114 238 29
-114 238 30
-114 238 31
-114 239 16
-114 239 17
-114 239 18
-114 239 19
-114 239 20
-114 239 21
-114 239 22
-114 239 23
-114 239 24
-114 239 25
-114 239 26
-114 239 27
-114 239 28
-114 239 29
-114 239 30
-114 239 31
-114 240 16
-114 240 17
-114 240 18
-114 240 19
-114 240 20
-114 240 21
-114 240 22
-114 240 23
-114 240 24
-114 240 25
-114 240 26
-114 240 27
-114 240 28
-114 240 29
-114 240 30
-114 240 31
-114 241 16
-114 241 17
-114 241 18
-114 241 19
-114 241 20
-114 241 21
-114 241 22
-114 241 23
-114 241 24
-114 241 25
-114 241 26
-114 241 27
-114 241 28
-114 241 29
-114 241 30
-114 241 31
-114 242 17
-114 242 18
-114 242 19
-114 242 20
-114 242 21
-114 242 22
-114 242 23
-114 242 24
-114 242 25
-114 242 27
-114 242 28
-114 242 29
-114 242 30
-114 242 31
-114 243 18
-114 243 19
-114 243 20
-114 243 21
-114 243 23
-114 243 24
-114 243 25
-114 243 26
-114 243 27
-114 243 28
-114 243 29
-114 243 30
-114 243 31
-114 244 20
-114 244 23
-114 244 25
-114 244 30
-114 245 20
-114 245 23
-113 226 18
-113 226 19
-113 227 18
-113 227 19
-113 227 20
-113 227 21
-113 227 30
-113 228 16
-113 228 17
-113 228 18
-113 228 19
-113 228 20
-113 228 21
-113 228 29
-113 228 30
-113 229 18
-113 229 19
-113 229 21
-113 229 22
-113 229 23
-113 229 27
-113 229 28
-113 229 29
-113 229 30
-113 229 31
-113 230 17
-113 230 18
-113 230 19
-113 230 20
-113 230 21
-113 230 22
-113 230 23
-113 230 24
-113 230 27
-113 230 29
-113 230 30
-113 230 31
-113 231 16
-113 231 17
-113 231 18
-113 231 19
-113 231 20
-113 231 21
-113 231 22
-113 231 23
-113 231 24
-113 231 25
-113 231 27
-113 231 28
-113 231 29
-113 231 30
-113 231 31
-113 232 16
-113 232 17
-113 232 18
-113 232 19
-113 232 20
-113 232 21
-113 232 22
-113 232 24
-113 232 25
-113 232 26
-113 232 27
-113 232 28
-113 232 29
-113 232 30
-113 232 31
-113 233 16
-113 233 17
-113 233 18
-113 233 19
-113 233 20
-113 233 21
-113 233 22
-113 233 23
-113 233 24
-113 233 25
-113 233 26
-113 233 27
-113 233 28
-113 233 29
-113 233 30
-113 233 31
-113 234 16
-113 234 17
-113 234 18
-113 234 19
-113 234 20
-113 234 21
-113 234 22
-113 234 23
-113 234 24
-113 234 25
-113 234 26
-113 234 27
-113 234 28
-113 234 29
-113 234 30
-113 234 31
-113 235 16
-113 235 17
-113 235 18
-113 235 19
-113 235 20
-113 235 21
-113 235 22
-113 235 23
-113 235 24
-113 235 25
-113 235 26
-113 235 27
-113 235 28
-113 235 29
-113 235 30
-113 235 31
-113 236 16
-113 236 17
-113 236 18
-113 236 19
-113 236 20
-113 236 21
-113 236 22
-113 236 23
-113 236 24
-113 236 25
-113 236 26
-113 236 27
-113 236 28
-113 236 29
-113 236 30
-113 236 31
-113 237 16
-113 237 17
-113 237 18
-113 237 19
-113 237 20
-113 237 21
-113 237 22
-113 237 23
-113 237 24
-113 237 25
-113 237 26
-113 237 27
-113 237 28
-113 237 29
-113 237 30
-113 237 31
-113 238 16
-113 238 17
-113 238 18
-113 238 19
-113 238 20
-113 238 21
-113 238 22
-113 238 23
-113 238 24
-113 238 25
-113 238 26
-113 238 27
-113 238 28
-113 238 29
-113 238 30
-113 238 31
-113 239 16
-113 239 17
-113 239 18
-113 239 19
-113 239 20
-113 239 21
-113 239 22
-113 239 23
-113 239 24
-113 239 25
-113 239 26
-113 239 27
-113 239 28
-113 239 29
-113 239 30
-113 239 31
-113 240 16
-113 240 17
-113 240 18
-113 240 19
-113 240 20
-113 240 21
-113 240 22
-113 240 23
-113 240 24
-113 240 25
-113 240 26
-113 240 27
-113 240 28
-113 240 29
-113 240 30
-113 240 31
-113 241 17
-113 241 18
-113 241 19
-113 241 20
-113 241 21
-113 241 22
-113 241 23
-113 241 24
-113 241 25
-113 241 26
-113 241 27
-113 241 28
-113 241 29
-113 241 30
-113 241 31
-113 242 16
-113 242 17
-113 242 18
-113 242 19
-113 242 20
-113 242 21
-113 242 22
-113 242 23
-113 242 24
-113 242 25
-113 242 26
-113 242 27
-113 242 28
-113 242 29
-113 242 30
-113 242 31
-113 243 18
-113 243 19
-113 243 21
-113 243 22
-113 243 23
-113 243 24
-113 243 29
-113 243 30
-113 243 31
-113 244 19
-113 244 21
-113 244 22
-113 244 28
-113 244 29
-113 244 30
-113 244 31
-113 245 20
-113 245 21
-113 245 22
-113 245 23
-113 245 24
-113 245 29
-113 245 31
-113 246 20
-113 246 22
-113 247 23

