alfheim:altLeaves
6
192 206 61
192 207 61
192 207 62
192 207 63
192 208 48
192 208 49
192 208 59
192 208 60
192 208 61
192 208 62
192 208 63
192 209 48
192 209 49
192 209 50
192 209 56
192 209 59
192 209 60
192 209 61
192 209 63
192 210 49
192 210 50
192 210 51
192 210 54
192 210 55
192 210 56
192 210 57
192 210 58
192 210 59
192 210 60
192 210 61
192 210 62
192 210 63
192 211 48
192 211 49
192 211 50
192 211 51
192 211 52
192 211 53
192 211 54
192 211 55
192 211 56
192 211 57
192 211 58
192 211 59
192 211 60
192 211 61
192 211 62
192 211 63
192 212 48
192 212 50
192 212 51
192 212 52
192 212 53
192 212 54
192 212 55
192 212 56
192 212 57
192 212 58
192 212 59
192 212 60
192 212 61
192 212 62
192 212 63
192 213 48
192 213 49
192 213 50
192 213 51
192 213 52
192 213 53
192 213 54
192 213 55
192 213 56
192 213 57
192 213 58
192 213 59
192 213 60
192 213 61
192 213 62
192 213 63
192 214 48
192 214 49
192 214 50
192 214 51
192 214 52
192 214 53
192 214 54
192 214 55
192 214 56
192 214 57
192 214 58
192 214 59
192 214 60
192 214 61
192 214 62
192 214 63
192 215 48
192 215 49
192 215 50
192 215 51
192 215 52
192 215 53
192 215 54
192 215 55
192 215 56
192 215 57
192 215 58
192 215 59
192 215 60
192 215 61
192 215 62
192 216 48
192 216 49
192 216 50
192 216 51
192 216 52
192 216 53
192 216 54
192 216 55
192 216 56
192 216 57
192 216 58
192 216 59
192 216 60
192 216 61
192 216 62
192 217 48
192 217 49
192 217 50
192 217 51
192 217 52
192 217 53
192 217 54
192 217 55
192 217 56
192 217 57
192 217 58
192 217 59
192 217 60
192 217 61
192 217 62
192 217 63
192 218 48
192 218 49
192 218 50
192 218 51
192 218 52
192 218 53
192 218 54
192 218 55
192 218 56
192 218 57
192 218 58
192 218 59
192 218 60
192 218 61
192 218 62
192 218 63
192 219 48
192 219 49
192 219 50
192 219 51
192 219 52
192 219 53
192 219 54
192 219 55
192 219 56
192 219 57
192 219 58
192 219 59
192 219 60
192 219 61
192 219 62
192 219 63
192 220 48
192 220 49
192 220 50
192 220 51
192 220 52
192 220 53
192 220 54
192 220 55
192 220 56
192 220 57
192 220 58
192 220 59
192 220 60
192 220 61
192 220 62
192 220 63
192 221 48
192 221 49
192 221 50
192 221 51
192 221 52
192 221 53
192 221 54
192 221 55
192 221 56
192 221 57
192 221 58
192 221 59
192 221 60
192 221 61
192 221 62
192 221 63
192 222 48
192 222 49
192 222 50
192 222 51
192 222 52
192 222 53
192 222 54
192 222 55
192 222 56
192 222 57
192 222 58
192 222 59
192 222 60
192 222 61
192 222 62
192 222 63
192 223 48
192 223 49
192 223 50
192 223 51
192 223 52
192 223 53
192 223 54
192 223 55
192 223 56
192 223 57
192 223 58
192 223 59
192 223 60
192 223 61
192 223 62
192 223 63
192 224 48
192 224 49
192 224 50
192 224 51
192 224 52
192 224 53
192 224 54
192 224 55
192 224 56
192 224 57
192 224 58
192 224 59
192 224 60
192 224 61
192 224 62
192 224 63
193 207 61
193 208 60
193 208 61
193 208 62
193 208 63
193 209 48
193 209 49
193 209 50
193 209 59
193 209 61
193 209 63
193 210 48
193 210 49
193 210 50
193 210 51
193 210 52
193 210 53
193 210 56
193 210 57
193 210 59
193 210 60
193 210 61
193 210 62
193 210 63
193 211 48
193 211 49
193 211 50
193 211 51
193 211 52
193 211 53
193 211 54
193 211 55
193 211 56
193 211 57
193 211 60
193 211 61
193 211 62
193 211 63
193 212 48
193 212 49
193 212 51
193 212 52
193 212 53
193 212 54
193 212 55
193 212 56
193 212 57
193 212 58
193 212 59
193 212 61
193 213 48
193 213 49
193 213 50
193 213 51
193 213 52
193 213 53
193 213 54
193 213 55
193 213 56
193 213 57
193 213 58
193 213 59
193 213 60
193 213 61
193 214 48
193 214 49
193 214 50
193 214 51
193 214 52
193 214 53
193 214 54
193 214 55
193 214 56
193 214 57
193 214 58
193 214 59
193 214 60
193 214 62
193 214 63
193 215 48
193 215 49
193 215 50
193 215 51
193 215 52
193 215 53
193 215 54
193 215 55
193 215 56
193 215 57
193 215 58
193 215 59
193 215 60
193 216 48
193 216 49
193 216 50
193 216 51
193 216 52
193 216 53
193 216 54
193 216 55
193 216 56
193 216 57
193 216 58
193 216 60
193 216 61
193 216 62
193 217 48
193 217 49
193 217 50
193 217 51
193 217 52
193 217 53
193 217 54
193 217 55
193 217 56
193 217 57
193 217 58
193 217 59
193 217 60
193 217 61
193 217 62
193 217 63
193 218 48
193 218 49
193 218 50
193 218 51
193 218 52
193 218 53
193 218 54
193 218 55
193 218 56
193 218 57
193 218 58
193 218 59
193 218 60
193 219 48
193 219 49
193 219 50
193 219 51
193 219 52
193 219 53
193 219 54
193 219 55
193 219 56
193 219 57
193 219 58
193 219 59
193 219 60
193 219 61
193 219 62
193 219 63
193 220 48
193 220 49
193 220 50
193 220 51
193 220 52
193 220 53
193 220 54
193 220 55
193 220 56
193 220 57
193 220 58
193 220 59
193 220 60
193 220 61
193 220 62
193 220 63
193 221 48
193 221 49
193 221 50
193 221 51
193 221 52
193 221 53
193 221 54
193 221 55
193 221 56
193 221 57
193 221 58
193 221 59
193 221 60
193 221 61
193 221 62
193 221 63
193 222 48
193 222 49
193 222 50
193 222 51
193 222 52
193 222 53
193 222 54
193 222 55
193 222 56
193 222 57
193 222 58
193 222 59
193 222 60
193 222 61
193 222 62
193 222 63
193 223 48
193 223 49
193 223 50
193 223 51
193 223 52
193 223 53
193 223 54
193 223 55
193 223 56
193 223 57
193 223 58
193 223 59
193 223 60
193 223 61
193 223 62
193 223 63
193 224 48
193 224 49
193 224 50
193 224 51
193 224 52
193 224 53
193 224 54
193 224 55
193 224 56
193 224 57
193 224 58
193 224 59
193 224 60
193 224 61
193 224 62
193 224 63
194 209 51
194 209 61
194 210 48
194 210 50
194 210 51
194 210 52
194 210 59
194 210 61
194 211 48
194 211 49
194 211 50
194 211 51
194 211 52
194 211 61
194 211 62
194 212 48
194 212 49
194 212 50
194 212 51
194 212 52
194 212 55
194 212 56
194 212 58
194 212 59
194 212 61
194 213 48
194 213 49
194 213 50
194 213 51
194 213 52
194 213 53
194 213 54
194 213 55
194 213 56
194 213 57
194 213 58
194 214 48
194 214 49
194 214 50
194 214 51
194 214 52
194 214 53
194 214 54
194 214 55
194 214 56
194 214 57
194 214 58
194 214 59
194 215 48
194 215 49
194 215 50
194 215 51
194 215 52
194 215 53
194 215 54
194 215 55
194 215 56
194 215 59
194 216 48
194 216 49
194 216 50
194 216 51
194 216 52
194 216 53
194 216 54
194 216 55
194 216 56
194 216 57
194 217 48
194 217 49
194 217 50
194 217 51
194 217 52
194 217 53
194 217 54
194 217 55
194 217 56
194 217 57
194 217 58
194 218 48
194 218 49
194 218 50
194 218 51
194 218 52
194 218 53
194 218 54
194 218 55
194 218 56
194 218 57
194 218 58
194 219 48
194 219 49
194 219 50
194 219 51
194 219 52
194 219 53
194 219 54
194 219 55
194 219 56
194 219 57
194 219 59
194 219 60
194 219 61
194 219 62
194 220 48
194 220 49
194 220 50
194 220 51
194 220 52
194 220 53
194 220 54
194 220 55
194 220 56
194 220 57
194 220 58
194 220 59
194 220 60
194 220 61
194 220 62
194 220 63
194 221 48
194 221 49
194 221 50
194 221 51
194 221 52
194 221 53
194 221 54
194 221 55
194 221 56
194 221 57
194 221 58
194 221 59
194 221 60
194 221 61
194 221 62
194 221 63
194 222 48
194 222 49
194 222 50
194 222 51
194 222 52
194 222 53
194 222 54
194 222 55
194 222 56
194 222 57
194 222 58
194 222 59
194 222 60
194 222 61
194 222 62
194 222 63
194 223 48
194 223 49
194 223 50
194 223 51
194 223 52
194 223 53
194 223 54
194 223 55
194 223 56
194 223 57
194 223 58
194 223 59
194 223 60
194 223 61
194 223 62
194 223 63
194 224 48
194 224 50
194 224 51
194 224 52
194 224 53
194 224 54
194 224 55
194 224 56
194 224 57
194 224 58
194 224 59
194 224 60
194 224 61
194 224 62
194 224 63
195 210 51
195 210 52
195 210 53
195 211 49
195 211 50
195 211 51
195 211 52
195 211 53
195 211 61
195 212 48
195 212 49
195 212 50
195 212 51
195 212 52
195 212 53
195 212 56
195 213 48
195 213 49
195 213 50
195 213 51
195 213 52
195 213 53
195 213 54
195 213 55
195 213 56
195 213 58
195 214 48
195 214 49
195 214 50
195 214 51
195 214 52
195 214 53
195 214 54
195 214 58
195 214 59
195 215 48
195 215 49
195 215 50
195 215 51
195 215 52
195 215 53
195 215 54
195 215 55
195 216 48
195 216 49
195 216 50
195 216 51
195 216 52
195 216 53
195 216 54
195 216 55
195 217 48
195 217 49
195 217 50
195 217 51
195 217 52
195 217 53
195 217 54
195 217 55
195 217 56
195 217 57
195 218 48
195 218 49
195 218 50
195 218 51
195 218 52
195 218 53
195 218 54
195 218 55
195 218 56
195 218 58
195 219 48
195 219 49
195 219 50
195 219 51
195 219 52
195 219 53
195 219 54
195 219 55
195 219 56
195 219 57
195 219 60
195 219 63
195 220 48
195 220 49
195 220 50
195 220 51
195 220 52
195 220 53
195 220 54
195 220 55
195 220 56
195 220 57
195 220 58
195 220 59
195 220 60
195 220 61
195 220 62
195 220 63
195 221 48
195 221 49
195 221 50
195 221 51
195 221 52
195 221 53
195 221 54
195 221 55
195 221 56
195 221 57
195 221 58
195 221 59
195 221 60
195 221 61
195 221 62
195 221 63
195 222 49
195 222 50
195 222 51
195 222 52
195 222 53
195 222 54
195 222 55
195 222 56
195 222 57
195 222 58
195 222 59
195 222 60
195 222 61
195 222 62
195 222 63
195 223 48
195 223 49
195 223 50
195 223 51
195 223 52
195 223 53
195 223 54
195 223 55
195 223 56
195 223 57
195 223 58
195 223 59
195 223 60
195 223 61
195 223 62
195 223 63
195 224 48
195 224 49
195 224 52
195 224 53
195 224 54
195 224 55
195 224 56
195 224 57
195 224 58
195 224 59
195 224 60
195 224 61
195 224 62
195 224 63
196 210 49
196 210 51
196 210 52
196 210 53
196 211 48
196 211 49
196 211 50
196 211 51
196 211 52
196 211 53
196 212 49
196 212 50
196 212 51
196 212 52
196 212 53
196 212 54
196 212 55
196 213 48
196 213 50
196 213 51
196 213 52
196 213 53
196 213 54
196 214 48
196 214 50
196 214 51
196 214 52
196 214 53
196 214 54
196 214 55
196 214 58
196 215 48
196 215 50
196 215 51
196 215 52
196 215 53
196 215 54
196 215 55
196 215 56
196 216 48
196 216 49
196 216 50
196 216 51
196 216 52
196 216 53
196 216 54
196 216 55
196 217 48
196 217 49
196 217 50
196 217 51
196 217 52
196 217 53
196 217 54
196 217 55
196 217 56
196 218 48
196 218 49
196 218 50
196 218 51
196 218 52
196 218 53
196 218 54
196 218 55
196 218 56
196 218 57
196 219 48
196 219 49
196 219 50
196 219 51
196 219 52
196 219 53
196 219 54
196 219 55
196 219 56
196 219 57
196 219 58
196 220 48
196 220 49
196 220 50
196 220 51
196 220 52
196 220 53
196 220 54
196 220 55
196 220 56
196 220 57
196 220 58
196 220 60
196 220 61
196 221 48
196 221 49
196 221 50
196 221 51
196 221 52
196 221 53
196 221 54
196 221 55
196 221 56
196 221 58
196 221 59
196 221 61
196 222 48
196 222 49
196 222 50
196 222 52
196 222 53
196 222 54
196 222 55
196 222 56
196 222 57
196 222 58
196 222 59
196 222 61
196 222 62
196 222 63
196 223 48
196 223 50
196 223 53
196 223 54
196 223 55
196 223 56
196 223 57
196 223 60
196 223 61
196 223 62
196 223 63
196 224 48
196 224 53
196 224 54
196 224 55
196 224 56
196 224 57
196 224 58
196 224 59
196 224 60
196 224 61
196 224 62
196 224 63
197 210 50
197 210 51
197 211 50
197 211 51
197 211 52
197 211 53
197 212 48
197 212 49
197 212 50
197 212 51
197 212 54
197 213 48
197 213 49
197 213 51
197 213 52
197 213 53
197 213 54
197 214 48
197 214 49
197 214 50
197 214 51
197 214 52
197 214 53
197 214 54
197 215 48
197 215 49
197 215 50
197 215 51
197 215 52
197 215 53
197 215 54
197 215 55
197 216 48
197 216 49
197 216 50
197 216 51
197 216 52
197 216 53
197 216 54
197 216 55
197 217 48
197 217 49
197 217 50
197 217 51
197 217 52
197 217 53
197 217 55
197 218 48
197 218 49
197 218 50
197 218 51
197 218 52
197 218 53
197 218 54
197 218 55
197 218 56
197 219 48
197 219 49
197 219 50
197 219 51
197 219 52
197 219 53
197 219 54
197 219 55
197 219 56
197 219 57
197 220 48
197 220 49
197 220 50
197 220 51
197 220 52
197 220 53
197 220 54
197 220 55
197 220 57
197 220 58
197 220 61
197 221 48
197 221 49
197 221 50
197 221 51
197 221 52
197 221 53
197 221 54
197 221 55
197 221 56
197 221 57
197 221 58
197 222 48
197 222 49
197 222 52
197 222 53
197 222 54
197 222 55
197 222 56
197 222 57
197 222 58
197 222 61
197 223 48
197 223 49
197 223 51
197 223 52
197 223 53
197 223 54
197 223 55
197 223 56
197 223 57
197 223 60
197 224 48
197 224 53
197 224 54
197 224 55
197 224 56
197 224 57
197 224 58
197 224 59
197 224 60
197 224 62
198 210 51
198 211 50
198 211 51
198 212 49
198 212 50
198 212 52
198 212 53
198 213 48
198 213 49
198 213 50
198 213 51
198 213 52
198 213 53
198 213 54
198 214 49
198 214 50
198 214 52
198 214 53
198 215 48
198 215 49
198 215 50
198 215 51
198 215 52
198 215 53
198 215 54
198 216 48
198 216 49
198 216 50
198 216 51
198 216 52
198 217 48
198 217 49
198 217 50
198 217 51
198 217 52
198 218 48
198 218 49
198 218 50
198 218 51
198 218 52
198 218 53
198 218 55
198 219 49
198 219 50
198 219 51
198 219 52
198 219 55
198 220 48
198 220 49
198 220 50
198 220 51
198 220 52
198 220 54
198 220 55
198 220 56
198 220 58
198 221 48
198 221 49
198 221 50
198 221 51
198 221 52
198 221 54
198 221 55
198 221 58
198 222 53
198 222 54
198 222 55
198 222 56
198 222 57
198 223 48
198 223 49
198 223 53
198 223 54
198 223 55
198 223 56
198 223 57
198 224 54
198 224 55
198 224 56
198 224 57
198 224 60
199 211 51
199 212 50
199 213 49
199 213 50
199 213 51
199 214 48
199 214 49
199 214 50
199 214 51
199 214 52
199 215 48
199 215 49
199 215 50
199 215 51
199 215 52
199 215 54
199 216 49
199 216 51
199 216 52
199 217 49
199 217 50
199 217 51
199 218 50
199 218 51
199 219 48
199 219 50
199 219 51
199 219 55
199 220 48
199 220 49
199 220 51
199 221 48
199 221 49
199 221 51
199 221 56
199 222 56
199 222 57
199 223 54
199 223 55
199 223 56
199 224 55
199 224 56
200 213 50
200 213 51
200 214 49
200 214 50
200 214 51
200 215 49
200 215 50
200 215 51
200 215 52
200 216 50
200 216 51
200 217 50
200 217 51
200 221 48
200 222 56
200 223 56
200 223 57
201 213 50
201 214 49
201 214 50
201 215 49
201 215 50
201 215 51
201 216 50
201 223 56
202 214 50
192 225 51
192 225 52
192 225 53
192 225 54
192 225 55
192 225 56
192 225 57
192 225 58
192 225 59
192 225 60
192 225 61
192 225 62
192 225 63
192 226 52
192 226 53
192 226 55
192 226 56
192 226 57
192 226 58
192 226 59
192 226 60
192 226 61
192 226 62
192 226 63
192 227 52
192 227 55
192 227 57
192 227 58
192 227 59
192 227 60
192 227 62
192 227 63
192 228 56
192 228 57
192 228 58
192 228 63
192 229 56
192 229 57
192 229 63
193 225 48
193 225 49
193 225 51
193 225 52
193 225 53
193 225 54
193 225 55
193 225 56
193 225 57
193 225 58
193 225 59
193 225 60
193 225 61
193 225 62
193 225 63
193 226 51
193 226 52
193 226 53
193 226 54
193 226 55
193 226 56
193 226 57
193 226 58
193 226 59
193 226 60
193 226 61
193 226 62
193 226 63
193 227 52
193 227 53
193 227 54
193 227 55
193 227 56
193 227 57
193 227 58
193 227 59
193 227 60
193 227 61
193 227 62
193 227 63
193 228 53
193 228 56
193 228 57
193 228 59
193 228 61
193 228 62
193 228 63
193 229 61
193 229 63
194 225 48
194 225 50
194 225 51
194 225 52
194 225 53
194 225 54
194 225 55
194 225 56
194 225 57
194 225 58
194 225 59
194 225 60
194 225 61
194 225 62
194 225 63
194 226 50
194 226 51
194 226 52
194 226 53
194 226 54
194 226 55
194 226 56
194 226 57
194 226 58
194 226 59
194 226 60
194 226 61
194 226 62
194 226 63
194 227 52
194 227 53
194 227 54
194 227 55
194 227 56
194 227 57
194 227 58
194 227 61
194 227 62
194 227 63
194 228 52
194 228 53
194 228 54
194 228 55
194 228 57
194 228 61
194 228 62
194 228 63
194 229 54
195 225 48
195 225 51
195 225 52
195 225 53
195 225 55
195 225 56
195 225 57
195 225 58
195 225 60
195 225 61
195 225 62
195 225 63
195 226 51
195 226 52
195 226 54
195 226 55
195 226 56
195 226 57
195 226 58
195 226 59
195 226 60
195 226 62
195 226 63
195 227 52
195 227 54
195 227 55
195 227 56
195 227 57
195 227 58
195 227 62
195 227 63
195 228 54
195 228 55
195 228 56
195 228 57
195 229 57
196 225 52
196 225 53
196 225 56
196 225 57
196 225 58
196 225 59
196 225 60
196 225 63
196 226 52
196 226 54
196 226 55
196 226 56
196 226 57
196 226 58
196 226 59
196 226 62
196 226 63
196 227 55
196 227 56
196 227 57
196 227 59
196 227 62
196 227 63
196 228 56
196 228 57
196 228 58
196 228 63
196 229 57
197 225 52
197 225 54
197 225 55
197 225 56
197 225 57
197 225 58
197 225 60
197 225 63
197 226 53
197 226 54
197 226 55
197 226 56
197 226 58
197 226 63
197 227 56
198 225 54
198 225 55
198 225 56
198 225 63
198 226 54
198 226 56
198 226 57

