alfheim:altWood1
12
144 227 142
144 231 136
144 232 136
145 233 135
alfheim:altLeaves
6
144 186 136
144 187 135
144 187 136
144 188 134
144 188 136
144 189 131
144 189 132
144 189 134
144 189 135
144 189 136
144 189 137
144 189 138
144 190 130
144 190 131
144 190 132
144 190 133
144 190 134
144 190 135
144 190 136
144 190 137
144 190 138
144 190 139
144 191 128
144 191 130
144 191 131
144 191 132
144 191 133
144 191 134
144 191 135
144 191 136
144 191 137
144 191 138
144 191 139
144 192 128
144 192 129
144 192 130
144 192 131
144 192 132
144 192 133
144 192 134
144 192 135
144 192 136
144 192 137
144 192 138
144 192 139
144 192 140
145 186 135
145 186 136
145 187 135
145 187 136
145 187 137
145 188 134
145 188 136
145 188 137
145 189 133
145 189 134
145 189 135
145 189 136
145 189 137
145 190 129
145 190 130
145 190 131
145 190 132
145 190 133
145 190 134
145 190 135
145 190 136
145 190 137
145 190 138
145 190 139
145 191 128
145 191 129
145 191 130
145 191 131
145 191 132
145 191 133
145 191 134
145 191 135
145 191 136
145 191 137
145 191 138
145 191 139
145 191 140
145 191 141
145 192 128
145 192 129
145 192 130
145 192 131
145 192 132
145 192 133
145 192 134
145 192 135
145 192 136
145 192 137
145 192 139
145 192 140
146 186 134
146 186 135
146 187 132
146 187 135
146 188 133
146 188 134
146 188 135
146 188 136
146 188 137
146 188 138
146 189 131
146 189 134
146 189 135
146 189 136
146 189 137
146 189 138
146 189 139
146 190 129
146 190 130
146 190 131
146 190 133
146 190 134
146 190 135
146 190 136
146 190 137
146 190 138
146 190 140
146 191 128
146 191 129
146 191 130
146 191 131
146 191 132
146 191 133
146 191 134
146 191 135
146 191 136
146 191 137
146 191 138
146 191 139
146 191 140
146 191 141
146 191 142
146 192 128
146 192 129
146 192 130
146 192 131
146 192 132
146 192 133
146 192 134
146 192 135
146 192 136
146 192 137
146 192 138
146 192 139
146 192 140
146 192 141
146 192 142
147 184 135
147 185 134
147 185 135
147 185 137
147 186 134
147 186 135
147 186 136
147 186 137
147 186 138
147 187 132
147 187 133
147 187 134
147 187 135
147 187 136
147 187 137
147 187 138
147 188 130
147 188 131
147 188 132
147 188 133
147 188 134
147 188 135
147 188 136
147 188 137
147 188 138
147 188 139
147 188 140
147 189 129
147 189 130
147 189 131
147 189 132
147 189 133
147 189 134
147 189 135
147 189 136
147 189 137
147 189 138
147 189 139
147 189 140
147 190 129
147 190 130
147 190 131
147 190 132
147 190 133
147 190 134
147 190 135
147 190 136
147 190 137
147 190 138
147 190 139
147 190 140
147 190 141
147 191 129
147 191 130
147 191 131
147 191 132
147 191 133
147 191 134
147 191 135
147 191 136
147 191 137
147 191 138
147 191 139
147 191 140
147 191 141
147 192 128
147 192 129
147 192 130
147 192 131
147 192 132
147 192 133
147 192 134
147 192 135
147 192 136
147 192 137
147 192 138
147 192 139
147 192 141
148 185 132
148 185 133
148 185 134
148 185 136
148 186 131
148 186 132
148 186 134
148 186 135
148 186 136
148 186 137
148 187 131
148 187 132
148 187 133
148 187 134
148 187 135
148 187 136
148 188 129
148 188 131
148 188 132
148 188 133
148 188 134
148 188 135
148 188 136
148 188 137
148 188 138
148 189 129
148 189 130
148 189 131
148 189 132
148 189 133
148 189 134
148 189 135
148 189 136
148 189 137
148 189 138
148 189 139
148 190 128
148 190 130
148 190 131
148 190 132
148 190 133
148 190 134
148 190 135
148 190 136
148 190 137
148 190 138
148 190 139
148 190 141
148 191 128
148 191 129
148 191 130
148 191 131
148 191 132
148 191 133
148 191 134
148 191 135
148 191 136
148 191 137
148 191 138
148 191 139
148 192 128
148 192 129
148 192 130
148 192 131
148 192 132
148 192 133
148 192 134
148 192 135
148 192 136
148 192 137
148 192 138
148 192 139
148 192 140
149 185 136
149 186 134
149 186 136
149 186 137
149 187 133
149 187 134
149 187 135
149 187 136
149 188 131
149 188 132
149 188 133
149 188 134
149 188 135
149 188 136
149 188 137
149 188 138
149 188 140
149 189 129
149 189 130
149 189 131
149 189 132
149 189 133
149 189 134
149 189 135
149 189 136
149 189 137
149 189 138
149 189 139
149 189 140
149 189 141
149 190 129
149 190 130
149 190 131
149 190 132
149 190 133
149 190 134
149 190 135
149 190 136
149 190 137
149 190 138
149 190 139
149 190 140
149 190 141
149 191 128
149 191 129
149 191 130
149 191 131
149 191 132
149 191 133
149 191 134
149 191 135
149 191 136
149 191 137
149 191 138
149 191 139
149 191 140
149 191 141
149 192 128
149 192 129
149 192 130
149 192 131
149 192 132
149 192 133
149 192 134
149 192 135
149 192 136
149 192 137
149 192 138
149 192 139
149 192 140
150 186 134
150 186 135
150 187 131
150 187 134
150 187 135
150 187 136
150 188 131
150 188 133
150 188 134
150 188 135
150 188 136
150 189 130
150 189 131
150 189 132
150 189 133
150 189 134
150 189 135
150 189 136
150 189 137
150 190 128
150 190 129
150 190 130
150 190 131
150 190 132
150 190 133
150 190 134
150 190 135
150 190 136
150 190 137
150 190 138
150 190 139
150 190 140
150 191 128
150 191 129
150 191 130
150 191 131
150 191 132
150 191 133
150 191 134
150 191 135
150 191 136
150 191 137
150 191 138
150 191 139
150 191 140
150 192 128
150 192 129
150 192 130
150 192 131
150 192 132
150 192 133
150 192 134
150 192 135
150 192 136
150 192 137
150 192 138
151 186 135
151 187 134
151 187 135
151 188 135
151 188 136
151 188 137
151 189 131
151 189 132
151 189 133
151 189 134
151 189 135
151 189 136
151 189 137
151 189 138
151 189 139
151 190 130
151 190 131
151 190 132
151 190 133
151 190 134
151 190 135
151 190 136
151 190 137
151 190 138
151 190 139
151 191 128
151 191 130
151 191 131
151 191 132
151 191 133
151 191 134
151 191 135
151 191 136
151 191 137
151 191 138
151 191 139
151 192 128
151 192 129
151 192 130
151 192 131
151 192 132
151 192 133
151 192 134
151 192 135
151 192 136
151 192 137
151 192 138
151 192 139
152 188 133
152 188 135
152 189 132
152 189 133
152 189 134
152 189 135
152 190 131
152 190 133
152 190 134
152 190 135
152 190 136
152 191 128
152 191 130
152 191 131
152 191 133
152 191 134
152 191 135
152 191 136
152 191 137
152 192 128
152 192 130
152 192 131
152 192 132
152 192 133
152 192 134
152 192 135
152 192 136
152 192 137
152 192 138
152 192 139
153 188 133
153 188 135
153 189 132
153 189 133
153 189 134
153 189 135
153 189 136
153 189 137
153 190 128
153 190 133
153 190 134
153 190 135
153 190 136
153 190 137
153 191 128
153 191 129
153 191 130
153 191 131
153 191 132
153 191 133
153 191 134
153 191 135
153 191 136
153 191 137
153 191 138
153 192 128
153 192 129
153 192 130
153 192 131
153 192 132
153 192 133
153 192 134
153 192 135
153 192 136
153 192 137
153 192 138
153 192 139
154 189 129
154 189 133
154 189 134
154 189 135
154 190 129
154 190 130
154 190 131
154 190 133
154 190 137
154 191 128
154 191 129
154 191 130
154 191 131
154 191 132
154 191 133
154 191 134
154 191 136
154 191 137
154 192 128
154 192 129
154 192 130
154 192 131
154 192 132
154 192 133
154 192 134
154 192 135
154 192 136
154 192 137
154 192 138
154 192 139
155 189 129
155 190 128
155 190 129
155 190 130
155 190 131
155 190 132
155 190 136
155 191 128
155 191 129
155 191 131
155 191 132
155 191 133
155 191 136
155 191 137
155 191 138
155 192 128
155 192 129
155 192 130
155 192 131
155 192 132
155 192 133
155 192 134
155 192 135
155 192 136
155 192 137
155 192 138
155 192 139
156 188 130
156 190 128
156 190 131
156 191 128
156 191 129
156 191 130
156 191 131
156 191 132
156 191 133
156 191 136
156 192 129
156 192 130
156 192 131
156 192 132
156 192 133
156 192 135
156 192 136
156 192 138
157 187 130
157 188 129
157 188 130
157 188 131
157 189 128
157 189 129
157 189 130
157 190 129
157 190 130
157 190 131
157 190 132
157 191 128
157 191 129
157 191 130
157 191 131
157 192 128
157 192 129
157 192 130
157 192 131
157 192 132
157 192 133
157 192 134
157 192 135
157 192 136
158 187 128
158 187 130
158 188 128
158 188 130
158 188 131
158 189 128
158 189 129
158 189 130
158 189 131
158 190 128
158 190 129
158 190 130
158 190 131
158 191 128
158 191 129
158 191 131
158 191 132
158 192 128
158 192 129
158 192 130
158 192 131
158 192 132
159 185 129
159 186 130
159 187 129
159 187 130
159 187 131
159 187 132
159 188 128
159 188 129
159 188 130
159 188 131
159 188 132
159 189 128
159 189 129
159 189 130
159 189 131
159 189 132
159 190 128
159 190 129
159 190 130
159 190 131
159 191 128
159 191 129
159 191 130
159 191 131
159 191 132
159 192 128
159 192 129
159 192 130
159 192 131
159 192 132
144 193 128
144 193 129
144 193 130
144 193 131
144 193 132
144 193 133
144 193 134
144 193 135
144 193 136
144 193 137
144 193 138
144 193 139
144 193 140
144 194 128
144 194 129
144 194 130
144 194 131
144 194 132
144 194 133
144 194 134
144 194 135
144 194 136
144 194 137
144 194 138
144 194 139
144 194 140
144 195 128
144 195 129
144 195 130
144 195 131
144 195 132
144 195 133
144 195 134
144 195 135
144 195 136
144 195 137
144 195 138
144 195 139
144 195 140
144 195 143
144 196 128
144 196 129
144 196 130
144 196 131
144 196 132
144 196 133
144 196 134
144 196 135
144 196 136
144 196 137
144 196 138
144 196 139
144 196 140
144 196 141
144 196 142
144 196 143
144 197 128
144 197 129
144 197 130
144 197 131
144 197 132
144 197 133
144 197 134
144 197 135
144 197 136
144 197 137
144 197 138
144 197 139
144 197 140
144 197 141
144 197 142
144 197 143
144 198 128
144 198 129
144 198 130
144 198 131
144 198 132
144 198 133
144 198 134
144 198 135
144 198 136
144 198 137
144 198 138
144 198 139
144 198 140
144 198 141
144 198 142
144 199 128
144 199 130
144 199 131
144 199 132
144 199 133
144 199 134
144 199 135
144 199 136
144 199 137
144 199 138
144 199 139
144 199 140
144 199 141
144 200 129
144 200 130
144 200 131
144 200 132
144 200 133
144 200 134
144 200 135
144 200 136
144 200 137
144 200 138
144 200 139
144 201 129
144 201 130
144 201 131
144 201 132
144 201 133
144 201 134
144 201 135
144 201 136
144 201 138
144 201 139
144 202 131
144 202 132
144 202 133
144 202 134
144 202 138
144 203 129
144 203 130
144 203 131
144 203 132
144 203 133
144 203 134
144 203 138
144 204 132
145 193 130
145 193 131
145 193 132
145 193 133
145 193 134
145 193 135
145 193 136
145 193 137
145 193 138
145 193 139
145 193 140
145 193 141
145 194 128
145 194 129
145 194 130
145 194 131
145 194 132
145 194 133
145 194 134
145 194 135
145 194 136
145 194 137
145 194 138
145 194 139
145 194 140
145 194 141
145 194 143
145 195 128
145 195 129
145 195 130
145 195 131
145 195 132
145 195 133
145 195 134
145 195 135
145 195 136
145 195 137
145 195 138
145 195 139
145 195 140
145 195 141
145 195 142
145 196 128
145 196 129
145 196 130
145 196 131
145 196 132
145 196 133
145 196 134
145 196 135
145 196 136
145 196 137
145 196 138
145 196 139
145 196 140
145 196 143
145 197 128
145 197 129
145 197 130
145 197 131
145 197 132
145 197 133
145 197 134
145 197 135
145 197 136
145 197 137
145 197 138
145 197 139
145 197 140
145 197 141
145 197 142
145 197 143
145 198 128
145 198 129
145 198 130
145 198 131
145 198 132
145 198 133
145 198 134
145 198 135
145 198 136
145 198 137
145 198 138
145 198 139
145 198 140
145 198 141
145 198 142
145 198 143
145 199 128
145 199 129
145 199 130
145 199 131
145 199 132
145 199 133
145 199 134
145 199 135
145 199 136
145 199 137
145 199 138
145 199 139
145 199 140
145 199 141
145 199 142
145 199 143
145 200 128
145 200 129
145 200 130
145 200 132
145 200 133
145 200 134
145 200 135
145 200 136
145 200 137
145 200 138
145 200 139
145 200 140
145 200 141
145 200 142
145 201 129
145 201 130
145 201 132
145 201 133
145 201 134
145 201 135
145 201 136
145 201 137
145 201 138
145 201 140
145 202 128
145 202 129
145 202 130
145 202 131
145 202 132
145 202 133
145 202 134
145 202 136
145 202 137
145 202 138
145 203 132
145 203 133
145 203 134
145 203 137
145 203 138
145 224 140
145 224 142
146 193 128
146 193 129
146 193 130
146 193 131
146 193 132
146 193 133
146 193 134
146 193 135
146 193 136
146 193 137
146 193 138
146 193 139
146 193 140
146 193 141
146 193 143
146 194 128
146 194 129
146 194 130
146 194 131
146 194 132
146 194 133
146 194 134
146 194 135
146 194 136
146 194 137
146 194 138
146 194 139
146 194 140
146 194 141
146 194 143
146 195 128
146 195 129
146 195 130
146 195 131
146 195 132
146 195 133
146 195 134
146 195 135
146 195 136
146 195 137
146 195 138
146 195 139
146 195 140
146 195 141
146 195 142
146 195 143
146 196 128
146 196 129
146 196 130
146 196 131
146 196 132
146 196 133
146 196 134
146 196 135
146 196 136
146 196 137
146 196 138
146 196 139
146 196 140
146 196 141
146 196 142
146 196 143
146 197 128
146 197 129
146 197 130
146 197 131
146 197 132
146 197 133
146 197 134
146 197 135
146 197 136
146 197 137
146 197 138
146 197 139
146 197 140
146 197 141
146 197 142
146 197 143
146 198 128
146 198 129
146 198 130
146 198 131
146 198 132
146 198 133
146 198 134
146 198 135
146 198 136
146 198 137
146 198 138
146 198 139
146 198 140
146 198 141
146 198 142
146 199 128
146 199 129
146 199 130
146 199 131
146 199 132
146 199 133
146 199 134
146 199 135
146 199 136
146 199 137
146 199 138
146 199 139
146 199 140
146 199 141
146 199 142
146 200 129
146 200 130
146 200 131
146 200 132
146 200 133
146 200 134
146 200 135
146 200 136
146 200 137
146 200 138
146 200 139
146 200 140
146 200 141
146 201 129
146 201 130
146 201 131
146 201 132
146 201 133
146 201 137
146 201 138
146 201 140
146 202 128
146 202 129
146 202 131
146 202 133
146 202 134
146 202 137
146 202 138
146 202 139
146 202 140
146 203 128
146 203 137
146 203 138
146 203 139
146 204 138
146 205 138
146 223 142
146 224 142
147 193 128
147 193 129
147 193 130
147 193 131
147 193 132
147 193 133
147 193 134
147 193 135
147 193 136
147 193 137
147 193 138
147 193 139
147 193 141
147 194 128
147 194 129
147 194 130
147 194 131
147 194 132
147 194 133
147 194 134
147 194 135
147 194 136
147 194 137
147 194 138
147 194 139
147 194 140
147 194 141
147 194 142
147 194 143
147 195 128
147 195 129
147 195 130
147 195 131
147 195 132
147 195 133
147 195 134
147 195 135
147 195 136
147 195 137
147 195 138
147 195 139
147 195 140
147 195 141
147 195 142
147 196 128
147 196 129
147 196 130
147 196 131
147 196 132
147 196 133
147 196 134
147 196 135
147 196 136
147 196 137
147 196 138
147 196 139
147 196 140
147 196 141
147 196 142
147 196 143
147 197 128
147 197 129
147 197 130
147 197 131
147 197 132
147 197 133
147 197 134
147 197 135
147 197 136
147 197 137
147 197 138
147 197 139
147 197 140
147 197 141
147 197 142
147 198 128
147 198 129
147 198 130
147 198 131
147 198 132
147 198 133
147 198 134
147 198 135
147 198 136
147 198 137
147 198 138
147 198 139
147 198 140
147 198 141
147 198 142
147 198 143
147 199 128
147 199 129
147 199 130
147 199 131
147 199 132
147 199 133
147 199 134
147 199 135
147 199 136
147 199 137
147 199 138
147 199 139
147 199 140
147 199 141
147 199 142
147 199 143
147 200 128
147 200 129
147 200 130
147 200 131
147 200 132
147 200 133
147 200 134
147 200 135
147 200 137
147 200 138
147 200 139
147 200 140
147 200 141
147 201 128
147 201 129
147 201 130
147 201 131
147 201 132
147 201 133
147 201 135
147 201 136
147 201 137
147 201 138
147 201 139
147 202 128
147 202 129
147 202 130
147 202 131
147 202 132
147 202 137
147 203 128
147 203 129
147 203 130
147 203 131
147 203 137
147 203 138
147 204 128
147 224 140
147 224 141
147 224 142
148 193 128
148 193 129
148 193 130
148 193 131
148 193 132
148 193 133
148 193 134
148 193 135
148 193 136
148 193 137
148 193 138
148 193 139
148 193 140
148 193 141
148 194 128
148 194 129
148 194 130
148 194 131
148 194 132
148 194 133
148 194 134
148 194 135
148 194 136
148 194 137
148 194 138
148 194 139
148 194 140
148 194 141
148 195 128
148 195 129
148 195 130
148 195 131
148 195 132
148 195 133
148 195 134
148 195 135
148 195 136
148 195 137
148 195 138
148 195 139
148 195 140
148 196 128
148 196 129
148 196 130
148 196 131
148 196 132
148 196 133
148 196 134
148 196 135
148 196 136
148 196 137
148 196 138
148 196 139
148 196 140
148 196 141
148 197 128
148 197 129
148 197 130
148 197 131
148 197 132
148 197 133
148 197 134
148 197 135
148 197 136
148 197 137
148 197 138
148 197 139
148 197 140
148 197 141
148 197 142
148 198 128
148 198 129
148 198 130
148 198 131
148 198 132
148 198 133
148 198 134
148 198 135
148 198 136
148 198 137
148 198 138
148 198 139
148 198 140
148 198 141
148 198 142
148 199 128
148 199 129
148 199 130
148 199 131
148 199 132
148 199 133
148 199 134
148 199 135
148 199 136
148 199 137
148 199 138
148 199 139
148 199 140
148 199 141
148 200 128
148 200 129
148 200 130
148 200 131
148 200 132
148 200 133
148 200 134
148 200 135
148 200 136
148 200 137
148 200 138
148 200 139
148 201 128
148 201 129
148 201 130
148 201 131
148 201 132
148 201 133
148 201 136
148 201 137
148 201 138
148 202 128
148 202 129
148 202 130
148 202 131
148 202 132
148 202 138
148 203 128
148 203 129
148 203 130
148 203 131
148 203 132
148 204 130
148 204 131
148 224 139
148 224 140
149 193 128
149 193 129
149 193 130
149 193 131
149 193 132
149 193 133
149 193 134
149 193 135
149 193 136
149 193 137
149 193 138
149 193 139
149 193 140
149 194 128
149 194 129
149 194 130
149 194 131
149 194 132
149 194 133
149 194 134
149 194 135
149 194 136
149 194 137
149 194 138
149 194 139
149 194 140
149 195 128
149 195 129
149 195 130
149 195 131
149 195 132
149 195 133
149 195 134
149 195 135
149 195 136
149 195 137
149 195 138
149 195 139
149 195 140
149 195 141
149 196 128
149 196 129
149 196 130
149 196 131
149 196 132
149 196 133
149 196 134
149 196 135
149 196 136
149 196 137
149 196 138
149 196 139
149 196 140
149 196 141
149 196 142
149 196 143
149 197 128
149 197 129
149 197 130
149 197 131
149 197 132
149 197 133
149 197 134
149 197 135
149 197 136
149 197 137
149 197 138
149 197 141
149 197 142
149 197 143
149 198 128
149 198 129
149 198 130
149 198 131
149 198 132
149 198 133
149 198 134
149 198 135
149 198 136
149 198 137
149 198 138
149 198 139
149 198 140
149 198 141
149 198 142
149 199 128
149 199 129
149 199 130
149 199 131
149 199 132
149 199 133
149 199 134
149 199 135
149 199 137
149 199 138
149 199 139
149 199 140
149 199 141
149 200 128
149 200 129
149 200 130
149 200 131
149 200 132
149 200 134
149 200 135
149 200 137
149 200 138
149 201 128
149 201 129
149 201 130
149 201 131
149 201 132
149 201 133
149 201 135
149 201 138
149 201 139
149 202 128
149 202 129
149 202 130
149 202 131
149 202 138
149 203 129
149 203 130
149 204 129
149 224 140
150 193 128
150 193 129
150 193 130
150 193 131
150 193 132
150 193 133
150 193 134
150 193 135
150 193 136
150 193 137
150 193 138
150 193 139
150 193 140
150 193 141
150 194 128
150 194 129
150 194 130
150 194 131
150 194 132
150 194 133
150 194 134
150 194 135
150 194 136
150 194 137
150 194 138
150 194 139
150 194 140
150 194 141
150 195 128
150 195 129
150 195 130
150 195 131
150 195 132
150 195 133
150 195 134
150 195 135
150 195 136
150 195 137
150 195 138
150 195 139
150 195 140
150 196 128
150 196 129
150 196 130
150 196 131
150 196 132
150 196 133
150 196 134
150 196 135
150 196 136
150 196 137
150 196 138
150 196 139
150 196 140
150 196 141
150 197 128
150 197 129
150 197 130
150 197 131
150 197 132
150 197 133
150 197 134
150 197 135
150 197 136
150 197 137
150 197 138
150 197 139
150 198 128
150 198 129
150 198 130
150 198 131
150 198 132
150 198 133
150 198 134
150 198 135
150 198 136
150 198 137
150 198 138
150 198 139
150 198 141
150 199 128
150 199 129
150 199 130
150 199 131
150 199 132
150 199 133
150 199 135
150 199 136
150 199 137
150 199 138
150 199 139
150 199 141
150 200 128
150 200 129
150 200 130
150 200 131
150 200 132
150 200 135
150 200 137
150 200 138
150 200 139
150 200 140
150 201 128
150 201 129
150 201 130
150 201 131
150 201 132
150 201 138
150 202 128
150 202 129
150 202 130
150 203 128
150 203 129
151 193 128
151 193 129
151 193 130
151 193 131
151 193 132
151 193 133
151 193 134
151 193 135
151 193 136
151 193 137
151 193 138
151 193 139
151 194 128
151 194 129
151 194 130
151 194 131
151 194 132
151 194 133
151 194 134
151 194 135
151 194 136
151 194 137
151 194 138
151 194 139
151 194 140
151 194 141
151 195 128
151 195 129
151 195 130
151 195 131
151 195 132
151 195 133
151 195 134
151 195 135
151 195 136
151 195 137
151 195 138
151 195 139
151 195 140
151 196 128
151 196 129
151 196 130
151 196 131
151 196 132
151 196 133
151 196 134
151 196 135
151 196 136
151 196 137
151 196 138
151 196 139
151 196 140
151 196 141
151 197 128
151 197 129
151 197 130
151 197 131
151 197 132
151 197 133
151 197 134
151 197 135
151 197 136
151 197 137
151 197 138
151 197 139
151 197 140
151 197 141
151 198 128
151 198 129
151 198 130
151 198 131
151 198 132
151 198 133
151 198 134
151 198 135
151 198 136
151 198 137
151 198 138
151 198 139
151 198 140
151 198 141
151 199 128
151 199 129
151 199 130
151 199 131
151 199 132
151 199 134
151 199 135
151 199 136
151 199 137
151 199 138
151 199 139
151 200 128
151 200 131
151 200 135
151 200 136
151 200 137
151 200 138
151 200 139
151 200 140
151 200 141
151 201 128
151 201 129
151 201 135
151 201 136
151 201 138
151 201 140
151 202 128
151 202 129
151 224 143
152 193 128
152 193 129
152 193 130
152 193 131
152 193 132
152 193 133
152 193 134
152 193 135
152 193 136
152 193 137
152 193 138
152 193 139
152 193 141
152 194 128
152 194 129
152 194 130
152 194 131
152 194 132
152 194 133
152 194 134
152 194 135
152 194 136
152 194 137
152 194 138
152 194 139
152 194 140
152 194 141
152 195 128
152 195 129
152 195 130
152 195 131
152 195 132
152 195 133
152 195 134
152 195 135
152 195 136
152 195 137
152 195 138
152 195 139
152 195 140
152 195 141
152 195 142
152 196 128
152 196 129
152 196 130
152 196 131
152 196 132
152 196 133
152 196 134
152 196 135
152 196 136
152 196 137
152 196 138
152 196 139
152 196 140
152 196 141
152 197 128
152 197 129
152 197 130
152 197 131
152 197 132
152 197 133
152 197 134
152 197 135
152 197 136
152 197 137
152 197 138
152 197 139
152 197 140
152 197 141
152 198 128
152 198 129
152 198 130
152 198 133
152 198 134
152 198 135
152 198 136
152 198 137
152 198 138
152 198 139
152 199 130
152 199 132
152 199 133
152 199 134
152 199 135
152 199 136
152 199 137
152 199 138
152 199 139
152 199 140
152 199 142
152 200 128
152 200 133
152 200 134
152 200 135
152 200 136
152 200 137
152 200 138
152 200 140
152 200 141
152 200 142
152 201 135
152 201 136
152 201 138
152 201 140
152 202 135
152 224 142
152 224 143
153 193 128
153 193 129
153 193 130
153 193 131
153 193 132
153 193 133
153 193 134
153 193 135
153 193 136
153 193 137
153 193 138
153 193 139
153 193 140
153 193 141
153 193 142
153 194 128
153 194 129
153 194 130
153 194 131
153 194 132
153 194 133
153 194 134
153 194 135
153 194 136
153 194 137
153 194 138
153 194 139
153 194 140
153 195 128
153 195 129
153 195 130
153 195 131
153 195 132
153 195 133
153 195 134
153 195 135
153 195 136
153 195 137
153 195 138
153 195 139
153 195 140
153 195 141
153 196 128
153 196 129
153 196 130
153 196 131
153 196 132
153 196 133
153 196 134
153 196 135
153 196 136
153 196 137
153 196 138
153 196 139
153 196 140
153 196 141
153 196 142
153 197 128
153 197 129
153 197 130
153 197 131
153 197 132
153 197 133
153 197 134
153 197 135
153 197 136
153 197 137
153 197 138
153 197 139
153 197 140
153 197 141
153 197 142
153 197 143
153 198 128
153 198 129
153 198 130
153 198 131
153 198 132
153 198 133
153 198 134
153 198 135
153 198 136
153 198 137
153 198 138
153 198 139
153 198 140
153 198 141
153 198 142
153 199 128
153 199 130
153 199 131
153 199 132
153 199 133
153 199 135
153 199 136
153 199 137
153 199 138
153 199 139
153 199 140
153 199 141
153 199 142
153 199 143
153 200 128
153 200 134
153 200 135
153 200 136
153 200 137
153 200 138
153 200 139
153 200 140
153 200 141
153 201 134
153 201 135
153 201 137
153 201 138
153 201 139
153 201 140
153 201 141
153 202 138
153 203 138
153 222 138
153 222 143
153 224 138
153 224 142
153 224 143
154 193 128
154 193 129
154 193 130
154 193 131
154 193 132
154 193 133
154 193 134
154 193 135
154 193 136
154 193 137
154 193 138
154 193 139
154 193 140
154 193 141
154 194 128
154 194 129
154 194 130
154 194 131
154 194 132
154 194 133
154 194 134
154 194 135
154 194 136
154 194 137
154 194 138
154 194 139
154 194 140
154 195 128
154 195 129
154 195 130
154 195 131
154 195 132
154 195 133
154 195 134
154 195 135
154 195 136
154 195 137
154 195 138
154 195 139
154 196 128
154 196 129
154 196 130
154 196 131
154 196 132
154 196 133
154 196 134
154 196 135
154 196 136
154 196 137
154 196 138
154 196 139
154 196 141
154 196 142
154 197 128
154 197 129
154 197 130
154 197 131
154 197 132
154 197 133
154 197 134
154 197 135
154 197 136
154 197 137
154 197 138
154 197 139
154 197 140
154 197 142
154 197 143
154 198 128
154 198 129
154 198 130
154 198 131
154 198 132
154 198 133
154 198 134
154 198 135
154 198 136
154 198 137
154 198 138
154 198 139
154 198 140
154 198 141
154 198 142
154 198 143
154 199 128
154 199 129
154 199 130
154 199 133
154 199 134
154 199 135
154 199 136
154 199 137
154 199 138
154 199 139
154 199 140
154 199 141
154 199 142
154 200 131
154 200 132
154 200 133
154 200 134
154 200 135
154 200 137
154 200 138
154 200 139
154 200 140
154 201 134
154 201 135
154 201 136
154 201 137
154 201 141
154 202 134
154 202 137
154 202 138
154 221 138
154 222 138
154 222 139
154 224 137
154 224 138
154 224 139
154 224 140
154 224 143
155 193 128
155 193 129
155 193 130
155 193 131
155 193 132
155 193 133
155 193 134
155 193 135
155 193 136
155 193 137
155 193 138
155 193 139
155 193 140
155 194 128
155 194 129
155 194 130
155 194 131
155 194 132
155 194 133
155 194 134
155 194 135
155 194 136
155 194 137
155 194 138
155 194 139
155 194 140
155 194 141
155 194 142
155 195 128
155 195 129
155 195 130
155 195 131
155 195 132
155 195 133
155 195 134
155 195 135
155 195 136
155 195 137
155 195 138
155 195 139
155 195 140
155 195 141
155 196 128
155 196 129
155 196 130
155 196 131
155 196 132
155 196 133
155 196 134
155 196 135
155 196 136
155 196 137
155 196 138
155 196 139
155 196 140
155 196 141
155 197 128
155 197 129
155 197 130
155 197 131
155 197 132
155 197 133
155 197 134
155 197 135
155 197 136
155 197 137
155 197 138
155 197 139
155 197 140
155 197 141
155 198 128
155 198 129
155 198 130
155 198 131
155 198 132
155 198 133
155 198 134
155 198 135
155 198 136
155 198 137
155 198 138
155 198 139
155 198 141
155 199 128
155 199 129
155 199 130
155 199 131
155 199 133
155 199 134
155 199 136
155 199 137
155 199 138
155 199 139
155 199 140
155 200 128
155 200 129
155 200 130
155 200 131
155 200 132
155 200 133
155 200 134
155 200 136
155 200 137
155 200 138
155 200 139
155 200 140
155 201 128
155 201 130
155 201 131
155 201 132
155 201 135
155 201 136
155 201 138
155 201 139
155 202 130
155 221 137
155 221 138
155 221 139
155 222 137
155 222 138
155 222 139
155 223 135
155 223 136
155 223 137
155 223 138
155 223 140
155 223 141
155 223 143
155 224 137
155 224 138
155 224 140
155 224 141
155 224 142
155 224 143
156 193 128
156 193 129
156 193 130
156 193 131
156 193 132
156 193 133
156 193 134
156 193 135
156 193 136
156 193 137
156 193 138
156 193 139
156 194 128
156 194 129
156 194 130
156 194 131
156 194 132
156 194 133
156 194 134
156 194 135
156 194 136
156 194 137
156 194 138
156 194 139
156 194 140
156 195 128
156 195 129
156 195 130
156 195 131
156 195 132
156 195 133
156 195 134
156 195 135
156 195 136
156 195 137
156 195 138
156 195 139
156 196 128
156 196 129
156 196 130
156 196 131
156 196 132
156 196 133
156 196 134
156 196 135
156 196 136
156 196 137
156 196 138
156 196 139
156 196 140
156 196 141
156 196 142
156 197 128
156 197 129
156 197 130
156 197 131
156 197 132
156 197 133
156 197 134
156 197 135
156 197 136
156 197 137
156 197 138
156 197 139
156 197 140
156 197 141
156 197 142
156 198 128
156 198 129
156 198 130
156 198 131
156 198 132
156 198 133
156 198 134
156 198 135
156 198 136
156 198 137
156 198 138
156 198 139
156 198 140
156 199 128
156 199 129
156 199 130
156 199 131
156 199 132
156 199 133
156 199 134
156 199 136
156 199 138
156 199 139
156 199 140
156 199 141
156 200 128
156 200 129
156 200 130
156 200 131
156 200 132
156 200 134
156 200 137
156 200 139
156 200 140
156 201 129
156 201 130
156 201 131
156 201 132
156 201 133
156 201 137
156 202 132
156 220 138
156 221 137
156 221 138
156 222 135
156 222 136
156 222 137
156 222 138
156 222 139
156 222 140
156 222 141
156 223 134
156 223 135
156 223 136
156 223 137
156 223 138
156 223 139
156 223 140
156 223 141
156 224 135
156 224 136
156 224 137
156 224 138
156 224 139
156 224 140
156 224 141
156 224 142
156 224 143
157 193 128
157 193 129
157 193 130
157 193 131
157 193 132
157 193 133
157 193 134
157 193 135
157 193 136
157 193 138
157 193 139
157 194 128
157 194 129
157 194 130
157 194 131
157 194 132
157 194 133
157 194 134
157 194 135
157 194 136
157 194 137
157 194 138
157 194 139
157 195 128
157 195 129
157 195 130
157 195 131
157 195 132
157 195 133
157 195 134
157 195 135
157 195 136
157 195 137
157 195 138
157 195 139
157 195 140
157 196 128
157 196 129
157 196 130
157 196 131
157 196 132
157 196 133
157 196 134
157 196 135
157 196 136
157 196 137
157 196 138
157 196 139
157 197 128
157 197 129
157 197 130
157 197 131
157 197 132
157 197 133
157 197 134
157 197 135
157 197 136
157 197 137
157 197 138
157 197 139
157 197 140
157 197 141
157 198 128
157 198 129
157 198 130
157 198 131
157 198 132
157 198 133
157 198 134
157 198 135
157 198 136
157 198 137
157 198 138
157 198 139
157 198 140
157 199 128
157 199 129
157 199 130
157 199 131
157 199 132
157 199 133
157 199 134
157 199 135
157 199 136
157 199 137
157 199 138
157 199 139
157 199 140
157 200 128
157 200 129
157 200 130
157 200 131
157 200 132
157 200 135
157 200 136
157 200 137
157 200 138
157 201 129
157 201 130
157 201 131
157 201 132
157 201 136
157 202 128
157 202 129
157 202 132
157 221 136
157 221 138
157 221 140
157 222 135
157 222 136
157 222 137
157 222 138
157 222 139
157 222 140
157 222 143
157 223 135
157 223 136
157 223 137
157 223 138
157 223 139
157 223 140
157 223 142
157 223 143
157 224 134
157 224 135
157 224 136
157 224 137
157 224 138
157 224 139
157 224 140
157 224 141
157 224 142
157 224 143
158 193 128
158 193 129
158 193 130
158 193 131
158 193 132
158 193 134
158 193 135
158 193 136
158 193 137
158 194 128
158 194 129
158 194 130
158 194 131
158 194 132
158 194 133
158 194 134
158 194 135
158 194 136
158 194 137
158 194 138
158 195 128
158 195 129
158 195 130
158 195 131
158 195 132
158 195 133
158 195 134
158 195 135
158 195 136
158 195 137
158 195 138
158 196 128
158 196 129
158 196 130
158 196 131
158 196 132
158 196 133
158 196 134
158 196 135
158 196 136
158 196 137
158 197 128
158 197 129
158 197 130
158 197 131
158 197 132
158 197 133
158 197 135
158 197 136
158 197 137
158 197 138
158 197 139
158 197 140
158 197 141
158 198 128
158 198 129
158 198 130
158 198 131
158 198 132
158 198 133
158 198 135
158 198 136
158 198 137
158 198 138
158 198 139
158 199 128
158 199 129
158 199 130
158 199 131
158 199 132
158 199 133
158 199 135
158 199 136
158 199 137
158 199 138
158 200 128
158 200 129
158 200 130
158 200 131
158 200 132
158 200 133
158 200 136
158 200 137
158 201 128
158 201 129
158 201 130
158 201 131
158 201 136
158 202 129
158 202 130
158 202 131
158 203 130
158 219 142
158 219 143
158 220 139
158 220 141
158 220 142
158 220 143
158 221 137
158 221 138
158 221 139
158 221 142
158 221 143
158 222 135
158 222 136
158 222 137
158 222 138
158 222 139
158 222 140
158 222 141
158 222 142
158 222 143
158 223 135
158 223 136
158 223 137
158 223 138
158 223 140
158 223 141
158 223 142
158 223 143
158 224 133
158 224 134
158 224 135
158 224 136
158 224 137
158 224 138
158 224 139
158 224 140
158 224 141
158 224 142
158 224 143
159 193 128
159 193 129
159 193 130
159 193 131
159 193 132
159 193 134
159 193 135
159 194 128
159 194 129
159 194 130
159 194 131
159 194 132
159 194 133
159 194 134
159 194 135
159 194 136
159 194 138
159 195 128
159 195 129
159 195 130
159 195 131
159 195 132
159 195 133
159 195 134
159 195 135
159 195 136
159 195 137
159 195 138
159 195 139
159 196 128
159 196 129
159 196 130
159 196 131
159 196 132
159 196 133
159 196 134
159 196 135
159 196 136
159 196 137
159 196 138
159 196 139
159 196 140
159 197 128
159 197 129
159 197 130
159 197 131
159 197 132
159 197 134
159 197 135
159 197 136
159 197 137
159 197 138
159 197 139
159 197 140
159 198 128
159 198 129
159 198 130
159 198 131
159 198 132
159 198 133
159 198 134
159 198 135
159 198 136
159 198 137
159 198 138
159 198 139
159 198 140
159 199 128
159 199 129
159 199 130
159 199 131
159 199 132
159 199 133
159 199 134
159 199 138
159 199 139
159 200 128
159 200 129
159 200 130
159 200 131
159 200 132
159 201 128
159 201 129
159 201 130
159 201 131
159 202 128
159 202 129
159 220 139
159 220 140
159 220 142
159 220 143
159 221 135
159 221 136
159 221 137
159 221 138
159 221 139
159 221 140
159 221 141
159 221 142
159 222 135
159 222 136
159 222 137
159 222 138
159 222 139
159 222 140
159 222 141
159 222 142
159 222 143
159 223 133
159 223 136
159 223 137
159 223 138
159 223 139
159 223 140
159 223 141
159 223 142
159 223 143
159 224 132
159 224 133
159 224 135
159 224 136
159 224 137
159 224 138
159 224 139
159 224 140
159 224 141
159 224 142
159 224 143
144 225 141
144 225 142
144 226 139
144 226 140
144 226 141
144 227 138
144 227 139
144 227 140
144 227 141
144 228 137
144 228 139
144 228 140
144 228 141
144 228 142
144 229 128
144 229 129
144 229 136
144 229 137
144 229 138
144 229 139
144 229 140
144 229 141
144 229 142
144 229 143
144 230 128
144 230 136
144 230 137
144 230 138
144 230 139
144 230 140
144 230 141
144 230 142
144 230 143
144 231 128
144 231 129
144 231 130
144 231 131
144 231 132
144 231 137
144 231 138
144 231 139
144 231 140
144 231 141
144 231 142
144 231 143
144 232 128
144 232 129
144 232 130
144 232 131
144 232 132
144 232 137
144 232 138
144 232 139
144 232 140
144 232 141
144 232 142
144 232 143
144 233 128
144 233 129
144 233 130
144 233 131
144 233 132
144 233 133
144 233 134
144 233 136
144 233 137
144 233 138
144 233 139
144 233 140
144 233 141
144 233 142
144 233 143
144 234 128
144 234 129
144 234 130
144 234 131
144 234 132
144 234 133
144 234 134
144 234 135
144 234 136
144 234 137
144 234 138
144 234 139
144 234 140
144 234 141
144 234 142
144 234 143
144 235 128
144 235 129
144 235 130
144 235 131
144 235 132
144 235 133
144 235 134
144 235 135
144 235 136
144 235 137
144 235 138
144 235 139
144 235 140
144 235 141
144 235 142
144 235 143
144 236 128
144 236 129
144 236 130
144 236 131
144 236 132
144 236 133
144 236 134
144 236 135
144 236 136
144 236 137
144 236 138
144 236 139
144 236 140
144 236 141
144 236 142
144 236 143
144 237 128
144 237 129
144 237 130
144 237 131
144 237 132
144 237 133
144 237 134
144 237 135
144 237 136
144 237 137
144 237 138
144 237 139
144 237 140
144 237 141
144 237 142
144 237 143
144 238 128
144 238 129
144 238 130
144 238 131
144 238 132
144 238 134
144 238 135
144 238 136
144 238 137
144 238 138
144 238 139
144 238 140
144 238 141
144 238 142
144 238 143
144 239 128
144 239 129
144 239 130
144 239 134
144 239 135
144 239 136
144 239 137
144 239 138
144 239 139
144 239 140
144 239 141
144 239 142
144 240 128
144 240 134
144 240 135
144 240 136
144 240 137
144 240 138
144 240 139
144 241 134
144 241 135
144 241 136
144 241 137
144 241 138
144 241 139
144 241 140
144 242 129
144 242 136
144 242 137
145 225 139
145 225 140
145 225 141
145 225 142
145 226 138
145 226 139
145 226 140
145 226 141
145 226 142
145 226 143
145 227 137
145 227 138
145 227 139
145 227 140
145 227 141
145 227 142
145 227 143
145 228 129
145 228 141
145 228 142
145 228 143
145 229 128
145 229 129
145 229 131
145 229 135
145 229 139
145 229 140
145 229 141
145 229 142
145 229 143
145 230 128
145 230 129
145 230 130
145 230 131
145 230 132
145 230 133
145 230 134
145 230 135
145 230 136
145 230 137
145 230 139
145 230 140
145 230 141
145 230 142
145 230 143
145 231 128
145 231 129
145 231 130
145 231 131
145 231 132
145 231 133
145 231 134
145 231 136
145 231 137
145 231 138
145 231 139
145 231 140
145 231 141
145 231 142
145 231 143
145 232 128
145 232 129
145 232 130
145 232 131
145 232 132
145 232 133
145 232 137
145 232 138
145 232 139
145 232 140
145 232 141
145 232 142
145 232 143
145 233 128
145 233 129
145 233 130
145 233 131
145 233 132
145 233 133
145 233 134
145 233 136
145 233 137
145 233 138
145 233 139
145 233 140
145 233 141
145 233 142
145 233 143
145 234 128
145 234 129
145 234 130
145 234 131
145 234 132
145 234 133
145 234 134
145 234 135
145 234 136
145 234 137
145 234 138
145 234 139
145 234 140
145 234 141
145 234 142
145 234 143
145 235 128
145 235 129
145 235 130
145 235 131
145 235 132
145 235 133
145 235 134
145 235 135
145 235 136
145 235 137
145 235 138
145 235 139
145 235 140
145 235 141
145 235 142
145 235 143
145 236 128
145 236 129
145 236 130
145 236 131
145 236 132
145 236 133
145 236 134
145 236 135
145 236 136
145 236 137
145 236 138
145 236 139
145 236 140
145 236 141
145 236 142
145 236 143
145 237 128
145 237 129
145 237 130
145 237 131
145 237 132
145 237 133
145 237 134
145 237 135
145 237 136
145 237 137
145 237 138
145 237 139
145 237 140
145 237 141
145 237 142
145 237 143
145 238 128
145 238 129
145 238 130
145 238 131
145 238 132
145 238 133
145 238 134
145 238 135
145 238 137
145 238 138
145 238 139
145 238 140
145 238 141
145 238 142
145 238 143
145 239 128
145 239 129
145 239 130
145 239 132
145 239 133
145 239 134
145 239 135
145 239 136
145 239 137
145 239 139
145 240 128
145 240 129
145 240 130
145 240 131
145 240 136
145 240 137
145 240 138
145 240 139
145 241 128
145 241 129
145 241 130
145 241 136
145 241 137
145 241 139
145 242 128
145 242 129
145 242 130
145 242 136
145 243 129
146 225 139
146 225 141
146 225 142
146 225 143
146 226 138
146 226 139
146 226 140
146 226 141
146 226 142
146 226 143
146 227 139
146 227 140
146 227 141
146 227 142
146 227 143
146 228 131
146 228 136
146 228 137
146 228 138
146 228 139
146 228 140
146 228 141
146 228 142
146 228 143
146 229 128
146 229 129
146 229 130
146 229 131
146 229 133
146 229 134
146 229 135
146 229 136
146 229 137
146 229 138
146 229 139
146 229 140
146 229 141
146 229 142
146 229 143
146 230 128
146 230 129
146 230 130
146 230 131
146 230 132
146 230 133
146 230 134
146 230 135
146 230 136
146 230 137
146 230 138
146 230 139
146 230 140
146 230 141
146 230 142
146 230 143
146 231 128
146 231 129
146 231 130
146 231 131
146 231 132
146 231 133
146 231 134
146 231 135
146 231 136
146 231 137
146 231 138
146 231 139
146 231 140
146 231 141
146 231 142
146 231 143
146 232 128
146 232 129
146 232 130
146 232 131
146 232 132
146 232 133
146 232 134
146 232 135
146 232 136
146 232 137
146 232 138
146 232 139
146 232 140
146 232 141
146 232 142
146 232 143
146 233 128
146 233 129
146 233 130
146 233 131
146 233 132
146 233 133
146 233 134
146 233 135
146 233 136
146 233 137
146 233 138
146 233 139
146 233 140
146 233 141
146 233 142
146 233 143
146 234 128
146 234 129
146 234 130
146 234 131
146 234 132
146 234 133
146 234 134
146 234 135
146 234 136
146 234 137
146 234 138
146 234 139
146 234 140
146 234 141
146 234 142
146 234 143
146 235 128
146 235 129
146 235 130
146 235 131
146 235 132
146 235 133
146 235 134
146 235 135
146 235 136
146 235 137
146 235 138
146 235 139
146 235 140
146 235 141
146 235 142
146 235 143
146 236 128
146 236 129
146 236 130
146 236 131
146 236 132
146 236 133
146 236 134
146 236 135
146 236 136
146 236 137
146 236 138
146 236 139
146 236 140
146 236 141
146 236 142
146 236 143
146 237 128
146 237 129
146 237 130
146 237 131
146 237 132
146 237 133
146 237 134
146 237 135
146 237 136
146 237 138
146 237 139
146 237 140
146 237 141
146 237 142
146 237 143
146 238 128
146 238 129
146 238 130
146 238 131
146 238 132
146 238 135
146 238 138
146 238 139
146 238 141
146 238 143
146 239 128
146 239 129
146 239 130
146 239 131
146 239 132
146 239 134
146 239 135
146 239 136
146 239 137
146 239 138
146 239 139
146 239 140
146 239 143
146 240 128
146 240 130
146 240 135
146 240 136
146 240 137
146 240 138
146 240 139
146 241 128
146 241 129
146 241 130
146 241 138
146 242 128
146 242 129
146 243 128
146 243 129
146 243 130
146 244 128
146 245 128
147 225 138
147 225 139
147 225 140
147 225 141
147 225 142
147 225 143
147 226 137
147 226 138
147 226 139
147 226 140
147 226 141
147 226 142
147 226 143
147 227 136
147 227 138
147 227 139
147 227 140
147 227 141
147 227 142
147 227 143
147 228 129
147 228 130
147 228 131
147 228 132
147 228 136
147 228 137
147 228 138
147 228 139
147 228 140
147 228 141
147 228 142
147 228 143
147 229 129
147 229 130
147 229 131
147 229 132
147 229 133
147 229 134
147 229 135
147 229 136
147 229 137
147 229 138
147 229 139
147 229 140
147 229 141
147 229 142
147 229 143
147 230 128
147 230 129
147 230 130
147 230 131
147 230 132
147 230 133
147 230 134
147 230 135
147 230 136
147 230 137
147 230 138
147 230 139
147 230 140
147 230 141
147 230 142
147 230 143
147 231 128
147 231 129
147 231 130
147 231 131
147 231 132
147 231 133
147 231 134
147 231 135
147 231 136
147 231 137
147 231 138
147 231 139
147 231 140
147 231 141
147 231 142
147 231 143
147 232 128
147 232 129
147 232 130
147 232 131
147 232 132
147 232 133
147 232 134
147 232 135
147 232 136
147 232 137
147 232 138
147 232 139
147 232 140
147 232 141
147 232 142
147 232 143
147 233 128
147 233 129
147 233 130
147 233 131
147 233 132
147 233 133
147 233 134
147 233 135
147 233 136
147 233 137
147 233 138
147 233 139
147 233 140
147 233 141
147 233 142
147 233 143
147 234 128
147 234 129
147 234 130
147 234 131
147 234 132
147 234 133
147 234 134
147 234 135
147 234 136
147 234 137
147 234 138
147 234 139
147 234 140
147 234 141
147 234 142
147 234 143
147 235 128
147 235 129
147 235 130
147 235 131
147 235 132
147 235 133
147 235 134
147 235 135
147 235 136
147 235 137
147 235 138
147 235 139
147 235 140
147 235 141
147 235 142
147 235 143
147 236 128
147 236 129
147 236 130
147 236 131
147 236 132
147 236 133
147 236 134
147 236 135
147 236 136
147 236 137
147 236 138
147 236 139
147 236 140
147 236 141
147 236 142
147 236 143
147 237 128
147 237 129
147 237 130
147 237 131
147 237 132
147 237 133
147 237 134
147 237 135
147 237 136
147 237 138
147 237 139
147 237 140
147 237 141
147 237 142
147 237 143
147 238 128
147 238 129
147 238 130
147 238 131
147 238 132
147 238 133
147 238 135
147 238 139
147 238 142
147 238 143
147 239 128
147 239 129
147 239 130
147 239 131
147 239 132
147 239 143
147 240 128
147 240 129
147 240 130
147 240 131
147 240 132
147 241 128
147 241 129
147 241 130
147 242 128
147 242 129
147 242 130
147 243 128
147 243 129
147 244 128
147 245 128
147 246 128
148 225 139
148 225 140
148 225 141
148 225 142
148 225 143
148 226 138
148 226 139
148 226 140
148 226 141
148 226 142
148 226 143
148 227 138
148 227 140
148 227 141
148 227 142
148 227 143
148 228 135
148 228 136
148 228 137
148 228 138
148 228 139
148 228 140
148 228 141
148 228 142
148 228 143
148 229 128
148 229 129
148 229 130
148 229 131
148 229 132
148 229 135
148 229 136
148 229 137
148 229 138
148 229 139
148 229 140
148 229 141
148 229 142
148 229 143
148 230 128
148 230 130
148 230 131
148 230 132
148 230 133
148 230 134
148 230 136
148 230 137
148 230 138
148 230 139
148 230 140
148 230 141
148 230 142
148 230 143
148 231 128
148 231 129
148 231 130
148 231 131
148 231 132
148 231 133
148 231 134
148 231 135
148 231 136
148 231 137
148 231 138
148 231 139
148 231 140
148 231 141
148 231 142
148 231 143
148 232 128
148 232 129
148 232 130
148 232 131
148 232 132
148 232 133
148 232 134
148 232 135
148 232 136
148 232 137
148 232 138
148 232 139
148 232 140
148 232 141
148 232 142
148 232 143
148 233 128
148 233 129
148 233 130
148 233 131
148 233 132
148 233 133
148 233 134
148 233 135
148 233 136
148 233 137
148 233 138
148 233 139
148 233 140
148 233 141
148 233 142
148 233 143
148 234 128
148 234 129
148 234 130
148 234 131
148 234 132
148 234 133
148 234 134
148 234 135
148 234 136
148 234 137
148 234 138
148 234 139
148 234 140
148 234 141
148 234 142
148 234 143
148 235 128
148 235 129
148 235 130
148 235 131
148 235 132
148 235 133
148 235 134
148 235 135
148 235 136
148 235 137
148 235 138
148 235 139
148 235 140
148 235 141
148 235 142
148 235 143
148 236 128
148 236 129
148 236 130
148 236 131
148 236 132
148 236 133
148 236 134
148 236 135
148 236 136
148 236 137
148 236 138
148 236 139
148 236 140
148 236 141
148 236 142
148 236 143
148 237 128
148 237 129
148 237 130
148 237 131
148 237 132
148 237 133
148 237 134
148 237 135
148 237 136
148 237 137
148 237 138
148 237 139
148 237 140
148 237 141
148 237 142
148 237 143
148 238 128
148 238 129
148 238 130
148 238 131
148 238 132
148 238 134
148 238 137
148 238 139
148 238 141
148 238 142
148 238 143
148 239 128
148 239 129
148 239 130
148 239 131
148 239 132
148 239 134
148 239 142
148 239 143
148 240 128
148 240 129
148 240 130
148 240 131
148 240 132
148 240 143
148 241 128
148 241 129
148 241 130
148 241 131
148 242 128
148 242 129
148 242 130
148 242 131
148 243 128
148 243 129
148 243 130
148 243 131
148 244 128
148 244 129
148 245 128
148 245 129
148 245 130
148 246 128
148 246 129
149 226 139
149 226 142
149 226 143
149 227 139
149 227 141
149 227 142
149 227 143
149 228 135
149 228 136
149 228 137
149 228 138
149 228 139
149 228 140
149 228 141
149 228 142
149 228 143
149 229 129
149 229 130
149 229 135
149 229 136
149 229 137
149 229 138
149 229 139
149 229 140
149 229 141
149 229 142
149 229 143
149 230 129
149 230 130
149 230 131
149 230 135
149 230 136
149 230 137
149 230 138
149 230 139
149 230 140
149 230 141
149 230 142
149 230 143
149 231 128
149 231 129
149 231 130
149 231 131
149 231 132
149 231 133
149 231 134
149 231 135
149 231 136
149 231 137
149 231 138
149 231 139
149 231 140
149 231 141
149 231 142
149 231 143
149 232 128
149 232 129
149 232 130
149 232 131
149 232 132
149 232 133
149 232 134
149 232 135
149 232 136
149 232 137
149 232 138
149 232 139
149 232 140
149 232 141
149 232 142
149 232 143
149 233 128
149 233 129
149 233 130
149 233 131
149 233 132
149 233 133
149 233 134
149 233 135
149 233 136
149 233 137
149 233 138
149 233 139
149 233 140
149 233 141
149 233 142
149 233 143
149 234 128
149 234 129
149 234 130
149 234 131
149 234 132
149 234 133
149 234 134
149 234 135
149 234 136
149 234 137
149 234 138
149 234 139
149 234 140
149 234 141
149 234 142
149 234 143
149 235 128
149 235 129
149 235 130
149 235 131
149 235 132
149 235 133
149 235 134
149 235 135
149 235 136
149 235 137
149 235 138
149 235 139
149 235 140
149 235 141
149 235 142
149 235 143
149 236 128
149 236 129
149 236 130
149 236 131
149 236 132
149 236 133
149 236 134
149 236 135
149 236 136
149 236 137
149 236 138
149 236 139
149 236 140
149 236 141
149 236 142
149 236 143
149 237 128
149 237 129
149 237 130
149 237 131
149 237 132
149 237 133
149 237 134
149 237 135
149 237 136
149 237 137
149 237 138
149 237 139
149 237 140
149 237 141
149 237 142
149 237 143
149 238 128
149 238 129
149 238 130
149 238 131
149 238 132
149 238 133
149 238 134
149 238 136
149 238 137
149 238 138
149 238 139
149 238 140
149 238 141
149 238 142
149 238 143
149 239 128
149 239 129
149 239 130
149 239 131
149 239 132
149 239 139
149 239 142
149 239 143
149 240 128
149 240 129
149 240 130
149 240 131
149 240 132
149 240 143
149 241 128
149 241 129
149 241 130
149 241 131
149 241 133
149 242 128
149 242 129
149 242 131
149 242 132
149 242 133
149 242 134
149 243 128
149 243 129
149 243 130
149 243 131
149 243 132
149 243 133
149 244 128
149 244 129
149 244 130
149 244 132
149 245 129
149 245 130
149 246 129
150 225 141
150 226 140
150 226 141
150 227 140
150 227 141
150 227 143
150 228 136
150 228 137
150 228 139
150 228 140
150 228 141
150 228 142
150 228 143
150 229 133
150 229 135
150 229 136
150 229 137
150 229 138
150 229 139
150 229 140
150 229 141
150 229 142
150 229 143
150 230 129
150 230 131
150 230 132
150 230 133
150 230 134
150 230 135
150 230 136
150 230 137
150 230 138
150 230 139
150 230 140
150 230 141
150 230 142
150 230 143
150 231 128
150 231 129
150 231 130
150 231 131
150 231 132
150 231 133
150 231 134
150 231 135
150 231 136
150 231 137
150 231 138
150 231 139
150 231 140
150 231 141
150 231 142
150 231 143
150 232 128
150 232 129
150 232 130
150 232 131
150 232 132
150 232 133
150 232 134
150 232 135
150 232 136
150 232 137
150 232 138
150 232 139
150 232 140
150 232 141
150 232 142
150 232 143
150 233 128
150 233 129
150 233 130
150 233 131
150 233 132
150 233 133
150 233 134
150 233 135
150 233 136
150 233 137
150 233 138
150 233 139
150 233 140
150 233 141
150 233 142
150 233 143
150 234 128
150 234 129
150 234 131
150 234 132
150 234 133
150 234 134
150 234 135
150 234 136
150 234 137
150 234 138
150 234 139
150 234 140
150 234 141
150 234 142
150 234 143
150 235 128
150 235 129
150 235 130
150 235 131
150 235 132
150 235 133
150 235 134
150 235 135
150 235 136
150 235 137
150 235 138
150 235 139
150 235 140
150 235 141
150 235 142
150 235 143
150 236 128
150 236 129
150 236 130
150 236 131
150 236 132
150 236 133
150 236 134
150 236 135
150 236 136
150 236 137
150 236 138
150 236 139
150 236 140
150 236 141
150 236 142
150 236 143
150 237 128
150 237 129
150 237 130
150 237 131
150 237 132
150 237 133
150 237 134
150 237 135
150 237 136
150 237 137
150 237 138
150 237 139
150 237 140
150 237 141
150 237 142
150 237 143
150 238 128
150 238 129
150 238 130
150 238 131
150 238 132
150 238 133
150 238 134
150 238 135
150 238 136
150 238 137
150 238 138
150 238 139
150 238 140
150 238 141
150 238 142
150 238 143
150 239 128
150 239 129
150 239 130
150 239 131
150 239 132
150 239 133
150 239 134
150 239 136
150 239 138
150 239 139
150 239 142
150 239 143
150 240 128
150 240 129
150 240 130
150 240 131
150 240 132
150 240 133
150 240 134
150 240 136
150 240 142
150 241 128
150 241 129
150 241 130
150 241 131
150 241 132
150 241 133
150 241 134
150 242 128
150 242 129
150 242 130
150 242 131
150 242 132
150 242 133
150 242 134
150 242 135
150 243 128
150 243 129
150 243 130
150 243 131
150 243 132
150 243 133
150 244 128
150 244 129
150 244 130
150 244 131
150 244 132
150 245 128
150 245 129
150 245 130
150 245 131
150 246 128
150 246 129
150 246 130
150 246 131
150 247 128
150 247 129
150 247 130
151 226 136
151 227 136
151 227 140
151 227 141
151 228 135
151 228 136
151 228 138
151 228 140
151 228 141
151 228 143
151 229 132
151 229 134
151 229 135
151 229 136
151 229 137
151 229 138
151 229 139
151 229 140
151 229 141
151 229 142
151 229 143
151 230 132
151 230 133
151 230 134
151 230 135
151 230 136
151 230 137
151 230 138
151 230 139
151 230 140
151 230 141
151 230 142
151 230 143
151 231 129
151 231 130
151 231 132
151 231 133
151 231 134
151 231 135
151 231 136
151 231 137
151 231 138
151 231 139
151 231 140
151 231 141
151 231 142
151 231 143
151 232 128
151 232 129
151 232 130
151 232 131
151 232 132
151 232 133
151 232 134
151 232 135
151 232 136
151 232 137
151 232 138
151 232 139
151 232 140
151 232 141
151 232 142
151 232 143
151 233 128
151 233 129
151 233 130
151 233 132
151 233 133
151 233 134
151 233 135
151 233 136
151 233 137
151 233 138
151 233 139
151 233 140
151 233 141
151 233 142
151 233 143
151 234 128
151 234 129
151 234 130
151 234 131
151 234 132
151 234 133
151 234 134
151 234 135
151 234 136
151 234 137
151 234 138
151 234 139
151 234 140
151 234 141
151 234 142
151 234 143
151 235 128
151 235 129
151 235 130
151 235 131
151 235 132
151 235 133
151 235 134
151 235 135
151 235 136
151 235 137
151 235 138
151 235 139
151 235 140
151 235 141
151 235 142
151 235 143
151 236 128
151 236 129
151 236 130
151 236 131
151 236 132
151 236 133
151 236 134
151 236 135
151 236 136
151 236 137
151 236 138
151 236 139
151 236 140
151 236 141
151 236 142
151 236 143
151 237 128
151 237 129
151 237 130
151 237 131
151 237 132
151 237 133
151 237 134
151 237 135
151 237 136
151 237 137
151 237 138
151 237 139
151 237 140
151 237 141
151 237 142
151 237 143
151 238 128
151 238 129
151 238 130
151 238 131
151 238 132
151 238 133
151 238 134
151 238 136
151 238 137
151 238 138
151 238 139
151 238 140
151 238 141
151 238 142
151 238 143
151 239 128
151 239 129
151 239 130
151 239 131
151 239 132
151 239 133
151 239 134
151 239 135
151 239 136
151 239 137
151 239 138
151 239 139
151 239 140
151 239 141
151 239 142
151 239 143
151 240 128
151 240 129
151 240 130
151 240 131
151 240 132
151 240 133
151 240 134
151 240 135
151 240 136
151 240 137
151 240 140
151 240 141
151 240 143
151 241 128
151 241 129
151 241 130
151 241 131
151 241 132
151 241 133
151 241 141
151 242 128
151 242 129
151 242 130
151 242 131
151 242 132
151 242 134
151 243 128
151 243 129
151 243 130
151 243 131
151 243 132
151 243 133
151 244 128
151 244 129
151 244 130
151 244 131
151 245 128
151 245 129
151 245 130
151 245 131
151 245 132
151 246 128
151 246 129
151 246 130
151 247 128
152 227 136
152 227 139
152 227 140
152 227 141
152 227 142
152 228 134
152 228 135
152 228 136
152 228 137
152 228 138
152 228 139
152 228 140
152 228 141
152 228 142
152 228 143
152 229 136
152 229 137
152 229 138
152 229 139
152 229 140
152 229 141
152 229 142
152 229 143
152 230 132
152 230 133
152 230 136
152 230 137
152 230 138
152 230 139
152 230 140
152 230 141
152 230 142
152 230 143
152 231 131
152 231 132
152 231 133
152 231 134
152 231 135
152 231 136
152 231 137
152 231 138
152 231 139
152 231 140
152 231 141
152 231 142
152 231 143
152 232 129
152 232 130
152 232 131
152 232 132
152 232 133
152 232 134
152 232 135
152 232 136
152 232 137
152 232 138
152 232 139
152 232 140
152 232 141
152 232 142
152 232 143
152 233 129
152 233 131
152 233 132
152 233 133
152 233 134
152 233 135
152 233 136
152 233 137
152 233 138
152 233 139
152 233 140
152 233 141
152 233 142
152 233 143
152 234 128
152 234 129
152 234 130
152 234 131
152 234 132
152 234 133
152 234 134
152 234 135
152 234 136
152 234 137
152 234 138
152 234 139
152 234 140
152 234 141
152 234 142
152 234 143
152 235 128
152 235 129
152 235 130
152 235 131
152 235 132
152 235 133
152 235 134
152 235 135
152 235 136
152 235 137
152 235 138
152 235 139
152 235 140
152 235 141
152 235 142
152 235 143
152 236 128
152 236 129
152 236 130
152 236 131
152 236 132
152 236 133
152 236 134
152 236 135
152 236 136
152 236 137
152 236 138
152 236 139
152 236 140
152 236 141
152 236 142
152 236 143
152 237 128
152 237 129
152 237 130
152 237 131
152 237 132
152 237 133
152 237 134
152 237 135
152 237 136
152 237 137
152 237 138
152 237 139
152 237 140
152 237 141
152 237 142
152 237 143
152 238 128
152 238 129
152 238 130
152 238 131
152 238 132
152 238 133
152 238 134
152 238 135
152 238 137
152 238 138
152 238 139
152 238 140
152 238 141
152 238 142
152 238 143
152 239 128
152 239 129
152 239 130
152 239 131
152 239 132
152 239 134
152 239 137
152 239 140
152 239 141
152 239 142
152 239 143
152 240 128
152 240 129
152 240 130
152 240 131
152 240 132
152 240 133
152 240 141
152 240 142
152 241 128
152 241 129
152 241 130
152 241 131
152 241 132
152 241 133
152 241 134
152 242 128
152 242 129
152 242 130
152 242 131
152 242 132
152 242 133
152 242 134
152 243 128
152 243 129
152 243 130
152 243 131
152 243 132
152 244 128
152 244 129
152 244 130
152 244 131
152 245 128
152 245 129
152 245 130
152 246 128
152 246 130
153 225 138
153 225 139
153 226 136
153 226 137
153 226 138
153 226 139
153 227 138
153 227 139
153 227 140
153 227 141
153 227 143
153 228 139
153 228 140
153 228 141
153 228 142
153 228 143
153 229 137
153 229 138
153 229 139
153 229 140
153 229 142
153 229 143
153 230 132
153 230 134
153 230 135
153 230 136
153 230 137
153 230 138
153 230 139
153 230 140
153 230 141
153 230 142
153 230 143
153 231 131
153 231 132
153 231 133
153 231 134
153 231 135
153 231 136
153 231 137
153 231 138
153 231 139
153 231 140
153 231 141
153 231 142
153 231 143
153 232 129
153 232 130
153 232 131
153 232 132
153 232 133
153 232 134
153 232 135
153 232 136
153 232 137
153 232 138
153 232 139
153 232 140
153 232 141
153 232 142
153 232 143
153 233 128
153 233 129
153 233 130
153 233 131
153 233 132
153 233 133
153 233 134
153 233 135
153 233 136
153 233 137
153 233 138
153 233 139
153 233 140
153 233 141
153 233 142
153 233 143
153 234 129
153 234 130
153 234 131
153 234 132
153 234 133
153 234 134
153 234 135
153 234 136
153 234 137
153 234 138
153 234 139
153 234 140
153 234 141
153 234 142
153 234 143
153 235 128
153 235 129
153 235 130
153 235 131
153 235 132
153 235 133
153 235 134
153 235 135
153 235 136
153 235 137
153 235 138
153 235 139
153 235 140
153 235 141
153 235 142
153 235 143
153 236 128
153 236 129
153 236 130
153 236 131
153 236 133
153 236 134
153 236 135
153 236 136
153 236 137
153 236 138
153 236 139
153 236 140
153 236 141
153 236 142
153 236 143
153 237 128
153 237 129
153 237 130
153 237 131
153 237 132
153 237 133
153 237 134
153 237 135
153 237 136
153 237 137
153 237 138
153 237 139
153 237 141
153 237 142
153 237 143
153 238 128
153 238 129
153 238 130
153 238 131
153 238 132
153 238 133
153 238 134
153 238 135
153 238 136
153 238 137
153 238 138
153 238 139
153 238 140
153 238 141
153 238 142
153 238 143
153 239 128
153 239 129
153 239 130
153 239 131
153 239 132
153 239 133
153 239 134
153 239 136
153 239 137
153 239 139
153 239 140
153 239 141
153 239 142
153 239 143
153 240 128
153 240 129
153 240 130
153 240 131
153 240 132
153 240 133
153 240 134
153 240 135
153 240 139
153 240 140
153 240 141
153 240 142
153 240 143
153 241 128
153 241 129
153 241 130
153 241 131
153 241 132
153 241 133
153 241 141
153 241 143
153 242 128
153 242 129
153 242 130
153 242 131
153 242 132
153 242 133
153 242 134
153 243 128
153 243 129
153 243 130
153 243 132
153 243 133
153 244 128
153 244 129
153 244 130
153 244 131
153 244 132
153 245 128
153 245 129
153 245 130
153 245 132
154 225 135
154 225 137
154 225 138
154 225 139
154 225 140
154 226 135
154 226 136
154 226 137
154 226 138
154 226 139
154 226 140
154 226 141
154 226 142
154 227 138
154 227 139
154 227 141
154 228 137
154 228 138
154 228 139
154 228 140
154 228 141
154 228 142
154 228 143
154 229 137
154 229 138
154 229 139
154 229 141
154 229 142
154 229 143
154 230 134
154 230 137
154 230 138
154 230 139
154 230 140
154 230 141
154 230 142
154 230 143
154 231 129
154 231 132
154 231 133
154 231 134
154 231 135
154 231 136
154 231 138
154 231 139
154 231 140
154 231 141
154 231 142
154 231 143
154 232 129
154 232 130
154 232 132
154 232 133
154 232 134
154 232 135
154 232 136
154 232 137
154 232 138
154 232 139
154 232 140
154 232 141
154 232 142
154 232 143
154 233 129
154 233 130
154 233 131
154 233 132
154 233 133
154 233 134
154 233 135
154 233 136
154 233 137
154 233 138
154 233 139
154 233 140
154 233 141
154 233 142
154 233 143
154 234 128
154 234 129
154 234 130
154 234 131
154 234 132
154 234 133
154 234 134
154 234 135
154 234 136
154 234 137
154 234 138
154 234 139
154 234 140
154 234 141
154 234 142
154 234 143
154 235 128
154 235 129
154 235 130
154 235 131
154 235 132
154 235 133
154 235 134
154 235 135
154 235 136
154 235 137
154 235 138
154 235 139
154 235 140
154 235 141
154 235 142
154 235 143
154 236 128
154 236 129
154 236 130
154 236 131
154 236 132
154 236 133
154 236 134
154 236 135
154 236 136
154 236 137
154 236 138
154 236 139
154 236 140
154 236 141
154 236 142
154 236 143
154 237 128
154 237 129
154 237 130
154 237 131
154 237 132
154 237 133
154 237 134
154 237 135
154 237 136
154 237 137
154 237 138
154 237 139
154 237 140
154 237 141
154 237 142
154 237 143
154 238 128
154 238 129
154 238 130
154 238 131
154 238 132
154 238 133
154 238 134
154 238 135
154 238 136
154 238 137
154 238 138
154 238 139
154 238 140
154 238 142
154 238 143
154 239 128
154 239 129
154 239 130
154 239 131
154 239 132
154 239 133
154 239 134
154 239 136
154 239 137
154 239 138
154 239 139
154 239 140
154 239 142
154 239 143
154 240 128
154 240 129
154 240 130
154 240 131
154 240 132
154 240 133
154 240 140
154 240 141
154 240 142
154 240 143
154 241 128
154 241 129
154 241 130
154 241 131
154 241 132
154 241 139
154 241 141
154 241 142
154 241 143
154 242 128
154 242 129
154 242 130
154 242 131
154 242 132
154 242 133
154 242 134
154 242 142
154 243 128
154 243 129
154 243 130
154 243 131
154 243 132
154 243 133
154 244 128
154 244 130
154 244 131
154 244 132
154 244 133
154 244 134
154 245 128
154 245 129
154 245 130
154 245 132
154 245 133
154 246 130
155 225 135
155 225 136
155 225 137
155 225 138
155 225 139
155 225 140
155 225 141
155 225 142
155 225 143
155 226 135
155 226 136
155 226 137
155 226 138
155 226 139
155 226 140
155 226 141
155 226 142
155 226 143
155 227 137
155 227 138
155 227 139
155 227 140
155 227 141
155 227 142
155 227 143
155 228 137
155 228 138
155 228 139
155 228 140
155 228 141
155 228 142
155 228 143
155 229 137
155 229 138
155 229 139
155 229 140
155 229 141
155 229 142
155 229 143
155 230 135
155 230 136
155 230 137
155 230 138
155 230 139
155 230 140
155 230 141
155 230 142
155 230 143
155 231 135
155 231 136
155 231 137
155 231 139
155 231 140
155 231 141
155 231 142
155 231 143
155 232 129
155 232 130
155 232 132
155 232 133
155 232 134
155 232 135
155 232 136
155 232 137
155 232 138
155 232 139
155 232 140
155 232 141
155 232 142
155 232 143
155 233 130
155 233 131
155 233 132
155 233 133
155 233 134
155 233 135
155 233 136
155 233 137
155 233 138
155 233 139
155 233 140
155 233 141
155 233 142
155 233 143
155 234 129
155 234 130
155 234 131
155 234 132
155 234 133
155 234 134
155 234 135
155 234 136
155 234 137
155 234 138
155 234 139
155 234 140
155 234 141
155 234 142
155 234 143
155 235 128
155 235 129
155 235 130
155 235 131
155 235 132
155 235 133
155 235 134
155 235 135
155 235 136
155 235 137
155 235 138
155 235 139
155 235 140
155 235 141
155 235 142
155 235 143
155 236 128
155 236 129
155 236 130
155 236 131
155 236 132
155 236 133
155 236 134
155 236 135
155 236 136
155 236 137
155 236 138
155 236 139
155 236 140
155 236 141
155 236 142
155 236 143
155 237 128
155 237 129
155 237 130
155 237 131
155 237 132
155 237 133
155 237 134
155 237 135
155 237 136
155 237 137
155 237 138
155 237 139
155 237 140
155 237 141
155 237 142
155 237 143
155 238 128
155 238 129
155 238 130
155 238 131
155 238 132
155 238 133
155 238 134
155 238 135
155 238 136
155 238 137
155 238 138
155 238 139
155 238 140
155 238 141
155 238 142
155 238 143
155 239 128
155 239 129
155 239 130
155 239 131
155 239 132
155 239 133
155 239 134
155 239 135
155 239 136
155 239 137
155 239 138
155 239 139
155 239 140
155 239 141
155 239 142
155 239 143
155 240 128
155 240 129
155 240 130
155 240 131
155 240 132
155 240 133
155 240 134
155 240 137
155 240 141
155 240 143
155 241 128
155 241 129
155 241 130
155 241 131
155 241 132
155 241 133
155 241 134
155 241 135
155 241 139
155 241 141
155 242 128
155 242 130
155 242 131
155 242 132
155 242 133
155 242 134
155 243 128
155 243 129
155 243 130
155 243 131
155 243 132
155 243 133
155 244 128
155 244 129
155 244 130
155 244 131
155 244 132
155 245 130
156 225 134
156 225 135
156 225 136
156 225 137
156 225 138
156 225 139
156 225 140
156 225 141
156 225 142
156 225 143
156 226 134
156 226 135
156 226 136
156 226 137
156 226 138
156 226 139
156 226 140
156 226 141
156 226 142
156 226 143
156 227 135
156 227 138
156 227 139
156 227 140
156 227 141
156 227 142
156 227 143
156 228 137
156 228 138
156 228 139
156 228 140
156 228 141
156 228 142
156 228 143
156 229 137
156 229 138
156 229 139
156 229 140
156 229 141
156 229 142
156 229 143
156 230 136
156 230 137
156 230 138
156 230 139
156 230 140
156 230 141
156 230 142
156 230 143
156 231 135
156 231 137
156 231 138
156 231 139
156 231 140
156 231 141
156 231 142
156 231 143
156 232 132
156 232 133
156 232 134
156 232 135
156 232 136
156 232 137
156 232 138
156 232 139
156 232 140
156 232 141
156 232 142
156 232 143
156 233 130
156 233 131
156 233 132
156 233 134
156 233 135
156 233 136
156 233 137
156 233 138
156 233 139
156 233 140
156 233 141
156 233 142
156 233 143
156 234 129
156 234 130
156 234 131
156 234 132
156 234 133
156 234 135
156 234 136
156 234 137
156 234 138
156 234 139
156 234 140
156 234 141
156 234 142
156 234 143
156 235 128
156 235 129
156 235 130
156 235 131
156 235 132
156 235 134
156 235 135
156 235 136
156 235 137
156 235 138
156 235 139
156 235 140
156 235 141
156 235 142
156 235 143
156 236 128
156 236 129
156 236 130
156 236 131
156 236 132
156 236 133
156 236 134
156 236 135
156 236 136
156 236 137
156 236 138
156 236 139
156 236 140
156 236 141
156 236 142
156 236 143
156 237 128
156 237 129
156 237 130
156 237 131
156 237 132
156 237 133
156 237 134
156 237 135
156 237 136
156 237 137
156 237 138
156 237 139
156 237 140
156 237 141
156 237 142
156 237 143
156 238 128
156 238 129
156 238 130
156 238 131
156 238 132
156 238 133
156 238 134
156 238 135
156 238 136
156 238 137
156 238 138
156 238 139
156 238 140
156 238 141
156 238 142
156 239 128
156 239 129
156 239 130
156 239 131
156 239 132
156 239 133
156 239 134
156 239 135
156 239 136
156 239 137
156 239 138
156 239 139
156 239 140
156 239 141
156 239 142
156 239 143
156 240 128
156 240 129
156 240 130
156 240 131
156 240 132
156 240 133
156 240 134
156 240 135
156 240 136
156 240 137
156 240 138
156 240 139
156 240 141
156 241 128
156 241 129
156 241 130
156 241 131
156 241 132
156 241 133
156 241 134
156 241 135
156 241 138
156 241 139
156 241 140
156 241 141
156 242 128
156 242 129
156 242 130
156 242 131
156 242 132
156 242 133
156 242 138
156 242 139
156 242 140
156 243 128
156 243 129
156 243 130
156 243 131
156 243 132
156 244 128
156 244 129
156 244 130
156 244 131
156 245 130
157 225 133
157 225 134
157 225 135
157 225 136
157 225 137
157 225 138
157 225 139
157 225 140
157 225 141
157 225 142
157 225 143
157 226 133
157 226 134
157 226 135
157 226 136
157 226 137
157 226 138
157 226 139
157 226 140
157 226 141
157 226 142
157 226 143
157 227 133
157 227 134
157 227 136
157 227 137
157 227 138
157 227 139
157 227 140
157 227 141
157 227 142
157 227 143
157 228 137
157 228 138
157 228 139
157 228 140
157 228 141
157 228 142
157 228 143
157 229 136
157 229 137
157 229 138
157 229 139
157 229 140
157 229 141
157 229 142
157 229 143
157 230 136
157 230 137
157 230 138
157 230 139
157 230 140
157 230 141
157 230 142
157 230 143
157 231 133
157 231 134
157 231 135
157 231 136
157 231 137
157 231 138
157 231 139
157 231 140
157 231 141
157 231 142
157 231 143
157 232 133
157 232 134
157 232 135
157 232 136
157 232 138
157 232 139
157 232 140
157 232 141
157 232 142
157 232 143
157 233 130
157 233 131
157 233 132
157 233 133
157 233 134
157 233 135
157 233 136
157 233 137
157 233 138
157 233 139
157 233 140
157 233 141
157 233 142
157 233 143
157 234 128
157 234 129
157 234 130
157 234 131
157 234 132
157 234 133
157 234 134
157 234 135
157 234 136
157 234 137
157 234 138
157 234 139
157 234 140
157 234 141
157 234 142
157 234 143
157 235 128
157 235 129
157 235 130
157 235 131
157 235 132
157 235 133
157 235 134
157 235 135
157 235 136
157 235 137
157 235 138
157 235 139
157 235 140
157 235 141
157 235 142
157 235 143
157 236 128
157 236 129
157 236 130
157 236 131
157 236 132
157 236 133
157 236 134
157 236 135
157 236 136
157 236 137
157 236 138
157 236 139
157 236 140
157 236 141
157 236 142
157 236 143
157 237 128
157 237 129
157 237 130
157 237 131
157 237 132
157 237 134
157 237 135
157 237 136
157 237 137
157 237 138
157 237 139
157 237 140
157 237 141
157 237 142
157 237 143
157 238 128
157 238 129
157 238 130
157 238 131
157 238 132
157 238 133
157 238 134
157 238 135
157 238 137
157 238 138
157 238 139
157 238 140
157 238 141
157 238 142
157 238 143
157 239 128
157 239 129
157 239 130
157 239 131
157 239 132
157 239 133
157 239 134
157 239 135
157 239 136
157 239 137
157 239 138
157 239 139
157 239 140
157 239 141
157 239 142
157 239 143
157 240 128
157 240 129
157 240 130
157 240 131
157 240 132
157 240 133
157 240 134
157 240 135
157 240 136
157 240 137
157 240 139
157 240 140
157 240 141
157 240 142
157 240 143
157 241 128
157 241 129
157 241 130
157 241 131
157 241 132
157 241 133
157 241 134
157 241 139
157 242 128
157 242 129
157 242 130
157 242 131
157 242 132
157 242 133
157 242 134
157 243 128
157 243 129
157 243 130
157 243 131
157 243 132
157 243 133
157 244 129
157 244 130
157 244 131
157 244 132
158 225 132
158 225 133
158 225 134
158 225 135
158 225 136
158 225 137
158 225 138
158 225 139
158 225 140
158 225 141
158 225 142
158 225 143
158 226 132
158 226 133
158 226 134
158 226 135
158 226 136
158 226 137
158 226 138
158 226 139
158 226 140
158 226 141
158 226 142
158 226 143
158 227 133
158 227 134
158 227 135
158 227 136
158 227 137
158 227 138
158 227 139
158 227 140
158 227 141
158 227 142
158 227 143
158 228 136
158 228 137
158 228 138
158 228 139
158 228 140
158 228 141
158 228 142
158 228 143
158 229 133
158 229 134
158 229 136
158 229 137
158 229 138
158 229 139
158 229 140
158 229 141
158 229 142
158 229 143
158 230 133
158 230 134
158 230 135
158 230 136
158 230 137
158 230 138
158 230 139
158 230 140
158 230 141
158 230 142
158 230 143
158 231 134
158 231 135
158 231 136
158 231 137
158 231 138
158 231 139
158 231 140
158 231 141
158 231 142
158 231 143
158 232 130
158 232 131
158 232 132
158 232 133
158 232 134
158 232 135
158 232 136
158 232 137
158 232 138
158 232 139
158 232 140
158 232 141
158 232 142
158 232 143
158 233 129
158 233 130
158 233 131
158 233 132
158 233 133
158 233 134
158 233 135
158 233 136
158 233 137
158 233 138
158 233 139
158 233 140
158 233 141
158 233 142
158 233 143
158 234 129
158 234 130
158 234 131
158 234 132
158 234 133
158 234 134
158 234 135
158 234 136
158 234 137
158 234 138
158 234 139
158 234 140
158 234 141
158 234 142
158 234 143
158 235 128
158 235 129
158 235 130
158 235 131
158 235 132
158 235 133
158 235 134
158 235 135
158 235 136
158 235 137
158 235 138
158 235 139
158 235 140
158 235 141
158 235 142
158 235 143
158 236 128
158 236 129
158 236 130
158 236 131
158 236 132
158 236 133
158 236 134
158 236 135
158 236 136
158 236 137
158 236 138
158 236 139
158 236 140
158 236 141
158 236 142
158 236 143
158 237 128
158 237 129
158 237 130
158 237 131
158 237 132
158 237 133
158 237 134
158 237 135
158 237 136
158 237 137
158 237 138
158 237 139
158 237 140
158 237 142
158 237 143
158 238 128
158 238 129
158 238 130
158 238 131
158 238 132
158 238 133
158 238 134
158 238 135
158 238 136
158 238 137
158 238 138
158 238 139
158 238 140
158 238 141
158 238 142
158 238 143
158 239 128
158 239 129
158 239 130
158 239 131
158 239 132
158 239 133
158 239 134
158 239 135
158 239 136
158 239 137
158 239 138
158 239 139
158 239 140
158 239 141
158 239 143
158 240 128
158 240 129
158 240 130
158 240 131
158 240 132
158 240 133
158 240 134
158 240 136
158 240 137
158 240 139
158 240 140
158 240 141
158 240 142
158 241 128
158 241 129
158 241 130
158 241 131
158 241 132
158 241 133
158 241 134
158 241 136
158 241 139
158 241 140
158 242 128
158 242 129
158 242 130
158 242 131
158 242 132
158 243 128
158 243 130
158 243 131
158 243 133
158 244 130
158 244 131
159 225 131
159 225 132
159 225 133
159 225 134
159 225 135
159 225 136
159 225 137
159 225 138
159 225 139
159 225 140
159 225 141
159 225 142
159 225 143
159 226 132
159 226 133
159 226 134
159 226 135
159 226 136
159 226 137
159 226 138
159 226 139
159 226 140
159 226 141
159 226 142
159 226 143
159 227 135
159 227 136
159 227 137
159 227 138
159 227 139
159 227 140
159 227 141
159 227 142
159 227 143
159 228 134
159 228 136
159 228 137
159 228 138
159 228 139
159 228 140
159 228 141
159 228 142
159 228 143
159 229 132
159 229 133
159 229 134
159 229 136
159 229 137
159 229 138
159 229 139
159 229 140
159 229 141
159 229 142
159 229 143
159 230 131
159 230 132
159 230 133
159 230 134
159 230 136
159 230 137
159 230 138
159 230 139
159 230 140
159 230 141
159 230 142
159 230 143
159 231 131
159 231 132
159 231 133
159 231 134
159 231 135
159 231 136
159 231 137
159 231 138
159 231 139
159 231 140
159 231 141
159 231 142
159 231 143
159 232 132
159 232 133
159 232 134
159 232 135
159 232 136
159 232 137
159 232 138
159 232 139
159 232 141
159 232 142
159 233 129
159 233 130
159 233 131
159 233 132
159 233 133
159 233 134
159 233 135
159 233 136
159 233 137
159 233 138
159 233 139
159 233 140
159 233 141
159 233 142
159 233 143
159 234 128
159 234 129
159 234 130
159 234 131
159 234 132
159 234 133
159 234 134
159 234 135
159 234 136
159 234 137
159 234 138
159 234 139
159 234 140
159 234 141
159 234 142
159 235 128
159 235 129
159 235 130
159 235 131
159 235 132
159 235 133
159 235 134
159 235 135
159 235 136
159 235 137
159 235 138
159 235 139
159 235 140
159 235 141
159 235 142
159 236 128
159 236 129
159 236 130
159 236 131
159 236 132
159 236 133
159 236 134
159 236 135
159 236 136
159 236 138
159 236 139
159 236 140
159 236 141
159 236 142
159 236 143
159 237 128
159 237 129
159 237 130
159 237 131
159 237 132
159 237 133
159 237 134
159 237 135
159 237 136
159 237 137
159 237 138
159 237 139
159 237 140
159 237 141
159 237 142
159 237 143
159 238 128
159 238 129
159 238 130
159 238 131
159 238 132
159 238 133
159 238 134
159 238 135
159 238 136
159 238 137
159 238 138
159 238 139
159 238 140
159 238 142
159 238 143
159 239 128
159 239 129
159 239 130
159 239 131
159 239 132
159 239 133
159 239 134
159 239 135
159 239 136
159 239 137
159 239 138
159 239 139
159 239 140
159 239 141
159 239 142
159 240 128
159 240 129
159 240 130
159 240 131
159 240 132
159 240 133
159 240 134
159 240 135
159 240 136
159 240 137
159 240 138
159 240 139
159 240 140
159 241 128
159 241 129
159 241 130
159 241 131
159 241 132
159 241 133
159 241 134
159 241 135
159 241 140
159 242 128
159 242 129
159 242 130
159 242 131
159 242 133
159 242 134
159 243 130

