alfheim:altLeaves
6
-213 232 55
-213 233 58
-213 234 55
-213 235 56
-212 229 48
-212 230 48
-212 230 56
-212 230 63
-212 231 57
-212 232 54
-212 232 55
-212 232 57
-212 233 52
-212 233 55
-212 233 57
-212 233 58
-212 233 63
-212 234 49
-212 234 50
-212 234 52
-212 234 53
-212 234 54
-212 234 55
-212 234 56
-212 234 57
-212 234 58
-212 235 48
-212 235 50
-212 235 51
-212 235 55
-212 235 56
-212 235 57
-212 235 63
-212 236 52
-212 236 53
-212 236 54
-212 236 55
-212 237 54
-212 237 55
-211 228 48
-211 229 48
-211 229 63
-211 230 48
-211 230 54
-211 230 56
-211 230 57
-211 230 59
-211 230 63
-211 231 54
-211 231 55
-211 231 56
-211 231 57
-211 231 58
-211 231 61
-211 231 63
-211 232 54
-211 232 55
-211 232 56
-211 232 57
-211 232 58
-211 232 61
-211 232 62
-211 232 63
-211 233 48
-211 233 49
-211 233 50
-211 233 51
-211 233 52
-211 233 53
-211 233 54
-211 233 55
-211 233 56
-211 233 57
-211 233 58
-211 233 59
-211 233 62
-211 233 63
-211 234 49
-211 234 51
-211 234 52
-211 234 53
-211 234 54
-211 234 55
-211 234 56
-211 234 57
-211 234 58
-211 234 59
-211 234 62
-211 234 63
-211 235 48
-211 235 49
-211 235 50
-211 235 51
-211 235 52
-211 235 53
-211 235 54
-211 235 55
-211 235 56
-211 235 57
-211 235 63
-211 236 49
-211 236 50
-211 236 52
-211 236 53
-211 236 54
-211 236 55
-211 236 56
-211 236 57
-211 237 48
-211 237 49
-211 237 51
-211 237 52
-211 237 55
-211 237 57
-211 237 63
-211 238 56
-211 238 58
-211 239 56
-211 240 57
-210 228 48
-210 228 49
-210 228 63
-210 229 48
-210 229 49
-210 229 54
-210 229 56
-210 229 59
-210 229 62
-210 229 63
-210 230 48
-210 230 49
-210 230 50
-210 230 52
-210 230 53
-210 230 54
-210 230 56
-210 230 57
-210 230 59
-210 230 61
-210 230 62
-210 230 63
-210 231 48
-210 231 50
-210 231 51
-210 231 52
-210 231 53
-210 231 54
-210 231 55
-210 231 56
-210 231 57
-210 231 58
-210 231 59
-210 231 61
-210 231 63
-210 232 48
-210 232 49
-210 232 50
-210 232 51
-210 232 53
-210 232 54
-210 232 55
-210 232 56
-210 232 57
-210 232 58
-210 232 60
-210 232 61
-210 232 63
-210 233 48
-210 233 49
-210 233 50
-210 233 51
-210 233 52
-210 233 53
-210 233 54
-210 233 55
-210 233 56
-210 233 57
-210 233 58
-210 233 59
-210 233 61
-210 233 62
-210 233 63
-210 234 48
-210 234 49
-210 234 50
-210 234 51
-210 234 52
-210 234 53
-210 234 54
-210 234 55
-210 234 56
-210 234 57
-210 234 59
-210 234 60
-210 234 62
-210 234 63
-210 235 48
-210 235 49
-210 235 50
-210 235 51
-210 235 52
-210 235 53
-210 235 54
-210 235 55
-210 235 56
-210 235 57
-210 235 58
-210 235 59
-210 235 61
-210 235 62
-210 236 48
-210 236 49
-210 236 51
-210 236 52
-210 236 53
-210 236 54
-210 236 55
-210 236 56
-210 236 57
-210 236 58
-210 236 59
-210 236 60
-210 237 48
-210 237 49
-210 237 50
-210 237 51
-210 237 52
-210 237 53
-210 237 55
-210 237 56
-210 237 57
-210 237 58
-210 237 59
-210 237 60
-210 237 63
-210 238 48
-210 238 51
-210 238 56
-210 238 57
-210 238 58
-210 238 62
-210 239 50
-210 239 51
-210 239 52
-210 239 55
-210 239 56
-210 239 57
-210 240 57
-209 226 56
-209 227 56
-209 227 63
-209 228 53
-209 228 54
-209 228 55
-209 228 56
-209 228 59
-209 228 62
-209 228 63
-209 229 49
-209 229 50
-209 229 54
-209 229 55
-209 229 56
-209 229 57
-209 229 58
-209 229 59
-209 229 60
-209 229 62
-209 229 63
-209 230 48
-209 230 49
-209 230 50
-209 230 51
-209 230 52
-209 230 53
-209 230 54
-209 230 55
-209 230 56
-209 230 57
-209 230 58
-209 230 59
-209 230 62
-209 230 63
-209 231 48
-209 231 49
-209 231 50
-209 231 51
-209 231 52
-209 231 53
-209 231 54
-209 231 55
-209 231 56
-209 231 57
-209 231 58
-209 231 59
-209 231 60
-209 231 61
-209 231 62
-209 231 63
-209 232 48
-209 232 49
-209 232 50
-209 232 51
-209 232 52
-209 232 53
-209 232 54
-209 232 55
-209 232 56
-209 232 57
-209 232 58
-209 232 59
-209 232 60
-209 232 61
-209 232 62
-209 232 63
-209 233 48
-209 233 49
-209 233 50
-209 233 51
-209 233 52
-209 233 53
-209 233 54
-209 233 55
-209 233 56
-209 233 57
-209 233 58
-209 233 59
-209 233 60
-209 233 61
-209 233 62
-209 233 63
-209 234 48
-209 234 49
-209 234 50
-209 234 51
-209 234 52
-209 234 53
-209 234 54
-209 234 55
-209 234 56
-209 234 57
-209 234 58
-209 234 59
-209 234 60
-209 234 62
-209 234 63
-209 235 48
-209 235 49
-209 235 50
-209 235 51
-209 235 52
-209 235 53
-209 235 54
-209 235 55
-209 235 56
-209 235 57
-209 235 58
-209 235 59
-209 235 60
-209 235 61
-209 235 63
-209 236 48
-209 236 49
-209 236 50
-209 236 51
-209 236 52
-209 236 53
-209 236 54
-209 236 55
-209 236 56
-209 236 57
-209 236 58
-209 236 60
-209 236 61
-209 236 62
-209 236 63
-209 237 48
-209 237 49
-209 237 50
-209 237 51
-209 237 52
-209 237 53
-209 237 54
-209 237 55
-209 237 56
-209 237 57
-209 237 58
-209 237 60
-209 237 61
-209 237 62
-209 237 63
-209 238 48
-209 238 49
-209 238 50
-209 238 51
-209 238 52
-209 238 53
-209 238 54
-209 238 55
-209 238 56
-209 238 57
-209 238 58
-209 238 59
-209 238 60
-209 238 62
-209 238 63
-209 239 48
-209 239 49
-209 239 50
-209 239 52
-209 239 54
-209 239 56
-209 239 57
-209 239 58
-209 239 59
-209 239 62
-209 239 63
-209 240 55
-209 240 56
-209 240 57
-209 240 58
-209 241 57
-209 241 58
-209 242 57

