alfheim:altWood1
12
112 218 80
112 218 81
112 219 80
112 219 81
112 219 82
112 220 80
112 220 81
112 220 82
112 221 80
112 221 81
112 221 82
112 221 95
112 222 80
112 222 81
112 222 82
112 222 95
112 223 80
112 223 81
112 223 95
112 224 80
113 219 80
113 219 81
113 220 80
113 220 81
113 221 80
113 221 81
113 222 80
113 222 81
113 223 80
114 219 80
114 220 80
114 221 80
114 221 81
114 222 80
114 223 80
115 220 80
115 221 80
115 222 80
115 223 80
116 221 80
116 222 80
116 223 80
117 222 80
117 223 80
117 224 80
118 224 80
120 224 80
121 224 80
122 224 80
123 224 80
124 224 80
125 224 80
120 225 80
121 225 80
121 226 80
122 225 80
122 225 81
122 226 80
122 227 80
123 225 80
123 225 81
123 226 80
123 226 81
123 227 80
123 227 81
124 225 80
124 225 81
124 226 80
124 226 81
124 226 82
124 227 80
124 227 81
124 228 80
124 228 81
125 225 80
125 225 81
125 226 80
125 226 81
125 226 82
125 227 80
125 227 81
125 227 82
125 228 80
125 228 81
125 228 82
125 229 80
126 225 80
126 225 81
126 226 80
126 226 81
126 226 82
126 227 80
126 227 81
126 227 82
126 228 80
126 228 81
126 228 82
127 225 80
127 225 81
127 226 80
127 226 81
127 226 82
127 227 80
127 227 81
127 227 82
127 227 83
127 228 80
127 228 82
127 228 83
127 229 80
alfheim:altLeaves
6
112 188 92
112 190 87
112 190 88
112 190 89
112 190 90
112 191 84
112 191 85
112 191 87
112 191 90
112 191 91
112 191 92
112 191 93
112 192 83
112 192 84
112 192 85
112 192 86
112 192 88
112 192 89
112 192 90
112 192 91
112 192 92
112 192 93
112 192 94
112 192 95
113 189 87
113 189 93
113 190 86
113 190 87
113 190 88
113 190 89
113 190 92
113 190 93
113 190 95
113 191 85
113 191 87
113 191 88
113 191 89
113 191 90
113 191 92
113 191 93
113 191 94
113 191 95
113 192 85
113 192 86
113 192 87
113 192 88
113 192 89
113 192 90
113 192 91
113 192 92
113 192 93
113 192 94
113 192 95
114 189 87
114 190 87
114 190 89
114 190 90
114 190 93
114 190 94
114 190 95
114 191 84
114 191 85
114 191 86
114 191 87
114 191 88
114 191 89
114 191 90
114 191 92
114 191 93
114 191 94
114 191 95
114 192 83
114 192 84
114 192 85
114 192 86
114 192 87
114 192 89
114 192 90
114 192 91
114 192 92
114 192 93
114 192 94
114 192 95
115 189 85
115 189 93
115 190 85
115 190 86
115 190 88
115 190 89
115 190 90
115 190 93
115 191 85
115 191 86
115 191 87
115 191 88
115 191 89
115 191 91
115 191 92
115 191 93
115 191 94
115 192 84
115 192 85
115 192 86
115 192 87
115 192 88
115 192 89
115 192 90
115 192 91
115 192 92
115 192 93
115 192 94
115 192 95
116 190 85
116 190 89
116 190 92
116 191 85
116 191 86
116 191 87
116 191 89
116 191 91
116 191 92
116 191 93
116 192 84
116 192 85
116 192 86
116 192 87
116 192 88
116 192 89
116 192 90
116 192 92
116 192 93
116 192 94
116 192 95
117 191 85
117 191 86
117 192 85
117 192 86
117 192 87
117 192 89
117 192 90
117 192 91
117 192 92
117 192 93
117 192 94
118 191 86
118 192 85
118 192 87
118 192 89
119 192 87
119 192 89
120 191 89
120 192 88
120 192 89
120 192 90
121 192 88
121 192 89
122 189 89
122 190 88
122 190 89
122 191 89
122 192 87
122 192 88
122 192 89
122 192 90
122 192 91
123 188 89
123 189 89
123 189 90
123 190 88
123 190 89
123 190 90
123 191 86
123 191 87
123 191 88
123 191 89
123 191 90
123 192 87
123 192 88
123 192 89
123 192 90
123 192 92
124 188 88
124 188 89
124 188 90
124 189 88
124 189 89
124 189 90
124 189 91
124 190 86
124 190 87
124 190 88
124 190 89
124 190 90
124 191 86
124 191 87
124 191 88
124 191 89
124 191 90
124 191 91
124 191 92
124 192 86
124 192 87
124 192 88
124 192 89
124 192 90
124 192 91
125 189 88
125 190 87
125 190 89
125 190 90
125 191 85
125 191 87
125 191 89
125 191 90
125 192 85
125 192 86
125 192 87
125 192 88
125 192 89
125 192 90
125 192 91
125 192 92
125 192 95
126 190 88
126 190 90
126 191 86
126 191 87
126 191 88
126 191 89
126 191 90
126 191 91
126 191 94
126 192 85
126 192 87
126 192 88
126 192 89
126 192 90
126 192 92
126 192 93
126 192 94
126 192 95
127 190 88
127 191 87
127 191 88
127 191 89
127 191 90
127 192 85
127 192 86
127 192 87
127 192 88
127 192 89
127 192 90
127 192 93
127 192 94
127 192 95
112 193 80
112 193 83
112 193 84
112 193 85
112 193 86
112 193 87
112 193 88
112 193 89
112 193 90
112 193 91
112 193 92
112 193 93
112 193 94
112 193 95
112 194 80
112 194 81
112 194 82
112 194 83
112 194 84
112 194 85
112 194 86
112 194 87
112 194 88
112 194 89
112 194 90
112 194 91
112 194 92
112 194 93
112 194 94
112 194 95
112 195 80
112 195 81
112 195 82
112 195 83
112 195 84
112 195 85
112 195 86
112 195 87
112 195 88
112 195 89
112 195 90
112 195 91
112 195 92
112 195 93
112 195 94
112 195 95
112 196 80
112 196 82
112 196 83
112 196 84
112 196 85
112 196 86
112 196 87
112 196 88
112 196 89
112 196 90
112 196 91
112 196 92
112 196 93
112 196 94
112 196 95
112 197 80
112 197 81
112 197 82
112 197 83
112 197 84
112 197 85
112 197 86
112 197 87
112 197 89
112 197 90
112 197 91
112 197 92
112 197 93
112 197 94
112 197 95
112 198 80
112 198 81
112 198 82
112 198 83
112 198 84
112 198 85
112 198 86
112 198 87
112 198 88
112 198 89
112 198 90
112 198 91
112 198 92
112 198 93
112 198 94
112 199 82
112 199 83
112 199 86
112 199 87
112 199 91
112 199 92
112 199 93
112 199 94
112 200 81
112 200 82
112 200 83
112 200 86
112 200 87
112 200 88
112 200 91
112 200 92
112 200 93
112 200 94
112 201 87
113 193 81
113 193 82
113 193 83
113 193 84
113 193 85
113 193 86
113 193 87
113 193 88
113 193 89
113 193 90
113 193 91
113 193 92
113 193 93
113 193 94
113 193 95
113 194 81
113 194 82
113 194 83
113 194 84
113 194 85
113 194 86
113 194 87
113 194 88
113 194 89
113 194 90
113 194 91
113 194 92
113 194 93
113 194 94
113 194 95
113 195 80
113 195 81
113 195 82
113 195 83
113 195 84
113 195 85
113 195 86
113 195 87
113 195 88
113 195 89
113 195 90
113 195 91
113 195 92
113 195 93
113 195 94
113 196 80
113 196 81
113 196 82
113 196 83
113 196 84
113 196 85
113 196 86
113 196 87
113 196 88
113 196 89
113 196 90
113 196 91
113 196 92
113 196 93
113 196 94
113 196 95
113 197 80
113 197 82
113 197 84
113 197 85
113 197 86
113 197 87
113 197 88
113 197 89
113 197 90
113 197 91
113 197 92
113 197 93
113 197 94
113 197 95
113 198 80
113 198 83
113 198 84
113 198 85
113 198 86
113 198 87
113 198 88
113 198 89
113 198 90
113 198 91
113 198 92
113 198 93
113 198 94
113 198 95
113 199 80
113 199 82
113 199 84
113 199 85
113 199 86
113 199 87
113 199 88
113 199 91
113 199 92
113 199 93
113 200 82
113 200 84
113 200 85
113 200 86
113 200 87
113 200 88
113 200 91
113 200 93
113 200 94
113 201 87
113 224 82
114 193 83
114 193 85
114 193 86
114 193 87
114 193 88
114 193 89
114 193 90
114 193 91
114 193 92
114 193 93
114 193 94
114 193 95
114 194 81
114 194 82
114 194 83
114 194 84
114 194 85
114 194 86
114 194 87
114 194 88
114 194 89
114 194 90
114 194 91
114 194 92
114 194 93
114 194 94
114 194 95
114 195 80
114 195 81
114 195 82
114 195 83
114 195 84
114 195 85
114 195 86
114 195 87
114 195 88
114 195 89
114 195 90
114 195 91
114 195 92
114 195 93
114 195 94
114 195 95
114 196 80
114 196 82
114 196 83
114 196 84
114 196 85
114 196 86
114 196 87
114 196 88
114 196 89
114 196 90
114 196 91
114 196 92
114 196 93
114 196 94
114 197 80
114 197 84
114 197 85
114 197 86
114 197 87
114 197 88
114 197 89
114 197 90
114 197 91
114 197 92
114 197 93
114 197 94
114 197 95
114 198 80
114 198 83
114 198 84
114 198 85
114 198 86
114 198 87
114 198 88
114 198 89
114 198 90
114 198 91
114 198 92
114 198 93
114 198 94
114 198 95
114 199 83
114 199 85
114 199 86
114 199 87
114 199 88
114 199 89
114 199 90
114 199 91
114 199 92
114 199 93
114 200 85
114 200 86
114 200 87
114 200 88
114 200 89
114 200 90
114 200 93
114 201 84
114 201 85
114 201 86
114 201 88
114 224 80
115 193 85
115 193 86
115 193 87
115 193 88
115 193 89
115 193 90
115 193 91
115 193 92
115 193 93
115 193 94
115 193 95
115 194 85
115 194 86
115 194 87
115 194 88
115 194 89
115 194 90
115 194 91
115 194 92
115 194 93
115 194 94
115 194 95
115 195 81
115 195 82
115 195 84
115 195 85
115 195 86
115 195 87
115 195 88
115 195 89
115 195 90
115 195 91
115 195 92
115 195 93
115 195 94
115 195 95
115 196 84
115 196 85
115 196 86
115 196 87
115 196 88
115 196 89
115 196 90
115 196 91
115 196 92
115 196 93
115 196 94
115 196 95
115 197 84
115 197 85
115 197 86
115 197 87
115 197 88
115 197 89
115 197 90
115 197 91
115 197 92
115 197 93
115 197 94
115 197 95
115 198 82
115 198 83
115 198 84
115 198 85
115 198 86
115 198 87
115 198 88
115 198 89
115 198 91
115 198 92
115 198 93
115 198 94
115 199 83
115 199 84
115 199 85
115 199 86
115 199 87
115 199 88
115 199 89
115 199 90
115 199 91
115 199 92
115 199 93
115 199 94
115 199 95
115 200 85
115 200 86
115 200 88
115 200 89
115 200 90
115 200 94
115 201 84
115 201 85
115 201 86
115 201 87
115 201 88
115 201 89
115 224 80
115 224 85
116 193 84
116 193 85
116 193 87
116 193 88
116 193 89
116 193 90
116 193 91
116 193 92
116 193 93
116 193 94
116 193 95
116 194 84
116 194 85
116 194 86
116 194 87
116 194 88
116 194 89
116 194 90
116 194 91
116 194 92
116 194 93
116 194 94
116 194 95
116 195 82
116 195 83
116 195 85
116 195 86
116 195 87
116 195 88
116 195 89
116 195 90
116 195 91
116 195 92
116 195 93
116 195 94
116 195 95
116 196 83
116 196 84
116 196 85
116 196 86
116 196 87
116 196 88
116 196 89
116 196 90
116 196 91
116 196 92
116 196 93
116 196 94
116 196 95
116 197 83
116 197 84
116 197 85
116 197 86
116 197 87
116 197 88
116 197 89
116 197 90
116 197 91
116 197 92
116 197 93
116 197 94
116 197 95
116 198 83
116 198 84
116 198 85
116 198 86
116 198 87
116 198 88
116 198 89
116 198 90
116 198 91
116 198 92
116 198 94
116 198 95
116 199 84
116 199 85
116 199 86
116 199 87
116 199 88
116 199 89
116 199 92
116 199 93
116 200 86
116 200 88
116 200 89
116 201 86
116 224 80
116 224 94
117 193 84
117 193 85
117 193 86
117 193 87
117 193 88
117 193 89
117 193 90
117 193 91
117 193 92
117 193 93
117 193 94
117 193 95
117 194 85
117 194 86
117 194 87
117 194 88
117 194 89
117 194 90
117 194 91
117 194 92
117 194 93
117 194 94
117 195 84
117 195 85
117 195 87
117 195 88
117 195 89
117 195 90
117 195 91
117 195 92
117 195 93
117 195 94
117 195 95
117 196 82
117 196 83
117 196 84
117 196 85
117 196 86
117 196 87
117 196 88
117 196 89
117 196 90
117 196 91
117 196 92
117 196 93
117 196 94
117 196 95
117 197 83
117 197 85
117 197 86
117 197 87
117 197 88
117 197 89
117 197 90
117 197 91
117 197 92
117 197 93
117 197 94
117 198 84
117 198 85
117 198 86
117 198 87
117 198 89
117 198 90
117 198 91
117 198 92
117 198 93
117 198 94
117 199 84
117 199 85
117 199 86
117 199 88
117 199 90
117 199 93
117 200 85
117 200 87
117 200 88
117 223 95
117 224 95
118 193 85
118 193 87
118 193 88
118 193 89
118 193 91
118 194 85
118 194 86
118 194 87
118 194 88
118 194 89
118 194 90
118 194 91
118 194 92
118 194 93
118 195 84
118 195 86
118 195 87
118 195 88
118 195 89
118 195 90
118 195 91
118 195 92
118 195 93
118 195 94
118 195 95
118 196 84
118 196 86
118 196 87
118 196 88
118 196 89
118 196 90
118 196 91
118 196 93
118 196 94
118 196 95
118 197 82
118 197 83
118 197 84
118 197 85
118 197 86
118 197 87
118 197 88
118 197 89
118 197 90
118 197 91
118 197 93
118 198 84
118 198 85
118 198 86
118 198 87
118 198 88
118 198 89
118 198 92
118 198 93
118 199 84
118 199 86
118 199 87
118 199 89
118 200 85
118 200 86
118 200 87
118 201 87
118 224 95
119 193 86
119 193 87
119 193 88
119 193 89
119 194 89
119 195 85
119 195 86
119 195 87
119 195 88
119 195 89
119 195 91
119 196 85
119 196 86
119 196 87
119 196 88
119 196 89
119 196 90
119 196 91
119 196 93
119 196 94
119 197 83
119 197 84
119 197 85
119 197 86
119 197 87
119 197 88
119 197 89
119 197 90
119 197 91
119 198 85
119 198 86
119 198 87
119 198 88
119 199 80
119 199 87
119 199 88
119 200 87
120 193 90
120 194 86
120 194 87
120 194 88
120 194 89
120 195 87
120 195 88
120 195 89
120 195 90
120 195 91
120 195 92
120 196 84
120 196 86
120 196 88
120 196 89
120 196 90
120 196 91
120 196 92
120 196 93
120 197 84
120 197 85
120 197 86
120 197 87
120 197 88
120 197 89
120 197 90
120 197 91
120 198 80
120 198 84
120 198 85
120 198 86
120 198 88
120 198 90
120 199 80
120 199 87
120 199 88
121 193 87
121 193 88
121 193 89
121 193 90
121 194 85
121 194 88
121 194 89
121 194 90
121 194 91
121 194 92
121 195 85
121 195 87
121 195 88
121 195 89
121 195 90
121 195 91
121 195 92
121 196 83
121 196 84
121 196 85
121 196 86
121 196 87
121 196 88
121 196 89
121 196 90
121 196 91
121 196 92
121 196 93
121 196 95
121 197 80
121 197 85
121 197 86
121 197 87
121 197 88
121 197 90
121 197 91
121 198 80
121 198 85
121 198 86
121 198 87
121 198 88
121 198 89
121 198 90
121 198 91
121 198 92
121 199 80
121 199 85
121 199 87
121 199 88
121 199 89
121 199 91
121 200 80
121 200 81
121 200 95
122 193 85
122 193 87
122 193 88
122 193 89
122 193 90
122 193 91
122 194 83
122 194 85
122 194 87
122 194 88
122 194 89
122 194 91
122 195 82
122 195 84
122 195 85
122 195 86
122 195 87
122 195 88
122 195 89
122 195 90
122 195 91
122 195 93
122 196 84
122 196 85
122 196 86
122 196 87
122 196 88
122 196 89
122 196 90
122 196 91
122 196 92
122 196 93
122 196 95
122 197 80
122 197 84
122 197 85
122 197 86
122 197 87
122 197 88
122 197 89
122 197 90
122 197 91
122 197 92
122 197 93
122 197 94
122 198 80
122 198 81
122 198 84
122 198 85
122 198 86
122 198 87
122 198 88
122 198 89
122 198 90
122 198 91
122 198 92
122 199 80
122 199 81
122 199 82
122 199 84
122 199 85
122 199 86
122 199 87
122 199 90
122 199 91
122 199 95
122 200 80
122 200 81
122 200 82
122 200 94
122 200 95
122 201 80
122 201 81
122 201 95
123 193 86
123 193 87
123 193 88
123 193 89
123 193 90
123 193 91
123 193 92
123 193 93
123 194 83
123 194 84
123 194 85
123 194 86
123 194 87
123 194 88
123 194 89
123 194 90
123 194 91
123 194 92
123 194 95
123 195 81
123 195 82
123 195 83
123 195 84
123 195 85
123 195 86
123 195 87
123 195 88
123 195 89
123 195 90
123 195 92
123 195 93
123 195 94
123 195 95
123 196 80
123 196 83
123 196 84
123 196 85
123 196 86
123 196 87
123 196 88
123 196 89
123 196 90
123 196 91
123 196 93
123 196 94
123 196 95
123 197 80
123 197 81
123 197 83
123 197 84
123 197 85
123 197 86
123 197 87
123 197 88
123 197 89
123 197 90
123 197 91
123 197 92
123 197 93
123 197 94
123 197 95
123 198 80
123 198 81
123 198 84
123 198 86
123 198 87
123 198 88
123 198 89
123 198 90
123 198 91
123 198 94
123 198 95
123 199 85
123 199 87
123 199 88
123 199 89
123 199 90
123 199 91
123 199 93
123 200 86
123 200 87
123 200 89
123 200 90
123 200 91
123 200 92
123 200 94
123 200 95
123 201 86
123 201 89
123 201 94
123 201 95
124 193 86
124 193 87
124 193 88
124 193 89
124 193 90
124 193 91
124 193 94
124 193 95
124 194 84
124 194 85
124 194 86
124 194 87
124 194 88
124 194 89
124 194 90
124 194 91
124 194 92
124 194 93
124 194 94
124 194 95
124 195 82
124 195 83
124 195 84
124 195 85
124 195 86
124 195 87
124 195 88
124 195 89
124 195 90
124 195 91
124 195 93
124 195 94
124 195 95
124 196 83
124 196 84
124 196 85
124 196 86
124 196 87
124 196 88
124 196 89
124 196 90
124 196 91
124 196 92
124 196 93
124 196 94
124 196 95
124 197 83
124 197 84
124 197 85
124 197 86
124 197 87
124 197 88
124 197 89
124 197 90
124 197 91
124 197 92
124 197 93
124 197 94
124 197 95
124 198 80
124 198 82
124 198 83
124 198 84
124 198 85
124 198 86
124 198 87
124 198 88
124 198 89
124 198 90
124 198 91
124 198 92
124 198 93
124 198 94
124 198 95
124 199 84
124 199 87
124 199 88
124 199 89
124 199 90
124 199 91
124 199 92
124 199 93
124 199 94
124 199 95
124 200 87
124 200 88
124 200 89
124 200 91
124 200 93
124 200 94
124 201 87
125 193 84
125 193 85
125 193 86
125 193 87
125 193 88
125 193 89
125 193 91
125 193 92
125 193 93
125 193 95
125 194 83
125 194 84
125 194 85
125 194 86
125 194 87
125 194 88
125 194 89
125 194 90
125 194 91
125 194 92
125 194 93
125 194 94
125 194 95
125 195 83
125 195 84
125 195 85
125 195 86
125 195 87
125 195 88
125 195 89
125 195 90
125 195 91
125 195 92
125 195 93
125 195 94
125 195 95
125 196 82
125 196 83
125 196 84
125 196 85
125 196 86
125 196 87
125 196 88
125 196 89
125 196 90
125 196 91
125 196 92
125 196 93
125 196 94
125 196 95
125 197 83
125 197 84
125 197 85
125 197 86
125 197 87
125 197 88
125 197 89
125 197 90
125 197 92
125 197 93
125 197 94
125 197 95
125 198 80
125 198 83
125 198 84
125 198 86
125 198 87
125 198 88
125 198 89
125 198 90
125 198 91
125 198 92
125 198 93
125 198 94
125 198 95
125 199 83
125 199 84
125 199 85
125 199 86
125 199 87
125 199 88
125 199 89
125 199 90
125 199 91
125 199 92
125 199 93
125 199 94
125 199 95
125 200 85
125 200 87
125 200 88
125 200 90
125 200 91
125 200 95
125 201 85
125 201 87
125 201 88
125 201 95
125 202 87
125 202 94
125 202 95
125 223 95
125 224 95
126 193 83
126 193 84
126 193 85
126 193 86
126 193 87
126 193 88
126 193 89
126 193 92
126 193 94
126 193 95
126 194 85
126 194 86
126 194 87
126 194 88
126 194 89
126 194 90
126 194 91
126 194 92
126 194 93
126 194 94
126 194 95
126 195 84
126 195 85
126 195 86
126 195 87
126 195 88
126 195 89
126 195 90
126 195 91
126 195 92
126 195 93
126 195 94
126 195 95
126 196 83
126 196 84
126 196 85
126 196 86
126 196 87
126 196 88
126 196 89
126 196 90
126 196 91
126 196 92
126 196 93
126 196 94
126 196 95
126 197 83
126 197 84
126 197 85
126 197 86
126 197 87
126 197 88
126 197 89
126 197 90
126 197 91
126 197 92
126 197 93
126 197 94
126 197 95
126 198 85
126 198 86
126 198 87
126 198 88
126 198 89
126 198 90
126 198 92
126 198 93
126 198 94
126 198 95
126 199 86
126 199 87
126 199 88
126 199 89
126 199 90
126 199 91
126 199 93
126 199 94
126 199 95
126 200 85
126 200 86
126 200 87
126 200 89
126 200 90
126 200 93
126 200 94
126 200 95
126 201 87
126 201 93
126 201 94
126 201 95
126 202 95
127 193 84
127 193 86
127 193 87
127 193 88
127 193 89
127 193 90
127 193 91
127 193 92
127 193 94
127 193 95
127 194 84
127 194 85
127 194 86
127 194 87
127 194 88
127 194 89
127 194 90
127 194 91
127 194 92
127 194 93
127 194 94
127 194 95
127 195 83
127 195 84
127 195 85
127 195 86
127 195 87
127 195 88
127 195 89
127 195 90
127 195 91
127 195 92
127 195 93
127 195 94
127 195 95
127 196 85
127 196 86
127 196 87
127 196 88
127 196 89
127 196 90
127 196 92
127 196 93
127 196 94
127 196 95
127 197 80
127 197 84
127 197 85
127 197 86
127 197 87
127 197 88
127 197 89
127 197 90
127 197 92
127 197 93
127 197 94
127 197 95
127 198 85
127 198 86
127 198 87
127 198 88
127 198 89
127 198 90
127 198 91
127 198 92
127 198 93
127 198 94
127 198 95
127 199 86
127 199 87
127 199 88
127 199 89
127 199 90
127 199 91
127 199 93
127 199 94
127 199 95
127 200 87
127 200 88
127 200 89
127 200 90
127 200 93
127 200 94
127 200 95
127 201 87
127 201 88
127 201 89
127 201 90
127 201 93
127 201 94
127 201 95
127 202 89
127 202 95
112 225 80
112 225 90
112 225 92
112 225 93
112 225 94
112 226 84
112 226 90
112 226 91
112 226 92
112 226 93
112 226 94
112 227 80
112 227 81
112 227 82
112 227 83
112 227 84
112 227 89
112 227 91
112 227 92
112 227 93
112 227 94
112 227 95
112 228 80
112 228 81
112 228 82
112 228 83
112 228 84
112 228 87
112 228 88
112 228 89
112 228 90
112 228 91
112 228 92
112 228 93
112 228 94
112 229 80
112 229 81
112 229 82
112 229 83
112 229 84
112 229 85
112 229 86
112 229 87
112 229 89
112 229 90
112 229 91
112 229 92
112 229 93
112 229 94
112 229 95
112 230 80
112 230 81
112 230 82
112 230 83
112 230 84
112 230 85
112 230 89
112 230 90
112 230 91
112 230 92
112 230 93
112 230 94
112 231 80
112 231 81
112 231 82
112 231 83
112 231 84
112 231 85
112 231 86
112 231 87
112 231 88
112 231 89
112 231 90
112 231 91
112 231 92
112 231 93
112 231 94
112 231 95
112 232 80
112 232 81
112 232 82
112 232 83
112 232 84
112 232 85
112 232 86
112 232 87
112 232 88
112 232 89
112 232 90
112 232 91
112 232 92
112 232 94
112 233 80
112 233 81
112 233 82
112 233 83
112 233 84
112 233 85
112 233 86
112 233 87
112 233 88
112 233 89
112 233 90
112 233 91
112 233 92
112 233 93
112 233 94
112 233 95
112 234 80
112 234 81
112 234 82
112 234 83
112 234 84
112 234 85
112 234 86
112 234 87
112 234 88
112 234 89
112 234 90
112 234 91
112 234 92
112 234 93
112 234 94
112 235 80
112 235 81
112 235 82
112 235 83
112 235 84
112 235 85
112 235 86
112 235 87
112 235 88
112 235 89
112 235 90
112 235 91
112 235 92
112 235 93
112 235 94
112 235 95
112 236 80
112 236 81
112 236 82
112 236 83
112 236 84
112 236 85
112 236 86
112 236 87
112 236 88
112 236 89
112 236 90
112 236 91
112 236 92
112 236 93
112 236 94
112 236 95
112 237 80
112 237 81
112 237 82
112 237 83
112 237 84
112 237 85
112 237 86
112 237 87
112 237 88
112 237 89
112 237 90
112 237 91
112 237 92
112 237 93
112 237 94
112 238 80
112 238 81
112 238 82
112 238 83
112 238 84
112 238 85
112 238 86
112 238 87
112 238 88
112 238 89
112 238 90
112 238 91
112 238 92
112 238 93
112 238 94
112 239 80
112 239 81
112 239 82
112 239 83
112 239 84
112 239 85
112 239 86
112 239 87
112 239 88
112 239 89
112 239 90
112 239 91
112 239 94
112 239 95
112 240 80
112 240 81
112 240 82
112 240 83
112 240 84
112 240 85
112 240 86
112 240 87
112 240 88
112 240 89
112 240 90
112 240 91
112 240 92
112 240 94
112 241 80
112 241 81
112 241 82
112 241 83
112 241 84
112 241 85
112 241 86
112 241 87
112 241 88
112 241 89
112 242 80
112 242 81
112 242 82
112 242 83
112 242 84
112 242 85
112 242 86
112 242 87
112 242 88
112 242 90
112 242 91
112 243 80
112 243 82
112 243 83
112 243 84
112 243 85
112 243 86
112 243 87
112 243 89
112 243 90
112 243 91
112 244 82
113 225 80
113 225 82
113 225 83
113 225 91
113 225 92
113 225 93
113 225 95
113 226 80
113 226 81
113 226 82
113 226 83
113 226 84
113 226 91
113 226 92
113 226 95
113 227 80
113 227 81
113 227 82
113 227 83
113 227 92
113 227 93
113 227 94
113 227 95
113 228 80
113 228 81
113 228 82
113 228 83
113 228 84
113 228 86
113 228 87
113 228 89
113 228 90
113 228 91
113 228 92
113 228 93
113 228 94
113 228 95
113 229 80
113 229 81
113 229 82
113 229 83
113 229 84
113 229 85
113 229 86
113 229 87
113 229 88
113 229 89
113 229 91
113 229 92
113 229 94
113 229 95
113 230 80
113 230 81
113 230 82
113 230 83
113 230 84
113 230 85
113 230 86
113 230 88
113 230 89
113 230 90
113 230 91
113 230 92
113 230 93
113 230 94
113 230 95
113 231 80
113 231 81
113 231 82
113 231 83
113 231 84
113 231 85
113 231 86
113 231 87
113 231 88
113 231 89
113 231 92
113 231 93
113 231 94
113 231 95
113 232 80
113 232 81
113 232 82
113 232 83
113 232 84
113 232 85
113 232 86
113 232 87
113 232 88
113 232 89
113 232 90
113 232 91
113 232 92
113 232 93
113 232 94
113 232 95
113 233 80
113 233 81
113 233 82
113 233 83
113 233 84
113 233 85
113 233 86
113 233 87
113 233 88
113 233 89
113 233 90
113 233 91
113 233 92
113 233 93
113 233 94
113 233 95
113 234 80
113 234 81
113 234 82
113 234 83
113 234 84
113 234 85
113 234 86
113 234 87
113 234 88
113 234 89
113 234 90
113 234 91
113 234 92
113 234 93
113 234 94
113 234 95
113 235 80
113 235 81
113 235 82
113 235 83
113 235 84
113 235 85
113 235 86
113 235 87
113 235 88
113 235 89
113 235 90
113 235 91
113 235 92
113 235 93
113 235 94
113 236 80
113 236 81
113 236 82
113 236 83
113 236 84
113 236 85
113 236 86
113 236 87
113 236 88
113 236 89
113 236 90
113 236 91
113 236 92
113 236 93
113 236 94
113 236 95
113 237 80
113 237 81
113 237 82
113 237 83
113 237 84
113 237 85
113 237 86
113 237 87
113 237 88
113 237 89
113 237 90
113 237 91
113 237 92
113 237 93
113 237 94
113 237 95
113 238 80
113 238 81
113 238 82
113 238 83
113 238 84
113 238 85
113 238 86
113 238 87
113 238 88
113 238 89
113 238 90
113 238 91
113 238 92
113 238 93
113 238 95
113 239 80
113 239 81
113 239 82
113 239 83
113 239 84
113 239 85
113 239 87
113 239 90
113 239 91
113 239 92
113 239 93
113 239 94
113 239 95
113 240 80
113 240 81
113 240 82
113 240 83
113 240 84
113 240 85
113 240 86
113 240 87
113 240 88
113 240 89
113 240 90
113 240 91
113 240 93
113 240 94
113 240 95
113 241 80
113 241 81
113 241 82
113 241 83
113 241 84
113 241 85
113 241 86
113 241 87
113 241 89
113 241 91
113 241 92
113 242 80
113 242 81
113 242 82
113 242 84
113 242 85
113 242 86
113 242 89
113 242 90
113 242 91
113 243 81
113 243 82
113 243 83
113 243 84
113 243 85
113 243 86
113 243 88
113 243 89
113 243 90
113 243 91
113 244 81
113 244 85
113 244 88
113 244 89
113 244 91
113 245 80
113 245 81
114 225 81
114 225 82
114 225 83
114 225 93
114 226 80
114 226 81
114 226 82
114 226 83
114 226 84
114 226 85
114 226 91
114 226 92
114 226 93
114 226 94
114 226 95
114 227 80
114 227 81
114 227 82
114 227 83
114 227 84
114 227 85
114 227 88
114 227 91
114 227 92
114 227 93
114 227 94
114 227 95
114 228 80
114 228 81
114 228 82
114 228 83
114 228 84
114 228 85
114 228 87
114 228 88
114 228 89
114 228 90
114 228 91
114 228 92
114 228 93
114 228 94
114 228 95
114 229 80
114 229 81
114 229 82
114 229 83
114 229 84
114 229 85
114 229 86
114 229 87
114 229 88
114 229 89
114 229 90
114 229 91
114 229 92
114 229 93
114 229 94
114 229 95
114 230 80
114 230 81
114 230 82
114 230 83
114 230 84
114 230 85
114 230 86
114 230 87
114 230 88
114 230 89
114 230 90
114 230 91
114 230 92
114 230 93
114 230 94
114 230 95
114 231 80
114 231 81
114 231 82
114 231 83
114 231 84
114 231 85
114 231 86
114 231 87
114 231 88
114 231 89
114 231 90
114 231 91
114 231 92
114 231 93
114 231 94
114 231 95
114 232 80
114 232 81
114 232 82
114 232 83
114 232 84
114 232 85
114 232 86
114 232 87
114 232 88
114 232 89
114 232 90
114 232 91
114 232 92
114 232 93
114 232 94
114 232 95
114 233 80
114 233 81
114 233 82
114 233 83
114 233 84
114 233 85
114 233 86
114 233 87
114 233 88
114 233 89
114 233 90
114 233 91
114 233 92
114 233 93
114 233 94
114 233 95
114 234 80
114 234 81
114 234 82
114 234 83
114 234 84
114 234 85
114 234 86
114 234 87
114 234 88
114 234 89
114 234 90
114 234 91
114 234 92
114 234 93
114 234 94
114 234 95
114 235 80
114 235 81
114 235 82
114 235 83
114 235 84
114 235 85
114 235 86
114 235 87
114 235 88
114 235 89
114 235 90
114 235 91
114 235 92
114 235 93
114 235 94
114 235 95
114 236 80
114 236 81
114 236 82
114 236 83
114 236 84
114 236 85
114 236 86
114 236 87
114 236 88
114 236 89
114 236 90
114 236 91
114 236 92
114 236 93
114 236 94
114 236 95
114 237 80
114 237 81
114 237 82
114 237 83
114 237 84
114 237 85
114 237 86
114 237 87
114 237 88
114 237 89
114 237 90
114 237 91
114 237 92
114 237 93
114 237 94
114 237 95
114 238 80
114 238 81
114 238 82
114 238 83
114 238 84
114 238 85
114 238 86
114 238 87
114 238 88
114 238 89
114 238 90
114 238 91
114 238 92
114 238 93
114 238 94
114 238 95
114 239 80
114 239 81
114 239 82
114 239 83
114 239 84
114 239 85
114 239 86
114 239 87
114 239 88
114 239 89
114 239 90
114 239 91
114 239 92
114 239 93
114 239 94
114 239 95
114 240 80
114 240 81
114 240 82
114 240 83
114 240 84
114 240 85
114 240 86
114 240 87
114 240 88
114 240 89
114 240 90
114 240 91
114 240 92
114 240 93
114 240 94
114 240 95
114 241 80
114 241 81
114 241 82
114 241 83
114 241 84
114 241 85
114 241 86
114 241 87
114 241 88
114 241 89
114 241 90
114 241 91
114 241 92
114 241 94
114 241 95
114 242 80
114 242 81
114 242 82
114 242 83
114 242 84
114 242 85
114 242 86
114 242 87
114 242 88
114 242 89
114 242 90
114 242 92
114 242 93
114 242 94
114 243 80
114 243 81
114 243 82
114 243 83
114 243 85
114 243 86
114 243 87
114 243 88
114 243 89
114 243 90
114 243 91
114 244 80
114 244 82
114 244 86
114 244 87
114 244 88
114 244 89
114 244 90
114 245 81
114 245 88
114 245 90
114 246 81
114 246 89
115 225 80
115 225 81
115 225 82
115 225 83
115 225 85
115 225 92
115 225 93
115 225 94
115 225 95
115 226 80
115 226 81
115 226 82
115 226 83
115 226 84
115 226 85
115 226 86
115 226 91
115 226 92
115 226 93
115 226 94
115 227 80
115 227 81
115 227 82
115 227 83
115 227 84
115 227 85
115 227 86
115 227 87
115 227 88
115 227 91
115 227 93
115 227 94
115 227 95
115 228 80
115 228 81
115 228 82
115 228 83
115 228 84
115 228 85
115 228 86
115 228 87
115 228 88
115 228 89
115 228 90
115 228 91
115 228 92
115 228 93
115 228 94
115 228 95
115 229 80
115 229 81
115 229 82
115 229 83
115 229 84
115 229 85
115 229 86
115 229 87
115 229 88
115 229 89
115 229 90
115 229 91
115 229 92
115 229 93
115 229 94
115 229 95
115 230 80
115 230 81
115 230 82
115 230 83
115 230 84
115 230 85
115 230 86
115 230 87
115 230 88
115 230 89
115 230 91
115 230 92
115 230 93
115 230 94
115 230 95
115 231 80
115 231 81
115 231 82
115 231 83
115 231 84
115 231 85
115 231 86
115 231 87
115 231 88
115 231 89
115 231 90
115 231 91
115 231 92
115 231 93
115 231 94
115 231 95
115 232 80
115 232 81
115 232 82
115 232 83
115 232 84
115 232 85
115 232 86
115 232 87
115 232 88
115 232 89
115 232 90
115 232 91
115 232 92
115 232 93
115 232 94
115 232 95
115 233 80
115 233 81
115 233 82
115 233 83
115 233 84
115 233 85
115 233 86
115 233 87
115 233 88
115 233 89
115 233 90
115 233 91
115 233 92
115 233 93
115 233 94
115 233 95
115 234 80
115 234 81
115 234 82
115 234 83
115 234 84
115 234 85
115 234 86
115 234 87
115 234 88
115 234 89
115 234 90
115 234 91
115 234 92
115 234 93
115 234 94
115 234 95
115 235 80
115 235 81
115 235 82
115 235 83
115 235 84
115 235 85
115 235 86
115 235 87
115 235 88
115 235 89
115 235 90
115 235 91
115 235 92
115 235 93
115 235 94
115 235 95
115 236 80
115 236 81
115 236 82
115 236 83
115 236 84
115 236 85
115 236 86
115 236 87
115 236 88
115 236 89
115 236 90
115 236 91
115 236 92
115 236 93
115 236 94
115 236 95
115 237 80
115 237 81
115 237 82
115 237 83
115 237 84
115 237 85
115 237 86
115 237 87
115 237 88
115 237 89
115 237 90
115 237 91
115 237 92
115 237 93
115 237 94
115 237 95
115 238 80
115 238 81
115 238 82
115 238 83
115 238 84
115 238 85
115 238 86
115 238 87
115 238 88
115 238 89
115 238 90
115 238 91
115 238 92
115 238 93
115 238 94
115 238 95
115 239 80
115 239 81
115 239 82
115 239 83
115 239 84
115 239 85
115 239 86
115 239 87
115 239 88
115 239 89
115 239 90
115 239 91
115 239 92
115 239 93
115 239 94
115 239 95
115 240 80
115 240 81
115 240 82
115 240 83
115 240 84
115 240 85
115 240 86
115 240 87
115 240 88
115 240 89
115 240 90
115 240 91
115 240 92
115 240 94
115 240 95
115 241 80
115 241 81
115 241 82
115 241 83
115 241 84
115 241 85
115 241 86
115 241 87
115 241 88
115 241 89
115 241 90
115 241 91
115 241 92
115 241 93
115 241 94
115 241 95
115 242 80
115 242 81
115 242 82
115 242 83
115 242 84
115 242 85
115 242 86
115 242 87
115 242 88
115 242 89
115 242 90
115 242 91
115 242 92
115 242 93
115 243 80
115 243 81
115 243 82
115 243 83
115 243 84
115 243 85
115 243 86
115 243 87
115 243 88
115 243 89
115 243 90
115 243 91
115 243 92
115 244 80
115 244 81
115 244 82
115 244 83
115 244 84
115 244 85
115 244 88
115 244 89
115 245 80
115 245 81
115 245 82
115 245 83
115 245 88
115 245 89
115 245 90
115 245 91
115 246 81
115 246 89
115 247 81
116 225 80
116 225 81
116 225 82
116 225 94
116 225 95
116 226 80
116 226 81
116 226 82
116 226 85
116 226 88
116 226 90
116 226 92
116 226 93
116 226 94
116 226 95
116 227 80
116 227 81
116 227 82
116 227 83
116 227 85
116 227 87
116 227 88
116 227 89
116 227 90
116 227 92
116 227 93
116 227 94
116 227 95
116 228 80
116 228 81
116 228 82
116 228 83
116 228 84
116 228 85
116 228 86
116 228 87
116 228 89
116 228 90
116 228 91
116 228 92
116 228 93
116 228 94
116 228 95
116 229 80
116 229 81
116 229 82
116 229 83
116 229 84
116 229 85
116 229 86
116 229 87
116 229 88
116 229 89
116 229 90
116 229 91
116 229 92
116 229 93
116 229 94
116 229 95
116 230 80
116 230 81
116 230 82
116 230 83
116 230 84
116 230 85
116 230 86
116 230 87
116 230 88
116 230 89
116 230 90
116 230 91
116 230 92
116 230 93
116 230 94
116 230 95
116 231 80
116 231 81
116 231 82
116 231 83
116 231 84
116 231 85
116 231 86
116 231 87
116 231 88
116 231 89
116 231 90
116 231 91
116 231 92
116 231 93
116 231 94
116 231 95
116 232 80
116 232 81
116 232 82
116 232 83
116 232 84
116 232 85
116 232 86
116 232 87
116 232 88
116 232 89
116 232 90
116 232 91
116 232 92
116 232 93
116 232 94
116 232 95
116 233 80
116 233 81
116 233 82
116 233 83
116 233 84
116 233 85
116 233 86
116 233 87
116 233 88
116 233 89
116 233 90
116 233 91
116 233 92
116 233 93
116 233 94
116 233 95
116 234 80
116 234 81
116 234 82
116 234 83
116 234 84
116 234 85
116 234 86
116 234 87
116 234 88
116 234 89
116 234 90
116 234 91
116 234 92
116 234 93
116 234 94
116 234 95
116 235 80
116 235 81
116 235 82
116 235 83
116 235 84
116 235 85
116 235 86
116 235 87
116 235 88
116 235 89
116 235 90
116 235 91
116 235 92
116 235 93
116 235 94
116 235 95
116 236 80
116 236 81
116 236 82
116 236 83
116 236 84
116 236 85
116 236 86
116 236 87
116 236 88
116 236 89
116 236 90
116 236 91
116 236 92
116 236 93
116 236 94
116 236 95
116 237 80
116 237 81
116 237 82
116 237 83
116 237 84
116 237 85
116 237 86
116 237 87
116 237 88
116 237 89
116 237 90
116 237 91
116 237 92
116 237 93
116 237 94
116 237 95
116 238 80
116 238 81
116 238 82
116 238 83
116 238 84
116 238 85
116 238 86
116 238 87
116 238 88
116 238 89
116 238 90
116 238 91
116 238 92
116 238 93
116 238 94
116 239 80
116 239 81
116 239 82
116 239 83
116 239 84
116 239 85
116 239 86
116 239 87
116 239 88
116 239 89
116 239 90
116 239 91
116 239 92
116 239 93
116 239 94
116 239 95
116 240 80
116 240 81
116 240 82
116 240 83
116 240 84
116 240 85
116 240 86
116 240 87
116 240 88
116 240 89
116 240 90
116 240 91
116 240 92
116 240 93
116 240 94
116 240 95
116 241 80
116 241 81
116 241 82
116 241 83
116 241 84
116 241 85
116 241 86
116 241 87
116 241 88
116 241 89
116 241 90
116 241 91
116 241 92
116 241 93
116 241 94
116 241 95
116 242 80
116 242 81
116 242 82
116 242 83
116 242 84
116 242 85
116 242 86
116 242 87
116 242 88
116 242 89
116 242 90
116 242 91
116 242 92
116 242 93
116 242 94
116 242 95
116 243 80
116 243 81
116 243 82
116 243 83
116 243 84
116 243 86
116 243 88
116 243 89
116 243 90
116 243 91
116 243 92
116 243 93
116 244 81
116 244 86
116 244 87
116 244 88
116 244 89
116 244 90
116 244 91
116 245 80
116 245 87
116 245 88
116 245 89
116 245 91
116 246 81
117 225 80
117 225 81
117 225 95
117 226 81
117 226 82
117 226 83
117 226 93
117 226 94
117 226 95
117 227 80
117 227 81
117 227 82
117 227 83
117 227 84
117 227 88
117 227 89
117 227 93
117 227 94
117 227 95
117 228 80
117 228 81
117 228 82
117 228 83
117 228 84
117 228 85
117 228 86
117 228 87
117 228 88
117 228 90
117 228 92
117 228 93
117 228 94
117 228 95
117 229 80
117 229 81
117 229 82
117 229 83
117 229 84
117 229 86
117 229 87
117 229 88
117 229 89
117 229 90
117 229 91
117 229 92
117 229 93
117 229 94
117 229 95
117 230 80
117 230 81
117 230 82
117 230 83
117 230 84
117 230 85
117 230 86
117 230 87
117 230 88
117 230 89
117 230 90
117 230 91
117 230 92
117 230 93
117 230 94
117 230 95
117 231 80
117 231 81
117 231 82
117 231 83
117 231 84
117 231 85
117 231 86
117 231 87
117 231 88
117 231 89
117 231 90
117 231 91
117 231 92
117 231 93
117 231 94
117 231 95
117 232 80
117 232 81
117 232 82
117 232 83
117 232 84
117 232 85
117 232 86
117 232 87
117 232 88
117 232 89
117 232 90
117 232 91
117 232 92
117 232 93
117 232 94
117 232 95
117 233 80
117 233 81
117 233 82
117 233 83
117 233 84
117 233 85
117 233 86
117 233 87
117 233 88
117 233 89
117 233 90
117 233 91
117 233 92
117 233 93
117 233 94
117 233 95
117 234 80
117 234 81
117 234 82
117 234 83
117 234 84
117 234 85
117 234 86
117 234 87
117 234 88
117 234 89
117 234 90
117 234 91
117 234 92
117 234 93
117 234 94
117 234 95
117 235 80
117 235 81
117 235 82
117 235 83
117 235 84
117 235 85
117 235 86
117 235 87
117 235 88
117 235 89
117 235 90
117 235 91
117 235 92
117 235 93
117 235 94
117 235 95
117 236 80
117 236 81
117 236 82
117 236 83
117 236 84
117 236 85
117 236 86
117 236 87
117 236 88
117 236 89
117 236 90
117 236 91
117 236 92
117 236 93
117 236 94
117 236 95
117 237 80
117 237 81
117 237 82
117 237 83
117 237 84
117 237 85
117 237 86
117 237 87
117 237 88
117 237 89
117 237 90
117 237 92
117 237 93
117 237 94
117 237 95
117 238 80
117 238 81
117 238 82
117 238 83
117 238 84
117 238 85
117 238 86
117 238 87
117 238 88
117 238 89
117 238 90
117 238 91
117 238 92
117 238 93
117 238 94
117 238 95
117 239 80
117 239 81
117 239 82
117 239 83
117 239 84
117 239 85
117 239 86
117 239 87
117 239 88
117 239 89
117 239 90
117 239 91
117 239 92
117 239 93
117 239 94
117 239 95
117 240 80
117 240 81
117 240 82
117 240 83
117 240 84
117 240 85
117 240 86
117 240 87
117 240 88
117 240 89
117 240 90
117 240 91
117 240 92
117 240 93
117 240 94
117 240 95
117 241 80
117 241 81
117 241 82
117 241 83
117 241 84
117 241 85
117 241 86
117 241 87
117 241 88
117 241 89
117 241 90
117 241 91
117 241 92
117 241 93
117 241 94
117 241 95
117 242 80
117 242 81
117 242 82
117 242 83
117 242 84
117 242 85
117 242 86
117 242 87
117 242 88
117 242 89
117 242 90
117 242 91
117 242 92
117 242 93
117 242 94
117 242 95
117 243 80
117 243 81
117 243 82
117 243 83
117 243 84
117 243 85
117 243 86
117 243 87
117 243 88
117 243 89
117 243 90
117 243 91
117 243 92
117 243 93
117 244 80
117 244 81
117 244 82
117 244 83
117 244 85
117 244 86
117 244 87
117 244 89
117 244 90
117 244 91
117 244 95
117 245 83
117 245 85
117 245 86
117 245 87
117 245 88
117 245 89
117 245 90
117 245 91
117 245 92
117 246 87
117 246 90
117 246 92
117 247 87
118 225 95
118 226 81
118 226 82
118 226 88
118 226 90
118 226 95
118 227 81
118 227 82
118 227 83
118 227 84
118 227 87
118 227 88
118 227 90
118 227 95
118 228 80
118 228 84
118 228 85
118 228 86
118 228 87
118 228 88
118 228 89
118 228 90
118 228 91
118 228 92
118 228 93
118 228 94
118 228 95
118 229 80
118 229 81
118 229 83
118 229 84
118 229 85
118 229 86
118 229 87
118 229 88
118 229 89
118 229 90
118 229 91
118 229 92
118 229 93
118 229 95
118 230 80
118 230 81
118 230 82
118 230 83
118 230 84
118 230 85
118 230 86
118 230 87
118 230 88
118 230 89
118 230 90
118 230 91
118 230 92
118 230 93
118 230 94
118 230 95
118 231 80
118 231 81
118 231 82
118 231 83
118 231 84
118 231 85
118 231 86
118 231 87
118 231 88
118 231 89
118 231 90
118 231 91
118 231 92
118 231 93
118 231 94
118 231 95
118 232 80
118 232 81
118 232 82
118 232 83
118 232 84
118 232 85
118 232 86
118 232 87
118 232 88
118 232 89
118 232 90
118 232 91
118 232 92
118 232 93
118 232 94
118 232 95
118 233 80
118 233 81
118 233 82
118 233 83
118 233 84
118 233 85
118 233 86
118 233 87
118 233 88
118 233 89
118 233 90
118 233 91
118 233 92
118 233 93
118 233 94
118 233 95
118 234 80
118 234 81
118 234 82
118 234 83
118 234 84
118 234 85
118 234 86
118 234 87
118 234 88
118 234 89
118 234 90
118 234 91
118 234 92
118 234 93
118 234 94
118 234 95
118 235 80
118 235 81
118 235 82
118 235 83
118 235 84
118 235 85
118 235 86
118 235 87
118 235 88
118 235 89
118 235 90
118 235 91
118 235 92
118 235 93
118 235 94
118 235 95
118 236 80
118 236 81
118 236 82
118 236 83
118 236 84
118 236 85
118 236 86
118 236 87
118 236 88
118 236 89
118 236 90
118 236 91
118 236 92
118 236 93
118 236 94
118 236 95
118 237 80
118 237 81
118 237 82
118 237 83
118 237 84
118 237 85
118 237 86
118 237 87
118 237 88
118 237 89
118 237 90
118 237 91
118 237 92
118 237 93
118 237 94
118 237 95
118 238 80
118 238 81
118 238 82
118 238 83
118 238 84
118 238 85
118 238 86
118 238 87
118 238 88
118 238 89
118 238 90
118 238 91
118 238 92
118 238 93
118 238 94
118 238 95
118 239 80
118 239 81
118 239 82
118 239 83
118 239 84
118 239 85
118 239 86
118 239 87
118 239 88
118 239 89
118 239 90
118 239 91
118 239 92
118 239 93
118 239 94
118 239 95
118 240 80
118 240 81
118 240 82
118 240 83
118 240 84
118 240 85
118 240 86
118 240 87
118 240 88
118 240 89
118 240 90
118 240 91
118 240 92
118 240 93
118 240 94
118 240 95
118 241 80
118 241 81
118 241 82
118 241 83
118 241 84
118 241 85
118 241 86
118 241 87
118 241 88
118 241 89
118 241 90
118 241 91
118 241 92
118 241 93
118 241 94
118 241 95
118 242 80
118 242 81
118 242 82
118 242 83
118 242 84
118 242 85
118 242 86
118 242 87
118 242 88
118 242 89
118 242 90
118 242 91
118 242 92
118 242 93
118 242 94
118 242 95
118 243 81
118 243 82
118 243 83
118 243 84
118 243 86
118 243 87
118 243 88
118 243 89
118 243 90
118 243 91
118 243 92
118 243 93
118 243 94
118 243 95
118 244 82
118 244 84
118 244 86
118 244 87
118 244 88
118 244 89
118 244 90
118 244 91
118 244 92
118 244 93
118 244 95
118 245 86
118 245 87
118 245 89
118 245 90
118 245 92
118 245 95
118 246 89
118 246 90
118 246 91
118 246 92
118 246 93
118 247 89
119 227 82
119 227 83
119 227 88
119 227 89
119 227 90
119 227 92
119 227 94
119 228 80
119 228 81
119 228 84
119 228 85
119 228 88
119 228 89
119 228 90
119 228 92
119 228 94
119 228 95
119 229 80
119 229 81
119 229 82
119 229 83
119 229 85
119 229 86
119 229 87
119 229 88
119 229 89
119 229 90
119 229 92
119 229 94
119 229 95
119 230 80
119 230 81
119 230 82
119 230 83
119 230 84
119 230 85
119 230 86
119 230 87
119 230 88
119 230 89
119 230 90
119 230 91
119 230 92
119 230 93
119 230 94
119 230 95
119 231 80
119 231 81
119 231 82
119 231 83
119 231 84
119 231 85
119 231 86
119 231 87
119 231 88
119 231 89
119 231 90
119 231 91
119 231 92
119 231 93
119 231 94
119 231 95
119 232 80
119 232 81
119 232 82
119 232 83
119 232 84
119 232 85
119 232 86
119 232 87
119 232 88
119 232 89
119 232 90
119 232 91
119 232 92
119 232 93
119 232 94
119 232 95
119 233 80
119 233 81
119 233 82
119 233 83
119 233 84
119 233 85
119 233 86
119 233 87
119 233 88
119 233 89
119 233 90
119 233 91
119 233 92
119 233 93
119 233 94
119 233 95
119 234 80
119 234 81
119 234 82
119 234 83
119 234 84
119 234 85
119 234 86
119 234 87
119 234 88
119 234 89
119 234 90
119 234 91
119 234 92
119 234 93
119 234 94
119 234 95
119 235 80
119 235 81
119 235 82
119 235 83
119 235 84
119 235 85
119 235 86
119 235 87
119 235 88
119 235 89
119 235 90
119 235 91
119 235 92
119 235 93
119 235 94
119 235 95
119 236 80
119 236 81
119 236 82
119 236 83
119 236 84
119 236 85
119 236 86
119 236 87
119 236 88
119 236 89
119 236 90
119 236 91
119 236 92
119 236 93
119 236 94
119 236 95
119 237 80
119 237 81
119 237 82
119 237 83
119 237 84
119 237 85
119 237 86
119 237 87
119 237 88
119 237 89
119 237 90
119 237 91
119 237 92
119 237 93
119 237 94
119 237 95
119 238 80
119 238 81
119 238 82
119 238 83
119 238 84
119 238 85
119 238 86
119 238 87
119 238 88
119 238 89
119 238 90
119 238 91
119 238 92
119 238 93
119 238 94
119 238 95
119 239 80
119 239 81
119 239 82
119 239 83
119 239 84
119 239 85
119 239 86
119 239 87
119 239 88
119 239 89
119 239 90
119 239 91
119 239 92
119 239 93
119 239 94
119 239 95
119 240 80
119 240 81
119 240 82
119 240 83
119 240 84
119 240 85
119 240 86
119 240 87
119 240 88
119 240 89
119 240 90
119 240 91
119 240 92
119 240 93
119 240 94
119 240 95
119 241 80
119 241 81
119 241 82
119 241 83
119 241 84
119 241 85
119 241 86
119 241 87
119 241 88
119 241 89
119 241 90
119 241 91
119 241 92
119 241 93
119 241 94
119 241 95
119 242 80
119 242 81
119 242 82
119 242 83
119 242 84
119 242 85
119 242 86
119 242 87
119 242 88
119 242 89
119 242 90
119 242 91
119 242 92
119 242 93
119 242 94
119 242 95
119 243 80
119 243 81
119 243 82
119 243 83
119 243 84
119 243 85
119 243 86
119 243 87
119 243 88
119 243 89
119 243 90
119 243 91
119 243 92
119 243 93
119 243 94
119 243 95
119 244 80
119 244 81
119 244 82
119 244 84
119 244 85
119 244 86
119 244 87
119 244 88
119 244 89
119 244 90
119 244 91
119 244 92
119 244 93
119 244 94
119 244 95
119 245 82
119 245 84
119 245 86
119 245 87
119 245 89
119 245 92
119 245 93
119 245 94
119 246 87
119 246 88
119 246 90
119 246 91
119 246 92
119 247 90
120 226 80
120 226 81
120 226 82
120 226 92
120 227 81
120 227 82
120 227 83
120 227 89
120 227 92
120 227 93
120 227 95
120 228 80
120 228 81
120 228 85
120 228 87
120 228 88
120 228 89
120 228 90
120 228 91
120 228 92
120 228 94
120 228 95
120 229 80
120 229 81
120 229 82
120 229 84
120 229 86
120 229 88
120 229 89
120 229 90
120 229 91
120 229 92
120 229 93
120 229 94
120 229 95
120 230 80
120 230 81
120 230 82
120 230 83
120 230 84
120 230 85
120 230 86
120 230 87
120 230 88
120 230 89
120 230 90
120 230 91
120 230 92
120 230 93
120 230 94
120 230 95
120 231 80
120 231 81
120 231 82
120 231 83
120 231 84
120 231 85
120 231 86
120 231 87
120 231 88
120 231 89
120 231 90
120 231 91
120 231 92
120 231 93
120 231 94
120 231 95
120 232 80
120 232 81
120 232 82
120 232 83
120 232 84
120 232 85
120 232 86
120 232 87
120 232 88
120 232 89
120 232 90
120 232 91
120 232 92
120 232 93
120 232 94
120 232 95
120 233 80
120 233 81
120 233 82
120 233 83
120 233 84
120 233 85
120 233 86
120 233 87
120 233 88
120 233 89
120 233 90
120 233 91
120 233 92
120 233 93
120 233 94
120 233 95
120 234 80
120 234 81
120 234 82
120 234 83
120 234 84
120 234 85
120 234 86
120 234 87
120 234 88
120 234 89
120 234 90
120 234 91
120 234 92
120 234 93
120 234 94
120 234 95
120 235 80
120 235 81
120 235 82
120 235 83
120 235 84
120 235 85
120 235 86
120 235 87
120 235 88
120 235 89
120 235 90
120 235 91
120 235 92
120 235 93
120 235 94
120 235 95
120 236 80
120 236 81
120 236 82
120 236 83
120 236 84
120 236 85
120 236 86
120 236 87
120 236 88
120 236 89
120 236 90
120 236 91
120 236 92
120 236 93
120 236 94
120 236 95
120 237 80
120 237 81
120 237 82
120 237 83
120 237 84
120 237 85
120 237 86
120 237 87
120 237 88
120 237 89
120 237 90
120 237 91
120 237 92
120 237 93
120 237 94
120 237 95
120 238 80
120 238 81
120 238 82
120 238 83
120 238 84
120 238 85
120 238 86
120 238 87
120 238 88
120 238 89
120 238 90
120 238 91
120 238 92
120 238 93
120 238 94
120 238 95
120 239 80
120 239 81
120 239 82
120 239 83
120 239 84
120 239 85
120 239 86
120 239 87
120 239 88
120 239 89
120 239 90
120 239 91
120 239 92
120 239 93
120 239 94
120 239 95
120 240 80
120 240 81
120 240 82
120 240 83
120 240 84
120 240 85
120 240 86
120 240 87
120 240 88
120 240 89
120 240 90
120 240 91
120 240 92
120 240 93
120 240 94
120 240 95
120 241 80
120 241 81
120 241 82
120 241 83
120 241 84
120 241 85
120 241 86
120 241 87
120 241 88
120 241 89
120 241 90
120 241 91
120 241 92
120 241 93
120 241 94
120 241 95
120 242 80
120 242 81
120 242 82
120 242 83
120 242 84
120 242 85
120 242 86
120 242 87
120 242 88
120 242 89
120 242 90
120 242 91
120 242 92
120 242 93
120 242 94
120 242 95
120 243 80
120 243 81
120 243 82
120 243 83
120 243 85
120 243 86
120 243 87
120 243 88
120 243 89
120 243 90
120 243 91
120 243 92
120 243 93
120 243 94
120 243 95
120 244 80
120 244 81
120 244 82
120 244 83
120 244 84
120 244 85
120 244 86
120 244 88
120 244 89
120 244 90
120 244 91
120 244 92
120 244 94
120 245 82
120 245 83
120 245 84
120 245 85
120 245 86
120 245 87
120 245 88
120 245 89
120 245 90
120 245 91
120 245 92
120 245 93
120 245 94
120 246 81
120 246 82
120 246 86
120 246 89
120 246 90
120 246 91
120 246 92
120 247 89
120 247 90
120 247 91
120 247 92
121 226 81
121 227 81
121 227 88
121 227 89
121 227 91
121 227 94
121 227 95
121 228 80
121 228 81
121 228 82
121 228 84
121 228 87
121 228 88
121 228 89
121 228 90
121 228 94
121 228 95
121 229 81
121 229 82
121 229 83
121 229 84
121 229 85
121 229 86
121 229 87
121 229 88
121 229 89
121 229 90
121 229 91
121 229 93
121 229 94
121 229 95
121 230 80
121 230 81
121 230 82
121 230 83
121 230 84
121 230 85
121 230 86
121 230 87
121 230 88
121 230 89
121 230 90
121 230 91
121 230 92
121 230 93
121 230 94
121 230 95
121 231 80
121 231 81
121 231 82
121 231 83
121 231 84
121 231 85
121 231 86
121 231 87
121 231 88
121 231 89
121 231 90
121 231 91
121 231 92
121 231 93
121 231 94
121 231 95
121 232 80
121 232 81
121 232 82
121 232 83
121 232 84
121 232 85
121 232 86
121 232 87
121 232 88
121 232 89
121 232 90
121 232 91
121 232 92
121 232 93
121 232 94
121 232 95
121 233 80
121 233 81
121 233 82
121 233 83
121 233 84
121 233 85
121 233 86
121 233 87
121 233 88
121 233 89
121 233 90
121 233 91
121 233 92
121 233 93
121 233 94
121 233 95
121 234 80
121 234 81
121 234 82
121 234 83
121 234 84
121 234 85
121 234 86
121 234 87
121 234 88
121 234 89
121 234 90
121 234 91
121 234 92
121 234 93
121 234 94
121 234 95
121 235 80
121 235 81
121 235 82
121 235 83
121 235 84
121 235 85
121 235 86
121 235 87
121 235 88
121 235 89
121 235 90
121 235 91
121 235 92
121 235 93
121 235 94
121 235 95
121 236 80
121 236 81
121 236 82
121 236 83
121 236 84
121 236 85
121 236 86
121 236 87
121 236 88
121 236 89
121 236 90
121 236 91
121 236 92
121 236 93
121 236 94
121 236 95
121 237 80
121 237 81
121 237 82
121 237 83
121 237 84
121 237 85
121 237 86
121 237 87
121 237 88
121 237 89
121 237 90
121 237 91
121 237 92
121 237 93
121 237 94
121 237 95
121 238 80
121 238 81
121 238 82
121 238 83
121 238 84
121 238 85
121 238 86
121 238 87
121 238 88
121 238 89
121 238 90
121 238 91
121 238 92
121 238 93
121 238 94
121 238 95
121 239 80
121 239 81
121 239 82
121 239 83
121 239 84
121 239 85
121 239 86
121 239 87
121 239 88
121 239 89
121 239 90
121 239 91
121 239 92
121 239 93
121 239 94
121 239 95
121 240 80
121 240 81
121 240 82
121 240 83
121 240 84
121 240 85
121 240 86
121 240 87
121 240 88
121 240 89
121 240 90
121 240 91
121 240 92
121 240 93
121 240 94
121 240 95
121 241 80
121 241 81
121 241 82
121 241 83
121 241 84
121 241 85
121 241 86
121 241 87
121 241 88
121 241 89
121 241 90
121 241 91
121 241 92
121 241 93
121 241 94
121 241 95
121 242 80
121 242 81
121 242 82
121 242 83
121 242 84
121 242 85
121 242 86
121 242 87
121 242 88
121 242 89
121 242 90
121 242 91
121 242 92
121 242 93
121 242 95
121 243 80
121 243 81
121 243 82
121 243 83
121 243 84
121 243 85
121 243 86
121 243 87
121 243 88
121 243 89
121 243 90
121 243 91
121 243 92
121 243 93
121 244 80
121 244 81
121 244 82
121 244 83
121 244 84
121 244 85
121 244 86
121 244 87
121 244 88
121 244 89
121 244 90
121 244 91
121 244 92
121 244 93
121 245 80
121 245 82
121 245 83
121 245 84
121 245 85
121 245 86
121 245 87
121 245 88
121 245 89
121 245 90
121 245 91
121 245 92
121 245 93
121 245 94
121 246 80
121 246 81
121 246 82
121 246 83
121 246 84
121 246 86
121 246 88
121 246 90
121 246 93
121 246 94
121 247 89
121 247 90
121 248 90
122 226 87
122 227 81
122 227 86
122 227 87
122 227 89
122 227 90
122 227 91
122 227 93
122 227 94
122 227 95
122 228 80
122 228 81
122 228 86
122 228 87
122 228 89
122 228 90
122 228 91
122 228 92
122 228 93
122 228 94
122 228 95
122 229 80
122 229 82
122 229 83
122 229 84
122 229 85
122 229 86
122 229 87
122 229 89
122 229 90
122 229 91
122 229 93
122 229 94
122 229 95
122 230 80
122 230 81
122 230 82
122 230 83
122 230 84
122 230 85
122 230 86
122 230 87
122 230 88
122 230 89
122 230 90
122 230 91
122 230 92
122 230 93
122 230 94
122 230 95
122 231 80
122 231 81
122 231 82
122 231 83
122 231 84
122 231 85
122 231 86
122 231 87
122 231 88
122 231 89
122 231 90
122 231 91
122 231 92
122 231 93
122 231 94
122 231 95
122 232 80
122 232 81
122 232 82
122 232 83
122 232 84
122 232 85
122 232 86
122 232 87
122 232 88
122 232 89
122 232 90
122 232 91
122 232 92
122 232 93
122 232 94
122 232 95
122 233 80
122 233 81
122 233 82
122 233 83
122 233 84
122 233 85
122 233 86
122 233 87
122 233 88
122 233 89
122 233 90
122 233 91
122 233 92
122 233 93
122 233 94
122 233 95
122 234 80
122 234 81
122 234 82
122 234 83
122 234 84
122 234 85
122 234 86
122 234 87
122 234 88
122 234 89
122 234 90
122 234 91
122 234 92
122 234 93
122 234 94
122 234 95
122 235 80
122 235 81
122 235 82
122 235 83
122 235 84
122 235 85
122 235 86
122 235 87
122 235 88
122 235 89
122 235 90
122 235 91
122 235 92
122 235 93
122 235 94
122 235 95
122 236 80
122 236 81
122 236 82
122 236 83
122 236 84
122 236 85
122 236 86
122 236 87
122 236 88
122 236 89
122 236 90
122 236 91
122 236 92
122 236 93
122 236 94
122 236 95
122 237 80
122 237 81
122 237 82
122 237 83
122 237 84
122 237 85
122 237 86
122 237 87
122 237 88
122 237 89
122 237 90
122 237 91
122 237 92
122 237 93
122 237 94
122 237 95
122 238 80
122 238 81
122 238 82
122 238 83
122 238 84
122 238 85
122 238 86
122 238 87
122 238 88
122 238 89
122 238 90
122 238 91
122 238 92
122 238 93
122 238 94
122 238 95
122 239 80
122 239 81
122 239 82
122 239 83
122 239 84
122 239 85
122 239 86
122 239 87
122 239 88
122 239 89
122 239 90
122 239 91
122 239 92
122 239 93
122 239 94
122 239 95
122 240 80
122 240 81
122 240 82
122 240 83
122 240 84
122 240 85
122 240 86
122 240 87
122 240 88
122 240 89
122 240 90
122 240 91
122 240 92
122 240 93
122 240 94
122 240 95
122 241 80
122 241 81
122 241 82
122 241 83
122 241 84
122 241 85
122 241 86
122 241 87
122 241 88
122 241 89
122 241 90
122 241 91
122 241 92
122 241 93
122 241 94
122 242 80
122 242 81
122 242 82
122 242 83
122 242 84
122 242 85
122 242 86
122 242 87
122 242 88
122 242 89
122 242 90
122 242 91
122 242 92
122 242 93
122 242 95
122 243 80
122 243 81
122 243 82
122 243 83
122 243 84
122 243 85
122 243 86
122 243 87
122 243 88
122 243 89
122 243 91
122 243 92
122 243 93
122 244 80
122 244 81
122 244 82
122 244 83
122 244 84
122 244 85
122 244 86
122 244 87
122 244 88
122 244 90
122 244 91
122 244 92
122 244 93
122 244 94
122 245 80
122 245 81
122 245 82
122 245 83
122 245 84
122 245 85
122 245 86
122 245 90
122 245 91
122 245 92
122 245 93
122 246 81
122 246 82
122 246 83
122 246 84
122 246 90
122 246 91
122 246 93
122 247 81
122 247 83
122 247 84
123 226 91
123 226 93
123 226 94
123 227 90
123 227 91
123 227 92
123 227 93
123 227 94
123 227 95
123 228 80
123 228 88
123 228 89
123 228 91
123 228 92
123 228 93
123 228 95
123 229 80
123 229 81
123 229 86
123 229 87
123 229 88
123 229 90
123 229 91
123 229 92
123 229 93
123 229 94
123 229 95
123 230 80
123 230 82
123 230 83
123 230 84
123 230 85
123 230 86
123 230 87
123 230 88
123 230 89
123 230 90
123 230 91
123 230 92
123 230 93
123 230 94
123 230 95
123 231 80
123 231 81
123 231 82
123 231 83
123 231 84
123 231 86
123 231 87
123 231 88
123 231 89
123 231 90
123 231 91
123 231 92
123 231 93
123 231 94
123 231 95
123 232 80
123 232 81
123 232 82
123 232 83
123 232 84
123 232 85
123 232 86
123 232 87
123 232 88
123 232 89
123 232 90
123 232 91
123 232 92
123 232 93
123 232 94
123 232 95
123 233 80
123 233 81
123 233 82
123 233 83
123 233 84
123 233 85
123 233 86
123 233 87
123 233 88
123 233 89
123 233 90
123 233 91
123 233 92
123 233 93
123 233 94
123 233 95
123 234 80
123 234 81
123 234 82
123 234 83
123 234 84
123 234 85
123 234 86
123 234 87
123 234 88
123 234 89
123 234 90
123 234 91
123 234 92
123 234 93
123 234 94
123 234 95
123 235 80
123 235 81
123 235 82
123 235 83
123 235 84
123 235 85
123 235 86
123 235 87
123 235 88
123 235 89
123 235 90
123 235 91
123 235 92
123 235 93
123 235 94
123 235 95
123 236 80
123 236 81
123 236 82
123 236 83
123 236 84
123 236 85
123 236 86
123 236 87
123 236 88
123 236 89
123 236 90
123 236 91
123 236 92
123 236 93
123 236 94
123 236 95
123 237 80
123 237 81
123 237 82
123 237 83
123 237 84
123 237 85
123 237 86
123 237 87
123 237 88
123 237 89
123 237 90
123 237 91
123 237 92
123 237 93
123 237 94
123 237 95
123 238 80
123 238 81
123 238 82
123 238 83
123 238 84
123 238 85
123 238 86
123 238 87
123 238 88
123 238 89
123 238 90
123 238 91
123 238 92
123 238 93
123 238 94
123 238 95
123 239 80
123 239 81
123 239 82
123 239 83
123 239 84
123 239 85
123 239 86
123 239 87
123 239 88
123 239 89
123 239 90
123 239 91
123 239 92
123 239 93
123 239 94
123 239 95
123 240 80
123 240 81
123 240 82
123 240 83
123 240 84
123 240 85
123 240 86
123 240 87
123 240 88
123 240 89
123 240 90
123 240 91
123 240 92
123 240 93
123 240 94
123 240 95
123 241 80
123 241 81
123 241 82
123 241 83
123 241 84
123 241 85
123 241 86
123 241 87
123 241 88
123 241 89
123 241 90
123 241 91
123 241 92
123 241 93
123 241 94
123 241 95
123 242 80
123 242 81
123 242 82
123 242 83
123 242 84
123 242 85
123 242 86
123 242 87
123 242 88
123 242 89
123 242 90
123 242 91
123 242 92
123 242 93
123 242 94
123 242 95
123 243 80
123 243 81
123 243 82
123 243 83
123 243 84
123 243 85
123 243 86
123 243 87
123 243 88
123 243 90
123 243 91
123 243 92
123 243 93
123 243 94
123 243 95
123 244 80
123 244 81
123 244 82
123 244 83
123 244 84
123 244 85
123 244 86
123 244 87
123 244 89
123 244 90
123 244 91
123 244 92
123 244 93
123 245 80
123 245 81
123 245 82
123 245 83
123 245 84
123 245 85
123 245 86
123 245 90
123 245 91
123 245 92
123 246 81
123 246 82
123 246 83
123 246 84
123 246 85
123 246 91
123 247 80
123 247 81
123 247 82
123 247 83
123 247 84
123 247 85
123 248 83
123 248 84
124 225 94
124 225 95
124 226 91
124 226 94
124 226 95
124 227 87
124 227 91
124 227 92
124 227 93
124 227 94
124 227 95
124 228 87
124 228 89
124 228 90
124 228 91
124 228 92
124 228 93
124 228 95
124 229 80
124 229 85
124 229 86
124 229 87
124 229 90
124 229 91
124 229 92
124 229 93
124 229 94
124 229 95
124 230 80
124 230 86
124 230 87
124 230 88
124 230 89
124 230 90
124 230 91
124 230 92
124 230 93
124 230 94
124 230 95
124 231 80
124 231 81
124 231 83
124 231 85
124 231 86
124 231 87
124 231 88
124 231 89
124 231 90
124 231 91
124 231 92
124 231 93
124 231 94
124 231 95
124 232 80
124 232 81
124 232 82
124 232 83
124 232 84
124 232 85
124 232 86
124 232 87
124 232 88
124 232 89
124 232 90
124 232 91
124 232 92
124 232 93
124 232 94
124 232 95
124 233 80
124 233 81
124 233 82
124 233 83
124 233 84
124 233 85
124 233 86
124 233 87
124 233 88
124 233 89
124 233 90
124 233 91
124 233 92
124 233 93
124 233 94
124 233 95
124 234 80
124 234 81
124 234 82
124 234 83
124 234 84
124 234 85
124 234 86
124 234 87
124 234 88
124 234 89
124 234 90
124 234 91
124 234 92
124 234 93
124 234 94
124 234 95
124 235 80
124 235 81
124 235 82
124 235 83
124 235 84
124 235 85
124 235 86
124 235 87
124 235 88
124 235 89
124 235 90
124 235 91
124 235 92
124 235 93
124 235 94
124 235 95
124 236 80
124 236 81
124 236 82
124 236 83
124 236 84
124 236 85
124 236 86
124 236 87
124 236 88
124 236 89
124 236 90
124 236 91
124 236 92
124 236 93
124 236 94
124 236 95
124 237 80
124 237 81
124 237 82
124 237 83
124 237 84
124 237 85
124 237 86
124 237 87
124 237 88
124 237 89
124 237 90
124 237 91
124 237 92
124 237 93
124 237 94
124 237 95
124 238 80
124 238 81
124 238 82
124 238 83
124 238 84
124 238 85
124 238 86
124 238 87
124 238 88
124 238 89
124 238 90
124 238 91
124 238 92
124 238 93
124 238 94
124 238 95
124 239 80
124 239 81
124 239 82
124 239 83
124 239 84
124 239 85
124 239 86
124 239 87
124 239 88
124 239 89
124 239 90
124 239 91
124 239 92
124 239 93
124 239 94
124 239 95
124 240 80
124 240 81
124 240 82
124 240 83
124 240 84
124 240 85
124 240 86
124 240 87
124 240 88
124 240 89
124 240 90
124 240 91
124 240 92
124 240 93
124 240 94
124 240 95
124 241 80
124 241 81
124 241 82
124 241 83
124 241 84
124 241 85
124 241 86
124 241 87
124 241 88
124 241 89
124 241 90
124 241 91
124 241 92
124 241 93
124 241 94
124 242 80
124 242 81
124 242 82
124 242 83
124 242 84
124 242 85
124 242 86
124 242 87
124 242 88
124 242 89
124 242 90
124 242 91
124 242 92
124 242 93
124 242 94
124 242 95
124 243 80
124 243 81
124 243 82
124 243 83
124 243 84
124 243 85
124 243 86
124 243 87
124 243 88
124 243 89
124 243 90
124 243 91
124 243 92
124 243 93
124 243 94
124 244 80
124 244 81
124 244 82
124 244 83
124 244 84
124 244 85
124 244 86
124 244 87
124 244 88
124 244 89
124 244 91
124 244 92
124 244 93
124 245 80
124 245 81
124 245 82
124 245 83
124 245 84
124 245 85
124 245 86
124 245 87
124 245 88
124 245 89
124 245 91
124 245 92
124 246 81
124 246 82
124 246 84
124 246 85
124 246 87
124 247 80
124 247 81
124 247 82
124 247 83
124 247 84
124 247 85
124 247 87
124 248 83
125 225 92
125 225 93
125 225 94
125 225 95
125 226 91
125 226 92
125 226 93
125 226 94
125 226 95
125 227 91
125 227 92
125 227 93
125 227 94
125 227 95
125 228 90
125 228 91
125 228 92
125 228 93
125 228 94
125 228 95
125 229 81
125 229 88
125 229 90
125 229 91
125 229 92
125 229 93
125 229 94
125 229 95
125 230 80
125 230 86
125 230 87
125 230 88
125 230 90
125 230 91
125 230 92
125 230 93
125 230 94
125 230 95
125 231 80
125 231 81
125 231 82
125 231 83
125 231 84
125 231 86
125 231 88
125 231 89
125 231 90
125 231 91
125 231 92
125 231 93
125 231 94
125 231 95
125 232 80
125 232 81
125 232 82
125 232 83
125 232 84
125 232 85
125 232 86
125 232 87
125 232 88
125 232 89
125 232 90
125 232 91
125 232 92
125 232 93
125 232 94
125 232 95
125 233 80
125 233 81
125 233 82
125 233 83
125 233 84
125 233 85
125 233 86
125 233 87
125 233 88
125 233 89
125 233 90
125 233 91
125 233 92
125 233 93
125 233 94
125 233 95
125 234 80
125 234 81
125 234 82
125 234 83
125 234 84
125 234 85
125 234 86
125 234 87
125 234 88
125 234 89
125 234 90
125 234 91
125 234 92
125 234 93
125 234 94
125 234 95
125 235 80
125 235 81
125 235 82
125 235 83
125 235 84
125 235 85
125 235 86
125 235 87
125 235 88
125 235 89
125 235 90
125 235 91
125 235 92
125 235 93
125 235 94
125 235 95
125 236 80
125 236 81
125 236 82
125 236 83
125 236 84
125 236 85
125 236 86
125 236 87
125 236 88
125 236 89
125 236 90
125 236 91
125 236 92
125 236 93
125 236 94
125 236 95
125 237 80
125 237 81
125 237 82
125 237 83
125 237 84
125 237 85
125 237 86
125 237 87
125 237 88
125 237 89
125 237 90
125 237 91
125 237 92
125 237 93
125 237 94
125 237 95
125 238 80
125 238 81
125 238 82
125 238 83
125 238 84
125 238 85
125 238 86
125 238 87
125 238 88
125 238 89
125 238 90
125 238 91
125 238 92
125 238 93
125 238 94
125 238 95
125 239 80
125 239 81
125 239 82
125 239 83
125 239 84
125 239 85
125 239 86
125 239 87
125 239 88
125 239 89
125 239 90
125 239 91
125 239 92
125 239 93
125 239 94
125 239 95
125 240 80
125 240 81
125 240 82
125 240 83
125 240 84
125 240 85
125 240 86
125 240 87
125 240 88
125 240 89
125 240 90
125 240 91
125 240 92
125 240 93
125 240 94
125 240 95
125 241 80
125 241 81
125 241 82
125 241 83
125 241 84
125 241 85
125 241 86
125 241 87
125 241 88
125 241 89
125 241 90
125 241 91
125 241 92
125 241 93
125 241 94
125 241 95
125 242 80
125 242 81
125 242 82
125 242 83
125 242 84
125 242 85
125 242 86
125 242 87
125 242 88
125 242 89
125 242 90
125 242 91
125 242 92
125 242 93
125 242 94
125 242 95
125 243 80
125 243 81
125 243 82
125 243 83
125 243 84
125 243 85
125 243 86
125 243 87
125 243 88
125 243 89
125 243 90
125 243 91
125 243 92
125 243 93
125 243 94
125 243 95
125 244 80
125 244 81
125 244 82
125 244 83
125 244 84
125 244 85
125 244 86
125 244 87
125 244 88
125 244 89
125 244 90
125 244 91
125 244 92
125 244 94
125 244 95
125 245 80
125 245 81
125 245 82
125 245 83
125 245 84
125 245 85
125 245 86
125 245 88
125 245 89
125 245 90
125 245 91
125 246 80
125 246 81
125 246 82
125 246 84
125 246 85
125 246 86
125 246 87
125 246 88
125 247 80
125 247 81
125 247 82
125 247 83
125 247 84
125 247 85
125 247 87
125 248 80
125 248 83
125 248 84
125 248 85
125 249 84
126 225 92
126 225 94
126 225 95
126 226 91
126 226 92
126 226 95
126 227 92
126 227 93
126 227 94
126 227 95
126 228 90
126 228 91
126 228 92
126 228 93
126 228 94
126 228 95
126 229 80
126 229 81
126 229 82
126 229 89
126 229 90
126 229 91
126 229 92
126 229 94
126 229 95
126 230 80
126 230 81
126 230 82
126 230 88
126 230 89
126 230 90
126 230 91
126 230 92
126 230 93
126 230 94
126 230 95
126 231 80
126 231 81
126 231 82
126 231 83
126 231 85
126 231 86
126 231 88
126 231 89
126 231 90
126 231 91
126 231 92
126 231 93
126 231 94
126 231 95
126 232 81
126 232 82
126 232 83
126 232 84
126 232 85
126 232 86
126 232 87
126 232 88
126 232 89
126 232 90
126 232 91
126 232 92
126 232 93
126 232 94
126 232 95
126 233 80
126 233 81
126 233 82
126 233 83
126 233 84
126 233 85
126 233 86
126 233 87
126 233 88
126 233 89
126 233 90
126 233 91
126 233 92
126 233 93
126 233 94
126 233 95
126 234 80
126 234 81
126 234 82
126 234 83
126 234 84
126 234 85
126 234 86
126 234 87
126 234 88
126 234 89
126 234 90
126 234 91
126 234 92
126 234 93
126 234 94
126 234 95
126 235 80
126 235 81
126 235 82
126 235 83
126 235 84
126 235 85
126 235 86
126 235 87
126 235 88
126 235 89
126 235 90
126 235 91
126 235 92
126 235 93
126 235 94
126 235 95
126 236 80
126 236 81
126 236 82
126 236 83
126 236 84
126 236 85
126 236 86
126 236 87
126 236 88
126 236 89
126 236 90
126 236 91
126 236 92
126 236 93
126 236 94
126 236 95
126 237 80
126 237 81
126 237 82
126 237 83
126 237 84
126 237 85
126 237 86
126 237 87
126 237 88
126 237 89
126 237 90
126 237 91
126 237 92
126 237 93
126 237 94
126 237 95
126 238 80
126 238 81
126 238 82
126 238 83
126 238 84
126 238 85
126 238 86
126 238 87
126 238 88
126 238 89
126 238 90
126 238 91
126 238 92
126 238 93
126 238 94
126 238 95
126 239 80
126 239 81
126 239 82
126 239 83
126 239 84
126 239 85
126 239 86
126 239 87
126 239 88
126 239 89
126 239 90
126 239 91
126 239 92
126 239 93
126 239 94
126 239 95
126 240 80
126 240 81
126 240 82
126 240 83
126 240 84
126 240 85
126 240 86
126 240 87
126 240 88
126 240 89
126 240 90
126 240 91
126 240 92
126 240 93
126 240 94
126 240 95
126 241 80
126 241 81
126 241 82
126 241 83
126 241 84
126 241 85
126 241 86
126 241 87
126 241 88
126 241 89
126 241 90
126 241 91
126 241 92
126 241 93
126 241 94
126 241 95
126 242 80
126 242 81
126 242 82
126 242 83
126 242 84
126 242 85
126 242 86
126 242 87
126 242 88
126 242 89
126 242 90
126 242 91
126 242 92
126 242 93
126 242 94
126 242 95
126 243 80
126 243 81
126 243 82
126 243 83
126 243 84
126 243 85
126 243 86
126 243 87
126 243 88
126 243 89
126 243 90
126 243 91
126 243 92
126 243 93
126 243 94
126 244 80
126 244 81
126 244 82
126 244 83
126 244 84
126 244 85
126 244 86
126 244 87
126 244 88
126 244 89
126 244 90
126 244 91
126 244 92
126 244 93
126 244 94
126 245 80
126 245 81
126 245 82
126 245 83
126 245 84
126 245 85
126 245 88
126 245 91
126 245 92
126 245 93
126 245 94
126 246 80
126 246 81
126 246 82
126 246 83
126 246 84
126 246 85
126 246 86
126 246 87
126 247 80
126 247 81
126 247 82
126 247 83
126 247 84
126 247 85
126 247 86
126 247 87
126 248 80
126 248 82
126 248 83
126 248 84
126 248 85
126 249 82
126 249 83
126 249 84
127 225 93
127 225 94
127 226 92
127 226 94
127 226 95
127 227 93
127 227 94
127 227 95
127 228 81
127 228 90
127 228 91
127 228 92
127 228 93
127 228 94
127 228 95
127 229 81
127 229 82
127 229 83
127 229 84
127 229 90
127 229 91
127 229 92
127 229 93
127 229 94
127 229 95
127 230 80
127 230 81
127 230 82
127 230 83
127 230 84
127 230 88
127 230 89
127 230 90
127 230 91
127 230 92
127 230 93
127 230 94
127 230 95
127 231 80
127 231 81
127 231 82
127 231 83
127 231 84
127 231 88
127 231 89
127 231 90
127 231 91
127 231 92
127 231 93
127 231 94
127 231 95
127 232 80
127 232 81
127 232 82
127 232 83
127 232 84
127 232 85
127 232 86
127 232 87
127 232 88
127 232 89
127 232 90
127 232 91
127 232 92
127 232 93
127 232 94
127 232 95
127 233 80
127 233 81
127 233 82
127 233 83
127 233 84
127 233 85
127 233 86
127 233 87
127 233 88
127 233 89
127 233 90
127 233 91
127 233 92
127 233 93
127 233 94
127 233 95
127 234 80
127 234 81
127 234 82
127 234 83
127 234 84
127 234 85
127 234 86
127 234 87
127 234 88
127 234 89
127 234 90
127 234 91
127 234 92
127 234 93
127 234 94
127 234 95
127 235 80
127 235 81
127 235 82
127 235 83
127 235 84
127 235 85
127 235 86
127 235 87
127 235 88
127 235 89
127 235 90
127 235 91
127 235 92
127 235 93
127 235 94
127 235 95
127 236 80
127 236 81
127 236 82
127 236 83
127 236 84
127 236 85
127 236 86
127 236 87
127 236 88
127 236 89
127 236 90
127 236 91
127 236 92
127 236 93
127 236 94
127 236 95
127 237 80
127 237 81
127 237 82
127 237 83
127 237 84
127 237 85
127 237 86
127 237 87
127 237 88
127 237 89
127 237 90
127 237 91
127 237 92
127 237 93
127 237 94
127 237 95
127 238 80
127 238 81
127 238 82
127 238 83
127 238 84
127 238 85
127 238 86
127 238 87
127 238 88
127 238 89
127 238 90
127 238 91
127 238 92
127 238 93
127 238 94
127 238 95
127 239 80
127 239 81
127 239 82
127 239 83
127 239 84
127 239 85
127 239 86
127 239 87
127 239 88
127 239 89
127 239 90
127 239 91
127 239 92
127 239 93
127 239 94
127 239 95
127 240 80
127 240 81
127 240 82
127 240 83
127 240 84
127 240 85
127 240 86
127 240 87
127 240 88
127 240 89
127 240 90
127 240 91
127 240 92
127 240 93
127 240 94
127 240 95
127 241 80
127 241 81
127 241 82
127 241 83
127 241 84
127 241 85
127 241 86
127 241 87
127 241 88
127 241 89
127 241 90
127 241 91
127 241 92
127 241 93
127 241 94
127 241 95
127 242 80
127 242 81
127 242 82
127 242 83
127 242 84
127 242 85
127 242 86
127 242 87
127 242 88
127 242 89
127 242 90
127 242 91
127 242 92
127 242 93
127 242 94
127 242 95
127 243 80
127 243 81
127 243 82
127 243 83
127 243 84
127 243 85
127 243 86
127 243 87
127 243 88
127 243 89
127 243 90
127 243 91
127 243 92
127 243 93
127 243 94
127 243 95
127 244 80
127 244 81
127 244 82
127 244 83
127 244 84
127 244 85
127 244 86
127 244 87
127 244 88
127 244 89
127 244 90
127 244 91
127 244 93
127 244 94
127 244 95
127 245 80
127 245 81
127 245 82
127 245 83
127 245 84
127 245 85
127 245 86
127 245 87
127 245 88
127 245 89
127 245 90
127 245 91
127 245 92
127 245 93
127 245 94
127 245 95
127 246 80
127 246 81
127 246 82
127 246 83
127 246 84
127 246 85
127 246 86
127 246 87
127 246 89
127 246 90
127 246 91
127 246 92
127 246 93
127 246 94
127 247 80
127 247 81
127 247 82
127 247 84
127 247 85
127 247 90
127 247 91
127 247 92
127 248 80
127 248 81
127 248 82
127 248 83
127 248 84
127 248 85
127 249 80
127 249 84
127 249 85
127 250 80
127 250 81
127 250 84
127 251 80

