alfheim:altLeaves
6
-48 219 -209
-48 220 -209
-48 221 -210
-48 221 -209
-48 222 -212
-48 222 -210
-48 222 -209
-48 223 -212
-48 223 -211
-48 223 -210
-48 223 -209
-48 224 -212
-48 224 -211
-48 224 -210
-48 224 -209
-47 220 -209
-47 221 -209
-47 222 -210
-47 222 -209
-47 223 -211
-47 223 -210
-47 223 -209
-47 224 -212
-47 224 -211
-47 224 -210
-47 224 -209
-46 222 -210
-46 222 -209
-46 223 -211
-46 223 -210
-46 223 -209
-46 224 -212
-46 224 -211
-46 224 -210
-46 224 -209
-45 223 -210
-45 223 -209
-45 224 -210
-44 222 -209
-44 223 -209
-44 224 -211
-44 224 -210
-44 224 -209
-43 220 -209
-43 221 -210
-43 223 -209
-43 224 -210
-43 224 -209
-42 219 -209
-42 220 -209
-42 221 -210
-42 221 -209
-42 222 -210
-42 222 -209
-42 223 -211
-42 223 -210
-42 223 -209
-42 224 -212
-42 224 -210
-42 224 -209
-41 220 -209
-41 221 -210
-41 221 -209
-41 222 -211
-41 222 -209
-41 223 -212
-41 223 -211
-41 223 -210
-41 223 -209
-41 224 -212
-41 224 -211
-41 224 -210
-41 224 -209
-40 222 -211
-40 223 -212
-40 223 -211
-40 223 -209
-40 224 -212
-40 224 -211
-40 224 -210
-40 224 -209
-39 222 -210
-39 223 -210
-39 223 -209
-39 224 -212
-39 224 -211
-39 224 -210
-39 224 -209
-38 223 -210
-38 223 -209
-38 224 -210
-38 224 -209
-37 223 -209
-37 224 -210
-37 224 -209
-36 223 -209
-36 224 -210
-36 224 -209
-35 224 -211
-35 224 -209
-34 223 -209
-34 224 -211
-34 224 -210
-34 224 -209
-33 223 -211
-33 223 -210
-33 224 -212
-33 224 -210
-33 224 -209
-48 225 -211
-48 225 -210
-48 225 -209
-48 226 -211
-48 226 -210
-48 226 -209
-48 227 -212
-48 227 -211
-48 227 -210
-48 227 -209
-48 228 -213
-48 228 -212
-48 228 -211
-48 228 -210
-48 228 -209
-48 229 -212
-48 229 -210
-48 229 -209
-48 230 -211
-48 230 -210
-48 230 -209
-48 231 -211
-48 231 -210
-48 231 -209
-48 232 -209
-48 246 -209
-48 247 -211
-48 247 -210
-48 247 -209
-48 248 -210
-48 248 -209
-48 249 -210
-48 249 -209
-48 250 -211
-48 250 -210
-48 250 -209
-48 251 -210
-47 225 -213
-47 225 -212
-47 225 -211
-47 225 -210
-47 225 -209
-47 226 -211
-47 226 -210
-47 226 -209
-47 227 -211
-47 227 -210
-47 227 -209
-47 228 -211
-47 228 -210
-47 228 -209
-47 229 -210
-47 229 -209
-47 230 -211
-47 230 -210
-47 230 -209
-47 231 -211
-47 231 -210
-47 232 -211
-47 232 -210
-47 246 -211
-47 246 -210
-47 246 -209
-47 247 -211
-47 247 -210
-47 247 -209
-47 248 -211
-47 248 -210
-47 248 -209
-47 249 -212
-47 249 -211
-47 249 -210
-47 249 -209
-47 250 -210
-47 250 -209
-47 251 -210
-47 251 -209
-46 225 -212
-46 225 -211
-46 225 -210
-46 225 -209
-46 226 -212
-46 226 -211
-46 226 -210
-46 226 -209
-46 227 -211
-46 227 -210
-46 227 -209
-46 228 -211
-46 228 -210
-46 228 -209
-46 229 -210
-46 229 -209
-46 230 -211
-46 230 -210
-46 230 -209
-46 231 -212
-46 231 -211
-46 231 -210
-46 231 -209
-46 232 -211
-46 232 -209
-46 233 -210
-46 233 -209
-46 234 -210
-46 235 -210
-46 236 -210
-46 245 -209
-46 246 -211
-46 246 -210
-46 246 -209
-46 247 -212
-46 247 -211
-46 247 -210
-46 247 -209
-46 248 -211
-46 248 -210
-46 248 -209
-46 249 -212
-46 249 -211
-46 249 -210
-46 249 -209
-46 250 -211
-46 250 -210
-46 250 -209
-46 251 -210
-46 251 -209
-45 225 -210
-45 225 -209
-45 226 -212
-45 226 -211
-45 226 -210
-45 226 -209
-45 227 -213
-45 227 -212
-45 227 -211
-45 227 -210
-45 227 -209
-45 228 -212
-45 228 -211
-45 228 -210
-45 228 -209
-45 229 -212
-45 229 -211
-45 229 -210
-45 229 -209
-45 230 -211
-45 230 -210
-45 230 -209
-45 231 -211
-45 231 -210
-45 231 -209
-45 232 -210
-45 232 -209
-45 233 -211
-45 233 -210
-45 233 -209
-45 234 -210
-45 234 -209
-45 235 -211
-45 235 -210
-45 236 -210
-45 236 -209
-45 237 -209
-45 238 -209
-45 244 -209
-45 245 -210
-45 245 -209
-45 246 -212
-45 246 -211
-45 246 -210
-45 246 -209
-45 247 -212
-45 247 -211
-45 247 -210
-45 247 -209
-45 248 -213
-45 248 -212
-45 248 -211
-45 248 -210
-45 248 -209
-45 249 -211
-45 249 -210
-45 249 -209
-45 250 -212
-45 250 -211
-45 250 -210
-45 250 -209
-45 251 -211
-45 251 -210
-45 251 -209
-45 252 -210
-45 253 -210
-45 253 -209
-44 225 -212
-44 225 -211
-44 225 -210
-44 225 -209
-44 226 -212
-44 226 -211
-44 226 -210
-44 226 -209
-44 227 -213
-44 227 -212
-44 227 -211
-44 227 -210
-44 227 -209
-44 228 -213
-44 228 -212
-44 228 -211
-44 228 -210
-44 228 -209
-44 229 -212
-44 229 -210
-44 229 -209
-44 230 -212
-44 230 -211
-44 230 -210
-44 230 -209
-44 231 -211
-44 231 -210
-44 231 -209
-44 232 -212
-44 232 -211
-44 232 -210
-44 232 -209
-44 233 -211
-44 233 -210
-44 233 -209
-44 234 -212
-44 234 -211
-44 234 -210
-44 234 -209
-44 235 -213
-44 235 -212
-44 235 -211
-44 235 -210
-44 235 -209
-44 236 -211
-44 236 -210
-44 236 -209
-44 237 -211
-44 237 -210
-44 237 -209
-44 238 -210
-44 238 -209
-44 243 -209
-44 244 -211
-44 244 -210
-44 244 -209
-44 245 -211
-44 245 -210
-44 245 -209
-44 246 -212
-44 246 -211
-44 246 -210
-44 246 -209
-44 247 -212
-44 247 -211
-44 247 -210
-44 247 -209
-44 248 -212
-44 248 -211
-44 248 -210
-44 248 -209
-44 249 -211
-44 249 -210
-44 249 -209
-44 250 -212
-44 250 -211
-44 250 -210
-44 250 -209
-44 251 -212
-44 251 -211
-44 251 -210
-44 251 -209
-44 252 -211
-44 252 -210
-44 252 -209
-44 253 -210
-44 253 -209
-43 225 -212
-43 225 -211
-43 225 -210
-43 225 -209
-43 226 -214
-43 226 -213
-43 226 -212
-43 226 -211
-43 226 -210
-43 226 -209
-43 227 -213
-43 227 -212
-43 227 -211
-43 227 -210
-43 227 -209
-43 228 -213
-43 228 -212
-43 228 -211
-43 228 -210
-43 228 -209
-43 229 -212
-43 229 -210
-43 229 -209
-43 230 -212
-43 230 -211
-43 230 -210
-43 230 -209
-43 231 -211
-43 231 -210
-43 231 -209
-43 232 -211
-43 232 -209
-43 233 -211
-43 233 -210
-43 233 -209
-43 234 -212
-43 234 -211
-43 234 -210
-43 234 -209
-43 235 -212
-43 235 -211
-43 235 -210
-43 235 -209
-43 236 -211
-43 236 -210
-43 236 -209
-43 237 -211
-43 237 -210
-43 237 -209
-43 238 -210
-43 243 -209
-43 244 -209
-43 245 -211
-43 245 -210
-43 245 -209
-43 246 -211
-43 246 -210
-43 247 -211
-43 247 -210
-43 247 -209
-43 248 -213
-43 248 -212
-43 248 -211
-43 248 -210
-43 248 -209
-43 249 -211
-43 249 -209
-43 250 -212
-43 250 -211
-43 250 -210
-43 250 -209
-43 251 -210
-43 251 -209
-43 252 -210
-43 252 -209
-42 225 -212
-42 225 -211
-42 225 -210
-42 225 -209
-42 226 -212
-42 226 -211
-42 226 -210
-42 226 -209
-42 227 -214
-42 227 -213
-42 227 -212
-42 227 -211
-42 227 -210
-42 227 -209
-42 228 -212
-42 228 -210
-42 228 -209
-42 229 -210
-42 229 -209
-42 230 -211
-42 230 -210
-42 230 -209
-42 231 -210
-42 231 -209
-42 233 -210
-42 233 -209
-42 234 -210
-42 234 -209
-42 235 -211
-42 235 -210
-42 235 -209
-42 236 -210
-42 236 -209
-42 237 -209
-42 244 -209
-42 245 -210
-42 245 -209
-42 246 -210
-42 246 -209
-42 247 -212
-42 247 -211
-42 247 -210
-42 247 -209
-42 248 -211
-42 248 -210
-42 248 -209
-42 249 -211
-42 249 -210
-42 249 -209
-42 250 -211
-42 250 -210
-42 250 -209
-42 251 -210
-42 251 -209
-42 252 -210
-42 252 -209
-42 253 -209
-41 225 -213
-41 225 -212
-41 225 -211
-41 225 -210
-41 225 -209
-41 226 -213
-41 226 -212
-41 226 -211
-41 226 -210
-41 226 -209
-41 227 -212
-41 227 -211
-41 227 -210
-41 227 -209
-41 228 -215
-41 228 -213
-41 228 -212
-41 228 -211
-41 228 -210
-41 228 -209
-41 229 -212
-41 229 -211
-41 229 -210
-41 229 -209
-41 230 -212
-41 230 -210
-41 231 -211
-41 231 -209
-41 232 -209
-41 233 -210
-41 233 -209
-41 234 -212
-41 234 -211
-41 234 -209
-41 235 -212
-41 235 -210
-41 235 -209
-41 236 -210
-41 236 -209
-41 237 -210
-41 237 -209
-41 238 -209
-41 244 -209
-41 245 -210
-41 245 -209
-41 246 -211
-41 246 -210
-41 246 -209
-41 247 -211
-41 247 -210
-41 247 -209
-41 248 -212
-41 248 -211
-41 248 -210
-41 248 -209
-41 249 -212
-41 249 -211
-41 249 -210
-41 249 -209
-41 250 -211
-41 250 -210
-41 250 -209
-41 251 -210
-41 251 -209
-41 252 -209
-41 253 -209
-40 225 -213
-40 225 -212
-40 225 -211
-40 225 -210
-40 225 -209
-40 226 -213
-40 226 -212
-40 226 -211
-40 226 -210
-40 226 -209
-40 227 -215
-40 227 -214
-40 227 -212
-40 227 -211
-40 227 -210
-40 227 -209
-40 228 -215
-40 228 -214
-40 228 -213
-40 228 -212
-40 228 -211
-40 228 -210
-40 228 -209
-40 229 -215
-40 229 -214
-40 229 -213
-40 229 -212
-40 229 -211
-40 229 -210
-40 229 -209
-40 230 -211
-40 230 -210
-40 230 -209
-40 231 -211
-40 231 -209
-40 232 -211
-40 232 -209
-40 233 -210
-40 233 -209
-40 234 -213
-40 234 -212
-40 234 -211
-40 234 -210
-40 234 -209
-40 235 -213
-40 235 -212
-40 235 -211
-40 235 -210
-40 235 -209
-40 236 -212
-40 236 -211
-40 236 -210
-40 236 -209
-40 237 -211
-40 237 -210
-40 237 -209
-40 238 -211
-40 238 -209
-40 239 -209
-40 240 -209
-40 246 -209
-40 247 -210
-40 247 -209
-40 248 -212
-40 248 -211
-40 248 -210
-40 248 -209
-40 249 -212
-40 249 -211
-40 249 -210
-40 249 -209
-40 250 -209
-40 251 -209
-39 225 -213
-39 225 -212
-39 225 -210
-39 225 -209
-39 226 -213
-39 226 -212
-39 226 -211
-39 226 -210
-39 226 -209
-39 227 -212
-39 227 -211
-39 227 -210
-39 227 -209
-39 228 -214
-39 228 -213
-39 228 -212
-39 228 -211
-39 228 -210
-39 228 -209
-39 229 -212
-39 229 -211
-39 229 -210
-39 229 -209
-39 230 -212
-39 230 -211
-39 230 -210
-39 230 -209
-39 231 -211
-39 231 -210
-39 231 -209
-39 232 -211
-39 232 -210
-39 232 -209
-39 233 -211
-39 233 -210
-39 233 -209
-39 234 -213
-39 234 -212
-39 234 -211
-39 234 -210
-39 234 -209
-39 235 -213
-39 235 -212
-39 235 -211
-39 235 -210
-39 235 -209
-39 236 -211
-39 236 -210
-39 236 -209
-39 237 -211
-39 237 -210
-39 237 -209
-39 238 -211
-39 238 -210
-39 238 -209
-39 239 -211
-39 239 -210
-39 239 -209
-39 245 -209
-39 246 -210
-39 246 -209
-39 248 -209
-39 249 -211
-39 249 -210
-39 249 -209
-39 250 -209
-39 251 -209
-38 225 -211
-38 225 -210
-38 225 -209
-38 226 -212
-38 226 -211
-38 226 -210
-38 226 -209
-38 227 -215
-38 227 -214
-38 227 -213
-38 227 -212
-38 227 -211
-38 227 -210
-38 227 -209
-38 228 -214
-38 228 -213
-38 228 -212
-38 228 -211
-38 228 -210
-38 228 -209
-38 229 -212
-38 229 -211
-38 229 -210
-38 229 -209
-38 230 -211
-38 230 -210
-38 230 -209
-38 231 -210
-38 231 -209
-38 232 -211
-38 232 -210
-38 232 -209
-38 233 -211
-38 233 -210
-38 233 -209
-38 234 -214
-38 234 -213
-38 234 -212
-38 234 -211
-38 234 -210
-38 234 -209
-38 235 -211
-38 235 -210
-38 235 -209
-38 236 -210
-38 236 -209
-38 237 -210
-38 237 -209
-38 238 -211
-38 238 -210
-38 238 -209
-38 239 -211
-38 239 -209
-38 240 -211
-38 240 -210
-38 240 -209
-38 241 -210
-38 241 -209
-38 246 -209
-38 248 -209
-38 249 -209
-38 250 -209
-38 251 -210
-38 251 -209
-38 252 -210
-38 252 -209
-37 225 -212
-37 225 -210
-37 225 -209
-37 226 -213
-37 226 -212
-37 226 -211
-37 226 -210
-37 226 -209
-37 227 -212
-37 227 -211
-37 227 -210
-37 227 -209
-37 228 -211
-37 228 -210
-37 228 -209
-37 229 -212
-37 229 -211
-37 229 -210
-37 229 -209
-37 230 -211
-37 230 -210
-37 230 -209
-37 231 -210
-37 231 -209
-37 232 -211
-37 232 -210
-37 232 -209
-37 233 -212
-37 233 -211
-37 233 -210
-37 233 -209
-37 234 -212
-37 234 -211
-37 234 -210
-37 234 -209
-37 235 -213
-37 235 -212
-37 235 -211
-37 235 -210
-37 235 -209
-37 236 -213
-37 236 -210
-37 236 -209
-37 237 -212
-37 237 -211
-37 237 -210
-37 237 -209
-37 238 -211
-37 238 -210
-37 238 -209
-37 239 -211
-37 239 -210
-37 239 -209
-37 240 -210
-37 240 -209
-37 244 -209
-37 245 -210
-37 245 -209
-37 246 -209
-37 247 -209
-37 248 -209
-37 250 -210
-37 250 -209
-37 252 -209
-36 225 -211
-36 225 -210
-36 225 -209
-36 226 -211
-36 226 -210
-36 226 -209
-36 227 -213
-36 227 -212
-36 227 -211
-36 227 -210
-36 227 -209
-36 228 -212
-36 228 -211
-36 228 -210
-36 228 -209
-36 229 -211
-36 229 -210
-36 229 -209
-36 230 -209
-36 231 -209
-36 232 -209
-36 233 -210
-36 233 -209
-36 234 -211
-36 234 -210
-36 234 -209
-36 235 -213
-36 235 -212
-36 235 -211
-36 235 -210
-36 235 -209
-36 236 -209
-36 237 -210
-36 237 -209
-36 238 -211
-36 238 -210
-36 239 -210
-36 246 -210
-36 246 -209
-36 247 -210
-36 247 -209
-36 250 -209
-35 225 -212
-35 225 -211
-35 225 -210
-35 225 -209
-35 226 -213
-35 226 -212
-35 226 -211
-35 226 -210
-35 226 -209
-35 227 -212
-35 227 -211
-35 227 -210
-35 227 -209
-35 228 -212
-35 228 -211
-35 228 -210
-35 228 -209
-35 229 -212
-35 229 -211
-35 229 -210
-35 229 -209
-35 230 -210
-35 230 -209
-35 231 -209
-35 232 -210
-35 232 -209
-35 233 -210
-35 233 -209
-35 234 -211
-35 234 -210
-35 234 -209
-35 235 -212
-35 235 -210
-35 235 -209
-35 236 -210
-35 236 -209
-35 237 -209
-35 238 -209
-35 247 -209
-34 225 -212
-34 225 -211
-34 225 -210
-34 225 -209
-34 226 -214
-34 226 -213
-34 226 -212
-34 226 -211
-34 226 -210
-34 226 -209
-34 227 -214
-34 227 -213
-34 227 -212
-34 227 -211
-34 227 -210
-34 227 -209
-34 228 -213
-34 228 -211
-34 228 -210
-34 228 -209
-34 229 -210
-34 229 -209
-34 230 -212
-34 230 -211
-34 230 -210
-34 230 -209
-34 231 -211
-34 231 -210
-34 231 -209
-34 232 -211
-34 232 -210
-34 232 -209
-34 233 -211
-34 233 -210
-34 233 -209
-34 234 -211
-34 234 -210
-34 234 -209
-34 235 -210
-34 235 -209
-34 236 -210
-34 236 -209
-34 237 -210
-34 237 -209
-34 238 -209
-33 225 -212
-33 225 -211
-33 225 -210
-33 225 -209
-33 226 -213
-33 226 -212
-33 226 -211
-33 226 -210
-33 226 -209
-33 227 -211
-33 227 -210
-33 227 -209
-33 228 -212
-33 228 -211
-33 228 -210
-33 228 -209
-33 229 -211
-33 229 -210
-33 229 -209
-33 230 -213
-33 230 -212
-33 230 -211
-33 230 -210
-33 230 -209
-33 231 -211
-33 231 -210
-33 231 -209
-33 232 -212
-33 232 -211
-33 232 -210
-33 232 -209
-33 233 -210
-33 233 -209
-33 234 -211
-33 234 -210
-33 234 -209
-33 235 -210
-33 235 -209
-33 236 -209
-33 237 -209

