alfheim:altWood1
12
96 222 -155
96 222 -154
96 222 -153
96 223 -155
96 223 -154
96 223 -153
96 224 -155
96 224 -154
97 222 -156
97 222 -155
97 222 -154
97 223 -156
97 223 -155
97 223 -154
97 224 -156
97 224 -155
97 224 -154
98 222 -156
98 222 -155
98 223 -156
98 223 -155
98 224 -156
98 224 -155
99 223 -156
99 223 -155
alfheim:altLeaves
6
96 221 -159
96 222 -159
96 222 -157
96 223 -160
96 223 -159
96 223 -158
96 223 -157
96 223 -156
96 224 -160
96 224 -159
96 224 -158
96 224 -157
96 224 -156
97 223 -160
97 223 -159
97 224 -160
97 224 -159
97 224 -158
97 224 -157
98 223 -159
98 224 -159
98 224 -152
98 224 -150
99 223 -151
99 223 -150
99 224 -159
99 224 -152
99 224 -150
99 224 -149
100 223 -152
100 223 -151
100 223 -150
100 224 -160
100 224 -154
100 224 -152
100 224 -151
100 224 -150
100 224 -149
100 224 -148
101 222 -151
101 222 -150
101 223 -160
101 223 -151
101 223 -150
101 223 -149
101 223 -148
101 224 -160
101 224 -158
101 224 -155
101 224 -154
101 224 -152
101 224 -150
101 224 -149
102 222 -160
102 222 -152
102 222 -151
102 222 -150
102 222 -148
102 222 -147
102 223 -160
102 223 -158
102 223 -154
102 223 -153
102 223 -152
102 223 -151
102 223 -150
102 223 -149
102 223 -148
102 223 -147
102 223 -146
102 223 -145
102 224 -160
102 224 -159
102 224 -158
102 224 -157
102 224 -155
102 224 -154
102 224 -153
102 224 -152
102 224 -151
102 224 -150
102 224 -149
102 224 -148
102 224 -147
103 220 -150
103 221 -152
103 221 -151
103 221 -150
103 221 -148
103 222 -160
103 222 -154
103 222 -153
103 222 -152
103 222 -151
103 222 -150
103 222 -148
103 222 -147
103 223 -160
103 223 -159
103 223 -158
103 223 -155
103 223 -154
103 223 -153
103 223 -152
103 223 -151
103 223 -150
103 223 -149
103 223 -148
103 223 -145
103 224 -160
103 224 -159
103 224 -158
103 224 -157
103 224 -156
103 224 -155
103 224 -154
103 224 -153
103 224 -152
103 224 -151
103 224 -150
103 224 -149
103 224 -148
103 224 -147
103 224 -146
103 224 -145
104 213 -157
104 214 -157
104 215 -159
104 215 -158
104 215 -157
104 219 -150
104 220 -151
104 220 -150
104 220 -148
104 220 -147
104 221 -150
104 221 -147
104 221 -146
104 221 -145
104 222 -152
104 222 -150
104 222 -149
104 222 -148
104 222 -147
104 222 -146
104 222 -145
104 223 -159
104 223 -155
104 223 -154
104 223 -152
104 223 -151
104 223 -150
104 223 -149
104 223 -148
104 223 -147
104 223 -146
104 223 -145
104 224 -160
104 224 -159
104 224 -158
104 224 -155
104 224 -153
104 224 -152
104 224 -151
104 224 -150
104 224 -149
104 224 -148
104 224 -147
104 224 -146
104 224 -145
105 212 -157
105 213 -158
105 213 -157
105 213 -156
105 214 -158
105 214 -157
105 214 -156
105 214 -155
105 214 -154
105 215 -159
105 215 -158
105 215 -157
105 215 -156
105 216 -157
105 219 -151
105 219 -150
105 220 -151
105 220 -150
105 220 -149
105 220 -148
105 220 -147
105 221 -151
105 221 -150
105 221 -149
105 221 -148
105 221 -147
105 221 -145
105 222 -151
105 222 -150
105 222 -149
105 222 -148
105 222 -147
105 222 -146
105 222 -145
105 223 -155
105 223 -154
105 223 -153
105 223 -152
105 223 -151
105 223 -150
105 223 -149
105 223 -148
105 223 -147
105 223 -146
105 223 -145
105 224 -160
105 224 -159
105 224 -156
105 224 -155
105 224 -154
105 224 -153
105 224 -152
105 224 -151
105 224 -150
105 224 -149
105 224 -148
105 224 -147
105 224 -146
105 224 -145
106 213 -159
106 213 -157
106 214 -160
106 214 -159
106 214 -158
106 214 -157
106 214 -156
106 215 -160
106 215 -159
106 215 -158
106 215 -157
106 215 -156
106 216 -159
106 216 -158
106 216 -157
106 217 -157
106 220 -155
106 220 -151
106 220 -148
106 221 -151
106 221 -150
106 221 -147
106 221 -145
106 222 -157
106 222 -151
106 222 -150
106 222 -149
106 222 -148
106 222 -147
106 222 -146
106 222 -145
106 223 -157
106 223 -154
106 223 -153
106 223 -152
106 223 -151
106 223 -150
106 223 -149
106 223 -148
106 223 -147
106 223 -146
106 223 -145
106 224 -160
106 224 -159
106 224 -158
106 224 -157
106 224 -156
106 224 -154
106 224 -153
106 224 -151
106 224 -150
106 224 -149
106 224 -148
106 224 -147
106 224 -146
106 224 -145
107 212 -159
107 212 -156
107 213 -159
107 213 -158
107 213 -157
107 213 -156
107 214 -160
107 214 -159
107 214 -158
107 214 -157
107 214 -156
107 214 -155
107 215 -160
107 215 -159
107 215 -158
107 215 -157
107 215 -156
107 216 -160
107 216 -159
107 216 -157
107 217 -159
107 217 -157
107 219 -154
107 220 -155
107 220 -154
107 220 -153
107 221 -158
107 222 -155
107 222 -152
107 222 -151
107 222 -150
107 222 -149
107 222 -145
107 223 -158
107 223 -157
107 223 -154
107 223 -152
107 223 -151
107 223 -150
107 223 -149
107 223 -148
107 223 -147
107 223 -146
107 224 -158
107 224 -157
107 224 -156
107 224 -155
107 224 -154
107 224 -153
107 224 -152
107 224 -151
107 224 -150
107 224 -149
107 224 -148
107 224 -147
107 224 -146
107 224 -145
108 211 -158
108 211 -157
108 211 -156
108 212 -159
108 212 -158
108 212 -156
108 212 -155
108 213 -160
108 213 -159
108 213 -158
108 213 -157
108 213 -156
108 213 -155
108 213 -154
108 214 -160
108 214 -159
108 214 -158
108 214 -157
108 214 -156
108 214 -155
108 214 -154
108 215 -160
108 215 -159
108 215 -158
108 215 -157
108 215 -156
108 215 -154
108 216 -160
108 216 -159
108 216 -158
108 216 -156
108 216 -155
108 217 -160
108 217 -159
108 217 -158
108 217 -157
108 218 -158
108 218 -157
108 218 -154
108 219 -157
108 219 -154
108 220 -157
108 220 -155
108 220 -154
108 220 -150
108 220 -149
108 221 -158
108 221 -157
108 221 -156
108 221 -155
108 222 -160
108 222 -155
108 222 -151
108 222 -145
108 223 -160
108 223 -159
108 223 -157
108 223 -156
108 223 -154
108 223 -152
108 223 -151
108 223 -150
108 223 -147
108 223 -145
108 224 -160
108 224 -159
108 224 -158
108 224 -157
108 224 -156
108 224 -155
108 224 -154
108 224 -153
108 224 -152
108 224 -151
108 224 -150
108 224 -149
108 224 -147
108 224 -146
109 209 -159
109 209 -158
109 210 -160
109 210 -155
109 211 -160
109 211 -159
109 211 -158
109 211 -157
109 211 -156
109 212 -160
109 212 -159
109 212 -158
109 212 -157
109 212 -156
109 212 -155
109 212 -154
109 213 -160
109 213 -159
109 213 -158
109 213 -157
109 213 -156
109 213 -155
109 214 -160
109 214 -159
109 214 -158
109 214 -157
109 214 -156
109 214 -155
109 215 -160
109 215 -159
109 215 -158
109 215 -157
109 215 -156
109 215 -155
109 216 -160
109 216 -159
109 216 -158
109 216 -157
109 216 -156
109 216 -155
109 217 -160
109 217 -159
109 217 -158
109 217 -157
109 217 -156
109 217 -155
109 218 -159
109 218 -158
109 218 -157
109 218 -156
109 218 -155
109 218 -154
109 219 -160
109 219 -159
109 219 -158
109 219 -157
109 219 -156
109 219 -155
109 219 -153
109 219 -152
109 219 -150
109 219 -149
109 220 -160
109 220 -159
109 220 -158
109 220 -157
109 220 -156
109 220 -155
109 220 -154
109 220 -153
109 220 -152
109 220 -151
109 220 -150
109 220 -149
109 220 -148
109 221 -160
109 221 -159
109 221 -158
109 221 -157
109 221 -156
109 221 -155
109 221 -154
109 221 -151
109 221 -150
109 221 -149
109 221 -148
109 222 -160
109 222 -159
109 222 -158
109 222 -156
109 222 -155
109 222 -153
109 222 -152
109 222 -151
109 222 -150
109 222 -149
109 222 -148
109 222 -145
109 223 -160
109 223 -159
109 223 -158
109 223 -157
109 223 -156
109 223 -155
109 223 -154
109 223 -153
109 223 -152
109 223 -151
109 223 -150
109 223 -149
109 223 -145
109 224 -160
109 224 -159
109 224 -158
109 224 -157
109 224 -156
109 224 -154
109 224 -153
109 224 -152
109 224 -151
109 224 -150
109 224 -149
109 224 -146
109 224 -145
110 207 -157
110 208 -159
110 208 -157
110 209 -159
110 209 -158
110 209 -157
110 209 -155
110 210 -160
110 210 -159
110 210 -158
110 210 -157
110 210 -155
110 210 -154
110 211 -160
110 211 -159
110 211 -158
110 211 -157
110 211 -156
110 211 -155
110 211 -154
110 211 -153
110 212 -160
110 212 -159
110 212 -158
110 212 -157
110 212 -156
110 212 -154
110 213 -159
110 213 -158
110 213 -157
110 213 -156
110 213 -155
110 213 -154
110 213 -153
110 214 -160
110 214 -159
110 214 -158
110 214 -157
110 214 -156
110 214 -155
110 214 -154
110 215 -160
110 215 -159
110 215 -158
110 215 -157
110 215 -156
110 215 -155
110 215 -154
110 216 -160
110 216 -159
110 216 -158
110 216 -157
110 216 -156
110 216 -154
110 217 -160
110 217 -159
110 217 -158
110 217 -157
110 217 -156
110 217 -155
110 217 -154
110 217 -151
110 217 -150
110 218 -160
110 218 -159
110 218 -158
110 218 -157
110 218 -156
110 218 -155
110 218 -154
110 218 -153
110 218 -150
110 219 -160
110 219 -159
110 219 -158
110 219 -157
110 219 -156
110 219 -155
110 219 -154
110 219 -153
110 219 -152
110 219 -151
110 219 -150
110 219 -149
110 220 -160
110 220 -159
110 220 -158
110 220 -157
110 220 -156
110 220 -155
110 220 -154
110 220 -153
110 220 -152
110 220 -151
110 220 -150
110 220 -149
110 220 -148
110 221 -160
110 221 -159
110 221 -158
110 221 -157
110 221 -156
110 221 -154
110 221 -153
110 221 -150
110 221 -149
110 221 -148
110 221 -147
110 222 -160
110 222 -159
110 222 -158
110 222 -157
110 222 -156
110 222 -155
110 222 -154
110 222 -153
110 222 -152
110 222 -151
110 222 -150
110 222 -149
110 222 -148
110 222 -147
110 223 -160
110 223 -159
110 223 -158
110 223 -157
110 223 -156
110 223 -155
110 223 -154
110 223 -152
110 223 -151
110 223 -150
110 223 -149
110 223 -148
110 223 -145
110 224 -160
110 224 -159
110 224 -158
110 224 -157
110 224 -156
110 224 -155
110 224 -154
110 224 -153
110 224 -152
110 224 -151
110 224 -150
110 224 -149
110 224 -148
111 206 -158
111 207 -158
111 208 -158
111 208 -157
111 208 -156
111 209 -159
111 209 -158
111 209 -157
111 209 -155
111 209 -154
111 210 -160
111 210 -159
111 210 -158
111 210 -157
111 210 -156
111 210 -155
111 210 -154
111 210 -153
111 211 -159
111 211 -158
111 211 -157
111 211 -156
111 211 -155
111 211 -154
111 212 -160
111 212 -159
111 212 -158
111 212 -157
111 212 -156
111 212 -155
111 212 -154
111 213 -160
111 213 -159
111 213 -158
111 213 -157
111 213 -156
111 213 -155
111 214 -160
111 214 -159
111 214 -158
111 214 -157
111 214 -156
111 214 -155
111 214 -154
111 214 -153
111 214 -152
111 214 -151
111 215 -160
111 215 -159
111 215 -158
111 215 -157
111 215 -156
111 215 -155
111 215 -154
111 216 -160
111 216 -159
111 216 -158
111 216 -157
111 216 -156
111 216 -155
111 216 -154
111 216 -153
111 217 -160
111 217 -159
111 217 -158
111 217 -157
111 217 -156
111 217 -155
111 217 -154
111 217 -153
111 217 -151
111 217 -150
111 218 -160
111 218 -159
111 218 -158
111 218 -157
111 218 -156
111 218 -154
111 218 -153
111 218 -151
111 218 -150
111 218 -149
111 219 -160
111 219 -159
111 219 -158
111 219 -157
111 219 -156
111 219 -155
111 219 -154
111 219 -153
111 219 -152
111 219 -151
111 219 -149
111 220 -160
111 220 -159
111 220 -158
111 220 -157
111 220 -156
111 220 -155
111 220 -154
111 220 -153
111 220 -152
111 220 -151
111 220 -150
111 220 -149
111 220 -148
111 221 -160
111 221 -159
111 221 -158
111 221 -157
111 221 -156
111 221 -155
111 221 -154
111 221 -152
111 221 -151
111 221 -150
111 221 -149
111 221 -148
111 221 -147
111 222 -160
111 222 -159
111 222 -158
111 222 -157
111 222 -156
111 222 -155
111 222 -154
111 222 -152
111 222 -151
111 222 -150
111 222 -149
111 222 -148
111 222 -147
111 223 -160
111 223 -159
111 223 -158
111 223 -157
111 223 -156
111 223 -155
111 223 -154
111 223 -153
111 223 -152
111 223 -151
111 223 -150
111 223 -148
111 223 -147
111 224 -160
111 224 -159
111 224 -158
111 224 -157
111 224 -156
111 224 -155
111 224 -154
111 224 -153
111 224 -152
111 224 -151
111 224 -150
111 224 -148
96 225 -160
96 225 -159
96 225 -158
96 226 -160
96 226 -159
96 226 -158
96 226 -157
96 226 -156
96 227 -160
96 227 -159
96 227 -158
96 227 -157
96 228 -160
96 228 -159
96 228 -158
96 228 -157
96 228 -156
96 228 -153
96 229 -160
96 229 -159
96 229 -158
96 229 -157
96 229 -156
96 229 -155
96 229 -153
96 229 -152
96 230 -160
96 230 -159
96 230 -158
96 230 -157
96 230 -156
96 230 -155
96 230 -154
96 230 -153
96 230 -152
96 231 -160
96 231 -159
96 231 -158
96 231 -157
96 231 -156
96 231 -155
96 231 -154
96 231 -153
96 231 -152
96 231 -151
96 231 -145
96 232 -160
96 232 -159
96 232 -158
96 232 -157
96 232 -156
96 232 -155
96 232 -154
96 232 -153
96 232 -152
96 232 -145
96 233 -160
96 233 -159
96 233 -158
96 233 -157
96 233 -156
96 233 -155
96 233 -154
96 233 -153
96 233 -152
96 233 -150
96 233 -148
96 233 -147
96 233 -145
96 234 -160
96 234 -159
96 234 -158
96 234 -157
96 234 -156
96 234 -155
96 234 -154
96 234 -153
96 234 -150
96 234 -149
96 234 -148
96 234 -147
96 234 -146
96 234 -145
96 235 -160
96 235 -159
96 235 -158
96 235 -157
96 235 -156
96 235 -155
96 235 -154
96 235 -153
96 235 -152
96 235 -151
96 235 -150
96 235 -149
96 235 -148
96 235 -147
96 235 -146
96 235 -145
96 236 -160
96 236 -159
96 236 -158
96 236 -157
96 236 -156
96 236 -155
96 236 -154
96 236 -153
96 236 -152
96 236 -151
96 236 -150
96 236 -149
96 236 -148
96 236 -147
96 236 -146
96 236 -145
96 237 -160
96 237 -159
96 237 -158
96 237 -157
96 237 -156
96 237 -155
96 237 -154
96 237 -153
96 237 -152
96 237 -151
96 237 -150
96 237 -149
96 237 -148
96 237 -147
96 237 -146
96 237 -145
96 238 -160
96 238 -159
96 238 -158
96 238 -157
96 238 -156
96 238 -155
96 238 -154
96 238 -153
96 238 -152
96 238 -151
96 238 -150
96 238 -149
96 238 -148
96 238 -147
96 238 -146
96 238 -145
96 239 -160
96 239 -159
96 239 -158
96 239 -157
96 239 -156
96 239 -155
96 239 -154
96 239 -153
96 239 -152
96 239 -151
96 239 -150
96 239 -149
96 239 -148
96 239 -147
96 239 -146
96 239 -145
96 240 -160
96 240 -159
96 240 -158
96 240 -157
96 240 -156
96 240 -155
96 240 -154
96 240 -152
96 240 -151
96 240 -150
96 240 -149
96 240 -148
96 240 -147
96 240 -146
96 240 -145
96 241 -160
96 241 -159
96 241 -158
96 241 -157
96 241 -156
96 241 -155
96 241 -154
96 241 -153
96 241 -152
96 241 -151
96 241 -150
96 241 -149
96 241 -148
96 241 -147
96 241 -146
96 241 -145
96 242 -160
96 242 -159
96 242 -158
96 242 -157
96 242 -156
96 242 -155
96 242 -154
96 242 -153
96 242 -152
96 242 -151
96 242 -150
96 242 -149
96 242 -148
96 242 -147
96 242 -146
96 242 -145
96 243 -160
96 243 -158
96 243 -157
96 243 -151
96 243 -150
96 243 -149
96 243 -148
96 243 -147
96 243 -146
96 243 -145
96 244 -158
96 244 -150
96 244 -149
96 244 -148
96 244 -146
96 244 -145
96 245 -150
96 245 -148
96 245 -147
96 246 -148
96 246 -147
97 225 -160
97 225 -159
97 225 -158
97 225 -157
97 226 -160
97 226 -159
97 226 -158
97 226 -157
97 226 -156
97 227 -160
97 227 -159
97 227 -158
97 227 -157
97 228 -160
97 228 -159
97 228 -158
97 228 -157
97 228 -156
97 228 -155
97 229 -160
97 229 -159
97 229 -158
97 229 -157
97 229 -156
97 229 -155
97 230 -160
97 230 -159
97 230 -158
97 230 -157
97 230 -156
97 230 -155
97 230 -154
97 230 -152
97 231 -160
97 231 -159
97 231 -158
97 231 -157
97 231 -156
97 231 -155
97 231 -154
97 231 -153
97 231 -152
97 232 -160
97 232 -159
97 232 -158
97 232 -157
97 232 -156
97 232 -155
97 232 -154
97 232 -153
97 232 -152
97 232 -151
97 232 -150
97 232 -145
97 233 -160
97 233 -159
97 233 -158
97 233 -157
97 233 -156
97 233 -155
97 233 -154
97 233 -153
97 233 -152
97 233 -150
97 233 -149
97 233 -148
97 233 -147
97 233 -146
97 233 -145
97 234 -160
97 234 -159
97 234 -158
97 234 -157
97 234 -156
97 234 -155
97 234 -154
97 234 -153
97 234 -152
97 234 -151
97 234 -150
97 234 -149
97 234 -148
97 234 -147
97 234 -146
97 234 -145
97 235 -160
97 235 -159
97 235 -158
97 235 -157
97 235 -156
97 235 -155
97 235 -154
97 235 -153
97 235 -152
97 235 -151
97 235 -150
97 235 -149
97 235 -148
97 235 -147
97 235 -146
97 235 -145
97 236 -160
97 236 -159
97 236 -158
97 236 -157
97 236 -156
97 236 -155
97 236 -154
97 236 -153
97 236 -152
97 236 -151
97 236 -150
97 236 -149
97 236 -148
97 236 -147
97 236 -146
97 236 -145
97 237 -160
97 237 -159
97 237 -158
97 237 -157
97 237 -156
97 237 -155
97 237 -154
97 237 -153
97 237 -152
97 237 -151
97 237 -149
97 237 -148
97 237 -147
97 237 -146
97 237 -145
97 238 -160
97 238 -159
97 238 -158
97 238 -157
97 238 -156
97 238 -155
97 238 -154
97 238 -153
97 238 -152
97 238 -151
97 238 -150
97 238 -149
97 238 -148
97 238 -147
97 238 -146
97 238 -145
97 239 -160
97 239 -159
97 239 -158
97 239 -156
97 239 -155
97 239 -153
97 239 -152
97 239 -151
97 239 -150
97 239 -149
97 239 -148
97 239 -147
97 239 -146
97 239 -145
97 240 -160
97 240 -159
97 240 -158
97 240 -157
97 240 -155
97 240 -154
97 240 -152
97 240 -151
97 240 -150
97 240 -149
97 240 -148
97 240 -147
97 240 -146
97 240 -145
97 241 -160
97 241 -159
97 241 -158
97 241 -157
97 241 -156
97 241 -155
97 241 -154
97 241 -153
97 241 -152
97 241 -151
97 241 -150
97 241 -149
97 241 -148
97 241 -147
97 241 -146
97 241 -145
97 242 -159
97 242 -157
97 242 -156
97 242 -155
97 242 -154
97 242 -152
97 242 -151
97 242 -150
97 242 -149
97 242 -148
97 242 -147
97 242 -146
97 242 -145
97 243 -157
97 243 -151
97 243 -150
97 243 -149
97 243 -148
97 243 -147
97 243 -145
97 244 -149
97 244 -148
97 244 -147
97 245 -150
97 245 -149
97 246 -149
98 225 -160
98 225 -159
98 225 -158
98 226 -160
98 226 -159
98 226 -158
98 226 -157
98 227 -160
98 227 -159
98 227 -158
98 227 -157
98 227 -156
98 227 -155
98 228 -160
98 228 -159
98 228 -158
98 228 -157
98 228 -156
98 228 -155
98 228 -154
98 229 -160
98 229 -159
98 229 -158
98 229 -157
98 229 -156
98 229 -155
98 229 -154
98 230 -160
98 230 -159
98 230 -158
98 230 -157
98 230 -156
98 230 -155
98 230 -154
98 231 -160
98 231 -159
98 231 -158
98 231 -157
98 231 -156
98 231 -155
98 231 -154
98 231 -153
98 231 -151
98 231 -150
98 231 -145
98 232 -160
98 232 -159
98 232 -158
98 232 -157
98 232 -156
98 232 -155
98 232 -154
98 232 -153
98 232 -152
98 232 -151
98 232 -150
98 232 -149
98 232 -148
98 232 -146
98 232 -145
98 233 -160
98 233 -159
98 233 -158
98 233 -157
98 233 -156
98 233 -155
98 233 -154
98 233 -153
98 233 -152
98 233 -151
98 233 -150
98 233 -149
98 233 -148
98 233 -147
98 233 -146
98 233 -145
98 234 -160
98 234 -159
98 234 -158
98 234 -157
98 234 -156
98 234 -155
98 234 -154
98 234 -153
98 234 -152
98 234 -151
98 234 -150
98 234 -149
98 234 -148
98 234 -147
98 234 -146
98 234 -145
98 235 -160
98 235 -159
98 235 -158
98 235 -157
98 235 -156
98 235 -155
98 235 -153
98 235 -152
98 235 -151
98 235 -150
98 235 -149
98 235 -148
98 235 -147
98 235 -146
98 235 -145
98 236 -160
98 236 -159
98 236 -158
98 236 -157
98 236 -156
98 236 -154
98 236 -153
98 236 -152
98 236 -150
98 236 -149
98 236 -148
98 236 -147
98 236 -146
98 236 -145
98 237 -160
98 237 -159
98 237 -158
98 237 -157
98 237 -156
98 237 -155
98 237 -154
98 237 -153
98 237 -152
98 237 -150
98 237 -149
98 237 -148
98 237 -147
98 237 -146
98 237 -145
98 238 -160
98 238 -159
98 238 -158
98 238 -157
98 238 -156
98 238 -155
98 238 -154
98 238 -153
98 238 -150
98 238 -149
98 238 -148
98 238 -147
98 238 -146
98 238 -145
98 239 -160
98 239 -159
98 239 -158
98 239 -156
98 239 -153
98 239 -151
98 239 -150
98 239 -149
98 239 -148
98 239 -147
98 239 -146
98 239 -145
98 240 -160
98 240 -159
98 240 -158
98 240 -157
98 240 -153
98 240 -152
98 240 -151
98 240 -149
98 240 -148
98 240 -147
98 240 -146
98 240 -145
98 241 -160
98 241 -159
98 241 -158
98 241 -157
98 241 -153
98 241 -152
98 241 -151
98 241 -150
98 241 -149
98 241 -148
98 241 -147
98 241 -146
98 241 -145
98 242 -160
98 242 -158
98 242 -157
98 242 -153
98 242 -152
98 242 -151
98 242 -150
98 242 -148
98 242 -147
98 242 -146
98 242 -145
98 243 -151
98 243 -150
98 243 -149
98 243 -148
98 243 -147
98 243 -146
98 244 -148
98 244 -146
98 245 -149
99 225 -160
99 225 -159
99 225 -158
99 225 -152
99 225 -151
99 225 -149
99 225 -148
99 226 -160
99 226 -159
99 226 -158
99 226 -157
99 226 -152
99 227 -160
99 227 -159
99 227 -158
99 227 -157
99 227 -156
99 228 -160
99 228 -159
99 228 -158
99 228 -157
99 228 -156
99 229 -160
99 229 -159
99 229 -158
99 229 -157
99 229 -156
99 229 -155
99 229 -154
99 230 -160
99 230 -159
99 230 -158
99 230 -157
99 230 -156
99 230 -155
99 230 -154
99 230 -153
99 230 -152
99 230 -151
99 230 -150
99 231 -160
99 231 -159
99 231 -158
99 231 -157
99 231 -156
99 231 -155
99 231 -154
99 231 -153
99 231 -152
99 231 -151
99 231 -150
99 232 -160
99 232 -159
99 232 -158
99 232 -157
99 232 -156
99 232 -155
99 232 -154
99 232 -153
99 232 -152
99 232 -151
99 232 -150
99 232 -149
99 232 -148
99 233 -160
99 233 -159
99 233 -158
99 233 -157
99 233 -156
99 233 -155
99 233 -154
99 233 -153
99 233 -152
99 233 -151
99 233 -150
99 233 -149
99 233 -148
99 233 -147
99 233 -146
99 233 -145
99 234 -160
99 234 -159
99 234 -158
99 234 -157
99 234 -156
99 234 -155
99 234 -154
99 234 -153
99 234 -152
99 234 -151
99 234 -150
99 234 -149
99 234 -148
99 234 -147
99 234 -146
99 234 -145
99 235 -160
99 235 -159
99 235 -158
99 235 -157
99 235 -156
99 235 -155
99 235 -154
99 235 -151
99 235 -150
99 235 -149
99 235 -148
99 235 -147
99 235 -146
99 235 -145
99 236 -160
99 236 -159
99 236 -158
99 236 -157
99 236 -156
99 236 -155
99 236 -154
99 236 -152
99 236 -150
99 236 -149
99 236 -148
99 236 -147
99 236 -146
99 236 -145
99 237 -160
99 237 -159
99 237 -158
99 237 -157
99 237 -154
99 237 -153
99 237 -150
99 237 -148
99 237 -147
99 237 -146
99 237 -145
99 238 -160
99 238 -159
99 238 -158
99 238 -157
99 238 -156
99 238 -150
99 238 -149
99 238 -148
99 238 -147
99 238 -146
99 238 -145
99 239 -160
99 239 -159
99 239 -158
99 239 -151
99 239 -150
99 239 -149
99 239 -148
99 239 -147
99 239 -146
99 239 -145
99 240 -160
99 240 -159
99 240 -158
99 240 -157
99 240 -150
99 240 -149
99 240 -148
99 240 -147
99 240 -146
99 240 -145
99 241 -160
99 241 -159
99 241 -158
99 241 -153
99 241 -152
99 241 -151
99 241 -150
99 241 -149
99 241 -148
99 241 -147
99 241 -146
99 241 -145
99 242 -152
99 242 -148
99 242 -147
99 242 -146
99 243 -149
100 225 -160
100 225 -159
100 225 -158
100 225 -157
100 225 -155
100 225 -154
100 225 -153
100 225 -152
100 225 -151
100 225 -150
100 225 -149
100 225 -148
100 226 -160
100 226 -159
100 226 -158
100 226 -157
100 226 -153
100 226 -152
100 226 -150
100 226 -146
100 227 -160
100 227 -159
100 227 -158
100 227 -157
100 227 -156
100 227 -155
100 227 -147
100 227 -146
100 227 -145
100 228 -160
100 228 -159
100 228 -158
100 228 -157
100 228 -156
100 228 -145
100 229 -160
100 229 -159
100 229 -158
100 229 -157
100 229 -156
100 229 -155
100 230 -160
100 230 -159
100 230 -158
100 230 -157
100 230 -156
100 230 -155
100 230 -154
100 230 -153
100 230 -151
100 231 -160
100 231 -159
100 231 -158
100 231 -157
100 231 -156
100 231 -155
100 231 -154
100 231 -152
100 231 -151
100 231 -150
100 231 -149
100 232 -160
100 232 -159
100 232 -158
100 232 -156
100 232 -155
100 232 -154
100 232 -153
100 232 -152
100 232 -151
100 232 -150
100 232 -149
100 232 -148
100 232 -147
100 232 -146
100 233 -160
100 233 -159
100 233 -158
100 233 -157
100 233 -156
100 233 -155
100 233 -154
100 233 -153
100 233 -152
100 233 -151
100 233 -150
100 233 -149
100 233 -148
100 233 -147
100 233 -146
100 233 -145
100 234 -160
100 234 -159
100 234 -158
100 234 -157
100 234 -156
100 234 -155
100 234 -154
100 234 -153
100 234 -152
100 234 -151
100 234 -150
100 234 -149
100 234 -148
100 234 -147
100 234 -146
100 234 -145
100 235 -160
100 235 -159
100 235 -158
100 235 -157
100 235 -156
100 235 -155
100 235 -151
100 235 -150
100 235 -149
100 235 -148
100 235 -147
100 235 -146
100 235 -145
100 236 -160
100 236 -159
100 236 -158
100 236 -157
100 236 -156
100 236 -155
100 236 -151
100 236 -150
100 236 -149
100 236 -148
100 236 -147
100 236 -146
100 236 -145
100 237 -160
100 237 -159
100 237 -158
100 237 -157
100 237 -156
100 237 -155
100 237 -149
100 237 -148
100 237 -147
100 237 -146
100 237 -145
100 238 -160
100 238 -159
100 238 -158
100 238 -157
100 238 -155
100 238 -149
100 238 -148
100 238 -147
100 238 -146
100 238 -145
100 239 -159
100 239 -158
100 239 -157
100 239 -156
100 239 -151
100 239 -150
100 239 -149
100 239 -148
100 239 -147
100 239 -146
100 239 -145
100 240 -160
100 240 -159
100 240 -158
100 240 -150
100 240 -149
100 240 -148
100 240 -147
100 240 -146
100 240 -145
100 241 -160
100 241 -150
100 241 -149
100 241 -148
100 241 -147
100 241 -146
100 241 -145
100 242 -147
100 243 -147
101 225 -160
101 225 -159
101 225 -158
101 225 -157
101 225 -153
101 225 -152
101 225 -151
101 225 -150
101 225 -149
101 226 -160
101 226 -159
101 226 -158
101 226 -157
101 226 -156
101 226 -155
101 226 -152
101 226 -151
101 226 -150
101 226 -149
101 226 -148
101 226 -145
101 227 -160
101 227 -159
101 227 -158
101 227 -157
101 227 -156
101 227 -153
101 227 -152
101 227 -146
101 227 -145
101 228 -160
101 228 -159
101 228 -158
101 228 -157
101 228 -156
101 228 -155
101 228 -152
101 228 -151
101 228 -148
101 228 -145
101 229 -160
101 229 -159
101 229 -158
101 229 -157
101 229 -156
101 229 -155
101 229 -151
101 229 -149
101 229 -146
101 229 -145
101 230 -160
101 230 -159
101 230 -158
101 230 -157
101 230 -156
101 230 -155
101 230 -154
101 230 -153
101 230 -151
101 230 -150
101 230 -149
101 231 -160
101 231 -159
101 231 -158
101 231 -157
101 231 -156
101 231 -155
101 231 -154
101 231 -153
101 231 -152
101 231 -151
101 231 -150
101 231 -149
101 231 -146
101 232 -160
101 232 -159
101 232 -158
101 232 -157
101 232 -156
101 232 -155
101 232 -154
101 232 -153
101 232 -152
101 232 -151
101 232 -150
101 232 -149
101 232 -148
101 232 -147
101 233 -160
101 233 -159
101 233 -158
101 233 -156
101 233 -155
101 233 -154
101 233 -153
101 233 -152
101 233 -151
101 233 -150
101 233 -149
101 233 -148
101 233 -146
101 234 -160
101 234 -159
101 234 -157
101 234 -156
101 234 -153
101 234 -152
101 234 -151
101 234 -150
101 234 -149
101 234 -147
101 234 -146
101 234 -145
101 235 -160
101 235 -159
101 235 -158
101 235 -157
101 235 -156
101 235 -155
101 235 -154
101 235 -150
101 235 -149
101 235 -147
101 235 -146
101 235 -145
101 236 -160
101 236 -159
101 236 -157
101 236 -156
101 236 -155
101 236 -154
101 236 -150
101 236 -149
101 236 -148
101 236 -147
101 236 -146
101 236 -145
101 237 -158
101 237 -157
101 237 -156
101 237 -155
101 237 -149
101 237 -148
101 237 -147
101 237 -146
101 237 -145
101 238 -160
101 238 -159
101 238 -158
101 238 -157
101 238 -156
101 238 -155
101 238 -154
101 238 -149
101 238 -148
101 238 -147
101 238 -146
101 238 -145
101 239 -157
101 239 -156
101 239 -155
101 239 -151
101 239 -150
101 239 -149
101 239 -148
101 239 -147
101 239 -146
101 239 -145
101 240 -156
101 240 -151
101 240 -150
101 240 -149
101 240 -148
101 240 -147
101 240 -146
101 241 -150
101 241 -149
101 241 -148
101 241 -147
101 242 -148
101 242 -147
101 242 -146
101 243 -147
101 244 -147
102 225 -160
102 225 -159
102 225 -158
102 225 -157
102 225 -156
102 225 -154
102 225 -153
102 225 -152
102 225 -151
102 225 -150
102 225 -149
102 225 -148
102 225 -147
102 225 -146
102 226 -160
102 226 -159
102 226 -158
102 226 -157
102 226 -155
102 226 -154
102 226 -153
102 226 -152
102 226 -151
102 226 -150
102 226 -149
102 226 -148
102 226 -147
102 226 -146
102 227 -160
102 227 -159
102 227 -158
102 227 -157
102 227 -156
102 227 -155
102 227 -154
102 227 -153
102 227 -152
102 227 -151
102 227 -150
102 227 -148
102 227 -146
102 227 -145
102 228 -160
102 228 -159
102 228 -158
102 228 -157
102 228 -156
102 228 -155
102 228 -154
102 228 -153
102 228 -152
102 228 -151
102 228 -150
102 228 -149
102 228 -148
102 228 -146
102 228 -145
102 229 -160
102 229 -159
102 229 -158
102 229 -157
102 229 -156
102 229 -155
102 229 -154
102 229 -153
102 229 -152
102 229 -151
102 229 -150
102 229 -149
102 229 -148
102 229 -146
102 229 -145
102 230 -160
102 230 -159
102 230 -158
102 230 -157
102 230 -156
102 230 -155
102 230 -154
102 230 -153
102 230 -152
102 230 -151
102 230 -150
102 230 -149
102 230 -145
102 231 -160
102 231 -159
102 231 -158
102 231 -157
102 231 -156
102 231 -155
102 231 -154
102 231 -153
102 231 -152
102 231 -151
102 231 -150
102 231 -149
102 231 -148
102 231 -146
102 231 -145
102 232 -160
102 232 -159
102 232 -158
102 232 -157
102 232 -156
102 232 -154
102 232 -153
102 232 -152
102 232 -151
102 232 -150
102 232 -149
102 232 -148
102 232 -147
102 233 -160
102 233 -159
102 233 -158
102 233 -157
102 233 -156
102 233 -154
102 233 -152
102 233 -151
102 233 -150
102 233 -149
102 233 -148
102 233 -146
102 234 -160
102 234 -159
102 234 -157
102 234 -156
102 234 -155
102 234 -154
102 234 -153
102 234 -152
102 234 -151
102 234 -150
102 234 -149
102 234 -148
102 234 -147
102 234 -146
102 234 -145
102 235 -160
102 235 -157
102 235 -156
102 235 -155
102 235 -153
102 235 -152
102 235 -151
102 235 -150
102 235 -149
102 235 -148
102 235 -147
102 235 -146
102 235 -145
102 236 -160
102 236 -157
102 236 -156
102 236 -155
102 236 -154
102 236 -153
102 236 -149
102 236 -148
102 236 -147
102 236 -146
102 236 -145
102 237 -160
102 237 -159
102 237 -158
102 237 -157
102 237 -156
102 237 -155
102 237 -150
102 237 -149
102 237 -148
102 237 -147
102 237 -146
102 237 -145
102 238 -160
102 238 -159
102 238 -158
102 238 -157
102 238 -156
102 238 -155
102 238 -154
102 238 -151
102 238 -150
102 238 -149
102 238 -148
102 238 -147
102 238 -146
102 238 -145
102 239 -158
102 239 -157
102 239 -156
102 239 -155
102 239 -150
102 239 -149
102 239 -148
102 239 -147
102 239 -146
102 239 -145
102 240 -159
102 240 -158
102 240 -157
102 240 -155
102 240 -150
102 240 -149
102 240 -148
102 240 -147
102 240 -146
102 240 -145
102 241 -158
102 241 -157
102 241 -149
102 241 -148
102 241 -147
102 241 -146
102 241 -145
102 242 -149
102 242 -148
102 242 -147
102 242 -146
102 242 -145
102 243 -149
102 243 -147
102 243 -146
102 244 -147
102 245 -147
103 225 -160
103 225 -159
103 225 -158
103 225 -156
103 225 -154
103 225 -153
103 225 -152
103 225 -151
103 225 -150
103 225 -149
103 225 -148
103 225 -147
103 225 -146
103 225 -145
103 226 -160
103 226 -159
103 226 -158
103 226 -156
103 226 -155
103 226 -154
103 226 -153
103 226 -152
103 226 -151
103 226 -150
103 226 -149
103 226 -148
103 226 -147
103 226 -146
103 226 -145
103 227 -160
103 227 -159
103 227 -158
103 227 -157
103 227 -156
103 227 -155
103 227 -154
103 227 -153
103 227 -152
103 227 -151
103 227 -150
103 227 -149
103 227 -148
103 227 -147
103 227 -146
103 227 -145
103 228 -160
103 228 -159
103 228 -158
103 228 -157
103 228 -156
103 228 -155
103 228 -153
103 228 -152
103 228 -151
103 228 -150
103 228 -149
103 228 -148
103 228 -147
103 228 -146
103 228 -145
103 229 -160
103 229 -159
103 229 -158
103 229 -157
103 229 -156
103 229 -155
103 229 -153
103 229 -152
103 229 -151
103 229 -150
103 229 -149
103 229 -148
103 229 -147
103 229 -146
103 229 -145
103 230 -160
103 230 -159
103 230 -158
103 230 -157
103 230 -156
103 230 -155
103 230 -154
103 230 -153
103 230 -152
103 230 -151
103 230 -150
103 230 -149
103 230 -148
103 230 -147
103 230 -146
103 230 -145
103 231 -160
103 231 -159
103 231 -158
103 231 -157
103 231 -156
103 231 -154
103 231 -153
103 231 -152
103 231 -151
103 231 -150
103 231 -149
103 231 -148
103 231 -147
103 231 -146
103 231 -145
103 232 -160
103 232 -159
103 232 -158
103 232 -157
103 232 -156
103 232 -154
103 232 -153
103 232 -152
103 232 -151
103 232 -150
103 232 -149
103 232 -148
103 232 -146
103 232 -145
103 233 -160
103 233 -159
103 233 -158
103 233 -157
103 233 -155
103 233 -154
103 233 -153
103 233 -152
103 233 -151
103 233 -150
103 233 -149
103 233 -148
103 233 -147
103 234 -160
103 234 -159
103 234 -158
103 234 -157
103 234 -156
103 234 -155
103 234 -154
103 234 -153
103 234 -152
103 234 -151
103 234 -150
103 234 -149
103 234 -148
103 234 -146
103 235 -160
103 235 -158
103 235 -157
103 235 -156
103 235 -155
103 235 -154
103 235 -153
103 235 -152
103 235 -151
103 235 -150
103 235 -149
103 235 -148
103 235 -147
103 235 -145
103 236 -160
103 236 -158
103 236 -157
103 236 -156
103 236 -155
103 236 -154
103 236 -153
103 236 -152
103 236 -151
103 236 -150
103 236 -149
103 236 -148
103 236 -147
103 236 -146
103 236 -145
103 237 -160
103 237 -159
103 237 -158
103 237 -157
103 237 -156
103 237 -155
103 237 -154
103 237 -153
103 237 -152
103 237 -150
103 237 -149
103 237 -148
103 237 -147
103 237 -146
103 237 -145
103 238 -160
103 238 -158
103 238 -157
103 238 -156
103 238 -155
103 238 -154
103 238 -152
103 238 -151
103 238 -150
103 238 -149
103 238 -148
103 238 -147
103 238 -146
103 238 -145
103 239 -159
103 239 -158
103 239 -157
103 239 -156
103 239 -154
103 239 -152
103 239 -151
103 239 -149
103 239 -148
103 239 -147
103 239 -146
103 239 -145
103 240 -158
103 240 -157
103 240 -156
103 240 -152
103 240 -151
103 240 -150
103 240 -149
103 240 -148
103 240 -147
103 240 -146
103 240 -145
103 241 -158
103 241 -150
103 241 -149
103 241 -148
103 241 -147
103 241 -146
103 242 -150
103 242 -149
103 242 -148
103 242 -147
103 242 -146
103 243 -147
103 244 -147
104 225 -160
104 225 -159
104 225 -158
104 225 -156
104 225 -155
104 225 -154
104 225 -153
104 225 -152
104 225 -151
104 225 -150
104 225 -149
104 225 -148
104 225 -147
104 225 -146
104 225 -145
104 226 -160
104 226 -159
104 226 -158
104 226 -157
104 226 -156
104 226 -155
104 226 -154
104 226 -153
104 226 -152
104 226 -151
104 226 -150
104 226 -149
104 226 -148
104 226 -147
104 226 -146
104 226 -145
104 227 -160
104 227 -159
104 227 -158
104 227 -157
104 227 -156
104 227 -155
104 227 -154
104 227 -153
104 227 -152
104 227 -151
104 227 -150
104 227 -149
104 227 -148
104 227 -147
104 227 -146
104 227 -145
104 228 -160
104 228 -159
104 228 -158
104 228 -157
104 228 -156
104 228 -155
104 228 -154
104 228 -153
104 228 -152
104 228 -151
104 228 -150
104 228 -149
104 228 -148
104 228 -147
104 228 -146
104 228 -145
104 229 -160
104 229 -159
104 229 -158
104 229 -157
104 229 -156
104 229 -155
104 229 -154
104 229 -153
104 229 -152
104 229 -151
104 229 -150
104 229 -149
104 229 -148
104 229 -147
104 229 -146
104 229 -145
104 230 -160
104 230 -159
104 230 -158
104 230 -157
104 230 -156
104 230 -154
104 230 -153
104 230 -152
104 230 -151
104 230 -150
104 230 -149
104 230 -148
104 230 -147
104 230 -146
104 230 -145
104 231 -160
104 231 -159
104 231 -158
104 231 -157
104 231 -156
104 231 -155
104 231 -154
104 231 -153
104 231 -152
104 231 -151
104 231 -150
104 231 -149
104 231 -148
104 231 -147
104 231 -146
104 231 -145
104 232 -160
104 232 -158
104 232 -157
104 232 -155
104 232 -154
104 232 -153
104 232 -152
104 232 -151
104 232 -150
104 232 -149
104 232 -148
104 232 -147
104 232 -146
104 232 -145
104 233 -160
104 233 -159
104 233 -158
104 233 -157
104 233 -156
104 233 -155
104 233 -154
104 233 -153
104 233 -152
104 233 -151
104 233 -150
104 233 -149
104 233 -148
104 233 -147
104 233 -146
104 234 -160
104 234 -159
104 234 -158
104 234 -157
104 234 -156
104 234 -155
104 234 -154
104 234 -153
104 234 -152
104 234 -151
104 234 -150
104 234 -149
104 234 -148
104 234 -147
104 234 -146
104 235 -160
104 235 -159
104 235 -158
104 235 -157
104 235 -156
104 235 -155
104 235 -154
104 235 -153
104 235 -152
104 235 -151
104 235 -150
104 235 -149
104 235 -148
104 235 -147
104 235 -146
104 235 -145
104 236 -160
104 236 -159
104 236 -158
104 236 -157
104 236 -156
104 236 -155
104 236 -154
104 236 -153
104 236 -152
104 236 -150
104 236 -149
104 236 -148
104 236 -147
104 236 -146
104 236 -145
104 237 -160
104 237 -159
104 237 -158
104 237 -157
104 237 -156
104 237 -155
104 237 -154
104 237 -153
104 237 -152
104 237 -151
104 237 -150
104 237 -149
104 237 -148
104 237 -147
104 237 -146
104 237 -145
104 238 -160
104 238 -159
104 238 -158
104 238 -157
104 238 -156
104 238 -155
104 238 -154
104 238 -153
104 238 -152
104 238 -150
104 238 -149
104 238 -148
104 238 -147
104 238 -146
104 238 -145
104 239 -160
104 239 -159
104 239 -158
104 239 -157
104 239 -156
104 239 -155
104 239 -154
104 239 -153
104 239 -152
104 239 -151
104 239 -150
104 239 -149
104 239 -148
104 239 -147
104 239 -146
104 239 -145
104 240 -158
104 240 -157
104 240 -156
104 240 -155
104 240 -154
104 240 -151
104 240 -149
104 240 -148
104 240 -147
104 240 -146
104 240 -145
104 241 -158
104 241 -157
104 241 -155
104 241 -148
104 241 -147
104 241 -146
104 241 -145
104 242 -157
104 242 -156
104 242 -149
104 242 -148
104 242 -147
104 242 -146
104 243 -148
104 243 -147
104 243 -146
104 244 -147
105 225 -160
105 225 -159
105 225 -158
105 225 -157
105 225 -156
105 225 -155
105 225 -154
105 225 -153
105 225 -152
105 225 -151
105 225 -150
105 225 -149
105 225 -148
105 225 -147
105 225 -146
105 225 -145
105 226 -160
105 226 -159
105 226 -158
105 226 -157
105 226 -156
105 226 -155
105 226 -153
105 226 -152
105 226 -151
105 226 -150
105 226 -149
105 226 -148
105 226 -147
105 226 -146
105 226 -145
105 227 -160
105 227 -159
105 227 -158
105 227 -157
105 227 -156
105 227 -155
105 227 -154
105 227 -153
105 227 -152
105 227 -151
105 227 -150
105 227 -149
105 227 -148
105 227 -147
105 227 -146
105 227 -145
105 228 -160
105 228 -159
105 228 -158
105 228 -157
105 228 -156
105 228 -155
105 228 -154
105 228 -153
105 228 -152
105 228 -151
105 228 -150
105 228 -149
105 228 -148
105 228 -147
105 228 -146
105 228 -145
105 229 -160
105 229 -159
105 229 -158
105 229 -157
105 229 -156
105 229 -155
105 229 -154
105 229 -153
105 229 -152
105 229 -151
105 229 -150
105 229 -149
105 229 -148
105 229 -147
105 229 -146
105 229 -145
105 230 -160
105 230 -159
105 230 -158
105 230 -157
105 230 -156
105 230 -155
105 230 -154
105 230 -153
105 230 -152
105 230 -151
105 230 -150
105 230 -149
105 230 -148
105 230 -147
105 230 -146
105 230 -145
105 231 -160
105 231 -159
105 231 -158
105 231 -157
105 231 -156
105 231 -155
105 231 -154
105 231 -153
105 231 -152
105 231 -151
105 231 -150
105 231 -149
105 231 -148
105 231 -147
105 231 -146
105 231 -145
105 232 -160
105 232 -159
105 232 -158
105 232 -157
105 232 -155
105 232 -154
105 232 -153
105 232 -152
105 232 -151
105 232 -150
105 232 -149
105 232 -148
105 232 -147
105 232 -146
105 232 -145
105 233 -160
105 233 -159
105 233 -157
105 233 -156
105 233 -155
105 233 -154
105 233 -153
105 233 -152
105 233 -151
105 233 -150
105 233 -149
105 233 -148
105 233 -147
105 233 -145
105 234 -160
105 234 -159
105 234 -158
105 234 -157
105 234 -156
105 234 -155
105 234 -154
105 234 -153
105 234 -152
105 234 -151
105 234 -150
105 234 -149
105 234 -148
105 234 -147
105 234 -146
105 235 -160
105 235 -159
105 235 -158
105 235 -157
105 235 -156
105 235 -155
105 235 -154
105 235 -153
105 235 -152
105 235 -151
105 235 -150
105 235 -149
105 235 -148
105 235 -147
105 235 -146
105 235 -145
105 236 -160
105 236 -159
105 236 -158
105 236 -157
105 236 -156
105 236 -155
105 236 -154
105 236 -153
105 236 -152
105 236 -151
105 236 -150
105 236 -149
105 236 -148
105 236 -147
105 236 -146
105 236 -145
105 237 -160
105 237 -159
105 237 -158
105 237 -157
105 237 -156
105 237 -155
105 237 -154
105 237 -153
105 237 -152
105 237 -151
105 237 -150
105 237 -149
105 237 -148
105 237 -147
105 237 -146
105 237 -145
105 238 -160
105 238 -159
105 238 -158
105 238 -157
105 238 -156
105 238 -155
105 238 -154
105 238 -153
105 238 -152
105 238 -151
105 238 -150
105 238 -149
105 238 -148
105 238 -147
105 238 -146
105 238 -145
105 239 -160
105 239 -159
105 239 -158
105 239 -157
105 239 -155
105 239 -154
105 239 -152
105 239 -151
105 239 -150
105 239 -149
105 239 -148
105 239 -147
105 239 -146
105 239 -145
105 240 -157
105 240 -156
105 240 -155
105 240 -154
105 240 -153
105 240 -152
105 240 -151
105 240 -150
105 240 -149
105 240 -148
105 240 -147
105 240 -146
105 240 -145
105 241 -159
105 241 -158
105 241 -157
105 241 -156
105 241 -155
105 241 -149
105 241 -148
105 241 -147
105 241 -146
105 242 -158
105 242 -157
105 242 -156
105 242 -155
105 242 -148
105 242 -147
105 243 -148
105 243 -147
105 244 -147
106 225 -160
106 225 -159
106 225 -158
106 225 -157
106 225 -156
106 225 -155
106 225 -154
106 225 -153
106 225 -152
106 225 -151
106 225 -150
106 225 -149
106 225 -148
106 225 -147
106 225 -146
106 225 -145
106 226 -160
106 226 -159
106 226 -158
106 226 -157
106 226 -155
106 226 -154
106 226 -153
106 226 -152
106 226 -151
106 226 -150
106 226 -149
106 226 -148
106 226 -147
106 226 -146
106 226 -145
106 227 -160
106 227 -159
106 227 -158
106 227 -157
106 227 -156
106 227 -155
106 227 -154
106 227 -153
106 227 -152
106 227 -151
106 227 -150
106 227 -149
106 227 -148
106 227 -147
106 227 -146
106 227 -145
106 228 -160
106 228 -159
106 228 -158
106 228 -157
106 228 -156
106 228 -155
106 228 -154
106 228 -153
106 228 -152
106 228 -151
106 228 -150
106 228 -149
106 228 -148
106 228 -147
106 228 -146
106 228 -145
106 229 -160
106 229 -159
106 229 -158
106 229 -157
106 229 -156
106 229 -155
106 229 -154
106 229 -153
106 229 -152
106 229 -151
106 229 -150
106 229 -149
106 229 -148
106 229 -147
106 229 -146
106 229 -145
106 230 -160
106 230 -159
106 230 -158
106 230 -157
106 230 -156
106 230 -155
106 230 -154
106 230 -153
106 230 -152
106 230 -151
106 230 -150
106 230 -149
106 230 -148
106 230 -147
106 230 -146
106 230 -145
106 231 -160
106 231 -159
106 231 -158
106 231 -157
106 231 -156
106 231 -155
106 231 -154
106 231 -153
106 231 -152
106 231 -151
106 231 -150
106 231 -149
106 231 -148
106 231 -147
106 231 -146
106 231 -145
106 232 -160
106 232 -159
106 232 -158
106 232 -157
106 232 -156
106 232 -155
106 232 -154
106 232 -153
106 232 -152
106 232 -151
106 232 -150
106 232 -149
106 232 -148
106 232 -147
106 232 -146
106 232 -145
106 233 -160
106 233 -159
106 233 -158
106 233 -157
106 233 -156
106 233 -155
106 233 -154
106 233 -153
106 233 -152
106 233 -151
106 233 -150
106 233 -149
106 233 -148
106 233 -147
106 233 -146
106 233 -145
106 234 -160
106 234 -159
106 234 -158
106 234 -157
106 234 -156
106 234 -155
106 234 -154
106 234 -153
106 234 -152
106 234 -151
106 234 -150
106 234 -149
106 234 -148
106 234 -147
106 234 -146
106 234 -145
106 235 -160
106 235 -159
106 235 -158
106 235 -157
106 235 -156
106 235 -155
106 235 -154
106 235 -153
106 235 -152
106 235 -151
106 235 -150
106 235 -149
106 235 -148
106 235 -147
106 235 -146
106 235 -145
106 236 -160
106 236 -159
106 236 -158
106 236 -157
106 236 -156
106 236 -155
106 236 -154
106 236 -153
106 236 -152
106 236 -151
106 236 -150
106 236 -149
106 236 -148
106 236 -147
106 236 -146
106 236 -145
106 237 -160
106 237 -159
106 237 -158
106 237 -157
106 237 -156
106 237 -155
106 237 -154
106 237 -153
106 237 -152
106 237 -151
106 237 -150
106 237 -149
106 237 -148
106 237 -147
106 237 -146
106 237 -145
106 238 -160
106 238 -159
106 238 -158
106 238 -157
106 238 -156
106 238 -155
106 238 -154
106 238 -153
106 238 -151
106 238 -150
106 238 -149
106 238 -148
106 238 -147
106 238 -146
106 238 -145
106 239 -160
106 239 -159
106 239 -158
106 239 -157
106 239 -156
106 239 -155
106 239 -154
106 239 -153
106 239 -152
106 239 -150
106 239 -149
106 239 -148
106 239 -147
106 239 -146
106 239 -145
106 240 -160
106 240 -159
106 240 -158
106 240 -157
106 240 -156
106 240 -155
106 240 -154
106 240 -151
106 240 -150
106 240 -149
106 240 -148
106 240 -147
106 240 -146
106 240 -145
106 241 -159
106 241 -158
106 241 -157
106 241 -156
106 241 -155
106 241 -154
106 241 -149
106 241 -147
106 242 -159
106 242 -158
106 242 -157
106 242 -156
106 242 -149
106 243 -158
106 243 -157
106 243 -147
107 225 -160
107 225 -159
107 225 -158
107 225 -157
107 225 -156
107 225 -155
107 225 -154
107 225 -153
107 225 -152
107 225 -151
107 225 -150
107 225 -149
107 225 -148
107 225 -147
107 225 -146
107 225 -145
107 226 -160
107 226 -159
107 226 -158
107 226 -157
107 226 -156
107 226 -155
107 226 -154
107 226 -153
107 226 -152
107 226 -151
107 226 -150
107 226 -149
107 226 -148
107 226 -147
107 226 -146
107 226 -145
107 227 -160
107 227 -159
107 227 -158
107 227 -157
107 227 -156
107 227 -155
107 227 -154
107 227 -153
107 227 -152
107 227 -151
107 227 -150
107 227 -149
107 227 -148
107 227 -147
107 227 -146
107 227 -145
107 228 -160
107 228 -159
107 228 -158
107 228 -157
107 228 -156
107 228 -155
107 228 -154
107 228 -153
107 228 -152
107 228 -151
107 228 -150
107 228 -149
107 228 -148
107 228 -147
107 228 -146
107 228 -145
107 229 -160
107 229 -159
107 229 -158
107 229 -157
107 229 -156
107 229 -155
107 229 -154
107 229 -153
107 229 -152
107 229 -151
107 229 -150
107 229 -149
107 229 -148
107 229 -147
107 229 -146
107 229 -145
107 230 -160
107 230 -159
107 230 -158
107 230 -157
107 230 -156
107 230 -155
107 230 -154
107 230 -153
107 230 -152
107 230 -151
107 230 -150
107 230 -149
107 230 -148
107 230 -147
107 230 -146
107 230 -145
107 231 -160
107 231 -159
107 231 -158
107 231 -157
107 231 -156
107 231 -155
107 231 -154
107 231 -153
107 231 -152
107 231 -151
107 231 -150
107 231 -149
107 231 -148
107 231 -147
107 231 -146
107 231 -145
107 232 -160
107 232 -159
107 232 -158
107 232 -157
107 232 -156
107 232 -155
107 232 -154
107 232 -153
107 232 -152
107 232 -151
107 232 -150
107 232 -149
107 232 -148
107 232 -147
107 232 -146
107 232 -145
107 233 -160
107 233 -159
107 233 -158
107 233 -157
107 233 -156
107 233 -155
107 233 -154
107 233 -153
107 233 -152
107 233 -151
107 233 -150
107 233 -149
107 233 -148
107 233 -147
107 233 -146
107 233 -145
107 234 -160
107 234 -158
107 234 -157
107 234 -156
107 234 -155
107 234 -153
107 234 -152
107 234 -151
107 234 -150
107 234 -149
107 234 -148
107 234 -147
107 234 -146
107 235 -160
107 235 -159
107 235 -158
107 235 -157
107 235 -156
107 235 -155
107 235 -154
107 235 -153
107 235 -152
107 235 -151
107 235 -150
107 235 -149
107 235 -148
107 235 -147
107 235 -146
107 235 -145
107 236 -160
107 236 -159
107 236 -158
107 236 -157
107 236 -156
107 236 -155
107 236 -154
107 236 -153
107 236 -152
107 236 -151
107 236 -150
107 236 -149
107 236 -148
107 236 -147
107 236 -146
107 236 -145
107 237 -160
107 237 -159
107 237 -158
107 237 -157
107 237 -156
107 237 -155
107 237 -154
107 237 -153
107 237 -152
107 237 -151
107 237 -150
107 237 -149
107 237 -148
107 237 -147
107 237 -146
107 238 -160
107 238 -159
107 238 -158
107 238 -157
107 238 -156
107 238 -155
107 238 -154
107 238 -152
107 238 -151
107 238 -150
107 238 -149
107 238 -148
107 238 -147
107 238 -146
107 238 -145
107 239 -160
107 239 -159
107 239 -158
107 239 -157
107 239 -156
107 239 -155
107 239 -154
107 239 -150
107 239 -149
107 239 -148
107 239 -147
107 239 -146
107 239 -145
107 240 -160
107 240 -159
107 240 -158
107 240 -157
107 240 -156
107 240 -155
107 240 -154
107 240 -153
107 240 -149
107 240 -148
107 240 -147
107 240 -146
107 241 -160
107 241 -159
107 241 -158
107 241 -157
107 241 -156
107 241 -155
107 241 -154
107 241 -153
107 241 -152
107 241 -149
107 241 -148
107 241 -147
107 241 -146
107 242 -154
107 243 -158
107 243 -157
107 243 -156
107 244 -157
108 225 -160
108 225 -159
108 225 -158
108 225 -157
108 225 -156
108 225 -155
108 225 -154
108 225 -153
108 225 -152
108 225 -151
108 225 -150
108 225 -149
108 225 -148
108 225 -147
108 225 -146
108 225 -145
108 226 -160
108 226 -159
108 226 -158
108 226 -157
108 226 -156
108 226 -155
108 226 -154
108 226 -153
108 226 -152
108 226 -151
108 226 -150
108 226 -149
108 226 -148
108 226 -147
108 226 -146
108 226 -145
108 227 -160
108 227 -159
108 227 -158
108 227 -157
108 227 -156
108 227 -155
108 227 -154
108 227 -153
108 227 -152
108 227 -151
108 227 -150
108 227 -149
108 227 -148
108 227 -147
108 227 -146
108 227 -145
108 228 -160
108 228 -159
108 228 -158
108 228 -157
108 228 -156
108 228 -155
108 228 -154
108 228 -153
108 228 -152
108 228 -151
108 228 -150
108 228 -149
108 228 -148
108 228 -147
108 228 -146
108 228 -145
108 229 -160
108 229 -159
108 229 -158
108 229 -157
108 229 -156
108 229 -155
108 229 -154
108 229 -153
108 229 -152
108 229 -151
108 229 -150
108 229 -149
108 229 -148
108 229 -147
108 229 -146
108 229 -145
108 230 -160
108 230 -159
108 230 -158
108 230 -157
108 230 -156
108 230 -155
108 230 -154
108 230 -153
108 230 -152
108 230 -151
108 230 -150
108 230 -149
108 230 -148
108 230 -147
108 230 -146
108 230 -145
108 231 -160
108 231 -159
108 231 -158
108 231 -157
108 231 -156
108 231 -155
108 231 -154
108 231 -153
108 231 -152
108 231 -151
108 231 -150
108 231 -149
108 231 -148
108 231 -147
108 231 -146
108 231 -145
108 232 -160
108 232 -159
108 232 -158
108 232 -157
108 232 -156
108 232 -155
108 232 -154
108 232 -153
108 232 -152
108 232 -151
108 232 -150
108 232 -149
108 232 -148
108 232 -147
108 232 -146
108 232 -145
108 233 -160
108 233 -159
108 233 -158
108 233 -157
108 233 -156
108 233 -155
108 233 -154
108 233 -153
108 233 -152
108 233 -151
108 233 -150
108 233 -149
108 233 -148
108 233 -147
108 233 -146
108 233 -145
108 234 -160
108 234 -159
108 234 -158
108 234 -157
108 234 -156
108 234 -155
108 234 -154
108 234 -153
108 234 -152
108 234 -151
108 234 -150
108 234 -149
108 234 -148
108 234 -147
108 234 -146
108 234 -145
108 235 -160
108 235 -159
108 235 -158
108 235 -157
108 235 -156
108 235 -155
108 235 -154
108 235 -153
108 235 -152
108 235 -151
108 235 -150
108 235 -149
108 235 -148
108 235 -147
108 235 -146
108 235 -145
108 236 -160
108 236 -159
108 236 -158
108 236 -157
108 236 -156
108 236 -155
108 236 -154
108 236 -153
108 236 -152
108 236 -151
108 236 -150
108 236 -149
108 236 -148
108 236 -147
108 236 -146
108 236 -145
108 237 -160
108 237 -159
108 237 -158
108 237 -157
108 237 -156
108 237 -154
108 237 -153
108 237 -152
108 237 -151
108 237 -150
108 237 -149
108 237 -148
108 237 -147
108 237 -146
108 237 -145
108 238 -160
108 238 -159
108 238 -158
108 238 -157
108 238 -156
108 238 -155
108 238 -154
108 238 -153
108 238 -152
108 238 -151
108 238 -150
108 238 -149
108 238 -148
108 238 -147
108 238 -146
108 239 -160
108 239 -159
108 239 -158
108 239 -157
108 239 -156
108 239 -155
108 239 -154
108 239 -151
108 239 -150
108 239 -149
108 239 -148
108 239 -147
108 239 -146
108 239 -145
108 240 -159
108 240 -158
108 240 -157
108 240 -156
108 240 -154
108 240 -150
108 240 -149
108 240 -148
108 240 -147
108 240 -146
108 241 -159
108 241 -158
108 241 -157
108 241 -156
108 241 -155
108 241 -154
108 241 -153
108 241 -149
108 241 -148
108 241 -147
108 241 -146
108 242 -159
108 242 -158
108 242 -157
108 242 -156
108 242 -155
108 242 -154
108 243 -158
108 243 -157
108 243 -156
109 225 -160
109 225 -159
109 225 -158
109 225 -157
109 225 -156
109 225 -155
109 225 -154
109 225 -153
109 225 -152
109 225 -151
109 225 -150
109 225 -149
109 225 -148
109 225 -147
109 225 -146
109 225 -145
109 226 -160
109 226 -159
109 226 -158
109 226 -157
109 226 -156
109 226 -155
109 226 -154
109 226 -153
109 226 -152
109 226 -151
109 226 -150
109 226 -149
109 226 -148
109 226 -147
109 226 -146
109 226 -145
109 227 -160
109 227 -159
109 227 -158
109 227 -157
109 227 -156
109 227 -155
109 227 -154
109 227 -153
109 227 -152
109 227 -151
109 227 -150
109 227 -149
109 227 -148
109 227 -147
109 227 -146
109 227 -145
109 228 -160
109 228 -159
109 228 -158
109 228 -157
109 228 -156
109 228 -155
109 228 -154
109 228 -153
109 228 -152
109 228 -151
109 228 -150
109 228 -149
109 228 -148
109 228 -147
109 228 -146
109 228 -145
109 229 -160
109 229 -159
109 229 -158
109 229 -157
109 229 -156
109 229 -155
109 229 -154
109 229 -153
109 229 -152
109 229 -151
109 229 -150
109 229 -149
109 229 -148
109 229 -147
109 229 -146
109 229 -145
109 230 -160
109 230 -159
109 230 -158
109 230 -157
109 230 -156
109 230 -155
109 230 -154
109 230 -153
109 230 -152
109 230 -151
109 230 -150
109 230 -149
109 230 -148
109 230 -147
109 230 -146
109 230 -145
109 231 -160
109 231 -159
109 231 -158
109 231 -157
109 231 -156
109 231 -155
109 231 -154
109 231 -152
109 231 -151
109 231 -150
109 231 -149
109 231 -148
109 231 -147
109 231 -146
109 231 -145
109 232 -160
109 232 -159
109 232 -158
109 232 -157
109 232 -156
109 232 -155
109 232 -154
109 232 -153
109 232 -152
109 232 -151
109 232 -150
109 232 -149
109 232 -148
109 232 -147
109 232 -146
109 232 -145
109 233 -160
109 233 -159
109 233 -158
109 233 -157
109 233 -156
109 233 -155
109 233 -154
109 233 -153
109 233 -152
109 233 -151
109 233 -150
109 233 -149
109 233 -148
109 233 -147
109 233 -146
109 233 -145
109 234 -160
109 234 -159
109 234 -158
109 234 -157
109 234 -156
109 234 -155
109 234 -153
109 234 -152
109 234 -151
109 234 -150
109 234 -149
109 234 -148
109 234 -147
109 234 -146
109 234 -145
109 235 -159
109 235 -158
109 235 -157
109 235 -156
109 235 -155
109 235 -153
109 235 -152
109 235 -151
109 235 -150
109 235 -149
109 235 -148
109 235 -147
109 235 -146
109 235 -145
109 236 -159
109 236 -158
109 236 -157
109 236 -155
109 236 -154
109 236 -153
109 236 -152
109 236 -151
109 236 -150
109 236 -149
109 236 -148
109 236 -147
109 236 -146
109 236 -145
109 237 -160
109 237 -159
109 237 -158
109 237 -157
109 237 -156
109 237 -155
109 237 -154
109 237 -153
109 237 -151
109 237 -149
109 237 -148
109 237 -147
109 237 -146
109 237 -145
109 238 -160
109 238 -158
109 238 -157
109 238 -156
109 238 -155
109 238 -153
109 238 -152
109 238 -150
109 238 -149
109 238 -148
109 238 -147
109 238 -146
109 238 -145
109 239 -159
109 239 -158
109 239 -157
109 239 -156
109 239 -155
109 239 -150
109 239 -149
109 239 -148
109 239 -147
109 239 -146
109 239 -145
109 240 -160
109 240 -159
109 240 -158
109 240 -157
109 240 -156
109 240 -155
109 240 -154
109 240 -151
109 240 -150
109 240 -149
109 240 -148
109 240 -147
109 240 -146
109 240 -145
109 241 -159
109 241 -158
109 241 -157
109 241 -151
109 241 -150
109 241 -149
109 241 -148
109 241 -147
109 241 -146
109 242 -157
109 242 -156
109 242 -155
109 242 -149
109 242 -147
109 242 -146
109 243 -157
109 243 -147
110 225 -160
110 225 -159
110 225 -158
110 225 -157
110 225 -156
110 225 -155
110 225 -154
110 225 -153
110 225 -152
110 225 -151
110 225 -150
110 225 -149
110 225 -148
110 225 -147
110 225 -146
110 225 -145
110 226 -160
110 226 -159
110 226 -158
110 226 -157
110 226 -156
110 226 -155
110 226 -154
110 226 -153
110 226 -152
110 226 -151
110 226 -150
110 226 -149
110 226 -148
110 226 -147
110 226 -146
110 226 -145
110 227 -160
110 227 -159
110 227 -158
110 227 -157
110 227 -156
110 227 -155
110 227 -154
110 227 -153
110 227 -152
110 227 -151
110 227 -150
110 227 -149
110 227 -148
110 227 -147
110 227 -146
110 227 -145
110 228 -160
110 228 -159
110 228 -158
110 228 -157
110 228 -156
110 228 -155
110 228 -154
110 228 -153
110 228 -152
110 228 -151
110 228 -150
110 228 -149
110 228 -148
110 228 -147
110 228 -146
110 228 -145
110 229 -160
110 229 -159
110 229 -158
110 229 -157
110 229 -156
110 229 -155
110 229 -154
110 229 -153
110 229 -152
110 229 -151
110 229 -150
110 229 -149
110 229 -148
110 229 -147
110 229 -146
110 229 -145
110 230 -160
110 230 -159
110 230 -158
110 230 -157
110 230 -156
110 230 -155
110 230 -154
110 230 -153
110 230 -152
110 230 -151
110 230 -150
110 230 -149
110 230 -148
110 230 -147
110 230 -146
110 230 -145
110 231 -160
110 231 -159
110 231 -158
110 231 -157
110 231 -156
110 231 -155
110 231 -154
110 231 -153
110 231 -152
110 231 -151
110 231 -150
110 231 -149
110 231 -148
110 231 -147
110 231 -146
110 231 -145
110 232 -160
110 232 -159
110 232 -158
110 232 -157
110 232 -156
110 232 -155
110 232 -154
110 232 -153
110 232 -152
110 232 -151
110 232 -150
110 232 -149
110 232 -148
110 232 -147
110 232 -146
110 232 -145
110 233 -160
110 233 -159
110 233 -158
110 233 -157
110 233 -156
110 233 -155
110 233 -154
110 233 -153
110 233 -152
110 233 -151
110 233 -150
110 233 -149
110 233 -148
110 233 -147
110 233 -146
110 233 -145
110 234 -160
110 234 -159
110 234 -158
110 234 -157
110 234 -156
110 234 -155
110 234 -154
110 234 -153
110 234 -152
110 234 -151
110 234 -150
110 234 -149
110 234 -148
110 234 -147
110 234 -146
110 234 -145
110 235 -157
110 235 -156
110 235 -155
110 235 -154
110 235 -153
110 235 -152
110 235 -151
110 235 -150
110 235 -149
110 235 -148
110 235 -147
110 235 -146
110 235 -145
110 236 -160
110 236 -159
110 236 -158
110 236 -157
110 236 -156
110 236 -155
110 236 -154
110 236 -153
110 236 -152
110 236 -151
110 236 -150
110 236 -149
110 236 -148
110 236 -147
110 236 -146
110 236 -145
110 237 -160
110 237 -159
110 237 -158
110 237 -157
110 237 -156
110 237 -155
110 237 -154
110 237 -153
110 237 -152
110 237 -151
110 237 -150
110 237 -149
110 237 -148
110 237 -147
110 237 -146
110 237 -145
110 238 -160
110 238 -159
110 238 -158
110 238 -157
110 238 -156
110 238 -155
110 238 -154
110 238 -153
110 238 -152
110 238 -150
110 238 -149
110 238 -148
110 238 -147
110 238 -146
110 238 -145
110 239 -160
110 239 -159
110 239 -158
110 239 -157
110 239 -156
110 239 -150
110 239 -149
110 239 -147
110 239 -145
110 240 -158
110 240 -157
110 240 -156
110 240 -155
110 240 -149
110 240 -148
110 240 -147
110 240 -146
110 241 -157
110 241 -156
110 241 -148
110 241 -147
110 242 -148
111 225 -160
111 225 -159
111 225 -158
111 225 -157
111 225 -156
111 225 -155
111 225 -154
111 225 -153
111 225 -152
111 225 -151
111 225 -150
111 225 -149
111 225 -147
111 225 -145
111 226 -160
111 226 -159
111 226 -158
111 226 -157
111 226 -156
111 226 -155
111 226 -154
111 226 -153
111 226 -152
111 226 -151
111 226 -150
111 226 -149
111 226 -148
111 226 -147
111 226 -146
111 227 -160
111 227 -159
111 227 -158
111 227 -157
111 227 -156
111 227 -155
111 227 -154
111 227 -153
111 227 -152
111 227 -151
111 227 -150
111 227 -149
111 227 -148
111 227 -147
111 227 -146
111 227 -145
111 228 -160
111 228 -159
111 228 -158
111 228 -157
111 228 -156
111 228 -155
111 228 -154
111 228 -153
111 228 -152
111 228 -151
111 228 -150
111 228 -149
111 228 -148
111 228 -147
111 228 -145
111 229 -160
111 229 -159
111 229 -158
111 229 -157
111 229 -156
111 229 -155
111 229 -154
111 229 -153
111 229 -152
111 229 -151
111 229 -150
111 229 -149
111 229 -148
111 229 -147
111 229 -146
111 229 -145
111 230 -160
111 230 -159
111 230 -158
111 230 -157
111 230 -156
111 230 -155
111 230 -154
111 230 -153
111 230 -152
111 230 -151
111 230 -150
111 230 -149
111 230 -148
111 230 -147
111 230 -146
111 230 -145
111 231 -160
111 231 -159
111 231 -158
111 231 -157
111 231 -156
111 231 -155
111 231 -154
111 231 -153
111 231 -152
111 231 -151
111 231 -150
111 231 -149
111 231 -148
111 231 -147
111 231 -146
111 231 -145
111 232 -160
111 232 -159
111 232 -158
111 232 -157
111 232 -156
111 232 -155
111 232 -154
111 232 -153
111 232 -152
111 232 -151
111 232 -150
111 232 -149
111 232 -148
111 232 -147
111 232 -146
111 232 -145
111 233 -160
111 233 -159
111 233 -158
111 233 -157
111 233 -156
111 233 -155
111 233 -154
111 233 -153
111 233 -152
111 233 -151
111 233 -150
111 233 -149
111 233 -148
111 233 -147
111 233 -146
111 233 -145
111 234 -160
111 234 -159
111 234 -158
111 234 -157
111 234 -156
111 234 -155
111 234 -154
111 234 -153
111 234 -152
111 234 -151
111 234 -150
111 234 -149
111 234 -148
111 234 -147
111 234 -146
111 234 -145
111 235 -159
111 235 -158
111 235 -157
111 235 -156
111 235 -155
111 235 -154
111 235 -152
111 235 -151
111 235 -150
111 235 -149
111 235 -148
111 235 -147
111 235 -146
111 235 -145
111 236 -159
111 236 -158
111 236 -157
111 236 -156
111 236 -155
111 236 -154
111 236 -153
111 236 -152
111 236 -151
111 236 -150
111 236 -149
111 236 -148
111 236 -147
111 236 -146
111 236 -145
111 237 -159
111 237 -158
111 237 -157
111 237 -156
111 237 -155
111 237 -154
111 237 -153
111 237 -151
111 237 -150
111 237 -149
111 237 -148
111 237 -147
111 237 -146
111 237 -145
111 238 -159
111 238 -156
111 238 -155
111 238 -149
111 238 -148
111 238 -147
111 238 -146
111 238 -145
111 239 -158
111 239 -157
111 239 -156
111 239 -148
111 239 -147
111 239 -145
111 240 -157
111 241 -157

