alfheim:altWood1
12
120 191 114
120 191 115
120 191 116
120 192 113
120 192 115
120 192 117
120 192 118
120 192 119
120 192 120
121 190 114
121 190 115
121 190 116
121 191 112
121 191 113
121 191 114
121 191 115
121 191 116
121 191 117
121 191 118
121 191 119
121 191 120
121 192 112
121 192 113
121 192 114
121 192 115
121 192 116
121 192 117
121 192 118
121 192 119
121 192 120
121 192 121
122 190 113
122 190 114
122 190 115
122 190 116
122 190 117
122 191 112
122 191 113
122 191 114
122 191 115
122 191 116
122 191 117
122 191 118
122 191 119
122 191 120
122 191 121
122 192 112
122 192 113
122 192 114
122 192 115
122 192 116
122 192 117
122 192 118
122 192 119
122 192 120
122 192 121
123 190 113
123 190 114
123 190 115
123 190 116
123 191 112
123 191 113
123 191 114
123 191 115
123 191 116
123 191 117
123 191 118
123 191 119
123 191 120
123 191 121
123 192 112
123 192 113
123 192 115
123 192 116
123 192 117
123 192 118
123 192 119
123 192 120
123 192 121
123 192 122
124 191 112
124 191 113
124 191 114
124 191 115
124 191 116
124 191 120
124 191 121
124 191 122
124 192 112
124 192 113
124 192 114
124 192 116
124 192 117
124 192 118
124 192 119
124 192 120
124 192 121
124 192 122
125 192 120
125 192 121
125 192 122
112 205 112
112 206 112
112 206 113
112 207 112
112 207 113
112 208 112
112 208 113
112 209 112
112 209 113
112 210 112
112 210 113
112 211 112
112 212 112
113 207 112
113 208 112
113 209 112
113 210 112
113 211 112
113 212 112
114 209 112
114 210 112
114 211 112
120 193 117
120 193 118
120 193 119
120 194 118
120 194 119
121 193 113
121 193 116
121 193 117
121 193 118
121 193 119
121 193 120
121 194 117
121 194 118
121 194 119
121 194 120
121 195 118
121 195 120
122 193 112
122 193 113
122 193 115
122 193 116
122 193 117
122 193 118
122 193 119
122 193 120
122 194 113
122 194 117
122 194 118
122 194 120
123 193 112
123 193 116
123 193 117
123 193 118
123 193 119
123 193 120
123 193 121
123 194 112
123 194 118
124 193 112
124 193 114
124 193 116
124 193 117
124 193 118
124 193 119
124 193 120
124 194 118
124 194 119
124 220 112
124 220 113
124 221 112
124 221 113
124 221 114
125 193 120
125 193 122
125 219 112
125 219 113
125 220 112
125 220 113
125 220 114
125 220 115
125 221 112
125 221 113
125 221 114
125 221 115
125 222 112
125 222 113
125 222 114
125 222 115
126 218 112
126 218 113
126 219 112
126 219 113
126 219 114
126 220 112
126 220 113
126 220 114
126 220 115
126 221 112
126 221 113
126 221 114
126 221 115
126 221 116
126 221 117
126 222 112
126 222 113
126 222 114
126 222 115
126 222 116
126 222 117
126 223 112
126 223 113
126 223 114
126 223 115
126 223 116
126 223 117
126 223 118
126 224 117
126 224 118
127 219 112
127 219 113
127 220 112
127 220 113
127 220 114
127 220 115
127 221 112
127 221 113
127 221 114
127 221 115
127 221 116
127 221 117
127 222 112
127 222 113
127 222 114
127 222 115
127 222 116
127 222 117
127 222 118
127 223 113
127 223 114
127 223 115
127 223 116
127 223 117
127 223 118
127 223 119
127 223 120
127 224 115
127 224 116
127 224 117
127 224 118
127 224 119
127 225 116
127 225 117
127 225 118
127 225 119
127 226 120
alfheim:altLeaves
6
112 191 119
112 191 120
112 192 118
112 192 119
112 192 120
112 192 122
113 191 120
113 192 116
113 192 117
113 192 119
113 192 120
113 192 122
113 192 125
113 192 126
114 191 116
114 191 120
114 191 121
114 191 122
114 191 126
114 192 113
114 192 114
114 192 115
114 192 116
114 192 117
114 192 118
114 192 120
114 192 121
114 192 122
114 192 123
114 192 124
114 192 126
115 189 125
115 190 120
115 190 124
115 190 125
115 190 126
115 191 112
115 191 119
115 191 120
115 191 121
115 191 124
115 191 125
115 191 126
115 192 112
115 192 113
115 192 114
115 192 118
115 192 120
115 192 121
115 192 123
115 192 124
115 192 125
115 192 126
115 192 127
116 189 124
116 189 125
116 189 126
116 190 124
116 190 125
116 190 126
116 191 113
116 191 114
116 191 115
116 191 116
116 191 120
116 191 123
116 191 124
116 191 125
116 191 126
116 191 127
116 192 112
116 192 113
116 192 114
116 192 115
116 192 116
116 192 117
116 192 118
116 192 120
116 192 121
116 192 123
116 192 124
116 192 125
116 192 126
117 189 125
117 190 126
117 190 127
117 191 113
117 191 116
117 191 117
117 191 123
117 191 124
117 191 125
117 191 126
117 191 127
117 192 112
117 192 113
117 192 116
117 192 123
117 192 124
117 192 125
117 192 126
117 192 127
118 188 125
118 189 124
118 189 125
118 189 126
118 189 127
118 190 123
118 190 125
118 190 126
118 190 127
118 191 116
118 191 123
118 191 124
118 191 125
118 191 126
118 191 127
118 192 115
118 192 116
118 192 117
118 192 122
118 192 124
118 192 125
118 192 126
118 192 127
119 187 127
119 188 124
119 188 126
119 188 127
119 189 124
119 189 125
119 189 126
119 189 127
119 190 122
119 190 123
119 190 124
119 190 125
119 190 126
119 190 127
119 191 122
119 191 123
119 191 124
119 191 125
119 191 126
119 191 127
119 192 112
119 192 116
119 192 121
119 192 122
119 192 123
119 192 124
119 192 125
119 192 126
119 192 127
120 187 126
120 187 127
120 188 126
120 188 127
120 189 124
120 189 125
120 189 126
120 189 127
120 190 123
120 190 124
120 190 126
120 190 127
120 191 123
120 191 124
120 191 125
120 191 126
120 191 127
120 192 114
120 192 116
120 192 121
120 192 122
120 192 123
120 192 124
120 192 125
120 192 126
120 192 127
121 187 127
121 189 125
121 189 126
121 189 127
121 190 122
121 190 124
121 190 125
121 190 126
121 190 127
121 191 121
121 191 122
121 191 123
121 191 124
121 191 125
121 191 126
121 191 127
121 192 122
121 192 123
121 192 124
121 192 125
121 192 126
121 192 127
122 189 126
122 189 127
122 190 126
122 190 127
122 191 125
122 191 126
122 191 127
122 192 122
122 192 123
122 192 124
122 192 125
122 192 126
122 192 127
123 189 126
123 190 126
123 190 127
123 191 124
123 191 125
123 191 126
123 191 127
123 192 114
123 192 123
123 192 124
123 192 125
123 192 126
123 192 127
124 191 124
124 191 127
124 192 115
124 192 123
124 192 124
124 192 125
124 192 126
124 192 127
125 190 123
125 190 127
125 191 115
125 191 122
125 191 123
125 191 124
125 191 125
125 191 127
125 192 114
125 192 115
125 192 116
125 192 123
125 192 124
125 192 125
125 192 126
125 192 127
126 181 127
126 191 116
126 191 123
126 191 125
126 191 127
126 192 112
126 192 114
126 192 115
126 192 116
126 192 117
126 192 125
126 192 126
126 192 127
127 177 127
127 180 126
127 180 127
127 181 127
127 182 126
127 182 127
127 183 126
127 184 126
127 189 125
127 189 126
127 190 125
127 190 126
127 191 124
127 191 125
127 191 126
127 191 127
127 192 116
127 192 122
127 192 124
127 192 125
127 192 126
127 192 127
112 193 117
112 193 119
112 193 120
112 193 121
112 193 122
112 193 124
112 193 125
112 193 126
112 194 112
112 194 113
112 194 115
112 194 116
112 194 117
112 194 118
112 194 119
112 194 120
112 194 121
112 194 122
112 194 123
112 194 124
112 194 125
112 194 126
112 194 127
112 195 113
112 195 114
112 195 115
112 195 116
112 195 117
112 195 118
112 195 119
112 195 120
112 195 121
112 195 122
112 195 123
112 195 124
112 195 125
112 195 126
112 195 127
112 196 112
112 196 115
112 196 116
112 196 117
112 196 118
112 196 119
112 196 120
112 196 121
112 196 122
112 196 123
112 196 124
112 196 125
112 196 126
112 196 127
112 197 115
112 197 116
112 197 118
112 197 119
112 197 120
112 197 121
112 197 122
112 197 123
112 197 124
112 198 116
112 198 117
112 198 118
112 198 119
112 198 120
112 198 121
112 198 122
112 198 123
112 198 124
112 199 112
112 199 114
112 199 117
112 199 118
112 199 119
112 199 120
112 199 121
112 199 124
112 200 113
112 200 114
112 200 118
112 200 119
112 200 120
112 200 121
112 200 122
112 200 124
112 201 118
112 201 119
112 201 120
112 201 121
112 201 122
112 201 123
112 202 118
112 202 119
112 202 120
112 202 121
112 202 122
112 202 123
112 203 121
112 203 122
112 204 121
112 220 127
112 221 127
112 222 126
112 222 127
112 223 119
112 223 125
112 223 126
112 223 127
112 224 115
112 224 116
112 224 117
112 224 118
112 224 119
112 224 120
112 224 125
112 224 126
112 224 127
113 193 113
113 193 114
113 193 116
113 193 117
113 193 118
113 193 119
113 193 120
113 193 121
113 193 123
113 193 124
113 193 125
113 193 126
113 194 113
113 194 114
113 194 115
113 194 116
113 194 117
113 194 118
113 194 119
113 194 120
113 194 121
113 194 122
113 194 123
113 194 124
113 194 125
113 194 127
113 195 112
113 195 113
113 195 114
113 195 115
113 195 116
113 195 117
113 195 118
113 195 119
113 195 120
113 195 121
113 195 122
113 195 124
113 195 125
113 195 126
113 196 112
113 196 113
113 196 114
113 196 115
113 196 116
113 196 117
113 196 118
113 196 119
113 196 120
113 196 121
113 196 122
113 196 123
113 196 124
113 196 125
113 196 126
113 197 113
113 197 114
113 197 115
113 197 116
113 197 117
113 197 118
113 197 119
113 197 120
113 197 121
113 197 122
113 197 123
113 197 124
113 198 112
113 198 115
113 198 116
113 198 117
113 198 118
113 198 119
113 198 120
113 198 121
113 198 122
113 198 123
113 198 124
113 199 112
113 199 114
113 199 115
113 199 116
113 199 118
113 199 119
113 199 120
113 199 121
113 199 122
113 199 124
113 200 112
113 200 113
113 200 114
113 200 115
113 200 116
113 200 117
113 200 118
113 200 119
113 200 120
113 200 121
113 200 122
113 200 123
113 200 124
113 201 115
113 201 117
113 201 118
113 201 119
113 201 121
113 201 122
113 202 119
113 202 120
113 202 121
113 202 122
113 203 120
113 223 126
113 223 127
113 224 117
113 224 118
113 224 119
113 224 120
113 224 127
114 193 112
114 193 113
114 193 114
114 193 115
114 193 116
114 193 117
114 193 118
114 193 119
114 193 120
114 193 121
114 193 122
114 193 123
114 193 124
114 193 125
114 193 126
114 193 127
114 194 112
114 194 113
114 194 114
114 194 115
114 194 116
114 194 117
114 194 118
114 194 119
114 194 120
114 194 121
114 194 122
114 194 123
114 194 124
114 194 125
114 194 126
114 194 127
114 195 112
114 195 113
114 195 114
114 195 115
114 195 116
114 195 117
114 195 118
114 195 119
114 195 120
114 195 121
114 195 122
114 195 123
114 195 124
114 195 125
114 195 126
114 195 127
114 196 112
114 196 113
114 196 114
114 196 115
114 196 116
114 196 117
114 196 118
114 196 119
114 196 120
114 196 121
114 196 122
114 196 123
114 196 124
114 196 125
114 196 127
114 197 112
114 197 113
114 197 114
114 197 115
114 197 116
114 197 117
114 197 118
114 197 119
114 197 120
114 197 121
114 197 122
114 197 123
114 197 124
114 197 125
114 197 126
114 198 112
114 198 113
114 198 114
114 198 115
114 198 116
114 198 117
114 198 118
114 198 119
114 198 120
114 198 121
114 198 122
114 198 123
114 198 124
114 198 125
114 199 112
114 199 114
114 199 115
114 199 116
114 199 117
114 199 118
114 199 119
114 199 120
114 199 121
114 199 122
114 199 123
114 199 124
114 200 112
114 200 113
114 200 114
114 200 115
114 200 116
114 200 117
114 200 118
114 200 119
114 200 120
114 200 121
114 200 122
114 200 123
114 200 124
114 200 125
114 201 112
114 201 113
114 201 115
114 201 116
114 201 117
114 201 118
114 201 120
114 201 121
114 201 122
114 201 123
114 201 124
114 202 115
114 202 121
114 202 122
114 203 122
114 222 127
114 224 112
114 224 117
114 224 118
114 224 119
114 224 126
114 224 127
115 193 112
115 193 113
115 193 114
115 193 115
115 193 116
115 193 117
115 193 118
115 193 119
115 193 120
115 193 121
115 193 122
115 193 123
115 193 124
115 193 125
115 193 126
115 194 112
115 194 113
115 194 114
115 194 115
115 194 116
115 194 117
115 194 118
115 194 119
115 194 120
115 194 121
115 194 122
115 194 123
115 194 124
115 194 125
115 194 126
115 194 127
115 195 112
115 195 113
115 195 114
115 195 115
115 195 116
115 195 117
115 195 118
115 195 119
115 195 120
115 195 121
115 195 122
115 195 123
115 195 124
115 195 125
115 195 126
115 195 127
115 196 112
115 196 113
115 196 114
115 196 115
115 196 116
115 196 117
115 196 118
115 196 119
115 196 120
115 196 121
115 196 122
115 196 123
115 196 124
115 196 125
115 196 126
115 196 127
115 197 112
115 197 113
115 197 114
115 197 115
115 197 116
115 197 117
115 197 118
115 197 119
115 197 120
115 197 121
115 197 122
115 197 123
115 197 124
115 197 125
115 197 126
115 197 127
115 198 112
115 198 113
115 198 114
115 198 115
115 198 116
115 198 117
115 198 118
115 198 119
115 198 120
115 198 121
115 198 122
115 198 123
115 198 124
115 198 125
115 198 126
115 199 112
115 199 113
115 199 114
115 199 115
115 199 116
115 199 117
115 199 118
115 199 119
115 199 120
115 199 121
115 199 122
115 199 123
115 199 124
115 199 125
115 200 112
115 200 113
115 200 114
115 200 115
115 200 116
115 200 117
115 200 118
115 200 119
115 200 120
115 200 121
115 200 123
115 200 124
115 200 125
115 200 126
115 201 112
115 201 113
115 201 115
115 201 116
115 201 117
115 201 118
115 201 120
115 201 121
115 201 122
115 201 123
115 201 125
115 202 112
115 202 114
115 202 115
115 203 115
115 223 127
115 224 115
115 224 118
115 224 120
116 193 112
116 193 114
116 193 115
116 193 116
116 193 117
116 193 118
116 193 119
116 193 120
116 193 121
116 193 122
116 193 123
116 193 124
116 193 125
116 193 126
116 193 127
116 194 112
116 194 113
116 194 114
116 194 115
116 194 116
116 194 117
116 194 118
116 194 119
116 194 120
116 194 121
116 194 122
116 194 123
116 194 124
116 194 125
116 194 126
116 194 127
116 195 112
116 195 113
116 195 114
116 195 115
116 195 116
116 195 118
116 195 119
116 195 120
116 195 121
116 195 122
116 195 123
116 195 124
116 195 125
116 195 126
116 195 127
116 196 112
116 196 113
116 196 114
116 196 115
116 196 116
116 196 117
116 196 118
116 196 119
116 196 120
116 196 121
116 196 122
116 196 123
116 196 124
116 196 125
116 196 126
116 196 127
116 197 112
116 197 113
116 197 114
116 197 115
116 197 116
116 197 117
116 197 118
116 197 119
116 197 120
116 197 121
116 197 122
116 197 123
116 197 124
116 197 125
116 197 126
116 197 127
116 198 112
116 198 113
116 198 114
116 198 115
116 198 116
116 198 117
116 198 118
116 198 119
116 198 120
116 198 121
116 198 122
116 198 123
116 198 124
116 198 125
116 198 126
116 198 127
116 199 112
116 199 113
116 199 114
116 199 115
116 199 116
116 199 117
116 199 118
116 199 119
116 199 120
116 199 121
116 199 122
116 199 123
116 199 124
116 199 125
116 200 112
116 200 113
116 200 114
116 200 115
116 200 116
116 200 117
116 200 118
116 200 119
116 200 120
116 200 123
116 200 124
116 200 125
116 200 126
116 200 127
116 201 112
116 201 113
116 201 114
116 201 117
116 201 118
116 201 119
116 201 120
116 201 121
116 201 125
116 202 112
116 202 113
116 202 114
116 202 117
116 202 120
116 202 121
116 202 125
116 203 113
116 203 114
117 193 112
117 193 113
117 193 114
117 193 115
117 193 116
117 193 117
117 193 118
117 193 119
117 193 120
117 193 121
117 193 122
117 193 123
117 193 124
117 193 125
117 193 126
117 193 127
117 194 112
117 194 113
117 194 114
117 194 115
117 194 116
117 194 117
117 194 118
117 194 119
117 194 120
117 194 121
117 194 122
117 194 123
117 194 124
117 194 125
117 194 126
117 194 127
117 195 112
117 195 113
117 195 114
117 195 115
117 195 116
117 195 117
117 195 118
117 195 119
117 195 120
117 195 121
117 195 122
117 195 123
117 195 124
117 195 125
117 195 126
117 195 127
117 196 112
117 196 113
117 196 114
117 196 115
117 196 116
117 196 117
117 196 118
117 196 119
117 196 120
117 196 121
117 196 122
117 196 123
117 196 124
117 196 125
117 196 126
117 196 127
117 197 112
117 197 113
117 197 114
117 197 115
117 197 116
117 197 117
117 197 118
117 197 119
117 197 120
117 197 121
117 197 122
117 197 123
117 197 124
117 197 125
117 197 126
117 197 127
117 198 112
117 198 113
117 198 114
117 198 115
117 198 116
117 198 117
117 198 118
117 198 119
117 198 120
117 198 121
117 198 122
117 198 123
117 198 124
117 198 125
117 198 126
117 198 127
117 199 112
117 199 113
117 199 114
117 199 115
117 199 116
117 199 117
117 199 118
117 199 119
117 199 120
117 199 121
117 199 122
117 199 123
117 199 124
117 199 125
117 199 126
117 199 127
117 200 112
117 200 113
117 200 114
117 200 115
117 200 116
117 200 117
117 200 118
117 200 119
117 200 120
117 200 121
117 200 123
117 200 124
117 200 125
117 200 126
117 201 112
117 201 113
117 201 114
117 201 115
117 201 116
117 201 117
117 201 118
117 201 119
117 201 120
117 201 124
117 201 125
117 201 126
117 201 127
117 202 112
117 202 113
117 202 114
117 202 115
117 202 118
117 202 119
117 202 120
117 202 125
117 203 112
117 203 113
117 203 114
117 203 115
117 203 119
117 203 121
117 203 125
117 204 112
117 204 119
117 204 120
117 205 112
117 205 119
118 193 114
118 193 115
118 193 116
118 193 117
118 193 118
118 193 120
118 193 121
118 193 122
118 193 123
118 193 124
118 193 125
118 193 126
118 193 127
118 194 112
118 194 113
118 194 114
118 194 115
118 194 116
118 194 117
118 194 118
118 194 119
118 194 120
118 194 121
118 194 122
118 194 123
118 194 124
118 194 125
118 194 126
118 194 127
118 195 112
118 195 113
118 195 114
118 195 115
118 195 116
118 195 117
118 195 118
118 195 120
118 195 121
118 195 122
118 195 123
118 195 124
118 195 125
118 195 126
118 195 127
118 196 112
118 196 113
118 196 114
118 196 115
118 196 116
118 196 117
118 196 118
118 196 120
118 196 121
118 196 122
118 196 123
118 196 124
118 196 125
118 196 126
118 196 127
118 197 112
118 197 113
118 197 114
118 197 115
118 197 116
118 197 117
118 197 118
118 197 119
118 197 120
118 197 121
118 197 122
118 197 123
118 197 124
118 197 125
118 197 126
118 197 127
118 198 112
118 198 113
118 198 114
118 198 115
118 198 116
118 198 117
118 198 118
118 198 119
118 198 120
118 198 121
118 198 122
118 198 123
118 198 124
118 198 125
118 198 126
118 198 127
118 199 112
118 199 113
118 199 114
118 199 115
118 199 116
118 199 117
118 199 118
118 199 119
118 199 121
118 199 122
118 199 123
118 199 124
118 199 125
118 199 126
118 199 127
118 200 112
118 200 113
118 200 114
118 200 115
118 200 116
118 200 117
118 200 118
118 200 119
118 200 120
118 200 121
118 200 122
118 200 123
118 200 124
118 200 125
118 200 126
118 200 127
118 201 112
118 201 113
118 201 114
118 201 115
118 201 117
118 201 118
118 201 119
118 201 120
118 201 121
118 201 124
118 201 125
118 201 126
118 202 112
118 202 113
118 202 114
118 202 115
118 202 117
118 202 118
118 202 120
118 203 112
118 203 115
118 203 118
118 203 119
118 203 120
118 203 121
118 203 123
118 204 112
118 204 119
118 205 119
118 224 118
119 193 112
119 193 114
119 193 115
119 193 116
119 193 117
119 193 118
119 193 120
119 193 121
119 193 122
119 193 123
119 193 124
119 193 125
119 193 126
119 193 127
119 194 112
119 194 113
119 194 114
119 194 115
119 194 116
119 194 117
119 194 118
119 194 119
119 194 120
119 194 121
119 194 122
119 194 123
119 194 124
119 194 125
119 194 126
119 194 127
119 195 112
119 195 113
119 195 114
119 195 115
119 195 116
119 195 117
119 195 118
119 195 120
119 195 121
119 195 122
119 195 123
119 195 124
119 195 125
119 195 126
119 195 127
119 196 112
119 196 113
119 196 114
119 196 115
119 196 116
119 196 117
119 196 118
119 196 119
119 196 120
119 196 121
119 196 122
119 196 123
119 196 124
119 196 125
119 196 126
119 196 127
119 197 112
119 197 113
119 197 114
119 197 115
119 197 116
119 197 117
119 197 118
119 197 119
119 197 120
119 197 121
119 197 122
119 197 123
119 197 124
119 197 125
119 197 126
119 197 127
119 198 112
119 198 113
119 198 114
119 198 115
119 198 116
119 198 117
119 198 118
119 198 119
119 198 120
119 198 121
119 198 122
119 198 123
119 198 124
119 198 125
119 198 126
119 198 127
119 199 112
119 199 113
119 199 114
119 199 115
119 199 116
119 199 117
119 199 118
119 199 119
119 199 120
119 199 121
119 199 122
119 199 123
119 199 124
119 199 125
119 199 126
119 199 127
119 200 112
119 200 113
119 200 114
119 200 115
119 200 116
119 200 117
119 200 118
119 200 119
119 200 120
119 200 121
119 200 122
119 200 123
119 200 124
119 200 125
119 200 126
119 200 127
119 201 112
119 201 113
119 201 114
119 201 115
119 201 116
119 201 117
119 201 118
119 201 119
119 201 120
119 201 121
119 201 123
119 201 124
119 201 125
119 201 127
119 202 112
119 202 113
119 202 114
119 202 115
119 202 116
119 202 118
119 202 119
119 202 120
119 202 121
119 202 123
119 203 112
119 203 114
119 203 115
119 203 116
119 203 119
119 203 120
119 203 121
119 203 122
119 203 123
119 203 124
119 204 112
119 204 115
119 204 116
119 204 117
119 204 118
119 204 119
119 204 120
119 204 121
119 204 122
119 205 119
119 205 120
119 205 121
119 224 115
119 224 116
120 193 112
120 193 113
120 193 114
120 193 115
120 193 116
120 193 120
120 193 121
120 193 122
120 193 123
120 193 124
120 193 125
120 193 126
120 193 127
120 194 112
120 194 113
120 194 114
120 194 115
120 194 116
120 194 117
120 194 120
120 194 121
120 194 122
120 194 123
120 194 124
120 194 125
120 194 126
120 194 127
120 195 112
120 195 113
120 195 114
120 195 115
120 195 116
120 195 117
120 195 118
120 195 119
120 195 120
120 195 121
120 195 122
120 195 123
120 195 124
120 195 125
120 195 126
120 195 127
120 196 112
120 196 113
120 196 114
120 196 115
120 196 116
120 196 117
120 196 118
120 196 119
120 196 120
120 196 121
120 196 122
120 196 123
120 196 124
120 196 125
120 196 126
120 196 127
120 197 112
120 197 113
120 197 114
120 197 115
120 197 116
120 197 117
120 197 118
120 197 119
120 197 120
120 197 121
120 197 122
120 197 123
120 197 124
120 197 125
120 197 126
120 197 127
120 198 112
120 198 113
120 198 114
120 198 115
120 198 116
120 198 117
120 198 118
120 198 119
120 198 120
120 198 121
120 198 122
120 198 123
120 198 124
120 198 125
120 198 126
120 198 127
120 199 112
120 199 113
120 199 114
120 199 115
120 199 116
120 199 117
120 199 118
120 199 119
120 199 120
120 199 121
120 199 122
120 199 123
120 199 124
120 199 125
120 199 126
120 199 127
120 200 112
120 200 113
120 200 114
120 200 115
120 200 116
120 200 117
120 200 118
120 200 119
120 200 120
120 200 121
120 200 122
120 200 123
120 200 124
120 200 125
120 200 126
120 200 127
120 201 112
120 201 113
120 201 114
120 201 115
120 201 117
120 201 118
120 201 119
120 201 120
120 201 121
120 201 122
120 201 123
120 201 124
120 201 125
120 201 126
120 202 112
120 202 113
120 202 114
120 202 115
120 202 116
120 202 117
120 202 118
120 202 119
120 202 120
120 202 121
120 202 122
120 202 123
120 203 112
120 203 113
120 203 115
120 203 116
120 203 117
120 203 118
120 203 119
120 203 120
120 203 121
120 203 123
120 204 112
120 204 113
120 204 116
120 204 117
120 204 119
120 204 120
120 204 121
120 204 123
120 205 112
120 205 117
120 205 119
120 205 120
120 205 123
120 206 117
120 206 118
120 206 119
120 224 114
121 193 112
121 193 114
121 193 115
121 193 121
121 193 122
121 193 123
121 193 124
121 193 125
121 193 126
121 193 127
121 194 112
121 194 113
121 194 114
121 194 115
121 194 116
121 194 121
121 194 122
121 194 123
121 194 124
121 194 125
121 194 126
121 194 127
121 195 112
121 195 113
121 195 114
121 195 115
121 195 116
121 195 119
121 195 121
121 195 122
121 195 123
121 195 124
121 195 125
121 195 126
121 195 127
121 196 112
121 196 113
121 196 114
121 196 115
121 196 116
121 196 117
121 196 118
121 196 119
121 196 121
121 196 122
121 196 123
121 196 124
121 196 125
121 196 126
121 196 127
121 197 112
121 197 113
121 197 114
121 197 115
121 197 116
121 197 117
121 197 118
121 197 119
121 197 120
121 197 121
121 197 122
121 197 123
121 197 124
121 197 125
121 197 126
121 197 127
121 198 112
121 198 113
121 198 114
121 198 115
121 198 116
121 198 117
121 198 118
121 198 119
121 198 120
121 198 121
121 198 122
121 198 123
121 198 124
121 198 125
121 198 126
121 198 127
121 199 112
121 199 113
121 199 114
121 199 115
121 199 116
121 199 117
121 199 118
121 199 119
121 199 120
121 199 121
121 199 122
121 199 123
121 199 124
121 199 125
121 199 126
121 199 127
121 200 112
121 200 113
121 200 114
121 200 115
121 200 116
121 200 117
121 200 118
121 200 119
121 200 120
121 200 121
121 200 122
121 200 123
121 200 124
121 200 125
121 200 126
121 200 127
121 201 113
121 201 114
121 201 115
121 201 116
121 201 117
121 201 118
121 201 119
121 201 120
121 201 121
121 201 122
121 201 123
121 201 124
121 201 125
121 201 126
121 202 112
121 202 113
121 202 114
121 202 115
121 202 116
121 202 117
121 202 118
121 202 119
121 202 120
121 202 121
121 202 122
121 202 123
121 202 125
121 202 126
121 203 112
121 203 113
121 203 114
121 203 115
121 203 116
121 203 117
121 203 118
121 203 119
121 203 120
121 203 121
121 203 122
121 203 123
121 203 124
121 203 125
121 203 126
121 204 112
121 204 113
121 204 115
121 204 116
121 204 117
121 204 118
121 204 119
121 204 120
121 204 121
121 204 122
121 204 123
121 205 112
121 205 115
121 205 116
121 205 117
121 205 118
121 205 119
121 205 122
121 205 123
121 206 117
121 206 118
121 206 119
121 206 120
121 206 123
121 224 114
121 224 115
121 224 117
122 193 114
122 193 121
122 193 122
122 193 123
122 193 124
122 193 125
122 193 126
122 193 127
122 194 112
122 194 114
122 194 115
122 194 116
122 194 119
122 194 121
122 194 122
122 194 123
122 194 124
122 194 125
122 194 126
122 194 127
122 195 112
122 195 113
122 195 115
122 195 116
122 195 117
122 195 118
122 195 119
122 195 120
122 195 121
122 195 122
122 195 123
122 195 124
122 195 125
122 195 126
122 195 127
122 196 112
122 196 113
122 196 114
122 196 115
122 196 116
122 196 117
122 196 118
122 196 119
122 196 120
122 196 121
122 196 122
122 196 123
122 196 124
122 196 125
122 196 126
122 196 127
122 197 112
122 197 113
122 197 114
122 197 115
122 197 116
122 197 117
122 197 118
122 197 119
122 197 120
122 197 121
122 197 122
122 197 123
122 197 124
122 197 125
122 197 126
122 197 127
122 198 112
122 198 113
122 198 114
122 198 115
122 198 116
122 198 117
122 198 118
122 198 119
122 198 120
122 198 121
122 198 122
122 198 123
122 198 124
122 198 125
122 198 126
122 198 127
122 199 112
122 199 113
122 199 114
122 199 115
122 199 116
122 199 117
122 199 118
122 199 119
122 199 120
122 199 121
122 199 122
122 199 123
122 199 124
122 199 125
122 199 126
122 199 127
122 200 112
122 200 113
122 200 114
122 200 115
122 200 116
122 200 117
122 200 118
122 200 119
122 200 120
122 200 121
122 200 122
122 200 123
122 200 124
122 200 125
122 200 126
122 200 127
122 201 112
122 201 113
122 201 114
122 201 115
122 201 116
122 201 117
122 201 118
122 201 119
122 201 120
122 201 121
122 201 122
122 201 123
122 201 124
122 201 125
122 201 127
122 202 112
122 202 113
122 202 114
122 202 115
122 202 116
122 202 117
122 202 118
122 202 119
122 202 120
122 202 121
122 202 122
122 202 123
122 202 124
122 202 125
122 202 126
122 202 127
122 203 115
122 203 116
122 203 117
122 203 118
122 203 119
122 203 120
122 203 121
122 203 122
122 203 123
122 203 124
122 203 125
122 204 115
122 204 116
122 204 117
122 204 118
122 204 119
122 204 120
122 204 121
122 204 122
122 204 123
122 204 124
122 205 117
122 205 118
122 205 119
122 205 120
122 205 121
122 205 122
122 205 123
122 206 118
122 206 119
122 206 120
122 206 121
122 207 118
122 207 120
122 208 118
122 224 114
123 193 113
123 193 114
123 193 115
123 193 122
123 193 123
123 193 124
123 193 125
123 193 126
123 193 127
123 194 113
123 194 114
123 194 115
123 194 116
123 194 117
123 194 119
123 194 120
123 194 121
123 194 122
123 194 123
123 194 124
123 194 125
123 194 126
123 194 127
123 195 112
123 195 113
123 195 114
123 195 115
123 195 116
123 195 117
123 195 118
123 195 119
123 195 120
123 195 121
123 195 122
123 195 123
123 195 124
123 195 125
123 195 126
123 195 127
123 196 112
123 196 113
123 196 114
123 196 115
123 196 116
123 196 117
123 196 118
123 196 119
123 196 120
123 196 121
123 196 122
123 196 123
123 196 124
123 196 125
123 196 126
123 196 127
123 197 112
123 197 113
123 197 114
123 197 115
123 197 116
123 197 117
123 197 118
123 197 119
123 197 120
123 197 121
123 197 122
123 197 123
123 197 124
123 197 125
123 197 126
123 197 127
123 198 112
123 198 113
123 198 114
123 198 115
123 198 116
123 198 117
123 198 118
123 198 119
123 198 120
123 198 121
123 198 122
123 198 123
123 198 124
123 198 125
123 198 126
123 198 127
123 199 112
123 199 113
123 199 114
123 199 115
123 199 116
123 199 117
123 199 118
123 199 119
123 199 120
123 199 121
123 199 122
123 199 123
123 199 124
123 199 125
123 199 126
123 199 127
123 200 112
123 200 113
123 200 114
123 200 115
123 200 116
123 200 117
123 200 118
123 200 119
123 200 120
123 200 121
123 200 122
123 200 123
123 200 124
123 200 125
123 200 126
123 200 127
123 201 113
123 201 114
123 201 115
123 201 116
123 201 117
123 201 118
123 201 119
123 201 120
123 201 121
123 201 122
123 201 123
123 201 124
123 201 125
123 201 126
123 201 127
123 202 114
123 202 115
123 202 116
123 202 117
123 202 118
123 202 119
123 202 120
123 202 121
123 202 122
123 202 123
123 202 124
123 202 125
123 202 127
123 203 115
123 203 116
123 203 117
123 203 118
123 203 119
123 203 120
123 203 121
123 203 122
123 203 123
123 203 124
123 204 116
123 204 117
123 204 118
123 204 119
123 204 120
123 204 121
123 204 122
123 204 123
123 204 124
123 205 116
123 205 118
123 205 119
123 205 120
123 205 121
123 205 123
123 206 118
123 206 119
123 206 120
123 206 121
123 207 117
123 207 118
123 207 120
123 207 121
123 208 118
124 193 113
124 193 115
124 193 121
124 193 122
124 193 123
124 193 124
124 193 125
124 193 126
124 193 127
124 194 112
124 194 113
124 194 114
124 194 115
124 194 116
124 194 117
124 194 120
124 194 121
124 194 122
124 194 123
124 194 124
124 194 125
124 194 126
124 194 127
124 195 112
124 195 113
124 195 114
124 195 115
124 195 116
124 195 117
124 195 118
124 195 119
124 195 120
124 195 121
124 195 122
124 195 123
124 195 124
124 195 125
124 195 126
124 195 127
124 196 112
124 196 113
124 196 114
124 196 115
124 196 116
124 196 119
124 196 120
124 196 121
124 196 122
124 196 123
124 196 124
124 196 125
124 196 126
124 196 127
124 197 112
124 197 113
124 197 114
124 197 115
124 197 116
124 197 117
124 197 118
124 197 119
124 197 120
124 197 121
124 197 122
124 197 123
124 197 124
124 197 125
124 197 126
124 197 127
124 198 112
124 198 113
124 198 114
124 198 115
124 198 116
124 198 117
124 198 118
124 198 119
124 198 120
124 198 121
124 198 122
124 198 123
124 198 124
124 198 125
124 198 126
124 198 127
124 199 112
124 199 113
124 199 114
124 199 115
124 199 116
124 199 117
124 199 118
124 199 119
124 199 120
124 199 121
124 199 122
124 199 123
124 199 124
124 199 125
124 199 126
124 199 127
124 200 112
124 200 113
124 200 114
124 200 115
124 200 116
124 200 117
124 200 118
124 200 119
124 200 120
124 200 121
124 200 122
124 200 123
124 200 124
124 200 125
124 200 126
124 200 127
124 201 113
124 201 114
124 201 115
124 201 116
124 201 117
124 201 118
124 201 119
124 201 120
124 201 121
124 201 122
124 201 123
124 201 124
124 201 126
124 201 127
124 202 112
124 202 113
124 202 114
124 202 115
124 202 116
124 202 117
124 202 118
124 202 119
124 202 120
124 202 121
124 202 122
124 202 123
124 202 124
124 202 125
124 203 114
124 203 115
124 203 116
124 203 117
124 203 118
124 203 119
124 203 120
124 203 121
124 203 122
124 203 123
124 203 124
124 203 125
124 204 117
124 204 118
124 204 119
124 204 120
124 204 121
124 204 122
124 204 123
124 204 124
124 204 125
124 205 115
124 205 116
124 205 117
124 205 118
124 205 119
124 205 120
124 205 121
124 205 122
124 205 124
124 206 116
124 206 119
124 206 120
124 206 121
124 207 118
125 193 112
125 193 113
125 193 115
125 193 116
125 193 117
125 193 118
125 193 121
125 193 123
125 193 124
125 193 125
125 193 126
125 193 127
125 194 114
125 194 115
125 194 116
125 194 117
125 194 118
125 194 120
125 194 121
125 194 122
125 194 123
125 194 124
125 194 125
125 194 126
125 194 127
125 195 112
125 195 113
125 195 114
125 195 115
125 195 116
125 195 117
125 195 119
125 195 120
125 195 121
125 195 122
125 195 123
125 195 124
125 195 125
125 195 126
125 195 127
125 196 112
125 196 113
125 196 114
125 196 115
125 196 116
125 196 117
125 196 118
125 196 119
125 196 120
125 196 121
125 196 122
125 196 123
125 196 124
125 196 125
125 196 126
125 196 127
125 197 112
125 197 113
125 197 114
125 197 115
125 197 116
125 197 117
125 197 118
125 197 119
125 197 120
125 197 121
125 197 122
125 197 123
125 197 124
125 197 125
125 197 126
125 197 127
125 198 113
125 198 114
125 198 115
125 198 116
125 198 117
125 198 118
125 198 119
125 198 120
125 198 121
125 198 122
125 198 123
125 198 124
125 198 125
125 198 126
125 198 127
125 199 112
125 199 113
125 199 114
125 199 115
125 199 116
125 199 117
125 199 118
125 199 119
125 199 120
125 199 121
125 199 122
125 199 123
125 199 124
125 199 125
125 199 126
125 199 127
125 200 112
125 200 113
125 200 114
125 200 115
125 200 116
125 200 117
125 200 118
125 200 119
125 200 120
125 200 121
125 200 122
125 200 123
125 200 124
125 200 125
125 200 126
125 200 127
125 201 112
125 201 113
125 201 114
125 201 115
125 201 116
125 201 117
125 201 118
125 201 119
125 201 120
125 201 121
125 201 122
125 201 123
125 201 124
125 201 125
125 201 126
125 202 112
125 202 113
125 202 114
125 202 115
125 202 116
125 202 117
125 202 118
125 202 119
125 202 120
125 202 121
125 202 122
125 202 123
125 202 124
125 202 126
125 203 113
125 203 114
125 203 115
125 203 116
125 203 117
125 203 118
125 203 119
125 203 121
125 203 122
125 203 123
125 203 124
125 203 125
125 204 113
125 204 115
125 204 117
125 204 120
125 204 121
125 204 122
125 205 118
125 205 119
125 205 120
125 205 121
125 205 122
125 206 118
125 206 119
125 206 120
125 207 118
125 207 120
126 193 112
126 193 113
126 193 114
126 193 115
126 193 116
126 193 117
126 193 121
126 193 122
126 193 123
126 193 124
126 193 125
126 193 126
126 193 127
126 194 112
126 194 113
126 194 114
126 194 115
126 194 116
126 194 117
126 194 118
126 194 119
126 194 121
126 194 122
126 194 123
126 194 124
126 194 125
126 194 126
126 194 127
126 195 112
126 195 113
126 195 114
126 195 115
126 195 116
126 195 117
126 195 118
126 195 119
126 195 121
126 195 122
126 195 123
126 195 124
126 195 125
126 195 126
126 195 127
126 196 112
126 196 113
126 196 114
126 196 115
126 196 116
126 196 117
126 196 118
126 196 119
126 196 120
126 196 121
126 196 122
126 196 123
126 196 124
126 196 125
126 196 126
126 196 127
126 197 112
126 197 113
126 197 114
126 197 115
126 197 116
126 197 117
126 197 118
126 197 119
126 197 120
126 197 121
126 197 122
126 197 123
126 197 124
126 197 125
126 197 126
126 197 127
126 198 112
126 198 113
126 198 114
126 198 115
126 198 116
126 198 117
126 198 118
126 198 119
126 198 120
126 198 121
126 198 122
126 198 123
126 198 124
126 198 125
126 198 126
126 198 127
126 199 112
126 199 113
126 199 114
126 199 115
126 199 116
126 199 117
126 199 118
126 199 119
126 199 120
126 199 121
126 199 122
126 199 123
126 199 124
126 199 125
126 199 126
126 199 127
126 200 112
126 200 113
126 200 114
126 200 115
126 200 116
126 200 117
126 200 118
126 200 119
126 200 120
126 200 121
126 200 122
126 200 123
126 200 124
126 200 125
126 200 126
126 200 127
126 201 112
126 201 113
126 201 114
126 201 115
126 201 116
126 201 117
126 201 118
126 201 119
126 201 120
126 201 121
126 201 122
126 201 123
126 201 124
126 201 125
126 201 126
126 201 127
126 202 113
126 202 115
126 202 116
126 202 117
126 202 118
126 202 119
126 202 120
126 202 121
126 202 122
126 202 123
126 202 124
126 202 126
126 202 127
126 203 113
126 203 115
126 203 116
126 203 117
126 203 118
126 203 119
126 203 120
126 203 122
126 203 123
126 203 126
126 203 127
126 204 113
126 204 117
126 204 119
126 204 120
126 204 121
126 204 122
126 205 118
126 205 120
126 206 120
127 193 116
127 193 117
127 193 118
127 193 119
127 193 121
127 193 122
127 193 124
127 193 125
127 193 126
127 193 127
127 194 112
127 194 113
127 194 114
127 194 115
127 194 116
127 194 117
127 194 118
127 194 119
127 194 121
127 194 123
127 194 124
127 194 125
127 194 126
127 194 127
127 195 112
127 195 113
127 195 114
127 195 115
127 195 116
127 195 117
127 195 118
127 195 119
127 195 120
127 195 121
127 195 122
127 195 123
127 195 124
127 195 125
127 195 126
127 195 127
127 196 112
127 196 113
127 196 114
127 196 115
127 196 116
127 196 117
127 196 118
127 196 119
127 196 120
127 196 121
127 196 122
127 196 123
127 196 124
127 196 125
127 196 126
127 196 127
127 197 112
127 197 113
127 197 114
127 197 115
127 197 116
127 197 117
127 197 118
127 197 119
127 197 120
127 197 121
127 197 122
127 197 123
127 197 124
127 197 125
127 197 126
127 197 127
127 198 112
127 198 113
127 198 114
127 198 115
127 198 116
127 198 117
127 198 118
127 198 119
127 198 120
127 198 121
127 198 122
127 198 123
127 198 124
127 198 125
127 198 126
127 198 127
127 199 112
127 199 113
127 199 114
127 199 115
127 199 116
127 199 117
127 199 118
127 199 119
127 199 120
127 199 121
127 199 122
127 199 123
127 199 124
127 199 125
127 199 126
127 199 127
127 200 112
127 200 113
127 200 114
127 200 115
127 200 116
127 200 117
127 200 118
127 200 119
127 200 120
127 200 121
127 200 122
127 200 123
127 200 124
127 200 125
127 200 126
127 200 127
127 201 112
127 201 113
127 201 114
127 201 115
127 201 116
127 201 117
127 201 118
127 201 119
127 201 120
127 201 121
127 201 123
127 201 124
127 201 126
127 201 127
127 202 112
127 202 113
127 202 115
127 202 116
127 202 117
127 202 119
127 202 120
127 202 122
127 202 123
127 202 124
127 202 125
127 202 126
127 202 127
127 203 112
127 203 113
127 203 114
127 203 115
127 203 117
127 203 118
127 203 119
127 203 120
127 203 123
127 203 124
127 203 126
127 203 127
127 204 113
127 204 114
127 204 117
127 204 126
127 204 127
127 205 115
127 205 118
127 205 120
127 205 127
112 225 114
112 225 115
112 225 116
112 225 117
112 225 118
112 225 119
112 225 126
112 225 127
112 226 113
112 226 114
112 226 115
112 226 116
112 226 117
112 226 118
112 226 119
112 226 120
112 226 121
112 226 124
112 226 126
112 226 127
112 227 112
112 227 113
112 227 114
112 227 115
112 227 116
112 227 117
112 227 118
112 227 119
112 227 120
112 227 121
112 227 122
112 227 123
112 227 124
112 227 125
112 227 126
112 227 127
112 228 112
112 228 113
112 228 114
112 228 115
112 228 116
112 228 117
112 228 118
112 228 119
112 228 120
112 228 121
112 228 122
112 228 123
112 228 124
112 228 125
112 228 126
112 228 127
112 229 112
112 229 113
112 229 114
112 229 115
112 229 116
112 229 117
112 229 118
112 229 119
112 229 120
112 229 121
112 229 122
112 229 123
112 229 124
112 229 125
112 229 126
112 229 127
112 230 112
112 230 113
112 230 114
112 230 115
112 230 116
112 230 117
112 230 118
112 230 119
112 230 120
112 230 121
112 230 122
112 230 123
112 230 124
112 230 125
112 230 126
112 230 127
112 231 112
112 231 113
112 231 114
112 231 115
112 231 116
112 231 117
112 231 118
112 231 119
112 231 120
112 231 121
112 231 122
112 231 123
112 231 124
112 231 125
112 231 126
112 231 127
112 232 112
112 232 113
112 232 114
112 232 115
112 232 116
112 232 117
112 232 118
112 232 119
112 232 120
112 232 121
112 232 122
112 232 123
112 232 124
112 232 125
112 232 126
112 232 127
112 233 112
112 233 113
112 233 114
112 233 115
112 233 116
112 233 117
112 233 118
112 233 119
112 233 120
112 233 121
112 233 122
112 233 123
112 233 124
112 233 125
112 233 126
112 233 127
112 234 112
112 234 113
112 234 114
112 234 115
112 234 116
112 234 117
112 234 118
112 234 119
112 234 120
112 234 121
112 234 122
112 234 123
112 234 124
112 234 125
112 234 126
112 234 127
112 235 112
112 235 113
112 235 114
112 235 115
112 235 116
112 235 117
112 235 118
112 235 119
112 235 120
112 235 121
112 235 122
112 235 123
112 235 124
112 235 125
112 235 126
112 235 127
112 236 112
112 236 113
112 236 114
112 236 115
112 236 116
112 236 117
112 236 118
112 236 119
112 236 120
112 236 121
112 236 122
112 236 123
112 236 124
112 236 125
112 236 126
112 236 127
112 237 112
112 237 113
112 237 114
112 237 115
112 237 116
112 237 117
112 237 118
112 237 119
112 237 120
112 237 121
112 237 122
112 237 123
112 237 124
112 237 125
112 237 126
112 237 127
112 238 112
112 238 113
112 238 114
112 238 115
112 238 116
112 238 117
112 238 118
112 238 119
112 238 120
112 238 121
112 238 122
112 238 123
112 238 124
112 238 125
112 238 126
112 238 127
112 239 112
112 239 113
112 239 114
112 239 115
112 239 116
112 239 117
112 239 118
112 239 119
112 239 120
112 239 121
112 239 122
112 239 123
112 239 124
112 239 125
112 239 126
112 239 127
112 240 112
112 240 113
112 240 114
112 240 115
112 240 116
112 240 117
112 240 118
112 240 119
112 240 120
112 240 121
112 240 122
112 240 123
112 240 124
112 240 125
112 240 126
112 240 127
112 241 112
112 241 113
112 241 114
112 241 115
112 241 116
112 241 117
112 241 118
112 241 119
112 241 120
112 241 121
112 241 122
112 241 123
112 241 124
112 241 125
112 241 126
112 241 127
112 242 112
112 242 113
112 242 114
112 242 115
112 242 116
112 242 117
112 242 118
112 242 119
112 242 120
112 242 121
112 242 122
112 242 123
112 242 124
112 242 125
112 242 126
112 242 127
112 243 112
112 243 113
112 243 115
112 243 116
112 243 117
112 243 118
112 243 119
112 243 120
112 243 121
112 243 122
112 243 125
112 243 126
112 243 127
112 244 112
112 244 113
112 244 114
112 244 115
112 244 117
112 244 118
112 244 119
112 244 121
112 244 122
112 244 125
112 244 126
112 245 112
112 245 115
112 245 117
112 245 118
112 245 119
113 225 113
113 225 117
113 225 118
113 225 119
113 225 120
113 225 121
113 225 126
113 225 127
113 226 112
113 226 113
113 226 115
113 226 116
113 226 117
113 226 118
113 226 120
113 226 121
113 226 122
113 226 123
113 226 126
113 226 127
113 227 112
113 227 113
113 227 114
113 227 115
113 227 116
113 227 117
113 227 118
113 227 119
113 227 120
113 227 121
113 227 122
113 227 123
113 227 125
113 227 126
113 227 127
113 228 112
113 228 113
113 228 114
113 228 115
113 228 116
113 228 117
113 228 118
113 228 119
113 228 120
113 228 121
113 228 122
113 228 123
113 228 124
113 228 125
113 228 126
113 228 127
113 229 112
113 229 113
113 229 114
113 229 115
113 229 116
113 229 117
113 229 118
113 229 119
113 229 120
113 229 121
113 229 123
113 229 124
113 229 125
113 229 126
113 229 127
113 230 112
113 230 113
113 230 114
113 230 115
113 230 116
113 230 117
113 230 118
113 230 119
113 230 120
113 230 121
113 230 122
113 230 123
113 230 124
113 230 125
113 230 126
113 230 127
113 231 112
113 231 113
113 231 114
113 231 115
113 231 116
113 231 117
113 231 118
113 231 119
113 231 120
113 231 121
113 231 122
113 231 123
113 231 124
113 231 125
113 231 126
113 231 127
113 232 112
113 232 113
113 232 114
113 232 115
113 232 116
113 232 117
113 232 118
113 232 119
113 232 120
113 232 121
113 232 122
113 232 123
113 232 124
113 232 125
113 232 126
113 232 127
113 233 112
113 233 113
113 233 114
113 233 115
113 233 116
113 233 117
113 233 118
113 233 119
113 233 120
113 233 121
113 233 122
113 233 123
113 233 124
113 233 125
113 233 126
113 233 127
113 234 112
113 234 113
113 234 114
113 234 115
113 234 116
113 234 117
113 234 118
113 234 119
113 234 120
113 234 121
113 234 122
113 234 123
113 234 124
113 234 125
113 234 126
113 234 127
113 235 112
113 235 113
113 235 114
113 235 115
113 235 116
113 235 117
113 235 118
113 235 119
113 235 120
113 235 121
113 235 122
113 235 123
113 235 124
113 235 125
113 235 126
113 235 127
113 236 112
113 236 113
113 236 114
113 236 115
113 236 116
113 236 117
113 236 118
113 236 119
113 236 120
113 236 121
113 236 122
113 236 123
113 236 124
113 236 125
113 236 126
113 236 127
113 237 112
113 237 113
113 237 114
113 237 115
113 237 116
113 237 117
113 237 118
113 237 119
113 237 120
113 237 121
113 237 122
113 237 123
113 237 124
113 237 125
113 237 126
113 237 127
113 238 112
113 238 113
113 238 114
113 238 115
113 238 116
113 238 117
113 238 118
113 238 119
113 238 120
113 238 121
113 238 122
113 238 123
113 238 124
113 238 125
113 238 126
113 238 127
113 239 112
113 239 113
113 239 114
113 239 115
113 239 116
113 239 117
113 239 118
113 239 119
113 239 120
113 239 121
113 239 122
113 239 123
113 239 124
113 239 125
113 239 126
113 239 127
113 240 112
113 240 113
113 240 114
113 240 115
113 240 116
113 240 117
113 240 118
113 240 119
113 240 120
113 240 121
113 240 122
113 240 123
113 240 124
113 240 125
113 240 126
113 240 127
113 241 112
113 241 113
113 241 114
113 241 115
113 241 116
113 241 117
113 241 118
113 241 119
113 241 120
113 241 121
113 241 122
113 241 124
113 241 125
113 241 126
113 241 127
113 242 112
113 242 113
113 242 114
113 242 115
113 242 116
113 242 117
113 242 118
113 242 119
113 242 120
113 242 121
113 242 122
113 242 123
113 242 124
113 242 125
113 242 126
113 242 127
113 243 112
113 243 113
113 243 114
113 243 115
113 243 116
113 243 117
113 243 118
113 243 119
113 243 120
113 243 121
113 243 125
113 243 126
113 243 127
113 244 112
113 244 113
113 244 114
113 244 115
113 244 116
113 244 117
113 244 118
113 244 119
113 244 120
113 244 121
113 244 126
113 244 127
113 245 112
113 245 114
113 245 115
113 245 116
113 245 120
113 245 126
113 245 127
113 246 116
114 225 112
114 225 117
114 225 118
114 225 119
114 225 127
114 226 114
114 226 115
114 226 116
114 226 117
114 226 118
114 226 119
114 226 120
114 226 121
114 226 126
114 226 127
114 227 113
114 227 114
114 227 115
114 227 116
114 227 117
114 227 118
114 227 119
114 227 120
114 227 121
114 227 122
114 227 123
114 227 125
114 227 126
114 227 127
114 228 112
114 228 113
114 228 115
114 228 116
114 228 117
114 228 119
114 228 120
114 228 121
114 228 122
114 228 123
114 228 124
114 228 125
114 228 126
114 228 127
114 229 112
114 229 113
114 229 114
114 229 115
114 229 116
114 229 117
114 229 118
114 229 119
114 229 120
114 229 121
114 229 122
114 229 123
114 229 124
114 229 125
114 229 126
114 229 127
114 230 112
114 230 113
114 230 114
114 230 115
114 230 116
114 230 117
114 230 118
114 230 119
114 230 120
114 230 121
114 230 122
114 230 123
114 230 124
114 230 125
114 230 126
114 230 127
114 231 112
114 231 113
114 231 114
114 231 115
114 231 116
114 231 117
114 231 118
114 231 119
114 231 120
114 231 121
114 231 122
114 231 123
114 231 124
114 231 125
114 231 126
114 231 127
114 232 112
114 232 113
114 232 114
114 232 115
114 232 116
114 232 117
114 232 118
114 232 119
114 232 120
114 232 121
114 232 122
114 232 123
114 232 124
114 232 125
114 232 126
114 232 127
114 233 112
114 233 113
114 233 114
114 233 115
114 233 116
114 233 117
114 233 118
114 233 119
114 233 120
114 233 121
114 233 122
114 233 123
114 233 124
114 233 125
114 233 126
114 233 127
114 234 112
114 234 113
114 234 114
114 234 115
114 234 116
114 234 117
114 234 118
114 234 119
114 234 120
114 234 121
114 234 122
114 234 123
114 234 124
114 234 125
114 234 126
114 234 127
114 235 112
114 235 113
114 235 114
114 235 115
114 235 116
114 235 117
114 235 118
114 235 119
114 235 120
114 235 121
114 235 122
114 235 123
114 235 124
114 235 125
114 235 126
114 235 127
114 236 112
114 236 113
114 236 114
114 236 115
114 236 116
114 236 117
114 236 118
114 236 119
114 236 120
114 236 121
114 236 122
114 236 123
114 236 124
114 236 125
114 236 126
114 236 127
114 237 112
114 237 113
114 237 114
114 237 115
114 237 116
114 237 117
114 237 118
114 237 119
114 237 120
114 237 121
114 237 122
114 237 123
114 237 124
114 237 125
114 237 126
114 237 127
114 238 112
114 238 113
114 238 114
114 238 115
114 238 116
114 238 117
114 238 118
114 238 119
114 238 120
114 238 121
114 238 122
114 238 123
114 238 124
114 238 125
114 238 126
114 238 127
114 239 112
114 239 113
114 239 114
114 239 115
114 239 116
114 239 117
114 239 118
114 239 119
114 239 120
114 239 121
114 239 122
114 239 123
114 239 124
114 239 125
114 239 126
114 239 127
114 240 112
114 240 113
114 240 114
114 240 115
114 240 116
114 240 117
114 240 118
114 240 119
114 240 120
114 240 121
114 240 122
114 240 123
114 240 124
114 240 125
114 240 126
114 240 127
114 241 112
114 241 113
114 241 114
114 241 115
114 241 116
114 241 117
114 241 118
114 241 119
114 241 120
114 241 121
114 241 122
114 241 123
114 241 124
114 241 125
114 241 126
114 241 127
114 242 112
114 242 113
114 242 115
114 242 116
114 242 117
114 242 118
114 242 119
114 242 121
114 242 122
114 242 123
114 242 124
114 242 125
114 242 126
114 242 127
114 243 113
114 243 114
114 243 117
114 243 118
114 243 119
114 243 120
114 243 125
114 244 113
114 244 114
114 244 116
114 244 117
114 244 118
114 244 119
114 244 120
114 244 126
114 244 127
114 245 114
114 245 115
114 245 116
114 245 118
115 225 115
115 225 116
115 225 117
115 225 118
115 225 120
115 225 121
115 225 126
115 225 127
115 226 112
115 226 114
115 226 115
115 226 116
115 226 117
115 226 118
115 226 119
115 226 120
115 226 124
115 226 125
115 226 126
115 226 127
115 227 112
115 227 114
115 227 115
115 227 116
115 227 117
115 227 118
115 227 119
115 227 120
115 227 121
115 227 122
115 227 124
115 227 125
115 227 126
115 227 127
115 228 112
115 228 113
115 228 114
115 228 115
115 228 116
115 228 117
115 228 118
115 228 119
115 228 120
115 228 121
115 228 122
115 228 123
115 228 124
115 228 125
115 228 126
115 228 127
115 229 112
115 229 113
115 229 114
115 229 115
115 229 116
115 229 117
115 229 118
115 229 119
115 229 120
115 229 121
115 229 122
115 229 123
115 229 124
115 229 125
115 229 126
115 229 127
115 230 112
115 230 113
115 230 114
115 230 115
115 230 116
115 230 117
115 230 118
115 230 119
115 230 120
115 230 121
115 230 122
115 230 123
115 230 124
115 230 125
115 230 126
115 230 127
115 231 112
115 231 113
115 231 114
115 231 115
115 231 116
115 231 117
115 231 118
115 231 119
115 231 120
115 231 121
115 231 122
115 231 123
115 231 124
115 231 125
115 231 126
115 231 127
115 232 112
115 232 113
115 232 114
115 232 115
115 232 116
115 232 117
115 232 118
115 232 119
115 232 120
115 232 121
115 232 122
115 232 123
115 232 124
115 232 125
115 232 126
115 232 127
115 233 112
115 233 113
115 233 114
115 233 115
115 233 116
115 233 117
115 233 118
115 233 119
115 233 120
115 233 121
115 233 122
115 233 123
115 233 124
115 233 125
115 233 126
115 233 127
115 234 112
115 234 113
115 234 114
115 234 115
115 234 116
115 234 117
115 234 118
115 234 119
115 234 120
115 234 121
115 234 122
115 234 123
115 234 124
115 234 125
115 234 126
115 234 127
115 235 112
115 235 113
115 235 114
115 235 115
115 235 116
115 235 117
115 235 118
115 235 119
115 235 120
115 235 121
115 235 122
115 235 123
115 235 124
115 235 125
115 235 126
115 235 127
115 236 112
115 236 113
115 236 114
115 236 115
115 236 116
115 236 117
115 236 118
115 236 119
115 236 120
115 236 121
115 236 122
115 236 123
115 236 124
115 236 125
115 236 126
115 236 127
115 237 112
115 237 113
115 237 114
115 237 115
115 237 116
115 237 117
115 237 118
115 237 119
115 237 120
115 237 121
115 237 122
115 237 123
115 237 124
115 237 125
115 237 126
115 237 127
115 238 112
115 238 113
115 238 114
115 238 115
115 238 116
115 238 117
115 238 118
115 238 119
115 238 120
115 238 121
115 238 122
115 238 123
115 238 124
115 238 125
115 238 126
115 238 127
115 239 112
115 239 113
115 239 114
115 239 115
115 239 116
115 239 117
115 239 118
115 239 120
115 239 121
115 239 122
115 239 123
115 239 124
115 239 125
115 239 126
115 239 127
115 240 112
115 240 113
115 240 114
115 240 115
115 240 116
115 240 117
115 240 118
115 240 119
115 240 120
115 240 121
115 240 122
115 240 123
115 240 124
115 240 125
115 240 126
115 240 127
115 241 112
115 241 113
115 241 114
115 241 115
115 241 116
115 241 117
115 241 118
115 241 119
115 241 120
115 241 121
115 241 122
115 241 123
115 241 124
115 241 125
115 241 126
115 241 127
115 242 112
115 242 113
115 242 115
115 242 116
115 242 117
115 242 118
115 242 120
115 242 121
115 242 122
115 242 123
115 242 124
115 242 125
115 242 126
115 242 127
115 243 112
115 243 113
115 243 114
115 243 116
115 243 117
115 243 118
115 243 120
115 243 127
115 244 113
115 244 114
115 244 116
115 244 117
115 244 118
115 244 120
115 244 121
115 245 113
115 245 117
116 225 115
116 225 116
116 225 117
116 225 126
116 226 114
116 226 115
116 226 116
116 226 117
116 226 118
116 226 119
116 226 120
116 226 121
116 226 123
116 226 126
116 227 112
116 227 113
116 227 114
116 227 115
116 227 116
116 227 117
116 227 118
116 227 119
116 227 120
116 227 121
116 227 122
116 227 123
116 227 125
116 227 126
116 227 127
116 228 112
116 228 113
116 228 114
116 228 115
116 228 116
116 228 117
116 228 118
116 228 119
116 228 120
116 228 121
116 228 122
116 228 123
116 228 124
116 228 125
116 228 126
116 228 127
116 229 112
116 229 113
116 229 114
116 229 115
116 229 116
116 229 117
116 229 118
116 229 119
116 229 120
116 229 121
116 229 122
116 229 123
116 229 124
116 229 126
116 229 127
116 230 112
116 230 113
116 230 114
116 230 115
116 230 116
116 230 117
116 230 118
116 230 119
116 230 120
116 230 121
116 230 122
116 230 123
116 230 124
116 230 125
116 230 126
116 230 127
116 231 112
116 231 113
116 231 114
116 231 115
116 231 116
116 231 117
116 231 118
116 231 119
116 231 120
116 231 121
116 231 122
116 231 123
116 231 124
116 231 125
116 231 126
116 231 127
116 232 112
116 232 113
116 232 114
116 232 115
116 232 116
116 232 117
116 232 118
116 232 119
116 232 120
116 232 121
116 232 122
116 232 123
116 232 124
116 232 125
116 232 126
116 232 127
116 233 112
116 233 113
116 233 114
116 233 115
116 233 116
116 233 117
116 233 118
116 233 119
116 233 120
116 233 121
116 233 122
116 233 123
116 233 124
116 233 125
116 233 126
116 233 127
116 234 112
116 234 113
116 234 114
116 234 115
116 234 116
116 234 117
116 234 118
116 234 119
116 234 120
116 234 121
116 234 122
116 234 123
116 234 124
116 234 125
116 234 126
116 234 127
116 235 112
116 235 113
116 235 114
116 235 115
116 235 116
116 235 117
116 235 118
116 235 119
116 235 120
116 235 121
116 235 122
116 235 123
116 235 124
116 235 125
116 235 126
116 235 127
116 236 112
116 236 113
116 236 114
116 236 115
116 236 116
116 236 117
116 236 118
116 236 119
116 236 120
116 236 121
116 236 122
116 236 123
116 236 124
116 236 125
116 236 126
116 236 127
116 237 112
116 237 113
116 237 114
116 237 115
116 237 116
116 237 117
116 237 118
116 237 119
116 237 120
116 237 121
116 237 122
116 237 123
116 237 124
116 237 125
116 237 126
116 237 127
116 238 112
116 238 113
116 238 114
116 238 115
116 238 116
116 238 117
116 238 118
116 238 119
116 238 120
116 238 121
116 238 122
116 238 123
116 238 124
116 238 125
116 238 126
116 238 127
116 239 112
116 239 113
116 239 114
116 239 115
116 239 116
116 239 117
116 239 118
116 239 119
116 239 120
116 239 121
116 239 122
116 239 123
116 239 124
116 239 125
116 239 126
116 239 127
116 240 113
116 240 114
116 240 116
116 240 117
116 240 118
116 240 119
116 240 120
116 240 121
116 240 122
116 240 124
116 240 125
116 240 126
116 240 127
116 241 112
116 241 113
116 241 114
116 241 115
116 241 116
116 241 117
116 241 118
116 241 119
116 241 120
116 241 121
116 241 124
116 241 125
116 241 126
116 241 127
116 242 113
116 242 114
116 242 115
116 242 116
116 242 117
116 242 118
116 242 119
116 242 120
116 242 121
116 242 126
116 242 127
116 243 115
116 243 116
116 243 118
116 243 121
116 243 125
116 243 126
116 243 127
116 244 113
116 244 114
116 244 116
116 244 117
116 244 118
116 244 126
116 244 127
117 225 115
117 225 116
117 225 117
117 225 121
117 225 122
117 226 113
117 226 115
117 226 116
117 226 117
117 226 118
117 226 119
117 226 120
117 226 121
117 226 122
117 226 126
117 226 127
117 227 112
117 227 113
117 227 115
117 227 116
117 227 117
117 227 118
117 227 119
117 227 120
117 227 121
117 227 122
117 227 123
117 227 125
117 227 127
117 228 112
117 228 113
117 228 114
117 228 115
117 228 116
117 228 117
117 228 118
117 228 119
117 228 120
117 228 121
117 228 122
117 228 124
117 228 125
117 228 126
117 228 127
117 229 112
117 229 113
117 229 114
117 229 115
117 229 116
117 229 117
117 229 118
117 229 119
117 229 120
117 229 121
117 229 122
117 229 123
117 229 124
117 229 125
117 229 126
117 229 127
117 230 112
117 230 113
117 230 114
117 230 115
117 230 116
117 230 117
117 230 118
117 230 119
117 230 120
117 230 121
117 230 122
117 230 123
117 230 124
117 230 125
117 230 126
117 230 127
117 231 112
117 231 113
117 231 114
117 231 115
117 231 116
117 231 117
117 231 118
117 231 119
117 231 120
117 231 121
117 231 122
117 231 123
117 231 124
117 231 125
117 231 126
117 231 127
117 232 112
117 232 113
117 232 114
117 232 115
117 232 116
117 232 117
117 232 118
117 232 119
117 232 120
117 232 121
117 232 122
117 232 123
117 232 124
117 232 125
117 232 126
117 232 127
117 233 112
117 233 113
117 233 114
117 233 115
117 233 116
117 233 117
117 233 118
117 233 119
117 233 120
117 233 121
117 233 122
117 233 123
117 233 124
117 233 125
117 233 126
117 233 127
117 234 112
117 234 113
117 234 114
117 234 115
117 234 116
117 234 117
117 234 118
117 234 119
117 234 120
117 234 121
117 234 122
117 234 123
117 234 124
117 234 125
117 234 126
117 234 127
117 235 112
117 235 113
117 235 114
117 235 115
117 235 116
117 235 117
117 235 118
117 235 119
117 235 120
117 235 121
117 235 122
117 235 123
117 235 124
117 235 125
117 235 126
117 235 127
117 236 112
117 236 113
117 236 114
117 236 115
117 236 116
117 236 117
117 236 118
117 236 119
117 236 120
117 236 121
117 236 122
117 236 123
117 236 124
117 236 125
117 236 126
117 236 127
117 237 112
117 237 113
117 237 114
117 237 115
117 237 116
117 237 117
117 237 118
117 237 119
117 237 120
117 237 121
117 237 122
117 237 123
117 237 124
117 237 125
117 237 126
117 237 127
117 238 112
117 238 113
117 238 114
117 238 115
117 238 116
117 238 117
117 238 118
117 238 119
117 238 120
117 238 121
117 238 122
117 238 123
117 238 124
117 238 125
117 238 126
117 238 127
117 239 112
117 239 113
117 239 114
117 239 115
117 239 116
117 239 117
117 239 118
117 239 119
117 239 120
117 239 121
117 239 122
117 239 124
117 239 125
117 239 126
117 239 127
117 240 113
117 240 114
117 240 115
117 240 116
117 240 117
117 240 118
117 240 119
117 240 120
117 240 121
117 240 122
117 240 124
117 240 125
117 240 126
117 240 127
117 241 114
117 241 115
117 241 116
117 241 117
117 241 118
117 241 119
117 241 120
117 241 121
117 241 122
117 241 127
117 242 114
117 242 115
117 242 117
117 242 118
117 242 119
117 242 120
117 242 125
117 242 126
117 243 115
117 243 116
117 243 117
117 243 118
117 243 119
117 243 120
117 243 126
117 244 116
117 244 119
117 244 127
118 225 115
118 225 116
118 225 118
118 225 119
118 225 122
118 226 113
118 226 114
118 226 115
118 226 116
118 226 117
118 226 118
118 226 119
118 226 120
118 226 121
118 226 122
118 226 123
118 226 126
118 227 112
118 227 113
118 227 114
118 227 115
118 227 116
118 227 117
118 227 118
118 227 119
118 227 120
118 227 121
118 227 122
118 227 123
118 227 124
118 227 125
118 227 126
118 227 127
118 228 112
118 228 113
118 228 114
118 228 115
118 228 116
118 228 117
118 228 118
118 228 119
118 228 120
118 228 121
118 228 122
118 228 123
118 228 125
118 228 126
118 228 127
118 229 112
118 229 113
118 229 114
118 229 115
118 229 116
118 229 117
118 229 118
118 229 119
118 229 120
118 229 121
118 229 122
118 229 123
118 229 124
118 229 125
118 229 126
118 229 127
118 230 112
118 230 113
118 230 114
118 230 115
118 230 116
118 230 117
118 230 118
118 230 119
118 230 120
118 230 121
118 230 122
118 230 123
118 230 124
118 230 125
118 230 126
118 230 127
118 231 112
118 231 113
118 231 114
118 231 115
118 231 116
118 231 117
118 231 118
118 231 119
118 231 120
118 231 121
118 231 122
118 231 123
118 231 124
118 231 125
118 231 126
118 231 127
118 232 112
118 232 113
118 232 114
118 232 115
118 232 116
118 232 117
118 232 118
118 232 119
118 232 120
118 232 121
118 232 122
118 232 123
118 232 124
118 232 125
118 232 126
118 232 127
118 233 112
118 233 113
118 233 114
118 233 115
118 233 116
118 233 117
118 233 118
118 233 119
118 233 120
118 233 121
118 233 122
118 233 123
118 233 124
118 233 125
118 233 126
118 233 127
118 234 113
118 234 114
118 234 115
118 234 116
118 234 117
118 234 118
118 234 119
118 234 120
118 234 121
118 234 122
118 234 123
118 234 124
118 234 125
118 234 126
118 234 127
118 235 112
118 235 113
118 235 114
118 235 115
118 235 116
118 235 117
118 235 118
118 235 119
118 235 120
118 235 121
118 235 122
118 235 123
118 235 124
118 235 125
118 235 126
118 235 127
118 236 112
118 236 113
118 236 114
118 236 115
118 236 116
118 236 117
118 236 118
118 236 119
118 236 121
118 236 122
118 236 123
118 236 124
118 236 125
118 236 126
118 236 127
118 237 112
118 237 113
118 237 114
118 237 115
118 237 116
118 237 117
118 237 118
118 237 119
118 237 120
118 237 121
118 237 122
118 237 123
118 237 124
118 237 125
118 237 126
118 237 127
118 238 112
118 238 114
118 238 115
118 238 116
118 238 117
118 238 118
118 238 119
118 238 120
118 238 121
118 238 122
118 238 123
118 238 124
118 238 125
118 238 126
118 239 112
118 239 114
118 239 115
118 239 116
118 239 117
118 239 118
118 239 119
118 239 120
118 239 121
118 239 122
118 239 124
118 239 125
118 239 126
118 239 127
118 240 113
118 240 114
118 240 115
118 240 116
118 240 117
118 240 118
118 240 119
118 240 120
118 240 121
118 240 126
118 241 114
118 241 115
118 241 116
118 241 117
118 241 118
118 241 119
118 241 121
118 241 122
118 242 114
118 242 115
118 242 117
118 242 118
118 242 119
118 242 126
118 243 115
118 243 117
118 243 119
119 225 114
119 225 115
119 225 116
119 225 118
119 226 113
119 226 114
119 226 115
119 226 116
119 226 117
119 226 118
119 226 119
119 226 121
119 226 122
119 227 112
119 227 113
119 227 114
119 227 115
119 227 116
119 227 117
119 227 118
119 227 119
119 227 120
119 227 121
119 227 122
119 227 123
119 227 124
119 227 125
119 227 126
119 228 112
119 228 113
119 228 114
119 228 115
119 228 116
119 228 117
119 228 118
119 228 119
119 228 120
119 228 121
119 228 122
119 228 123
119 228 124
119 228 125
119 228 126
119 228 127
119 229 112
119 229 113
119 229 114
119 229 115
119 229 116
119 229 117
119 229 118
119 229 119
119 229 120
119 229 121
119 229 122
119 229 123
119 229 124
119 229 125
119 229 126
119 229 127
119 230 112
119 230 113
119 230 114
119 230 115
119 230 116
119 230 117
119 230 118
119 230 119
119 230 120
119 230 121
119 230 122
119 230 123
119 230 124
119 230 126
119 230 127
119 231 112
119 231 113
119 231 114
119 231 115
119 231 116
119 231 117
119 231 118
119 231 119
119 231 120
119 231 121
119 231 122
119 231 123
119 231 124
119 231 125
119 231 126
119 231 127
119 232 112
119 232 113
119 232 114
119 232 115
119 232 116
119 232 117
119 232 118
119 232 119
119 232 120
119 232 121
119 232 122
119 232 123
119 232 124
119 232 125
119 232 126
119 232 127
119 233 112
119 233 113
119 233 114
119 233 115
119 233 116
119 233 117
119 233 118
119 233 119
119 233 120
119 233 121
119 233 122
119 233 123
119 233 124
119 233 125
119 233 126
119 233 127
119 234 112
119 234 113
119 234 114
119 234 115
119 234 116
119 234 117
119 234 118
119 234 119
119 234 120
119 234 121
119 234 122
119 234 123
119 234 124
119 234 125
119 234 126
119 234 127
119 235 112
119 235 113
119 235 114
119 235 115
119 235 116
119 235 117
119 235 118
119 235 119
119 235 120
119 235 121
119 235 122
119 235 123
119 235 124
119 235 125
119 235 126
119 235 127
119 236 112
119 236 114
119 236 115
119 236 116
119 236 117
119 236 118
119 236 119
119 236 120
119 236 121
119 236 122
119 236 123
119 236 124
119 236 125
119 236 126
119 236 127
119 237 113
119 237 114
119 237 115
119 237 116
119 237 117
119 237 118
119 237 119
119 237 120
119 237 121
119 237 122
119 237 123
119 237 124
119 237 125
119 237 126
119 238 112
119 238 113
119 238 114
119 238 115
119 238 116
119 238 117
119 238 118
119 238 119
119 238 121
119 238 122
119 238 124
119 238 125
119 238 126
119 238 127
119 239 114
119 239 115
119 239 116
119 239 117
119 239 118
119 239 119
119 239 120
119 239 124
119 239 125
119 239 126
119 239 127
119 240 114
119 240 115
119 240 116
119 240 117
119 240 118
119 240 119
119 240 126
119 240 127
119 241 114
119 241 115
119 241 116
119 242 114
119 242 115
119 242 116
119 242 117
119 243 115
119 243 116
119 244 116
120 225 116
120 225 118
120 225 122
120 225 123
120 225 124
120 226 112
120 226 113
120 226 114
120 226 115
120 226 116
120 226 117
120 226 118
120 226 119
120 226 122
120 226 123
120 227 112
120 227 113
120 227 114
120 227 115
120 227 116
120 227 117
120 227 118
120 227 119
120 227 120
120 227 121
120 227 122
120 227 123
120 227 124
120 227 125
120 228 112
120 228 113
120 228 115
120 228 116
120 228 117
120 228 118
120 228 119
120 228 120
120 228 121
120 228 122
120 228 123
120 228 124
120 228 125
120 228 126
120 228 127
120 229 112
120 229 113
120 229 114
120 229 115
120 229 116
120 229 117
120 229 118
120 229 119
120 229 120
120 229 121
120 229 122
120 229 123
120 229 124
120 229 125
120 229 126
120 229 127
120 230 112
120 230 113
120 230 114
120 230 115
120 230 116
120 230 117
120 230 118
120 230 119
120 230 120
120 230 121
120 230 122
120 230 123
120 230 124
120 230 125
120 230 126
120 230 127
120 231 112
120 231 113
120 231 114
120 231 115
120 231 116
120 231 117
120 231 118
120 231 119
120 231 120
120 231 121
120 231 122
120 231 123
120 231 124
120 231 125
120 231 126
120 231 127
120 232 112
120 232 113
120 232 114
120 232 115
120 232 116
120 232 117
120 232 118
120 232 119
120 232 120
120 232 121
120 232 122
120 232 123
120 232 124
120 232 125
120 232 126
120 232 127
120 233 112
120 233 113
120 233 114
120 233 115
120 233 116
120 233 117
120 233 118
120 233 119
120 233 120
120 233 121
120 233 122
120 233 123
120 233 124
120 233 125
120 233 126
120 233 127
120 234 112
120 234 113
120 234 114
120 234 115
120 234 116
120 234 117
120 234 118
120 234 119
120 234 120
120 234 121
120 234 122
120 234 123
120 234 124
120 234 125
120 234 126
120 235 112
120 235 113
120 235 114
120 235 115
120 235 116
120 235 117
120 235 118
120 235 119
120 235 120
120 235 121
120 235 122
120 235 123
120 235 124
120 235 125
120 235 126
120 235 127
120 236 112
120 236 113
120 236 114
120 236 115
120 236 116
120 236 117
120 236 118
120 236 119
120 236 120
120 236 121
120 236 123
120 236 124
120 236 125
120 236 126
120 236 127
120 237 112
120 237 113
120 237 114
120 237 115
120 237 116
120 237 117
120 237 118
120 237 119
120 237 120
120 237 122
120 237 124
120 237 125
120 237 126
120 237 127
120 238 112
120 238 114
120 238 115
120 238 116
120 238 117
120 238 118
120 238 119
120 238 120
120 238 124
120 238 125
120 238 126
120 238 127
120 239 112
120 239 114
120 239 115
120 239 116
120 239 117
120 239 118
120 239 120
120 239 125
120 239 126
120 239 127
120 240 114
120 240 115
120 240 116
120 240 117
120 240 118
120 240 119
120 240 120
120 241 115
120 241 116
120 241 119
120 241 120
120 242 115
120 242 117
121 225 113
121 225 114
121 225 116
121 225 117
121 225 123
121 226 112
121 226 113
121 226 114
121 226 116
121 226 117
121 226 118
121 226 119
121 226 123
121 227 112
121 227 113
121 227 114
121 227 115
121 227 116
121 227 117
121 227 118
121 227 119
121 227 121
121 227 122
121 227 123
121 227 125
121 228 112
121 228 113
121 228 114
121 228 115
121 228 116
121 228 117
121 228 118
121 228 119
121 228 120
121 228 121
121 228 122
121 228 123
121 228 124
121 228 125
121 229 112
121 229 113
121 229 114
121 229 115
121 229 116
121 229 117
121 229 118
121 229 119
121 229 120
121 229 121
121 229 122
121 229 123
121 229 124
121 229 125
121 229 126
121 230 112
121 230 113
121 230 114
121 230 115
121 230 116
121 230 117
121 230 118
121 230 119
121 230 120
121 230 121
121 230 122
121 230 123
121 230 124
121 230 125
121 230 126
121 230 127
121 231 112
121 231 113
121 231 114
121 231 115
121 231 116
121 231 117
121 231 118
121 231 119
121 231 120
121 231 121
121 231 123
121 231 124
121 231 125
121 231 126
121 231 127
121 232 112
121 232 113
121 232 114
121 232 115
121 232 116
121 232 117
121 232 118
121 232 119
121 232 120
121 232 121
121 232 122
121 232 123
121 232 124
121 232 125
121 232 126
121 232 127
121 233 112
121 233 113
121 233 114
121 233 115
121 233 116
121 233 117
121 233 118
121 233 119
121 233 121
121 233 122
121 233 124
121 233 125
121 233 126
121 233 127
121 234 112
121 234 113
121 234 114
121 234 115
121 234 116
121 234 117
121 234 118
121 234 119
121 234 120
121 234 122
121 234 123
121 234 124
121 234 125
121 234 126
121 234 127
121 235 112
121 235 113
121 235 114
121 235 115
121 235 116
121 235 117
121 235 118
121 235 120
121 235 121
121 235 124
121 235 125
121 235 127
121 236 112
121 236 113
121 236 114
121 236 115
121 236 116
121 236 117
121 236 118
121 236 119
121 236 120
121 236 121
121 236 125
121 236 126
121 236 127
121 237 112
121 237 114
121 237 115
121 237 116
121 237 117
121 237 118
121 237 119
121 237 125
121 237 127
121 238 112
121 238 114
121 238 115
121 238 116
121 238 117
121 238 118
121 238 119
121 238 120
121 238 121
121 238 126
121 238 127
121 239 114
121 239 115
121 239 116
121 239 117
121 239 118
121 239 119
121 239 126
121 239 127
121 240 115
121 240 116
121 240 117
121 240 118
121 240 119
121 241 115
121 241 116
121 241 118
121 242 118
122 225 114
122 225 115
122 225 117
122 226 112
122 226 113
122 226 114
122 226 115
122 226 116
122 226 117
122 226 118
122 226 121
122 226 123
122 227 112
122 227 113
122 227 114
122 227 115
122 227 116
122 227 117
122 227 120
122 227 121
122 227 123
122 228 112
122 228 113
122 228 114
122 228 115
122 228 116
122 228 117
122 228 118
122 228 119
122 228 120
122 228 121
122 228 122
122 228 123
122 228 124
122 229 112
122 229 113
122 229 114
122 229 115
122 229 116
122 229 117
122 229 118
122 229 119
122 229 120
122 229 121
122 229 123
122 229 124
122 229 125
122 229 126
122 230 112
122 230 113
122 230 114
122 230 115
122 230 116
122 230 117
122 230 118
122 230 119
122 230 120
122 230 121
122 230 122
122 230 123
122 230 125
122 231 112
122 231 113
122 231 114
122 231 115
122 231 116
122 231 117
122 231 118
122 231 119
122 231 120
122 231 121
122 231 122
122 231 123
122 231 124
122 231 125
122 231 126
122 231 127
122 232 112
122 232 113
122 232 114
122 232 115
122 232 116
122 232 118
122 232 119
122 232 120
122 232 121
122 232 123
122 232 124
122 232 125
122 232 126
122 232 127
122 233 112
122 233 113
122 233 114
122 233 115
122 233 116
122 233 117
122 233 118
122 233 119
122 233 120
122 233 121
122 233 122
122 233 124
122 233 125
122 233 126
122 233 127
122 234 112
122 234 113
122 234 114
122 234 115
122 234 116
122 234 117
122 234 118
122 234 119
122 234 120
122 234 123
122 234 124
122 234 125
122 234 126
122 234 127
122 235 112
122 235 113
122 235 114
122 235 115
122 235 116
122 235 117
122 235 118
122 235 124
122 235 125
122 235 126
122 236 112
122 236 113
122 236 114
122 236 115
122 236 116
122 236 117
122 236 118
122 236 119
122 236 125
122 236 126
122 236 127
122 237 114
122 237 115
122 237 118
122 237 119
122 237 120
122 237 126
122 237 127
122 238 114
122 238 116
122 238 117
122 238 118
122 238 120
122 238 125
122 238 126
122 239 116
122 239 117
122 239 118
122 240 117
122 240 118
122 241 118
123 225 114
123 225 117
123 226 112
123 226 116
123 226 117
123 226 121
123 227 112
123 227 113
123 227 114
123 227 115
123 227 116
123 227 117
123 227 118
123 227 120
123 227 121
123 227 123
123 228 112
123 228 113
123 228 114
123 228 115
123 228 116
123 228 117
123 228 118
123 228 119
123 228 121
123 228 122
123 228 123
123 228 124
123 229 112
123 229 113
123 229 114
123 229 115
123 229 116
123 229 117
123 229 118
123 229 119
123 229 121
123 229 123
123 229 124
123 230 112
123 230 113
123 230 114
123 230 115
123 230 116
123 230 117
123 230 118
123 230 119
123 230 120
123 230 121
123 230 122
123 230 123
123 230 124
123 230 125
123 230 127
123 231 112
123 231 113
123 231 114
123 231 115
123 231 116
123 231 117
123 231 119
123 231 120
123 231 121
123 231 123
123 231 124
123 231 125
123 231 127
123 232 112
123 232 113
123 232 114
123 232 115
123 232 116
123 232 117
123 232 118
123 232 119
123 232 120
123 232 123
123 232 126
123 232 127
123 233 112
123 233 113
123 233 114
123 233 115
123 233 116
123 233 117
123 233 118
123 233 119
123 233 120
123 233 121
123 233 125
123 233 126
123 233 127
123 234 112
123 234 113
123 234 114
123 234 115
123 234 116
123 234 117
123 234 118
123 234 119
123 234 120
123 234 123
123 234 125
123 234 126
123 234 127
123 235 112
123 235 113
123 235 114
123 235 115
123 235 116
123 235 117
123 235 118
123 235 119
123 235 126
123 236 113
123 236 115
123 236 116
123 236 117
123 236 118
123 236 119
123 236 126
123 236 127
123 237 117
123 237 118
123 237 119
123 238 116
123 238 117
123 238 118
123 238 124
123 238 125
123 239 118
124 226 116
124 227 113
124 227 114
124 227 115
124 227 116
124 227 117
124 227 121
124 228 112
124 228 113
124 228 114
124 228 115
124 228 116
124 228 118
124 228 121
124 228 122
124 229 112
124 229 113
124 229 114
124 229 115
124 229 116
124 229 117
124 229 118
124 229 120
124 229 122
124 229 127
124 230 112
124 230 113
124 230 114
124 230 115
124 230 116
124 230 117
124 230 119
124 230 120
124 230 122
124 230 126
124 230 127
124 231 112
124 231 113
124 231 114
124 231 115
124 231 116
124 231 117
124 231 119
124 231 120
124 231 122
124 231 126
124 231 127
124 232 112
124 232 113
124 232 114
124 232 115
124 232 116
124 232 117
124 232 118
124 232 119
124 232 120
124 232 121
124 232 127
124 233 112
124 233 113
124 233 114
124 233 115
124 233 116
124 233 117
124 233 118
124 233 119
124 233 120
124 233 121
124 233 122
124 233 127
124 234 112
124 234 113
124 234 114
124 234 115
124 234 116
124 234 117
124 234 118
124 234 119
124 234 120
124 234 121
124 234 122
124 234 123
124 234 125
124 234 127
124 235 112
124 235 113
124 235 114
124 235 115
124 235 116
124 235 117
124 235 118
124 235 119
124 235 120
124 235 121
124 235 123
124 235 127
124 236 112
124 236 113
124 236 114
124 236 115
124 236 116
124 236 117
124 236 118
124 236 119
124 236 120
124 236 121
124 236 125
124 237 113
124 237 114
124 237 127
124 238 114
124 238 116
124 238 117
124 238 118
124 238 124
124 238 125
124 238 127
124 239 117
124 239 124
124 239 125
124 239 126
124 241 126
125 226 112
125 227 113
125 227 114
125 227 115
125 227 117
125 228 113
125 228 114
125 228 115
125 228 116
125 229 112
125 229 113
125 229 114
125 229 115
125 229 116
125 229 117
125 230 112
125 230 113
125 230 114
125 230 115
125 230 116
125 230 117
125 230 119
125 230 122
125 230 123
125 230 127
125 231 112
125 231 113
125 231 114
125 231 115
125 231 116
125 231 117
125 231 118
125 231 119
125 231 121
125 231 122
125 231 127
125 232 112
125 232 113
125 232 114
125 232 115
125 232 116
125 232 117
125 232 118
125 232 119
125 232 120
125 232 121
125 232 122
125 233 112
125 233 113
125 233 114
125 233 115
125 233 116
125 233 117
125 233 118
125 233 119
125 233 120
125 233 121
125 233 122
125 233 123
125 233 124
125 234 112
125 234 113
125 234 114
125 234 115
125 234 116
125 234 117
125 234 118
125 234 119
125 234 120
125 234 121
125 234 122
125 234 123
125 234 124
125 234 127
125 235 112
125 235 113
125 235 114
125 235 115
125 235 116
125 235 117
125 235 118
125 235 119
125 235 120
125 235 121
125 235 122
125 235 123
125 235 124
125 235 125
125 235 127
125 236 113
125 236 114
125 236 115
125 236 116
125 236 117
125 236 118
125 236 119
125 236 120
125 236 121
125 236 125
125 236 126
125 236 127
125 237 112
125 237 113
125 237 114
125 237 116
125 237 119
125 237 125
125 237 127
125 238 113
125 238 117
125 238 118
125 238 119
125 238 120
125 238 121
125 238 123
125 238 124
125 238 125
125 238 126
125 238 127
125 239 118
125 239 125
125 239 126
125 239 127
125 240 125
125 240 127
125 241 123
125 241 126
125 241 127
126 226 112
126 227 112
126 227 113
126 227 114
126 227 115
126 228 112
126 228 113
126 228 114
126 228 115
126 228 116
126 229 112
126 229 113
126 229 114
126 229 115
126 229 116
126 230 112
126 230 113
126 230 114
126 230 115
126 230 116
126 230 117
126 230 119
126 230 122
126 231 112
126 231 113
126 231 114
126 231 115
126 231 116
126 231 117
126 231 118
126 231 119
126 231 120
126 231 122
126 232 112
126 232 113
126 232 114
126 232 115
126 232 116
126 232 117
126 232 118
126 232 119
126 232 122
126 232 127
126 233 112
126 233 113
126 233 114
126 233 115
126 233 116
126 233 117
126 233 118
126 233 119
126 233 120
126 233 121
126 233 122
126 233 123
126 233 124
126 233 125
126 233 127
126 234 112
126 234 113
126 234 114
126 234 115
126 234 116
126 234 117
126 234 118
126 234 119
126 234 120
126 234 121
126 234 122
126 234 123
126 234 124
126 235 112
126 235 113
126 235 114
126 235 115
126 235 116
126 235 117
126 235 118
126 235 119
126 235 120
126 235 121
126 235 122
126 235 123
126 235 124
126 235 125
126 235 126
126 235 127
126 236 112
126 236 113
126 236 114
126 236 115
126 236 117
126 236 118
126 236 119
126 236 120
126 236 121
126 236 123
126 236 124
126 236 125
126 236 126
126 237 112
126 237 113
126 237 114
126 237 117
126 237 118
126 237 119
126 237 120
126 237 121
126 237 123
126 237 125
126 237 127
126 238 113
126 238 114
126 238 117
126 238 118
126 238 119
126 238 120
126 238 121
126 238 123
126 238 124
126 238 125
126 238 126
126 238 127
126 239 112
126 239 113
126 239 114
126 239 118
126 239 119
126 239 121
126 239 123
126 239 124
126 239 125
126 239 126
126 239 127
126 240 113
126 240 119
126 240 122
126 240 123
126 240 125
126 240 126
126 240 127
126 241 122
126 241 123
126 241 124
126 241 126
126 241 127
126 242 127
126 243 126
127 226 112
127 227 113
127 228 113
127 229 112
127 229 113
127 229 114
127 229 115
127 229 118
127 229 119
127 230 112
127 230 113
127 230 114
127 230 115
127 230 116
127 230 117
127 230 118
127 230 119
127 230 120
127 231 112
127 231 113
127 231 114
127 231 115
127 231 116
127 231 117
127 231 118
127 231 119
127 231 120
127 231 121
127 232 112
127 232 113
127 232 114
127 232 115
127 232 116
127 232 117
127 232 118
127 232 119
127 232 120
127 232 121
127 232 122
127 232 124
127 232 125
127 233 112
127 233 113
127 233 114
127 233 115
127 233 116
127 233 117
127 233 118
127 233 119
127 233 120
127 233 121
127 233 122
127 233 123
127 233 124
127 233 125
127 234 112
127 234 113
127 234 114
127 234 115
127 234 116
127 234 117
127 234 118
127 234 119
127 234 120
127 234 121
127 234 122
127 234 123
127 234 124
127 234 125
127 234 126
127 234 127
127 235 112
127 235 114
127 235 115
127 235 116
127 235 117
127 235 118
127 235 119
127 235 120
127 235 121
127 235 122
127 235 123
127 235 124
127 235 127
127 236 112
127 236 113
127 236 114
127 236 115
127 236 116
127 236 117
127 236 118
127 236 119
127 236 120
127 236 121
127 236 122
127 236 123
127 236 124
127 236 125
127 236 126
127 236 127
127 237 113
127 237 114
127 237 115
127 237 116
127 237 117
127 237 118
127 237 119
127 237 120
127 237 121
127 237 122
127 237 123
127 237 124
127 237 125
127 237 126
127 237 127
127 238 118
127 238 119
127 238 120
127 238 121
127 238 122
127 238 123
127 238 124
127 238 125
127 238 126
127 238 127
127 239 118
127 239 119
127 239 120
127 239 121
127 239 122
127 239 123
127 239 124
127 239 125
127 239 126
127 239 127
127 240 118
127 240 119
127 240 120
127 240 121
127 240 122
127 240 123
127 240 124
127 240 125
127 240 126
127 240 127
127 241 119
127 241 122
127 241 123
127 241 124
127 241 125
127 241 126
127 241 127
127 242 122
127 242 123
127 242 126
127 243 124
127 243 125
127 243 126
127 243 127
127 244 124

