alfheim:altWood1
12
-80 0 48
-80 0 49
-80 0 50
-80 0 51
-80 0 52
-80 0 53
-80 0 54
-80 0 55
-80 0 56
-80 0 57
-80 1 48
-80 1 49
-80 1 50
-80 1 51
-80 1 52
-80 1 53
-80 1 54
-80 1 55
-80 2 48
-80 2 49
-80 2 50
-80 2 51
-80 2 52
-80 2 53
-80 2 54
-80 3 48
-80 3 49
-80 3 50
-80 3 51
-80 3 52
-80 4 48
-80 4 49
-80 4 50
-80 4 51
-80 5 48
-80 5 49
-80 5 50
-80 6 48
-80 6 49
-80 7 48
-79 0 48
-79 0 49
-79 0 50
-79 0 51
-79 0 52
-79 0 53
-79 0 54
-79 0 55
-79 0 56
-79 0 57
-79 0 58
-79 0 59
-79 1 48
-79 1 49
-79 1 50
-79 1 51
-79 1 52
-79 1 53
-79 1 54
-79 1 55
-79 1 56
-79 2 48
-79 2 49
-79 2 50
-79 2 51
-79 2 52
-79 2 53
-79 2 54
-79 2 55
-79 3 48
-79 3 49
-79 3 50
-79 3 51
-79 3 52
-79 3 53
-79 3 54
-79 4 48
-79 4 49
-79 4 50
-79 4 51
-79 4 52
-79 5 48
-79 5 49
-79 5 50
-79 5 51
-79 6 48
-79 6 49
-79 6 50
-79 7 48
-79 7 49
-79 8 48
-78 0 48
-78 0 49
-78 0 50
-78 0 51
-78 0 52
-78 0 53
-78 0 54
-78 0 55
-78 0 56
-78 0 57
-78 0 58
-78 0 59
-78 0 60
-78 1 48
-78 1 49
-78 1 50
-78 1 51
-78 1 52
-78 1 53
-78 1 54
-78 1 55
-78 1 56
-78 1 57
-78 1 58
-78 1 59
-78 2 48
-78 2 49
-78 2 50
-78 2 51
-78 2 52
-78 2 53
-78 2 54
-78 2 55
-78 2 56
-78 2 57
-78 2 58
-78 3 48
-78 3 49
-78 3 50
-78 3 51
-78 3 52
-78 3 53
-78 3 54
-78 4 48
-78 4 49
-78 4 50
-78 4 51
-78 4 52
-78 4 53
-78 5 48
-78 5 49
-78 5 50
-78 5 51
-78 5 52
-78 6 48
-78 6 49
-78 6 50
-78 6 51
-78 7 48
-78 7 49
-78 7 50
-78 8 48
-78 8 49
-78 9 48
-77 0 48
-77 0 49
-77 0 50
-77 0 51
-77 0 52
-77 0 53
-77 0 54
-77 0 55
-77 0 56
-77 0 57
-77 0 58
-77 0 59
-77 0 60
-77 0 61
-77 1 48
-77 1 49
-77 1 50
-77 1 51
-77 1 52
-77 1 53
-77 1 54
-77 1 55
-77 1 56
-77 1 57
-77 1 58
-77 1 59
-77 1 60
-77 2 48
-77 2 49
-77 2 50
-77 2 51
-77 2 52
-77 2 53
-77 2 54
-77 2 55
-77 2 56
-77 2 57
-77 2 58
-77 2 59
-77 3 48
-77 3 49
-77 3 50
-77 3 51
-77 3 52
-77 3 53
-77 3 54
-77 3 55
-77 3 56
-77 3 57
-77 3 58
-77 4 48
-77 4 49
-77 4 50
-77 4 51
-77 4 52
-77 4 53
-77 4 54
-77 5 48
-77 5 49
-77 5 50
-77 5 51
-77 5 52
-77 5 53
-77 6 48
-77 6 49
-77 6 50
-77 6 51
-77 6 52
-77 7 48
-77 7 49
-77 7 50
-77 7 51
-77 7 52
-77 8 48
-77 8 49
-77 8 50
-77 8 51
-77 9 48
-77 9 49
-77 9 50
-77 10 48
-77 10 49
-76 0 48
-76 0 49
-76 0 50
-76 0 51
-76 0 52
-76 0 53
-76 0 54
-76 0 55
-76 0 56
-76 0 57
-76 0 58
-76 0 59
-76 0 60
-76 0 61
-76 0 62
-76 1 48
-76 1 49
-76 1 50
-76 1 51
-76 1 52
-76 1 53
-76 1 54
-76 1 55
-76 1 56
-76 1 57
-76 1 58
-76 1 59
-76 1 60
-76 1 61
-76 2 48
-76 2 49
-76 2 50
-76 2 51
-76 2 52
-76 2 53
-76 2 54
-76 2 55
-76 2 56
-76 2 57
-76 2 58
-76 2 59
-76 2 60
-76 3 48
-76 3 49
-76 3 50
-76 3 51
-76 3 52
-76 3 53
-76 3 54
-76 3 55
-76 3 56
-76 3 57
-76 3 58
-76 3 59
-76 4 48
-76 4 49
-76 4 50
-76 4 51
-76 4 52
-76 4 53
-76 4 54
-76 4 55
-76 4 56
-76 4 57
-76 5 48
-76 5 49
-76 5 50
-76 5 51
-76 5 52
-76 5 53
-76 5 54
-76 5 55
-76 6 48
-76 6 49
-76 6 50
-76 6 51
-76 6 52
-76 6 53
-76 6 54
-76 7 48
-76 7 49
-76 7 50
-76 7 51
-76 7 52
-76 7 53
-76 8 48
-76 8 49
-76 8 50
-76 8 51
-76 8 52
-76 9 48
-76 9 49
-76 9 50
-76 9 51
-76 10 48
-76 10 49
-76 10 50
-76 11 48
-76 11 49
-75 0 48
-75 0 49
-75 0 50
-75 0 51
-75 0 52
-75 0 53
-75 0 54
-75 0 55
-75 0 56
-75 0 57
-75 0 58
-75 0 59
-75 0 60
-75 0 61
-75 0 62
-75 0 63
-75 1 48
-75 1 49
-75 1 50
-75 1 51
-75 1 52
-75 1 53
-75 1 54
-75 1 55
-75 1 56
-75 1 57
-75 1 58
-75 1 59
-75 1 60
-75 1 61
-75 1 62
-75 2 48
-75 2 49
-75 2 50
-75 2 51
-75 2 52
-75 2 53
-75 2 54
-75 2 55
-75 2 56
-75 2 57
-75 2 58
-75 2 59
-75 2 60
-75 2 61
-75 3 48
-75 3 49
-75 3 50
-75 3 51
-75 3 52
-75 3 53
-75 3 54
-75 3 55
-75 3 56
-75 3 57
-75 3 58
-75 3 59
-75 3 60
-75 4 48
-75 4 49
-75 4 50
-75 4 51
-75 4 52
-75 4 53
-75 4 54
-75 4 55
-75 4 56
-75 4 57
-75 4 58
-75 5 48
-75 5 49
-75 5 50
-75 5 51
-75 5 52
-75 5 53
-75 5 54
-75 5 55
-75 5 56
-75 6 48
-75 6 49
-75 6 50
-75 6 51
-75 6 52
-75 6 53
-75 6 54
-75 6 55
-75 7 48
-75 7 49
-75 7 50
-75 7 51
-75 7 52
-75 7 53
-75 7 54
-75 8 48
-75 8 49
-75 8 50
-75 8 51
-75 8 52
-75 8 53
-75 9 48
-75 9 49
-75 9 50
-75 9 51
-75 9 52
-75 10 48
-75 10 49
-75 10 50
-75 10 51
-75 11 48
-75 11 49
-75 11 50
-75 12 48
-74 0 48
-74 0 49
-74 0 50
-74 0 51
-74 0 52
-74 0 53
-74 0 54
-74 0 55
-74 0 56
-74 0 57
-74 0 58
-74 0 59
-74 0 60
-74 0 61
-74 0 62
-74 0 63
-74 1 48
-74 1 49
-74 1 50
-74 1 51
-74 1 52
-74 1 53
-74 1 54
-74 1 55
-74 1 56
-74 1 57
-74 1 58
-74 1 59
-74 1 60
-74 1 61
-74 1 62
-74 2 48
-74 2 49
-74 2 50
-74 2 51
-74 2 52
-74 2 53
-74 2 54
-74 2 55
-74 2 56
-74 2 57
-74 2 58
-74 2 59
-74 2 60
-74 2 61
-74 3 48
-74 3 49
-74 3 50
-74 3 51
-74 3 52
-74 3 53
-74 3 54
-74 3 55
-74 3 56
-74 3 57
-74 3 58
-74 3 59
-74 3 60
-74 3 61
-74 4 48
-74 4 49
-74 4 50
-74 4 51
-74 4 52
-74 4 53
-74 4 54
-74 4 55
-74 4 56
-74 4 57
-74 4 58
-74 4 59
-74 5 48
-74 5 49
-74 5 50
-74 5 51
-74 5 52
-74 5 53
-74 5 54
-74 5 55
-74 5 56
-74 5 57
-74 5 58
-74 6 48
-74 6 49
-74 6 50
-74 6 51
-74 6 52
-74 6 53
-74 6 54
-74 6 55
-74 6 56
-74 7 48
-74 7 49
-74 7 50
-74 7 51
-74 7 52
-74 7 53
-74 7 54
-74 8 48
-74 8 49
-74 8 50
-74 8 51
-74 8 52
-74 8 53
-74 9 48
-74 9 49
-74 9 50
-74 9 51
-74 9 52
-74 10 48
-74 10 49
-74 10 50
-74 10 51
-74 11 48
-74 11 49
-74 11 50
-74 12 48
-74 12 49
-74 13 48
-73 0 48
-73 0 49
-73 0 50
-73 0 51
-73 0 52
-73 0 53
-73 0 54
-73 0 55
-73 0 56
-73 0 57
-73 0 58
-73 0 59
-73 0 60
-73 0 61
-73 0 62
-73 0 63
-73 1 48
-73 1 49
-73 1 50
-73 1 51
-73 1 52
-73 1 53
-73 1 54
-73 1 55
-73 1 56
-73 1 57
-73 1 58
-73 1 59
-73 1 60
-73 1 61
-73 1 62
-73 2 48
-73 2 49
-73 2 50
-73 2 51
-73 2 52
-73 2 53
-73 2 54
-73 2 55
-73 2 56
-73 2 57
-73 2 58
-73 2 59
-73 2 60
-73 2 61
-73 2 62
-73 3 48
-73 3 49
-73 3 50
-73 3 51
-73 3 52
-73 3 53
-73 3 54
-73 3 55
-73 3 56
-73 3 57
-73 3 58
-73 3 59
-73 3 60
-73 3 61
-73 4 48
-73 4 49
-73 4 50
-73 4 51
-73 4 52
-73 4 53
-73 4 54
-73 4 55
-73 4 56
-73 4 57
-73 4 58
-73 4 59
-73 4 60
-73 5 48
-73 5 49
-73 5 50
-73 5 51
-73 5 52
-73 5 53
-73 5 54
-73 5 55
-73 5 56
-73 5 57
-73 5 58
-73 5 59
-73 6 48
-73 6 49
-73 6 50
-73 6 51
-73 6 52
-73 6 53
-73 6 54
-73 6 55
-73 6 56
-73 6 57
-73 6 58
-73 7 48
-73 7 49
-73 7 50
-73 7 51
-73 7 52
-73 7 53
-73 7 54
-73 7 55
-73 8 48
-73 8 49
-73 8 50
-73 8 51
-73 8 52
-73 8 53
-73 8 54
-73 9 48
-73 9 49
-73 9 50
-73 9 51
-73 9 52
-73 9 53
-73 10 48
-73 10 49
-73 10 50
-73 10 51
-73 10 52
-73 11 48
-73 11 49
-73 11 50
-73 11 51
-73 12 48
-73 12 49
-73 12 50
-73 13 48
-73 13 49
-73 14 48
-72 0 48
-72 0 49
-72 0 50
-72 0 51
-72 0 52
-72 0 53
-72 0 54
-72 0 55
-72 0 56
-72 0 57
-72 0 58
-72 0 59
-72 0 60
-72 0 61
-72 0 62
-72 0 63
-72 1 48
-72 1 49
-72 1 50
-72 1 51
-72 1 52
-72 1 53
-72 1 54
-72 1 55
-72 1 56
-72 1 57
-72 1 58
-72 1 59
-72 1 60
-72 1 61
-72 1 62
-72 1 63
-72 2 48
-72 2 49
-72 2 50
-72 2 51
-72 2 52
-72 2 53
-72 2 54
-72 2 55
-72 2 56
-72 2 57
-72 2 58
-72 2 59
-72 2 60
-72 2 61
-72 2 62
-72 3 48
-72 3 49
-72 3 50
-72 3 51
-72 3 52
-72 3 53
-72 3 54
-72 3 55
-72 3 56
-72 3 57
-72 3 58
-72 3 59
-72 3 60
-72 3 61
-72 4 48
-72 4 49
-72 4 50
-72 4 51
-72 4 52
-72 4 53
-72 4 54
-72 4 55
-72 4 56
-72 4 57
-72 4 58
-72 4 59
-72 4 60
-72 5 48
-72 5 49
-72 5 50
-72 5 51
-72 5 52
-72 5 53
-72 5 54
-72 5 55
-72 5 56
-72 5 57
-72 5 58
-72 5 59
-72 5 60
-72 6 48
-72 6 49
-72 6 50
-72 6 51
-72 6 52
-72 6 53
-72 6 54
-72 6 55
-72 6 56
-72 6 57
-72 6 58
-72 6 59
-72 7 48
-72 7 49
-72 7 50
-72 7 51
-72 7 52
-72 7 53
-72 7 54
-72 7 55
-72 7 56
-72 7 57
-72 7 58
-72 8 48
-72 8 49
-72 8 50
-72 8 51
-72 8 52
-72 8 53
-72 8 54
-72 8 55
-72 9 48
-72 9 49
-72 9 50
-72 9 51
-72 9 52
-72 9 53
-72 9 54
-72 10 48
-72 10 49
-72 10 50
-72 10 51
-72 10 52
-72 10 53
-72 11 48
-72 11 49
-72 11 50
-72 11 51
-72 11 52
-72 12 48
-72 12 49
-72 12 50
-72 12 51
-72 13 48
-72 13 49
-72 13 50
-72 14 48
-72 14 49
-72 15 48
-71 0 48
-71 0 49
-71 0 50
-71 0 51
-71 0 52
-71 0 53
-71 0 54
-71 0 55
-71 0 56
-71 0 57
-71 0 58
-71 0 59
-71 0 60
-71 0 61
-71 0 62
-71 0 63
-71 1 48
-71 1 49
-71 1 50
-71 1 51
-71 1 52
-71 1 53
-71 1 54
-71 1 55
-71 1 56
-71 1 57
-71 1 58
-71 1 59
-71 1 60
-71 1 61
-71 1 62
-71 1 63
-71 2 48
-71 2 49
-71 2 50
-71 2 51
-71 2 52
-71 2 53
-71 2 54
-71 2 55
-71 2 56
-71 2 57
-71 2 58
-71 2 59
-71 2 60
-71 2 61
-71 2 62
-71 2 63
-71 3 48
-71 3 49
-71 3 50
-71 3 51
-71 3 52
-71 3 53
-71 3 54
-71 3 55
-71 3 56
-71 3 57
-71 3 58
-71 3 59
-71 3 60
-71 3 61
-71 3 62
-71 4 48
-71 4 49
-71 4 50
-71 4 51
-71 4 52
-71 4 53
-71 4 54
-71 4 55
-71 4 56
-71 4 57
-71 4 58
-71 4 59
-71 4 60
-71 4 61
-71 5 48
-71 5 49
-71 5 50
-71 5 51
-71 5 52
-71 5 53
-71 5 54
-71 5 55
-71 5 56
-71 5 57
-71 5 58
-71 5 59
-71 5 60
-71 6 48
-71 6 49
-71 6 50
-71 6 51
-71 6 52
-71 6 53
-71 6 54
-71 6 55
-71 6 56
-71 6 57
-71 6 58
-71 6 59
-71 6 60
-71 7 48
-71 7 49
-71 7 50
-71 7 51
-71 7 52
-71 7 53
-71 7 54
-71 7 55
-71 7 56
-71 7 57
-71 7 58
-71 7 59
-71 8 48
-71 8 49
-71 8 50
-71 8 51
-71 8 52
-71 8 53
-71 8 54
-71 8 55
-71 8 56
-71 8 57
-71 8 58
-71 9 48
-71 9 49
-71 9 50
-71 9 51
-71 9 52
-71 9 53
-71 9 54
-71 9 55
-71 10 48
-71 10 49
-71 10 50
-71 10 51
-71 10 52
-71 10 53
-71 10 54
-71 11 48
-71 11 49
-71 11 50
-71 11 51
-71 11 52
-71 12 48
-71 12 49
-71 12 50
-71 12 51
-71 13 48
-71 13 49
-71 13 50
-71 14 48
-71 14 49
-71 15 48
-71 15 49
-71 16 48
-70 0 48
-70 0 49
-70 0 50
-70 0 51
-70 0 52
-70 0 53
-70 0 54
-70 0 55
-70 0 56
-70 0 57
-70 0 58
-70 0 59
-70 0 60
-70 0 61
-70 0 62
-70 0 63
-70 1 48
-70 1 49
-70 1 50
-70 1 51
-70 1 52
-70 1 53
-70 1 54
-70 1 55
-70 1 56
-70 1 57
-70 1 58
-70 1 59
-70 1 60
-70 1 61
-70 1 62
-70 1 63
-70 2 48
-70 2 49
-70 2 50
-70 2 51
-70 2 52
-70 2 53
-70 2 54
-70 2 55
-70 2 56
-70 2 57
-70 2 58
-70 2 59
-70 2 60
-70 2 61
-70 2 62
-70 2 63
-70 3 48
-70 3 49
-70 3 50
-70 3 51
-70 3 52
-70 3 53
-70 3 54
-70 3 55
-70 3 56
-70 3 57
-70 3 58
-70 3 59
-70 3 60
-70 3 61
-70 3 62
-70 3 63
-70 4 48
-70 4 49
-70 4 50
-70 4 51
-70 4 52
-70 4 53
-70 4 54
-70 4 55
-70 4 56
-70 4 57
-70 4 58
-70 4 59
-70 4 60
-70 4 61
-70 4 62
-70 5 48
-70 5 49
-70 5 50
-70 5 51
-70 5 52
-70 5 53
-70 5 54
-70 5 55
-70 5 56
-70 5 57
-70 5 58
-70 5 59
-70 5 60
-70 5 61
-70 6 48
-70 6 49
-70 6 50
-70 6 51
-70 6 52
-70 6 53
-70 6 54
-70 6 55
-70 6 56
-70 6 57
-70 6 58
-70 6 59
-70 6 60
-70 6 61
-70 7 48
-70 7 49
-70 7 50
-70 7 51
-70 7 52
-70 7 53
-70 7 54
-70 7 55
-70 7 56
-70 7 57
-70 7 58
-70 7 59
-70 7 60
-70 8 48
-70 8 49
-70 8 50
-70 8 51
-70 8 52
-70 8 53
-70 8 54
-70 8 55
-70 8 56
-70 8 57
-70 8 58
-70 8 59
-70 9 48
-70 9 49
-70 9 50
-70 9 51
-70 9 52
-70 9 53
-70 9 54
-70 9 55
-70 9 56
-70 9 57
-70 10 48
-70 10 49
-70 10 50
-70 10 51
-70 10 52
-70 10 53
-70 10 54
-70 10 55
-70 11 48
-70 11 49
-70 11 50
-70 11 51
-70 11 52
-70 11 53
-70 12 48
-70 12 49
-70 12 50
-70 12 51
-70 12 52
-70 13 48
-70 13 49
-70 13 50
-70 13 51
-70 14 48
-70 14 49
-70 14 50
-70 15 48
-70 15 49
-70 16 48
-70 17 48
-69 0 48
-69 0 49
-69 0 50
-69 0 51
-69 0 52
-69 0 53
-69 0 54
-69 0 55
-69 0 56
-69 0 57
-69 0 58
-69 0 59
-69 0 60
-69 0 61
-69 0 62
-69 0 63
-69 1 48
-69 1 49
-69 1 50
-69 1 51
-69 1 52
-69 1 53
-69 1 54
-69 1 55
-69 1 56
-69 1 57
-69 1 58
-69 1 59
-69 1 60
-69 1 61
-69 1 62
-69 1 63
-69 2 48
-69 2 49
-69 2 50
-69 2 51
-69 2 52
-69 2 53
-69 2 54
-69 2 55
-69 2 56
-69 2 57
-69 2 58
-69 2 59
-69 2 60
-69 2 61
-69 2 62
-69 2 63
-69 3 48
-69 3 49
-69 3 50
-69 3 51
-69 3 52
-69 3 53
-69 3 54
-69 3 55
-69 3 56
-69 3 57
-69 3 58
-69 3 59
-69 3 60
-69 3 61
-69 3 62
-69 3 63
-69 4 48
-69 4 49
-69 4 50
-69 4 51
-69 4 52
-69 4 53
-69 4 54
-69 4 55
-69 4 56
-69 4 57
-69 4 58
-69 4 59
-69 4 60
-69 4 61
-69 4 62
-69 4 63
-69 5 48
-69 5 49
-69 5 50
-69 5 51
-69 5 52
-69 5 53
-69 5 54
-69 5 55
-69 5 56
-69 5 57
-69 5 58
-69 5 59
-69 5 60
-69 5 61
-69 5 62
-69 5 63
-69 6 48
-69 6 49
-69 6 50
-69 6 51
-69 6 52
-69 6 53
-69 6 54
-69 6 55
-69 6 56
-69 6 57
-69 6 58
-69 6 59
-69 6 60
-69 6 61
-69 6 62
-69 7 48
-69 7 49
-69 7 50
-69 7 51
-69 7 52
-69 7 53
-69 7 54
-69 7 55
-69 7 56
-69 7 57
-69 7 58
-69 7 59
-69 7 60
-69 7 61
-69 8 48
-69 8 49
-69 8 50
-69 8 51
-69 8 52
-69 8 53
-69 8 54
-69 8 55
-69 8 56
-69 8 57
-69 8 58
-69 8 59
-69 8 60
-69 9 48
-69 9 49
-69 9 50
-69 9 51
-69 9 52
-69 9 53
-69 9 54
-69 9 55
-69 9 56
-69 9 57
-69 9 58
-69 9 59
-69 10 48
-69 10 49
-69 10 50
-69 10 51
-69 10 52
-69 10 53
-69 10 54
-69 10 55
-69 10 56
-69 10 57
-69 11 48
-69 11 49
-69 11 50
-69 11 51
-69 11 52
-69 11 53
-69 11 54
-69 12 48
-69 12 49
-69 12 50
-69 12 51
-69 12 52
-69 12 53
-69 13 48
-69 13 49
-69 13 50
-69 13 51
-69 13 52
-69 14 48
-69 14 49
-69 14 50
-69 14 51
-69 15 48
-69 15 49
-69 15 50
-69 16 48
-69 16 49
-69 17 48
-68 0 48
-68 0 49
-68 0 50
-68 0 51
-68 0 52
-68 0 53
-68 0 54
-68 0 55
-68 0 56
-68 0 57
-68 0 58
-68 0 59
-68 0 60
-68 0 61
-68 0 62
-68 0 63
-68 1 48
-68 1 49
-68 1 50
-68 1 51
-68 1 52
-68 1 53
-68 1 54
-68 1 55
-68 1 56
-68 1 57
-68 1 58
-68 1 59
-68 1 60
-68 1 61
-68 1 62
-68 1 63
-68 2 48
-68 2 49
-68 2 50
-68 2 51
-68 2 52
-68 2 53
-68 2 54
-68 2 55
-68 2 56
-68 2 57
-68 2 58
-68 2 59
-68 2 60
-68 2 61
-68 2 62
-68 2 63
-68 3 48
-68 3 49
-68 3 50
-68 3 51
-68 3 52
-68 3 53
-68 3 54
-68 3 55
-68 3 56
-68 3 57
-68 3 58
-68 3 59
-68 3 60
-68 3 61
-68 3 62
-68 3 63
-68 4 48
-68 4 49
-68 4 50
-68 4 51
-68 4 52
-68 4 53
-68 4 54
-68 4 55
-68 4 56
-68 4 57
-68 4 58
-68 4 59
-68 4 60
-68 4 61
-68 4 62
-68 4 63
-68 5 48
-68 5 49
-68 5 50
-68 5 51
-68 5 52
-68 5 53
-68 5 54
-68 5 55
-68 5 56
-68 5 57
-68 5 58
-68 5 59
-68 5 60
-68 5 61
-68 5 62
-68 5 63
-68 6 48
-68 6 49
-68 6 50
-68 6 51
-68 6 52
-68 6 53
-68 6 54
-68 6 55
-68 6 56
-68 6 57
-68 6 58
-68 6 59
-68 6 60
-68 6 61
-68 6 62
-68 6 63
-68 7 48
-68 7 49
-68 7 50
-68 7 51
-68 7 52
-68 7 53
-68 7 54
-68 7 55
-68 7 56
-68 7 57
-68 7 58
-68 7 59
-68 7 60
-68 7 61
-68 7 62
-68 7 63
-68 8 48
-68 8 49
-68 8 50
-68 8 51
-68 8 52
-68 8 53
-68 8 54
-68 8 55
-68 8 56
-68 8 57
-68 8 58
-68 8 59
-68 8 60
-68 8 61
-68 8 62
-68 9 48
-68 9 49
-68 9 50
-68 9 51
-68 9 52
-68 9 53
-68 9 54
-68 9 55
-68 9 56
-68 9 57
-68 9 58
-68 9 59
-68 9 60
-68 9 61
-68 10 48
-68 10 49
-68 10 50
-68 10 51
-68 10 52
-68 10 53
-68 10 54
-68 10 55
-68 10 56
-68 10 57
-68 10 58
-68 10 59
-68 10 60
-68 11 48
-68 11 49
-68 11 50
-68 11 51
-68 11 52
-68 11 53
-68 11 54
-68 11 55
-68 11 56
-68 12 48
-68 12 49
-68 12 50
-68 12 51
-68 12 52
-68 12 53
-68 12 54
-68 13 48
-68 13 49
-68 13 50
-68 13 51
-68 13 52
-68 13 53
-68 14 48
-68 14 49
-68 14 50
-68 14 51
-68 14 52
-68 15 48
-68 15 49
-68 15 50
-68 15 51
-68 16 48
-68 16 49
-68 16 50
-68 17 48
-68 17 49
-68 18 48
-67 0 48
-67 0 49
-67 0 50
-67 0 51
-67 0 52
-67 0 53
-67 0 54
-67 0 55
-67 0 56
-67 0 57
-67 0 58
-67 0 59
-67 0 60
-67 0 61
-67 0 62
-67 0 63
-67 1 48
-67 1 49
-67 1 50
-67 1 51
-67 1 52
-67 1 53
-67 1 54
-67 1 55
-67 1 56
-67 1 57
-67 1 58
-67 1 59
-67 1 60
-67 1 61
-67 1 62
-67 1 63
-67 2 48
-67 2 49
-67 2 50
-67 2 51
-67 2 52
-67 2 53
-67 2 54
-67 2 55
-67 2 56
-67 2 57
-67 2 58
-67 2 59
-67 2 60
-67 2 61
-67 2 62
-67 2 63
-67 3 48
-67 3 49
-67 3 50
-67 3 51
-67 3 52
-67 3 53
-67 3 54
-67 3 55
-67 3 56
-67 3 57
-67 3 58
-67 3 59
-67 3 60
-67 3 61
-67 3 62
-67 3 63
-67 4 48
-67 4 49
-67 4 50
-67 4 51
-67 4 52
-67 4 53
-67 4 54
-67 4 55
-67 4 56
-67 4 57
-67 4 58
-67 4 59
-67 4 60
-67 4 61
-67 4 62
-67 4 63
-67 5 48
-67 5 49
-67 5 50
-67 5 51
-67 5 52
-67 5 53
-67 5 54
-67 5 55
-67 5 56
-67 5 57
-67 5 58
-67 5 59
-67 5 60
-67 5 61
-67 5 62
-67 5 63
-67 6 48
-67 6 49
-67 6 50
-67 6 51
-67 6 52
-67 6 53
-67 6 54
-67 6 55
-67 6 56
-67 6 57
-67 6 58
-67 6 59
-67 6 60
-67 6 61
-67 6 62
-67 6 63
-67 7 48
-67 7 49
-67 7 50
-67 7 51
-67 7 52
-67 7 53
-67 7 54
-67 7 55
-67 7 56
-67 7 57
-67 7 58
-67 7 59
-67 7 60
-67 7 61
-67 7 62
-67 7 63
-67 8 48
-67 8 49
-67 8 50
-67 8 51
-67 8 52
-67 8 53
-67 8 54
-67 8 55
-67 8 56
-67 8 57
-67 8 58
-67 8 59
-67 8 60
-67 8 61
-67 8 62
-67 8 63
-67 9 48
-67 9 49
-67 9 50
-67 9 51
-67 9 52
-67 9 53
-67 9 54
-67 9 55
-67 9 56
-67 9 57
-67 9 58
-67 9 59
-67 9 60
-67 9 61
-67 9 62
-67 10 48
-67 10 49
-67 10 50
-67 10 51
-67 10 52
-67 10 53
-67 10 54
-67 10 55
-67 10 56
-67 10 57
-67 10 58
-67 10 59
-67 10 60
-67 10 61
-67 11 48
-67 11 49
-67 11 50
-67 11 51
-67 11 52
-67 11 53
-67 11 54
-67 11 55
-67 11 56
-67 11 57
-67 11 58
-67 11 59
-67 12 48
-67 12 49
-67 12 50
-67 12 51
-67 12 52
-67 12 53
-67 12 54
-67 12 55
-67 13 48
-67 13 49
-67 13 50
-67 13 51
-67 13 52
-67 13 53
-67 13 54
-67 14 48
-67 14 49
-67 14 50
-67 14 51
-67 14 52
-67 15 48
-67 15 49
-67 15 50
-67 15 51
-67 16 48
-67 16 49
-67 16 50
-67 17 48
-67 17 49
-67 18 48
-67 19 48
-66 0 48
-66 0 49
-66 0 50
-66 0 51
-66 0 52
-66 0 53
-66 0 54
-66 0 55
-66 0 56
-66 0 57
-66 0 58
-66 0 59
-66 0 60
-66 0 61
-66 0 62
-66 0 63
-66 1 48
-66 1 49
-66 1 50
-66 1 51
-66 1 52
-66 1 53
-66 1 54
-66 1 55
-66 1 56
-66 1 57
-66 1 58
-66 1 59
-66 1 60
-66 1 61
-66 1 62
-66 1 63
-66 2 48
-66 2 49
-66 2 50
-66 2 51
-66 2 52
-66 2 53
-66 2 54
-66 2 55
-66 2 56
-66 2 57
-66 2 58
-66 2 59
-66 2 60
-66 2 61
-66 2 62
-66 2 63
-66 3 48
-66 3 49
-66 3 50
-66 3 51
-66 3 52
-66 3 53
-66 3 54
-66 3 55
-66 3 56
-66 3 57
-66 3 58
-66 3 59
-66 3 60
-66 3 61
-66 3 62
-66 3 63
-66 4 48
-66 4 49
-66 4 50
-66 4 51
-66 4 52
-66 4 53
-66 4 54
-66 4 55
-66 4 56
-66 4 57
-66 4 58
-66 4 59
-66 4 60
-66 4 61
-66 4 62
-66 4 63
-66 5 48
-66 5 49
-66 5 50
-66 5 51
-66 5 52
-66 5 53
-66 5 54
-66 5 55
-66 5 56
-66 5 57
-66 5 58
-66 5 59
-66 5 60
-66 5 61
-66 5 62
-66 5 63
-66 6 48
-66 6 49
-66 6 50
-66 6 51
-66 6 52
-66 6 53
-66 6 54
-66 6 55
-66 6 56
-66 6 57
-66 6 58
-66 6 59
-66 6 60
-66 6 61
-66 6 62
-66 6 63
-66 7 48
-66 7 49
-66 7 50
-66 7 51
-66 7 52
-66 7 53
-66 7 54
-66 7 55
-66 7 56
-66 7 57
-66 7 58
-66 7 59
-66 7 60
-66 7 61
-66 7 62
-66 7 63
-66 8 48
-66 8 49
-66 8 50
-66 8 51
-66 8 52
-66 8 53
-66 8 54
-66 8 55
-66 8 56
-66 8 57
-66 8 58
-66 8 59
-66 8 60
-66 8 61
-66 8 62
-66 8 63
-66 9 48
-66 9 49
-66 9 50
-66 9 51
-66 9 52
-66 9 53
-66 9 54
-66 9 55
-66 9 56
-66 9 57
-66 9 58
-66 9 59
-66 9 60
-66 9 61
-66 9 62
-66 9 63
-66 10 48
-66 10 49
-66 10 50
-66 10 51
-66 10 52
-66 10 53
-66 10 54
-66 10 55
-66 10 56
-66 10 57
-66 10 58
-66 10 59
-66 10 60
-66 10 61
-66 10 62
-66 11 48
-66 11 49
-66 11 50
-66 11 51
-66 11 52
-66 11 53
-66 11 54
-66 11 55
-66 11 56
-66 11 57
-66 11 58
-66 11 59
-66 11 60
-66 11 61
-66 12 48
-66 12 49
-66 12 50
-66 12 51
-66 12 52
-66 12 53
-66 12 54
-66 12 55
-66 12 56
-66 12 57
-66 13 48
-66 13 49
-66 13 50
-66 13 51
-66 13 52
-66 13 53
-66 13 54
-66 13 55
-66 14 48
-66 14 49
-66 14 50
-66 14 51
-66 14 52
-66 14 53
-66 15 48
-66 15 49
-66 15 50
-66 15 51
-66 15 52
-66 16 48
-66 16 49
-66 16 50
-66 16 51
-66 17 48
-66 17 49
-66 17 50
-66 18 48
-66 18 49
-66 19 48
-66 19 49
-66 20 48
-66 21 48
-66 22 48
-66 23 48
-66 24 48
-66 25 48
-66 26 48
-66 27 48
-65 0 48
-65 0 49
-65 0 50
-65 0 51
-65 0 52
-65 0 53
-65 0 54
-65 0 55
-65 0 56
-65 0 57
-65 0 58
-65 0 59
-65 0 60
-65 0 61
-65 0 62
-65 0 63
-65 1 48
-65 1 49
-65 1 50
-65 1 51
-65 1 52
-65 1 53
-65 1 54
-65 1 55
-65 1 56
-65 1 57
-65 1 58
-65 1 59
-65 1 60
-65 1 61
-65 1 62
-65 1 63
-65 2 48
-65 2 49
-65 2 50
-65 2 51
-65 2 52
-65 2 53
-65 2 54
-65 2 55
-65 2 56
-65 2 57
-65 2 58
-65 2 59
-65 2 60
-65 2 61
-65 2 62
-65 2 63
-65 3 48
-65 3 49
-65 3 50
-65 3 51
-65 3 52
-65 3 53
-65 3 54
-65 3 55
-65 3 56
-65 3 57
-65 3 58
-65 3 59
-65 3 60
-65 3 61
-65 3 62
-65 3 63
-65 4 48
-65 4 49
-65 4 50
-65 4 51
-65 4 52
-65 4 53
-65 4 54
-65 4 55
-65 4 56
-65 4 57
-65 4 58
-65 4 59
-65 4 60
-65 4 61
-65 4 62
-65 4 63
-65 5 48
-65 5 49
-65 5 50
-65 5 51
-65 5 52
-65 5 53
-65 5 54
-65 5 55
-65 5 56
-65 5 57
-65 5 58
-65 5 59
-65 5 60
-65 5 61
-65 5 62
-65 5 63
-65 6 48
-65 6 49
-65 6 50
-65 6 51
-65 6 52
-65 6 53
-65 6 54
-65 6 55
-65 6 56
-65 6 57
-65 6 58
-65 6 59
-65 6 60
-65 6 61
-65 6 62
-65 6 63
-65 7 48
-65 7 49
-65 7 50
-65 7 51
-65 7 52
-65 7 53
-65 7 54
-65 7 55
-65 7 56
-65 7 57
-65 7 58
-65 7 59
-65 7 60
-65 7 61
-65 7 62
-65 7 63
-65 8 48
-65 8 49
-65 8 50
-65 8 51
-65 8 52
-65 8 53
-65 8 54
-65 8 55
-65 8 56
-65 8 57
-65 8 58
-65 8 59
-65 8 60
-65 8 61
-65 8 62
-65 8 63
-65 9 48
-65 9 49
-65 9 50
-65 9 51
-65 9 52
-65 9 53
-65 9 54
-65 9 55
-65 9 56
-65 9 57
-65 9 58
-65 9 59
-65 9 60
-65 9 61
-65 9 62
-65 9 63
-65 10 48
-65 10 49
-65 10 50
-65 10 51
-65 10 52
-65 10 53
-65 10 54
-65 10 55
-65 10 56
-65 10 57
-65 10 58
-65 10 59
-65 10 60
-65 10 61
-65 10 62
-65 10 63
-65 11 48
-65 11 49
-65 11 50
-65 11 51
-65 11 52
-65 11 53
-65 11 54
-65 11 55
-65 11 56
-65 11 57
-65 11 58
-65 11 59
-65 11 60
-65 11 61
-65 11 62
-65 12 48
-65 12 49
-65 12 50
-65 12 51
-65 12 52
-65 12 53
-65 12 54
-65 12 55
-65 12 56
-65 12 57
-65 12 58
-65 12 59
-65 12 60
-65 13 48
-65 13 49
-65 13 50
-65 13 51
-65 13 52
-65 13 53
-65 13 54
-65 13 55
-65 13 56
-65 14 48
-65 14 49
-65 14 50
-65 14 51
-65 14 52
-65 14 53
-65 14 54
-65 15 48
-65 15 49
-65 15 50
-65 15 51
-65 15 52
-65 15 53
-65 16 48
-65 16 49
-65 16 50
-65 16 51
-65 16 52
-65 17 48
-65 17 49
-65 17 50
-65 17 51
-65 18 48
-65 18 49
-65 18 50
-65 19 48
-65 19 49
-65 19 50
-65 20 48
-65 20 49
-65 21 48
-65 21 49
-65 22 48
-65 22 49
-65 23 48
-65 23 49
-65 24 48
-65 24 49
-65 25 48
-65 25 49
-65 26 48
-65 26 49
-65 27 48
-65 27 49
-65 28 48
-65 29 48
-65 30 48
-65 31 48
-80 220 48
-80 220 50
-80 221 49
-80 222 49
-80 222 50
-79 218 48
-79 219 48
-79 219 49
-79 220 48
-79 220 49
-79 221 49
-78 217 48
-78 219 48
-75 201 48
-75 202 48
-75 203 48
-75 204 48
-74 201 48
-74 202 48
-74 203 48
-74 204 48
-74 205 48
-73 200 48
-73 201 48
-73 202 48
-73 203 48
-73 204 48
-73 205 48
-73 206 48
-72 199 48
-72 200 48
-72 201 48
-72 202 48
-72 203 48
-72 204 48
-72 205 48
-72 206 48
-71 198 48
-71 199 48
-71 200 48
-71 200 49
-71 201 48
-71 201 49
-71 202 48
-71 202 49
-71 203 48
-71 203 49
-71 204 48
-71 204 49
-71 205 48
-71 206 48
-70 197 48
-70 198 48
-70 199 48
-70 199 49
-70 200 48
-70 200 49
-70 201 48
-70 201 49
-70 202 48
-70 202 49
-70 203 48
-70 203 49
-70 204 48
-70 204 49
-70 205 48
-70 205 49
-70 206 48
-70 207 48
-69 197 48
-69 198 48
-69 199 48
-69 199 49
-69 200 48
-69 200 49
-69 200 50
-69 201 48
-69 201 49
-69 201 50
-69 202 48
-69 202 49
-69 202 50
-69 203 48
-69 203 49
-69 203 50
-69 204 48
-69 204 49
-69 204 50
-69 205 48
-69 205 49
-69 206 48
-69 206 49
-69 207 48
-69 208 48
-68 197 48
-68 198 48
-68 199 48
-68 199 49
-68 200 48
-68 200 49
-68 200 50
-68 201 48
-68 201 49
-68 201 50
-68 202 48
-68 202 49
-68 202 50
-68 203 48
-68 203 49
-68 203 50
-68 204 48
-68 204 49
-68 204 50
-68 205 48
-68 205 49
-68 205 50
-68 206 48
-68 206 49
-68 207 48
-68 207 49
-68 208 48
-68 209 48
-67 196 48
-67 197 48
-67 198 48
-67 198 49
-67 199 48
-67 199 49
-67 200 48
-67 200 49
-67 200 50
-67 201 48
-67 201 49
-67 201 50
-67 202 48
-67 202 49
-67 202 50
-67 203 48
-67 203 49
-67 203 50
-67 204 48
-67 204 49
-67 204 50
-67 205 48
-67 205 49
-67 205 50
-67 206 48
-67 206 49
-67 207 48
-67 207 49
-67 208 48
-67 209 48
-66 196 48
-66 197 48
-66 198 48
-66 198 49
-66 199 48
-66 199 49
-66 200 48
-66 200 49
-66 200 50
-66 201 48
-66 201 49
-66 201 50
-66 202 48
-66 202 49
-66 202 50
-66 203 48
-66 203 49
-66 203 50
-66 204 48
-66 204 49
-66 204 50
-66 205 48
-66 205 49
-66 205 50
-66 206 48
-66 206 49
-66 207 48
-66 207 49
-66 208 48
-66 208 49
-66 209 48
-66 210 48
-65 196 48
-65 197 48
-65 198 48
-65 198 49
-65 199 48
-65 199 49
-65 200 48
-65 200 49
-65 200 50
-65 201 48
-65 201 49
-65 201 50
-65 202 48
-65 202 49
-65 202 50
-65 203 48
-65 203 49
-65 203 50
-65 204 48
-65 204 49
-65 204 50
-65 205 48
-65 205 49
-65 205 50
-65 206 48
-65 206 49
-65 206 50
-65 207 48
-65 207 49
-65 208 48
-65 208 49
-65 209 48
-65 210 48
-65 214 48
-65 215 48
alfheim:altLeaves
6
-78 224 63
-77 224 63
-75 224 63
-74 220 63
-74 224 63
-73 222 63
-73 223 63
-73 224 63
-72 222 62
-72 222 63
-72 223 62
-72 223 63
-72 224 60
-72 224 61
-72 224 62
-72 224 63
-71 222 60
-71 223 62
-71 223 63
-71 224 59
-71 224 60
-71 224 61
-71 224 62
-71 224 63
-70 221 60
-70 222 59
-70 222 60
-70 222 62
-70 223 59
-70 223 60
-70 223 61
-70 223 62
-70 223 63
-70 224 59
-70 224 60
-70 224 61
-70 224 62
-70 224 63
-69 221 62
-69 221 63
-69 222 60
-69 222 62
-69 222 63
-69 223 59
-69 223 61
-69 223 63
-69 224 59
-69 224 60
-69 224 61
-69 224 62
-69 224 63
-68 221 63
-68 222 63
-68 223 60
-68 223 61
-68 223 62
-68 223 63
-68 224 59
-68 224 60
-68 224 61
-68 224 62
-68 224 63
-67 221 62
-67 222 62
-67 223 61
-67 223 62
-67 223 63
-67 224 60
-67 224 61
-67 224 62
-66 223 61
-66 223 62
-66 223 63
-66 224 59
-66 224 61
-66 224 62
-66 224 63
-65 223 59
-65 223 62
-65 224 59
-65 224 60
-65 224 61
-65 224 62
-65 224 63
-80 227 57
-80 227 58
-80 227 59
-80 228 48
-80 228 49
-80 228 56
-80 228 57
-80 228 58
-80 228 59
-80 228 60
-80 228 62
-80 228 63
-80 229 48
-80 229 49
-80 229 50
-80 229 56
-80 229 57
-80 229 58
-80 229 59
-80 229 60
-80 229 61
-80 229 62
-80 229 63
-80 230 48
-80 230 49
-80 230 50
-80 230 56
-80 230 58
-80 230 59
-80 230 60
-80 230 61
-80 230 62
-80 230 63
-80 231 48
-80 231 49
-80 231 50
-80 231 51
-80 231 53
-80 231 54
-80 231 56
-80 231 57
-80 231 58
-80 231 59
-80 231 60
-80 231 61
-80 231 62
-80 231 63
-80 232 48
-80 232 49
-80 232 50
-80 232 51
-80 232 52
-80 232 53
-80 232 54
-80 232 55
-80 232 56
-80 232 57
-80 232 58
-80 232 59
-80 232 60
-80 232 61
-80 232 62
-80 232 63
-80 233 48
-80 233 49
-80 233 50
-80 233 51
-80 233 52
-80 233 53
-80 233 54
-80 233 55
-80 233 56
-80 233 57
-80 233 58
-80 233 59
-80 233 60
-80 233 61
-80 233 62
-80 233 63
-80 234 48
-80 234 49
-80 234 50
-80 234 51
-80 234 52
-80 234 53
-80 234 54
-80 234 55
-80 234 56
-80 234 57
-80 234 58
-80 234 59
-80 234 60
-80 234 61
-80 234 62
-80 234 63
-80 235 48
-80 235 49
-80 235 50
-80 235 51
-80 235 52
-80 235 53
-80 235 54
-80 235 55
-80 235 56
-80 235 57
-80 235 58
-80 235 59
-80 235 60
-80 235 61
-80 235 62
-80 235 63
-80 236 48
-80 236 49
-80 236 50
-80 236 51
-80 236 52
-80 236 53
-80 236 54
-80 236 56
-80 236 57
-80 236 58
-80 236 59
-80 236 60
-80 236 61
-80 236 62
-80 236 63
-80 237 48
-80 237 49
-80 237 50
-80 237 51
-80 237 52
-80 237 53
-80 237 54
-80 237 55
-80 237 56
-80 237 57
-80 237 58
-80 237 59
-80 237 60
-80 237 61
-80 237 62
-80 237 63
-80 238 48
-80 238 49
-80 238 50
-80 238 51
-80 238 52
-80 238 53
-80 238 54
-80 238 55
-80 238 56
-80 238 57
-80 238 58
-80 238 59
-80 238 60
-80 238 61
-80 238 62
-80 238 63
-80 239 48
-80 239 49
-80 239 50
-80 239 51
-80 239 52
-80 239 53
-80 239 55
-80 239 56
-80 239 57
-80 239 58
-80 239 59
-80 239 60
-80 239 61
-80 239 62
-80 239 63
-80 240 48
-80 240 49
-80 240 50
-80 240 51
-80 240 52
-80 240 53
-80 240 54
-80 240 55
-80 240 56
-80 240 57
-80 240 58
-80 240 59
-80 240 60
-80 240 61
-80 240 62
-80 240 63
-80 241 48
-80 241 49
-80 241 50
-80 241 51
-80 241 52
-80 241 53
-80 241 54
-80 241 56
-80 241 57
-80 241 58
-80 241 59
-80 241 60
-80 241 61
-80 241 62
-80 241 63
-80 242 48
-80 242 49
-80 242 50
-80 242 51
-80 242 52
-80 242 53
-80 242 54
-80 242 55
-80 242 56
-80 242 57
-80 242 58
-80 242 59
-80 242 60
-80 242 61
-80 242 62
-80 242 63
-80 243 48
-80 243 49
-80 243 50
-80 243 52
-80 243 53
-80 243 54
-80 243 55
-80 243 56
-80 243 57
-80 243 58
-80 243 59
-80 243 60
-80 243 61
-80 243 62
-80 243 63
-80 244 48
-80 244 49
-80 244 50
-80 244 52
-80 244 53
-80 244 55
-80 244 56
-80 244 57
-80 244 58
-80 244 59
-80 244 60
-80 244 61
-80 244 62
-80 244 63
-80 245 48
-80 245 49
-80 245 50
-80 245 51
-80 245 52
-80 245 55
-80 245 56
-80 245 59
-80 246 49
-80 246 50
-79 226 56
-79 226 57
-79 226 60
-79 227 48
-79 227 56
-79 227 57
-79 227 58
-79 227 59
-79 227 63
-79 228 48
-79 228 57
-79 228 59
-79 228 62
-79 228 63
-79 229 48
-79 229 50
-79 229 51
-79 229 56
-79 229 57
-79 229 58
-79 229 59
-79 229 60
-79 229 61
-79 229 62
-79 229 63
-79 230 48
-79 230 49
-79 230 50
-79 230 51
-79 230 56
-79 230 57
-79 230 58
-79 230 59
-79 230 60
-79 230 61
-79 230 62
-79 230 63
-79 231 48
-79 231 49
-79 231 50
-79 231 51
-79 231 52
-79 231 54
-79 231 55
-79 231 56
-79 231 57
-79 231 58
-79 231 59
-79 231 60
-79 231 61
-79 231 62
-79 231 63
-79 232 48
-79 232 49
-79 232 50
-79 232 51
-79 232 53
-79 232 54
-79 232 55
-79 232 56
-79 232 57
-79 232 58
-79 232 59
-79 232 60
-79 232 61
-79 232 62
-79 232 63
-79 233 48
-79 233 49
-79 233 50
-79 233 51
-79 233 52
-79 233 53
-79 233 54
-79 233 55
-79 233 56
-79 233 57
-79 233 58
-79 233 59
-79 233 60
-79 233 61
-79 233 62
-79 233 63
-79 234 48
-79 234 49
-79 234 50
-79 234 51
-79 234 52
-79 234 53
-79 234 54
-79 234 55
-79 234 56
-79 234 57
-79 234 58
-79 234 59
-79 234 60
-79 234 61
-79 234 62
-79 234 63
-79 235 48
-79 235 49
-79 235 50
-79 235 51
-79 235 52
-79 235 53
-79 235 54
-79 235 55
-79 235 56
-79 235 57
-79 235 58
-79 235 59
-79 235 60
-79 235 61
-79 235 62
-79 235 63
-79 236 48
-79 236 49
-79 236 50
-79 236 51
-79 236 52
-79 236 53
-79 236 54
-79 236 55
-79 236 56
-79 236 57
-79 236 58
-79 236 59
-79 236 60
-79 236 61
-79 236 62
-79 236 63
-79 237 48
-79 237 49
-79 237 50
-79 237 51
-79 237 52
-79 237 53
-79 237 54
-79 237 55
-79 237 56
-79 237 57
-79 237 58
-79 237 59
-79 237 60
-79 237 61
-79 237 62
-79 237 63
-79 238 48
-79 238 49
-79 238 50
-79 238 51
-79 238 52
-79 238 53
-79 238 54
-79 238 55
-79 238 56
-79 238 57
-79 238 58
-79 238 59
-79 238 60
-79 238 61
-79 238 62
-79 238 63
-79 239 48
-79 239 49
-79 239 50
-79 239 51
-79 239 52
-79 239 53
-79 239 54
-79 239 55
-79 239 56
-79 239 57
-79 239 58
-79 239 59
-79 239 60
-79 239 61
-79 239 62
-79 239 63
-79 240 48
-79 240 49
-79 240 50
-79 240 51
-79 240 52
-79 240 53
-79 240 54
-79 240 55
-79 240 56
-79 240 57
-79 240 58
-79 240 59
-79 240 60
-79 240 61
-79 240 62
-79 240 63
-79 241 48
-79 241 49
-79 241 50
-79 241 51
-79 241 52
-79 241 53
-79 241 54
-79 241 55
-79 241 56
-79 241 57
-79 241 58
-79 241 59
-79 241 60
-79 241 61
-79 241 62
-79 241 63
-79 242 48
-79 242 49
-79 242 50
-79 242 51
-79 242 52
-79 242 53
-79 242 54
-79 242 55
-79 242 57
-79 242 58
-79 242 59
-79 242 60
-79 242 61
-79 242 62
-79 242 63
-79 243 48
-79 243 49
-79 243 50
-79 243 51
-79 243 52
-79 243 53
-79 243 54
-79 243 55
-79 243 56
-79 243 57
-79 243 58
-79 243 59
-79 243 60
-79 243 61
-79 243 62
-79 243 63
-79 244 48
-79 244 49
-79 244 50
-79 244 51
-79 244 52
-79 244 55
-79 244 56
-79 244 57
-79 244 58
-79 244 59
-79 244 60
-79 244 62
-79 244 63
-79 245 48
-79 245 49
-79 245 50
-79 245 51
-79 245 52
-79 245 55
-79 245 56
-79 245 57
-79 245 58
-79 245 60
-79 245 62
-79 246 48
-79 246 49
-79 246 50
-79 246 58
-79 247 49
-79 247 50
-79 248 49
-78 225 63
-78 226 57
-78 226 59
-78 226 60
-78 226 61
-78 227 48
-78 227 55
-78 227 56
-78 227 57
-78 227 58
-78 227 59
-78 227 61
-78 227 62
-78 227 63
-78 228 48
-78 228 51
-78 228 55
-78 228 56
-78 228 57
-78 228 58
-78 228 59
-78 228 60
-78 228 62
-78 228 63
-78 229 48
-78 229 49
-78 229 51
-78 229 55
-78 229 56
-78 229 57
-78 229 58
-78 229 59
-78 229 61
-78 229 62
-78 229 63
-78 230 48
-78 230 49
-78 230 51
-78 230 52
-78 230 53
-78 230 54
-78 230 55
-78 230 56
-78 230 57
-78 230 58
-78 230 59
-78 230 60
-78 230 61
-78 230 62
-78 230 63
-78 231 48
-78 231 49
-78 231 50
-78 231 51
-78 231 52
-78 231 53
-78 231 54
-78 231 55
-78 231 56
-78 231 57
-78 231 58
-78 231 59
-78 231 60
-78 231 61
-78 231 62
-78 231 63
-78 232 48
-78 232 49
-78 232 50
-78 232 51
-78 232 52
-78 232 53
-78 232 54
-78 232 55
-78 232 56
-78 232 57
-78 232 58
-78 232 59
-78 232 60
-78 232 61
-78 232 62
-78 232 63
-78 233 48
-78 233 49
-78 233 50
-78 233 51
-78 233 52
-78 233 53
-78 233 54
-78 233 55
-78 233 56
-78 233 57
-78 233 58
-78 233 59
-78 233 60
-78 233 61
-78 233 62
-78 233 63
-78 234 48
-78 234 49
-78 234 50
-78 234 51
-78 234 52
-78 234 53
-78 234 54
-78 234 55
-78 234 56
-78 234 57
-78 234 58
-78 234 59
-78 234 60
-78 234 61
-78 234 62
-78 234 63
-78 235 48
-78 235 49
-78 235 50
-78 235 51
-78 235 52
-78 235 53
-78 235 54
-78 235 55
-78 235 56
-78 235 57
-78 235 58
-78 235 59
-78 235 60
-78 235 61
-78 235 62
-78 235 63
-78 236 48
-78 236 49
-78 236 50
-78 236 51
-78 236 52
-78 236 53
-78 236 54
-78 236 55
-78 236 56
-78 236 57
-78 236 58
-78 236 59
-78 236 60
-78 236 61
-78 236 62
-78 236 63
-78 237 48
-78 237 49
-78 237 50
-78 237 51
-78 237 52
-78 237 53
-78 237 54
-78 237 55
-78 237 56
-78 237 57
-78 237 58
-78 237 59
-78 237 60
-78 237 61
-78 237 62
-78 237 63
-78 238 48
-78 238 49
-78 238 50
-78 238 51
-78 238 52
-78 238 53
-78 238 54
-78 238 55
-78 238 56
-78 238 57
-78 238 58
-78 238 59
-78 238 60
-78 238 61
-78 238 62
-78 238 63
-78 239 48
-78 239 49
-78 239 50
-78 239 51
-78 239 52
-78 239 53
-78 239 54
-78 239 55
-78 239 56
-78 239 57
-78 239 58
-78 239 59
-78 239 60
-78 239 61
-78 239 62
-78 239 63
-78 240 48
-78 240 49
-78 240 50
-78 240 51
-78 240 52
-78 240 53
-78 240 54
-78 240 55
-78 240 56
-78 240 57
-78 240 58
-78 240 59
-78 240 60
-78 240 61
-78 240 62
-78 240 63
-78 241 48
-78 241 49
-78 241 50
-78 241 51
-78 241 52
-78 241 53
-78 241 54
-78 241 55
-78 241 56
-78 241 57
-78 241 58
-78 241 59
-78 241 60
-78 241 61
-78 241 62
-78 241 63
-78 242 48
-78 242 49
-78 242 50
-78 242 51
-78 242 52
-78 242 53
-78 242 54
-78 242 55
-78 242 56
-78 242 57
-78 242 58
-78 242 59
-78 242 60
-78 242 61
-78 242 62
-78 242 63
-78 243 48
-78 243 49
-78 243 50
-78 243 51
-78 243 52
-78 243 53
-78 243 54
-78 243 55
-78 243 56
-78 243 57
-78 243 58
-78 243 59
-78 243 60
-78 243 61
-78 243 62
-78 243 63
-78 244 48
-78 244 49
-78 244 50
-78 244 51
-78 244 52
-78 244 53
-78 244 54
-78 244 55
-78 244 56
-78 244 57
-78 244 58
-78 244 59
-78 244 60
-78 244 63
-78 245 48
-78 245 49
-78 245 50
-78 245 51
-78 245 55
-78 245 56
-78 245 57
-78 245 59
-78 246 48
-78 246 49
-78 246 50
-78 246 51
-78 246 59
-78 247 49
-78 247 50
-78 248 48
-78 248 49
-78 248 50
-78 249 49
-77 225 56
-77 225 60
-77 225 61
-77 225 63
-77 226 56
-77 226 57
-77 226 58
-77 226 59
-77 226 60
-77 226 61
-77 226 62
-77 226 63
-77 227 56
-77 227 57
-77 227 58
-77 227 59
-77 227 60
-77 227 61
-77 227 62
-77 227 63
-77 228 48
-77 228 54
-77 228 56
-77 228 57
-77 228 58
-77 228 59
-77 228 60
-77 228 61
-77 228 62
-77 228 63
-77 229 48
-77 229 49
-77 229 50
-77 229 51
-77 229 53
-77 229 55
-77 229 56
-77 229 57
-77 229 58
-77 229 59
-77 229 60
-77 229 61
-77 229 62
-77 229 63
-77 230 52
-77 230 54
-77 230 55
-77 230 56
-77 230 57
-77 230 58
-77 230 59
-77 230 60
-77 230 61
-77 230 62
-77 230 63
-77 231 48
-77 231 49
-77 231 50
-77 231 51
-77 231 52
-77 231 53
-77 231 54
-77 231 55
-77 231 56
-77 231 57
-77 231 58
-77 231 59
-77 231 60
-77 231 61
-77 231 62
-77 231 63
-77 232 48
-77 232 49
-77 232 50
-77 232 51
-77 232 52
-77 232 53
-77 232 54
-77 232 55
-77 232 56
-77 232 57
-77 232 58
-77 232 59
-77 232 60
-77 232 61
-77 232 62
-77 232 63
-77 233 48
-77 233 49
-77 233 50
-77 233 51
-77 233 52
-77 233 53
-77 233 54
-77 233 55
-77 233 56
-77 233 57
-77 233 58
-77 233 59
-77 233 60
-77 233 61
-77 233 62
-77 233 63
-77 234 48
-77 234 49
-77 234 50
-77 234 51
-77 234 52
-77 234 53
-77 234 54
-77 234 55
-77 234 56
-77 234 57
-77 234 58
-77 234 59
-77 234 60
-77 234 61
-77 234 62
-77 234 63
-77 235 48
-77 235 49
-77 235 50
-77 235 51
-77 235 52
-77 235 53
-77 235 54
-77 235 55
-77 235 56
-77 235 57
-77 235 58
-77 235 59
-77 235 60
-77 235 61
-77 235 62
-77 235 63
-77 236 48
-77 236 49
-77 236 50
-77 236 51
-77 236 52
-77 236 53
-77 236 54
-77 236 55
-77 236 56
-77 236 57
-77 236 58
-77 236 59
-77 236 60
-77 236 61
-77 236 62
-77 236 63
-77 237 48
-77 237 49
-77 237 50
-77 237 51
-77 237 52
-77 237 53
-77 237 54
-77 237 55
-77 237 56
-77 237 57
-77 237 58
-77 237 59
-77 237 60
-77 237 61
-77 237 62
-77 237 63
-77 238 48
-77 238 49
-77 238 50
-77 238 51
-77 238 52
-77 238 53
-77 238 54
-77 238 55
-77 238 56
-77 238 57
-77 238 58
-77 238 59
-77 238 60
-77 238 61
-77 238 62
-77 238 63
-77 239 48
-77 239 49
-77 239 50
-77 239 51
-77 239 52
-77 239 53
-77 239 54
-77 239 55
-77 239 56
-77 239 57
-77 239 58
-77 239 59
-77 239 60
-77 239 61
-77 239 62
-77 239 63
-77 240 48
-77 240 49
-77 240 50
-77 240 51
-77 240 52
-77 240 53
-77 240 54
-77 240 55
-77 240 56
-77 240 57
-77 240 58
-77 240 59
-77 240 60
-77 240 61
-77 240 62
-77 240 63
-77 241 48
-77 241 49
-77 241 50
-77 241 51
-77 241 52
-77 241 53
-77 241 54
-77 241 55
-77 241 56
-77 241 57
-77 241 58
-77 241 59
-77 241 60
-77 241 61
-77 241 62
-77 241 63
-77 242 48
-77 242 49
-77 242 50
-77 242 51
-77 242 52
-77 242 53
-77 242 54
-77 242 55
-77 242 56
-77 242 57
-77 242 58
-77 242 59
-77 242 60
-77 242 61
-77 242 62
-77 242 63
-77 243 48
-77 243 49
-77 243 50
-77 243 51
-77 243 52
-77 243 53
-77 243 54
-77 243 55
-77 243 56
-77 243 57
-77 243 59
-77 243 60
-77 243 61
-77 243 63
-77 244 48
-77 244 49
-77 244 50
-77 244 51
-77 244 52
-77 244 53
-77 244 54
-77 244 55
-77 244 56
-77 244 57
-77 244 58
-77 244 59
-77 244 60
-77 244 61
-77 244 63
-77 245 48
-77 245 49
-77 245 50
-77 245 51
-77 245 52
-77 245 53
-77 245 54
-77 245 55
-77 245 56
-77 245 57
-77 245 59
-77 245 60
-77 245 61
-77 245 62
-77 245 63
-77 246 49
-77 246 50
-77 246 51
-77 246 52
-77 246 53
-77 246 55
-77 246 59
-77 246 61
-77 247 50
-77 247 55
-76 225 59
-76 225 60
-76 225 61
-76 225 63
-76 226 56
-76 226 58
-76 226 59
-76 226 60
-76 226 61
-76 226 62
-76 226 63
-76 227 56
-76 227 59
-76 227 60
-76 227 61
-76 227 62
-76 227 63
-76 228 54
-76 228 56
-76 228 57
-76 228 58
-76 228 59
-76 228 60
-76 228 61
-76 228 62
-76 228 63
-76 229 49
-76 229 50
-76 229 52
-76 229 53
-76 229 54
-76 229 55
-76 229 56
-76 229 57
-76 229 58
-76 229 59
-76 229 60
-76 229 61
-76 229 62
-76 229 63
-76 230 48
-76 230 50
-76 230 51
-76 230 52
-76 230 53
-76 230 55
-76 230 56
-76 230 57
-76 230 58
-76 230 59
-76 230 60
-76 230 61
-76 230 62
-76 230 63
-76 231 48
-76 231 49
-76 231 50
-76 231 51
-76 231 52
-76 231 54
-76 231 55
-76 231 56
-76 231 57
-76 231 58
-76 231 59
-76 231 60
-76 231 61
-76 231 62
-76 231 63
-76 232 48
-76 232 49
-76 232 50
-76 232 51
-76 232 52
-76 232 53
-76 232 54
-76 232 55
-76 232 56
-76 232 57
-76 232 58
-76 232 59
-76 232 60
-76 232 61
-76 232 62
-76 232 63
-76 233 48
-76 233 49
-76 233 50
-76 233 51
-76 233 52
-76 233 53
-76 233 54
-76 233 55
-76 233 56
-76 233 57
-76 233 58
-76 233 59
-76 233 60
-76 233 61
-76 233 62
-76 233 63
-76 234 48
-76 234 49
-76 234 50
-76 234 51
-76 234 52
-76 234 53
-76 234 54
-76 234 55
-76 234 56
-76 234 57
-76 234 58
-76 234 59
-76 234 60
-76 234 61
-76 234 62
-76 234 63
-76 235 48
-76 235 49
-76 235 50
-76 235 51
-76 235 52
-76 235 53
-76 235 54
-76 235 55
-76 235 56
-76 235 57
-76 235 58
-76 235 59
-76 235 60
-76 235 61
-76 235 62
-76 235 63
-76 236 48
-76 236 49
-76 236 50
-76 236 51
-76 236 52
-76 236 53
-76 236 54
-76 236 55
-76 236 56
-76 236 57
-76 236 58
-76 236 59
-76 236 60
-76 236 61
-76 236 62
-76 236 63
-76 237 48
-76 237 49
-76 237 50
-76 237 51
-76 237 52
-76 237 53
-76 237 54
-76 237 55
-76 237 56
-76 237 57
-76 237 58
-76 237 59
-76 237 60
-76 237 61
-76 237 62
-76 237 63
-76 238 48
-76 238 49
-76 238 50
-76 238 51
-76 238 52
-76 238 53
-76 238 54
-76 238 55
-76 238 56
-76 238 57
-76 238 58
-76 238 59
-76 238 60
-76 238 61
-76 238 62
-76 238 63
-76 239 48
-76 239 49
-76 239 50
-76 239 51
-76 239 52
-76 239 53
-76 239 54
-76 239 55
-76 239 56
-76 239 57
-76 239 58
-76 239 59
-76 239 60
-76 239 61
-76 239 62
-76 239 63
-76 240 48
-76 240 49
-76 240 50
-76 240 51
-76 240 52
-76 240 53
-76 240 54
-76 240 55
-76 240 56
-76 240 57
-76 240 58
-76 240 59
-76 240 60
-76 240 61
-76 240 62
-76 240 63
-76 241 48
-76 241 49
-76 241 50
-76 241 51
-76 241 52
-76 241 53
-76 241 54
-76 241 55
-76 241 56
-76 241 57
-76 241 58
-76 241 59
-76 241 60
-76 241 61
-76 241 62
-76 241 63
-76 242 48
-76 242 49
-76 242 50
-76 242 51
-76 242 52
-76 242 53
-76 242 54
-76 242 55
-76 242 56
-76 242 57
-76 242 58
-76 242 59
-76 242 60
-76 242 61
-76 242 62
-76 242 63
-76 243 48
-76 243 49
-76 243 50
-76 243 51
-76 243 52
-76 243 53
-76 243 54
-76 243 55
-76 243 56
-76 243 57
-76 243 58
-76 243 59
-76 243 60
-76 243 61
-76 243 62
-76 243 63
-76 244 48
-76 244 49
-76 244 50
-76 244 51
-76 244 52
-76 244 53
-76 244 54
-76 244 55
-76 244 56
-76 244 57
-76 244 58
-76 244 59
-76 244 60
-76 244 61
-76 244 62
-76 244 63
-76 245 48
-76 245 49
-76 245 50
-76 245 51
-76 245 52
-76 245 53
-76 245 54
-76 245 55
-76 245 56
-76 245 57
-76 245 58
-76 245 59
-76 245 60
-76 245 63
-76 246 48
-76 246 49
-76 246 51
-76 246 52
-76 246 53
-76 246 55
-76 246 56
-76 246 57
-76 246 58
-76 246 59
-76 247 56
-76 247 58
-75 225 61
-75 225 62
-75 226 60
-75 226 61
-75 226 62
-75 226 63
-75 227 56
-75 227 58
-75 227 59
-75 227 60
-75 227 61
-75 227 62
-75 227 63
-75 228 54
-75 228 55
-75 228 56
-75 228 57
-75 228 58
-75 228 59
-75 228 60
-75 228 61
-75 228 62
-75 228 63
-75 229 50
-75 229 54
-75 229 55
-75 229 56
-75 229 57
-75 229 58
-75 229 59
-75 229 60
-75 229 61
-75 229 62
-75 229 63
-75 230 48
-75 230 49
-75 230 50
-75 230 51
-75 230 55
-75 230 56
-75 230 57
-75 230 58
-75 230 59
-75 230 61
-75 230 62
-75 230 63
-75 231 48
-75 231 49
-75 231 50
-75 231 51
-75 231 52
-75 231 53
-75 231 54
-75 231 55
-75 231 56
-75 231 57
-75 231 58
-75 231 59
-75 231 60
-75 231 61
-75 231 62
-75 231 63
-75 232 48
-75 232 49
-75 232 50
-75 232 51
-75 232 52
-75 232 53
-75 232 54
-75 232 55
-75 232 56
-75 232 57
-75 232 58
-75 232 59
-75 232 60
-75 232 61
-75 232 62
-75 232 63
-75 233 48
-75 233 49
-75 233 50
-75 233 51
-75 233 52
-75 233 53
-75 233 54
-75 233 55
-75 233 56
-75 233 57
-75 233 58
-75 233 59
-75 233 60
-75 233 61
-75 233 62
-75 233 63
-75 234 48
-75 234 49
-75 234 50
-75 234 51
-75 234 52
-75 234 53
-75 234 54
-75 234 55
-75 234 56
-75 234 57
-75 234 58
-75 234 59
-75 234 60
-75 234 61
-75 234 62
-75 234 63
-75 235 48
-75 235 49
-75 235 50
-75 235 51
-75 235 52
-75 235 53
-75 235 54
-75 235 55
-75 235 56
-75 235 57
-75 235 58
-75 235 59
-75 235 60
-75 235 61
-75 235 62
-75 235 63
-75 236 48
-75 236 49
-75 236 50
-75 236 51
-75 236 52
-75 236 53
-75 236 54
-75 236 55
-75 236 56
-75 236 57
-75 236 58
-75 236 59
-75 236 60
-75 236 61
-75 236 62
-75 236 63
-75 237 48
-75 237 49
-75 237 50
-75 237 51
-75 237 52
-75 237 53
-75 237 54
-75 237 55
-75 237 56
-75 237 57
-75 237 58
-75 237 59
-75 237 60
-75 237 61
-75 237 62
-75 237 63
-75 238 48
-75 238 49
-75 238 50
-75 238 51
-75 238 52
-75 238 53
-75 238 54
-75 238 55
-75 238 56
-75 238 57
-75 238 58
-75 238 59
-75 238 60
-75 238 61
-75 238 62
-75 238 63
-75 239 48
-75 239 49
-75 239 50
-75 239 51
-75 239 52
-75 239 53
-75 239 54
-75 239 55
-75 239 56
-75 239 57
-75 239 58
-75 239 59
-75 239 60
-75 239 61
-75 239 62
-75 239 63
-75 240 48
-75 240 49
-75 240 50
-75 240 51
-75 240 52
-75 240 53
-75 240 54
-75 240 55
-75 240 56
-75 240 57
-75 240 58
-75 240 59
-75 240 60
-75 240 61
-75 240 62
-75 240 63
-75 241 48
-75 241 49
-75 241 50
-75 241 51
-75 241 52
-75 241 53
-75 241 54
-75 241 55
-75 241 56
-75 241 57
-75 241 58
-75 241 59
-75 241 60
-75 241 61
-75 241 62
-75 241 63
-75 242 48
-75 242 49
-75 242 50
-75 242 51
-75 242 52
-75 242 53
-75 242 54
-75 242 55
-75 242 56
-75 242 57
-75 242 58
-75 242 59
-75 242 60
-75 242 61
-75 242 62
-75 242 63
-75 243 48
-75 243 49
-75 243 50
-75 243 51
-75 243 52
-75 243 53
-75 243 54
-75 243 55
-75 243 56
-75 243 57
-75 243 58
-75 243 59
-75 243 60
-75 243 61
-75 243 62
-75 243 63
-75 244 48
-75 244 49
-75 244 50
-75 244 51
-75 244 52
-75 244 53
-75 244 54
-75 244 55
-75 244 56
-75 244 57
-75 244 58
-75 244 59
-75 244 60
-75 244 61
-75 244 62
-75 244 63
-75 245 48
-75 245 49
-75 245 50
-75 245 51
-75 245 52
-75 245 53
-75 245 54
-75 245 55
-75 245 56
-75 245 57
-75 245 58
-75 245 59
-75 245 60
-75 245 61
-75 245 62
-75 246 48
-75 246 49
-75 246 50
-75 246 51
-75 246 52
-75 246 53
-75 246 54
-75 246 55
-75 246 56
-75 246 57
-75 246 58
-75 246 59
-75 246 60
-75 246 61
-75 247 49
-75 247 50
-75 247 53
-75 247 55
-75 247 56
-75 247 57
-75 247 58
-75 248 56
-74 225 58
-74 225 61
-74 225 62
-74 225 63
-74 226 58
-74 226 62
-74 226 63
-74 227 58
-74 227 59
-74 227 60
-74 227 61
-74 227 62
-74 227 63
-74 228 48
-74 228 56
-74 228 57
-74 228 58
-74 228 59
-74 228 60
-74 228 61
-74 228 62
-74 228 63
-74 229 48
-74 229 51
-74 229 54
-74 229 55
-74 229 56
-74 229 57
-74 229 58
-74 229 59
-74 229 60
-74 229 61
-74 229 62
-74 229 63
-74 230 48
-74 230 49
-74 230 50
-74 230 51
-74 230 52
-74 230 54
-74 230 55
-74 230 56
-74 230 57
-74 230 58
-74 230 59
-74 230 60
-74 230 61
-74 230 62
-74 230 63
-74 231 48
-74 231 49
-74 231 50
-74 231 51
-74 231 53
-74 231 54
-74 231 55
-74 231 56
-74 231 57
-74 231 58
-74 231 59
-74 231 60
-74 231 61
-74 231 62
-74 231 63
-74 232 48
-74 232 49
-74 232 50
-74 232 51
-74 232 52
-74 232 53
-74 232 54
-74 232 55
-74 232 56
-74 232 57
-74 232 58
-74 232 59
-74 232 60
-74 232 61
-74 232 62
-74 232 63
-74 233 48
-74 233 49
-74 233 50
-74 233 51
-74 233 52
-74 233 53
-74 233 54
-74 233 55
-74 233 56
-74 233 57
-74 233 58
-74 233 59
-74 233 60
-74 233 61
-74 233 62
-74 233 63
-74 234 48
-74 234 49
-74 234 50
-74 234 51
-74 234 52
-74 234 53
-74 234 54
-74 234 55
-74 234 56
-74 234 57
-74 234 58
-74 234 59
-74 234 60
-74 234 61
-74 234 62
-74 234 63
-74 235 48
-74 235 49
-74 235 50
-74 235 51
-74 235 52
-74 235 53
-74 235 54
-74 235 55
-74 235 56
-74 235 57
-74 235 58
-74 235 59
-74 235 60
-74 235 61
-74 235 62
-74 235 63
-74 236 48
-74 236 49
-74 236 50
-74 236 51
-74 236 52
-74 236 53
-74 236 54
-74 236 55
-74 236 56
-74 236 57
-74 236 58
-74 236 59
-74 236 60
-74 236 61
-74 236 62
-74 236 63
-74 237 48
-74 237 49
-74 237 50
-74 237 51
-74 237 52
-74 237 53
-74 237 54
-74 237 55
-74 237 56
-74 237 57
-74 237 58
-74 237 59
-74 237 60
-74 237 61
-74 237 62
-74 237 63
-74 238 48
-74 238 49
-74 238 50
-74 238 51
-74 238 52
-74 238 53
-74 238 54
-74 238 55
-74 238 56
-74 238 57
-74 238 58
-74 238 59
-74 238 60
-74 238 61
-74 238 62
-74 238 63
-74 239 48
-74 239 49
-74 239 50
-74 239 51
-74 239 52
-74 239 53
-74 239 54
-74 239 55
-74 239 56
-74 239 57
-74 239 58
-74 239 59
-74 239 60
-74 239 61
-74 239 62
-74 239 63
-74 240 48
-74 240 49
-74 240 50
-74 240 51
-74 240 52
-74 240 53
-74 240 54
-74 240 55
-74 240 56
-74 240 57
-74 240 58
-74 240 59
-74 240 60
-74 240 61
-74 240 62
-74 240 63
-74 241 48
-74 241 49
-74 241 50
-74 241 51
-74 241 52
-74 241 53
-74 241 54
-74 241 55
-74 241 56
-74 241 57
-74 241 58
-74 241 59
-74 241 60
-74 241 61
-74 241 62
-74 241 63
-74 242 48
-74 242 49
-74 242 50
-74 242 51
-74 242 52
-74 242 53
-74 242 54
-74 242 55
-74 242 56
-74 242 57
-74 242 58
-74 242 59
-74 242 60
-74 242 61
-74 242 62
-74 242 63
-74 243 48
-74 243 49
-74 243 50
-74 243 51
-74 243 52
-74 243 53
-74 243 54
-74 243 55
-74 243 56
-74 243 57
-74 243 58
-74 243 59
-74 243 60
-74 243 61
-74 243 62
-74 243 63
-74 244 48
-74 244 49
-74 244 50
-74 244 51
-74 244 52
-74 244 53
-74 244 54
-74 244 55
-74 244 56
-74 244 57
-74 244 58
-74 244 59
-74 244 60
-74 244 61
-74 244 62
-74 244 63
-74 245 48
-74 245 49
-74 245 50
-74 245 51
-74 245 52
-74 245 53
-74 245 54
-74 245 55
-74 245 56
-74 245 57
-74 245 58
-74 245 59
-74 245 60
-74 245 61
-74 245 62
-74 246 48
-74 246 49
-74 246 50
-74 246 51
-74 246 52
-74 246 53
-74 246 54
-74 246 55
-74 246 56
-74 246 57
-74 246 58
-74 246 59
-74 247 49
-74 247 50
-74 247 51
-74 247 52
-74 247 53
-74 247 54
-74 247 55
-74 247 56
-74 247 57
-74 248 50
-74 248 51
-74 248 52
-74 248 53
-74 248 54
-74 248 55
-74 248 56
-74 249 53
-74 249 54
-73 225 62
-73 225 63
-73 226 59
-73 226 60
-73 226 61
-73 226 62
-73 226 63
-73 227 57
-73 227 59
-73 227 60
-73 227 61
-73 227 62
-73 227 63
-73 228 51
-73 228 56
-73 228 57
-73 228 58
-73 228 59
-73 228 60
-73 228 61
-73 228 62
-73 228 63
-73 229 50
-73 229 51
-73 229 53
-73 229 56
-73 229 57
-73 229 58
-73 229 59
-73 229 60
-73 229 61
-73 229 63
-73 230 48
-73 230 50
-73 230 51
-73 230 52
-73 230 54
-73 230 56
-73 230 57
-73 230 58
-73 230 59
-73 230 60
-73 230 61
-73 230 62
-73 230 63
-73 231 48
-73 231 49
-73 231 50
-73 231 51
-73 231 52
-73 231 54
-73 231 55
-73 231 56
-73 231 57
-73 231 58
-73 231 59
-73 231 60
-73 231 61
-73 231 62
-73 231 63
-73 232 48
-73 232 49
-73 232 50
-73 232 51
-73 232 52
-73 232 53
-73 232 54
-73 232 55
-73 232 56
-73 232 57
-73 232 58
-73 232 59
-73 232 60
-73 232 61
-73 232 62
-73 232 63
-73 233 48
-73 233 49
-73 233 50
-73 233 51
-73 233 52
-73 233 53
-73 233 54
-73 233 55
-73 233 56
-73 233 57
-73 233 58
-73 233 59
-73 233 60
-73 233 61
-73 233 62
-73 233 63
-73 234 48
-73 234 49
-73 234 50
-73 234 51
-73 234 52
-73 234 53
-73 234 54
-73 234 55
-73 234 56
-73 234 57
-73 234 58
-73 234 59
-73 234 60
-73 234 61
-73 234 62
-73 234 63
-73 235 48
-73 235 49
-73 235 50
-73 235 51
-73 235 52
-73 235 53
-73 235 54
-73 235 55
-73 235 56
-73 235 57
-73 235 58
-73 235 59
-73 235 60
-73 235 61
-73 235 62
-73 235 63
-73 236 48
-73 236 49
-73 236 50
-73 236 51
-73 236 52
-73 236 53
-73 236 54
-73 236 55
-73 236 56
-73 236 57
-73 236 58
-73 236 59
-73 236 60
-73 236 61
-73 236 62
-73 236 63
-73 237 48
-73 237 49
-73 237 50
-73 237 51
-73 237 52
-73 237 53
-73 237 54
-73 237 55
-73 237 56
-73 237 57
-73 237 58
-73 237 59
-73 237 60
-73 237 61
-73 237 62
-73 237 63
-73 238 48
-73 238 49
-73 238 50
-73 238 51
-73 238 52
-73 238 53
-73 238 54
-73 238 55
-73 238 56
-73 238 57
-73 238 58
-73 238 59
-73 238 60
-73 238 61
-73 238 62
-73 238 63
-73 239 48
-73 239 49
-73 239 50
-73 239 51
-73 239 52
-73 239 53
-73 239 54
-73 239 55
-73 239 56
-73 239 57
-73 239 58
-73 239 59
-73 239 60
-73 239 61
-73 239 62
-73 239 63
-73 240 48
-73 240 49
-73 240 50
-73 240 51
-73 240 52
-73 240 53
-73 240 54
-73 240 55
-73 240 56
-73 240 57
-73 240 58
-73 240 59
-73 240 60
-73 240 61
-73 240 62
-73 240 63
-73 241 48
-73 241 49
-73 241 50
-73 241 51
-73 241 52
-73 241 53
-73 241 54
-73 241 55
-73 241 56
-73 241 57
-73 241 58
-73 241 59
-73 241 60
-73 241 61
-73 241 62
-73 241 63
-73 242 48
-73 242 49
-73 242 50
-73 242 51
-73 242 52
-73 242 53
-73 242 54
-73 242 55
-73 242 56
-73 242 57
-73 242 58
-73 242 59
-73 242 60
-73 242 61
-73 242 62
-73 242 63
-73 243 48
-73 243 49
-73 243 50
-73 243 51
-73 243 52
-73 243 53
-73 243 54
-73 243 55
-73 243 56
-73 243 57
-73 243 58
-73 243 59
-73 243 60
-73 243 61
-73 243 62
-73 243 63
-73 244 48
-73 244 49
-73 244 50
-73 244 51
-73 244 52
-73 244 53
-73 244 54
-73 244 55
-73 244 56
-73 244 57
-73 244 58
-73 244 59
-73 244 60
-73 244 61
-73 244 62
-73 244 63
-73 245 48
-73 245 49
-73 245 50
-73 245 51
-73 245 52
-73 245 53
-73 245 54
-73 245 55
-73 245 56
-73 245 57
-73 245 58
-73 245 59
-73 245 60
-73 245 61
-73 245 62
-73 245 63
-73 246 48
-73 246 49
-73 246 50
-73 246 51
-73 246 52
-73 246 53
-73 246 54
-73 246 55
-73 246 56
-73 246 57
-73 246 58
-73 246 59
-73 246 60
-73 246 61
-73 246 62
-73 247 49
-73 247 50
-73 247 51
-73 247 52
-73 247 53
-73 247 54
-73 247 55
-73 247 56
-73 247 57
-73 247 58
-73 247 61
-73 247 62
-73 248 50
-73 248 52
-73 248 53
-73 248 54
-73 248 55
-73 248 56
-73 249 50
-73 249 53
-73 249 54
-73 249 55
-73 249 56
-73 250 54
-72 225 60
-72 225 61
-72 225 62
-72 225 63
-72 226 58
-72 226 59
-72 226 60
-72 226 61
-72 226 62
-72 226 63
-72 227 52
-72 227 58
-72 227 59
-72 227 60
-72 227 61
-72 227 62
-72 227 63
-72 228 52
-72 228 53
-72 228 57
-72 228 58
-72 228 59
-72 228 60
-72 228 61
-72 228 62
-72 228 63
-72 229 48
-72 229 49
-72 229 51
-72 229 53
-72 229 54
-72 229 56
-72 229 57
-72 229 58
-72 229 59
-72 229 60
-72 229 61
-72 229 62
-72 229 63
-72 230 48
-72 230 49
-72 230 50
-72 230 51
-72 230 52
-72 230 53
-72 230 54
-72 230 56
-72 230 57
-72 230 58
-72 230 59
-72 230 60
-72 230 61
-72 230 62
-72 230 63
-72 231 48
-72 231 49
-72 231 50
-72 231 51
-72 231 52
-72 231 53
-72 231 54
-72 231 55
-72 231 56
-72 231 57
-72 231 58
-72 231 59
-72 231 60
-72 231 61
-72 231 62
-72 231 63
-72 232 48
-72 232 49
-72 232 50
-72 232 51
-72 232 52
-72 232 53
-72 232 54
-72 232 55
-72 232 56
-72 232 57
-72 232 58
-72 232 59
-72 232 60
-72 232 61
-72 232 62
-72 233 48
-72 233 49
-72 233 50
-72 233 51
-72 233 52
-72 233 53
-72 233 54
-72 233 55
-72 233 56
-72 233 57
-72 233 58
-72 233 59
-72 233 60
-72 233 61
-72 233 62
-72 233 63
-72 234 48
-72 234 49
-72 234 50
-72 234 51
-72 234 52
-72 234 53
-72 234 54
-72 234 55
-72 234 56
-72 234 57
-72 234 58
-72 234 59
-72 234 60
-72 234 61
-72 234 62
-72 234 63
-72 235 48
-72 235 49
-72 235 50
-72 235 51
-72 235 52
-72 235 53
-72 235 54
-72 235 55
-72 235 56
-72 235 57
-72 235 58
-72 235 59
-72 235 60
-72 235 61
-72 235 62
-72 235 63
-72 236 48
-72 236 49
-72 236 50
-72 236 51
-72 236 52
-72 236 53
-72 236 54
-72 236 55
-72 236 56
-72 236 57
-72 236 58
-72 236 59
-72 236 60
-72 236 61
-72 236 62
-72 236 63
-72 237 48
-72 237 49
-72 237 50
-72 237 51
-72 237 52
-72 237 53
-72 237 54
-72 237 55
-72 237 56
-72 237 57
-72 237 58
-72 237 59
-72 237 60
-72 237 61
-72 237 62
-72 237 63
-72 238 48
-72 238 49
-72 238 50
-72 238 51
-72 238 52
-72 238 53
-72 238 54
-72 238 55
-72 238 56
-72 238 57
-72 238 58
-72 238 59
-72 238 60
-72 238 61
-72 238 62
-72 238 63
-72 239 48
-72 239 49
-72 239 50
-72 239 51
-72 239 52
-72 239 53
-72 239 54
-72 239 55
-72 239 56
-72 239 57
-72 239 58
-72 239 59
-72 239 60
-72 239 61
-72 239 62
-72 239 63
-72 240 48
-72 240 49
-72 240 50
-72 240 51
-72 240 52
-72 240 53
-72 240 54
-72 240 55
-72 240 56
-72 240 57
-72 240 58
-72 240 59
-72 240 60
-72 240 61
-72 240 62
-72 240 63
-72 241 48
-72 241 49
-72 241 50
-72 241 51
-72 241 52
-72 241 53
-72 241 54
-72 241 55
-72 241 56
-72 241 57
-72 241 58
-72 241 59
-72 241 60
-72 241 61
-72 241 62
-72 241 63
-72 242 48
-72 242 49
-72 242 50
-72 242 51
-72 242 52
-72 242 53
-72 242 54
-72 242 55
-72 242 56
-72 242 57
-72 242 58
-72 242 59
-72 242 60
-72 242 61
-72 242 62
-72 242 63
-72 243 48
-72 243 49
-72 243 50
-72 243 51
-72 243 52
-72 243 53
-72 243 54
-72 243 55
-72 243 56
-72 243 57
-72 243 58
-72 243 59
-72 243 60
-72 243 61
-72 243 62
-72 243 63
-72 244 48
-72 244 49
-72 244 50
-72 244 51
-72 244 52
-72 244 53
-72 244 54
-72 244 55
-72 244 56
-72 244 57
-72 244 58
-72 244 59
-72 244 60
-72 244 61
-72 244 62
-72 244 63
-72 245 48
-72 245 49
-72 245 50
-72 245 51
-72 245 52
-72 245 53
-72 245 54
-72 245 55
-72 245 56
-72 245 57
-72 245 58
-72 245 59
-72 245 60
-72 245 61
-72 245 62
-72 245 63
-72 246 48
-72 246 49
-72 246 50
-72 246 51
-72 246 52
-72 246 53
-72 246 54
-72 246 55
-72 246 56
-72 246 57
-72 246 58
-72 246 59
-72 246 60
-72 246 61
-72 246 62
-72 246 63
-72 247 48
-72 247 50
-72 247 51
-72 247 52
-72 247 53
-72 247 54
-72 247 55
-72 247 56
-72 247 57
-72 247 58
-72 247 60
-72 247 61
-72 248 51
-72 248 52
-72 248 53
-72 248 54
-72 248 55
-72 248 56
-72 248 57
-72 248 59
-72 249 51
-72 249 52
-72 249 53
-72 249 54
-72 249 55
-72 249 56
-72 249 57
-72 250 53
-72 250 54
-72 250 55
-72 250 56
-72 250 57
-72 251 54
-72 251 55
-71 225 59
-71 225 60
-71 225 61
-71 225 62
-71 225 63
-71 226 57
-71 226 58
-71 226 59
-71 226 60
-71 226 61
-71 226 62
-71 226 63
-71 227 52
-71 227 53
-71 227 57
-71 227 58
-71 227 59
-71 227 60
-71 227 61
-71 227 62
-71 227 63
-71 228 49
-71 228 50
-71 228 51
-71 228 52
-71 228 53
-71 228 54
-71 228 56
-71 228 57
-71 228 58
-71 228 59
-71 228 60
-71 228 61
-71 228 62
-71 228 63
-71 229 48
-71 229 49
-71 229 50
-71 229 51
-71 229 52
-71 229 53
-71 229 54
-71 229 56
-71 229 57
-71 229 58
-71 229 59
-71 229 60
-71 229 61
-71 229 62
-71 229 63
-71 230 48
-71 230 49
-71 230 50
-71 230 51
-71 230 52
-71 230 53
-71 230 54
-71 230 55
-71 230 56
-71 230 57
-71 230 58
-71 230 59
-71 230 60
-71 230 61
-71 230 62
-71 230 63
-71 231 48
-71 231 49
-71 231 50
-71 231 51
-71 231 52
-71 231 53
-71 231 54
-71 231 55
-71 231 56
-71 231 57
-71 231 58
-71 231 59
-71 231 60
-71 231 61
-71 231 62
-71 231 63
-71 232 48
-71 232 49
-71 232 50
-71 232 51
-71 232 52
-71 232 53
-71 232 54
-71 232 55
-71 232 56
-71 232 57
-71 232 58
-71 232 59
-71 232 60
-71 232 61
-71 232 62
-71 232 63
-71 233 48
-71 233 49
-71 233 50
-71 233 51
-71 233 52
-71 233 53
-71 233 54
-71 233 55
-71 233 56
-71 233 57
-71 233 58
-71 233 59
-71 233 60
-71 233 61
-71 233 62
-71 233 63
-71 234 48
-71 234 49
-71 234 50
-71 234 51
-71 234 52
-71 234 53
-71 234 54
-71 234 55
-71 234 56
-71 234 57
-71 234 58
-71 234 59
-71 234 60
-71 234 61
-71 234 62
-71 234 63
-71 235 48
-71 235 49
-71 235 50
-71 235 51
-71 235 52
-71 235 53
-71 235 54
-71 235 55
-71 235 56
-71 235 57
-71 235 58
-71 235 59
-71 235 60
-71 235 61
-71 235 62
-71 235 63
-71 236 48
-71 236 49
-71 236 50
-71 236 51
-71 236 52
-71 236 53
-71 236 54
-71 236 55
-71 236 56
-71 236 57
-71 236 58
-71 236 59
-71 236 60
-71 236 61
-71 236 62
-71 236 63
-71 237 48
-71 237 49
-71 237 50
-71 237 51
-71 237 52
-71 237 53
-71 237 54
-71 237 55
-71 237 56
-71 237 57
-71 237 58
-71 237 59
-71 237 60
-71 237 61
-71 237 62
-71 237 63
-71 238 48
-71 238 49
-71 238 50
-71 238 51
-71 238 52
-71 238 53
-71 238 54
-71 238 55
-71 238 56
-71 238 57
-71 238 58
-71 238 59
-71 238 60
-71 238 61
-71 238 62
-71 238 63
-71 239 48
-71 239 49
-71 239 50
-71 239 51
-71 239 52
-71 239 53
-71 239 54
-71 239 55
-71 239 56
-71 239 57
-71 239 58
-71 239 59
-71 239 60
-71 239 61
-71 239 62
-71 239 63
-71 240 48
-71 240 49
-71 240 50
-71 240 51
-71 240 52
-71 240 53
-71 240 54
-71 240 55
-71 240 56
-71 240 57
-71 240 58
-71 240 59
-71 240 60
-71 240 61
-71 240 62
-71 240 63
-71 241 48
-71 241 49
-71 241 50
-71 241 51
-71 241 52
-71 241 53
-71 241 54
-71 241 55
-71 241 56
-71 241 57
-71 241 58
-71 241 59
-71 241 60
-71 241 61
-71 241 62
-71 241 63
-71 242 48
-71 242 49
-71 242 50
-71 242 51
-71 242 52
-71 242 53
-71 242 54
-71 242 55
-71 242 56
-71 242 57
-71 242 58
-71 242 59
-71 242 60
-71 242 61
-71 242 62
-71 242 63
-71 243 48
-71 243 49
-71 243 50
-71 243 51
-71 243 52
-71 243 53
-71 243 54
-71 243 55
-71 243 56
-71 243 57
-71 243 58
-71 243 59
-71 243 60
-71 243 61
-71 243 62
-71 243 63
-71 244 48
-71 244 49
-71 244 50
-71 244 51
-71 244 52
-71 244 53
-71 244 54
-71 244 56
-71 244 57
-71 244 58
-71 244 59
-71 244 60
-71 244 61
-71 244 62
-71 244 63
-71 245 48
-71 245 49
-71 245 50
-71 245 51
-71 245 52
-71 245 53
-71 245 54
-71 245 55
-71 245 56
-71 245 57
-71 245 58
-71 245 59
-71 245 60
-71 245 61
-71 245 62
-71 245 63
-71 246 48
-71 246 49
-71 246 50
-71 246 51
-71 246 52
-71 246 53
-71 246 54
-71 246 55
-71 246 56
-71 246 57
-71 246 58
-71 246 59
-71 246 60
-71 246 61
-71 246 62
-71 246 63
-71 247 49
-71 247 50
-71 247 51
-71 247 52
-71 247 53
-71 247 54
-71 247 55
-71 247 56
-71 247 57
-71 247 58
-71 247 59
-71 247 60
-71 247 61
-71 248 48
-71 248 49
-71 248 52
-71 248 53
-71 248 54
-71 248 55
-71 248 56
-71 248 57
-71 248 58
-71 248 59
-71 249 49
-71 249 51
-71 249 52
-71 249 53
-71 249 54
-71 249 55
-71 249 56
-71 249 59
-71 250 51
-71 250 52
-71 250 53
-71 250 54
-71 250 55
-71 250 56
-71 250 57
-71 251 52
-71 251 53
-71 251 54
-71 251 56
-71 252 55
-71 252 56
-70 225 59
-70 225 60
-70 225 61
-70 225 62
-70 225 63
-70 226 58
-70 226 59
-70 226 60
-70 226 61
-70 226 62
-70 226 63
-70 227 49
-70 227 51
-70 227 58
-70 227 59
-70 227 60
-70 227 61
-70 227 62
-70 227 63
-70 228 48
-70 228 49
-70 228 50
-70 228 51
-70 228 52
-70 228 54
-70 228 55
-70 228 57
-70 228 58
-70 228 59
-70 228 60
-70 228 61
-70 228 62
-70 228 63
-70 229 49
-70 229 50
-70 229 51
-70 229 52
-70 229 53
-70 229 54
-70 229 55
-70 229 56
-70 229 57
-70 229 58
-70 229 59
-70 229 60
-70 229 61
-70 229 62
-70 229 63
-70 230 48
-70 230 49
-70 230 50
-70 230 51
-70 230 52
-70 230 53
-70 230 54
-70 230 55
-70 230 56
-70 230 57
-70 230 58
-70 230 59
-70 230 60
-70 230 61
-70 230 62
-70 230 63
-70 231 48
-70 231 49
-70 231 50
-70 231 51
-70 231 52
-70 231 53
-70 231 54
-70 231 55
-70 231 56
-70 231 57
-70 231 58
-70 231 59
-70 231 60
-70 231 61
-70 231 63
-70 232 48
-70 232 49
-70 232 50
-70 232 51
-70 232 52
-70 232 53
-70 232 54
-70 232 55
-70 232 56
-70 232 57
-70 232 58
-70 232 59
-70 232 60
-70 232 61
-70 232 62
-70 232 63
-70 233 48
-70 233 49
-70 233 50
-70 233 51
-70 233 52
-70 233 53
-70 233 54
-70 233 55
-70 233 56
-70 233 57
-70 233 58
-70 233 59
-70 233 60
-70 233 61
-70 233 62
-70 233 63
-70 234 48
-70 234 49
-70 234 50
-70 234 51
-70 234 52
-70 234 53
-70 234 54
-70 234 55
-70 234 56
-70 234 57
-70 234 58
-70 234 59
-70 234 60
-70 234 61
-70 234 62
-70 234 63
-70 235 48
-70 235 49
-70 235 50
-70 235 51
-70 235 52
-70 235 53
-70 235 54
-70 235 55
-70 235 56
-70 235 57
-70 235 58
-70 235 59
-70 235 60
-70 235 61
-70 235 62
-70 235 63
-70 236 48
-70 236 49
-70 236 50
-70 236 51
-70 236 52
-70 236 53
-70 236 54
-70 236 55
-70 236 56
-70 236 57
-70 236 58
-70 236 59
-70 236 60
-70 236 61
-70 236 62
-70 236 63
-70 237 48
-70 237 49
-70 237 50
-70 237 51
-70 237 52
-70 237 53
-70 237 54
-70 237 55
-70 237 56
-70 237 57
-70 237 58
-70 237 59
-70 237 60
-70 237 61
-70 237 62
-70 237 63
-70 238 48
-70 238 49
-70 238 50
-70 238 51
-70 238 52
-70 238 53
-70 238 54
-70 238 55
-70 238 56
-70 238 57
-70 238 58
-70 238 59
-70 238 60
-70 238 61
-70 238 62
-70 238 63
-70 239 48
-70 239 49
-70 239 50
-70 239 51
-70 239 52
-70 239 53
-70 239 54
-70 239 55
-70 239 56
-70 239 57
-70 239 58
-70 239 59
-70 239 60
-70 239 61
-70 239 62
-70 239 63
-70 240 48
-70 240 49
-70 240 50
-70 240 51
-70 240 52
-70 240 53
-70 240 54
-70 240 55
-70 240 56
-70 240 57
-70 240 58
-70 240 59
-70 240 60
-70 240 61
-70 240 62
-70 240 63
-70 241 48
-70 241 49
-70 241 50
-70 241 51
-70 241 52
-70 241 53
-70 241 54
-70 241 55
-70 241 56
-70 241 57
-70 241 58
-70 241 59
-70 241 60
-70 241 61
-70 241 62
-70 241 63
-70 242 48
-70 242 49
-70 242 50
-70 242 51
-70 242 52
-70 242 53
-70 242 54
-70 242 55
-70 242 56
-70 242 57
-70 242 58
-70 242 59
-70 242 60
-70 242 61
-70 242 62
-70 242 63
-70 243 48
-70 243 49
-70 243 50
-70 243 51
-70 243 52
-70 243 53
-70 243 54
-70 243 55
-70 243 56
-70 243 57
-70 243 58
-70 243 59
-70 243 60
-70 243 61
-70 243 62
-70 243 63
-70 244 48
-70 244 49
-70 244 50
-70 244 51
-70 244 52
-70 244 53
-70 244 54
-70 244 55
-70 244 56
-70 244 57
-70 244 58
-70 244 59
-70 244 60
-70 244 61
-70 244 62
-70 244 63
-70 245 48
-70 245 49
-70 245 50
-70 245 51
-70 245 52
-70 245 53
-70 245 54
-70 245 55
-70 245 56
-70 245 57
-70 245 58
-70 245 59
-70 245 60
-70 245 62
-70 245 63
-70 246 48
-70 246 49
-70 246 50
-70 246 51
-70 246 52
-70 246 53
-70 246 54
-70 246 55
-70 246 56
-70 246 57
-70 246 58
-70 246 59
-70 246 60
-70 246 61
-70 246 62
-70 246 63
-70 247 48
-70 247 49
-70 247 50
-70 247 51
-70 247 52
-70 247 53
-70 247 54
-70 247 55
-70 247 56
-70 247 57
-70 247 58
-70 247 60
-70 247 61
-70 248 48
-70 248 49
-70 248 51
-70 248 52
-70 248 53
-70 248 54
-70 248 55
-70 248 56
-70 248 57
-70 248 58
-70 248 60
-70 249 49
-70 249 50
-70 249 51
-70 249 52
-70 249 53
-70 249 54
-70 249 55
-70 249 56
-70 249 57
-70 250 50
-70 250 51
-70 250 52
-70 250 53
-70 250 54
-70 250 55
-70 250 56
-70 251 51
-70 251 54
-70 251 55
-70 251 56
-70 251 57
-70 252 54
-70 252 55
-70 252 56
-70 252 57
-70 253 54
-69 225 58
-69 225 60
-69 225 61
-69 225 62
-69 225 63
-69 226 48
-69 226 49
-69 226 57
-69 226 58
-69 226 59
-69 226 60
-69 226 61
-69 226 62
-69 226 63
-69 227 49
-69 227 50
-69 227 51
-69 227 52
-69 227 59
-69 227 60
-69 227 61
-69 227 62
-69 227 63
-69 228 48
-69 228 49
-69 228 50
-69 228 51
-69 228 52
-69 228 54
-69 228 55
-69 228 56
-69 228 57
-69 228 58
-69 228 59
-69 228 60
-69 228 61
-69 228 62
-69 228 63
-69 229 48
-69 229 49
-69 229 50
-69 229 51
-69 229 52
-69 229 53
-69 229 54
-69 229 55
-69 229 56
-69 229 57
-69 229 58
-69 229 60
-69 229 61
-69 229 62
-69 229 63
-69 230 48
-69 230 49
-69 230 50
-69 230 51
-69 230 52
-69 230 53
-69 230 54
-69 230 55
-69 230 56
-69 230 57
-69 230 58
-69 230 59
-69 230 60
-69 230 61
-69 230 62
-69 230 63
-69 231 48
-69 231 49
-69 231 50
-69 231 51
-69 231 52
-69 231 53
-69 231 54
-69 231 55
-69 231 56
-69 231 57
-69 231 58
-69 231 59
-69 231 60
-69 231 61
-69 231 62
-69 231 63
-69 232 48
-69 232 49
-69 232 50
-69 232 51
-69 232 52
-69 232 53
-69 232 54
-69 232 55
-69 232 56
-69 232 57
-69 232 58
-69 232 59
-69 232 60
-69 232 61
-69 232 62
-69 232 63
-69 233 48
-69 233 49
-69 233 50
-69 233 51
-69 233 52
-69 233 53
-69 233 54
-69 233 55
-69 233 56
-69 233 57
-69 233 58
-69 233 59
-69 233 60
-69 233 61
-69 233 62
-69 233 63
-69 234 48
-69 234 49
-69 234 50
-69 234 51
-69 234 52
-69 234 53
-69 234 54
-69 234 55
-69 234 56
-69 234 57
-69 234 58
-69 234 59
-69 234 60
-69 234 61
-69 234 62
-69 234 63
-69 235 48
-69 235 49
-69 235 50
-69 235 51
-69 235 52
-69 235 53
-69 235 54
-69 235 55
-69 235 56
-69 235 57
-69 235 58
-69 235 59
-69 235 60
-69 235 61
-69 235 62
-69 235 63
-69 236 48
-69 236 49
-69 236 50
-69 236 51
-69 236 52
-69 236 53
-69 236 54
-69 236 55
-69 236 56
-69 236 57
-69 236 58
-69 236 59
-69 236 60
-69 236 61
-69 236 62
-69 236 63
-69 237 48
-69 237 49
-69 237 50
-69 237 51
-69 237 52
-69 237 53
-69 237 54
-69 237 55
-69 237 56
-69 237 57
-69 237 58
-69 237 59
-69 237 60
-69 237 61
-69 237 62
-69 237 63
-69 238 48
-69 238 49
-69 238 50
-69 238 51
-69 238 52
-69 238 53
-69 238 54
-69 238 55
-69 238 56
-69 238 57
-69 238 58
-69 238 59
-69 238 60
-69 238 61
-69 238 62
-69 238 63
-69 239 48
-69 239 49
-69 239 50
-69 239 51
-69 239 52
-69 239 53
-69 239 54
-69 239 55
-69 239 56
-69 239 57
-69 239 58
-69 239 59
-69 239 60
-69 239 61
-69 239 62
-69 239 63
-69 240 48
-69 240 49
-69 240 50
-69 240 51
-69 240 52
-69 240 53
-69 240 54
-69 240 55
-69 240 56
-69 240 57
-69 240 58
-69 240 59
-69 240 60
-69 240 61
-69 240 62
-69 240 63
-69 241 48
-69 241 49
-69 241 50
-69 241 51
-69 241 52
-69 241 53
-69 241 54
-69 241 55
-69 241 56
-69 241 57
-69 241 58
-69 241 59
-69 241 60
-69 241 61
-69 241 62
-69 241 63
-69 242 48
-69 242 49
-69 242 50
-69 242 51
-69 242 52
-69 242 53
-69 242 54
-69 242 55
-69 242 56
-69 242 57
-69 242 58
-69 242 59
-69 242 60
-69 242 61
-69 242 62
-69 242 63
-69 243 48
-69 243 49
-69 243 50
-69 243 51
-69 243 52
-69 243 53
-69 243 54
-69 243 55
-69 243 56
-69 243 57
-69 243 58
-69 243 59
-69 243 60
-69 243 61
-69 243 62
-69 243 63
-69 244 48
-69 244 49
-69 244 50
-69 244 51
-69 244 52
-69 244 53
-69 244 54
-69 244 55
-69 244 56
-69 244 57
-69 244 58
-69 244 59
-69 244 60
-69 244 61
-69 244 62
-69 244 63
-69 245 48
-69 245 49
-69 245 51
-69 245 52
-69 245 53
-69 245 54
-69 245 55
-69 245 56
-69 245 57
-69 245 58
-69 245 59
-69 245 60
-69 245 61
-69 245 62
-69 245 63
-69 246 48
-69 246 49
-69 246 50
-69 246 51
-69 246 52
-69 246 53
-69 246 54
-69 246 55
-69 246 56
-69 246 57
-69 246 58
-69 246 59
-69 246 60
-69 246 61
-69 246 62
-69 246 63
-69 247 48
-69 247 49
-69 247 50
-69 247 51
-69 247 52
-69 247 53
-69 247 54
-69 247 55
-69 247 56
-69 247 57
-69 247 58
-69 247 59
-69 247 60
-69 247 62
-69 247 63
-69 248 48
-69 248 49
-69 248 50
-69 248 51
-69 248 52
-69 248 53
-69 248 54
-69 248 55
-69 248 56
-69 248 57
-69 248 58
-69 248 59
-69 248 60
-69 248 61
-69 249 48
-69 249 49
-69 249 50
-69 249 51
-69 249 52
-69 249 53
-69 249 54
-69 249 55
-69 249 56
-69 249 57
-69 249 58
-69 249 59
-69 250 49
-69 250 50
-69 250 51
-69 250 52
-69 250 53
-69 250 54
-69 250 55
-69 250 56
-69 250 58
-69 251 51
-69 251 52
-69 251 53
-69 251 54
-69 251 55
-69 251 56
-69 252 54
-69 252 55
-69 252 56
-69 253 54
-69 253 55
-69 253 56
-69 253 57
-69 254 54
-68 225 57
-68 225 58
-68 225 59
-68 225 61
-68 225 62
-68 225 63
-68 226 48
-68 226 49
-68 226 50
-68 226 51
-68 226 52
-68 226 58
-68 226 59
-68 226 60
-68 226 61
-68 226 62
-68 226 63
-68 227 48
-68 227 49
-68 227 50
-68 227 51
-68 227 52
-68 227 54
-68 227 57
-68 227 58
-68 227 59
-68 227 60
-68 227 61
-68 227 62
-68 227 63
-68 228 48
-68 228 49
-68 228 50
-68 228 51
-68 228 52
-68 228 53
-68 228 54
-68 228 58
-68 228 59
-68 228 60
-68 228 61
-68 228 62
-68 228 63
-68 229 48
-68 229 49
-68 229 50
-68 229 51
-68 229 52
-68 229 53
-68 229 56
-68 229 57
-68 229 58
-68 229 59
-68 229 60
-68 229 61
-68 229 62
-68 229 63
-68 230 48
-68 230 49
-68 230 50
-68 230 51
-68 230 52
-68 230 53
-68 230 54
-68 230 55
-68 230 56
-68 230 57
-68 230 58
-68 230 59
-68 230 60
-68 230 61
-68 230 62
-68 230 63
-68 231 48
-68 231 49
-68 231 50
-68 231 51
-68 231 52
-68 231 53
-68 231 54
-68 231 55
-68 231 56
-68 231 57
-68 231 58
-68 231 59
-68 231 60
-68 231 61
-68 231 62
-68 231 63
-68 232 48
-68 232 49
-68 232 50
-68 232 51
-68 232 52
-68 232 53
-68 232 54
-68 232 55
-68 232 56
-68 232 57
-68 232 58
-68 232 59
-68 232 60
-68 232 61
-68 232 62
-68 232 63
-68 233 48
-68 233 49
-68 233 50
-68 233 51
-68 233 52
-68 233 53
-68 233 54
-68 233 55
-68 233 56
-68 233 57
-68 233 58
-68 233 59
-68 233 60
-68 233 61
-68 233 62
-68 233 63
-68 234 48
-68 234 49
-68 234 50
-68 234 51
-68 234 52
-68 234 53
-68 234 54
-68 234 55
-68 234 56
-68 234 57
-68 234 58
-68 234 59
-68 234 60
-68 234 61
-68 234 62
-68 234 63
-68 235 48
-68 235 49
-68 235 50
-68 235 51
-68 235 52
-68 235 53
-68 235 54
-68 235 55
-68 235 56
-68 235 57
-68 235 58
-68 235 59
-68 235 60
-68 235 61
-68 235 62
-68 235 63
-68 236 48
-68 236 49
-68 236 50
-68 236 51
-68 236 52
-68 236 53
-68 236 54
-68 236 55
-68 236 56
-68 236 57
-68 236 58
-68 236 59
-68 236 60
-68 236 61
-68 236 62
-68 236 63
-68 237 48
-68 237 49
-68 237 50
-68 237 51
-68 237 52
-68 237 53
-68 237 54
-68 237 55
-68 237 56
-68 237 57
-68 237 58
-68 237 59
-68 237 60
-68 237 61
-68 237 62
-68 237 63
-68 238 48
-68 238 49
-68 238 50
-68 238 51
-68 238 52
-68 238 53
-68 238 54
-68 238 55
-68 238 56
-68 238 57
-68 238 58
-68 238 59
-68 238 60
-68 238 61
-68 238 62
-68 238 63
-68 239 48
-68 239 49
-68 239 50
-68 239 51
-68 239 52
-68 239 53
-68 239 54
-68 239 55
-68 239 56
-68 239 57
-68 239 58
-68 239 59
-68 239 60
-68 239 61
-68 239 62
-68 239 63
-68 240 48
-68 240 49
-68 240 50
-68 240 51
-68 240 52
-68 240 53
-68 240 54
-68 240 55
-68 240 56
-68 240 57
-68 240 58
-68 240 59
-68 240 60
-68 240 61
-68 240 62
-68 240 63
-68 241 48
-68 241 49
-68 241 50
-68 241 51
-68 241 52
-68 241 53
-68 241 54
-68 241 55
-68 241 56
-68 241 57
-68 241 58
-68 241 59
-68 241 60
-68 241 61
-68 241 62
-68 241 63
-68 242 48
-68 242 49
-68 242 50
-68 242 51
-68 242 52
-68 242 53
-68 242 54
-68 242 55
-68 242 56
-68 242 57
-68 242 58
-68 242 59
-68 242 60
-68 242 61
-68 242 62
-68 242 63
-68 243 48
-68 243 49
-68 243 50
-68 243 51
-68 243 52
-68 243 53
-68 243 54
-68 243 55
-68 243 56
-68 243 57
-68 243 58
-68 243 59
-68 243 60
-68 243 61
-68 243 62
-68 243 63
-68 244 48
-68 244 49
-68 244 50
-68 244 51
-68 244 52
-68 244 53
-68 244 54
-68 244 55
-68 244 56
-68 244 57
-68 244 58
-68 244 59
-68 244 60
-68 244 61
-68 244 62
-68 244 63
-68 245 48
-68 245 49
-68 245 50
-68 245 51
-68 245 52
-68 245 53
-68 245 54
-68 245 55
-68 245 56
-68 245 57
-68 245 58
-68 245 59
-68 245 60
-68 245 61
-68 245 62
-68 245 63
-68 246 48
-68 246 49
-68 246 50
-68 246 51
-68 246 52
-68 246 53
-68 246 54
-68 246 55
-68 246 56
-68 246 57
-68 246 58
-68 246 59
-68 246 60
-68 246 62
-68 246 63
-68 247 48
-68 247 49
-68 247 50
-68 247 51
-68 247 52
-68 247 53
-68 247 54
-68 247 55
-68 247 56
-68 247 57
-68 247 58
-68 247 59
-68 247 60
-68 247 61
-68 247 62
-68 247 63
-68 248 48
-68 248 49
-68 248 50
-68 248 51
-68 248 52
-68 248 53
-68 248 54
-68 248 55
-68 248 56
-68 248 57
-68 248 58
-68 248 59
-68 248 60
-68 248 61
-68 248 62
-68 248 63
-68 249 49
-68 249 50
-68 249 51
-68 249 53
-68 249 54
-68 249 55
-68 249 56
-68 249 58
-68 249 59
-68 249 61
-68 250 50
-68 250 51
-68 250 52
-68 250 53
-68 250 54
-68 250 55
-68 250 56
-68 250 57
-68 250 58
-68 250 59
-68 251 50
-68 251 51
-68 251 52
-68 251 53
-68 251 54
-68 251 55
-68 251 56
-68 252 52
-68 252 53
-68 252 55
-68 252 56
-68 253 55
-67 225 58
-67 225 59
-67 225 60
-67 225 61
-67 225 62
-67 225 63
-67 226 50
-67 226 58
-67 226 59
-67 226 60
-67 226 61
-67 226 62
-67 226 63
-67 227 49
-67 227 50
-67 227 51
-67 227 52
-67 227 53
-67 227 58
-67 227 59
-67 227 60
-67 227 61
-67 227 62
-67 227 63
-67 228 48
-67 228 49
-67 228 50
-67 228 51
-67 228 52
-67 228 54
-67 228 56
-67 228 57
-67 228 58
-67 228 59
-67 228 60
-67 228 61
-67 228 62
-67 228 63
-67 229 48
-67 229 49
-67 229 50
-67 229 51
-67 229 52
-67 229 56
-67 229 57
-67 229 58
-67 229 59
-67 229 60
-67 229 61
-67 229 62
-67 229 63
-67 230 48
-67 230 49
-67 230 50
-67 230 51
-67 230 52
-67 230 53
-67 230 54
-67 230 55
-67 230 57
-67 230 58
-67 230 59
-67 230 60
-67 230 61
-67 230 62
-67 230 63
-67 231 48
-67 231 49
-67 231 50
-67 231 51
-67 231 52
-67 231 53
-67 231 54
-67 231 55
-67 231 56
-67 231 57
-67 231 58
-67 231 59
-67 231 60
-67 231 61
-67 231 62
-67 231 63
-67 232 48
-67 232 49
-67 232 50
-67 232 51
-67 232 52
-67 232 53
-67 232 54
-67 232 55
-67 232 56
-67 232 57
-67 232 58
-67 232 59
-67 232 60
-67 232 61
-67 232 62
-67 232 63
-67 233 48
-67 233 49
-67 233 50
-67 233 51
-67 233 52
-67 233 53
-67 233 54
-67 233 55
-67 233 56
-67 233 57
-67 233 58
-67 233 59
-67 233 60
-67 233 61
-67 233 62
-67 233 63
-67 234 48
-67 234 49
-67 234 50
-67 234 51
-67 234 52
-67 234 53
-67 234 54
-67 234 55
-67 234 56
-67 234 57
-67 234 58
-67 234 59
-67 234 60
-67 234 61
-67 234 62
-67 234 63
-67 235 48
-67 235 49
-67 235 50
-67 235 51
-67 235 52
-67 235 53
-67 235 54
-67 235 55
-67 235 56
-67 235 57
-67 235 58
-67 235 59
-67 235 60
-67 235 61
-67 235 62
-67 235 63
-67 236 48
-67 236 49
-67 236 50
-67 236 51
-67 236 52
-67 236 53
-67 236 54
-67 236 55
-67 236 56
-67 236 57
-67 236 58
-67 236 59
-67 236 60
-67 236 61
-67 236 62
-67 236 63
-67 237 48
-67 237 49
-67 237 50
-67 237 51
-67 237 52
-67 237 53
-67 237 54
-67 237 55
-67 237 56
-67 237 57
-67 237 58
-67 237 59
-67 237 61
-67 237 62
-67 237 63
-67 238 48
-67 238 49
-67 238 50
-67 238 51
-67 238 52
-67 238 53
-67 238 54
-67 238 55
-67 238 56
-67 238 57
-67 238 58
-67 238 60
-67 238 61
-67 238 62
-67 238 63
-67 239 48
-67 239 49
-67 239 50
-67 239 51
-67 239 52
-67 239 53
-67 239 54
-67 239 55
-67 239 56
-67 239 57
-67 239 58
-67 239 59
-67 239 60
-67 239 61
-67 239 62
-67 239 63
-67 240 48
-67 240 49
-67 240 50
-67 240 51
-67 240 52
-67 240 53
-67 240 54
-67 240 55
-67 240 56
-67 240 57
-67 240 58
-67 240 59
-67 240 60
-67 240 61
-67 240 62
-67 240 63
-67 241 48
-67 241 49
-67 241 50
-67 241 51
-67 241 52
-67 241 53
-67 241 54
-67 241 55
-67 241 56
-67 241 57
-67 241 58
-67 241 59
-67 241 60
-67 241 61
-67 241 62
-67 241 63
-67 242 48
-67 242 49
-67 242 50
-67 242 51
-67 242 52
-67 242 53
-67 242 54
-67 242 55
-67 242 56
-67 242 57
-67 242 58
-67 242 59
-67 242 60
-67 242 61
-67 242 62
-67 242 63
-67 243 48
-67 243 49
-67 243 50
-67 243 51
-67 243 52
-67 243 53
-67 243 54
-67 243 55
-67 243 56
-67 243 57
-67 243 58
-67 243 59
-67 243 60
-67 243 61
-67 243 62
-67 243 63
-67 244 48
-67 244 49
-67 244 50
-67 244 51
-67 244 52
-67 244 53
-67 244 54
-67 244 55
-67 244 56
-67 244 57
-67 244 58
-67 244 59
-67 244 60
-67 244 61
-67 244 62
-67 244 63
-67 245 48
-67 245 49
-67 245 50
-67 245 51
-67 245 52
-67 245 53
-67 245 54
-67 245 55
-67 245 56
-67 245 57
-67 245 58
-67 245 59
-67 245 60
-67 245 61
-67 245 62
-67 245 63
-67 246 48
-67 246 49
-67 246 50
-67 246 51
-67 246 52
-67 246 53
-67 246 54
-67 246 55
-67 246 56
-67 246 57
-67 246 58
-67 246 59
-67 246 60
-67 246 61
-67 246 62
-67 246 63
-67 247 48
-67 247 49
-67 247 50
-67 247 51
-67 247 52
-67 247 53
-67 247 54
-67 247 55
-67 247 56
-67 247 57
-67 247 58
-67 247 59
-67 247 60
-67 247 61
-67 247 62
-67 247 63
-67 248 48
-67 248 49
-67 248 50
-67 248 51
-67 248 52
-67 248 53
-67 248 54
-67 248 55
-67 248 56
-67 248 57
-67 248 58
-67 248 59
-67 248 62
-67 248 63
-67 249 48
-67 249 49
-67 249 50
-67 249 51
-67 249 52
-67 249 53
-67 249 54
-67 249 55
-67 249 56
-67 249 57
-67 249 59
-67 249 62
-67 250 50
-67 250 51
-67 250 52
-67 250 53
-67 250 54
-67 250 55
-67 250 56
-67 250 57
-67 250 58
-67 251 51
-67 251 52
-67 251 53
-67 251 54
-67 251 56
-67 251 57
-67 252 51
-67 252 52
-67 252 53
-67 252 54
-67 252 55
-67 252 56
-67 253 52
-67 253 55
-67 254 55
-66 225 59
-66 225 60
-66 225 61
-66 225 62
-66 225 63
-66 226 59
-66 226 60
-66 226 61
-66 226 62
-66 226 63
-66 227 50
-66 227 52
-66 227 58
-66 227 59
-66 227 60
-66 227 61
-66 227 62
-66 227 63
-66 228 48
-66 228 49
-66 228 50
-66 228 52
-66 228 57
-66 228 58
-66 228 59
-66 228 60
-66 228 61
-66 228 62
-66 228 63
-66 229 48
-66 229 49
-66 229 50
-66 229 51
-66 229 52
-66 229 53
-66 229 56
-66 229 57
-66 229 58
-66 229 59
-66 229 60
-66 229 61
-66 229 62
-66 229 63
-66 230 48
-66 230 49
-66 230 50
-66 230 51
-66 230 52
-66 230 54
-66 230 55
-66 230 56
-66 230 57
-66 230 58
-66 230 59
-66 230 60
-66 230 61
-66 230 62
-66 230 63
-66 231 48
-66 231 49
-66 231 50
-66 231 51
-66 231 52
-66 231 53
-66 231 54
-66 231 55
-66 231 56
-66 231 57
-66 231 58
-66 231 59
-66 231 60
-66 231 61
-66 231 62
-66 231 63
-66 232 48
-66 232 49
-66 232 50
-66 232 51
-66 232 53
-66 232 54
-66 232 55
-66 232 56
-66 232 57
-66 232 58
-66 232 59
-66 232 60
-66 232 61
-66 232 62
-66 232 63
-66 233 48
-66 233 49
-66 233 51
-66 233 53
-66 233 54
-66 233 55
-66 233 56
-66 233 57
-66 233 58
-66 233 59
-66 233 60
-66 233 61
-66 233 62
-66 233 63
-66 234 48
-66 234 49
-66 234 50
-66 234 51
-66 234 52
-66 234 53
-66 234 54
-66 234 55
-66 234 56
-66 234 57
-66 234 58
-66 234 59
-66 234 60
-66 234 62
-66 234 63
-66 235 48
-66 235 49
-66 235 50
-66 235 51
-66 235 52
-66 235 53
-66 235 54
-66 235 55
-66 235 56
-66 235 57
-66 235 58
-66 235 59
-66 235 60
-66 235 61
-66 235 62
-66 235 63
-66 236 48
-66 236 49
-66 236 50
-66 236 51
-66 236 52
-66 236 53
-66 236 54
-66 236 55
-66 236 56
-66 236 57
-66 236 58
-66 236 59
-66 236 60
-66 236 61
-66 236 62
-66 236 63
-66 237 48
-66 237 49
-66 237 50
-66 237 51
-66 237 52
-66 237 53
-66 237 54
-66 237 55
-66 237 56
-66 237 57
-66 237 58
-66 237 59
-66 237 60
-66 237 61
-66 237 62
-66 237 63
-66 238 48
-66 238 49
-66 238 50
-66 238 51
-66 238 52
-66 238 53
-66 238 54
-66 238 55
-66 238 57
-66 238 58
-66 238 60
-66 238 61
-66 238 62
-66 238 63
-66 239 48
-66 239 49
-66 239 50
-66 239 51
-66 239 52
-66 239 53
-66 239 54
-66 239 55
-66 239 56
-66 239 57
-66 239 58
-66 239 59
-66 239 60
-66 239 62
-66 239 63
-66 240 48
-66 240 49
-66 240 50
-66 240 51
-66 240 52
-66 240 53
-66 240 54
-66 240 55
-66 240 56
-66 240 57
-66 240 58
-66 240 59
-66 240 60
-66 240 61
-66 240 62
-66 240 63
-66 241 48
-66 241 49
-66 241 50
-66 241 51
-66 241 52
-66 241 53
-66 241 54
-66 241 55
-66 241 56
-66 241 57
-66 241 58
-66 241 59
-66 241 61
-66 241 62
-66 241 63
-66 242 48
-66 242 49
-66 242 50
-66 242 51
-66 242 52
-66 242 53
-66 242 54
-66 242 55
-66 242 56
-66 242 57
-66 242 58
-66 242 59
-66 242 60
-66 242 61
-66 242 62
-66 242 63
-66 243 48
-66 243 49
-66 243 50
-66 243 51
-66 243 52
-66 243 53
-66 243 54
-66 243 55
-66 243 56
-66 243 57
-66 243 58
-66 243 59
-66 243 60
-66 243 61
-66 243 62
-66 243 63
-66 244 48
-66 244 49
-66 244 50
-66 244 51
-66 244 52
-66 244 53
-66 244 54
-66 244 55
-66 244 56
-66 244 57
-66 244 58
-66 244 59
-66 244 60
-66 244 61
-66 244 62
-66 244 63
-66 245 48
-66 245 49
-66 245 50
-66 245 51
-66 245 52
-66 245 53
-66 245 54
-66 245 55
-66 245 56
-66 245 57
-66 245 58
-66 245 59
-66 245 60
-66 245 61
-66 245 62
-66 245 63
-66 246 48
-66 246 49
-66 246 50
-66 246 51
-66 246 52
-66 246 53
-66 246 54
-66 246 55
-66 246 56
-66 246 57
-66 246 58
-66 246 59
-66 246 60
-66 246 61
-66 246 62
-66 246 63
-66 247 48
-66 247 49
-66 247 50
-66 247 51
-66 247 52
-66 247 53
-66 247 54
-66 247 55
-66 247 56
-66 247 57
-66 247 59
-66 247 60
-66 247 61
-66 247 62
-66 247 63
-66 248 48
-66 248 50
-66 248 51
-66 248 52
-66 248 53
-66 248 54
-66 248 55
-66 248 56
-66 248 57
-66 248 58
-66 248 59
-66 248 60
-66 248 61
-66 248 62
-66 248 63
-66 249 48
-66 249 49
-66 249 50
-66 249 51
-66 249 52
-66 249 53
-66 249 54
-66 249 55
-66 249 56
-66 249 57
-66 249 58
-66 249 62
-66 249 63
-66 250 48
-66 250 49
-66 250 50
-66 250 51
-66 250 52
-66 250 53
-66 250 55
-66 250 56
-66 250 57
-66 250 58
-66 250 62
-66 251 48
-66 251 51
-66 251 52
-66 251 53
-66 251 54
-66 251 55
-66 251 56
-66 251 57
-66 251 58
-66 252 53
-66 252 54
-66 252 55
-66 252 56
-66 253 55
-66 253 56
-65 225 59
-65 225 60
-65 225 61
-65 225 62
-65 225 63
-65 226 59
-65 226 60
-65 226 61
-65 226 62
-65 226 63
-65 227 56
-65 227 57
-65 227 58
-65 227 60
-65 227 61
-65 227 62
-65 227 63
-65 228 49
-65 228 56
-65 228 58
-65 228 59
-65 228 60
-65 228 61
-65 228 62
-65 228 63
-65 229 48
-65 229 51
-65 229 52
-65 229 54
-65 229 55
-65 229 56
-65 229 57
-65 229 58
-65 229 59
-65 229 60
-65 229 61
-65 229 62
-65 229 63
-65 230 48
-65 230 49
-65 230 50
-65 230 51
-65 230 52
-65 230 53
-65 230 54
-65 230 56
-65 230 57
-65 230 58
-65 230 59
-65 230 60
-65 230 61
-65 230 62
-65 230 63
-65 231 48
-65 231 49
-65 231 50
-65 231 51
-65 231 52
-65 231 53
-65 231 54
-65 231 55
-65 231 56
-65 231 57
-65 231 58
-65 231 59
-65 231 60
-65 231 61
-65 231 62
-65 231 63
-65 232 48
-65 232 49
-65 232 50
-65 232 51
-65 232 52
-65 232 53
-65 232 54
-65 232 55
-65 232 56
-65 232 57
-65 232 58
-65 232 59
-65 232 60
-65 232 61
-65 232 62
-65 232 63
-65 233 48
-65 233 49
-65 233 50
-65 233 51
-65 233 52
-65 233 53
-65 233 54
-65 233 55
-65 233 56
-65 233 57
-65 233 58
-65 233 59
-65 233 60
-65 233 61
-65 233 62
-65 233 63
-65 234 48
-65 234 49
-65 234 50
-65 234 51
-65 234 52
-65 234 53
-65 234 54
-65 234 55
-65 234 56
-65 234 57
-65 234 58
-65 234 59
-65 234 60
-65 234 61
-65 234 62
-65 234 63
-65 235 48
-65 235 49
-65 235 50
-65 235 51
-65 235 52
-65 235 53
-65 235 54
-65 235 55
-65 235 56
-65 235 57
-65 235 58
-65 235 59
-65 235 61
-65 235 62
-65 235 63
-65 236 48
-65 236 49
-65 236 50
-65 236 51
-65 236 52
-65 236 53
-65 236 54
-65 236 55
-65 236 56
-65 236 57
-65 236 58
-65 236 60
-65 236 61
-65 236 62
-65 236 63
-65 237 48
-65 237 49
-65 237 50
-65 237 51
-65 237 52
-65 237 53
-65 237 54
-65 237 55
-65 237 56
-65 237 58
-65 237 59
-65 237 60
-65 237 61
-65 237 62
-65 237 63
-65 238 48
-65 238 49
-65 238 50
-65 238 51
-65 238 52
-65 238 53
-65 238 54
-65 238 55
-65 238 56
-65 238 57
-65 238 58
-65 238 59
-65 238 60
-65 238 61
-65 238 62
-65 238 63
-65 239 48
-65 239 49
-65 239 50
-65 239 51
-65 239 52
-65 239 53
-65 239 54
-65 239 55
-65 239 56
-65 239 57
-65 239 58
-65 239 60
-65 239 61
-65 239 62
-65 239 63
-65 240 48
-65 240 49
-65 240 50
-65 240 51
-65 240 52
-65 240 53
-65 240 54
-65 240 55
-65 240 56
-65 240 57
-65 240 59
-65 240 61
-65 240 62
-65 240 63
-65 241 48
-65 241 49
-65 241 50
-65 241 51
-65 241 52
-65 241 53
-65 241 54
-65 241 55
-65 241 56
-65 241 57
-65 241 58
-65 241 59
-65 241 60
-65 241 61
-65 241 62
-65 241 63
-65 242 48
-65 242 49
-65 242 50
-65 242 51
-65 242 52
-65 242 53
-65 242 54
-65 242 55
-65 242 56
-65 242 57
-65 242 58
-65 242 59
-65 242 60
-65 242 61
-65 242 62
-65 242 63
-65 243 48
-65 243 49
-65 243 50
-65 243 51
-65 243 52
-65 243 53
-65 243 54
-65 243 55
-65 243 56
-65 243 57
-65 243 58
-65 243 59
-65 243 60
-65 243 61
-65 243 62
-65 243 63
-65 244 48
-65 244 49
-65 244 50
-65 244 51
-65 244 52
-65 244 53
-65 244 54
-65 244 55
-65 244 56
-65 244 57
-65 244 58
-65 244 59
-65 244 60
-65 244 61
-65 244 62
-65 244 63
-65 245 48
-65 245 49
-65 245 50
-65 245 51
-65 245 52
-65 245 53
-65 245 54
-65 245 55
-65 245 56
-65 245 57
-65 245 58
-65 245 59
-65 245 60
-65 245 61
-65 245 62
-65 245 63
-65 246 48
-65 246 49
-65 246 50
-65 246 51
-65 246 52
-65 246 53
-65 246 54
-65 246 55
-65 246 56
-65 246 57
-65 246 58
-65 246 59
-65 246 60
-65 246 61
-65 246 62
-65 246 63
-65 247 48
-65 247 49
-65 247 50
-65 247 51
-65 247 52
-65 247 53
-65 247 54
-65 247 55
-65 247 56
-65 247 58
-65 247 59
-65 247 60
-65 247 61
-65 247 62
-65 247 63
-65 248 48
-65 248 49
-65 248 50
-65 248 51
-65 248 52
-65 248 53
-65 248 54
-65 248 55
-65 248 56
-65 248 57
-65 248 58
-65 248 59
-65 248 62
-65 248 63
-65 249 48
-65 249 49
-65 249 50
-65 249 51
-65 249 52
-65 249 53
-65 249 54
-65 249 55
-65 249 56
-65 249 57
-65 249 58
-65 249 59
-65 249 62
-65 249 63
-65 250 49
-65 250 50
-65 250 51
-65 250 52
-65 250 53
-65 250 54
-65 250 55
-65 250 56
-65 250 57
-65 250 58
-65 250 59
-65 250 63
-65 251 48
-65 251 50
-65 251 53
-65 251 54
-65 251 55
-65 251 63
-65 252 50
-65 252 53
-65 252 54
-65 252 56
-65 252 63

