alfheim:altLeaves
6
-80 215 -226
-80 216 -226
-80 216 -225
-80 217 -227
-80 217 -226
-80 217 -225
-80 218 -228
-80 218 -227
-80 218 -226
-80 218 -225
-80 219 -228
-80 219 -227
-80 219 -226
-80 219 -225
-80 220 -231
-80 220 -230
-80 220 -229
-80 220 -228
-80 220 -227
-80 220 -226
-80 220 -225
-80 221 -229
-80 221 -228
-80 221 -227
-80 221 -226
-80 221 -225
-80 222 -229
-80 222 -228
-80 222 -227
-80 222 -226
-80 222 -225
-80 223 -229
-80 223 -228
-80 223 -227
-80 223 -226
-80 223 -225
-80 224 -229
-80 224 -228
-80 224 -227
-80 224 -226
-80 224 -225
-79 214 -226
-79 214 -225
-79 215 -227
-79 215 -226
-79 215 -225
-79 216 -228
-79 216 -227
-79 216 -226
-79 216 -225
-79 217 -227
-79 217 -226
-79 217 -225
-79 218 -227
-79 218 -226
-79 218 -225
-79 219 -229
-79 219 -228
-79 219 -227
-79 219 -226
-79 219 -225
-79 220 -229
-79 220 -228
-79 220 -227
-79 220 -226
-79 220 -225
-79 221 -230
-79 221 -229
-79 221 -228
-79 221 -227
-79 221 -226
-79 221 -225
-79 222 -228
-79 222 -227
-79 222 -226
-79 222 -225
-79 223 -229
-79 223 -228
-79 223 -227
-79 223 -226
-79 223 -225
-79 224 -229
-79 224 -228
-79 224 -227
-79 224 -225
-78 215 -225
-78 216 -226
-78 216 -225
-78 217 -227
-78 217 -226
-78 217 -225
-78 218 -227
-78 218 -226
-78 218 -225
-78 219 -228
-78 219 -227
-78 219 -226
-78 219 -225
-78 220 -229
-78 220 -228
-78 220 -227
-78 220 -226
-78 220 -225
-78 221 -230
-78 221 -229
-78 221 -228
-78 221 -227
-78 221 -226
-78 221 -225
-78 222 -229
-78 222 -228
-78 222 -227
-78 222 -226
-78 222 -225
-78 223 -228
-78 223 -227
-78 223 -226
-78 223 -225
-78 224 -229
-78 224 -228
-78 224 -227
-78 224 -226
-78 224 -225
-77 215 -225
-77 216 -226
-77 216 -225
-77 217 -227
-77 217 -226
-77 217 -225
-77 218 -227
-77 218 -226
-77 218 -225
-77 219 -228
-77 219 -227
-77 219 -226
-77 219 -225
-77 220 -230
-77 220 -229
-77 220 -228
-77 220 -227
-77 220 -226
-77 220 -225
-77 221 -230
-77 221 -229
-77 221 -228
-77 221 -227
-77 221 -226
-77 221 -225
-77 222 -229
-77 222 -228
-77 222 -227
-77 222 -226
-77 222 -225
-77 223 -229
-77 223 -227
-77 223 -226
-77 223 -225
-77 224 -228
-77 224 -227
-77 224 -226
-77 224 -225
-76 216 -226
-76 216 -225
-76 217 -226
-76 217 -225
-76 218 -227
-76 218 -226
-76 218 -225
-76 219 -228
-76 219 -227
-76 219 -226
-76 219 -225
-76 220 -230
-76 220 -227
-76 220 -226
-76 220 -225
-76 221 -231
-76 221 -230
-76 221 -229
-76 221 -228
-76 221 -227
-76 221 -226
-76 221 -225
-76 222 -230
-76 222 -229
-76 222 -228
-76 222 -227
-76 222 -226
-76 222 -225
-76 223 -228
-76 223 -227
-76 223 -226
-76 223 -225
-76 224 -227
-76 224 -226
-76 224 -225
-75 216 -225
-75 217 -226
-75 218 -227
-75 218 -226
-75 218 -225
-75 219 -227
-75 219 -226
-75 219 -225
-75 220 -229
-75 220 -228
-75 220 -227
-75 220 -226
-75 220 -225
-75 221 -228
-75 221 -227
-75 221 -226
-75 221 -225
-75 222 -228
-75 222 -227
-75 222 -226
-75 222 -225
-75 223 -228
-75 223 -227
-75 223 -226
-75 223 -225
-75 224 -228
-75 224 -227
-75 224 -226
-75 224 -225
-74 216 -225
-74 217 -226
-74 217 -225
-74 218 -226
-74 218 -225
-74 219 -228
-74 219 -227
-74 219 -226
-74 219 -225
-74 220 -226
-74 220 -225
-74 221 -228
-74 221 -227
-74 221 -226
-74 221 -225
-74 222 -228
-74 222 -227
-74 222 -226
-74 222 -225
-74 223 -228
-74 223 -227
-74 223 -226
-74 223 -225
-74 224 -227
-74 224 -226
-74 224 -225
-73 215 -225
-73 216 -225
-73 217 -226
-73 217 -225
-73 218 -228
-73 218 -225
-73 219 -230
-73 219 -229
-73 219 -228
-73 219 -227
-73 219 -226
-73 219 -225
-73 220 -227
-73 220 -226
-73 220 -225
-73 221 -227
-73 221 -226
-73 221 -225
-73 222 -227
-73 222 -226
-73 222 -225
-73 223 -227
-73 223 -225
-73 224 -226
-73 224 -225
-72 215 -226
-72 215 -225
-72 216 -227
-72 216 -226
-72 216 -225
-72 217 -228
-72 217 -227
-72 217 -226
-72 217 -225
-72 218 -229
-72 218 -228
-72 218 -227
-72 218 -226
-72 218 -225
-72 219 -230
-72 219 -229
-72 219 -228
-72 219 -227
-72 219 -226
-72 219 -225
-72 220 -230
-72 220 -229
-72 220 -228
-72 220 -226
-72 220 -225
-72 221 -229
-72 221 -228
-72 221 -227
-72 221 -225
-72 222 -228
-72 222 -227
-72 222 -226
-72 222 -225
-72 223 -227
-72 223 -226
-72 223 -225
-72 224 -226
-72 224 -225
-71 215 -225
-71 216 -225
-71 217 -226
-71 217 -225
-71 218 -226
-71 218 -225
-71 219 -228
-71 219 -227
-71 219 -226
-71 219 -225
-71 220 -229
-71 220 -227
-71 220 -226
-71 220 -225
-71 221 -228
-71 221 -227
-71 221 -226
-71 221 -225
-71 222 -227
-71 222 -226
-71 222 -225
-71 223 -226
-71 223 -225
-71 224 -225
-70 217 -225
-70 218 -226
-70 218 -225
-70 219 -226
-70 219 -225
-70 220 -228
-70 220 -227
-70 220 -226
-70 220 -225
-70 221 -228
-70 221 -227
-70 221 -226
-70 221 -225
-70 222 -228
-70 222 -227
-70 222 -226
-70 222 -225
-70 223 -226
-70 223 -225
-69 217 -225
-69 218 -226
-69 218 -225
-69 219 -226
-69 219 -225
-69 220 -225
-69 221 -226
-69 221 -225
-69 222 -227
-69 222 -226
-69 222 -225
-69 223 -225
-68 217 -225
-68 218 -225
-68 219 -225
-68 220 -226
-68 220 -225
-68 221 -226
-68 221 -225
-68 222 -225
-67 219 -225
-67 220 -225
-67 221 -226
-67 221 -225
-66 220 -225
-80 225 -228
-80 225 -227
-80 225 -226
-80 225 -225
-80 226 -227
-80 226 -226
-80 226 -225
-79 225 -228
-79 225 -227
-79 225 -225
-79 226 -227
-79 226 -226
-79 226 -225
-79 227 -225
-78 225 -229
-78 225 -227
-78 225 -226
-78 225 -225
-78 226 -228
-78 226 -227
-78 226 -226
-78 226 -225
-78 227 -227
-78 227 -225
-77 225 -226
-77 225 -225
-77 226 -225
-77 227 -226
-77 227 -225
-77 228 -225
-76 225 -228
-76 225 -227
-76 225 -226
-76 225 -225
-76 226 -227
-76 226 -226
-76 226 -225
-76 227 -225
-76 228 -225
-76 229 -225
-75 225 -227
-75 225 -226
-75 225 -225
-75 226 -225
-75 227 -225
-75 228 -225
-74 226 -225
-73 225 -226
-73 225 -225
-72 225 -226
-72 225 -225
-71 225 -226
-71 225 -225
-71 226 -225

