alfheim:altWood1
12
128 219 -113
128 220 -114
128 220 -113
128 221 -114
128 221 -113
128 222 -116
128 222 -115
128 222 -114
128 222 -113
128 223 -119
128 223 -118
128 223 -117
128 223 -116
128 223 -115
128 223 -114
128 223 -113
128 224 -119
128 224 -118
128 224 -117
128 224 -116
128 224 -115
128 224 -114
128 224 -113
129 219 -113
129 220 -113
129 221 -114
129 221 -113
129 222 -115
129 222 -114
129 222 -113
129 223 -119
129 223 -118
129 223 -117
129 223 -116
129 223 -115
129 223 -114
129 223 -113
129 224 -120
129 224 -119
129 224 -118
129 224 -117
129 224 -116
129 224 -115
129 224 -114
129 224 -113
130 220 -113
130 221 -113
130 222 -114
130 222 -113
130 223 -114
130 223 -113
130 224 -120
130 224 -119
130 224 -118
130 224 -117
131 221 -113
131 222 -113
131 223 -113
128 225 -119
128 225 -118
128 225 -117
128 225 -116
128 226 -118
128 226 -117
129 225 -120
129 225 -119
129 225 -118
129 225 -117
129 225 -116
129 226 -119
129 226 -118
129 226 -117
130 225 -123
130 225 -122
130 225 -121
130 225 -120
130 225 -119
130 225 -118
130 225 -117
130 226 -123
130 226 -122
130 226 -119
130 226 -118
131 225 -124
131 225 -123
131 225 -122
131 225 -119
131 226 -124
131 226 -123
131 226 -122
132 225 -127
132 225 -126
132 225 -125
132 225 -124
132 226 -127
132 226 -126
132 226 -125
132 226 -124
133 225 -127
133 225 -126
133 225 -125
133 226 -128
133 226 -127
133 226 -126
133 226 -125
134 226 -128
134 227 -128
alfheim:altLeaves
6
133 223 -128
134 217 -128
134 221 -128
134 223 -128
135 217 -128
137 219 -118
138 217 -117
138 217 -116
138 218 -116
138 219 -120
138 219 -118
138 219 -117
138 219 -116
138 220 -118
138 221 -117
138 222 -117
138 223 -117
138 224 -119
138 224 -118
138 224 -117
139 216 -116
139 217 -118
139 217 -117
139 217 -116
139 218 -119
139 218 -117
139 218 -116
139 218 -115
139 219 -120
139 219 -119
139 219 -117
139 219 -116
139 220 -120
139 220 -118
139 220 -117
139 220 -116
139 220 -115
139 221 -118
139 221 -117
139 221 -115
139 222 -118
139 222 -117
139 222 -116
139 222 -115
139 222 -114
139 223 -118
139 223 -117
139 223 -116
139 223 -115
139 224 -128
139 224 -126
139 224 -120
139 224 -119
139 224 -118
139 224 -117
139 224 -116
139 224 -115
140 216 -119
140 217 -119
140 217 -118
140 217 -117
140 217 -115
140 217 -114
140 218 -120
140 218 -119
140 218 -118
140 218 -117
140 218 -116
140 218 -115
140 218 -114
140 219 -119
140 219 -118
140 219 -117
140 219 -116
140 219 -115
140 220 -118
140 220 -117
140 220 -116
140 221 -119
140 221 -118
140 221 -117
140 221 -116
140 221 -115
140 222 -119
140 222 -118
140 222 -117
140 222 -116
140 222 -115
140 222 -114
140 223 -127
140 223 -120
140 223 -119
140 223 -118
140 223 -117
140 223 -116
140 223 -115
140 223 -114
140 224 -128
140 224 -127
140 224 -126
140 224 -120
140 224 -119
140 224 -118
140 224 -117
140 224 -116
140 224 -115
141 217 -119
141 217 -117
141 218 -119
141 218 -118
141 218 -117
141 218 -116
141 219 -118
141 219 -117
141 219 -116
141 219 -115
141 220 -119
141 220 -118
141 220 -117
141 220 -116
141 220 -115
141 221 -119
141 221 -118
141 221 -117
141 221 -116
141 221 -115
141 222 -128
141 222 -127
141 222 -120
141 222 -119
141 222 -118
141 222 -117
141 222 -116
141 223 -128
141 223 -127
141 223 -121
141 223 -120
141 223 -119
141 223 -118
141 223 -117
141 223 -116
141 223 -115
141 224 -128
141 224 -127
141 224 -125
141 224 -120
141 224 -119
141 224 -118
141 224 -117
141 224 -116
141 224 -115
142 218 -118
142 219 -118
142 219 -117
142 219 -116
142 219 -115
142 220 -118
142 220 -117
142 221 -126
142 222 -128
142 222 -127
142 222 -126
142 222 -125
142 222 -124
142 222 -118
142 222 -117
142 223 -128
142 223 -127
142 223 -119
142 223 -118
142 223 -117
142 223 -116
142 223 -115
142 224 -128
142 224 -127
142 224 -125
142 224 -119
142 224 -118
142 224 -116
143 220 -126
143 220 -118
143 221 -128
143 221 -127
143 221 -126
143 221 -125
143 222 -128
143 222 -127
143 222 -126
143 222 -117
143 223 -128
143 223 -126
143 223 -123
143 223 -117
143 223 -116
143 224 -128
143 224 -127
143 224 -126
143 224 -125
143 224 -124
143 224 -123
143 224 -122
143 224 -117
143 224 -116
128 225 -114
128 226 -115
128 226 -114
128 226 -113
128 227 -115
128 227 -114
128 227 -113
128 228 -121
128 228 -117
128 228 -116
128 228 -115
128 228 -114
128 228 -113
128 229 -127
128 229 -122
128 229 -121
128 229 -119
128 229 -118
128 229 -116
128 229 -115
128 229 -114
128 229 -113
128 230 -128
128 230 -127
128 230 -125
128 230 -123
128 230 -122
128 230 -121
128 230 -120
128 230 -119
128 230 -118
128 230 -117
128 230 -116
128 230 -115
128 230 -114
128 230 -113
128 231 -128
128 231 -127
128 231 -126
128 231 -125
128 231 -124
128 231 -123
128 231 -122
128 231 -121
128 231 -120
128 231 -119
128 231 -118
128 231 -117
128 231 -116
128 231 -115
128 231 -114
128 231 -113
128 232 -128
128 232 -127
128 232 -126
128 232 -125
128 232 -124
128 232 -123
128 232 -122
128 232 -121
128 232 -120
128 232 -119
128 232 -118
128 232 -117
128 232 -116
128 232 -115
128 232 -114
128 232 -113
128 233 -128
128 233 -127
128 233 -126
128 233 -125
128 233 -124
128 233 -123
128 233 -122
128 233 -121
128 233 -120
128 233 -119
128 233 -118
128 233 -117
128 233 -116
128 233 -115
128 233 -114
128 233 -113
128 234 -128
128 234 -127
128 234 -126
128 234 -125
128 234 -124
128 234 -123
128 234 -122
128 234 -121
128 234 -120
128 234 -119
128 234 -118
128 234 -117
128 234 -116
128 234 -115
128 234 -114
128 234 -113
128 235 -128
128 235 -127
128 235 -126
128 235 -125
128 235 -124
128 235 -123
128 235 -122
128 235 -121
128 235 -120
128 235 -119
128 235 -118
128 235 -117
128 235 -116
128 235 -115
128 235 -114
128 235 -113
128 236 -128
128 236 -127
128 236 -126
128 236 -125
128 236 -124
128 236 -123
128 236 -122
128 236 -121
128 236 -120
128 236 -119
128 236 -118
128 236 -117
128 236 -116
128 236 -115
128 236 -114
128 236 -113
128 237 -128
128 237 -127
128 237 -126
128 237 -125
128 237 -124
128 237 -123
128 237 -122
128 237 -121
128 237 -120
128 237 -119
128 237 -118
128 237 -117
128 237 -116
128 237 -115
128 237 -114
128 237 -113
128 238 -128
128 238 -127
128 238 -126
128 238 -125
128 238 -124
128 238 -123
128 238 -122
128 238 -121
128 238 -120
128 238 -119
128 238 -117
128 238 -116
128 238 -115
128 238 -114
128 238 -113
128 239 -127
128 239 -126
128 239 -125
128 239 -124
128 239 -123
128 239 -122
128 239 -121
128 239 -120
128 239 -119
128 239 -115
128 240 -126
128 240 -124
128 240 -123
128 240 -122
128 240 -121
128 240 -120
128 241 -126
128 241 -123
128 241 -122
128 242 -123
128 242 -122
128 243 -122
129 226 -116
129 226 -114
129 227 -117
129 227 -116
129 227 -115
129 227 -114
129 227 -113
129 228 -121
129 228 -116
129 228 -115
129 228 -114
129 228 -113
129 229 -122
129 229 -121
129 229 -119
129 229 -117
129 229 -116
129 229 -115
129 229 -114
129 229 -113
129 230 -127
129 230 -125
129 230 -123
129 230 -121
129 230 -120
129 230 -119
129 230 -118
129 230 -117
129 230 -116
129 230 -115
129 230 -114
129 230 -113
129 231 -128
129 231 -127
129 231 -126
129 231 -125
129 231 -124
129 231 -123
129 231 -120
129 231 -119
129 231 -118
129 231 -117
129 231 -116
129 231 -115
129 231 -114
129 231 -113
129 232 -128
129 232 -127
129 232 -126
129 232 -125
129 232 -124
129 232 -123
129 232 -122
129 232 -121
129 232 -120
129 232 -119
129 232 -118
129 232 -117
129 232 -116
129 232 -115
129 232 -114
129 232 -113
129 233 -128
129 233 -127
129 233 -126
129 233 -125
129 233 -124
129 233 -123
129 233 -122
129 233 -121
129 233 -120
129 233 -119
129 233 -118
129 233 -117
129 233 -116
129 233 -115
129 233 -114
129 233 -113
129 234 -128
129 234 -127
129 234 -126
129 234 -125
129 234 -124
129 234 -123
129 234 -122
129 234 -121
129 234 -120
129 234 -119
129 234 -118
129 234 -117
129 234 -116
129 234 -115
129 234 -114
129 234 -113
129 235 -128
129 235 -127
129 235 -126
129 235 -125
129 235 -124
129 235 -123
129 235 -121
129 235 -120
129 235 -119
129 235 -118
129 235 -117
129 235 -116
129 235 -115
129 235 -114
129 235 -113
129 236 -128
129 236 -127
129 236 -126
129 236 -125
129 236 -124
129 236 -123
129 236 -122
129 236 -121
129 236 -120
129 236 -119
129 236 -118
129 236 -117
129 236 -116
129 236 -115
129 236 -114
129 236 -113
129 237 -128
129 237 -127
129 237 -126
129 237 -125
129 237 -124
129 237 -123
129 237 -122
129 237 -121
129 237 -120
129 237 -119
129 237 -118
129 237 -117
129 237 -116
129 237 -115
129 237 -114
129 237 -113
129 238 -128
129 238 -127
129 238 -126
129 238 -125
129 238 -124
129 238 -123
129 238 -122
129 238 -121
129 238 -120
129 238 -119
129 238 -118
129 238 -117
129 238 -116
129 238 -115
129 239 -128
129 239 -127
129 239 -126
129 239 -124
129 239 -123
129 239 -122
129 239 -121
129 239 -120
129 239 -119
129 239 -117
129 239 -116
129 239 -115
129 240 -127
129 240 -126
129 240 -125
129 240 -124
129 240 -123
129 240 -122
129 240 -121
129 240 -120
129 240 -115
129 241 -127
129 241 -126
129 241 -125
129 241 -124
129 241 -122
129 241 -121
129 242 -124
129 242 -122
129 242 -121
129 243 -121
130 227 -121
130 227 -116
130 227 -115
130 227 -114
130 227 -113
130 228 -121
130 228 -120
130 228 -118
130 228 -117
130 228 -116
130 228 -115
130 228 -114
130 228 -113
130 229 -128
130 229 -124
130 229 -122
130 229 -121
130 229 -119
130 229 -118
130 229 -117
130 229 -116
130 229 -115
130 229 -114
130 229 -113
130 230 -128
130 230 -127
130 230 -125
130 230 -124
130 230 -123
130 230 -121
130 230 -120
130 230 -119
130 230 -118
130 230 -117
130 230 -116
130 230 -115
130 230 -114
130 230 -113
130 231 -128
130 231 -127
130 231 -126
130 231 -125
130 231 -124
130 231 -123
130 231 -122
130 231 -121
130 231 -120
130 231 -119
130 231 -118
130 231 -117
130 231 -116
130 231 -115
130 231 -114
130 231 -113
130 232 -128
130 232 -127
130 232 -126
130 232 -125
130 232 -124
130 232 -123
130 232 -122
130 232 -121
130 232 -120
130 232 -119
130 232 -118
130 232 -117
130 232 -116
130 232 -115
130 232 -114
130 232 -113
130 233 -128
130 233 -127
130 233 -126
130 233 -125
130 233 -124
130 233 -123
130 233 -122
130 233 -121
130 233 -120
130 233 -119
130 233 -118
130 233 -117
130 233 -116
130 233 -115
130 233 -114
130 233 -113
130 234 -128
130 234 -127
130 234 -126
130 234 -125
130 234 -124
130 234 -123
130 234 -122
130 234 -121
130 234 -120
130 234 -119
130 234 -118
130 234 -117
130 234 -116
130 234 -115
130 234 -114
130 234 -113
130 235 -128
130 235 -127
130 235 -126
130 235 -125
130 235 -124
130 235 -123
130 235 -122
130 235 -121
130 235 -120
130 235 -119
130 235 -118
130 235 -117
130 235 -116
130 235 -115
130 235 -114
130 235 -113
130 236 -128
130 236 -127
130 236 -126
130 236 -125
130 236 -124
130 236 -123
130 236 -122
130 236 -121
130 236 -120
130 236 -119
130 236 -118
130 236 -117
130 236 -116
130 236 -115
130 236 -114
130 236 -113
130 237 -128
130 237 -127
130 237 -126
130 237 -125
130 237 -124
130 237 -123
130 237 -122
130 237 -121
130 237 -120
130 237 -119
130 237 -118
130 237 -117
130 237 -116
130 237 -115
130 237 -114
130 237 -113
130 238 -128
130 238 -127
130 238 -126
130 238 -125
130 238 -124
130 238 -123
130 238 -122
130 238 -121
130 238 -120
130 238 -119
130 238 -118
130 238 -117
130 238 -116
130 238 -115
130 238 -114
130 238 -113
130 239 -128
130 239 -127
130 239 -126
130 239 -125
130 239 -124
130 239 -123
130 239 -122
130 239 -121
130 239 -120
130 239 -117
130 239 -116
130 239 -114
130 239 -113
130 240 -126
130 240 -125
130 240 -124
130 240 -123
130 240 -122
130 240 -121
130 240 -120
130 240 -119
130 240 -115
130 240 -114
130 241 -126
130 241 -125
130 241 -124
130 241 -123
130 241 -122
130 242 -125
130 242 -124
130 242 -122
131 227 -128
131 227 -117
131 227 -116
131 227 -113
131 228 -128
131 228 -127
131 228 -124
131 228 -118
131 228 -117
131 228 -116
131 228 -115
131 228 -114
131 228 -113
131 229 -128
131 229 -125
131 229 -124
131 229 -123
131 229 -120
131 229 -119
131 229 -118
131 229 -117
131 229 -116
131 229 -115
131 229 -114
131 229 -113
131 230 -128
131 230 -126
131 230 -125
131 230 -124
131 230 -123
131 230 -122
131 230 -121
131 230 -120
131 230 -119
131 230 -118
131 230 -117
131 230 -116
131 230 -115
131 230 -114
131 230 -113
131 231 -128
131 231 -127
131 231 -126
131 231 -125
131 231 -124
131 231 -123
131 231 -122
131 231 -121
131 231 -120
131 231 -119
131 231 -118
131 231 -117
131 231 -116
131 231 -115
131 231 -114
131 231 -113
131 232 -128
131 232 -127
131 232 -126
131 232 -125
131 232 -124
131 232 -123
131 232 -122
131 232 -121
131 232 -120
131 232 -119
131 232 -118
131 232 -117
131 232 -116
131 232 -115
131 232 -114
131 232 -113
131 233 -128
131 233 -127
131 233 -126
131 233 -125
131 233 -124
131 233 -123
131 233 -122
131 233 -121
131 233 -120
131 233 -119
131 233 -118
131 233 -117
131 233 -116
131 233 -115
131 233 -114
131 233 -113
131 234 -128
131 234 -127
131 234 -126
131 234 -125
131 234 -124
131 234 -123
131 234 -122
131 234 -121
131 234 -120
131 234 -119
131 234 -118
131 234 -117
131 234 -116
131 234 -115
131 234 -114
131 234 -113
131 235 -128
131 235 -127
131 235 -126
131 235 -125
131 235 -124
131 235 -123
131 235 -122
131 235 -121
131 235 -120
131 235 -119
131 235 -118
131 235 -117
131 235 -116
131 235 -115
131 235 -114
131 235 -113
131 236 -128
131 236 -127
131 236 -126
131 236 -125
131 236 -124
131 236 -123
131 236 -122
131 236 -121
131 236 -120
131 236 -119
131 236 -118
131 236 -117
131 236 -116
131 236 -115
131 236 -114
131 236 -113
131 237 -128
131 237 -127
131 237 -126
131 237 -125
131 237 -124
131 237 -123
131 237 -122
131 237 -121
131 237 -120
131 237 -119
131 237 -118
131 237 -117
131 237 -116
131 237 -115
131 237 -114
131 237 -113
131 238 -128
131 238 -126
131 238 -125
131 238 -124
131 238 -123
131 238 -122
131 238 -121
131 238 -120
131 238 -118
131 238 -117
131 238 -116
131 238 -115
131 238 -114
131 238 -113
131 239 -127
131 239 -126
131 239 -125
131 239 -124
131 239 -123
131 239 -122
131 239 -121
131 239 -120
131 239 -119
131 239 -117
131 239 -116
131 239 -115
131 239 -114
131 239 -113
131 240 -126
131 240 -124
131 240 -123
131 240 -122
131 240 -121
131 240 -120
131 240 -117
131 240 -116
131 240 -115
131 241 -124
131 241 -122
131 241 -117
132 226 -115
132 227 -128
132 227 -115
132 227 -114
132 228 -128
132 228 -119
132 228 -118
132 228 -117
132 228 -116
132 228 -115
132 228 -114
132 228 -113
132 229 -128
132 229 -127
132 229 -126
132 229 -124
132 229 -122
132 229 -120
132 229 -119
132 229 -118
132 229 -117
132 229 -116
132 229 -115
132 229 -114
132 229 -113
132 230 -128
132 230 -127
132 230 -126
132 230 -124
132 230 -122
132 230 -121
132 230 -120
132 230 -119
132 230 -118
132 230 -117
132 230 -115
132 230 -114
132 230 -113
132 231 -128
132 231 -127
132 231 -126
132 231 -125
132 231 -124
132 231 -123
132 231 -122
132 231 -120
132 231 -119
132 231 -118
132 231 -117
132 231 -116
132 231 -115
132 231 -114
132 231 -113
132 232 -128
132 232 -127
132 232 -126
132 232 -125
132 232 -124
132 232 -123
132 232 -122
132 232 -121
132 232 -120
132 232 -119
132 232 -118
132 232 -117
132 232 -116
132 232 -115
132 232 -114
132 232 -113
132 233 -128
132 233 -127
132 233 -126
132 233 -125
132 233 -124
132 233 -123
132 233 -122
132 233 -121
132 233 -120
132 233 -119
132 233 -118
132 233 -117
132 233 -116
132 233 -115
132 233 -114
132 233 -113
132 234 -128
132 234 -127
132 234 -126
132 234 -125
132 234 -124
132 234 -123
132 234 -122
132 234 -121
132 234 -120
132 234 -119
132 234 -118
132 234 -117
132 234 -116
132 234 -115
132 234 -114
132 234 -113
132 235 -128
132 235 -127
132 235 -126
132 235 -125
132 235 -124
132 235 -123
132 235 -122
132 235 -121
132 235 -120
132 235 -119
132 235 -118
132 235 -117
132 235 -116
132 235 -115
132 235 -114
132 235 -113
132 236 -128
132 236 -127
132 236 -126
132 236 -125
132 236 -124
132 236 -123
132 236 -122
132 236 -121
132 236 -120
132 236 -119
132 236 -118
132 236 -117
132 236 -116
132 236 -115
132 236 -114
132 236 -113
132 237 -128
132 237 -127
132 237 -126
132 237 -125
132 237 -124
132 237 -123
132 237 -122
132 237 -121
132 237 -120
132 237 -119
132 237 -118
132 237 -117
132 237 -116
132 237 -115
132 237 -114
132 237 -113
132 238 -128
132 238 -127
132 238 -126
132 238 -125
132 238 -124
132 238 -123
132 238 -122
132 238 -121
132 238 -120
132 238 -119
132 238 -118
132 238 -117
132 238 -116
132 238 -115
132 238 -114
132 238 -113
132 239 -126
132 239 -125
132 239 -124
132 239 -123
132 239 -122
132 239 -121
132 239 -120
132 239 -119
132 239 -118
132 239 -117
132 239 -116
132 239 -115
132 239 -114
132 239 -113
132 240 -127
132 240 -126
132 240 -125
132 240 -124
132 240 -123
132 240 -122
132 240 -121
132 240 -120
132 240 -119
132 240 -118
132 240 -117
132 240 -116
132 240 -115
132 240 -114
132 240 -113
132 241 -123
132 241 -122
132 241 -120
132 241 -119
132 241 -118
132 241 -115
132 241 -114
132 241 -113
132 242 -122
132 242 -118
132 242 -114
133 227 -128
133 227 -115
133 228 -128
133 228 -127
133 228 -121
133 228 -117
133 228 -115
133 228 -114
133 229 -128
133 229 -125
133 229 -124
133 229 -122
133 229 -121
133 229 -120
133 229 -119
133 229 -118
133 229 -117
133 229 -116
133 229 -115
133 229 -114
133 229 -113
133 230 -128
133 230 -127
133 230 -126
133 230 -125
133 230 -124
133 230 -123
133 230 -122
133 230 -121
133 230 -120
133 230 -119
133 230 -118
133 230 -117
133 230 -116
133 230 -115
133 230 -114
133 230 -113
133 231 -128
133 231 -127
133 231 -126
133 231 -125
133 231 -124
133 231 -123
133 231 -122
133 231 -121
133 231 -120
133 231 -119
133 231 -118
133 231 -117
133 231 -116
133 231 -115
133 231 -114
133 231 -113
133 232 -128
133 232 -127
133 232 -126
133 232 -125
133 232 -124
133 232 -123
133 232 -122
133 232 -121
133 232 -120
133 232 -119
133 232 -118
133 232 -117
133 232 -116
133 232 -115
133 232 -114
133 232 -113
133 233 -128
133 233 -127
133 233 -126
133 233 -125
133 233 -124
133 233 -123
133 233 -122
133 233 -121
133 233 -120
133 233 -119
133 233 -118
133 233 -117
133 233 -116
133 233 -115
133 233 -114
133 233 -113
133 234 -128
133 234 -127
133 234 -126
133 234 -125
133 234 -124
133 234 -123
133 234 -122
133 234 -121
133 234 -120
133 234 -119
133 234 -118
133 234 -117
133 234 -116
133 234 -115
133 234 -114
133 234 -113
133 235 -128
133 235 -127
133 235 -126
133 235 -125
133 235 -124
133 235 -123
133 235 -122
133 235 -121
133 235 -120
133 235 -119
133 235 -118
133 235 -117
133 235 -116
133 235 -115
133 235 -114
133 235 -113
133 236 -128
133 236 -127
133 236 -126
133 236 -125
133 236 -124
133 236 -123
133 236 -122
133 236 -121
133 236 -120
133 236 -119
133 236 -118
133 236 -117
133 236 -116
133 236 -115
133 236 -114
133 236 -113
133 237 -128
133 237 -127
133 237 -126
133 237 -125
133 237 -124
133 237 -123
133 237 -122
133 237 -121
133 237 -120
133 237 -119
133 237 -118
133 237 -117
133 237 -116
133 237 -115
133 237 -114
133 237 -113
133 238 -128
133 238 -127
133 238 -126
133 238 -125
133 238 -124
133 238 -123
133 238 -122
133 238 -121
133 238 -120
133 238 -119
133 238 -118
133 238 -117
133 238 -116
133 238 -115
133 238 -114
133 238 -113
133 239 -127
133 239 -126
133 239 -125
133 239 -124
133 239 -123
133 239 -122
133 239 -121
133 239 -120
133 239 -119
133 239 -118
133 239 -116
133 239 -115
133 239 -114
133 239 -113
133 240 -126
133 240 -125
133 240 -124
133 240 -123
133 240 -122
133 240 -121
133 240 -120
133 240 -119
133 240 -118
133 240 -117
133 240 -116
133 240 -115
133 240 -114
133 241 -123
133 241 -122
133 241 -121
133 241 -118
133 241 -117
133 241 -116
133 241 -115
133 241 -114
133 242 -123
133 242 -122
133 242 -118
133 242 -117
133 242 -116
133 242 -115
133 242 -114
133 243 -118
133 243 -115
133 243 -114
134 228 -128
134 228 -126
134 228 -116
134 229 -128
134 229 -127
134 229 -126
134 229 -125
134 229 -122
134 229 -121
134 229 -120
134 229 -117
134 229 -116
134 229 -115
134 229 -114
134 230 -127
134 230 -126
134 230 -125
134 230 -124
134 230 -123
134 230 -122
134 230 -121
134 230 -120
134 230 -119
134 230 -118
134 230 -117
134 230 -116
134 230 -115
134 230 -114
134 230 -113
134 231 -128
134 231 -127
134 231 -126
134 231 -125
134 231 -124
134 231 -123
134 231 -122
134 231 -120
134 231 -119
134 231 -118
134 231 -117
134 231 -116
134 231 -115
134 231 -114
134 231 -113
134 232 -128
134 232 -127
134 232 -126
134 232 -125
134 232 -124
134 232 -123
134 232 -122
134 232 -121
134 232 -120
134 232 -119
134 232 -118
134 232 -117
134 232 -116
134 232 -115
134 232 -114
134 232 -113
134 233 -128
134 233 -127
134 233 -126
134 233 -125
134 233 -124
134 233 -123
134 233 -122
134 233 -121
134 233 -120
134 233 -119
134 233 -118
134 233 -117
134 233 -116
134 233 -115
134 233 -114
134 233 -113
134 234 -128
134 234 -127
134 234 -126
134 234 -125
134 234 -124
134 234 -123
134 234 -122
134 234 -121
134 234 -120
134 234 -119
134 234 -118
134 234 -117
134 234 -116
134 234 -115
134 234 -114
134 234 -113
134 235 -128
134 235 -127
134 235 -126
134 235 -125
134 235 -124
134 235 -123
134 235 -122
134 235 -121
134 235 -120
134 235 -119
134 235 -118
134 235 -117
134 235 -116
134 235 -115
134 235 -114
134 235 -113
134 236 -128
134 236 -127
134 236 -126
134 236 -125
134 236 -124
134 236 -123
134 236 -122
134 236 -121
134 236 -120
134 236 -119
134 236 -118
134 236 -117
134 236 -116
134 236 -115
134 236 -114
134 236 -113
134 237 -128
134 237 -127
134 237 -126
134 237 -125
134 237 -124
134 237 -123
134 237 -122
134 237 -121
134 237 -120
134 237 -119
134 237 -118
134 237 -117
134 237 -116
134 237 -115
134 237 -114
134 237 -113
134 238 -127
134 238 -126
134 238 -125
134 238 -124
134 238 -123
134 238 -122
134 238 -121
134 238 -120
134 238 -119
134 238 -118
134 238 -117
134 238 -116
134 238 -115
134 238 -114
134 238 -113
134 239 -128
134 239 -127
134 239 -126
134 239 -125
134 239 -124
134 239 -123
134 239 -122
134 239 -121
134 239 -120
134 239 -119
134 239 -118
134 239 -117
134 239 -116
134 239 -115
134 239 -113
134 240 -124
134 240 -123
134 240 -122
134 240 -121
134 240 -120
134 240 -119
134 240 -118
134 240 -117
134 240 -115
134 240 -114
134 240 -113
134 241 -123
134 241 -122
134 241 -121
134 241 -118
134 241 -117
134 241 -114
134 242 -123
134 242 -115
135 227 -118
135 228 -128
135 228 -125
135 228 -118
135 228 -117
135 229 -128
135 229 -127
135 229 -125
135 229 -118
135 230 -128
135 230 -127
135 230 -126
135 230 -125
135 230 -124
135 230 -123
135 230 -121
135 230 -120
135 230 -119
135 230 -116
135 230 -115
135 230 -114
135 230 -113
135 231 -128
135 231 -127
135 231 -126
135 231 -125
135 231 -124
135 231 -123
135 231 -120
135 231 -119
135 231 -118
135 231 -117
135 231 -116
135 231 -115
135 231 -114
135 231 -113
135 232 -128
135 232 -127
135 232 -126
135 232 -125
135 232 -124
135 232 -123
135 232 -122
135 232 -121
135 232 -120
135 232 -119
135 232 -118
135 232 -117
135 232 -116
135 232 -115
135 232 -114
135 232 -113
135 233 -128
135 233 -127
135 233 -126
135 233 -125
135 233 -124
135 233 -123
135 233 -122
135 233 -121
135 233 -120
135 233 -119
135 233 -118
135 233 -117
135 233 -116
135 233 -115
135 233 -114
135 233 -113
135 234 -128
135 234 -127
135 234 -126
135 234 -125
135 234 -124
135 234 -123
135 234 -122
135 234 -121
135 234 -120
135 234 -119
135 234 -118
135 234 -117
135 234 -116
135 234 -115
135 234 -114
135 234 -113
135 235 -128
135 235 -127
135 235 -126
135 235 -125
135 235 -124
135 235 -123
135 235 -122
135 235 -121
135 235 -120
135 235 -119
135 235 -118
135 235 -117
135 235 -116
135 235 -115
135 235 -114
135 235 -113
135 236 -128
135 236 -127
135 236 -126
135 236 -125
135 236 -124
135 236 -123
135 236 -122
135 236 -121
135 236 -120
135 236 -119
135 236 -118
135 236 -117
135 236 -116
135 236 -115
135 236 -114
135 236 -113
135 237 -128
135 237 -127
135 237 -126
135 237 -125
135 237 -124
135 237 -123
135 237 -122
135 237 -121
135 237 -120
135 237 -119
135 237 -118
135 237 -117
135 237 -116
135 237 -115
135 237 -114
135 237 -113
135 238 -128
135 238 -127
135 238 -126
135 238 -125
135 238 -124
135 238 -123
135 238 -122
135 238 -121
135 238 -120
135 238 -119
135 238 -118
135 238 -117
135 238 -116
135 238 -115
135 238 -114
135 238 -113
135 239 -127
135 239 -126
135 239 -125
135 239 -124
135 239 -123
135 239 -122
135 239 -121
135 239 -119
135 239 -118
135 239 -117
135 239 -116
135 239 -115
135 240 -124
135 240 -122
135 240 -121
135 240 -119
135 240 -118
135 240 -117
135 240 -116
135 240 -115
135 240 -113
135 241 -123
135 241 -122
135 241 -121
135 241 -120
135 241 -117
135 241 -116
135 241 -115
135 242 -123
136 227 -127
136 227 -118
136 228 -128
136 228 -127
136 228 -119
136 228 -118
136 228 -117
136 228 -116
136 229 -128
136 229 -127
136 229 -125
136 229 -119
136 229 -118
136 229 -114
136 230 -128
136 230 -127
136 230 -126
136 230 -125
136 230 -116
136 230 -114
136 230 -113
136 231 -128
136 231 -127
136 231 -126
136 231 -125
136 231 -124
136 231 -123
136 231 -122
136 231 -121
136 231 -120
136 231 -119
136 231 -118
136 231 -117
136 231 -116
136 231 -115
136 231 -113
136 232 -128
136 232 -127
136 232 -126
136 232 -125
136 232 -124
136 232 -123
136 232 -122
136 232 -121
136 232 -120
136 232 -119
136 232 -118
136 232 -117
136 232 -116
136 232 -115
136 232 -114
136 232 -113
136 233 -128
136 233 -127
136 233 -126
136 233 -125
136 233 -124
136 233 -123
136 233 -122
136 233 -121
136 233 -120
136 233 -119
136 233 -118
136 233 -117
136 233 -116
136 233 -115
136 233 -114
136 233 -113
136 234 -128
136 234 -127
136 234 -126
136 234 -125
136 234 -124
136 234 -123
136 234 -122
136 234 -121
136 234 -120
136 234 -119
136 234 -118
136 234 -117
136 234 -116
136 234 -115
136 234 -114
136 234 -113
136 235 -128
136 235 -127
136 235 -126
136 235 -125
136 235 -124
136 235 -123
136 235 -122
136 235 -121
136 235 -120
136 235 -119
136 235 -118
136 235 -117
136 235 -116
136 235 -115
136 235 -114
136 235 -113
136 236 -128
136 236 -127
136 236 -126
136 236 -125
136 236 -124
136 236 -123
136 236 -122
136 236 -121
136 236 -120
136 236 -119
136 236 -118
136 236 -117
136 236 -116
136 236 -115
136 236 -114
136 236 -113
136 237 -128
136 237 -127
136 237 -126
136 237 -125
136 237 -124
136 237 -123
136 237 -122
136 237 -121
136 237 -120
136 237 -119
136 237 -118
136 237 -117
136 237 -116
136 237 -115
136 237 -114
136 237 -113
136 238 -128
136 238 -127
136 238 -126
136 238 -125
136 238 -124
136 238 -123
136 238 -122
136 238 -121
136 238 -120
136 238 -119
136 238 -118
136 238 -117
136 238 -116
136 238 -115
136 238 -114
136 238 -113
136 239 -127
136 239 -126
136 239 -125
136 239 -124
136 239 -123
136 239 -122
136 239 -121
136 239 -120
136 239 -118
136 239 -117
136 239 -116
136 239 -115
136 239 -114
136 239 -113
136 240 -125
136 240 -122
136 240 -121
136 240 -120
136 240 -119
136 240 -118
136 240 -117
136 240 -113
136 241 -125
136 241 -121
136 241 -120
136 241 -117
136 241 -116
137 225 -127
137 225 -117
137 226 -125
137 226 -119
137 226 -118
137 226 -117
137 227 -128
137 227 -127
137 227 -126
137 227 -118
137 227 -117
137 228 -128
137 228 -127
137 228 -119
137 228 -118
137 228 -117
137 229 -128
137 229 -127
137 229 -126
137 229 -119
137 229 -118
137 229 -117
137 230 -128
137 230 -127
137 230 -126
137 230 -125
137 230 -123
137 230 -122
137 230 -120
137 230 -119
137 230 -118
137 231 -127
137 231 -126
137 231 -125
137 231 -123
137 231 -122
137 231 -121
137 231 -120
137 231 -119
137 231 -118
137 231 -117
137 231 -116
137 231 -113
137 232 -128
137 232 -127
137 232 -126
137 232 -125
137 232 -124
137 232 -123
137 232 -122
137 232 -121
137 232 -120
137 232 -119
137 232 -118
137 232 -117
137 232 -116
137 232 -115
137 232 -114
137 232 -113
137 233 -128
137 233 -127
137 233 -126
137 233 -125
137 233 -124
137 233 -123
137 233 -122
137 233 -121
137 233 -120
137 233 -119
137 233 -118
137 233 -117
137 233 -116
137 233 -115
137 233 -114
137 233 -113
137 234 -128
137 234 -127
137 234 -126
137 234 -125
137 234 -124
137 234 -123
137 234 -122
137 234 -121
137 234 -120
137 234 -119
137 234 -118
137 234 -117
137 234 -116
137 234 -115
137 234 -114
137 234 -113
137 235 -127
137 235 -126
137 235 -125
137 235 -124
137 235 -123
137 235 -122
137 235 -121
137 235 -120
137 235 -119
137 235 -118
137 235 -117
137 235 -116
137 235 -115
137 235 -114
137 235 -113
137 236 -128
137 236 -127
137 236 -126
137 236 -125
137 236 -124
137 236 -123
137 236 -122
137 236 -121
137 236 -120
137 236 -119
137 236 -118
137 236 -117
137 236 -116
137 236 -115
137 236 -114
137 236 -113
137 237 -128
137 237 -127
137 237 -126
137 237 -125
137 237 -124
137 237 -123
137 237 -122
137 237 -121
137 237 -120
137 237 -119
137 237 -118
137 237 -117
137 237 -116
137 237 -115
137 237 -114
137 237 -113
137 238 -128
137 238 -126
137 238 -125
137 238 -124
137 238 -123
137 238 -122
137 238 -121
137 238 -120
137 238 -118
137 238 -117
137 238 -116
137 238 -115
137 238 -114
137 238 -113
137 239 -126
137 239 -125
137 239 -124
137 239 -123
137 239 -122
137 239 -121
137 239 -120
137 239 -117
137 239 -116
137 239 -115
137 239 -114
137 239 -113
137 240 -125
137 240 -123
137 240 -121
137 240 -120
137 240 -116
137 240 -115
137 240 -114
137 240 -113
137 241 -123
138 225 -127
138 225 -125
138 225 -120
138 225 -118
138 225 -117
138 225 -116
138 226 -127
138 226 -125
138 226 -119
138 226 -118
138 226 -117
138 227 -128
138 227 -127
138 227 -126
138 227 -125
138 227 -124
138 227 -123
138 227 -121
138 227 -119
138 227 -118
138 227 -117
138 227 -116
138 228 -128
138 228 -127
138 228 -125
138 228 -120
138 228 -119
138 228 -118
138 228 -117
138 228 -116
138 229 -128
138 229 -127
138 229 -125
138 229 -121
138 229 -120
138 229 -119
138 229 -117
138 229 -116
138 230 -128
138 230 -126
138 230 -122
138 230 -120
138 230 -119
138 230 -117
138 231 -128
138 231 -127
138 231 -124
138 231 -123
138 231 -122
138 231 -119
138 231 -118
138 231 -117
138 231 -116
138 231 -115
138 231 -114
138 231 -113
138 232 -126
138 232 -125
138 232 -124
138 232 -123
138 232 -122
138 232 -121
138 232 -120
138 232 -119
138 232 -118
138 232 -117
138 232 -116
138 232 -115
138 232 -114
138 232 -113
138 233 -128
138 233 -127
138 233 -125
138 233 -124
138 233 -123
138 233 -122
138 233 -121
138 233 -120
138 233 -119
138 233 -118
138 233 -117
138 233 -116
138 233 -115
138 233 -114
138 233 -113
138 234 -128
138 234 -126
138 234 -125
138 234 -124
138 234 -123
138 234 -122
138 234 -121
138 234 -120
138 234 -119
138 234 -118
138 234 -117
138 234 -116
138 234 -115
138 234 -114
138 234 -113
138 235 -128
138 235 -127
138 235 -126
138 235 -125
138 235 -124
138 235 -123
138 235 -122
138 235 -121
138 235 -120
138 235 -119
138 235 -118
138 235 -117
138 235 -116
138 235 -115
138 235 -114
138 235 -113
138 236 -128
138 236 -127
138 236 -126
138 236 -125
138 236 -124
138 236 -123
138 236 -122
138 236 -121
138 236 -120
138 236 -119
138 236 -118
138 236 -117
138 236 -116
138 236 -115
138 236 -114
138 236 -113
138 237 -128
138 237 -127
138 237 -126
138 237 -125
138 237 -124
138 237 -123
138 237 -122
138 237 -121
138 237 -120
138 237 -119
138 237 -118
138 237 -117
138 237 -116
138 237 -115
138 237 -114
138 237 -113
138 238 -126
138 238 -125
138 238 -124
138 238 -123
138 238 -122
138 238 -121
138 238 -120
138 238 -119
138 238 -118
138 238 -117
138 238 -116
138 238 -115
138 238 -114
138 238 -113
138 239 -125
138 239 -124
138 239 -123
138 239 -122
138 239 -121
138 239 -120
138 239 -119
138 239 -118
138 239 -117
138 239 -116
138 239 -115
138 239 -114
138 239 -113
138 240 -124
138 240 -123
138 240 -122
138 240 -121
138 240 -120
138 240 -118
138 240 -117
138 240 -116
138 240 -115
138 240 -114
138 240 -113
138 241 -121
138 241 -113
138 242 -113
138 243 -113
139 225 -128
139 225 -127
139 225 -126
139 225 -120
139 225 -119
139 225 -118
139 225 -117
139 225 -116
139 225 -114
139 226 -128
139 226 -127
139 226 -120
139 226 -119
139 226 -118
139 226 -117
139 226 -115
139 227 -128
139 227 -127
139 227 -126
139 227 -125
139 227 -124
139 227 -123
139 227 -121
139 227 -120
139 227 -119
139 227 -118
139 227 -117
139 227 -116
139 228 -128
139 228 -125
139 228 -123
139 228 -121
139 228 -120
139 228 -119
139 228 -118
139 228 -117
139 228 -116
139 228 -115
139 228 -114
139 229 -128
139 229 -127
139 229 -126
139 229 -123
139 229 -120
139 229 -119
139 229 -118
139 229 -117
139 229 -116
139 229 -113
139 230 -128
139 230 -127
139 230 -125
139 230 -123
139 230 -122
139 230 -121
139 230 -120
139 230 -119
139 230 -118
139 230 -117
139 230 -116
139 230 -115
139 231 -128
139 231 -127
139 231 -125
139 231 -124
139 231 -123
139 231 -120
139 231 -119
139 231 -118
139 231 -117
139 231 -116
139 231 -115
139 231 -114
139 231 -113
139 232 -128
139 232 -127
139 232 -126
139 232 -125
139 232 -124
139 232 -123
139 232 -122
139 232 -121
139 232 -120
139 232 -119
139 232 -118
139 232 -117
139 232 -116
139 232 -115
139 232 -114
139 232 -113
139 233 -128
139 233 -126
139 233 -125
139 233 -124
139 233 -123
139 233 -122
139 233 -121
139 233 -120
139 233 -119
139 233 -118
139 233 -117
139 233 -116
139 233 -115
139 233 -114
139 233 -113
139 234 -128
139 234 -127
139 234 -126
139 234 -125
139 234 -124
139 234 -123
139 234 -122
139 234 -121
139 234 -120
139 234 -119
139 234 -118
139 234 -117
139 234 -116
139 234 -115
139 234 -114
139 234 -113
139 235 -128
139 235 -127
139 235 -126
139 235 -125
139 235 -124
139 235 -123
139 235 -122
139 235 -121
139 235 -120
139 235 -119
139 235 -118
139 235 -117
139 235 -116
139 235 -115
139 235 -114
139 235 -113
139 236 -128
139 236 -127
139 236 -126
139 236 -125
139 236 -124
139 236 -123
139 236 -122
139 236 -121
139 236 -120
139 236 -119
139 236 -118
139 236 -117
139 236 -116
139 236 -115
139 236 -114
139 236 -113
139 237 -128
139 237 -127
139 237 -126
139 237 -125
139 237 -124
139 237 -123
139 237 -122
139 237 -121
139 237 -120
139 237 -119
139 237 -118
139 237 -117
139 237 -116
139 237 -115
139 237 -114
139 237 -113
139 238 -126
139 238 -125
139 238 -124
139 238 -123
139 238 -122
139 238 -121
139 238 -120
139 238 -119
139 238 -118
139 238 -117
139 238 -116
139 238 -115
139 238 -114
139 238 -113
139 239 -124
139 239 -123
139 239 -122
139 239 -121
139 239 -120
139 239 -119
139 239 -118
139 239 -117
139 239 -116
139 239 -115
139 239 -114
139 239 -113
139 240 -123
139 240 -122
139 240 -121
139 240 -120
139 240 -118
139 240 -117
139 240 -116
139 240 -115
139 240 -114
139 240 -113
139 241 -122
139 241 -121
139 241 -120
139 241 -117
139 241 -116
139 241 -114
139 241 -113
139 242 -114
139 242 -113
139 243 -114
139 243 -113
140 225 -128
140 225 -127
140 225 -126
140 225 -125
140 225 -120
140 225 -119
140 225 -118
140 225 -117
140 225 -116
140 225 -115
140 225 -114
140 225 -113
140 226 -128
140 226 -127
140 226 -125
140 226 -124
140 226 -121
140 226 -120
140 226 -119
140 226 -118
140 226 -117
140 226 -116
140 226 -115
140 226 -114
140 227 -128
140 227 -127
140 227 -126
140 227 -125
140 227 -124
140 227 -123
140 227 -120
140 227 -119
140 227 -118
140 227 -117
140 227 -116
140 227 -115
140 228 -128
140 228 -127
140 228 -126
140 228 -125
140 228 -124
140 228 -123
140 228 -122
140 228 -121
140 228 -120
140 228 -119
140 228 -118
140 228 -117
140 228 -115
140 229 -128
140 229 -127
140 229 -125
140 229 -123
140 229 -121
140 229 -120
140 229 -119
140 229 -118
140 229 -117
140 229 -116
140 229 -114
140 229 -113
140 230 -128
140 230 -127
140 230 -126
140 230 -125
140 230 -124
140 230 -123
140 230 -122
140 230 -121
140 230 -120
140 230 -119
140 230 -118
140 230 -117
140 230 -116
140 230 -115
140 230 -113
140 231 -128
140 231 -127
140 231 -126
140 231 -124
140 231 -123
140 231 -122
140 231 -121
140 231 -120
140 231 -119
140 231 -118
140 231 -117
140 231 -116
140 231 -115
140 231 -114
140 231 -113
140 232 -128
140 232 -126
140 232 -125
140 232 -124
140 232 -123
140 232 -122
140 232 -121
140 232 -120
140 232 -119
140 232 -118
140 232 -117
140 232 -116
140 232 -115
140 232 -114
140 232 -113
140 233 -128
140 233 -127
140 233 -126
140 233 -125
140 233 -124
140 233 -123
140 233 -122
140 233 -121
140 233 -120
140 233 -119
140 233 -118
140 233 -117
140 233 -116
140 233 -115
140 233 -114
140 233 -113
140 234 -128
140 234 -127
140 234 -126
140 234 -125
140 234 -124
140 234 -123
140 234 -122
140 234 -121
140 234 -120
140 234 -119
140 234 -118
140 234 -117
140 234 -116
140 234 -115
140 234 -114
140 234 -113
140 235 -128
140 235 -127
140 235 -126
140 235 -125
140 235 -124
140 235 -123
140 235 -122
140 235 -121
140 235 -120
140 235 -119
140 235 -118
140 235 -117
140 235 -116
140 235 -115
140 235 -114
140 235 -113
140 236 -128
140 236 -127
140 236 -126
140 236 -125
140 236 -124
140 236 -123
140 236 -122
140 236 -121
140 236 -120
140 236 -119
140 236 -118
140 236 -117
140 236 -116
140 236 -115
140 236 -114
140 236 -113
140 237 -128
140 237 -127
140 237 -126
140 237 -125
140 237 -124
140 237 -123
140 237 -122
140 237 -121
140 237 -120
140 237 -119
140 237 -118
140 237 -117
140 237 -116
140 237 -115
140 237 -114
140 237 -113
140 238 -127
140 238 -126
140 238 -125
140 238 -124
140 238 -123
140 238 -122
140 238 -121
140 238 -120
140 238 -119
140 238 -118
140 238 -117
140 238 -116
140 238 -115
140 238 -114
140 238 -113
140 239 -126
140 239 -125
140 239 -124
140 239 -123
140 239 -122
140 239 -121
140 239 -120
140 239 -119
140 239 -118
140 239 -117
140 239 -116
140 239 -115
140 239 -114
140 239 -113
140 240 -124
140 240 -123
140 240 -122
140 240 -121
140 240 -120
140 240 -115
140 240 -114
140 240 -113
140 241 -122
140 241 -121
140 241 -115
140 241 -114
140 241 -113
140 242 -121
140 242 -113
140 243 -113
141 225 -128
141 225 -127
141 225 -126
141 225 -125
141 225 -120
141 225 -119
141 225 -118
141 225 -117
141 225 -116
141 226 -128
141 226 -127
141 226 -126
141 226 -125
141 226 -124
141 226 -120
141 226 -119
141 226 -118
141 226 -117
141 226 -116
141 227 -128
141 227 -127
141 227 -126
141 227 -125
141 227 -124
141 227 -123
141 227 -119
141 227 -117
141 228 -128
141 228 -127
141 228 -126
141 228 -125
141 228 -124
141 228 -123
141 228 -122
141 228 -121
141 228 -120
141 228 -119
141 228 -118
141 228 -117
141 229 -128
141 229 -127
141 229 -126
141 229 -125
141 229 -124
141 229 -123
141 229 -122
141 229 -121
141 229 -119
141 229 -117
141 229 -116
141 229 -115
141 229 -113
141 230 -128
141 230 -127
141 230 -126
141 230 -125
141 230 -124
141 230 -123
141 230 -122
141 230 -121
141 230 -120
141 230 -119
141 230 -117
141 230 -116
141 230 -115
141 230 -114
141 230 -113
141 231 -128
141 231 -127
141 231 -126
141 231 -125
141 231 -124
141 231 -123
141 231 -122
141 231 -121
141 231 -120
141 231 -119
141 231 -117
141 231 -116
141 231 -115
141 231 -114
141 231 -113
141 232 -128
141 232 -127
141 232 -126
141 232 -125
141 232 -124
141 232 -123
141 232 -122
141 232 -121
141 232 -120
141 232 -119
141 232 -118
141 232 -117
141 232 -116
141 232 -115
141 232 -114
141 232 -113
141 233 -128
141 233 -127
141 233 -126
141 233 -125
141 233 -124
141 233 -123
141 233 -122
141 233 -121
141 233 -120
141 233 -119
141 233 -118
141 233 -117
141 233 -116
141 233 -115
141 233 -114
141 233 -113
141 234 -128
141 234 -127
141 234 -126
141 234 -125
141 234 -124
141 234 -123
141 234 -122
141 234 -121
141 234 -120
141 234 -119
141 234 -118
141 234 -117
141 234 -116
141 234 -115
141 234 -114
141 234 -113
141 235 -128
141 235 -126
141 235 -125
141 235 -124
141 235 -123
141 235 -122
141 235 -121
141 235 -120
141 235 -119
141 235 -118
141 235 -117
141 235 -116
141 235 -115
141 235 -114
141 235 -113
141 236 -128
141 236 -126
141 236 -125
141 236 -124
141 236 -123
141 236 -122
141 236 -121
141 236 -120
141 236 -119
141 236 -118
141 236 -117
141 236 -116
141 236 -115
141 236 -114
141 236 -113
141 237 -127
141 237 -126
141 237 -125
141 237 -124
141 237 -123
141 237 -122
141 237 -121
141 237 -120
141 237 -119
141 237 -118
141 237 -117
141 237 -116
141 237 -115
141 237 -114
141 237 -113
141 238 -127
141 238 -126
141 238 -125
141 238 -124
141 238 -123
141 238 -122
141 238 -121
141 238 -120
141 238 -119
141 238 -118
141 238 -117
141 238 -116
141 238 -115
141 238 -114
141 238 -113
141 239 -127
141 239 -126
141 239 -125
141 239 -124
141 239 -123
141 239 -122
141 239 -121
141 239 -120
141 239 -119
141 239 -118
141 239 -117
141 239 -116
141 239 -115
141 239 -114
141 239 -113
141 240 -126
141 240 -125
141 240 -124
141 240 -123
141 240 -121
141 240 -120
141 240 -119
141 240 -118
141 240 -117
141 240 -116
141 240 -115
141 240 -114
141 240 -113
141 241 -125
141 241 -124
141 241 -123
141 241 -122
141 241 -121
141 241 -117
141 241 -116
141 241 -114
141 241 -113
141 242 -122
141 242 -113
142 225 -128
142 225 -127
142 225 -125
142 225 -124
142 225 -123
142 225 -120
142 225 -118
142 225 -117
142 225 -116
142 225 -115
142 226 -128
142 226 -127
142 226 -126
142 226 -125
142 226 -124
142 226 -123
142 226 -119
142 226 -118
142 226 -117
142 227 -128
142 227 -127
142 227 -126
142 227 -125
142 227 -124
142 227 -123
142 227 -122
142 227 -121
142 227 -118
142 227 -117
142 227 -113
142 228 -128
142 228 -127
142 228 -126
142 228 -125
142 228 -124
142 228 -123
142 228 -116
142 228 -114
142 228 -113
142 229 -128
142 229 -127
142 229 -126
142 229 -125
142 229 -124
142 229 -123
142 229 -122
142 229 -117
142 229 -116
142 229 -113
142 230 -128
142 230 -127
142 230 -126
142 230 -125
142 230 -124
142 230 -123
142 230 -122
142 230 -121
142 230 -118
142 230 -117
142 230 -116
142 230 -115
142 230 -113
142 231 -128
142 231 -127
142 231 -126
142 231 -125
142 231 -124
142 231 -123
142 231 -122
142 231 -121
142 231 -118
142 231 -117
142 231 -116
142 231 -115
142 231 -114
142 231 -113
142 232 -128
142 232 -127
142 232 -126
142 232 -125
142 232 -124
142 232 -123
142 232 -122
142 232 -121
142 232 -120
142 232 -119
142 232 -118
142 232 -117
142 232 -116
142 232 -115
142 232 -114
142 232 -113
142 233 -128
142 233 -127
142 233 -126
142 233 -125
142 233 -124
142 233 -123
142 233 -122
142 233 -121
142 233 -120
142 233 -119
142 233 -118
142 233 -117
142 233 -116
142 233 -115
142 233 -114
142 233 -113
142 234 -128
142 234 -127
142 234 -126
142 234 -125
142 234 -124
142 234 -123
142 234 -122
142 234 -121
142 234 -120
142 234 -119
142 234 -118
142 234 -117
142 234 -116
142 234 -115
142 234 -114
142 234 -113
142 235 -128
142 235 -127
142 235 -126
142 235 -125
142 235 -124
142 235 -123
142 235 -122
142 235 -121
142 235 -120
142 235 -119
142 235 -118
142 235 -117
142 235 -116
142 235 -115
142 235 -114
142 235 -113
142 236 -128
142 236 -127
142 236 -126
142 236 -125
142 236 -124
142 236 -123
142 236 -122
142 236 -121
142 236 -120
142 236 -119
142 236 -118
142 236 -117
142 236 -116
142 236 -115
142 236 -114
142 236 -113
142 237 -128
142 237 -127
142 237 -126
142 237 -125
142 237 -124
142 237 -123
142 237 -122
142 237 -121
142 237 -120
142 237 -119
142 237 -118
142 237 -117
142 237 -116
142 237 -115
142 237 -114
142 237 -113
142 238 -127
142 238 -126
142 238 -125
142 238 -124
142 238 -123
142 238 -122
142 238 -121
142 238 -120
142 238 -119
142 238 -118
142 238 -117
142 238 -116
142 238 -115
142 238 -114
142 238 -113
142 239 -127
142 239 -126
142 239 -125
142 239 -124
142 239 -123
142 239 -122
142 239 -121
142 239 -120
142 239 -119
142 239 -117
142 239 -116
142 239 -115
142 239 -114
142 239 -113
142 240 -126
142 240 -125
142 240 -124
142 240 -123
142 240 -122
142 240 -121
142 240 -120
142 240 -119
142 240 -118
142 240 -116
142 240 -115
142 240 -114
142 240 -113
142 241 -124
142 241 -123
142 241 -121
142 241 -120
142 241 -119
142 241 -116
142 242 -116
143 225 -128
143 225 -127
143 225 -126
143 225 -125
143 225 -118
143 225 -117
143 226 -128
143 226 -127
143 226 -126
143 226 -125
143 226 -123
143 226 -122
143 226 -117
143 227 -128
143 227 -127
143 227 -126
143 227 -125
143 227 -124
143 227 -123
143 227 -122
143 227 -113
143 228 -128
143 228 -127
143 228 -126
143 228 -125
143 228 -124
143 228 -123
143 228 -122
143 228 -114
143 228 -113
143 229 -128
143 229 -127
143 229 -126
143 229 -125
143 229 -122
143 229 -115
143 229 -113
143 230 -128
143 230 -127
143 230 -126
143 230 -125
143 230 -124
143 230 -122
143 230 -118
143 230 -117
143 230 -116
143 230 -115
143 230 -114
143 230 -113
143 231 -128
143 231 -127
143 231 -126
143 231 -125
143 231 -124
143 231 -123
143 231 -122
143 231 -121
143 231 -120
143 231 -119
143 231 -118
143 231 -117
143 231 -116
143 231 -115
143 231 -114
143 231 -113
143 232 -128
143 232 -127
143 232 -126
143 232 -125
143 232 -124
143 232 -123
143 232 -122
143 232 -121
143 232 -120
143 232 -119
143 232 -118
143 232 -117
143 232 -116
143 232 -115
143 232 -114
143 232 -113
143 233 -128
143 233 -127
143 233 -126
143 233 -125
143 233 -124
143 233 -123
143 233 -122
143 233 -121
143 233 -120
143 233 -119
143 233 -118
143 233 -117
143 233 -116
143 233 -115
143 233 -114
143 233 -113
143 234 -128
143 234 -127
143 234 -126
143 234 -125
143 234 -124
143 234 -123
143 234 -122
143 234 -121
143 234 -120
143 234 -119
143 234 -118
143 234 -117
143 234 -116
143 234 -115
143 234 -114
143 234 -113
143 235 -128
143 235 -127
143 235 -126
143 235 -125
143 235 -124
143 235 -123
143 235 -122
143 235 -121
143 235 -120
143 235 -119
143 235 -118
143 235 -117
143 235 -116
143 235 -115
143 235 -114
143 235 -113
143 236 -128
143 236 -127
143 236 -126
143 236 -125
143 236 -124
143 236 -123
143 236 -122
143 236 -121
143 236 -120
143 236 -119
143 236 -118
143 236 -117
143 236 -116
143 236 -115
143 236 -114
143 236 -113
143 237 -128
143 237 -127
143 237 -126
143 237 -125
143 237 -124
143 237 -123
143 237 -122
143 237 -121
143 237 -120
143 237 -119
143 237 -118
143 237 -116
143 237 -115
143 237 -114
143 237 -113
143 238 -127
143 238 -126
143 238 -125
143 238 -124
143 238 -123
143 238 -122
143 238 -121
143 238 -120
143 238 -119
143 238 -118
143 238 -117
143 238 -116
143 238 -115
143 238 -114
143 238 -113
143 239 -127
143 239 -126
143 239 -125
143 239 -124
143 239 -123
143 239 -122
143 239 -121
143 239 -120
143 239 -117
143 239 -115
143 239 -114
143 239 -113
143 240 -128
143 240 -127
143 240 -126
143 240 -125
143 240 -124
143 240 -123
143 240 -122
143 240 -119
143 240 -116
143 240 -115
143 240 -114
143 240 -113
143 241 -127
143 241 -125
143 241 -124
143 241 -123
143 241 -122
143 241 -121
143 241 -116
143 241 -114
143 241 -113

