alfheim:altLeaves
6
-71 224 192
-70 223 192
-70 223 193
-70 224 192
-70 224 193
-69 224 192
-68 224 192
-80 229 193
-80 230 192
-80 230 193
-80 230 194
-80 231 192
-80 231 193
-80 231 194
-80 231 195
-80 231 198
-80 232 192
-80 232 193
-80 232 194
-80 232 195
-80 232 196
-80 233 192
-80 233 193
-80 233 194
-80 233 195
-80 233 197
-80 233 198
-80 234 192
-80 234 193
-80 234 194
-80 234 195
-80 234 196
-80 234 197
-80 234 198
-80 235 192
-80 235 193
-80 235 194
-80 235 195
-80 235 196
-80 235 197
-80 235 200
-80 236 192
-80 236 193
-80 236 196
-80 236 198
-80 236 199
-80 237 192
-80 237 194
-80 237 198
-80 237 200
-80 238 192
-80 238 193
-80 240 192
-80 241 192
-79 229 192
-79 230 192
-79 230 193
-79 231 192
-79 231 194
-79 232 192
-79 232 193
-79 232 194
-79 232 195
-79 233 192
-79 233 193
-79 233 194
-79 233 195
-79 233 196
-79 234 192
-79 234 193
-79 234 195
-79 235 192
-79 235 193
-79 235 194
-79 235 195
-79 236 192
-79 236 193
-79 236 194
-79 237 192
-79 237 193
-79 237 194
-79 237 195
-79 238 192
-79 238 193
-79 239 192
-79 240 192
-79 240 193
-79 242 192
-78 228 192
-78 229 192
-78 230 193
-78 231 192
-78 231 193
-78 231 194
-78 232 192
-78 232 193
-78 232 194
-78 232 195
-78 233 192
-78 233 193
-78 233 194
-78 233 195
-78 233 196
-78 234 192
-78 234 193
-78 234 195
-78 235 192
-78 235 193
-78 235 194
-78 235 195
-78 235 196
-78 236 192
-78 236 193
-78 236 194
-78 237 192
-78 237 194
-78 239 192
-78 239 193
-78 240 192
-78 240 193
-78 241 192
-78 242 192
-77 227 192
-77 228 192
-77 229 192
-77 231 192
-77 231 193
-77 232 192
-77 232 194
-77 233 192
-77 233 193
-77 233 194
-77 233 195
-77 233 196
-77 234 192
-77 234 193
-77 234 194
-77 235 192
-77 235 193
-77 235 195
-77 236 192
-77 236 193
-77 236 194
-77 237 192
-77 238 192
-77 239 192
-77 239 193
-77 241 192
-76 226 192
-76 227 192
-76 227 193
-76 228 192
-76 228 193
-76 229 192
-76 230 192
-76 230 193
-76 231 192
-76 232 192
-76 232 193
-76 232 194
-76 233 192
-76 233 193
-76 233 194
-76 234 192
-76 234 193
-76 234 194
-76 234 195
-76 235 192
-76 235 193
-76 236 192
-76 236 193
-76 236 194
-76 237 192
-76 238 192
-76 239 192
-76 240 192
-76 241 192
-75 225 192
-75 226 192
-75 227 193
-75 227 194
-75 228 192
-75 228 193
-75 228 194
-75 229 192
-75 229 193
-75 229 194
-75 230 192
-75 231 192
-75 231 193
-75 232 192
-75 232 193
-75 232 194
-75 233 192
-75 233 193
-75 234 192
-75 234 193
-75 234 194
-75 234 195
-75 235 192
-75 235 193
-75 235 194
-75 235 195
-75 236 192
-75 236 193
-75 236 194
-75 237 192
-75 237 193
-75 237 194
-75 238 192
-75 239 193
-74 225 192
-74 226 192
-74 226 193
-74 226 194
-74 226 195
-74 227 192
-74 227 193
-74 227 194
-74 227 195
-74 228 192
-74 228 193
-74 228 195
-74 229 192
-74 229 194
-74 229 195
-74 230 192
-74 230 193
-74 230 194
-74 231 192
-74 231 193
-74 232 192
-74 232 193
-74 232 194
-74 233 192
-74 233 193
-74 233 194
-74 233 195
-74 234 192
-74 234 193
-74 234 194
-74 234 195
-74 235 192
-74 235 193
-74 235 194
-74 235 196
-74 236 192
-74 236 193
-74 236 194
-74 236 195
-74 237 192
-74 237 193
-74 237 194
-74 237 195
-74 238 192
-74 238 193
-74 239 192
-74 239 193
-74 239 194
-74 240 193
-74 241 192
-73 226 192
-73 226 193
-73 226 194
-73 227 192
-73 227 193
-73 227 195
-73 228 192
-73 228 193
-73 228 194
-73 228 195
-73 228 196
-73 229 192
-73 229 193
-73 229 194
-73 229 195
-73 230 192
-73 230 193
-73 230 194
-73 231 192
-73 231 193
-73 231 194
-73 231 195
-73 232 192
-73 232 193
-73 232 194
-73 232 195
-73 233 192
-73 233 193
-73 233 194
-73 234 192
-73 234 193
-73 234 194
-73 234 195
-73 234 196
-73 234 197
-73 235 192
-73 235 193
-73 235 195
-73 235 196
-73 236 192
-73 236 193
-73 236 194
-73 236 195
-73 236 196
-73 236 197
-73 237 192
-73 237 193
-73 237 194
-73 237 195
-73 238 192
-73 238 193
-73 238 194
-73 239 192
-73 240 192
-73 240 193
-73 241 192
-72 225 192
-72 226 192
-72 226 193
-72 226 194
-72 226 195
-72 227 192
-72 227 193
-72 227 194
-72 227 195
-72 228 192
-72 228 193
-72 228 194
-72 228 195
-72 228 196
-72 229 192
-72 229 193
-72 229 194
-72 229 195
-72 229 196
-72 230 192
-72 230 193
-72 230 194
-72 230 195
-72 230 196
-72 231 192
-72 231 193
-72 231 194
-72 231 195
-72 231 196
-72 232 192
-72 232 193
-72 232 194
-72 232 195
-72 232 196
-72 233 192
-72 233 193
-72 233 194
-72 233 195
-72 233 196
-72 233 197
-72 234 192
-72 234 193
-72 234 194
-72 234 195
-72 234 196
-72 235 192
-72 235 193
-72 235 194
-72 235 195
-72 235 196
-72 235 197
-72 236 192
-72 236 193
-72 236 194
-72 236 195
-72 237 192
-72 237 193
-72 237 195
-72 237 196
-72 238 192
-72 238 193
-72 238 194
-72 239 192
-72 239 193
-71 226 192
-71 226 193
-71 226 194
-71 226 195
-71 227 192
-71 227 193
-71 227 194
-71 228 192
-71 228 193
-71 228 194
-71 229 192
-71 229 193
-71 229 194
-71 229 195
-71 229 196
-71 230 192
-71 230 193
-71 230 194
-71 230 195
-71 231 192
-71 231 193
-71 231 194
-71 231 195
-71 231 196
-71 232 192
-71 232 193
-71 232 194
-71 232 195
-71 232 196
-71 232 197
-71 233 192
-71 233 193
-71 233 194
-71 233 195
-71 233 196
-71 233 197
-71 233 198
-71 234 192
-71 234 193
-71 234 194
-71 234 195
-71 234 196
-71 234 197
-71 234 198
-71 234 199
-71 235 192
-71 235 193
-71 235 194
-71 235 195
-71 235 196
-71 235 197
-71 235 198
-71 235 199
-71 236 192
-71 236 193
-71 236 194
-71 236 195
-71 236 196
-71 236 197
-71 237 192
-71 237 193
-71 237 194
-71 237 195
-71 237 197
-71 238 192
-71 238 193
-71 238 194
-71 238 197
-71 239 192
-71 239 193
-71 239 194
-71 240 192
-70 225 192
-70 225 193
-70 226 192
-70 226 193
-70 226 194
-70 226 195
-70 227 192
-70 227 193
-70 227 194
-70 227 195
-70 228 192
-70 228 193
-70 228 194
-70 229 192
-70 229 193
-70 229 194
-70 229 195
-70 230 192
-70 230 193
-70 230 194
-70 230 195
-70 230 196
-70 230 197
-70 231 192
-70 231 193
-70 231 194
-70 231 195
-70 231 196
-70 231 197
-70 231 198
-70 232 192
-70 232 193
-70 232 194
-70 232 195
-70 232 196
-70 232 197
-70 232 198
-70 233 192
-70 233 193
-70 233 194
-70 233 195
-70 233 196
-70 233 197
-70 233 198
-70 233 199
-70 234 192
-70 234 193
-70 234 194
-70 234 195
-70 234 196
-70 234 197
-70 234 198
-70 234 199
-70 235 192
-70 235 193
-70 235 194
-70 235 195
-70 235 196
-70 235 197
-70 235 198
-70 235 199
-70 236 192
-70 236 193
-70 236 194
-70 236 195
-70 236 196
-70 237 192
-70 237 193
-70 237 194
-70 237 195
-70 237 196
-70 237 197
-70 238 192
-70 238 194
-70 238 195
-70 238 196
-70 238 197
-70 239 192
-70 239 193
-70 239 194
-70 240 194
-69 225 192
-69 225 193
-69 226 192
-69 226 193
-69 227 192
-69 227 194
-69 228 192
-69 228 193
-69 229 192
-69 229 193
-69 229 194
-69 230 192
-69 230 193
-69 230 194
-69 230 195
-69 231 192
-69 231 193
-69 231 194
-69 231 197
-69 232 192
-69 232 193
-69 232 194
-69 232 195
-69 232 196
-69 232 197
-69 232 198
-69 232 199
-69 233 192
-69 233 193
-69 233 194
-69 233 195
-69 233 196
-69 233 197
-69 233 198
-69 233 199
-69 234 192
-69 234 193
-69 234 194
-69 234 195
-69 234 196
-69 234 197
-69 234 198
-69 234 199
-69 235 192
-69 235 193
-69 235 194
-69 235 195
-69 235 196
-69 235 197
-69 235 198
-69 235 199
-69 236 192
-69 236 193
-69 236 194
-69 236 195
-69 236 196
-69 236 197
-69 236 198
-69 236 199
-69 237 192
-69 237 193
-69 237 194
-69 237 195
-69 237 197
-69 238 192
-69 238 193
-69 238 194
-69 238 195
-69 239 192
-69 239 194
-69 239 195
-69 240 194
-68 225 192
-68 226 192
-68 226 193
-68 227 192
-68 227 193
-68 228 192
-68 228 193
-68 229 192
-68 229 193
-68 229 194
-68 230 192
-68 230 193
-68 230 194
-68 230 195
-68 230 196
-68 230 197
-68 231 192
-68 231 193
-68 231 194
-68 231 195
-68 231 196
-68 231 197
-68 231 198
-68 231 199
-68 232 192
-68 232 193
-68 232 194
-68 232 195
-68 232 196
-68 232 197
-68 232 198
-68 232 199
-68 233 192
-68 233 193
-68 233 194
-68 233 195
-68 233 196
-68 233 197
-68 233 198
-68 233 199
-68 234 192
-68 234 193
-68 234 194
-68 234 195
-68 234 196
-68 234 197
-68 234 198
-68 234 199
-68 235 192
-68 235 193
-68 235 194
-68 235 195
-68 235 196
-68 235 197
-68 235 198
-68 235 199
-68 236 192
-68 236 193
-68 236 194
-68 236 195
-68 236 196
-68 236 197
-68 236 198
-68 237 192
-68 237 193
-68 237 194
-68 237 195
-68 237 196
-68 237 197
-68 238 192
-68 238 193
-68 238 194
-68 238 195
-68 239 194
-67 227 192
-67 227 195
-67 228 192
-67 228 193
-67 228 196
-67 229 192
-67 229 193
-67 229 194
-67 229 196
-67 229 197
-67 230 192
-67 230 193
-67 230 194
-67 230 195
-67 230 197
-67 230 198
-67 231 192
-67 231 193
-67 231 194
-67 231 195
-67 231 196
-67 231 197
-67 231 198
-67 232 192
-67 232 193
-67 232 194
-67 232 195
-67 232 196
-67 232 197
-67 232 198
-67 232 199
-67 232 200
-67 233 192
-67 233 193
-67 233 194
-67 233 195
-67 233 196
-67 233 197
-67 233 198
-67 233 199
-67 233 200
-67 234 192
-67 234 193
-67 234 194
-67 234 195
-67 234 196
-67 234 197
-67 234 198
-67 234 199
-67 234 200
-67 235 192
-67 235 193
-67 235 194
-67 235 195
-67 235 196
-67 235 197
-67 235 198
-67 235 199
-67 235 200
-67 236 192
-67 236 193
-67 236 194
-67 236 195
-67 236 196
-67 236 197
-67 236 198
-67 237 193
-67 237 194
-67 237 195
-67 237 197
-67 237 198
-67 238 195
-66 226 195
-66 227 192
-66 227 194
-66 227 195
-66 227 196
-66 228 195
-66 228 196
-66 229 192
-66 229 193
-66 229 194
-66 229 195
-66 229 196
-66 230 192
-66 230 193
-66 230 195
-66 230 196
-66 230 197
-66 230 198
-66 230 199
-66 231 193
-66 231 194
-66 231 195
-66 231 196
-66 231 197
-66 231 198
-66 231 199
-66 232 192
-66 232 193
-66 232 194
-66 232 195
-66 232 196
-66 232 197
-66 232 198
-66 232 199
-66 232 201
-66 233 192
-66 233 193
-66 233 194
-66 233 195
-66 233 196
-66 233 197
-66 233 198
-66 233 199
-66 233 200
-66 233 201
-66 233 202
-66 234 192
-66 234 193
-66 234 194
-66 234 195
-66 234 196
-66 234 197
-66 234 199
-66 234 200
-66 235 192
-66 235 193
-66 235 194
-66 235 195
-66 235 196
-66 235 197
-66 235 198
-66 235 199
-66 236 192
-66 236 193
-66 236 194
-66 236 195
-66 236 196
-66 236 197
-66 236 198
-66 236 199
-66 236 200
-66 237 192
-66 237 193
-66 237 194
-66 237 195
-66 237 196
-66 237 197
-66 237 198
-66 238 193
-66 238 194
-66 238 195
-66 238 196
-66 238 197
-66 238 198
-66 239 195
-65 225 195
-65 226 195
-65 226 196
-65 227 194
-65 227 195
-65 227 196
-65 228 194
-65 228 195
-65 228 196
-65 228 197
-65 229 192
-65 229 193
-65 229 194
-65 229 195
-65 229 196
-65 229 197
-65 230 192
-65 230 193
-65 230 194
-65 230 195
-65 230 196
-65 230 197
-65 230 198
-65 230 199
-65 231 192
-65 231 193
-65 231 194
-65 231 195
-65 231 196
-65 231 197
-65 231 198
-65 231 199
-65 232 192
-65 232 193
-65 232 194
-65 232 195
-65 232 196
-65 232 197
-65 232 198
-65 232 199
-65 232 200
-65 233 192
-65 233 193
-65 233 194
-65 233 195
-65 233 196
-65 233 197
-65 233 198
-65 233 199
-65 233 200
-65 234 192
-65 234 193
-65 234 194
-65 234 195
-65 234 196
-65 234 197
-65 234 198
-65 234 199
-65 234 200
-65 235 192
-65 235 193
-65 235 194
-65 235 195
-65 235 196
-65 235 197
-65 235 198
-65 235 199
-65 235 200
-65 236 192
-65 236 193
-65 236 194
-65 236 195
-65 236 196
-65 236 197
-65 236 198
-65 237 192
-65 237 193
-65 237 194
-65 237 195
-65 237 197
-65 237 198
-65 238 192
-65 238 193
-65 238 194
-65 238 195
-65 238 196
-65 238 197
-65 239 192
-65 239 193
-65 239 194
-65 239 195
-65 240 193
-65 240 194

