alfheim:altWood1
12
-32 208 160
-32 208 161
-32 208 162
-32 208 163
-32 208 164
-32 209 160
-32 209 161
-32 209 162
-32 209 163
-32 209 164
-32 209 165
-32 210 160
-32 210 161
-32 210 162
-32 210 163
-32 210 164
-32 210 165
-32 211 160
-32 211 161
-32 211 162
-32 211 163
-32 211 164
-32 211 165
-32 211 166
-32 212 160
-32 212 161
-32 212 162
-32 212 163
-32 212 164
-32 212 165
-32 212 166
-32 213 160
-32 213 161
-32 213 162
-32 213 163
-32 213 164
-32 213 165
-32 213 166
-32 214 160
-32 214 161
-32 214 162
-32 214 163
-32 214 164
-32 214 165
-31 207 161
-31 207 162
-31 208 160
-31 208 161
-31 208 162
-31 208 163
-31 209 160
-31 209 161
-31 209 162
-31 209 163
-31 209 164
-31 210 160
-31 210 161
-31 210 162
-31 210 163
-31 210 164
-31 210 165
-31 211 160
-31 211 161
-31 211 162
-31 211 163
-31 211 164
-31 211 165
-31 212 160
-31 212 161
-31 212 162
-31 212 163
-31 212 164
-31 212 165
-31 213 160
-31 213 161
-31 213 162
-31 213 163
-31 213 164
-31 213 165
-31 214 160
-31 214 161
-31 214 162
-31 214 163
-31 214 164
-30 207 160
-30 207 161
-30 207 162
-30 208 160
-30 208 161
-30 208 162
-30 208 163
-30 209 160
-30 209 161
-30 209 162
-30 209 163
-30 210 160
-30 210 161
-30 210 162
-30 210 163
-30 210 164
-30 211 160
-30 211 161
-30 211 162
-30 211 163
-30 211 164
-30 212 160
-30 212 161
-30 212 162
-30 212 163
-30 212 164
-30 213 160
-30 213 161
-30 213 162
-30 213 163
-30 213 164
-30 214 160
-30 214 161
-30 214 162
-30 214 163
-29 207 160
-29 207 161
-29 207 162
-29 208 160
-29 208 161
-29 208 162
-29 208 163
-29 209 160
-29 209 161
-29 209 162
-29 209 163
-29 210 160
-29 210 161
-29 210 162
-29 210 163
-29 211 160
-29 211 161
-29 211 162
-29 211 163
-29 212 160
-29 212 161
-29 212 162
-29 212 163
-29 213 160
-29 213 161
-29 213 162
-29 213 163
-29 214 160
-29 214 161
-29 214 162
-28 207 160
-28 207 161
-28 208 160
-28 208 161
-28 208 162
-28 209 160
-28 209 161
-28 209 162
-28 209 163
-28 210 160
-28 210 161
-28 210 162
-28 210 163
-28 211 160
-28 211 161
-28 211 162
-28 211 163
-28 212 160
-28 212 161
-28 212 162
-28 212 163
-28 213 160
-28 213 161
-28 213 162
-28 214 160
-28 214 161
-27 207 160
-27 208 160
-27 208 161
-27 208 162
-27 209 160
-27 209 161
-27 209 162
-27 209 163
-27 210 160
-27 210 161
-27 210 162
-27 210 163
-27 211 160
-27 211 161
-27 211 162
-27 211 163
-27 212 160
-27 212 161
-27 212 162
-27 213 160
-27 213 161
-27 214 160
-26 207 160
-26 208 160
-26 208 161
-26 209 160
-26 209 161
-26 209 162
-26 210 160
-26 210 161
-26 210 162
-26 211 160
-26 211 161
-26 211 162
-26 212 160
-26 212 161
-26 212 162
-26 213 160
-26 213 161
-26 214 160
-25 208 160
-25 209 160
-25 209 161
-25 210 160
-25 210 161
-25 211 160
-25 211 161
-25 212 160
-25 212 161
-24 208 160
-24 209 160
-24 209 161
-24 210 160
-24 210 161
-24 211 160
-24 211 161
-18 223 175
-17 222 175
-17 223 175
alfheim:altLeaves
6
-32 221 164
-32 221 171
-32 222 163
-32 222 164
-32 222 165
-32 222 168
-32 222 169
-32 222 170
-32 222 171
-32 223 163
-32 223 164
-32 223 165
-32 223 166
-32 223 167
-32 223 168
-32 223 169
-32 223 170
-32 223 171
-32 223 172
-32 223 173
-32 223 174
-32 224 163
-32 224 164
-32 224 165
-32 224 166
-32 224 167
-32 224 168
-32 224 169
-32 224 170
-32 224 171
-32 224 172
-32 224 173
-32 224 174
-32 224 175
-31 220 164
-31 221 164
-31 221 168
-31 221 169
-31 221 170
-31 222 162
-31 222 163
-31 222 164
-31 222 165
-31 222 166
-31 222 168
-31 222 169
-31 222 170
-31 222 171
-31 223 164
-31 223 165
-31 223 166
-31 223 167
-31 223 168
-31 223 169
-31 223 170
-31 223 171
-31 223 172
-31 224 163
-31 224 164
-31 224 165
-31 224 166
-31 224 167
-31 224 168
-31 224 169
-31 224 170
-31 224 171
-31 224 172
-31 224 173
-31 224 174
-30 221 164
-30 221 166
-30 222 163
-30 222 164
-30 222 165
-30 222 166
-30 222 167
-30 222 168
-30 222 169
-30 222 171
-30 223 160
-30 223 163
-30 223 164
-30 223 165
-30 223 166
-30 223 167
-30 223 168
-30 223 169
-30 223 170
-30 223 171
-30 223 172
-30 223 175
-30 224 160
-30 224 162
-30 224 163
-30 224 164
-30 224 165
-30 224 166
-30 224 167
-30 224 168
-30 224 169
-30 224 170
-30 224 171
-30 224 172
-30 224 173
-30 224 174
-30 224 175
-29 220 170
-29 221 163
-29 221 168
-29 221 170
-29 221 171
-29 222 163
-29 222 164
-29 222 167
-29 222 168
-29 222 170
-29 222 171
-29 222 172
-29 222 173
-29 223 160
-29 223 161
-29 223 162
-29 223 163
-29 223 164
-29 223 165
-29 223 166
-29 223 167
-29 223 168
-29 223 169
-29 223 170
-29 223 171
-29 223 172
-29 223 173
-29 224 160
-29 224 161
-29 224 162
-29 224 163
-29 224 164
-29 224 165
-29 224 166
-29 224 167
-29 224 168
-29 224 169
-29 224 170
-29 224 171
-29 224 172
-29 224 173
-29 224 175
-28 220 170
-28 220 172
-28 221 161
-28 221 167
-28 221 168
-28 221 170
-28 221 171
-28 221 172
-28 221 173
-28 222 160
-28 222 163
-28 222 167
-28 222 168
-28 222 169
-28 222 170
-28 222 171
-28 222 172
-28 222 173
-28 223 160
-28 223 162
-28 223 164
-28 223 165
-28 223 166
-28 223 167
-28 223 168
-28 223 169
-28 223 170
-28 223 171
-28 223 172
-28 223 173
-28 223 174
-28 223 175
-28 224 160
-28 224 161
-28 224 162
-28 224 163
-28 224 164
-28 224 165
-28 224 166
-28 224 167
-28 224 168
-28 224 169
-28 224 170
-28 224 171
-28 224 172
-28 224 173
-27 221 160
-27 221 161
-27 221 166
-27 221 168
-27 221 169
-27 221 170
-27 222 160
-27 222 161
-27 222 163
-27 222 165
-27 222 166
-27 222 167
-27 222 169
-27 222 170
-27 222 171
-27 222 172
-27 222 173
-27 222 174
-27 223 160
-27 223 161
-27 223 162
-27 223 164
-27 223 165
-27 223 166
-27 223 167
-27 223 168
-27 223 169
-27 223 170
-27 223 171
-27 223 173
-27 223 174
-27 223 175
-27 224 160
-27 224 161
-27 224 162
-27 224 165
-27 224 166
-27 224 167
-27 224 168
-27 224 169
-27 224 170
-27 224 171
-27 224 172
-27 224 173
-27 224 174
-27 224 175
-26 221 160
-26 221 170
-26 221 174
-26 222 160
-26 222 161
-26 222 163
-26 222 164
-26 222 169
-26 222 170
-26 222 171
-26 222 174
-26 223 160
-26 223 161
-26 223 162
-26 223 164
-26 223 165
-26 223 166
-26 223 168
-26 223 169
-26 223 170
-26 223 172
-26 223 174
-26 223 175
-26 224 160
-26 224 161
-26 224 162
-26 224 163
-26 224 164
-26 224 165
-26 224 166
-26 224 167
-26 224 168
-26 224 169
-26 224 170
-26 224 171
-26 224 172
-26 224 173
-26 224 174
-26 224 175
-25 214 175
-25 220 160
-25 221 160
-25 221 161
-25 221 162
-25 221 163
-25 222 160
-25 222 161
-25 222 162
-25 222 163
-25 222 164
-25 222 168
-25 222 169
-25 222 170
-25 222 171
-25 222 175
-25 223 160
-25 223 161
-25 223 162
-25 223 163
-25 223 165
-25 223 166
-25 223 168
-25 223 169
-25 223 170
-25 223 171
-25 223 172
-25 223 174
-25 223 175
-25 224 160
-25 224 161
-25 224 162
-25 224 163
-25 224 164
-25 224 165
-25 224 166
-25 224 167
-25 224 168
-25 224 169
-25 224 170
-25 224 171
-25 224 172
-25 224 174
-25 224 175
-24 211 174
-24 211 175
-24 213 174
-24 213 175
-24 214 174
-24 214 175
-24 215 175
-24 216 174
-24 216 175
-24 217 175
-24 220 162
-24 221 160
-24 221 162
-24 222 160
-24 222 161
-24 222 162
-24 222 163
-24 222 169
-24 223 160
-24 223 161
-24 223 162
-24 223 163
-24 223 164
-24 223 168
-24 223 169
-24 223 172
-24 223 175
-24 224 160
-24 224 161
-24 224 162
-24 224 163
-24 224 164
-24 224 165
-24 224 166
-24 224 167
-24 224 168
-24 224 170
-24 224 172
-24 224 174
-24 224 175
-23 209 174
-23 209 175
-23 210 174
-23 210 175
-23 211 173
-23 211 174
-23 211 175
-23 212 174
-23 212 175
-23 213 172
-23 213 173
-23 213 174
-23 213 175
-23 214 173
-23 214 174
-23 214 175
-23 215 173
-23 215 174
-23 215 175
-23 216 173
-23 216 174
-23 216 175
-23 217 174
-23 217 175
-23 218 172
-23 218 174
-23 218 175
-23 219 175
-23 220 175
-23 222 160
-23 222 175
-23 223 160
-23 223 161
-23 223 162
-23 223 163
-23 223 164
-23 223 167
-23 223 168
-23 223 172
-23 223 175
-23 224 160
-23 224 161
-23 224 162
-23 224 167
-23 224 168
-23 224 171
-23 224 172
-22 208 174
-22 209 174
-22 209 175
-22 210 173
-22 210 174
-22 210 175
-22 211 172
-22 211 173
-22 211 174
-22 211 175
-22 212 173
-22 212 174
-22 212 175
-22 213 172
-22 213 173
-22 213 174
-22 213 175
-22 214 173
-22 214 174
-22 214 175
-22 215 173
-22 215 174
-22 215 175
-22 216 173
-22 216 174
-22 216 175
-22 217 173
-22 217 174
-22 217 175
-22 218 172
-22 218 173
-22 218 174
-22 218 175
-22 219 172
-22 219 173
-22 219 174
-22 220 174
-22 222 160
-22 222 161
-22 222 175
-22 223 160
-22 223 161
-22 223 162
-22 223 163
-22 223 165
-22 223 174
-22 223 175
-22 224 160
-22 224 161
-22 224 162
-22 224 163
-22 224 164
-22 224 166
-22 224 167
-22 224 168
-22 224 171
-22 224 174
-22 224 175
-21 208 175
-21 209 174
-21 209 175
-21 210 174
-21 210 175
-21 211 174
-21 211 175
-21 212 173
-21 212 174
-21 212 175
-21 213 173
-21 213 174
-21 213 175
-21 214 175
-21 215 174
-21 215 175
-21 216 174
-21 216 175
-21 217 173
-21 217 174
-21 217 175
-21 218 173
-21 218 174
-21 218 175
-21 219 174
-21 219 175
-21 220 175
-21 221 160
-21 221 175
-21 222 161
-21 222 162
-21 222 174
-21 222 175
-21 223 160
-21 223 161
-21 223 162
-21 223 163
-21 223 164
-21 223 165
-21 223 174
-21 223 175
-21 224 160
-21 224 161
-21 224 162
-21 224 163
-21 224 164
-21 224 165
-21 224 166
-21 224 169
-21 224 174
-21 224 175
-20 209 175
-20 210 174
-20 210 175
-20 211 174
-20 211 175
-20 212 173
-20 212 174
-20 212 175
-20 213 173
-20 213 174
-20 213 175
-20 214 173
-20 214 174
-20 214 175
-20 215 175
-20 216 175
-20 217 174
-20 217 175
-20 218 173
-20 218 174
-20 218 175
-20 219 175
-20 220 160
-20 221 160
-20 221 161
-20 221 162
-20 222 160
-20 222 162
-20 222 163
-20 222 164
-20 222 165
-20 222 166
-20 223 160
-20 223 161
-20 223 162
-20 223 163
-20 223 164
-20 223 165
-20 223 166
-20 224 160
-20 224 161
-20 224 162
-20 224 163
-20 224 164
-20 224 165
-20 224 166
-20 224 167
-20 224 174
-20 224 175
-19 211 174
-19 211 175
-19 213 175
-19 214 173
-19 214 175
-19 215 175
-19 216 175
-19 217 174
-19 218 174
-19 221 160
-19 221 162
-19 221 163
-19 221 165
-19 222 160
-19 222 161
-19 222 162
-19 222 163
-19 222 164
-19 222 165
-19 222 166
-19 222 167
-19 223 160
-19 223 161
-19 223 162
-19 223 163
-19 223 164
-19 223 165
-19 223 166
-19 223 167
-19 223 168
-19 223 175
-19 224 160
-19 224 161
-19 224 162
-19 224 163
-19 224 164
-19 224 165
-19 224 166
-19 224 167
-19 224 169
-19 224 170
-18 215 175
-18 220 160
-18 221 160
-18 221 161
-18 221 162
-18 221 163
-18 221 164
-18 221 165
-18 221 166
-18 221 167
-18 222 160
-18 222 161
-18 222 162
-18 222 163
-18 222 164
-18 222 165
-18 222 166
-18 222 167
-18 223 160
-18 223 161
-18 223 162
-18 223 163
-18 223 164
-18 223 165
-18 223 166
-18 223 167
-18 223 168
-18 223 169
-18 223 170
-18 223 172
-18 224 160
-18 224 161
-18 224 162
-18 224 163
-18 224 164
-18 224 165
-18 224 166
-18 224 167
-18 224 168
-18 224 169
-18 224 170
-18 224 171
-18 224 172
-18 224 173
-17 220 160
-17 220 162
-17 220 163
-17 220 164
-17 220 165
-17 220 166
-17 221 160
-17 221 161
-17 221 162
-17 221 163
-17 221 164
-17 221 165
-17 221 166
-17 222 160
-17 222 161
-17 222 162
-17 222 163
-17 222 164
-17 222 165
-17 222 166
-17 222 167
-17 222 172
-17 222 174
-17 223 160
-17 223 161
-17 223 162
-17 223 163
-17 223 164
-17 223 165
-17 223 167
-17 223 168
-17 223 170
-17 223 172
-17 223 173
-17 223 174
-17 224 160
-17 224 161
-17 224 162
-17 224 163
-17 224 164
-17 224 165
-17 224 166
-17 224 167
-17 224 168
-17 224 169
-17 224 170
-17 224 172
-17 224 173
-17 224 174
-17 224 175
-32 225 163
-32 225 164
-32 225 165
-32 225 167
-32 225 168
-32 225 169
-32 225 170
-32 225 171
-32 225 172
-32 225 173
-32 225 174
-32 225 175
-32 226 160
-32 226 161
-32 226 162
-32 226 163
-32 226 164
-32 226 165
-32 226 166
-32 226 167
-32 226 168
-32 226 169
-32 226 170
-32 226 171
-32 226 172
-32 226 173
-32 226 174
-32 226 175
-32 227 160
-32 227 161
-32 227 162
-32 227 163
-32 227 164
-32 227 165
-32 227 166
-32 227 167
-32 227 168
-32 227 169
-32 227 170
-32 227 171
-32 227 172
-32 227 173
-32 227 174
-32 227 175
-32 228 160
-32 228 161
-32 228 162
-32 228 163
-32 228 164
-32 228 165
-32 228 166
-32 228 167
-32 228 168
-32 228 169
-32 228 170
-32 228 171
-32 228 172
-32 228 173
-32 228 174
-32 228 175
-32 229 160
-32 229 161
-32 229 162
-32 229 163
-32 229 164
-32 229 165
-32 229 166
-32 229 167
-32 229 168
-32 229 169
-32 229 170
-32 229 171
-32 229 172
-32 229 173
-32 229 174
-32 229 175
-32 230 160
-32 230 161
-32 230 163
-32 230 164
-32 230 165
-32 230 166
-32 230 167
-32 230 168
-32 230 169
-32 230 170
-32 230 171
-32 230 172
-32 230 173
-32 230 174
-32 230 175
-32 231 160
-32 231 161
-32 231 162
-32 231 163
-32 231 164
-32 231 165
-32 231 166
-32 231 167
-32 231 168
-32 231 169
-32 231 170
-32 231 171
-32 231 172
-32 231 173
-32 231 174
-32 231 175
-32 232 160
-32 232 161
-32 232 162
-32 232 163
-32 232 164
-32 232 165
-32 232 166
-32 232 167
-32 232 168
-32 232 169
-32 232 170
-32 232 171
-32 232 172
-32 232 173
-32 232 174
-32 232 175
-32 233 160
-32 233 161
-32 233 162
-32 233 163
-32 233 164
-32 233 165
-32 233 166
-32 233 167
-32 233 168
-32 233 169
-32 233 170
-32 233 171
-32 233 172
-32 233 173
-32 233 174
-32 233 175
-32 234 160
-32 234 161
-32 234 162
-32 234 163
-32 234 164
-32 234 165
-32 234 166
-32 234 167
-32 234 168
-32 234 169
-32 234 170
-32 234 171
-32 234 172
-32 234 173
-32 234 174
-32 234 175
-32 235 160
-32 235 161
-32 235 162
-32 235 163
-32 235 164
-32 235 165
-32 235 166
-32 235 167
-32 235 168
-32 235 169
-32 235 170
-32 235 171
-32 235 172
-32 235 173
-32 235 174
-32 235 175
-32 236 160
-32 236 161
-32 236 162
-32 236 163
-32 236 164
-32 236 165
-32 236 166
-32 236 167
-32 236 168
-32 236 169
-32 236 170
-32 236 171
-32 236 172
-32 236 173
-32 236 174
-32 236 175
-32 237 160
-32 237 161
-32 237 162
-32 237 163
-32 237 164
-32 237 165
-32 237 168
-32 237 169
-32 237 170
-32 237 171
-32 237 172
-32 237 173
-32 237 174
-32 237 175
-32 238 160
-32 238 161
-32 238 162
-32 238 163
-32 238 164
-32 238 167
-32 238 169
-32 238 171
-32 238 172
-32 238 174
-32 239 161
-32 239 163
-32 239 164
-32 239 165
-32 239 168
-32 239 169
-32 239 170
-32 239 172
-32 239 173
-32 239 174
-32 239 175
-32 240 161
-32 240 162
-32 240 163
-32 240 164
-32 240 169
-32 240 170
-32 240 174
-32 241 161
-32 241 162
-32 241 163
-32 241 164
-32 241 165
-32 242 162
-32 242 164
-32 243 162
-31 225 161
-31 225 162
-31 225 163
-31 225 164
-31 225 165
-31 225 166
-31 225 167
-31 225 168
-31 225 169
-31 225 170
-31 225 171
-31 225 172
-31 225 173
-31 225 174
-31 225 175
-31 226 160
-31 226 161
-31 226 162
-31 226 163
-31 226 164
-31 226 165
-31 226 166
-31 226 167
-31 226 168
-31 226 169
-31 226 170
-31 226 171
-31 226 172
-31 226 173
-31 226 174
-31 226 175
-31 227 160
-31 227 161
-31 227 162
-31 227 163
-31 227 164
-31 227 165
-31 227 166
-31 227 167
-31 227 168
-31 227 169
-31 227 170
-31 227 171
-31 227 172
-31 227 173
-31 227 174
-31 227 175
-31 228 160
-31 228 161
-31 228 162
-31 228 163
-31 228 164
-31 228 165
-31 228 166
-31 228 167
-31 228 168
-31 228 169
-31 228 170
-31 228 171
-31 228 172
-31 228 173
-31 228 174
-31 228 175
-31 229 161
-31 229 162
-31 229 163
-31 229 164
-31 229 165
-31 229 166
-31 229 167
-31 229 168
-31 229 169
-31 229 170
-31 229 171
-31 229 172
-31 229 173
-31 229 174
-31 229 175
-31 230 160
-31 230 161
-31 230 162
-31 230 163
-31 230 164
-31 230 165
-31 230 166
-31 230 167
-31 230 168
-31 230 169
-31 230 170
-31 230 171
-31 230 172
-31 230 173
-31 230 174
-31 230 175
-31 231 160
-31 231 161
-31 231 162
-31 231 163
-31 231 164
-31 231 165
-31 231 166
-31 231 167
-31 231 168
-31 231 169
-31 231 170
-31 231 171
-31 231 172
-31 231 173
-31 231 174
-31 231 175
-31 232 160
-31 232 161
-31 232 162
-31 232 163
-31 232 164
-31 232 165
-31 232 166
-31 232 167
-31 232 168
-31 232 169
-31 232 170
-31 232 171
-31 232 172
-31 232 173
-31 232 174
-31 232 175
-31 233 160
-31 233 161
-31 233 162
-31 233 163
-31 233 164
-31 233 165
-31 233 166
-31 233 167
-31 233 168
-31 233 169
-31 233 170
-31 233 171
-31 233 172
-31 233 173
-31 233 174
-31 233 175
-31 234 160
-31 234 161
-31 234 162
-31 234 163
-31 234 164
-31 234 165
-31 234 166
-31 234 167
-31 234 168
-31 234 169
-31 234 170
-31 234 171
-31 234 173
-31 234 174
-31 234 175
-31 235 160
-31 235 161
-31 235 162
-31 235 163
-31 235 164
-31 235 166
-31 235 167
-31 235 168
-31 235 169
-31 235 170
-31 235 171
-31 235 172
-31 235 174
-31 235 175
-31 236 160
-31 236 161
-31 236 162
-31 236 163
-31 236 164
-31 236 165
-31 236 166
-31 236 167
-31 236 168
-31 236 169
-31 236 170
-31 236 171
-31 236 172
-31 236 173
-31 236 174
-31 236 175
-31 237 160
-31 237 161
-31 237 162
-31 237 163
-31 237 164
-31 237 168
-31 237 169
-31 237 170
-31 237 171
-31 237 172
-31 237 173
-31 237 175
-31 238 160
-31 238 161
-31 238 162
-31 238 164
-31 238 165
-31 238 170
-31 238 171
-31 238 172
-31 238 173
-31 238 174
-31 239 160
-31 239 162
-31 239 164
-31 239 169
-31 239 170
-31 239 171
-31 239 174
-31 240 162
-31 240 164
-31 240 170
-31 241 162
-31 241 163
-31 241 164
-31 242 164
-30 225 160
-30 225 162
-30 225 163
-30 225 164
-30 225 165
-30 225 166
-30 225 167
-30 225 168
-30 225 169
-30 225 170
-30 225 171
-30 225 172
-30 225 173
-30 225 175
-30 226 160
-30 226 161
-30 226 162
-30 226 163
-30 226 164
-30 226 165
-30 226 166
-30 226 167
-30 226 168
-30 226 169
-30 226 170
-30 226 171
-30 226 172
-30 226 173
-30 226 174
-30 226 175
-30 227 160
-30 227 161
-30 227 162
-30 227 163
-30 227 164
-30 227 165
-30 227 166
-30 227 167
-30 227 168
-30 227 169
-30 227 170
-30 227 171
-30 227 172
-30 227 173
-30 227 174
-30 227 175
-30 228 160
-30 228 161
-30 228 162
-30 228 163
-30 228 164
-30 228 165
-30 228 166
-30 228 167
-30 228 168
-30 228 169
-30 228 170
-30 228 171
-30 228 172
-30 228 173
-30 228 174
-30 228 175
-30 229 160
-30 229 161
-30 229 162
-30 229 163
-30 229 164
-30 229 165
-30 229 166
-30 229 167
-30 229 168
-30 229 169
-30 229 170
-30 229 171
-30 229 172
-30 229 173
-30 229 174
-30 229 175
-30 230 160
-30 230 161
-30 230 162
-30 230 163
-30 230 164
-30 230 165
-30 230 166
-30 230 167
-30 230 168
-30 230 169
-30 230 170
-30 230 171
-30 230 172
-30 230 173
-30 230 174
-30 230 175
-30 231 160
-30 231 161
-30 231 162
-30 231 163
-30 231 164
-30 231 165
-30 231 166
-30 231 167
-30 231 168
-30 231 169
-30 231 170
-30 231 171
-30 231 172
-30 231 173
-30 231 174
-30 231 175
-30 232 160
-30 232 161
-30 232 162
-30 232 163
-30 232 164
-30 232 165
-30 232 166
-30 232 167
-30 232 168
-30 232 169
-30 232 170
-30 232 171
-30 232 172
-30 232 173
-30 232 174
-30 232 175
-30 233 160
-30 233 161
-30 233 162
-30 233 163
-30 233 164
-30 233 165
-30 233 166
-30 233 167
-30 233 168
-30 233 169
-30 233 170
-30 233 171
-30 233 172
-30 233 173
-30 233 174
-30 233 175
-30 234 160
-30 234 161
-30 234 162
-30 234 163
-30 234 164
-30 234 165
-30 234 166
-30 234 167
-30 234 168
-30 234 169
-30 234 170
-30 234 171
-30 234 172
-30 234 173
-30 234 174
-30 234 175
-30 235 160
-30 235 161
-30 235 162
-30 235 163
-30 235 164
-30 235 165
-30 235 166
-30 235 167
-30 235 168
-30 235 169
-30 235 170
-30 235 171
-30 235 172
-30 235 173
-30 235 174
-30 235 175
-30 236 160
-30 236 161
-30 236 162
-30 236 163
-30 236 164
-30 236 165
-30 236 166
-30 236 167
-30 236 168
-30 236 169
-30 236 170
-30 236 171
-30 236 172
-30 236 173
-30 236 174
-30 236 175
-30 237 160
-30 237 161
-30 237 162
-30 237 163
-30 237 164
-30 237 165
-30 237 170
-30 237 171
-30 237 172
-30 237 173
-30 237 174
-30 238 162
-30 238 163
-30 238 164
-30 238 165
-30 238 172
-29 225 160
-29 225 161
-29 225 162
-29 225 163
-29 225 164
-29 225 165
-29 225 166
-29 225 167
-29 225 168
-29 225 169
-29 225 170
-29 225 171
-29 225 172
-29 225 173
-29 225 175
-29 226 160
-29 226 161
-29 226 162
-29 226 163
-29 226 164
-29 226 165
-29 226 166
-29 226 167
-29 226 168
-29 226 169
-29 226 170
-29 226 171
-29 226 172
-29 226 173
-29 226 174
-29 226 175
-29 227 160
-29 227 161
-29 227 162
-29 227 163
-29 227 164
-29 227 165
-29 227 166
-29 227 167
-29 227 168
-29 227 169
-29 227 170
-29 227 171
-29 227 172
-29 227 173
-29 227 174
-29 227 175
-29 228 160
-29 228 161
-29 228 162
-29 228 163
-29 228 164
-29 228 165
-29 228 166
-29 228 167
-29 228 168
-29 228 169
-29 228 170
-29 228 171
-29 228 172
-29 228 173
-29 228 174
-29 228 175
-29 229 160
-29 229 161
-29 229 162
-29 229 163
-29 229 164
-29 229 165
-29 229 166
-29 229 167
-29 229 168
-29 229 169
-29 229 170
-29 229 171
-29 229 172
-29 229 173
-29 229 174
-29 229 175
-29 230 160
-29 230 161
-29 230 162
-29 230 163
-29 230 164
-29 230 165
-29 230 166
-29 230 167
-29 230 168
-29 230 169
-29 230 170
-29 230 171
-29 230 172
-29 230 173
-29 230 174
-29 230 175
-29 231 160
-29 231 161
-29 231 162
-29 231 163
-29 231 164
-29 231 165
-29 231 166
-29 231 167
-29 231 168
-29 231 169
-29 231 170
-29 231 171
-29 231 172
-29 231 173
-29 231 174
-29 231 175
-29 232 160
-29 232 161
-29 232 162
-29 232 163
-29 232 164
-29 232 165
-29 232 166
-29 232 167
-29 232 168
-29 232 169
-29 232 170
-29 232 171
-29 232 172
-29 232 173
-29 232 174
-29 232 175
-29 233 160
-29 233 161
-29 233 162
-29 233 163
-29 233 164
-29 233 165
-29 233 166
-29 233 167
-29 233 168
-29 233 169
-29 233 170
-29 233 171
-29 233 172
-29 233 173
-29 233 174
-29 233 175
-29 234 160
-29 234 161
-29 234 162
-29 234 163
-29 234 164
-29 234 166
-29 234 167
-29 234 168
-29 234 169
-29 234 170
-29 234 171
-29 234 172
-29 234 174
-29 235 160
-29 235 161
-29 235 162
-29 235 163
-29 235 164
-29 235 165
-29 235 166
-29 235 167
-29 235 168
-29 235 169
-29 235 170
-29 235 171
-29 235 172
-29 235 174
-29 235 175
-29 236 161
-29 236 162
-29 236 163
-29 236 164
-29 236 165
-29 236 166
-29 236 167
-29 236 168
-29 236 169
-29 236 170
-29 236 171
-29 236 172
-29 236 173
-29 236 174
-29 236 175
-29 237 160
-29 237 161
-29 237 163
-29 237 164
-29 237 165
-29 237 166
-29 237 167
-29 237 169
-29 237 170
-29 237 173
-29 237 174
-29 237 175
-29 238 166
-28 225 160
-28 225 161
-28 225 162
-28 225 163
-28 225 164
-28 225 165
-28 225 166
-28 225 167
-28 225 168
-28 225 169
-28 225 170
-28 225 171
-28 225 172
-28 225 173
-28 225 174
-28 225 175
-28 226 160
-28 226 161
-28 226 162
-28 226 163
-28 226 164
-28 226 165
-28 226 166
-28 226 167
-28 226 168
-28 226 169
-28 226 170
-28 226 171
-28 226 172
-28 226 173
-28 226 174
-28 226 175
-28 227 160
-28 227 161
-28 227 162
-28 227 163
-28 227 164
-28 227 165
-28 227 166
-28 227 167
-28 227 168
-28 227 169
-28 227 170
-28 227 171
-28 227 172
-28 227 173
-28 227 174
-28 227 175
-28 228 160
-28 228 161
-28 228 162
-28 228 163
-28 228 164
-28 228 165
-28 228 166
-28 228 167
-28 228 168
-28 228 169
-28 228 170
-28 228 171
-28 228 172
-28 228 173
-28 228 174
-28 228 175
-28 229 160
-28 229 161
-28 229 162
-28 229 163
-28 229 164
-28 229 165
-28 229 166
-28 229 167
-28 229 168
-28 229 169
-28 229 170
-28 229 171
-28 229 172
-28 229 173
-28 229 174
-28 229 175
-28 230 160
-28 230 161
-28 230 162
-28 230 163
-28 230 164
-28 230 165
-28 230 166
-28 230 167
-28 230 168
-28 230 169
-28 230 170
-28 230 171
-28 230 172
-28 230 173
-28 230 174
-28 230 175
-28 231 160
-28 231 161
-28 231 162
-28 231 164
-28 231 165
-28 231 166
-28 231 167
-28 231 168
-28 231 169
-28 231 170
-28 231 171
-28 231 172
-28 231 173
-28 231 174
-28 231 175
-28 232 160
-28 232 161
-28 232 162
-28 232 163
-28 232 164
-28 232 165
-28 232 166
-28 232 168
-28 232 169
-28 232 170
-28 232 171
-28 232 172
-28 232 173
-28 232 174
-28 232 175
-28 233 160
-28 233 161
-28 233 162
-28 233 163
-28 233 164
-28 233 165
-28 233 166
-28 233 167
-28 233 168
-28 233 169
-28 233 170
-28 233 171
-28 233 172
-28 233 173
-28 233 174
-28 233 175
-28 234 160
-28 234 161
-28 234 162
-28 234 163
-28 234 164
-28 234 165
-28 234 166
-28 234 167
-28 234 168
-28 234 169
-28 234 170
-28 234 171
-28 234 172
-28 234 173
-28 234 174
-28 234 175
-28 235 162
-28 235 163
-28 235 164
-28 235 165
-28 235 166
-28 235 167
-28 235 168
-28 235 169
-28 235 170
-28 235 171
-28 235 173
-28 235 174
-28 236 161
-28 236 162
-28 236 163
-28 236 164
-28 236 166
-28 236 167
-28 236 168
-28 236 169
-28 236 170
-28 236 174
-28 237 162
-28 237 163
-28 237 164
-28 237 165
-28 237 166
-28 237 169
-28 237 170
-28 237 171
-28 238 162
-28 238 164
-27 225 160
-27 225 161
-27 225 162
-27 225 163
-27 225 164
-27 225 165
-27 225 166
-27 225 167
-27 225 168
-27 225 169
-27 225 170
-27 225 171
-27 225 172
-27 225 173
-27 225 174
-27 225 175
-27 226 160
-27 226 161
-27 226 162
-27 226 163
-27 226 164
-27 226 165
-27 226 166
-27 226 167
-27 226 168
-27 226 169
-27 226 170
-27 226 171
-27 226 172
-27 226 173
-27 226 174
-27 226 175
-27 227 160
-27 227 161
-27 227 162
-27 227 163
-27 227 164
-27 227 165
-27 227 166
-27 227 167
-27 227 168
-27 227 169
-27 227 170
-27 227 171
-27 227 172
-27 227 173
-27 227 174
-27 227 175
-27 228 160
-27 228 161
-27 228 162
-27 228 163
-27 228 164
-27 228 165
-27 228 166
-27 228 167
-27 228 168
-27 228 169
-27 228 170
-27 228 171
-27 228 172
-27 228 173
-27 228 174
-27 228 175
-27 229 160
-27 229 161
-27 229 162
-27 229 163
-27 229 164
-27 229 165
-27 229 166
-27 229 167
-27 229 168
-27 229 169
-27 229 170
-27 229 171
-27 229 172
-27 229 173
-27 229 174
-27 229 175
-27 230 160
-27 230 161
-27 230 162
-27 230 163
-27 230 164
-27 230 165
-27 230 166
-27 230 167
-27 230 168
-27 230 169
-27 230 170
-27 230 171
-27 230 172
-27 230 173
-27 230 174
-27 230 175
-27 231 160
-27 231 161
-27 231 162
-27 231 163
-27 231 164
-27 231 165
-27 231 166
-27 231 167
-27 231 168
-27 231 169
-27 231 170
-27 231 171
-27 231 172
-27 231 173
-27 231 174
-27 231 175
-27 232 160
-27 232 161
-27 232 162
-27 232 163
-27 232 164
-27 232 165
-27 232 166
-27 232 167
-27 232 168
-27 232 169
-27 232 170
-27 232 171
-27 232 172
-27 232 173
-27 232 174
-27 232 175
-27 233 160
-27 233 161
-27 233 162
-27 233 163
-27 233 164
-27 233 165
-27 233 166
-27 233 167
-27 233 168
-27 233 169
-27 233 170
-27 233 171
-27 233 172
-27 233 173
-27 233 174
-27 233 175
-27 234 161
-27 234 163
-27 234 164
-27 234 165
-27 234 166
-27 234 167
-27 234 168
-27 234 170
-27 234 171
-27 234 172
-27 234 173
-27 234 174
-27 234 175
-27 235 163
-27 235 164
-27 235 165
-27 235 166
-27 235 167
-27 235 170
-27 235 171
-27 235 173
-27 236 163
-27 236 165
-27 236 166
-27 236 171
-27 237 162
-27 237 163
-27 237 164
-27 237 165
-27 237 170
-27 238 164
-26 225 160
-26 225 161
-26 225 162
-26 225 163
-26 225 164
-26 225 165
-26 225 166
-26 225 167
-26 225 168
-26 225 169
-26 225 170
-26 225 171
-26 225 172
-26 225 173
-26 225 174
-26 225 175
-26 226 160
-26 226 161
-26 226 162
-26 226 163
-26 226 164
-26 226 165
-26 226 166
-26 226 167
-26 226 168
-26 226 169
-26 226 170
-26 226 171
-26 226 172
-26 226 173
-26 226 174
-26 226 175
-26 227 160
-26 227 161
-26 227 162
-26 227 163
-26 227 164
-26 227 165
-26 227 166
-26 227 167
-26 227 168
-26 227 169
-26 227 170
-26 227 171
-26 227 172
-26 227 173
-26 227 174
-26 227 175
-26 228 160
-26 228 161
-26 228 162
-26 228 163
-26 228 164
-26 228 165
-26 228 166
-26 228 167
-26 228 168
-26 228 169
-26 228 170
-26 228 171
-26 228 172
-26 228 173
-26 228 174
-26 228 175
-26 229 160
-26 229 161
-26 229 162
-26 229 163
-26 229 164
-26 229 165
-26 229 166
-26 229 167
-26 229 168
-26 229 169
-26 229 170
-26 229 171
-26 229 172
-26 229 173
-26 229 174
-26 229 175
-26 230 160
-26 230 161
-26 230 162
-26 230 163
-26 230 164
-26 230 165
-26 230 166
-26 230 167
-26 230 168
-26 230 169
-26 230 170
-26 230 171
-26 230 172
-26 230 173
-26 230 174
-26 230 175
-26 231 160
-26 231 161
-26 231 162
-26 231 164
-26 231 165
-26 231 166
-26 231 167
-26 231 168
-26 231 169
-26 231 170
-26 231 171
-26 231 172
-26 231 173
-26 231 174
-26 231 175
-26 232 160
-26 232 161
-26 232 162
-26 232 163
-26 232 164
-26 232 165
-26 232 166
-26 232 167
-26 232 168
-26 232 169
-26 232 170
-26 232 171
-26 232 172
-26 232 173
-26 232 174
-26 232 175
-26 233 160
-26 233 161
-26 233 162
-26 233 163
-26 233 164
-26 233 165
-26 233 166
-26 233 167
-26 233 168
-26 233 170
-26 233 171
-26 233 172
-26 233 173
-26 233 174
-26 233 175
-26 234 162
-26 234 163
-26 234 164
-26 234 165
-26 234 168
-26 234 170
-26 234 171
-26 234 172
-26 234 173
-26 234 174
-26 234 175
-26 235 164
-26 235 165
-26 235 166
-26 235 170
-26 235 171
-26 235 172
-26 235 173
-25 225 160
-25 225 161
-25 225 162
-25 225 163
-25 225 164
-25 225 165
-25 225 166
-25 225 167
-25 225 168
-25 225 169
-25 225 170
-25 225 171
-25 225 172
-25 225 173
-25 225 174
-25 225 175
-25 226 160
-25 226 161
-25 226 162
-25 226 163
-25 226 164
-25 226 165
-25 226 166
-25 226 167
-25 226 168
-25 226 169
-25 226 170
-25 226 171
-25 226 172
-25 226 173
-25 226 174
-25 226 175
-25 227 160
-25 227 161
-25 227 162
-25 227 163
-25 227 164
-25 227 165
-25 227 166
-25 227 167
-25 227 168
-25 227 169
-25 227 170
-25 227 171
-25 227 172
-25 227 173
-25 227 174
-25 227 175
-25 228 160
-25 228 161
-25 228 162
-25 228 163
-25 228 164
-25 228 165
-25 228 166
-25 228 167
-25 228 168
-25 228 169
-25 228 170
-25 228 171
-25 228 172
-25 228 173
-25 228 174
-25 228 175
-25 229 160
-25 229 161
-25 229 162
-25 229 163
-25 229 164
-25 229 165
-25 229 166
-25 229 167
-25 229 168
-25 229 169
-25 229 170
-25 229 171
-25 229 172
-25 229 173
-25 229 174
-25 229 175
-25 230 160
-25 230 161
-25 230 162
-25 230 163
-25 230 164
-25 230 165
-25 230 166
-25 230 167
-25 230 168
-25 230 169
-25 230 170
-25 230 171
-25 230 172
-25 230 173
-25 230 174
-25 230 175
-25 231 160
-25 231 161
-25 231 162
-25 231 164
-25 231 165
-25 231 166
-25 231 167
-25 231 168
-25 231 169
-25 231 170
-25 231 171
-25 231 172
-25 231 173
-25 231 174
-25 231 175
-25 232 160
-25 232 161
-25 232 162
-25 232 163
-25 232 164
-25 232 165
-25 232 166
-25 232 167
-25 232 168
-25 232 169
-25 232 170
-25 232 171
-25 232 172
-25 232 173
-25 232 174
-25 232 175
-25 233 160
-25 233 161
-25 233 162
-25 233 164
-25 233 165
-25 233 166
-25 233 167
-25 233 168
-25 233 169
-25 233 170
-25 233 171
-25 233 172
-25 233 174
-25 233 175
-25 234 160
-25 234 161
-25 234 163
-25 234 164
-25 234 167
-25 234 168
-25 234 170
-25 234 172
-25 234 173
-25 234 174
-25 234 175
-25 235 164
-25 235 174
-24 225 160
-24 225 161
-24 225 162
-24 225 163
-24 225 164
-24 225 165
-24 225 166
-24 225 167
-24 225 168
-24 225 169
-24 225 170
-24 225 171
-24 225 172
-24 225 173
-24 225 174
-24 225 175
-24 226 160
-24 226 161
-24 226 162
-24 226 163
-24 226 164
-24 226 165
-24 226 166
-24 226 167
-24 226 168
-24 226 169
-24 226 170
-24 226 171
-24 226 172
-24 226 173
-24 226 174
-24 226 175
-24 227 160
-24 227 161
-24 227 162
-24 227 163
-24 227 164
-24 227 165
-24 227 166
-24 227 167
-24 227 168
-24 227 169
-24 227 170
-24 227 171
-24 227 172
-24 227 173
-24 227 174
-24 227 175
-24 228 160
-24 228 161
-24 228 162
-24 228 163
-24 228 164
-24 228 165
-24 228 166
-24 228 167
-24 228 168
-24 228 169
-24 228 170
-24 228 171
-24 228 172
-24 228 173
-24 228 174
-24 228 175
-24 229 160
-24 229 161
-24 229 162
-24 229 163
-24 229 164
-24 229 165
-24 229 166
-24 229 167
-24 229 168
-24 229 169
-24 229 170
-24 229 171
-24 229 172
-24 229 173
-24 229 174
-24 229 175
-24 230 160
-24 230 161
-24 230 162
-24 230 163
-24 230 164
-24 230 165
-24 230 166
-24 230 167
-24 230 168
-24 230 169
-24 230 170
-24 230 171
-24 230 172
-24 230 173
-24 230 174
-24 230 175
-24 231 160
-24 231 161
-24 231 162
-24 231 163
-24 231 164
-24 231 165
-24 231 166
-24 231 168
-24 231 169
-24 231 170
-24 231 171
-24 231 172
-24 231 173
-24 231 174
-24 231 175
-24 232 161
-24 232 162
-24 232 164
-24 232 165
-24 232 166
-24 232 167
-24 232 168
-24 232 169
-24 232 170
-24 232 171
-24 232 174
-24 232 175
-24 233 168
-24 233 169
-24 233 170
-24 233 173
-24 233 174
-24 233 175
-24 234 167
-24 234 168
-24 234 169
-24 234 172
-24 234 174
-24 235 168
-23 225 160
-23 225 161
-23 225 162
-23 225 163
-23 225 164
-23 225 165
-23 225 166
-23 225 167
-23 225 168
-23 225 169
-23 225 170
-23 225 171
-23 225 172
-23 225 173
-23 225 174
-23 225 175
-23 226 160
-23 226 161
-23 226 162
-23 226 163
-23 226 164
-23 226 165
-23 226 166
-23 226 167
-23 226 168
-23 226 169
-23 226 170
-23 226 171
-23 226 172
-23 226 173
-23 226 174
-23 226 175
-23 227 160
-23 227 161
-23 227 162
-23 227 163
-23 227 164
-23 227 165
-23 227 166
-23 227 167
-23 227 168
-23 227 169
-23 227 170
-23 227 171
-23 227 172
-23 227 173
-23 227 175
-23 228 160
-23 228 161
-23 228 162
-23 228 163
-23 228 164
-23 228 165
-23 228 166
-23 228 167
-23 228 168
-23 228 169
-23 228 170
-23 228 171
-23 228 172
-23 228 174
-23 228 175
-23 229 160
-23 229 161
-23 229 162
-23 229 163
-23 229 164
-23 229 165
-23 229 166
-23 229 167
-23 229 168
-23 229 169
-23 229 170
-23 229 171
-23 229 172
-23 229 173
-23 229 174
-23 229 175
-23 230 160
-23 230 161
-23 230 162
-23 230 165
-23 230 166
-23 230 167
-23 230 168
-23 230 169
-23 230 170
-23 230 171
-23 230 172
-23 230 173
-23 230 174
-23 230 175
-23 231 161
-23 231 162
-23 231 164
-23 231 165
-23 231 166
-23 231 167
-23 231 168
-23 231 169
-23 231 170
-23 231 172
-23 231 174
-23 231 175
-23 232 165
-23 232 166
-23 232 167
-23 232 168
-23 232 169
-23 232 170
-23 232 172
-23 233 166
-23 233 167
-23 233 168
-23 233 169
-23 233 170
-23 233 171
-23 233 174
-23 234 168
-23 234 169
-23 234 170
-23 235 169
-22 225 160
-22 225 161
-22 225 162
-22 225 163
-22 225 164
-22 225 165
-22 225 166
-22 225 167
-22 225 168
-22 225 169
-22 225 170
-22 225 171
-22 225 172
-22 225 173
-22 225 175
-22 226 160
-22 226 161
-22 226 162
-22 226 163
-22 226 164
-22 226 165
-22 226 166
-22 226 168
-22 226 169
-22 226 170
-22 226 171
-22 226 172
-22 226 173
-22 226 174
-22 226 175
-22 227 160
-22 227 161
-22 227 162
-22 227 163
-22 227 164
-22 227 165
-22 227 166
-22 227 167
-22 227 168
-22 227 169
-22 227 170
-22 227 171
-22 227 172
-22 227 173
-22 227 174
-22 227 175
-22 228 160
-22 228 161
-22 228 162
-22 228 163
-22 228 164
-22 228 165
-22 228 166
-22 228 167
-22 228 168
-22 228 169
-22 228 170
-22 228 171
-22 228 172
-22 228 173
-22 228 174
-22 228 175
-22 229 160
-22 229 161
-22 229 162
-22 229 163
-22 229 164
-22 229 165
-22 229 166
-22 229 167
-22 229 168
-22 229 169
-22 229 170
-22 229 171
-22 229 172
-22 229 173
-22 229 174
-22 229 175
-22 230 160
-22 230 161
-22 230 162
-22 230 167
-22 230 168
-22 230 169
-22 230 170
-22 230 171
-22 230 172
-22 230 173
-22 230 174
-22 230 175
-22 231 160
-22 231 161
-22 231 162
-22 231 163
-22 231 164
-22 231 165
-22 231 166
-22 231 167
-22 231 168
-22 231 169
-22 231 170
-22 231 171
-22 231 172
-22 231 173
-22 231 174
-22 231 175
-22 232 162
-22 232 165
-22 232 167
-22 232 168
-22 232 169
-22 232 170
-22 232 171
-22 232 172
-22 232 174
-22 232 175
-22 233 168
-22 233 170
-22 233 175
-22 234 169
-21 225 160
-21 225 161
-21 225 162
-21 225 163
-21 225 164
-21 225 165
-21 225 166
-21 225 167
-21 225 168
-21 225 169
-21 225 172
-21 225 173
-21 225 174
-21 225 175
-21 226 160
-21 226 161
-21 226 162
-21 226 163
-21 226 164
-21 226 165
-21 226 166
-21 226 167
-21 226 168
-21 226 169
-21 226 170
-21 226 171
-21 226 172
-21 226 173
-21 226 174
-21 226 175
-21 227 160
-21 227 161
-21 227 162
-21 227 163
-21 227 164
-21 227 165
-21 227 166
-21 227 167
-21 227 169
-21 227 170
-21 227 171
-21 227 172
-21 227 173
-21 227 174
-21 227 175
-21 228 160
-21 228 161
-21 228 162
-21 228 163
-21 228 164
-21 228 165
-21 228 166
-21 228 167
-21 228 168
-21 228 169
-21 228 170
-21 228 171
-21 228 172
-21 228 173
-21 228 174
-21 228 175
-21 229 160
-21 229 161
-21 229 162
-21 229 163
-21 229 164
-21 229 165
-21 229 166
-21 229 167
-21 229 168
-21 229 169
-21 229 170
-21 229 171
-21 229 172
-21 229 173
-21 229 174
-21 229 175
-21 230 160
-21 230 161
-21 230 162
-21 230 163
-21 230 164
-21 230 165
-21 230 166
-21 230 167
-21 230 168
-21 230 169
-21 230 170
-21 230 171
-21 230 172
-21 230 173
-21 230 174
-21 230 175
-21 231 160
-21 231 161
-21 231 162
-21 231 163
-21 231 166
-21 231 167
-21 231 168
-21 231 169
-21 231 170
-21 231 171
-21 231 172
-21 231 173
-21 231 174
-21 231 175
-21 232 162
-21 232 166
-21 232 168
-21 232 169
-21 232 170
-21 232 174
-21 232 175
-21 233 168
-21 233 169
-21 233 170
-20 225 160
-20 225 161
-20 225 162
-20 225 163
-20 225 164
-20 225 165
-20 225 166
-20 225 167
-20 225 168
-20 225 169
-20 225 171
-20 225 173
-20 225 174
-20 225 175
-20 226 160
-20 226 161
-20 226 162
-20 226 163
-20 226 164
-20 226 165
-20 226 166
-20 226 167
-20 226 168
-20 226 169
-20 226 170
-20 226 171
-20 226 172
-20 226 173
-20 226 174
-20 226 175
-20 227 160
-20 227 161
-20 227 162
-20 227 163
-20 227 164
-20 227 165
-20 227 166
-20 227 167
-20 227 168
-20 227 169
-20 227 170
-20 227 171
-20 227 172
-20 227 173
-20 227 174
-20 227 175
-20 228 160
-20 228 161
-20 228 162
-20 228 163
-20 228 164
-20 228 165
-20 228 166
-20 228 167
-20 228 168
-20 228 169
-20 228 170
-20 228 171
-20 228 172
-20 228 173
-20 228 174
-20 228 175
-20 229 160
-20 229 161
-20 229 162
-20 229 163
-20 229 164
-20 229 166
-20 229 167
-20 229 168
-20 229 169
-20 229 170
-20 229 171
-20 229 172
-20 229 173
-20 229 174
-20 229 175
-20 230 160
-20 230 161
-20 230 162
-20 230 163
-20 230 165
-20 230 166
-20 230 167
-20 230 168
-20 230 169
-20 230 170
-20 230 171
-20 230 172
-20 230 173
-20 230 174
-20 230 175
-20 231 160
-20 231 161
-20 231 162
-20 231 167
-20 231 168
-20 231 169
-20 231 170
-20 231 171
-20 231 172
-20 231 173
-20 231 174
-20 231 175
-20 232 160
-20 232 172
-20 232 173
-20 232 174
-20 233 173
-20 233 174
-19 225 160
-19 225 161
-19 225 162
-19 225 163
-19 225 164
-19 225 165
-19 225 166
-19 225 167
-19 225 168
-19 225 169
-19 225 170
-19 225 171
-19 225 172
-19 225 173
-19 225 174
-19 225 175
-19 226 160
-19 226 161
-19 226 162
-19 226 163
-19 226 164
-19 226 165
-19 226 166
-19 226 167
-19 226 168
-19 226 169
-19 226 170
-19 226 171
-19 226 172
-19 226 173
-19 226 174
-19 226 175
-19 227 160
-19 227 161
-19 227 162
-19 227 163
-19 227 164
-19 227 165
-19 227 166
-19 227 167
-19 227 169
-19 227 170
-19 227 171
-19 227 172
-19 227 173
-19 227 174
-19 227 175
-19 228 160
-19 228 161
-19 228 162
-19 228 163
-19 228 164
-19 228 166
-19 228 167
-19 228 168
-19 228 169
-19 228 170
-19 228 171
-19 228 172
-19 228 173
-19 228 174
-19 228 175
-19 229 160
-19 229 161
-19 229 162
-19 229 163
-19 229 164
-19 229 165
-19 229 166
-19 229 167
-19 229 168
-19 229 169
-19 229 171
-19 229 172
-19 229 174
-19 229 175
-19 230 160
-19 230 162
-19 230 163
-19 230 164
-19 230 165
-19 230 167
-19 230 169
-19 230 170
-19 230 171
-19 230 172
-19 230 173
-19 230 174
-19 230 175
-19 231 162
-19 231 163
-19 231 165
-19 231 169
-19 231 170
-19 231 172
-19 231 173
-19 231 174
-19 232 162
-19 232 163
-19 232 173
-19 232 174
-18 225 160
-18 225 161
-18 225 162
-18 225 163
-18 225 164
-18 225 165
-18 225 166
-18 225 167
-18 225 168
-18 225 169
-18 225 171
-18 225 172
-18 225 173
-18 225 174
-18 225 175
-18 226 160
-18 226 161
-18 226 162
-18 226 163
-18 226 164
-18 226 165
-18 226 166
-18 226 167
-18 226 168
-18 226 169
-18 226 170
-18 226 171
-18 226 172
-18 226 173
-18 226 174
-18 226 175
-18 227 160
-18 227 161
-18 227 162
-18 227 163
-18 227 164
-18 227 165
-18 227 166
-18 227 167
-18 227 168
-18 227 169
-18 227 170
-18 227 171
-18 227 172
-18 227 173
-18 227 174
-18 227 175
-18 228 160
-18 228 161
-18 228 162
-18 228 163
-18 228 164
-18 228 165
-18 228 166
-18 228 168
-18 228 169
-18 228 171
-18 228 172
-18 228 173
-18 228 174
-18 228 175
-18 229 160
-18 229 161
-18 229 162
-18 229 163
-18 229 164
-18 229 165
-18 229 166
-18 229 167
-18 229 172
-18 229 173
-18 229 174
-18 229 175
-18 230 160
-18 230 161
-18 230 163
-18 230 164
-18 230 169
-18 230 173
-18 230 174
-18 230 175
-18 231 161
-18 231 163
-18 231 173
-18 231 174
-18 231 175
-18 232 174
-18 232 175
-17 225 160
-17 225 161
-17 225 162
-17 225 163
-17 225 164
-17 225 165
-17 225 166
-17 225 167
-17 225 168
-17 225 169
-17 225 170
-17 225 171
-17 225 172
-17 225 173
-17 225 174
-17 226 160
-17 226 161
-17 226 162
-17 226 163
-17 226 164
-17 226 165
-17 226 166
-17 226 167
-17 226 168
-17 226 169
-17 226 170
-17 226 171
-17 226 172
-17 226 173
-17 226 174
-17 226 175
-17 227 160
-17 227 161
-17 227 162
-17 227 163
-17 227 164
-17 227 165
-17 227 166
-17 227 167
-17 227 168
-17 227 170
-17 227 171
-17 227 172
-17 227 173
-17 227 174
-17 227 175
-17 228 160
-17 228 161
-17 228 162
-17 228 163
-17 228 164
-17 228 165
-17 228 166
-17 228 167
-17 228 168
-17 228 169
-17 228 170
-17 228 172
-17 228 173
-17 228 174
-17 228 175
-17 229 160
-17 229 161
-17 229 162
-17 229 163
-17 229 164
-17 229 165
-17 229 166
-17 229 167
-17 229 171
-17 229 172
-17 229 173
-17 229 174
-17 229 175
-17 230 160
-17 230 161
-17 230 162
-17 230 163
-17 230 165
-17 230 172
-17 230 173
-17 230 174
-17 230 175
-17 231 160
-17 231 162
-17 231 165
-17 231 174
-17 231 175
-17 232 162
-17 232 174
-17 232 175
-17 233 174

