alfheim:altLeaves
6
0 219 224
0 220 224
0 220 225
0 221 224
0 221 225
0 221 226
0 222 224
0 222 225
0 223 224
0 223 225
0 223 226
0 223 227
0 224 224
0 224 225
0 224 226
0 224 227
1 220 224
1 221 224
1 221 225
1 222 224
1 222 225
1 223 224
1 223 225
1 223 226
1 224 224
1 224 225
2 222 224
2 222 225
2 223 224
2 223 225
3 221 224
3 222 224
3 223 224
3 224 224
4 222 225
4 223 224
4 223 225
4 223 226
4 224 225
5 223 225
6 221 224
6 222 225
6 224 226
7 220 224
7 221 224
7 221 225
7 221 226
7 222 224
7 222 225
7 222 226
7 223 224
7 223 225
7 224 224
7 224 225
8 219 224
8 220 224
8 221 224
8 221 226
8 222 224
8 222 225
8 222 226
8 223 225
8 224 224
8 224 225
9 219 226
9 220 224
9 220 226
9 221 224
9 221 225
9 221 226
9 221 227
9 222 224
9 222 225
9 222 227
9 223 225
9 223 226
9 224 224
9 224 225
9 224 226
9 224 227
9 224 228
10 218 224
10 219 224
10 219 225
10 220 225
10 220 226
10 221 225
10 221 226
10 221 227
10 222 224
10 222 225
10 222 226
10 223 224
10 223 225
10 223 226
10 223 227
10 224 224
10 224 225
10 224 226
10 224 227
10 224 228
11 219 224
11 220 224
11 220 225
11 220 226
11 221 224
11 221 225
11 221 226
11 222 224
11 222 225
11 222 226
11 223 224
11 223 225
11 223 226
11 224 224
11 224 225
11 224 226
11 224 227
11 224 228
12 218 224
12 219 224
12 220 224
12 220 225
12 221 224
12 221 225
12 221 226
12 222 224
12 222 225
12 222 226
12 222 227
12 223 224
12 223 225
12 223 226
12 224 224
12 224 225
12 224 226
13 219 224
13 220 224
13 221 224
13 221 225
13 222 225
13 222 226
13 223 224
13 223 225
13 223 226
13 224 224
13 224 226
13 224 227
14 220 224
14 221 224
14 222 224
14 222 225
14 223 224
14 223 225
14 223 226
14 224 224
14 224 225
14 224 226
14 224 227
15 221 224
15 222 224
15 222 226
15 223 224
15 223 225
15 223 226
15 224 224
15 224 225
15 224 226
15 224 227
0 225 224
0 225 225
0 225 226
0 226 224
0 226 225
0 226 227
0 227 224
0 227 225
0 227 226
0 227 227
0 228 224
0 228 225
0 228 226
0 228 227
0 228 228
0 229 224
0 229 225
0 229 226
0 229 227
0 229 228
0 229 229
0 230 224
0 230 225
0 230 226
0 230 227
0 230 228
0 230 229
0 230 230
0 230 231
0 231 224
0 231 225
0 231 226
0 231 227
0 231 228
0 232 224
0 232 225
0 232 226
0 232 227
0 232 228
0 232 229
0 233 224
0 233 225
0 233 226
0 233 227
0 234 224
0 234 225
0 235 224
1 225 224
1 225 225
1 225 226
1 226 224
1 226 225
1 226 226
1 227 224
1 227 225
1 227 226
1 227 227
1 228 224
1 228 225
1 228 226
1 228 227
1 228 228
1 228 229
1 229 224
1 229 225
1 229 226
1 229 227
1 229 228
1 229 229
1 230 224
1 230 225
1 230 226
1 230 227
1 230 228
1 230 230
1 231 224
1 231 225
1 231 226
1 231 227
1 231 228
1 231 229
1 232 224
1 232 225
1 232 226
1 232 227
1 232 228
1 233 224
1 233 225
1 233 226
1 233 227
1 234 225
1 234 226
1 235 224
1 236 224
2 225 224
2 226 224
2 226 225
2 227 224
2 227 225
2 227 226
2 227 227
2 228 224
2 228 225
2 228 226
2 228 227
2 228 228
2 228 229
2 228 230
2 229 224
2 229 225
2 229 226
2 229 227
2 229 228
2 229 229
2 229 230
2 230 224
2 230 225
2 230 226
2 230 227
2 230 228
2 230 229
2 230 230
2 230 231
2 231 224
2 231 225
2 231 226
2 231 227
2 231 228
2 231 229
2 231 230
2 231 231
2 232 224
2 232 225
2 232 226
2 232 227
2 232 228
2 232 230
2 233 224
2 233 225
2 233 226
2 233 227
2 233 228
2 234 224
2 234 225
2 234 226
2 234 227
2 235 224
2 235 225
2 235 226
2 236 224
2 236 225
3 225 224
3 225 225
3 226 224
3 226 225
3 227 224
3 227 225
3 227 226
3 227 227
3 228 224
3 228 225
3 228 226
3 228 227
3 228 228
3 228 229
3 228 230
3 229 224
3 229 225
3 229 226
3 229 227
3 229 228
3 229 229
3 230 224
3 230 225
3 230 226
3 230 227
3 230 228
3 230 229
3 230 230
3 230 231
3 231 224
3 231 225
3 231 226
3 231 227
3 231 228
3 231 229
3 231 230
3 232 224
3 232 225
3 232 226
3 232 227
3 232 228
3 232 229
3 233 224
3 233 225
3 233 226
3 233 227
3 233 228
3 234 225
3 234 226
3 234 227
3 235 224
3 235 226
3 236 226
4 225 224
4 225 225
4 225 226
4 226 225
4 226 226
4 227 224
4 227 225
4 227 226
4 227 227
4 227 228
4 228 224
4 228 225
4 228 226
4 228 227
4 228 228
4 228 229
4 229 224
4 229 225
4 229 226
4 229 227
4 229 228
4 229 229
4 230 224
4 230 225
4 230 226
4 230 227
4 230 228
4 230 229
4 230 230
4 230 231
4 231 224
4 231 225
4 231 226
4 231 227
4 231 228
4 231 230
4 232 224
4 232 225
4 232 226
4 232 227
4 232 228
4 232 229
4 233 224
4 233 225
4 233 226
4 233 227
4 233 228
4 234 224
4 234 225
4 234 226
4 234 227
4 235 224
4 235 225
4 235 226
4 236 224
5 225 224
5 225 225
5 226 224
5 226 225
5 226 226
5 227 224
5 227 225
5 227 226
5 227 227
5 227 228
5 228 224
5 228 225
5 228 226
5 228 227
5 228 228
5 228 229
5 228 230
5 229 224
5 229 225
5 229 226
5 229 227
5 229 228
5 229 229
5 229 230
5 230 224
5 230 225
5 230 226
5 230 227
5 230 228
5 230 229
5 230 230
5 230 231
5 231 224
5 231 225
5 231 226
5 231 227
5 231 228
5 232 224
5 232 225
5 232 226
5 232 227
5 232 228
5 232 229
5 232 230
5 233 224
5 233 225
5 233 226
5 233 227
5 233 228
5 234 224
5 234 225
5 234 226
5 234 227
5 234 229
5 235 224
5 235 225
5 235 226
5 236 224
5 236 225
6 225 225
6 225 226
6 225 227
6 225 228
6 226 224
6 226 225
6 226 226
6 226 227
6 226 228
6 226 229
6 227 224
6 227 225
6 227 226
6 227 227
6 227 228
6 227 229
6 227 230
6 228 224
6 228 225
6 228 226
6 228 227
6 228 228
6 228 229
6 228 230
6 228 231
6 229 224
6 229 225
6 229 226
6 229 227
6 229 228
6 229 229
6 229 230
6 230 224
6 230 225
6 230 226
6 230 227
6 230 228
6 230 229
6 230 230
6 230 231
6 231 224
6 231 225
6 231 226
6 231 227
6 231 228
6 231 229
6 231 230
6 231 232
6 232 224
6 232 225
6 232 226
6 232 227
6 232 228
6 232 229
6 232 230
6 232 231
6 232 232
6 233 224
6 233 225
6 233 226
6 233 227
6 233 228
6 233 230
6 233 231
6 234 224
6 234 225
6 234 226
6 234 227
6 234 228
6 234 229
6 235 224
6 235 225
6 235 227
6 235 229
7 225 224
7 225 225
7 225 226
7 225 227
7 225 228
7 226 224
7 226 225
7 226 226
7 226 227
7 226 228
7 227 224
7 227 225
7 227 226
7 227 227
7 227 231
7 228 224
7 228 225
7 228 226
7 228 227
7 228 228
7 228 231
7 228 232
7 229 224
7 229 225
7 229 226
7 229 227
7 229 228
7 229 229
7 229 230
7 229 231
7 229 232
7 230 224
7 230 225
7 230 226
7 230 227
7 230 228
7 230 229
7 230 230
7 230 231
7 230 232
7 231 224
7 231 225
7 231 226
7 231 227
7 231 228
7 231 229
7 231 230
7 231 231
7 231 232
7 231 233
7 232 224
7 232 225
7 232 226
7 232 227
7 232 228
7 232 229
7 232 230
7 232 231
7 232 232
7 232 233
7 233 224
7 233 225
7 233 226
7 233 227
7 233 228
7 233 229
7 233 230
7 233 231
7 233 232
7 233 233
7 234 224
7 234 225
7 234 226
7 234 227
7 234 228
7 234 229
7 234 231
7 234 232
7 235 224
7 235 225
7 235 226
7 235 227
7 235 228
7 235 229
7 236 226
7 236 227
7 236 228
7 237 227
7 237 228
8 225 224
8 225 225
8 225 226
8 226 224
8 226 225
8 226 226
8 226 227
8 226 228
8 227 224
8 227 225
8 227 226
8 227 227
8 227 228
8 227 229
8 227 230
8 228 224
8 228 225
8 228 226
8 228 227
8 228 228
8 228 229
8 228 230
8 228 231
8 228 232
8 229 224
8 229 225
8 229 226
8 229 227
8 229 228
8 229 229
8 229 230
8 229 231
8 229 232
8 230 224
8 230 225
8 230 226
8 230 227
8 230 228
8 230 229
8 230 230
8 230 231
8 230 232
8 231 224
8 231 225
8 231 226
8 231 227
8 231 228
8 231 229
8 231 230
8 231 231
8 231 232
8 231 233
8 232 224
8 232 225
8 232 226
8 232 227
8 232 228
8 232 229
8 232 230
8 232 231
8 232 232
8 232 233
8 233 224
8 233 225
8 233 226
8 233 227
8 233 228
8 233 229
8 233 230
8 233 231
8 233 232
8 233 233
8 234 224
8 234 225
8 234 226
8 234 227
8 234 228
8 234 229
8 234 230
8 234 231
8 234 232
8 235 224
8 235 225
8 235 226
8 235 227
8 235 228
8 235 229
8 235 230
8 236 226
8 236 227
8 236 228
8 236 229
8 236 230
8 237 227
9 225 224
9 225 225
9 225 226
9 225 227
9 226 224
9 226 225
9 226 226
9 226 227
9 226 228
9 227 224
9 227 225
9 227 226
9 227 227
9 227 228
9 227 229
9 227 230
9 228 224
9 228 225
9 228 226
9 228 227
9 228 228
9 228 229
9 228 230
9 228 231
9 229 224
9 229 225
9 229 226
9 229 227
9 229 228
9 229 229
9 229 230
9 229 231
9 229 232
9 229 233
9 230 224
9 230 225
9 230 226
9 230 227
9 230 228
9 230 229
9 230 230
9 230 231
9 230 232
9 230 233
9 231 224
9 231 225
9 231 226
9 231 227
9 231 228
9 231 229
9 231 230
9 231 231
9 231 232
9 232 224
9 232 225
9 232 226
9 232 227
9 232 228
9 232 229
9 232 230
9 232 231
9 232 232
9 232 233
9 233 224
9 233 225
9 233 226
9 233 227
9 233 228
9 233 229
9 233 230
9 233 231
9 233 232
9 233 233
9 234 224
9 234 225
9 234 226
9 234 227
9 234 228
9 234 229
9 234 230
9 235 224
9 235 225
9 235 226
9 235 227
9 235 228
9 235 229
9 235 230
9 236 224
9 236 225
9 236 226
9 236 227
9 236 228
9 236 229
9 236 230
9 237 225
9 237 227
9 237 228
10 225 224
10 225 225
10 225 226
10 225 227
10 225 228
10 225 229
10 226 224
10 226 225
10 226 226
10 226 227
10 226 228
10 226 229
10 227 224
10 227 225
10 227 226
10 227 227
10 227 228
10 227 229
10 227 230
10 228 224
10 228 225
10 228 226
10 228 227
10 228 228
10 228 229
10 228 230
10 229 224
10 229 225
10 229 226
10 229 227
10 229 228
10 229 229
10 229 230
10 229 231
10 229 232
10 230 224
10 230 225
10 230 226
10 230 227
10 230 228
10 230 229
10 230 230
10 230 231
10 230 232
10 230 233
10 231 224
10 231 225
10 231 226
10 231 227
10 231 228
10 231 229
10 231 230
10 231 231
10 231 232
10 232 224
10 232 225
10 232 226
10 232 227
10 232 228
10 232 229
10 232 230
10 232 231
10 232 232
10 232 233
10 233 224
10 233 225
10 233 226
10 233 227
10 233 228
10 233 229
10 233 230
10 233 231
10 234 224
10 234 225
10 234 226
10 234 227
10 234 228
10 234 229
10 234 230
10 234 231
10 234 232
10 235 225
10 235 226
10 235 227
10 235 228
10 235 229
10 235 230
10 235 232
10 236 225
10 236 226
10 236 227
10 236 228
10 236 229
10 237 227
10 237 230
11 225 224
11 225 225
11 225 226
11 225 227
11 225 229
11 226 224
11 226 225
11 226 226
11 226 227
11 226 228
11 226 229
11 227 224
11 227 225
11 227 226
11 227 227
11 227 228
11 227 229
11 227 230
11 228 224
11 228 225
11 228 226
11 228 227
11 228 228
11 228 229
11 228 230
11 228 231
11 229 224
11 229 225
11 229 226
11 229 227
11 229 228
11 229 229
11 229 230
11 229 231
11 230 224
11 230 225
11 230 226
11 230 227
11 230 228
11 230 229
11 230 230
11 230 231
11 230 232
11 231 224
11 231 225
11 231 226
11 231 227
11 231 228
11 231 229
11 231 230
11 231 231
11 232 224
11 232 225
11 232 226
11 232 227
11 232 228
11 232 229
11 232 230
11 232 231
11 232 232
11 232 233
11 233 224
11 233 225
11 233 226
11 233 227
11 233 228
11 233 229
11 233 230
11 233 231
11 234 225
11 234 226
11 234 227
11 234 228
11 234 229
11 234 230
11 234 231
11 235 225
11 235 226
11 235 227
11 235 228
11 235 230
11 235 231
11 235 232
11 235 233
11 236 226
11 236 228
11 236 229
11 236 230
11 236 231
11 237 226
11 237 227
11 237 230
11 237 231
11 238 230
12 225 224
12 225 225
12 225 226
12 225 227
12 225 228
12 226 224
12 226 225
12 226 226
12 226 227
12 226 228
12 226 229
12 226 230
12 227 224
12 227 225
12 227 226
12 227 227
12 227 228
12 227 229
12 227 230
12 227 231
12 228 224
12 228 225
12 228 226
12 228 227
12 228 228
12 228 229
12 228 230
12 229 224
12 229 225
12 229 226
12 229 227
12 229 228
12 229 229
12 229 230
12 229 231
12 230 224
12 230 225
12 230 226
12 230 227
12 230 228
12 230 230
12 230 231
12 231 224
12 231 225
12 231 226
12 231 227
12 231 228
12 231 229
12 231 230
12 231 231
12 231 232
12 232 224
12 232 225
12 232 226
12 232 227
12 232 228
12 232 229
12 232 230
12 232 231
12 232 232
12 232 233
12 233 224
12 233 225
12 233 226
12 233 227
12 233 228
12 233 229
12 233 230
12 233 231
12 234 224
12 234 225
12 234 226
12 234 227
12 234 228
12 234 229
12 234 230
12 234 231
12 234 232
12 234 233
12 235 225
12 235 226
12 235 227
12 235 228
12 235 229
12 235 230
12 235 231
12 235 232
12 235 233
12 236 226
12 236 227
12 236 228
12 236 229
12 236 230
12 236 231
12 236 232
12 236 233
12 237 227
12 237 228
12 237 229
12 237 230
12 237 231
12 237 232
12 238 227
12 238 228
12 238 230
12 239 230
13 225 224
13 225 225
13 225 226
13 225 227
13 226 224
13 226 225
13 226 226
13 226 228
13 226 229
13 226 230
13 227 224
13 227 225
13 227 226
13 227 227
13 227 228
13 227 229
13 227 230
13 227 231
13 228 224
13 228 225
13 228 226
13 228 227
13 228 228
13 228 229
13 228 230
13 229 224
13 229 225
13 229 226
13 229 227
13 229 228
13 229 229
13 229 230
13 229 231
13 230 224
13 230 225
13 230 226
13 230 227
13 230 228
13 230 229
13 230 230
13 230 231
13 231 224
13 231 225
13 231 226
13 231 227
13 231 228
13 231 229
13 231 230
13 231 231
13 232 224
13 232 225
13 232 226
13 232 227
13 232 228
13 232 229
13 232 230
13 232 231
13 232 232
13 232 233
13 233 224
13 233 225
13 233 226
13 233 227
13 233 228
13 233 229
13 233 230
13 233 231
13 233 232
13 233 233
13 234 224
13 234 225
13 234 226
13 234 227
13 234 228
13 234 229
13 234 230
13 234 231
13 234 232
13 235 224
13 235 225
13 235 226
13 235 227
13 235 228
13 235 229
13 235 230
13 235 231
13 235 232
13 236 225
13 236 226
13 236 227
13 236 228
13 236 230
13 236 231
13 236 232
13 237 226
13 237 227
13 237 228
13 237 230
13 238 227
13 238 228
13 239 227
14 225 224
14 225 225
14 225 226
14 225 227
14 226 224
14 226 225
14 226 226
14 226 227
14 226 228
14 227 224
14 227 225
14 227 226
14 227 227
14 227 228
14 227 229
14 228 224
14 228 225
14 228 226
14 228 227
14 228 228
14 228 229
14 229 224
14 229 225
14 229 226
14 229 227
14 229 228
14 229 229
14 229 230
14 229 231
14 230 224
14 230 225
14 230 226
14 230 227
14 230 228
14 230 229
14 230 230
14 230 231
14 230 232
14 230 233
14 231 224
14 231 225
14 231 226
14 231 227
14 231 228
14 231 229
14 231 230
14 231 231
14 231 232
14 231 233
14 232 224
14 232 225
14 232 226
14 232 227
14 232 228
14 232 229
14 232 230
14 232 231
14 232 232
14 232 233
14 233 224
14 233 225
14 233 226
14 233 227
14 233 228
14 233 229
14 233 230
14 233 231
14 233 232
14 234 224
14 234 225
14 234 226
14 234 227
14 234 229
14 235 224
14 235 226
14 235 227
14 235 228
14 235 229
14 235 230
14 235 232
14 236 226
14 236 227
14 236 228
14 236 229
14 237 227
14 237 230
14 238 227
15 225 224
15 225 225
15 225 226
15 225 227
15 226 224
15 226 225
15 226 226
15 226 227
15 226 228
15 227 224
15 227 225
15 227 226
15 227 227
15 227 228
15 227 229
15 228 224
15 228 225
15 228 226
15 228 227
15 228 228
15 228 229
15 229 224
15 229 225
15 229 226
15 229 227
15 229 228
15 229 229
15 229 230
15 230 224
15 230 225
15 230 226
15 230 227
15 230 228
15 230 229
15 230 230
15 230 231
15 231 224
15 231 225
15 231 226
15 231 227
15 231 228
15 231 229
15 231 230
15 231 231
15 231 232
15 231 233
15 232 224
15 232 225
15 232 226
15 232 227
15 232 228
15 232 229
15 232 230
15 232 232
15 232 233
15 233 224
15 233 225
15 233 226
15 233 227
15 233 228
15 233 229
15 233 230
15 233 231
15 233 232
15 233 233
15 234 224
15 234 225
15 234 226
15 234 227
15 234 228
15 234 230
15 234 231
15 235 226
15 235 227
15 235 228
15 236 228

