alfheim:altWood1
12
128 191 15
128 192 15
129 191 15
129 192 15
130 191 15
130 192 15
131 191 15
131 192 15
132 191 15
132 192 15
135 191 15
135 192 15
136 191 15
136 192 13
136 192 14
136 192 15
137 192 13
137 192 15
128 216 4
128 216 5
128 216 6
128 216 7
128 216 8
128 216 9
128 216 10
128 216 11
128 217 4
128 217 5
128 217 6
128 217 7
128 217 8
128 217 9
128 217 10
128 217 11
128 217 12
128 218 4
128 218 5
128 218 6
128 218 7
128 218 8
128 218 9
128 218 10
128 218 11
128 218 12
128 219 4
128 219 5
128 219 6
128 219 7
128 219 8
128 219 9
128 219 10
128 219 11
128 219 12
128 219 13
128 220 4
128 220 5
128 220 6
128 220 7
128 220 8
128 220 9
128 220 10
128 220 11
128 220 12
128 220 13
128 220 14
128 221 4
128 221 5
128 221 6
128 221 7
128 221 8
128 221 9
128 221 10
128 221 11
128 221 12
128 221 13
128 221 14
128 222 4
128 222 5
128 222 6
128 222 7
128 222 8
128 222 9
128 222 10
128 222 11
128 222 12
128 222 13
128 222 14
128 223 5
128 223 6
128 223 7
128 223 8
128 223 9
128 223 10
128 223 11
128 223 12
128 223 13
128 223 14
128 224 6
128 224 7
128 224 8
128 224 9
128 224 10
128 224 11
128 224 12
128 224 13
128 224 14
129 194 9
129 216 7
129 216 8
129 216 9
129 216 10
129 216 11
129 217 6
129 217 7
129 217 8
129 217 9
129 217 10
129 217 11
129 217 12
129 218 5
129 218 6
129 218 7
129 218 8
129 218 9
129 218 10
129 218 11
129 218 12
129 219 5
129 219 6
129 219 7
129 219 8
129 219 9
129 219 10
129 219 11
129 219 12
129 219 13
129 220 4
129 220 5
129 220 6
129 220 7
129 220 8
129 220 9
129 220 10
129 220 11
129 220 12
129 220 13
129 220 14
129 221 4
129 221 5
129 221 6
129 221 7
129 221 8
129 221 9
129 221 10
129 221 11
129 221 12
129 221 13
129 221 14
129 222 4
129 222 5
129 222 6
129 222 7
129 222 8
129 222 9
129 222 10
129 222 11
129 222 12
129 222 13
129 222 14
129 222 15
129 223 5
129 223 6
129 223 7
129 223 8
129 223 9
129 223 10
129 223 11
129 223 12
129 223 13
129 223 14
129 223 15
129 224 6
129 224 7
129 224 8
129 224 9
129 224 10
129 224 11
129 224 12
129 224 13
129 224 14
129 224 15
130 194 7
130 194 9
130 195 9
130 216 8
130 216 9
130 216 10
130 217 6
130 217 7
130 217 8
130 217 9
130 217 10
130 217 11
130 217 12
130 218 6
130 218 7
130 218 8
130 218 9
130 218 10
130 218 11
130 218 12
130 218 13
130 219 5
130 219 6
130 219 7
130 219 8
130 219 9
130 219 10
130 219 11
130 219 12
130 219 13
130 219 14
130 219 15
130 220 5
130 220 6
130 220 7
130 220 8
130 220 9
130 220 10
130 220 11
130 220 12
130 220 13
130 220 14
130 220 15
130 221 5
130 221 6
130 221 7
130 221 8
130 221 9
130 221 10
130 221 11
130 221 12
130 221 13
130 221 14
130 221 15
130 222 5
130 222 6
130 222 7
130 222 8
130 222 9
130 222 10
130 222 11
130 222 12
130 222 13
130 222 14
130 222 15
130 223 5
130 223 6
130 223 7
130 223 8
130 223 9
130 223 10
130 223 11
130 223 12
130 223 13
130 223 14
130 223 15
130 224 6
130 224 7
130 224 8
130 224 9
130 224 10
130 224 11
130 224 12
130 224 13
130 224 14
130 224 15
131 194 7
131 195 8
131 217 7
131 217 8
131 217 9
131 217 10
131 217 11
131 218 7
131 218 8
131 218 9
131 218 10
131 218 11
131 218 12
131 218 13
131 218 14
131 219 6
131 219 7
131 219 8
131 219 9
131 219 10
131 219 11
131 219 12
131 219 13
131 219 14
131 219 15
131 220 6
131 220 7
131 220 8
131 220 9
131 220 10
131 220 11
131 220 12
131 220 13
131 220 14
131 220 15
131 221 6
131 221 7
131 221 8
131 221 9
131 221 10
131 221 11
131 221 12
131 221 13
131 221 14
131 221 15
131 222 6
131 222 7
131 222 8
131 222 9
131 222 10
131 222 11
131 222 12
131 222 13
131 222 14
131 222 15
131 223 6
131 223 7
131 223 8
131 223 9
131 223 10
131 223 11
131 223 12
131 223 13
131 223 14
131 223 15
131 224 7
131 224 8
131 224 9
131 224 10
131 224 11
131 224 12
131 224 13
131 224 14
131 224 15
132 195 7
132 218 8
132 218 9
132 218 10
132 218 11
132 218 12
132 218 13
132 218 14
132 219 7
132 219 8
132 219 9
132 219 10
132 219 11
132 219 12
132 219 13
132 219 14
132 219 15
132 220 7
132 220 8
132 220 9
132 220 10
132 220 11
132 220 12
132 220 13
132 220 14
132 220 15
132 221 7
132 221 8
132 221 9
132 221 10
132 221 11
132 221 12
132 221 13
132 221 14
132 221 15
132 222 7
132 222 8
132 222 9
132 222 10
132 222 11
132 222 12
132 222 13
132 222 14
132 222 15
132 223 7
132 223 8
132 223 9
132 223 10
132 223 11
132 223 12
132 223 13
132 223 14
132 223 15
132 224 7
132 224 8
132 224 9
132 224 10
132 224 11
132 224 12
132 224 13
132 224 14
132 224 15
133 193 4
133 193 6
133 193 7
133 194 7
133 218 10
133 218 11
133 218 12
133 218 13
133 218 14
133 219 9
133 219 10
133 219 11
133 219 12
133 219 13
133 219 14
133 219 15
133 220 8
133 220 9
133 220 10
133 220 11
133 220 12
133 220 13
133 220 14
133 220 15
133 221 8
133 221 9
133 221 10
133 221 11
133 221 12
133 221 13
133 221 14
133 221 15
133 222 7
133 222 8
133 222 9
133 222 10
133 222 11
133 222 12
133 222 13
133 222 14
133 222 15
133 223 7
133 223 8
133 223 9
133 223 10
133 223 11
133 223 12
133 223 13
133 223 14
133 223 15
133 224 8
133 224 9
133 224 10
133 224 11
133 224 12
133 224 13
133 224 14
133 224 15
134 193 6
134 194 7
134 195 6
134 218 11
134 218 12
134 218 13
134 219 9
134 219 10
134 219 11
134 219 12
134 219 13
134 219 14
134 219 15
134 220 9
134 220 10
134 220 11
134 220 12
134 220 13
134 220 14
134 220 15
134 221 8
134 221 9
134 221 10
134 221 11
134 221 12
134 221 13
134 221 14
134 221 15
134 222 8
134 222 9
134 222 10
134 222 11
134 222 12
134 222 13
134 222 14
134 222 15
134 223 8
134 223 9
134 223 10
134 223 11
134 223 12
134 223 13
134 223 14
134 223 15
134 224 8
134 224 9
134 224 10
134 224 11
134 224 12
134 224 13
134 224 14
134 224 15
135 193 4
135 193 5
135 193 14
135 193 15
135 219 10
135 219 11
135 219 12
135 219 13
135 219 14
135 220 9
135 220 10
135 220 11
135 220 12
135 220 13
135 220 14
135 220 15
135 221 8
135 221 9
135 221 10
135 221 11
135 221 12
135 221 13
135 221 14
135 221 15
135 222 9
135 222 10
135 222 11
135 222 12
135 222 13
135 222 14
135 222 15
135 223 9
135 223 10
135 223 11
135 223 12
135 223 13
135 223 14
135 223 15
135 224 9
135 224 10
135 224 11
135 224 12
135 224 13
135 224 14
135 224 15
136 193 13
136 193 14
136 194 13
136 195 3
136 220 10
136 220 11
136 220 12
136 220 13
136 220 14
136 221 9
136 221 10
136 221 11
136 221 12
136 221 13
136 221 14
136 221 15
136 222 9
136 222 10
136 222 11
136 222 12
136 222 13
136 222 14
136 222 15
136 223 9
136 223 10
136 223 11
136 223 12
136 223 13
136 223 14
136 223 15
136 224 9
136 224 10
136 224 11
136 224 12
136 224 13
136 224 14
136 224 15
137 193 12
137 193 13
137 193 14
137 193 15
137 194 11
137 194 12
137 212 0
137 213 0
137 214 0
137 215 0
137 216 0
137 221 11
137 221 12
137 221 13
137 222 10
137 222 11
137 222 12
137 222 13
137 222 14
137 222 15
137 223 10
137 223 11
137 223 12
137 223 13
137 223 14
137 223 15
137 224 10
137 224 11
137 224 12
137 224 13
137 224 14
137 224 15
138 193 11
138 193 12
138 193 13
138 194 10
138 194 11
138 194 12
138 194 13
138 195 10
138 195 11
138 195 15
138 211 0
138 212 0
138 213 0
138 213 1
138 214 0
138 214 1
138 215 0
138 215 1
138 216 0
138 217 0
138 223 13
138 223 14
138 224 11
138 224 12
138 224 13
138 224 14
138 224 15
139 194 9
139 194 10
139 194 11
139 195 9
139 195 10
139 195 11
139 195 15
139 196 9
139 196 15
139 211 0
139 212 0
139 212 1
139 213 0
139 213 1
139 214 0
139 214 1
139 215 0
139 215 1
139 216 0
139 216 1
139 217 0
139 224 13
140 195 7
140 195 8
140 195 9
140 195 15
140 196 7
140 196 8
140 196 9
140 196 15
140 197 15
140 198 15
140 211 0
140 212 0
140 212 1
140 213 0
140 213 1
140 214 0
140 214 1
140 215 0
140 215 1
140 216 0
140 216 1
140 217 0
141 195 7
141 195 8
141 195 15
141 196 5
141 196 6
141 196 7
141 196 14
141 196 15
141 197 5
141 197 6
141 197 7
141 197 14
141 197 15
141 198 14
141 198 15
141 199 15
141 211 0
141 212 0
141 213 0
141 213 1
141 214 0
141 214 1
141 215 0
141 215 1
141 216 0
141 216 1
141 217 0
141 218 0
142 195 15
142 196 5
142 196 6
142 196 7
142 196 14
142 196 15
142 197 4
142 197 14
142 197 15
142 198 4
142 198 5
142 198 13
142 198 14
142 198 15
142 199 14
142 199 15
142 212 0
142 213 0
142 213 1
142 214 0
142 214 1
142 215 0
142 215 1
142 216 0
142 216 1
142 217 0
142 217 1
142 218 0
142 218 1
142 219 0
143 196 15
143 197 5
143 197 14
143 197 15
143 198 13
143 198 14
143 199 13
143 212 0
143 213 0
143 213 1
143 214 0
143 214 1
143 215 0
143 215 1
143 216 0
143 216 1
143 216 2
143 217 0
143 217 1
143 218 0
143 218 1
143 219 0
143 219 1
143 220 0
128 225 7
128 225 8
128 225 9
128 225 11
128 225 12
128 225 13
128 225 14
128 226 8
128 226 9
128 226 10
128 226 11
128 228 13
128 229 14
129 225 7
129 225 8
129 225 9
129 225 10
129 225 11
129 225 12
129 225 13
129 225 14
129 225 15
129 226 8
129 226 9
129 226 10
129 226 11
129 226 12
129 226 13
129 226 14
129 227 13
130 225 7
130 225 8
130 225 9
130 225 10
130 225 11
130 225 12
130 225 13
130 225 14
130 225 15
130 226 9
130 226 10
130 226 11
130 226 12
130 226 13
130 226 14
130 226 15
130 227 10
130 227 11
130 227 12
130 227 13
130 227 14
130 227 15
131 225 8
131 225 9
131 225 10
131 225 11
131 225 12
131 225 13
131 225 14
131 225 15
131 226 9
131 226 10
131 226 11
131 226 12
131 226 13
131 226 14
131 226 15
131 227 10
131 227 11
131 227 12
131 227 13
131 227 14
131 227 15
131 228 12
131 228 13
131 228 15
132 225 8
132 225 9
132 225 10
132 225 11
132 225 12
132 225 13
132 225 14
132 225 15
132 226 9
132 226 10
132 226 11
132 226 12
132 226 13
132 226 14
132 226 15
132 227 10
132 227 11
132 227 12
132 227 13
132 227 14
132 227 15
132 228 11
132 228 12
132 228 13
132 228 14
132 228 15
132 229 15
133 225 8
133 225 9
133 225 10
133 225 11
133 225 12
133 225 13
133 225 14
133 225 15
133 226 9
133 226 10
133 226 11
133 226 12
133 226 13
133 226 14
133 226 15
133 227 10
133 227 11
133 227 12
133 227 13
133 227 14
133 227 15
133 228 11
133 228 12
133 228 13
133 228 14
133 228 15
133 229 13
133 229 14
133 229 15
134 225 9
134 225 10
134 225 11
134 225 12
134 225 13
134 225 14
134 225 15
134 226 9
134 226 10
134 226 11
134 226 12
134 226 13
134 226 14
134 226 15
134 227 10
134 227 11
134 227 12
134 227 13
134 227 14
134 227 15
134 228 11
134 228 12
134 228 13
134 228 14
134 228 15
134 229 12
134 229 13
134 229 14
134 229 15
134 230 15
134 231 3
135 225 9
135 225 10
135 225 11
135 225 12
135 225 13
135 225 14
135 225 15
135 226 9
135 226 10
135 226 11
135 226 12
135 226 13
135 226 14
135 226 15
135 227 10
135 227 11
135 227 12
135 227 13
135 227 14
135 227 15
135 228 10
135 228 11
135 228 12
135 228 13
135 228 14
135 228 15
135 229 11
135 229 12
135 229 13
135 229 14
135 229 15
135 230 4
135 230 5
135 230 11
135 230 12
135 230 14
135 230 15
136 225 9
136 225 10
136 225 11
136 225 12
136 225 13
136 225 14
136 225 15
136 226 9
136 226 10
136 226 11
136 226 12
136 226 13
136 226 14
136 226 15
136 227 9
136 227 10
136 227 11
136 227 12
136 227 13
136 227 14
136 227 15
136 228 7
136 228 9
136 228 10
136 228 11
136 228 12
136 228 13
136 228 14
136 228 15
136 229 6
136 229 9
136 229 10
136 229 11
136 229 12
136 229 13
136 229 14
136 229 15
136 230 9
136 230 10
136 230 11
136 230 12
136 230 13
136 230 14
136 230 15
136 231 10
136 231 11
136 231 15
137 225 10
137 225 11
137 225 12
137 225 13
137 225 14
137 225 15
137 226 10
137 226 11
137 226 12
137 226 13
137 226 14
137 226 15
137 227 9
137 227 10
137 227 11
137 227 12
137 227 13
137 227 14
137 227 15
137 228 8
137 228 9
137 228 10
137 228 11
137 228 12
137 228 13
137 228 14
137 228 15
137 229 8
137 229 9
137 229 10
137 229 11
137 229 12
137 229 13
137 229 14
137 229 15
137 230 8
137 230 9
137 230 10
137 230 11
137 230 12
137 230 13
137 230 14
137 230 15
137 231 9
137 231 10
137 231 11
137 231 12
138 225 11
138 225 12
138 225 13
138 225 14
138 225 15
138 226 10
138 226 11
138 226 12
138 226 13
138 226 14
138 226 15
138 227 9
138 227 10
138 227 11
138 227 12
138 227 13
138 227 14
138 227 15
138 228 8
138 228 9
138 228 10
138 228 11
138 228 12
138 228 13
138 228 14
138 228 15
138 229 7
138 229 8
138 229 9
138 229 10
138 229 11
138 229 12
138 229 13
138 229 14
138 229 15
138 230 7
138 230 8
138 230 9
138 230 10
138 230 11
138 230 12
138 230 13
138 231 7
138 231 8
138 231 9
138 231 10
138 231 11
138 231 12
138 232 7
138 232 8
138 232 9
138 232 10
138 233 1
139 225 11
139 225 12
139 225 13
139 225 14
139 225 15
139 226 10
139 226 11
139 226 12
139 226 13
139 226 14
139 226 15
139 227 9
139 227 10
139 227 11
139 227 12
139 227 13
139 227 14
139 227 15
139 228 7
139 228 8
139 228 9
139 228 10
139 228 11
139 228 12
139 228 13
139 228 14
139 228 15
139 229 7
139 229 8
139 229 9
139 229 10
139 229 11
139 229 12
139 229 13
139 230 6
139 230 7
139 230 8
139 230 9
139 230 10
139 230 11
139 230 12
139 231 6
139 231 7
139 231 8
139 231 9
139 231 10
139 231 11
139 231 12
139 232 6
139 232 7
139 232 8
139 232 9
139 232 10
139 232 11
139 233 2
139 233 3
139 233 6
139 233 7
139 233 8
139 233 9
140 225 12
140 226 10
140 226 11
140 226 12
140 226 13
140 226 14
140 227 9
140 227 10
140 227 11
140 227 12
140 227 13
140 227 14
140 228 7
140 228 8
140 228 9
140 228 10
140 228 11
140 228 12
140 228 13
140 229 6
140 229 7
140 229 8
140 229 9
140 229 10
140 229 11
140 229 12
140 230 5
140 230 6
140 230 7
140 230 8
140 230 9
140 230 10
140 230 11
140 230 12
140 231 5
140 231 6
140 231 7
140 231 8
140 231 9
140 231 10
140 231 11
140 232 4
140 232 5
140 232 6
140 232 7
140 232 8
140 232 9
140 232 10
140 232 11
140 233 4
140 233 5
140 233 6
140 233 7
140 233 8
140 233 9
140 234 4
140 234 5
140 234 6
140 234 7
140 234 8
141 227 10
141 227 11
141 228 7
141 228 8
141 228 9
141 228 10
141 228 11
141 229 6
141 229 7
141 229 8
141 229 9
141 229 10
141 229 11
141 230 5
141 230 6
141 230 7
141 230 8
141 230 9
141 230 10
141 230 11
141 230 12
141 231 4
141 231 5
141 231 6
141 231 7
141 231 8
141 231 9
141 231 10
141 231 11
141 232 4
141 232 5
141 232 6
141 232 7
141 232 8
141 232 9
141 232 10
141 232 11
141 233 4
141 233 5
141 233 6
141 233 7
141 233 8
141 233 9
141 234 4
141 234 5
141 234 6
141 234 7
141 234 8
141 235 4
141 235 5
141 235 6
142 229 7
142 229 8
142 229 9
142 229 10
142 230 5
142 230 6
142 230 7
142 230 8
142 230 9
142 230 10
142 230 11
142 231 5
142 231 6
142 231 7
142 231 8
142 231 9
142 231 10
142 231 11
142 231 12
142 232 4
142 232 5
142 232 6
142 232 7
142 232 8
142 232 9
142 232 10
142 233 4
142 233 5
142 233 6
142 233 7
142 233 8
142 233 9
142 234 4
142 234 5
142 234 6
142 234 7
142 234 8
142 235 4
142 235 5
142 235 6
142 236 4
143 230 5
143 230 6
143 230 7
143 230 8
143 231 5
143 231 6
143 231 7
143 231 8
143 231 11
143 231 12
143 232 5
143 232 6
143 232 7
143 232 8
143 232 11
143 233 4
143 233 5
143 233 6
143 233 7
143 233 8
143 234 4
143 234 5
143 234 6
143 234 7
143 234 8
143 235 3
143 235 4
143 235 5
143 235 6
alfheim:altLeaves
6
128 190 3
128 190 4
128 190 5
128 191 2
128 191 3
128 191 4
128 191 5
128 191 6
128 191 7
128 191 13
128 192 0
128 192 1
128 192 2
128 192 3
128 192 4
128 192 5
128 192 6
128 192 7
128 192 13
128 192 14
129 189 3
129 189 4
129 190 2
129 190 3
129 190 4
129 190 5
129 191 2
129 191 3
129 191 4
129 191 5
129 192 0
129 192 1
129 192 2
129 192 3
129 192 4
129 192 5
129 192 6
129 192 7
129 192 8
130 189 4
130 190 3
130 190 4
130 190 5
130 190 6
130 191 1
130 191 3
130 191 4
130 191 6
130 192 1
130 192 2
130 192 3
130 192 4
130 192 5
130 192 6
130 192 7
130 192 8
131 191 4
131 191 5
131 191 6
131 192 3
131 192 4
131 192 6
132 192 3
132 192 4
133 192 4
133 192 5
134 192 10
135 191 8
135 192 8
135 192 9
135 192 10
136 192 8
136 192 10
128 193 0
128 193 2
128 193 3
128 193 4
128 193 5
128 193 6
128 193 7
128 193 8
128 193 9
128 193 12
128 193 13
128 193 14
128 194 0
128 194 1
128 194 2
128 194 3
128 194 4
128 194 5
128 194 6
128 194 7
128 194 8
128 194 9
128 194 10
128 194 11
128 194 13
128 194 14
128 194 15
128 195 0
128 195 1
128 195 2
128 195 3
128 195 4
128 195 5
128 195 6
128 195 7
128 195 8
128 195 9
128 195 10
128 195 11
128 195 12
128 195 13
128 195 15
128 196 0
128 196 1
128 196 2
128 196 3
128 196 4
128 196 5
128 196 6
128 196 7
128 196 8
128 196 9
128 196 10
128 196 11
128 196 12
128 196 13
128 196 14
128 196 15
128 197 0
128 197 1
128 197 2
128 197 3
128 197 4
128 197 5
128 197 6
128 197 7
128 197 8
128 197 9
128 197 10
128 197 11
128 197 12
128 197 13
128 197 14
128 197 15
128 198 0
128 198 1
128 198 2
128 198 3
128 198 4
128 198 5
128 198 6
128 198 7
128 198 8
128 198 9
128 198 10
128 198 11
128 198 12
128 198 13
128 198 14
128 198 15
128 199 0
128 199 2
128 199 3
128 199 4
128 199 5
128 199 6
128 199 7
128 199 8
128 199 9
128 199 10
128 199 11
128 199 12
128 199 13
128 199 14
128 199 15
128 200 0
128 200 1
128 200 2
128 200 3
128 200 4
128 200 5
128 200 6
128 200 7
128 200 8
128 200 9
128 200 10
128 200 11
128 200 12
128 200 13
128 200 14
128 200 15
128 201 0
128 201 1
128 201 2
128 201 4
128 201 5
128 201 6
128 201 7
128 201 8
128 201 9
128 201 10
128 201 11
128 201 12
128 201 13
128 201 14
128 201 15
128 202 0
128 202 2
128 202 3
128 202 4
128 202 5
128 202 6
128 202 7
128 202 9
128 202 10
128 202 11
128 202 12
128 202 13
128 202 14
128 202 15
128 203 3
128 203 4
128 203 6
128 203 7
128 203 8
128 203 9
128 203 10
128 203 11
128 203 12
128 203 13
128 203 14
128 203 15
128 204 7
128 204 8
128 204 9
128 204 10
128 204 12
128 204 13
128 204 14
128 205 9
128 205 10
128 205 11
128 205 13
128 205 14
128 205 15
128 206 11
129 193 1
129 193 2
129 193 3
129 193 4
129 193 5
129 193 6
129 193 7
129 193 8
129 194 0
129 194 2
129 194 3
129 194 4
129 194 5
129 194 6
129 194 7
129 194 8
129 194 12
129 194 13
129 194 14
129 195 0
129 195 1
129 195 2
129 195 3
129 195 4
129 195 5
129 195 6
129 195 7
129 195 8
129 195 9
129 195 10
129 195 12
129 195 14
129 195 15
129 196 0
129 196 1
129 196 2
129 196 3
129 196 4
129 196 5
129 196 6
129 196 7
129 196 8
129 196 9
129 196 10
129 196 12
129 196 13
129 196 14
129 196 15
129 197 0
129 197 1
129 197 2
129 197 3
129 197 4
129 197 5
129 197 6
129 197 7
129 197 8
129 197 9
129 197 10
129 197 11
129 197 12
129 197 13
129 197 14
129 197 15
129 198 0
129 198 1
129 198 2
129 198 3
129 198 4
129 198 5
129 198 6
129 198 7
129 198 8
129 198 9
129 198 10
129 198 11
129 198 12
129 198 14
129 198 15
129 199 0
129 199 1
129 199 2
129 199 3
129 199 4
129 199 5
129 199 6
129 199 7
129 199 8
129 199 9
129 199 10
129 199 11
129 199 12
129 199 13
129 199 14
129 199 15
129 200 0
129 200 1
129 200 2
129 200 3
129 200 4
129 200 5
129 200 6
129 200 7
129 200 8
129 200 9
129 200 10
129 200 11
129 200 12
129 200 13
129 200 14
129 200 15
129 201 0
129 201 1
129 201 2
129 201 3
129 201 4
129 201 5
129 201 6
129 201 7
129 201 8
129 201 9
129 201 10
129 201 11
129 201 12
129 201 13
129 201 14
129 201 15
129 202 0
129 202 1
129 202 2
129 202 3
129 202 4
129 202 5
129 202 7
129 202 8
129 202 9
129 202 10
129 202 11
129 202 12
129 202 13
129 202 14
129 202 15
129 203 0
129 203 1
129 203 3
129 203 7
129 203 8
129 203 9
129 203 10
129 203 11
129 203 12
129 203 13
129 203 14
129 203 15
129 204 3
129 204 8
129 204 9
129 204 10
129 204 11
129 204 12
129 204 13
129 204 14
129 205 9
129 205 10
129 205 11
129 205 12
129 205 13
129 205 14
129 206 10
129 206 11
129 206 12
129 206 14
129 207 11
130 193 0
130 193 1
130 193 2
130 193 3
130 193 4
130 193 5
130 193 6
130 193 7
130 193 8
130 193 13
130 194 0
130 194 1
130 194 2
130 194 3
130 194 4
130 194 5
130 194 6
130 194 8
130 194 13
130 194 14
130 195 0
130 195 1
130 195 2
130 195 3
130 195 4
130 195 5
130 195 6
130 195 7
130 195 8
130 195 12
130 195 14
130 195 15
130 196 0
130 196 1
130 196 2
130 196 3
130 196 4
130 196 5
130 196 6
130 196 7
130 196 8
130 196 9
130 196 12
130 196 13
130 196 14
130 196 15
130 197 0
130 197 1
130 197 2
130 197 3
130 197 4
130 197 5
130 197 6
130 197 7
130 197 8
130 197 9
130 197 10
130 197 11
130 197 12
130 197 13
130 197 14
130 197 15
130 198 0
130 198 1
130 198 2
130 198 3
130 198 4
130 198 5
130 198 6
130 198 7
130 198 8
130 198 9
130 198 10
130 198 11
130 198 12
130 198 13
130 198 14
130 198 15
130 199 0
130 199 1
130 199 2
130 199 3
130 199 4
130 199 5
130 199 6
130 199 7
130 199 8
130 199 9
130 199 10
130 199 11
130 199 12
130 199 13
130 199 14
130 199 15
130 200 0
130 200 1
130 200 2
130 200 3
130 200 4
130 200 5
130 200 6
130 200 7
130 200 8
130 200 9
130 200 10
130 200 11
130 200 12
130 200 13
130 200 14
130 200 15
130 201 0
130 201 1
130 201 2
130 201 3
130 201 4
130 201 5
130 201 6
130 201 7
130 201 8
130 201 9
130 201 10
130 201 11
130 201 12
130 201 13
130 201 14
130 201 15
130 202 0
130 202 1
130 202 2
130 202 3
130 202 4
130 202 5
130 202 6
130 202 7
130 202 8
130 202 9
130 202 10
130 202 11
130 202 12
130 202 13
130 202 14
130 202 15
130 203 0
130 203 1
130 203 2
130 203 3
130 203 7
130 203 8
130 203 9
130 203 10
130 203 11
130 203 12
130 203 13
130 203 14
130 203 15
130 204 0
130 204 1
130 204 2
130 204 3
130 204 8
130 204 9
130 204 10
130 204 11
130 204 12
130 204 13
130 204 14
130 205 3
130 205 9
130 205 10
130 205 11
130 205 12
130 205 14
130 206 10
130 206 11
130 206 12
131 193 0
131 193 1
131 193 2
131 193 3
131 193 4
131 193 5
131 193 6
131 193 7
131 194 0
131 194 1
131 194 2
131 194 3
131 194 4
131 194 5
131 194 6
131 194 8
131 194 15
131 195 0
131 195 1
131 195 2
131 195 3
131 195 4
131 195 5
131 195 6
131 195 7
131 195 9
131 195 14
131 195 15
131 196 0
131 196 1
131 196 2
131 196 3
131 196 4
131 196 5
131 196 6
131 196 7
131 196 8
131 196 9
131 196 10
131 196 12
131 196 13
131 196 14
131 197 0
131 197 1
131 197 2
131 197 3
131 197 4
131 197 5
131 197 6
131 197 7
131 197 8
131 197 11
131 197 12
131 197 13
131 197 15
131 198 0
131 198 1
131 198 2
131 198 3
131 198 4
131 198 5
131 198 6
131 198 7
131 198 8
131 198 9
131 198 10
131 198 11
131 198 12
131 198 13
131 198 14
131 198 15
131 199 0
131 199 1
131 199 2
131 199 3
131 199 4
131 199 5
131 199 6
131 199 7
131 199 8
131 199 9
131 199 10
131 199 11
131 199 12
131 199 13
131 199 14
131 199 15
131 200 0
131 200 1
131 200 2
131 200 3
131 200 4
131 200 5
131 200 6
131 200 7
131 200 8
131 200 9
131 200 10
131 200 11
131 200 12
131 200 13
131 200 14
131 200 15
131 201 0
131 201 1
131 201 2
131 201 3
131 201 4
131 201 5
131 201 6
131 201 7
131 201 8
131 201 9
131 201 10
131 201 11
131 201 12
131 201 13
131 201 15
131 202 0
131 202 1
131 202 2
131 202 3
131 202 4
131 202 5
131 202 6
131 202 7
131 202 8
131 202 9
131 202 10
131 202 12
131 202 13
131 202 15
131 203 0
131 203 1
131 203 2
131 203 3
131 203 4
131 203 5
131 203 6
131 203 7
131 203 8
131 203 9
131 203 10
131 203 11
131 203 12
131 203 13
131 203 14
131 203 15
131 204 1
131 204 2
131 204 3
131 204 4
131 204 10
131 204 11
131 204 12
131 204 13
131 205 0
131 205 10
131 205 11
131 205 12
131 206 11
131 206 14
131 208 13
132 193 2
132 193 3
132 193 4
132 194 0
132 194 1
132 194 2
132 194 3
132 194 4
132 194 5
132 194 6
132 194 7
132 195 0
132 195 1
132 195 2
132 195 3
132 195 4
132 195 5
132 195 6
132 196 0
132 196 1
132 196 2
132 196 3
132 196 4
132 196 5
132 196 6
132 196 7
132 196 8
132 196 9
132 197 0
132 197 1
132 197 2
132 197 3
132 197 4
132 197 5
132 197 6
132 197 7
132 197 8
132 197 9
132 197 10
132 197 11
132 198 0
132 198 1
132 198 2
132 198 3
132 198 4
132 198 5
132 198 6
132 198 7
132 198 8
132 198 9
132 198 10
132 198 11
132 198 13
132 198 15
132 199 0
132 199 1
132 199 2
132 199 3
132 199 4
132 199 5
132 199 6
132 199 7
132 199 8
132 199 9
132 199 10
132 199 11
132 199 12
132 199 13
132 199 14
132 199 15
132 200 0
132 200 1
132 200 2
132 200 3
132 200 4
132 200 5
132 200 6
132 200 7
132 200 8
132 200 9
132 200 10
132 200 11
132 200 12
132 200 13
132 200 14
132 201 0
132 201 1
132 201 2
132 201 3
132 201 4
132 201 5
132 201 6
132 201 7
132 201 8
132 201 9
132 201 10
132 201 11
132 201 12
132 201 13
132 201 15
132 202 0
132 202 1
132 202 2
132 202 3
132 202 4
132 202 5
132 202 6
132 202 7
132 202 8
132 202 9
132 202 10
132 202 11
132 202 12
132 203 0
132 203 1
132 203 2
132 203 3
132 203 4
132 203 5
132 203 6
132 203 7
132 203 9
132 203 10
132 203 11
132 203 15
132 204 1
132 204 12
132 205 0
132 205 11
132 206 13
132 206 14
132 207 9
132 207 12
132 207 13
132 207 14
132 208 10
132 208 11
132 208 12
132 208 13
133 193 2
133 193 3
133 193 5
133 193 8
133 193 10
133 194 0
133 194 1
133 194 2
133 194 3
133 194 4
133 194 5
133 194 6
133 194 8
133 194 9
133 195 0
133 195 1
133 195 2
133 195 3
133 195 4
133 195 5
133 195 6
133 195 7
133 195 8
133 195 11
133 195 12
133 196 0
133 196 1
133 196 2
133 196 3
133 196 4
133 196 5
133 196 6
133 196 7
133 196 8
133 196 11
133 197 0
133 197 1
133 197 2
133 197 3
133 197 4
133 197 5
133 197 6
133 197 7
133 197 8
133 197 9
133 197 10
133 197 11
133 197 12
133 198 0
133 198 1
133 198 2
133 198 3
133 198 4
133 198 5
133 198 6
133 198 7
133 198 8
133 198 9
133 198 10
133 198 11
133 198 12
133 198 14
133 199 0
133 199 1
133 199 2
133 199 3
133 199 4
133 199 5
133 199 6
133 199 7
133 199 8
133 199 9
133 199 10
133 199 11
133 199 12
133 199 13
133 199 14
133 200 0
133 200 1
133 200 2
133 200 3
133 200 4
133 200 5
133 200 6
133 200 7
133 200 8
133 200 9
133 200 10
133 200 11
133 200 12
133 200 13
133 201 0
133 201 1
133 201 2
133 201 3
133 201 4
133 201 5
133 201 6
133 201 7
133 201 8
133 201 9
133 201 10
133 201 11
133 201 12
133 201 13
133 202 0
133 202 1
133 202 2
133 202 3
133 202 4
133 202 5
133 202 6
133 202 7
133 202 8
133 202 9
133 202 10
133 202 11
133 202 13
133 203 0
133 203 1
133 203 2
133 203 3
133 203 4
133 203 5
133 203 6
133 203 7
133 203 8
133 203 9
133 203 10
133 203 13
133 204 0
133 204 1
133 204 3
133 204 6
133 204 8
133 204 9
133 204 10
133 204 12
133 205 0
133 205 10
133 205 13
133 205 14
133 206 13
133 206 14
133 206 15
133 207 9
133 207 11
133 207 13
133 207 14
133 208 9
133 208 10
133 208 11
133 208 12
133 208 13
133 208 14
133 208 15
133 209 10
133 209 13
134 193 4
134 193 5
134 193 8
134 193 9
134 193 10
134 194 1
134 194 2
134 194 4
134 194 5
134 194 6
134 194 9
134 194 10
134 194 11
134 194 12
134 195 0
134 195 1
134 195 2
134 195 3
134 195 4
134 195 5
134 195 7
134 195 8
134 195 9
134 195 10
134 195 11
134 195 12
134 195 13
134 196 0
134 196 1
134 196 3
134 196 4
134 196 5
134 196 6
134 196 7
134 196 8
134 196 9
134 196 10
134 196 11
134 196 12
134 196 13
134 197 0
134 197 1
134 197 2
134 197 3
134 197 4
134 197 5
134 197 6
134 197 7
134 197 8
134 197 9
134 197 10
134 197 11
134 197 12
134 197 13
134 197 14
134 198 0
134 198 1
134 198 2
134 198 3
134 198 4
134 198 5
134 198 6
134 198 7
134 198 8
134 198 9
134 198 10
134 198 11
134 198 12
134 199 0
134 199 1
134 199 2
134 199 3
134 199 4
134 199 5
134 199 6
134 199 7
134 199 8
134 199 9
134 199 10
134 199 11
134 199 12
134 199 13
134 200 0
134 200 1
134 200 2
134 200 3
134 200 4
134 200 5
134 200 6
134 200 7
134 200 8
134 200 9
134 200 10
134 200 11
134 201 0
134 201 1
134 201 2
134 201 3
134 201 4
134 201 5
134 201 6
134 201 7
134 201 8
134 201 9
134 201 10
134 201 11
134 201 12
134 201 13
134 202 0
134 202 1
134 202 2
134 202 3
134 202 4
134 202 5
134 202 6
134 202 7
134 202 8
134 202 9
134 202 10
134 202 11
134 202 12
134 202 13
134 202 15
134 203 1
134 203 2
134 203 4
134 203 5
134 203 6
134 203 7
134 203 8
134 203 9
134 203 10
134 203 11
134 203 12
134 203 13
134 203 14
134 203 15
134 204 0
134 204 1
134 204 2
134 204 5
134 204 6
134 204 7
134 204 8
134 204 9
134 204 10
134 204 11
134 204 12
134 204 13
134 204 15
134 205 1
134 205 4
134 205 7
134 205 8
134 205 9
134 205 10
134 205 11
134 205 12
134 205 13
134 205 14
134 205 15
134 206 9
134 206 10
134 206 11
134 206 12
134 206 13
134 206 14
134 207 7
134 207 8
134 207 9
134 207 10
134 207 11
134 207 12
134 207 13
134 207 14
134 207 15
134 208 8
134 208 9
134 208 10
134 208 11
134 208 12
134 208 13
134 208 14
134 208 15
134 209 10
134 209 11
134 209 12
134 209 13
134 209 15
134 210 12
134 210 13
135 193 6
135 193 7
135 193 8
135 193 10
135 194 0
135 194 1
135 194 4
135 194 5
135 194 6
135 194 7
135 194 8
135 194 9
135 194 10
135 194 12
135 195 0
135 195 1
135 195 2
135 195 3
135 195 4
135 195 5
135 195 6
135 195 7
135 195 8
135 195 9
135 195 10
135 195 11
135 195 12
135 196 0
135 196 1
135 196 2
135 196 3
135 196 4
135 196 5
135 196 6
135 196 7
135 196 8
135 196 9
135 196 10
135 196 11
135 196 12
135 197 0
135 197 1
135 197 2
135 197 3
135 197 4
135 197 5
135 197 6
135 197 7
135 197 8
135 197 9
135 197 10
135 197 11
135 197 12
135 197 13
135 197 14
135 198 0
135 198 1
135 198 2
135 198 3
135 198 4
135 198 5
135 198 6
135 198 7
135 198 8
135 198 9
135 198 10
135 198 11
135 198 12
135 198 13
135 198 14
135 199 0
135 199 1
135 199 2
135 199 3
135 199 4
135 199 5
135 199 6
135 199 7
135 199 8
135 199 9
135 199 10
135 199 11
135 199 12
135 199 13
135 200 0
135 200 1
135 200 2
135 200 3
135 200 4
135 200 5
135 200 6
135 200 7
135 200 8
135 200 9
135 200 10
135 200 11
135 200 12
135 201 0
135 201 1
135 201 2
135 201 3
135 201 4
135 201 5
135 201 6
135 201 7
135 201 9
135 201 10
135 201 14
135 201 15
135 202 0
135 202 1
135 202 2
135 202 3
135 202 4
135 202 5
135 202 6
135 202 7
135 202 8
135 202 9
135 202 10
135 202 11
135 202 12
135 202 14
135 203 0
135 203 1
135 203 2
135 203 3
135 203 4
135 203 5
135 203 6
135 203 7
135 203 8
135 203 9
135 203 12
135 203 13
135 203 14
135 203 15
135 204 0
135 204 1
135 204 2
135 204 3
135 204 4
135 204 5
135 204 7
135 204 8
135 204 9
135 204 10
135 204 11
135 204 12
135 204 13
135 204 14
135 204 15
135 205 0
135 205 1
135 205 4
135 205 5
135 205 6
135 205 7
135 205 8
135 205 9
135 205 10
135 205 11
135 205 12
135 205 13
135 205 14
135 205 15
135 206 5
135 206 7
135 206 8
135 206 9
135 206 10
135 206 11
135 206 12
135 206 13
135 206 14
135 206 15
135 207 4
135 207 5
135 207 6
135 207 7
135 207 8
135 207 9
135 207 10
135 207 11
135 207 12
135 207 13
135 207 14
135 207 15
135 208 8
135 208 9
135 208 10
135 208 11
135 208 12
135 208 13
135 208 14
135 208 15
135 209 7
135 209 8
135 209 9
135 209 11
135 209 13
135 209 14
135 209 15
135 210 8
135 210 9
135 210 14
135 211 11
136 193 7
136 193 8
136 193 9
136 193 10
136 194 1
136 194 4
136 194 5
136 194 6
136 194 7
136 194 8
136 194 10
136 194 11
136 195 0
136 195 1
136 195 2
136 195 4
136 195 5
136 195 6
136 195 7
136 195 8
136 195 9
136 195 10
136 195 11
136 195 12
136 196 0
136 196 1
136 196 2
136 196 3
136 196 4
136 196 5
136 196 6
136 196 7
136 196 8
136 196 9
136 196 10
136 196 11
136 196 12
136 197 0
136 197 1
136 197 2
136 197 3
136 197 4
136 197 5
136 197 6
136 197 7
136 197 8
136 197 9
136 197 10
136 197 11
136 197 12
136 198 0
136 198 1
136 198 2
136 198 3
136 198 4
136 198 5
136 198 6
136 198 7
136 198 8
136 198 9
136 198 10
136 198 11
136 198 12
136 198 13
136 199 0
136 199 1
136 199 2
136 199 3
136 199 4
136 199 5
136 199 6
136 199 7
136 199 8
136 199 9
136 199 10
136 199 11
136 199 12
136 199 13
136 200 0
136 200 1
136 200 2
136 200 3
136 200 4
136 200 5
136 200 6
136 200 7
136 200 8
136 200 9
136 200 10
136 200 11
136 200 12
136 200 13
136 201 0
136 201 1
136 201 2
136 201 3
136 201 4
136 201 5
136 201 6
136 201 7
136 201 8
136 201 9
136 201 11
136 201 12
136 201 13
136 201 14
136 201 15
136 202 0
136 202 1
136 202 2
136 202 3
136 202 4
136 202 5
136 202 6
136 202 7
136 202 8
136 202 9
136 202 10
136 202 12
136 202 13
136 202 14
136 203 0
136 203 1
136 203 2
136 203 4
136 203 5
136 203 6
136 203 7
136 203 8
136 203 9
136 203 10
136 203 11
136 203 12
136 203 13
136 203 14
136 203 15
136 204 0
136 204 1
136 204 2
136 204 3
136 204 4
136 204 5
136 204 6
136 204 7
136 204 8
136 204 9
136 204 10
136 204 11
136 204 12
136 204 13
136 204 14
136 204 15
136 205 3
136 205 4
136 205 5
136 205 6
136 205 7
136 205 8
136 205 9
136 205 10
136 205 11
136 205 12
136 205 13
136 205 14
136 205 15
136 206 2
136 206 3
136 206 4
136 206 5
136 206 6
136 206 7
136 206 8
136 206 9
136 206 10
136 206 11
136 206 12
136 206 13
136 206 14
136 206 15
136 207 4
136 207 5
136 207 6
136 207 7
136 207 8
136 207 9
136 207 10
136 207 11
136 207 12
136 207 13
136 207 14
136 207 15
136 208 4
136 208 6
136 208 7
136 208 8
136 208 9
136 208 10
136 208 11
136 208 12
136 208 13
136 208 14
136 208 15
136 209 6
136 209 7
136 209 8
136 209 9
136 209 10
136 209 11
136 209 12
136 209 13
136 209 14
136 209 15
136 210 7
136 210 8
136 210 9
136 210 10
136 210 11
136 210 13
136 210 15
136 211 10
136 211 11
136 211 12
136 211 13
136 211 15
136 212 10
136 212 11
136 213 11
137 193 4
137 193 8
137 193 10
137 194 1
137 194 3
137 194 4
137 194 6
137 194 8
137 194 10
137 195 1
137 195 2
137 195 3
137 195 4
137 195 5
137 195 6
137 195 7
137 195 8
137 195 9
137 195 10
137 195 11
137 195 12
137 196 1
137 196 2
137 196 3
137 196 4
137 196 5
137 196 6
137 196 7
137 196 8
137 196 9
137 196 10
137 197 0
137 197 1
137 197 2
137 197 3
137 197 4
137 197 5
137 197 6
137 197 7
137 197 8
137 197 9
137 197 10
137 197 12
137 198 0
137 198 1
137 198 2
137 198 3
137 198 4
137 198 5
137 198 6
137 198 7
137 198 8
137 198 9
137 198 11
137 198 12
137 199 0
137 199 1
137 199 2
137 199 3
137 199 4
137 199 5
137 199 6
137 199 7
137 199 8
137 199 9
137 199 10
137 199 11
137 199 12
137 199 13
137 200 0
137 200 1
137 200 2
137 200 3
137 200 4
137 200 5
137 200 6
137 200 7
137 200 8
137 200 9
137 200 10
137 200 11
137 200 12
137 200 14
137 201 0
137 201 1
137 201 2
137 201 3
137 201 4
137 201 5
137 201 6
137 201 7
137 201 8
137 201 9
137 201 10
137 201 13
137 201 14
137 202 0
137 202 2
137 202 3
137 202 4
137 202 5
137 202 6
137 202 7
137 202 8
137 202 9
137 202 10
137 202 11
137 202 12
137 202 13
137 203 0
137 203 1
137 203 2
137 203 3
137 203 4
137 203 5
137 203 6
137 203 7
137 203 8
137 203 9
137 203 10
137 203 11
137 203 12
137 203 13
137 203 14
137 203 15
137 204 0
137 204 3
137 204 4
137 204 5
137 204 6
137 204 7
137 204 8
137 204 9
137 204 10
137 204 11
137 204 12
137 204 13
137 204 14
137 204 15
137 205 4
137 205 5
137 205 6
137 205 7
137 205 8
137 205 9
137 205 10
137 205 11
137 205 12
137 205 13
137 205 14
137 205 15
137 206 3
137 206 4
137 206 5
137 206 6
137 206 7
137 206 8
137 206 9
137 206 10
137 206 11
137 206 12
137 206 13
137 206 14
137 206 15
137 207 4
137 207 5
137 207 6
137 207 7
137 207 8
137 207 9
137 207 10
137 207 11
137 207 12
137 207 13
137 207 14
137 207 15
137 208 5
137 208 6
137 208 7
137 208 8
137 208 9
137 208 10
137 208 11
137 208 12
137 208 13
137 208 14
137 208 15
137 209 6
137 209 7
137 209 8
137 209 9
137 209 10
137 209 11
137 209 12
137 209 13
137 209 15
137 210 6
137 210 7
137 210 8
137 210 9
137 210 10
137 210 11
137 210 12
137 210 13
137 210 14
137 210 15
137 211 9
138 193 5
138 194 5
138 194 6
138 194 7
138 195 1
138 195 2
138 195 3
138 195 4
138 195 5
138 195 6
138 195 7
138 195 8
138 195 9
138 196 1
138 196 2
138 196 4
138 196 5
138 196 7
138 196 8
138 196 9
138 196 10
138 197 0
138 197 1
138 197 2
138 197 3
138 197 4
138 197 5
138 197 6
138 197 7
138 197 8
138 197 9
138 197 10
138 197 11
138 197 12
138 198 0
138 198 1
138 198 2
138 198 3
138 198 4
138 198 5
138 198 6
138 198 7
138 198 8
138 198 9
138 198 10
138 198 11
138 199 0
138 199 1
138 199 2
138 199 3
138 199 4
138 199 5
138 199 6
138 199 7
138 199 8
138 199 9
138 199 10
138 199 11
138 200 0
138 200 1
138 200 2
138 200 3
138 200 4
138 200 5
138 200 6
138 200 7
138 200 8
138 200 9
138 200 10
138 200 11
138 200 12
138 201 0
138 201 1
138 201 2
138 201 3
138 201 4
138 201 5
138 201 6
138 201 7
138 201 8
138 201 9
138 201 10
138 201 11
138 201 12
138 201 14
138 202 0
138 202 1
138 202 2
138 202 3
138 202 4
138 202 5
138 202 6
138 202 7
138 202 8
138 202 9
138 202 10
138 202 11
138 202 12
138 202 15
138 203 0
138 203 1
138 203 3
138 203 4
138 203 5
138 203 6
138 203 7
138 203 8
138 203 9
138 203 10
138 203 11
138 203 12
138 203 13
138 203 15
138 204 3
138 204 4
138 204 5
138 204 6
138 204 7
138 204 8
138 204 9
138 204 10
138 204 11
138 204 12
138 204 13
138 204 14
138 204 15
138 205 3
138 205 5
138 205 6
138 205 7
138 205 8
138 205 9
138 205 10
138 205 11
138 205 12
138 205 13
138 205 14
138 205 15
138 206 3
138 206 4
138 206 5
138 206 6
138 206 7
138 206 8
138 206 9
138 206 10
138 206 11
138 206 12
138 206 13
138 206 14
138 206 15
138 207 2
138 207 3
138 207 4
138 207 5
138 207 6
138 207 7
138 207 8
138 207 9
138 207 10
138 207 11
138 207 12
138 207 13
138 207 14
138 207 15
138 208 5
138 208 6
138 208 7
138 208 8
138 208 9
138 208 10
138 208 11
138 208 12
138 208 13
138 208 14
138 208 15
138 209 5
138 209 6
138 209 7
138 209 8
138 209 9
138 209 10
138 209 11
138 209 12
138 209 13
138 209 14
138 209 15
138 210 5
138 210 6
138 210 7
138 210 8
138 210 9
138 210 10
138 210 11
138 210 12
138 210 13
138 210 14
138 210 15
138 211 6
138 211 8
138 211 9
138 211 10
138 211 11
138 211 12
138 212 8
138 212 11
138 213 11
139 194 4
139 195 3
139 195 4
139 195 5
139 195 6
139 195 7
139 195 8
139 196 1
139 196 2
139 196 3
139 196 4
139 196 5
139 196 6
139 196 7
139 196 8
139 196 10
139 197 0
139 197 1
139 197 2
139 197 3
139 197 4
139 197 5
139 197 6
139 197 7
139 197 8
139 197 9
139 197 10
139 198 0
139 198 1
139 198 2
139 198 3
139 198 4
139 198 5
139 198 6
139 198 7
139 198 8
139 198 9
139 198 10
139 199 0
139 199 1
139 199 2
139 199 3
139 199 4
139 199 5
139 199 6
139 199 7
139 199 8
139 199 9
139 199 10
139 199 11
139 200 0
139 200 1
139 200 2
139 200 3
139 200 4
139 200 5
139 200 6
139 200 7
139 200 8
139 200 9
139 200 10
139 200 11
139 201 0
139 201 1
139 201 2
139 201 3
139 201 4
139 201 5
139 201 6
139 201 7
139 201 8
139 201 9
139 201 10
139 201 12
139 202 0
139 202 1
139 202 2
139 202 3
139 202 4
139 202 5
139 202 6
139 202 7
139 202 8
139 202 9
139 202 10
139 202 11
139 202 12
139 202 15
139 203 0
139 203 1
139 203 2
139 203 3
139 203 4
139 203 5
139 203 6
139 203 7
139 203 8
139 203 9
139 203 10
139 203 11
139 203 12
139 203 13
139 203 15
139 204 0
139 204 1
139 204 2
139 204 3
139 204 4
139 204 5
139 204 6
139 204 7
139 204 8
139 204 9
139 204 10
139 204 11
139 204 12
139 204 14
139 205 1
139 205 2
139 205 3
139 205 4
139 205 5
139 205 6
139 205 7
139 205 8
139 205 9
139 205 10
139 205 11
139 205 12
139 205 13
139 205 14
139 205 15
139 206 2
139 206 3
139 206 4
139 206 5
139 206 6
139 206 7
139 206 8
139 206 9
139 206 10
139 206 11
139 206 12
139 206 13
139 206 14
139 206 15
139 207 1
139 207 2
139 207 3
139 207 4
139 207 5
139 207 6
139 207 7
139 207 8
139 207 9
139 207 10
139 207 11
139 207 12
139 207 13
139 207 14
139 208 3
139 208 4
139 208 5
139 208 6
139 208 7
139 208 8
139 208 9
139 208 10
139 208 11
139 208 12
139 208 13
139 208 14
139 208 15
139 209 5
139 209 6
139 209 7
139 209 8
139 209 9
139 209 10
139 209 11
139 209 12
139 209 14
139 209 15
139 210 6
139 210 7
139 210 8
139 210 9
139 210 10
139 210 11
139 210 12
139 210 13
139 210 15
139 211 6
139 211 7
139 211 8
139 211 9
139 211 10
139 211 11
139 211 12
139 212 6
139 212 7
139 213 7
140 195 1
140 195 2
140 195 5
140 195 6
140 196 2
140 196 3
140 196 4
140 196 6
140 197 1
140 197 2
140 197 3
140 197 4
140 197 5
140 197 6
140 197 7
140 197 8
140 198 0
140 198 1
140 198 2
140 198 3
140 198 4
140 198 5
140 198 6
140 198 7
140 198 8
140 198 9
140 198 10
140 199 1
140 199 2
140 199 3
140 199 4
140 199 5
140 199 6
140 199 7
140 199 8
140 199 10
140 200 0
140 200 1
140 200 2
140 200 3
140 200 4
140 200 5
140 200 6
140 200 7
140 200 8
140 200 9
140 200 10
140 200 11
140 201 0
140 201 1
140 201 2
140 201 3
140 201 4
140 201 5
140 201 6
140 201 7
140 201 8
140 201 9
140 201 10
140 201 11
140 201 12
140 202 0
140 202 1
140 202 2
140 202 3
140 202 4
140 202 5
140 202 6
140 202 7
140 202 8
140 202 9
140 202 10
140 202 11
140 202 12
140 202 13
140 202 14
140 202 15
140 203 0
140 203 1
140 203 2
140 203 3
140 203 4
140 203 5
140 203 6
140 203 7
140 203 8
140 203 9
140 203 10
140 203 11
140 203 12
140 203 13
140 203 14
140 203 15
140 204 2
140 204 3
140 204 4
140 204 5
140 204 6
140 204 7
140 204 8
140 204 9
140 204 10
140 204 11
140 204 12
140 204 13
140 204 14
140 204 15
140 205 1
140 205 2
140 205 3
140 205 4
140 205 5
140 205 6
140 205 7
140 205 8
140 205 9
140 205 10
140 205 11
140 205 12
140 205 13
140 205 14
140 205 15
140 206 2
140 206 3
140 206 4
140 206 5
140 206 6
140 206 7
140 206 8
140 206 9
140 206 10
140 206 11
140 206 12
140 206 13
140 206 14
140 206 15
140 207 3
140 207 4
140 207 5
140 207 6
140 207 7
140 207 8
140 207 9
140 207 10
140 207 11
140 207 12
140 207 13
140 207 14
140 207 15
140 208 3
140 208 4
140 208 5
140 208 6
140 208 7
140 208 8
140 208 9
140 208 10
140 208 11
140 208 12
140 208 13
140 208 14
140 208 15
140 209 4
140 209 5
140 209 6
140 209 8
140 209 9
140 209 10
140 209 11
140 209 12
140 209 13
140 209 14
140 210 6
140 210 7
140 210 8
140 210 9
140 210 10
140 210 11
140 210 12
140 210 13
140 210 14
140 211 6
140 211 8
140 211 9
140 211 10
140 211 11
140 212 7
140 212 10
141 195 2
141 195 4
141 196 4
141 197 1
141 197 2
141 197 3
141 197 4
141 198 0
141 198 1
141 198 2
141 198 3
141 198 4
141 198 5
141 198 6
141 198 7
141 198 8
141 199 1
141 199 2
141 199 3
141 199 4
141 199 5
141 199 6
141 199 7
141 199 8
141 200 0
141 200 2
141 200 3
141 200 4
141 200 5
141 200 6
141 200 7
141 200 11
141 200 12
141 200 13
141 201 0
141 201 1
141 201 2
141 201 3
141 201 4
141 201 5
141 201 6
141 201 7
141 201 9
141 201 11
141 201 12
141 201 13
141 201 15
141 202 0
141 202 1
141 202 2
141 202 3
141 202 4
141 202 5
141 202 6
141 202 7
141 202 8
141 202 9
141 202 10
141 202 11
141 202 12
141 202 13
141 202 14
141 202 15
141 203 0
141 203 1
141 203 2
141 203 3
141 203 4
141 203 5
141 203 6
141 203 7
141 203 8
141 203 9
141 203 10
141 203 11
141 203 12
141 203 13
141 203 14
141 203 15
141 204 0
141 204 2
141 204 3
141 204 4
141 204 5
141 204 6
141 204 7
141 204 8
141 204 9
141 204 10
141 204 11
141 204 12
141 204 13
141 204 14
141 204 15
141 205 1
141 205 2
141 205 3
141 205 4
141 205 5
141 205 6
141 205 7
141 205 8
141 205 9
141 205 10
141 205 11
141 205 12
141 205 13
141 205 14
141 205 15
141 206 2
141 206 3
141 206 4
141 206 5
141 206 6
141 206 7
141 206 8
141 206 9
141 206 10
141 206 11
141 206 12
141 206 13
141 206 14
141 206 15
141 207 2
141 207 3
141 207 4
141 207 5
141 207 6
141 207 7
141 207 8
141 207 9
141 207 10
141 207 11
141 207 12
141 207 13
141 207 14
141 207 15
141 208 3
141 208 4
141 208 5
141 208 6
141 208 7
141 208 8
141 208 9
141 208 10
141 208 11
141 208 12
141 208 13
141 208 14
141 208 15
141 209 3
141 209 4
141 209 5
141 209 6
141 209 7
141 209 8
141 209 9
141 209 10
141 209 11
141 209 12
141 209 14
141 210 4
141 210 5
141 210 6
141 210 7
141 210 8
141 210 9
141 210 10
141 210 11
141 210 12
141 210 13
141 211 6
141 211 7
141 211 8
141 211 9
141 211 10
141 211 11
141 212 6
141 212 9
141 213 6
141 213 9
142 197 1
142 197 2
142 197 5
142 197 6
142 197 7
142 198 1
142 198 6
142 198 7
142 198 10
142 199 0
142 199 1
142 199 2
142 199 6
142 199 7
142 199 10
142 199 11
142 200 2
142 200 3
142 200 4
142 200 5
142 200 6
142 200 7
142 200 9
142 200 10
142 200 11
142 200 14
142 200 15
142 201 1
142 201 2
142 201 3
142 201 4
142 201 5
142 201 6
142 201 8
142 201 9
142 201 10
142 201 11
142 201 12
142 201 14
142 201 15
142 202 0
142 202 1
142 202 2
142 202 3
142 202 4
142 202 5
142 202 6
142 202 7
142 202 9
142 202 10
142 202 11
142 202 12
142 202 13
142 202 14
142 202 15
142 203 0
142 203 1
142 203 2
142 203 3
142 203 4
142 203 5
142 203 6
142 203 7
142 203 8
142 203 9
142 203 10
142 203 11
142 203 12
142 203 13
142 203 14
142 203 15
142 204 1
142 204 2
142 204 3
142 204 4
142 204 5
142 204 6
142 204 7
142 204 8
142 204 9
142 204 10
142 204 11
142 204 12
142 204 13
142 204 14
142 204 15
142 205 1
142 205 2
142 205 3
142 205 4
142 205 5
142 205 6
142 205 7
142 205 8
142 205 9
142 205 10
142 205 11
142 205 12
142 205 13
142 205 14
142 205 15
142 206 1
142 206 2
142 206 3
142 206 4
142 206 5
142 206 6
142 206 7
142 206 8
142 206 9
142 206 10
142 206 11
142 206 12
142 206 13
142 206 14
142 206 15
142 207 2
142 207 3
142 207 4
142 207 5
142 207 6
142 207 7
142 207 8
142 207 9
142 207 10
142 207 11
142 207 12
142 207 13
142 207 14
142 207 15
142 208 2
142 208 3
142 208 4
142 208 6
142 208 7
142 208 8
142 208 9
142 208 10
142 208 11
142 208 12
142 208 13
142 208 14
142 208 15
142 209 5
142 209 6
142 209 7
142 209 8
142 209 9
142 209 10
142 209 11
142 209 12
142 209 13
142 209 14
142 209 15
142 210 4
142 210 5
142 210 6
142 210 7
142 210 8
142 210 9
142 210 10
142 210 11
142 210 12
142 210 13
142 211 7
142 211 8
142 211 11
142 211 13
142 212 7
143 197 6
143 198 3
143 198 6
143 198 15
143 199 1
143 199 3
143 199 4
143 199 5
143 199 6
143 199 14
143 199 15
143 200 3
143 200 4
143 200 5
143 200 6
143 200 10
143 200 11
143 200 12
143 200 13
143 200 14
143 200 15
143 201 1
143 201 2
143 201 3
143 201 4
143 201 5
143 201 10
143 201 11
143 201 12
143 201 13
143 201 14
143 201 15
143 202 1
143 202 2
143 202 3
143 202 4
143 202 5
143 202 6
143 202 8
143 202 9
143 202 10
143 202 11
143 202 12
143 202 13
143 202 14
143 202 15
143 203 0
143 203 1
143 203 3
143 203 4
143 203 5
143 203 6
143 203 7
143 203 8
143 203 9
143 203 10
143 203 11
143 203 12
143 203 13
143 203 14
143 203 15
143 204 1
143 204 3
143 204 4
143 204 5
143 204 6
143 204 7
143 204 8
143 204 9
143 204 10
143 204 11
143 204 12
143 204 13
143 204 14
143 204 15
143 205 2
143 205 4
143 205 5
143 205 6
143 205 7
143 205 8
143 205 9
143 205 10
143 205 11
143 205 12
143 205 13
143 205 14
143 205 15
143 206 3
143 206 4
143 206 5
143 206 6
143 206 7
143 206 8
143 206 9
143 206 10
143 206 11
143 206 12
143 206 13
143 206 14
143 206 15
143 207 3
143 207 4
143 207 5
143 207 6
143 207 7
143 207 8
143 207 9
143 207 10
143 207 11
143 207 12
143 207 13
143 207 14
143 207 15
143 208 4
143 208 5
143 208 6
143 208 7
143 208 8
143 208 9
143 208 10
143 208 11
143 208 12
143 208 13
143 208 14
143 208 15
143 209 5
143 209 6
143 209 7
143 209 8
143 209 9
143 209 10
143 209 11
143 209 12
143 209 14
143 209 15
143 210 5
143 210 6
143 210 7
143 210 8
143 210 9
143 210 10
143 210 11
143 210 15
143 211 6
143 211 7
143 211 8
143 211 9
128 225 10
128 227 8
128 227 10
128 227 11
128 227 12
128 228 7
128 228 8
128 228 9
128 228 10
128 228 12
128 228 14
128 229 0
128 229 2
128 229 7
128 229 8
128 229 9
128 229 10
128 229 11
128 229 12
128 229 13
128 230 0
128 230 1
128 230 2
128 230 3
128 230 7
128 230 8
128 230 9
128 230 10
128 230 11
128 230 12
128 230 13
128 231 0
128 231 1
128 231 2
128 231 3
128 231 5
128 231 6
128 231 7
128 231 8
128 231 9
128 231 10
128 231 11
128 231 13
128 231 14
128 232 0
128 232 1
128 232 2
128 232 3
128 232 4
128 232 5
128 232 6
128 232 7
128 232 8
128 232 9
128 232 10
128 232 11
128 232 12
128 232 13
128 232 14
128 232 15
128 233 0
128 233 1
128 233 2
128 233 3
128 233 4
128 233 5
128 233 6
128 233 7
128 233 8
128 233 9
128 233 10
128 233 11
128 233 12
128 233 13
128 233 14
128 233 15
128 234 0
128 234 1
128 234 2
128 234 3
128 234 4
128 234 5
128 234 6
128 234 7
128 234 8
128 234 9
128 234 10
128 234 11
128 234 12
128 234 13
128 234 14
128 234 15
128 235 0
128 235 1
128 235 2
128 235 3
128 235 4
128 235 5
128 235 6
128 235 7
128 235 8
128 235 9
128 235 10
128 235 11
128 235 12
128 235 13
128 235 14
128 235 15
128 236 0
128 236 1
128 236 2
128 236 3
128 236 4
128 236 5
128 236 6
128 236 7
128 236 8
128 236 9
128 236 10
128 236 11
128 236 12
128 236 13
128 236 14
128 236 15
128 237 0
128 237 1
128 237 2
128 237 3
128 237 4
128 237 5
128 237 6
128 237 7
128 237 8
128 237 9
128 237 10
128 237 11
128 237 12
128 237 13
128 237 14
128 237 15
128 238 0
128 238 1
128 238 2
128 238 3
128 238 4
128 238 5
128 238 6
128 238 7
128 238 8
128 238 9
128 238 10
128 238 11
128 238 12
128 238 13
128 238 14
128 238 15
128 239 0
128 239 1
128 239 2
128 239 3
128 239 4
128 239 5
128 239 6
128 239 7
128 239 8
128 239 9
128 239 10
128 239 11
128 239 12
128 239 13
128 239 14
128 239 15
128 240 0
128 240 1
128 240 2
128 240 3
128 240 4
128 240 5
128 240 6
128 240 7
128 240 8
128 240 9
128 240 10
128 240 11
128 240 12
128 240 13
128 240 14
128 240 15
128 241 0
128 241 1
128 241 2
128 241 3
128 241 5
128 241 6
128 241 7
128 241 8
128 241 9
128 241 10
128 241 11
128 241 12
128 241 13
128 241 14
128 241 15
128 242 0
128 242 1
128 242 2
128 242 3
128 242 4
128 242 5
128 242 6
128 242 7
128 242 8
128 242 9
128 242 10
128 242 11
128 242 12
128 242 13
128 242 14
128 242 15
128 243 0
128 243 1
128 243 2
128 243 3
128 243 4
128 243 5
128 243 6
128 243 7
128 243 8
128 243 9
128 243 10
128 243 11
128 243 12
128 243 13
128 243 14
128 243 15
128 244 0
128 244 1
128 244 2
128 244 6
128 244 7
128 244 8
128 244 9
128 244 10
128 244 11
128 244 12
128 244 13
128 244 14
128 245 0
128 245 1
128 245 3
128 245 7
128 245 8
128 245 9
128 245 10
128 245 11
128 245 12
128 246 0
128 246 1
128 246 8
128 246 11
128 247 11
129 227 11
129 228 2
129 228 8
129 228 10
129 229 0
129 229 2
129 229 10
129 229 11
129 230 0
129 230 1
129 230 2
129 230 4
129 230 5
129 230 6
129 230 8
129 230 9
129 230 10
129 230 11
129 230 12
129 230 13
129 231 0
129 231 1
129 231 2
129 231 3
129 231 4
129 231 5
129 231 6
129 231 7
129 231 8
129 231 9
129 231 10
129 231 11
129 231 12
129 231 13
129 231 14
129 231 15
129 232 0
129 232 1
129 232 2
129 232 3
129 232 4
129 232 5
129 232 6
129 232 7
129 232 8
129 232 9
129 232 10
129 232 11
129 232 12
129 232 13
129 233 0
129 233 1
129 233 2
129 233 3
129 233 4
129 233 5
129 233 6
129 233 7
129 233 8
129 233 9
129 233 10
129 233 11
129 233 12
129 233 13
129 233 14
129 233 15
129 234 0
129 234 1
129 234 2
129 234 3
129 234 4
129 234 5
129 234 6
129 234 7
129 234 8
129 234 9
129 234 10
129 234 11
129 234 12
129 234 13
129 234 14
129 234 15
129 235 0
129 235 1
129 235 2
129 235 3
129 235 4
129 235 5
129 235 6
129 235 7
129 235 8
129 235 9
129 235 10
129 235 11
129 235 12
129 235 13
129 235 14
129 235 15
129 236 0
129 236 1
129 236 2
129 236 3
129 236 4
129 236 5
129 236 6
129 236 7
129 236 8
129 236 9
129 236 10
129 236 11
129 236 12
129 236 13
129 236 14
129 236 15
129 237 0
129 237 1
129 237 2
129 237 3
129 237 4
129 237 5
129 237 6
129 237 7
129 237 8
129 237 9
129 237 10
129 237 11
129 237 12
129 237 13
129 237 14
129 237 15
129 238 0
129 238 1
129 238 2
129 238 3
129 238 4
129 238 5
129 238 6
129 238 7
129 238 8
129 238 9
129 238 10
129 238 11
129 238 12
129 238 13
129 238 14
129 238 15
129 239 0
129 239 1
129 239 2
129 239 3
129 239 4
129 239 5
129 239 6
129 239 7
129 239 8
129 239 9
129 239 10
129 239 11
129 239 12
129 239 13
129 239 14
129 239 15
129 240 0
129 240 1
129 240 2
129 240 3
129 240 4
129 240 5
129 240 6
129 240 7
129 240 8
129 240 9
129 240 10
129 240 11
129 240 12
129 240 13
129 240 14
129 240 15
129 241 0
129 241 1
129 241 2
129 241 3
129 241 4
129 241 5
129 241 6
129 241 7
129 241 8
129 241 9
129 241 10
129 241 11
129 241 12
129 241 13
129 241 14
129 242 0
129 242 1
129 242 2
129 242 3
129 242 4
129 242 5
129 242 6
129 242 7
129 242 8
129 242 9
129 242 10
129 242 11
129 242 12
129 242 13
129 242 14
129 242 15
129 243 0
129 243 1
129 243 2
129 243 3
129 243 4
129 243 5
129 243 6
129 243 7
129 243 8
129 243 9
129 243 10
129 243 12
129 243 13
129 243 14
129 243 15
129 244 0
129 244 1
129 244 2
129 244 3
129 244 4
129 244 5
129 244 6
129 244 7
129 244 8
129 244 9
129 244 10
129 244 11
129 244 12
129 244 14
129 245 0
129 245 1
129 245 2
129 245 3
129 245 6
129 245 8
129 245 11
129 246 0
129 246 1
129 246 3
129 247 6
130 228 0
130 228 10
130 229 0
130 229 4
130 229 6
130 229 9
130 230 0
130 230 1
130 230 2
130 230 3
130 230 4
130 230 6
130 230 8
130 230 9
130 230 10
130 230 11
130 230 12
130 230 13
130 230 15
130 231 0
130 231 1
130 231 2
130 231 3
130 231 4
130 231 5
130 231 6
130 231 8
130 231 9
130 231 10
130 231 11
130 231 12
130 231 13
130 231 15
130 232 0
130 232 1
130 232 2
130 232 3
130 232 4
130 232 6
130 232 7
130 232 8
130 232 9
130 232 10
130 232 11
130 232 12
130 232 13
130 232 15
130 233 0
130 233 1
130 233 2
130 233 3
130 233 4
130 233 5
130 233 6
130 233 7
130 233 8
130 233 9
130 233 10
130 233 11
130 233 12
130 233 13
130 233 14
130 233 15
130 234 0
130 234 1
130 234 2
130 234 3
130 234 4
130 234 5
130 234 6
130 234 7
130 234 8
130 234 9
130 234 10
130 234 11
130 234 12
130 234 13
130 234 14
130 234 15
130 235 0
130 235 1
130 235 2
130 235 3
130 235 4
130 235 5
130 235 6
130 235 7
130 235 8
130 235 9
130 235 10
130 235 11
130 235 12
130 235 13
130 235 14
130 235 15
130 236 0
130 236 1
130 236 2
130 236 3
130 236 4
130 236 5
130 236 6
130 236 7
130 236 8
130 236 9
130 236 10
130 236 11
130 236 12
130 236 13
130 236 14
130 236 15
130 237 0
130 237 1
130 237 2
130 237 3
130 237 4
130 237 5
130 237 6
130 237 7
130 237 8
130 237 9
130 237 10
130 237 11
130 237 12
130 237 13
130 237 14
130 237 15
130 238 0
130 238 1
130 238 2
130 238 3
130 238 4
130 238 5
130 238 6
130 238 7
130 238 8
130 238 9
130 238 10
130 238 11
130 238 12
130 238 13
130 238 14
130 238 15
130 239 0
130 239 1
130 239 2
130 239 3
130 239 4
130 239 5
130 239 6
130 239 7
130 239 8
130 239 9
130 239 10
130 239 11
130 239 12
130 239 13
130 239 14
130 239 15
130 240 0
130 240 1
130 240 2
130 240 3
130 240 4
130 240 5
130 240 6
130 240 7
130 240 8
130 240 9
130 240 10
130 240 11
130 240 12
130 240 13
130 240 14
130 240 15
130 241 0
130 241 1
130 241 2
130 241 3
130 241 4
130 241 5
130 241 6
130 241 7
130 241 8
130 241 9
130 241 10
130 241 11
130 241 12
130 241 13
130 241 14
130 241 15
130 242 0
130 242 1
130 242 2
130 242 3
130 242 4
130 242 5
130 242 6
130 242 7
130 242 8
130 242 9
130 242 10
130 242 11
130 242 12
130 242 13
130 242 15
130 243 0
130 243 1
130 243 2
130 243 3
130 243 4
130 243 5
130 243 6
130 243 7
130 243 8
130 243 9
130 243 10
130 243 11
130 243 12
130 243 13
130 243 14
130 244 0
130 244 1
130 244 2
130 244 3
130 244 5
130 244 6
130 244 7
130 244 8
130 244 9
130 244 10
130 244 11
130 244 12
130 244 13
130 245 0
130 245 1
130 245 2
130 245 4
130 245 5
130 245 6
130 245 7
130 245 8
130 245 10
130 245 11
130 246 0
130 246 1
130 246 2
130 246 4
130 246 6
130 246 7
130 246 8
130 246 10
130 247 6
130 247 7
130 247 8
130 248 6
130 248 7
130 248 8
130 249 7
131 228 0
131 230 0
131 230 1
131 230 6
131 230 9
131 230 10
131 231 0
131 231 1
131 231 2
131 231 4
131 231 5
131 231 6
131 231 7
131 231 8
131 231 9
131 231 11
131 231 12
131 232 0
131 232 1
131 232 2
131 232 3
131 232 4
131 232 5
131 232 6
131 232 7
131 232 8
131 232 9
131 232 10
131 232 11
131 232 12
131 232 13
131 232 14
131 232 15
131 233 0
131 233 1
131 233 2
131 233 3
131 233 4
131 233 5
131 233 6
131 233 7
131 233 8
131 233 9
131 233 10
131 233 11
131 233 12
131 233 13
131 233 14
131 233 15
131 234 0
131 234 1
131 234 2
131 234 3
131 234 4
131 234 5
131 234 6
131 234 7
131 234 8
131 234 9
131 234 10
131 234 11
131 234 12
131 234 13
131 234 14
131 234 15
131 235 0
131 235 1
131 235 2
131 235 3
131 235 4
131 235 5
131 235 6
131 235 7
131 235 8
131 235 9
131 235 10
131 235 11
131 235 12
131 235 13
131 235 14
131 235 15
131 236 0
131 236 1
131 236 2
131 236 3
131 236 4
131 236 5
131 236 6
131 236 7
131 236 8
131 236 9
131 236 10
131 236 11
131 236 12
131 236 13
131 236 14
131 236 15
131 237 0
131 237 1
131 237 2
131 237 3
131 237 4
131 237 5
131 237 6
131 237 7
131 237 8
131 237 9
131 237 10
131 237 11
131 237 12
131 237 13
131 237 14
131 237 15
131 238 0
131 238 1
131 238 2
131 238 3
131 238 4
131 238 5
131 238 6
131 238 7
131 238 8
131 238 9
131 238 10
131 238 11
131 238 12
131 238 13
131 238 14
131 238 15
131 239 0
131 239 1
131 239 2
131 239 3
131 239 4
131 239 5
131 239 6
131 239 7
131 239 8
131 239 9
131 239 10
131 239 11
131 239 12
131 239 13
131 239 14
131 239 15
131 240 0
131 240 1
131 240 2
131 240 3
131 240 4
131 240 5
131 240 6
131 240 7
131 240 8
131 240 9
131 240 10
131 240 11
131 240 12
131 240 13
131 240 14
131 240 15
131 241 0
131 241 1
131 241 2
131 241 3
131 241 4
131 241 5
131 241 6
131 241 7
131 241 8
131 241 9
131 241 10
131 241 11
131 241 12
131 241 13
131 241 14
131 241 15
131 242 0
131 242 1
131 242 2
131 242 3
131 242 4
131 242 5
131 242 6
131 242 7
131 242 8
131 242 9
131 242 10
131 242 11
131 242 12
131 242 13
131 242 14
131 243 0
131 243 1
131 243 2
131 243 3
131 243 4
131 243 5
131 243 6
131 243 7
131 243 8
131 243 9
131 243 10
131 243 11
131 243 12
131 243 15
131 244 0
131 244 1
131 244 2
131 244 3
131 244 4
131 244 5
131 244 6
131 244 7
131 244 8
131 244 9
131 244 10
131 244 11
131 244 12
131 245 0
131 245 1
131 245 2
131 245 3
131 245 4
131 245 5
131 245 6
131 245 7
131 245 8
131 245 9
131 245 10
131 245 11
131 245 12
131 245 15
131 246 1
131 246 2
131 246 3
131 246 4
131 246 5
131 246 6
131 246 7
131 246 8
131 246 10
131 247 1
131 247 5
131 247 6
131 247 7
131 247 8
131 247 9
131 247 10
131 248 5
131 248 7
131 248 8
131 249 7
132 229 3
132 229 4
132 230 2
132 230 3
132 230 4
132 230 8
132 230 9
132 231 0
132 231 1
132 231 2
132 231 3
132 231 4
132 231 5
132 231 6
132 231 7
132 231 8
132 231 9
132 231 10
132 231 12
132 232 0
132 232 1
132 232 2
132 232 3
132 232 4
132 232 5
132 232 6
132 232 7
132 232 8
132 232 9
132 232 10
132 232 11
132 232 12
132 232 13
132 233 0
132 233 1
132 233 2
132 233 3
132 233 4
132 233 5
132 233 6
132 233 7
132 233 8
132 233 9
132 233 10
132 233 11
132 233 12
132 233 13
132 233 15
132 234 0
132 234 1
132 234 2
132 234 3
132 234 4
132 234 5
132 234 6
132 234 7
132 234 8
132 234 9
132 234 10
132 234 11
132 234 12
132 234 13
132 234 14
132 234 15
132 235 0
132 235 1
132 235 2
132 235 3
132 235 4
132 235 5
132 235 6
132 235 7
132 235 8
132 235 9
132 235 10
132 235 11
132 235 12
132 235 13
132 235 15
132 236 0
132 236 1
132 236 2
132 236 3
132 236 4
132 236 5
132 236 6
132 236 7
132 236 8
132 236 9
132 236 10
132 236 11
132 236 12
132 236 13
132 236 14
132 236 15
132 237 0
132 237 1
132 237 2
132 237 3
132 237 4
132 237 5
132 237 6
132 237 7
132 237 8
132 237 9
132 237 10
132 237 11
132 237 12
132 237 13
132 237 14
132 237 15
132 238 0
132 238 1
132 238 2
132 238 3
132 238 4
132 238 5
132 238 6
132 238 7
132 238 8
132 238 9
132 238 10
132 238 11
132 238 12
132 238 13
132 238 14
132 238 15
132 239 0
132 239 1
132 239 2
132 239 3
132 239 4
132 239 5
132 239 6
132 239 7
132 239 8
132 239 9
132 239 10
132 239 11
132 239 12
132 239 13
132 239 14
132 239 15
132 240 0
132 240 1
132 240 2
132 240 3
132 240 4
132 240 5
132 240 6
132 240 7
132 240 8
132 240 9
132 240 10
132 240 11
132 240 12
132 240 13
132 240 14
132 240 15
132 241 0
132 241 1
132 241 2
132 241 3
132 241 4
132 241 5
132 241 6
132 241 7
132 241 8
132 241 9
132 241 10
132 241 11
132 241 12
132 241 13
132 241 14
132 241 15
132 242 0
132 242 1
132 242 2
132 242 3
132 242 4
132 242 5
132 242 6
132 242 7
132 242 8
132 242 9
132 242 10
132 242 11
132 242 12
132 242 13
132 242 14
132 242 15
132 243 0
132 243 1
132 243 2
132 243 3
132 243 4
132 243 5
132 243 6
132 243 7
132 243 8
132 243 9
132 243 10
132 243 11
132 243 12
132 243 13
132 243 14
132 243 15
132 244 0
132 244 1
132 244 2
132 244 3
132 244 4
132 244 5
132 244 6
132 244 7
132 244 8
132 244 9
132 244 10
132 244 11
132 244 12
132 244 13
132 244 14
132 244 15
132 245 0
132 245 1
132 245 2
132 245 3
132 245 4
132 245 5
132 245 6
132 245 7
132 245 8
132 245 9
132 245 10
132 245 11
132 245 12
132 245 13
132 245 15
132 246 0
132 246 1
132 246 2
132 246 3
132 246 4
132 246 5
132 246 6
132 246 7
132 246 8
132 246 9
132 246 10
132 246 11
132 247 1
132 247 2
132 247 3
132 247 4
132 247 5
132 247 6
132 247 7
132 247 8
132 247 9
132 247 10
132 248 5
132 248 6
132 248 7
132 248 8
132 248 10
132 249 6
132 249 8
133 228 0
133 230 1
133 230 3
133 230 5
133 231 1
133 231 2
133 231 3
133 231 5
133 231 6
133 231 9
133 231 10
133 232 0
133 232 1
133 232 2
133 232 5
133 232 6
133 232 8
133 232 10
133 232 11
133 233 0
133 233 1
133 233 2
133 233 3
133 233 4
133 233 5
133 233 6
133 233 7
133 233 9
133 233 10
133 233 11
133 233 14
133 234 0
133 234 1
133 234 2
133 234 3
133 234 4
133 234 5
133 234 6
133 234 8
133 234 9
133 234 10
133 234 11
133 234 12
133 234 13
133 234 14
133 234 15
133 235 0
133 235 1
133 235 2
133 235 3
133 235 4
133 235 5
133 235 6
133 235 7
133 235 8
133 235 9
133 235 10
133 235 11
133 235 12
133 235 13
133 235 14
133 235 15
133 236 0
133 236 1
133 236 2
133 236 4
133 236 5
133 236 6
133 236 7
133 236 9
133 236 10
133 236 11
133 236 12
133 236 13
133 236 14
133 236 15
133 237 0
133 237 1
133 237 2
133 237 3
133 237 4
133 237 5
133 237 6
133 237 7
133 237 8
133 237 9
133 237 10
133 237 11
133 237 12
133 237 13
133 237 14
133 237 15
133 238 0
133 238 1
133 238 2
133 238 3
133 238 4
133 238 5
133 238 6
133 238 7
133 238 8
133 238 9
133 238 10
133 238 11
133 238 12
133 238 13
133 238 14
133 238 15
133 239 0
133 239 1
133 239 2
133 239 3
133 239 4
133 239 5
133 239 6
133 239 7
133 239 8
133 239 9
133 239 10
133 239 11
133 239 12
133 239 13
133 239 14
133 239 15
133 240 0
133 240 1
133 240 2
133 240 3
133 240 4
133 240 5
133 240 6
133 240 7
133 240 8
133 240 9
133 240 10
133 240 11
133 240 12
133 240 13
133 240 14
133 240 15
133 241 0
133 241 1
133 241 2
133 241 3
133 241 4
133 241 5
133 241 6
133 241 7
133 241 8
133 241 9
133 241 10
133 241 11
133 241 12
133 241 13
133 241 14
133 241 15
133 242 0
133 242 1
133 242 2
133 242 3
133 242 4
133 242 5
133 242 6
133 242 7
133 242 8
133 242 9
133 242 10
133 242 11
133 242 12
133 242 13
133 242 14
133 242 15
133 243 0
133 243 1
133 243 2
133 243 3
133 243 4
133 243 5
133 243 6
133 243 7
133 243 8
133 243 9
133 243 10
133 243 11
133 243 13
133 243 15
133 244 0
133 244 1
133 244 2
133 244 3
133 244 4
133 244 5
133 244 6
133 244 7
133 244 8
133 244 9
133 244 10
133 244 11
133 244 12
133 244 13
133 244 14
133 245 0
133 245 1
133 245 2
133 245 3
133 245 4
133 245 5
133 245 6
133 245 7
133 245 8
133 245 9
133 245 10
133 245 11
133 245 12
133 245 13
133 246 0
133 246 1
133 246 3
133 246 4
133 246 5
133 246 6
133 246 7
133 246 8
133 246 9
133 246 10
133 246 12
133 247 4
133 247 6
133 247 7
133 247 8
133 247 9
133 247 10
133 247 11
133 248 6
133 248 9
133 249 7
134 231 0
134 231 1
134 231 9
134 232 0
134 232 1
134 232 2
134 232 3
134 232 4
134 232 8
134 232 9
134 232 10
134 233 0
134 233 1
134 233 2
134 233 3
134 233 4
134 233 5
134 233 8
134 233 9
134 233 10
134 234 0
134 234 1
134 234 2
134 234 3
134 234 4
134 234 5
134 234 6
134 234 9
134 234 10
134 234 11
134 234 12
134 234 14
134 234 15
134 235 0
134 235 2
134 235 3
134 235 4
134 235 5
134 235 6
134 235 7
134 235 9
134 235 10
134 235 12
134 235 13
134 235 14
134 235 15
134 236 0
134 236 1
134 236 2
134 236 3
134 236 4
134 236 5
134 236 6
134 236 7
134 236 8
134 236 9
134 236 10
134 236 11
134 236 12
134 236 13
134 236 14
134 236 15
134 237 0
134 237 1
134 237 2
134 237 3
134 237 4
134 237 5
134 237 6
134 237 7
134 237 8
134 237 9
134 237 10
134 237 11
134 237 12
134 237 13
134 237 14
134 237 15
134 238 0
134 238 1
134 238 2
134 238 3
134 238 4
134 238 5
134 238 6
134 238 7
134 238 8
134 238 9
134 238 10
134 238 11
134 238 12
134 238 13
134 238 14
134 238 15
134 239 0
134 239 1
134 239 2
134 239 3
134 239 4
134 239 5
134 239 6
134 239 7
134 239 8
134 239 9
134 239 10
134 239 11
134 239 12
134 239 13
134 239 14
134 239 15
134 240 0
134 240 1
134 240 2
134 240 3
134 240 4
134 240 5
134 240 6
134 240 7
134 240 8
134 240 9
134 240 10
134 240 11
134 240 12
134 240 13
134 240 14
134 240 15
134 241 0
134 241 1
134 241 2
134 241 3
134 241 4
134 241 5
134 241 6
134 241 7
134 241 8
134 241 9
134 241 10
134 241 11
134 241 12
134 241 13
134 241 14
134 241 15
134 242 0
134 242 1
134 242 2
134 242 3
134 242 4
134 242 5
134 242 6
134 242 7
134 242 8
134 242 9
134 242 10
134 242 11
134 242 12
134 242 13
134 242 14
134 242 15
134 243 0
134 243 1
134 243 2
134 243 3
134 243 4
134 243 5
134 243 6
134 243 7
134 243 8
134 243 9
134 243 10
134 243 11
134 243 12
134 243 13
134 243 14
134 244 0
134 244 1
134 244 2
134 244 3
134 244 4
134 244 5
134 244 6
134 244 7
134 244 8
134 244 9
134 244 10
134 244 11
134 244 12
134 244 13
134 244 14
134 245 0
134 245 1
134 245 2
134 245 3
134 245 4
134 245 5
134 245 6
134 245 7
134 245 8
134 245 9
134 245 10
134 245 11
134 245 12
134 245 13
134 245 14
134 246 1
134 246 3
134 246 4
134 246 5
134 246 6
134 246 7
134 246 8
134 246 9
134 246 10
134 246 13
134 247 5
134 247 6
134 247 7
134 247 8
134 247 9
134 247 10
134 247 11
134 248 4
134 248 5
134 248 7
134 248 8
134 248 9
134 249 5
134 249 6
134 249 7
134 249 8
134 249 9
134 250 7
134 251 7
135 229 0
135 230 0
135 231 0
135 231 1
135 231 3
135 232 0
135 232 1
135 232 2
135 232 3
135 232 4
135 233 0
135 233 1
135 233 2
135 233 3
135 233 4
135 233 5
135 233 6
135 233 9
135 234 0
135 234 1
135 234 2
135 234 3
135 234 4
135 234 5
135 234 6
135 234 9
135 234 10
135 234 15
135 235 0
135 235 1
135 235 2
135 235 3
135 235 4
135 235 11
135 235 13
135 235 14
135 235 15
135 236 0
135 236 1
135 236 2
135 236 3
135 236 4
135 236 6
135 236 7
135 236 8
135 236 9
135 236 10
135 236 11
135 236 12
135 236 13
135 236 14
135 236 15
135 237 0
135 237 1
135 237 2
135 237 3
135 237 4
135 237 7
135 237 8
135 237 9
135 237 10
135 237 11
135 237 12
135 237 13
135 237 14
135 237 15
135 238 0
135 238 1
135 238 2
135 238 3
135 238 4
135 238 5
135 238 7
135 238 8
135 238 10
135 238 11
135 238 12
135 238 13
135 238 14
135 238 15
135 239 0
135 239 1
135 239 2
135 239 3
135 239 4
135 239 5
135 239 6
135 239 7
135 239 8
135 239 9
135 239 10
135 239 11
135 239 12
135 239 13
135 239 14
135 239 15
135 240 0
135 240 1
135 240 2
135 240 3
135 240 4
135 240 5
135 240 6
135 240 7
135 240 8
135 240 9
135 240 10
135 240 11
135 240 12
135 240 13
135 240 14
135 240 15
135 241 0
135 241 1
135 241 2
135 241 3
135 241 4
135 241 5
135 241 6
135 241 7
135 241 8
135 241 9
135 241 10
135 241 11
135 241 12
135 241 13
135 241 14
135 241 15
135 242 0
135 242 1
135 242 2
135 242 3
135 242 4
135 242 5
135 242 6
135 242 7
135 242 8
135 242 9
135 242 10
135 242 11
135 242 12
135 242 13
135 242 14
135 242 15
135 243 0
135 243 1
135 243 2
135 243 3
135 243 4
135 243 5
135 243 6
135 243 7
135 243 8
135 243 9
135 243 10
135 243 11
135 243 12
135 243 13
135 243 14
135 243 15
135 244 0
135 244 1
135 244 2
135 244 3
135 244 4
135 244 5
135 244 6
135 244 7
135 244 8
135 244 9
135 244 11
135 244 12
135 244 13
135 244 14
135 244 15
135 245 0
135 245 1
135 245 2
135 245 3
135 245 4
135 245 5
135 245 6
135 245 8
135 245 9
135 245 10
135 245 11
135 245 13
135 245 14
135 245 15
135 246 2
135 246 4
135 246 5
135 246 6
135 246 7
135 246 8
135 246 9
135 246 10
135 246 11
135 246 13
135 246 14
135 247 2
135 247 3
135 247 4
135 247 5
135 247 7
135 247 8
135 247 9
135 247 10
135 248 5
135 248 6
135 248 7
135 248 8
135 249 6
135 249 7
135 249 8
136 228 0
136 229 0
136 230 0
136 231 0
136 232 1
136 232 2
136 232 4
136 233 0
136 233 1
136 233 2
136 233 3
136 233 5
136 233 9
136 234 0
136 234 1
136 234 2
136 234 3
136 234 5
136 234 8
136 234 9
136 235 0
136 235 1
136 235 2
136 235 3
136 235 4
136 235 5
136 235 6
136 235 8
136 235 9
136 235 10
136 235 13
136 235 14
136 235 15
136 236 0
136 236 1
136 236 2
136 236 3
136 236 5
136 236 7
136 236 8
136 236 9
136 236 10
136 236 11
136 236 13
136 236 14
136 236 15
136 237 0
136 237 1
136 237 2
136 237 3
136 237 4
136 237 7
136 237 9
136 237 10
136 237 12
136 237 13
136 237 14
136 237 15
136 238 0
136 238 1
136 238 2
136 238 3
136 238 4
136 238 5
136 238 6
136 238 7
136 238 8
136 238 9
136 238 10
136 238 12
136 238 13
136 238 14
136 238 15
136 239 0
136 239 1
136 239 2
136 239 3
136 239 4
136 239 5
136 239 6
136 239 7
136 239 8
136 239 9
136 239 10
136 239 11
136 239 12
136 239 13
136 239 14
136 239 15
136 240 0
136 240 1
136 240 2
136 240 3
136 240 4
136 240 5
136 240 6
136 240 7
136 240 8
136 240 9
136 240 10
136 240 11
136 240 12
136 240 13
136 240 14
136 240 15
136 241 0
136 241 1
136 241 2
136 241 3
136 241 4
136 241 5
136 241 6
136 241 7
136 241 8
136 241 9
136 241 10
136 241 11
136 241 12
136 241 13
136 241 14
136 241 15
136 242 0
136 242 1
136 242 2
136 242 3
136 242 4
136 242 5
136 242 6
136 242 7
136 242 8
136 242 9
136 242 10
136 242 11
136 242 12
136 242 13
136 242 14
136 242 15
136 243 0
136 243 1
136 243 2
136 243 3
136 243 4
136 243 5
136 243 6
136 243 7
136 243 8
136 243 9
136 243 10
136 243 11
136 243 12
136 243 13
136 243 14
136 244 0
136 244 1
136 244 2
136 244 3
136 244 4
136 244 5
136 244 6
136 244 7
136 244 8
136 244 9
136 244 10
136 244 11
136 244 12
136 244 13
136 244 14
136 245 0
136 245 1
136 245 2
136 245 3
136 245 4
136 245 5
136 245 6
136 245 7
136 245 8
136 245 9
136 245 11
136 245 12
136 245 14
136 245 15
136 246 2
136 246 3
136 246 5
136 246 6
136 246 7
136 246 8
136 246 9
136 247 2
136 247 3
136 247 4
136 247 5
136 247 7
136 248 3
136 248 4
136 248 7
136 249 3
137 229 0
137 230 0
137 232 0
137 233 0
137 233 1
137 233 2
137 233 4
137 234 0
137 234 1
137 234 2
137 234 3
137 234 4
137 234 9
137 234 14
137 235 0
137 235 1
137 235 2
137 235 3
137 235 8
137 235 9
137 235 14
137 235 15
137 236 0
137 236 1
137 236 2
137 236 5
137 236 6
137 236 7
137 236 9
137 236 10
137 236 14
137 236 15
137 237 0
137 237 1
137 237 2
137 237 3
137 237 4
137 237 5
137 237 6
137 237 9
137 237 11
137 237 12
137 237 13
137 237 14
137 237 15
137 238 0
137 238 1
137 238 2
137 238 3
137 238 4
137 238 5
137 238 6
137 238 9
137 238 11
137 238 13
137 238 14
137 238 15
137 239 0
137 239 1
137 239 2
137 239 3
137 239 4
137 239 5
137 239 7
137 239 8
137 239 9
137 239 10
137 239 11
137 239 12
137 239 13
137 239 14
137 239 15
137 240 0
137 240 1
137 240 2
137 240 3
137 240 4
137 240 5
137 240 6
137 240 7
137 240 8
137 240 9
137 240 10
137 240 11
137 240 12
137 240 13
137 240 14
137 240 15
137 241 0
137 241 1
137 241 2
137 241 3
137 241 4
137 241 5
137 241 6
137 241 7
137 241 8
137 241 9
137 241 10
137 241 11
137 241 12
137 241 13
137 241 14
137 241 15
137 242 0
137 242 1
137 242 2
137 242 3
137 242 4
137 242 5
137 242 6
137 242 7
137 242 8
137 242 9
137 242 10
137 242 11
137 242 12
137 242 13
137 242 14
137 242 15
137 243 0
137 243 1
137 243 2
137 243 3
137 243 4
137 243 5
137 243 6
137 243 7
137 243 8
137 243 9
137 243 10
137 243 11
137 243 12
137 243 13
137 243 14
137 243 15
137 244 0
137 244 1
137 244 2
137 244 3
137 244 4
137 244 5
137 244 6
137 244 7
137 244 8
137 244 9
137 244 10
137 244 11
137 244 12
137 244 13
137 244 14
137 245 2
137 245 3
137 245 4
137 245 5
137 245 6
137 245 7
137 245 10
137 245 12
137 245 14
137 246 1
137 246 2
137 246 3
137 246 5
137 246 6
137 246 7
137 247 2
137 247 6
137 247 7
137 247 8
137 248 2
137 248 3
138 229 0
138 231 0
138 232 0
138 233 2
138 234 0
138 234 1
138 234 2
138 234 3
138 234 4
138 235 0
138 235 1
138 235 2
138 236 0
138 236 1
138 236 2
138 236 9
138 236 15
138 237 0
138 237 1
138 237 2
138 237 3
138 237 6
138 237 7
138 237 8
138 237 9
138 237 12
138 238 0
138 238 1
138 238 2
138 238 4
138 238 5
138 238 6
138 238 7
138 238 8
138 238 9
138 238 10
138 238 11
138 238 12
138 238 13
138 239 0
138 239 1
138 239 2
138 239 3
138 239 4
138 239 5
138 239 6
138 239 8
138 239 10
138 239 11
138 239 12
138 239 14
138 239 15
138 240 0
138 240 1
138 240 2
138 240 3
138 240 4
138 240 5
138 240 6
138 240 7
138 240 8
138 240 9
138 240 10
138 240 11
138 240 12
138 240 13
138 240 14
138 240 15
138 241 0
138 241 1
138 241 2
138 241 3
138 241 4
138 241 5
138 241 7
138 241 8
138 241 9
138 241 10
138 241 11
138 241 12
138 241 13
138 241 14
138 241 15
138 242 0
138 242 1
138 242 2
138 242 3
138 242 4
138 242 5
138 242 6
138 242 7
138 242 8
138 242 9
138 242 10
138 242 11
138 242 12
138 242 13
138 242 14
138 243 0
138 243 1
138 243 2
138 243 3
138 243 5
138 243 6
138 243 7
138 243 8
138 243 9
138 243 10
138 243 11
138 243 12
138 243 13
138 243 14
138 244 0
138 244 1
138 244 3
138 244 4
138 244 5
138 244 6
138 244 8
138 244 9
138 244 10
138 244 11
138 244 12
138 244 13
138 244 14
138 245 0
138 245 1
138 245 2
138 245 3
138 245 4
138 245 5
138 245 6
138 245 8
138 245 10
138 245 11
138 246 1
138 246 2
138 246 3
138 246 4
138 246 5
138 247 4
139 231 0
139 231 1
139 232 0
139 232 1
139 233 0
139 233 1
139 234 0
139 235 0
139 235 15
139 236 0
139 236 1
139 236 15
139 237 0
139 237 1
139 237 2
139 237 6
139 237 8
139 237 9
139 237 11
139 237 13
139 238 0
139 238 1
139 238 2
139 238 5
139 238 6
139 238 7
139 238 8
139 238 9
139 238 10
139 238 11
139 238 12
139 238 13
139 238 14
139 239 0
139 239 1
139 239 2
139 239 3
139 239 4
139 239 6
139 239 8
139 239 9
139 239 10
139 239 11
139 239 12
139 239 13
139 239 14
139 240 0
139 240 1
139 240 2
139 240 3
139 240 4
139 240 5
139 240 6
139 240 7
139 240 9
139 240 10
139 240 11
139 240 12
139 240 13
139 240 15
139 241 0
139 241 1
139 241 2
139 241 3
139 241 4
139 241 5
139 241 6
139 241 7
139 241 8
139 241 9
139 241 10
139 241 11
139 241 12
139 241 13
139 241 14
139 241 15
139 242 0
139 242 1
139 242 2
139 242 3
139 242 4
139 242 5
139 242 7
139 242 8
139 242 9
139 242 10
139 242 11
139 242 12
139 242 13
139 242 14
139 243 0
139 243 1
139 243 2
139 243 3
139 243 4
139 243 5
139 243 6
139 243 7
139 243 8
139 243 9
139 243 10
139 243 11
139 243 12
139 243 13
139 243 14
139 243 15
139 244 0
139 244 2
139 244 3
139 244 4
139 244 5
139 244 6
139 244 7
139 244 8
139 244 9
139 244 10
139 244 11
139 244 12
139 244 13
139 244 14
139 245 1
139 245 2
139 245 3
139 245 13
139 245 14
139 246 3
139 246 7
140 229 0
140 230 0
140 230 1
140 231 0
140 231 1
140 232 1
140 233 0
140 233 1
140 234 0
140 235 0
140 235 1
140 235 12
140 235 13
140 236 0
140 236 1
140 236 9
140 236 10
140 236 11
140 236 12
140 236 13
140 237 0
140 237 1
140 237 2
140 237 3
140 237 10
140 237 11
140 237 12
140 237 13
140 238 0
140 238 1
140 238 2
140 238 6
140 238 7
140 238 8
140 238 9
140 238 10
140 238 12
140 238 13
140 239 0
140 239 1
140 239 2
140 239 3
140 239 4
140 239 5
140 239 6
140 239 8
140 239 9
140 239 10
140 239 11
140 239 12
140 239 13
140 239 14
140 239 15
140 240 0
140 240 1
140 240 2
140 240 4
140 240 5
140 240 6
140 240 7
140 240 8
140 240 9
140 240 10
140 240 11
140 240 12
140 240 13
140 240 15
140 241 0
140 241 1
140 241 2
140 241 3
140 241 4
140 241 5
140 241 7
140 241 8
140 241 9
140 241 10
140 241 11
140 241 12
140 241 13
140 241 14
140 241 15
140 242 0
140 242 1
140 242 2
140 242 3
140 242 4
140 242 5
140 242 6
140 242 7
140 242 8
140 242 9
140 242 10
140 242 11
140 242 12
140 242 13
140 242 14
140 242 15
140 243 0
140 243 1
140 243 2
140 243 3
140 243 4
140 243 5
140 243 6
140 243 7
140 243 8
140 243 10
140 243 11
140 243 12
140 243 13
140 243 14
140 244 0
140 244 1
140 244 2
140 244 3
140 244 6
140 244 7
140 244 9
140 244 10
140 244 11
140 244 12
140 244 13
140 244 14
140 245 2
140 245 3
140 245 7
140 245 8
140 245 9
140 245 10
140 245 11
140 245 13
140 246 3
140 246 6
140 246 7
140 246 9
140 246 11
140 246 12
140 246 13
140 247 7
140 247 9
140 247 10
140 247 11
141 230 0
141 230 1
141 231 0
141 231 1
141 231 2
141 232 0
141 233 0
141 233 1
141 233 2
141 233 12
141 234 1
141 234 12
141 234 13
141 235 0
141 235 11
141 235 12
141 235 13
141 236 9
141 236 11
141 236 12
141 236 13
141 236 14
141 236 15
141 237 0
141 237 1
141 237 2
141 237 7
141 237 8
141 237 9
141 237 10
141 237 12
141 237 13
141 237 15
141 238 0
141 238 1
141 238 6
141 238 7
141 238 8
141 238 9
141 238 10
141 238 11
141 238 12
141 238 13
141 238 14
141 239 0
141 239 1
141 239 2
141 239 4
141 239 5
141 239 6
141 239 7
141 239 8
141 239 9
141 239 10
141 239 11
141 239 12
141 239 13
141 239 14
141 239 15
141 240 0
141 240 1
141 240 2
141 240 5
141 240 6
141 240 7
141 240 8
141 240 9
141 240 10
141 240 11
141 240 12
141 240 13
141 240 14
141 240 15
141 241 0
141 241 1
141 241 2
141 241 3
141 241 4
141 241 5
141 241 6
141 241 7
141 241 8
141 241 9
141 241 10
141 241 11
141 241 12
141 241 13
141 241 14
141 241 15
141 242 0
141 242 1
141 242 3
141 242 4
141 242 5
141 242 6
141 242 7
141 242 8
141 242 9
141 242 10
141 242 11
141 242 12
141 242 13
141 242 14
141 242 15
141 243 0
141 243 1
141 243 2
141 243 3
141 243 4
141 243 5
141 243 6
141 243 7
141 243 8
141 243 9
141 243 10
141 243 11
141 243 12
141 243 13
141 243 14
141 243 15
141 244 1
141 244 4
141 244 5
141 244 6
141 244 7
141 244 9
141 244 10
141 244 11
141 244 12
141 244 13
141 244 14
141 245 1
141 245 5
141 245 7
141 245 8
141 245 9
141 245 10
141 245 11
141 245 12
141 246 8
141 246 9
141 246 10
141 246 11
141 246 12
141 246 13
141 247 9
141 247 10
141 247 11
141 248 10
142 228 0
142 229 0
142 229 2
142 230 2
142 231 0
142 231 1
142 231 2
142 232 0
142 232 1
142 232 2
142 233 0
142 233 1
142 234 0
142 234 1
142 234 12
142 235 1
142 235 10
142 235 12
142 236 0
142 236 1
142 236 5
142 236 7
142 236 10
142 236 12
142 236 14
142 237 0
142 237 6
142 237 7
142 237 8
142 237 9
142 237 10
142 237 11
142 237 12
142 237 13
142 237 14
142 237 15
142 238 0
142 238 1
142 238 5
142 238 6
142 238 7
142 238 8
142 238 9
142 238 11
142 238 12
142 238 13
142 238 14
142 238 15
142 239 0
142 239 1
142 239 2
142 239 4
142 239 5
142 239 6
142 239 7
142 239 8
142 239 9
142 239 10
142 239 11
142 239 12
142 239 13
142 239 14
142 239 15
142 240 0
142 240 1
142 240 2
142 240 3
142 240 4
142 240 5
142 240 6
142 240 7
142 240 8
142 240 9
142 240 10
142 240 11
142 240 12
142 240 13
142 240 14
142 240 15
142 241 0
142 241 1
142 241 2
142 241 3
142 241 4
142 241 5
142 241 6
142 241 7
142 241 8
142 241 9
142 241 10
142 241 11
142 241 12
142 241 13
142 241 14
142 241 15
142 242 0
142 242 2
142 242 4
142 242 5
142 242 6
142 242 7
142 242 8
142 242 9
142 242 10
142 242 11
142 242 12
142 242 13
142 242 14
142 242 15
142 243 0
142 243 1
142 243 2
142 243 3
142 243 4
142 243 5
142 243 6
142 243 7
142 243 8
142 243 9
142 243 11
142 243 12
142 243 13
142 243 14
142 243 15
142 244 0
142 244 1
142 244 2
142 244 4
142 244 5
142 244 6
142 244 7
142 244 8
142 244 10
142 244 11
142 244 12
142 244 14
142 245 4
142 245 5
142 245 7
142 245 8
142 245 9
142 245 10
142 245 12
142 246 10
142 246 11
142 247 9
142 247 11
143 230 0
143 230 1
143 230 2
143 231 0
143 231 1
143 231 2
143 232 0
143 232 1
143 232 2
143 232 3
143 232 4
143 233 0
143 233 1
143 234 0
143 234 1
143 234 2
143 235 0
143 235 1
143 235 2
143 235 15
143 236 0
143 236 2
143 236 3
143 236 4
143 236 5
143 236 12
143 236 15
143 237 0
143 237 7
143 237 12
143 237 13
143 237 14
143 237 15
143 238 0
143 238 1
143 238 4
143 238 5
143 238 6
143 238 7
143 238 8
143 238 9
143 238 10
143 238 11
143 238 13
143 238 14
143 238 15
143 239 0
143 239 2
143 239 4
143 239 5
143 239 6
143 239 7
143 239 8
143 239 9
143 239 10
143 239 11
143 239 12
143 239 13
143 239 14
143 240 0
143 240 1
143 240 2
143 240 3
143 240 4
143 240 5
143 240 6
143 240 7
143 240 8
143 240 9
143 240 10
143 240 11
143 240 12
143 240 13
143 240 14
143 240 15
143 241 0
143 241 1
143 241 2
143 241 3
143 241 4
143 241 5
143 241 6
143 241 7
143 241 8
143 241 9
143 241 10
143 241 11
143 241 12
143 241 13
143 241 14
143 241 15
143 242 0
143 242 1
143 242 2
143 242 3
143 242 4
143 242 5
143 242 6
143 242 7
143 242 8
143 242 9
143 242 10
143 242 11
143 242 12
143 242 14
143 242 15
143 243 0
143 243 2
143 243 4
143 243 5
143 243 6
143 243 7
143 243 8
143 243 9
143 243 10
143 243 11
143 243 12
143 243 13
143 244 0
143 244 1
143 244 2
143 244 3
143 244 4
143 244 5
143 244 6
143 244 7
143 244 8
143 244 9
143 244 10
143 244 11
143 244 13
143 245 0
143 245 1
143 245 3
143 245 4
143 245 5
143 245 6
143 245 7
143 245 8
143 245 9
143 245 10
143 245 11
143 245 12
143 246 1
143 246 4
143 246 6
143 246 8
143 246 10

