alfheim:altWood1
12
-192 208 -5
-192 209 -5
-192 210 -4
-191 208 -5
-191 208 -4
-191 209 -5
-191 209 -4
-191 210 -5
-191 210 -4
-190 207 -7
-190 207 -6
-190 207 -5
-190 208 -7
-190 208 -6
-190 208 -5
-190 209 -6
-190 209 -5
-190 210 -5
-190 210 -4
-189 207 -7
-189 207 -6
-189 207 -5
-189 208 -7
-189 208 -6
-189 208 -5
-189 209 -6
-189 209 -5
-188 206 -7
-188 206 -6
-188 207 -7
-188 207 -6
-188 207 -5
-188 208 -7
-188 208 -6
-188 208 -5
-188 209 -6
-188 209 -5
-187 206 -8
-187 207 -7
-187 207 -6
-187 208 -7
-187 208 -6
-186 204 -8
-186 205 -9
-186 205 -8
-186 206 -8
-186 206 -7
-186 206 -6
-186 206 -5
-186 207 -9
-186 207 -8
-186 207 -7
-186 207 -6
-186 207 -5
-186 208 -7
-186 208 -6
-185 204 -10
-185 204 -9
-185 204 -8
-185 204 -7
-185 204 -6
-185 205 -11
-185 205 -10
-185 205 -9
-185 205 -8
-185 205 -7
-185 205 -6
-185 206 -11
-185 206 -8
-185 206 -7
-185 206 -6
-185 206 -5
-185 207 -8
-185 207 -7
-185 207 -6
-185 207 -5
-185 208 -8
-185 208 -7
-185 208 -6
-185 208 -5
-184 203 -9
-184 203 -8
-184 203 -7
-184 203 -5
-184 204 -10
-184 204 -9
-184 204 -8
-184 204 -7
-184 204 -6
-184 205 -11
-184 205 -10
-184 205 -9
-184 205 -8
-184 205 -7
-184 205 -6
-184 205 -5
-184 205 -4
-184 206 -11
-184 206 -9
-184 206 -8
-184 206 -7
-184 206 -6
-184 206 -5
-184 206 -4
-184 207 -11
-184 207 -9
-184 207 -8
-184 207 -7
-184 207 -6
-184 207 -5
-184 208 -7
-184 208 -6
-184 208 -5
-184 209 -9
-184 209 -7
-183 203 -10
-183 203 -9
-183 203 -8
-183 203 -7
-183 203 -6
-183 204 -11
-183 204 -10
-183 204 -9
-183 204 -8
-183 204 -7
-183 204 -6
-183 204 -5
-183 205 -12
-183 205 -11
-183 205 -10
-183 205 -9
-183 205 -8
-183 205 -7
-183 205 -6
-183 205 -5
-183 205 -4
-183 206 -12
-183 206 -11
-183 206 -10
-183 206 -9
-183 206 -8
-183 206 -7
-183 206 -6
-183 206 -5
-183 206 -4
-183 207 -12
-183 207 -11
-183 207 -9
-183 207 -8
-183 207 -7
-183 207 -6
-183 207 -5
-183 207 -4
-183 208 -8
-183 208 -7
-183 208 -6
-183 208 -5
-183 209 -10
-183 209 -9
-183 209 -8
-183 209 -7
-182 202 -9
-182 202 -8
-182 203 -12
-182 203 -11
-182 203 -10
-182 203 -9
-182 203 -8
-182 203 -7
-182 203 -6
-182 203 -5
-182 204 -12
-182 204 -11
-182 204 -10
-182 204 -9
-182 204 -8
-182 204 -7
-182 204 -6
-182 204 -5
-182 204 -4
-182 205 -13
-182 205 -12
-182 205 -11
-182 205 -10
-182 205 -9
-182 205 -8
-182 205 -7
-182 205 -6
-182 205 -5
-182 205 -4
-182 205 -3
-182 206 -13
-182 206 -12
-182 206 -11
-182 206 -10
-182 206 -9
-182 206 -8
-182 206 -7
-182 206 -6
-182 206 -5
-182 206 -4
-182 206 -3
-182 207 -13
-182 207 -12
-182 207 -11
-182 207 -10
-182 207 -9
-182 207 -8
-182 207 -7
-182 207 -6
-182 207 -5
-182 207 -4
-182 208 -13
-182 208 -11
-182 208 -9
-182 208 -8
-182 208 -7
-182 208 -6
-182 208 -5
-182 209 -10
-182 209 -9
-182 209 -8
-182 209 -7
-181 202 -11
-181 202 -10
-181 202 -9
-181 202 -8
-181 202 -7
-181 202 -6
-181 203 -12
-181 203 -11
-181 203 -10
-181 203 -9
-181 203 -8
-181 203 -7
-181 203 -6
-181 203 -5
-181 204 -13
-181 204 -12
-181 204 -11
-181 204 -10
-181 204 -9
-181 204 -8
-181 204 -7
-181 204 -6
-181 204 -5
-181 204 -4
-181 205 -14
-181 205 -13
-181 205 -12
-181 205 -11
-181 205 -10
-181 205 -9
-181 205 -8
-181 205 -7
-181 205 -6
-181 205 -5
-181 205 -4
-181 206 -15
-181 206 -14
-181 206 -13
-181 206 -12
-181 206 -11
-181 206 -10
-181 206 -9
-181 206 -8
-181 206 -7
-181 206 -6
-181 206 -5
-181 206 -4
-181 206 -3
-181 207 -16
-181 207 -15
-181 207 -14
-181 207 -13
-181 207 -12
-181 207 -11
-181 207 -10
-181 207 -9
-181 207 -8
-181 207 -7
-181 207 -6
-181 207 -5
-181 207 -4
-181 208 -16
-181 208 -15
-181 208 -14
-181 208 -13
-181 208 -11
-181 208 -10
-181 208 -9
-181 208 -8
-181 208 -7
-181 208 -6
-181 208 -5
-181 208 -4
-181 209 -13
-181 209 -12
-181 209 -11
-181 209 -10
-181 209 -9
-181 209 -8
-181 209 -7
-180 201 -11
-180 201 -10
-180 201 -9
-180 201 -8
-180 201 -7
-180 202 -12
-180 202 -11
-180 202 -10
-180 202 -9
-180 202 -8
-180 202 -7
-180 202 -6
-180 203 -13
-180 203 -12
-180 203 -11
-180 203 -10
-180 203 -9
-180 203 -8
-180 203 -7
-180 203 -6
-180 203 -5
-180 204 -14
-180 204 -13
-180 204 -12
-180 204 -11
-180 204 -10
-180 204 -9
-180 204 -8
-180 204 -7
-180 204 -6
-180 204 -5
-180 205 -15
-180 205 -14
-180 205 -13
-180 205 -12
-180 205 -11
-180 205 -10
-180 205 -9
-180 205 -8
-180 205 -7
-180 205 -6
-180 205 -5
-180 205 -4
-180 206 -16
-180 206 -15
-180 206 -14
-180 206 -13
-180 206 -12
-180 206 -11
-180 206 -10
-180 206 -9
-180 206 -8
-180 206 -7
-180 206 -6
-180 206 -5
-180 206 -4
-180 207 -16
-180 207 -15
-180 207 -14
-180 207 -13
-180 207 -12
-180 207 -11
-180 207 -10
-180 207 -9
-180 207 -8
-180 207 -7
-180 207 -6
-180 207 -5
-180 207 -4
-180 208 -16
-180 208 -15
-180 208 -14
-180 208 -13
-180 208 -12
-180 208 -11
-180 208 -10
-180 208 -9
-180 208 -8
-180 208 -7
-180 208 -6
-180 208 -5
-180 209 -13
-180 209 -12
-180 209 -11
-180 209 -10
-180 209 -9
-180 209 -8
-179 201 -11
-179 201 -10
-179 201 -9
-179 201 -8
-179 201 -7
-179 202 -11
-179 202 -10
-179 202 -9
-179 202 -8
-179 202 -7
-179 202 -6
-179 203 -13
-179 203 -12
-179 203 -11
-179 203 -10
-179 203 -9
-179 203 -8
-179 203 -7
-179 203 -6
-179 204 -14
-179 204 -13
-179 204 -12
-179 204 -11
-179 204 -10
-179 204 -9
-179 204 -8
-179 204 -7
-179 204 -6
-179 204 -5
-179 205 -15
-179 205 -14
-179 205 -13
-179 205 -12
-179 205 -11
-179 205 -10
-179 205 -9
-179 205 -8
-179 205 -7
-179 205 -6
-179 205 -5
-179 206 -15
-179 206 -14
-179 206 -13
-179 206 -12
-179 206 -11
-179 206 -10
-179 206 -9
-179 206 -8
-179 206 -7
-179 206 -6
-179 206 -5
-179 207 -16
-179 207 -15
-179 207 -14
-179 207 -13
-179 207 -12
-179 207 -11
-179 207 -10
-179 207 -9
-179 207 -8
-179 207 -7
-179 207 -6
-179 207 -5
-179 208 -14
-179 208 -13
-179 208 -12
-179 208 -11
-179 208 -10
-179 208 -9
-179 208 -8
-179 208 -7
-179 209 -13
-179 209 -12
-179 209 -11
-179 209 -10
-179 209 -9
-178 200 -11
-178 200 -10
-178 200 -9
-178 200 -8
-178 201 -11
-178 201 -10
-178 201 -9
-178 201 -8
-178 201 -7
-178 202 -13
-178 202 -12
-178 202 -11
-178 202 -10
-178 202 -9
-178 202 -8
-178 202 -7
-178 203 -14
-178 203 -13
-178 203 -12
-178 203 -11
-178 203 -10
-178 203 -9
-178 203 -8
-178 203 -7
-178 203 -6
-178 204 -15
-178 204 -14
-178 204 -13
-178 204 -12
-178 204 -11
-178 204 -10
-178 204 -9
-178 204 -8
-178 204 -7
-178 204 -6
-178 205 -15
-178 205 -14
-178 205 -13
-178 205 -12
-178 205 -11
-178 205 -10
-178 205 -9
-178 205 -8
-178 205 -7
-178 205 -6
-178 206 -16
-178 206 -15
-178 206 -14
-178 206 -13
-178 206 -12
-178 206 -11
-178 206 -10
-178 206 -9
-178 206 -8
-178 206 -7
-178 206 -6
-178 207 -15
-178 207 -14
-178 207 -13
-178 207 -12
-178 207 -11
-178 207 -10
-178 207 -9
-178 207 -8
-178 207 -7
-178 208 -13
-178 208 -12
-178 208 -11
-178 208 -10
-178 208 -9
-178 208 -8
-178 209 -11
-178 209 -10
-177 200 -11
-177 200 -10
-177 200 -9
-177 200 -8
-177 201 -12
-177 201 -11
-177 201 -10
-177 201 -9
-177 201 -8
-177 201 -7
-177 202 -14
-177 202 -13
-177 202 -12
-177 202 -11
-177 202 -10
-177 202 -9
-177 202 -8
-177 202 -7
-177 203 -15
-177 203 -14
-177 203 -13
-177 203 -12
-177 203 -11
-177 203 -10
-177 203 -9
-177 203 -8
-177 203 -7
-177 203 -6
-177 204 -15
-177 204 -14
-177 204 -13
-177 204 -12
-177 204 -11
-177 204 -10
-177 204 -9
-177 204 -8
-177 204 -7
-177 204 -6
-177 205 -16
-177 205 -15
-177 205 -14
-177 205 -13
-177 205 -12
-177 205 -11
-177 205 -10
-177 205 -9
-177 205 -8
-177 205 -7
-177 205 -6
-177 206 -15
-177 206 -14
-177 206 -13
-177 206 -12
-177 206 -11
-177 206 -10
-177 206 -9
-177 206 -8
-177 206 -7
-177 206 -6
-177 207 -14
-177 207 -13
-177 207 -12
-177 207 -11
-177 207 -10
-177 207 -9
-177 207 -8
-177 208 -12
-177 208 -11
-177 208 -10
-177 208 -9
-177 209 -10
alfheim:altLeaves
6
-192 195 -1
-192 196 -2
-192 196 -1
-192 197 -5
-192 197 -3
-192 197 -2
-192 197 -1
-192 198 -12
-192 198 -5
-192 198 -4
-192 198 -3
-192 198 -2
-192 198 -1
-192 199 -16
-192 199 -13
-192 199 -12
-192 199 -6
-192 199 -5
-192 199 -4
-192 199 -3
-192 199 -2
-192 199 -1
-192 200 -12
-192 200 -10
-192 200 -7
-192 200 -6
-192 200 -5
-192 200 -4
-192 200 -3
-192 200 -2
-192 200 -1
-192 201 -16
-192 201 -13
-192 201 -12
-192 201 -6
-192 201 -5
-192 201 -4
-192 201 -3
-192 201 -2
-192 201 -1
-192 202 -16
-192 202 -11
-192 202 -9
-192 202 -7
-192 202 -6
-192 202 -5
-192 202 -4
-192 202 -3
-192 202 -2
-192 202 -1
-192 203 -15
-192 203 -13
-192 203 -11
-192 203 -5
-192 203 -4
-192 203 -3
-192 203 -2
-192 203 -1
-192 204 -16
-192 204 -15
-192 204 -13
-192 204 -12
-192 204 -11
-192 204 -5
-192 204 -4
-192 204 -3
-192 204 -2
-192 204 -1
-192 205 -16
-192 205 -15
-192 205 -14
-192 205 -12
-192 205 -5
-192 205 -4
-192 205 -2
-192 205 -1
-192 206 -16
-192 206 -14
-192 206 -13
-192 206 -12
-192 206 -4
-192 206 -3
-192 206 -2
-192 206 -1
-192 207 -16
-192 207 -15
-192 207 -14
-192 207 -4
-192 207 -3
-192 207 -2
-192 207 -1
-192 208 -16
-192 208 -15
-192 208 -14
-192 208 -4
-192 208 -3
-192 208 -2
-192 208 -1
-192 209 -4
-192 209 -3
-192 209 -2
-192 209 -1
-192 210 -16
-192 210 -11
-192 210 -3
-192 210 -2
-192 210 -1
-192 211 -12
-192 211 -11
-192 211 -3
-192 211 -1
-192 212 -16
-192 212 -14
-192 212 -13
-192 212 -12
-192 212 -11
-192 212 -10
-192 212 -1
-192 213 -13
-192 213 -12
-192 213 -11
-192 213 -10
-192 213 -1
-192 214 -16
-192 214 -13
-192 214 -12
-192 215 -16
-192 215 -14
-192 215 -13
-192 215 -12
-192 215 -8
-192 215 -7
-192 215 -6
-192 215 -5
-192 216 -16
-192 216 -14
-192 216 -13
-192 216 -12
-192 216 -11
-192 216 -8
-192 216 -7
-192 216 -6
-192 216 -4
-192 216 -2
-192 217 -16
-192 217 -15
-192 217 -14
-192 217 -13
-192 217 -12
-192 217 -11
-192 217 -10
-192 217 -9
-192 217 -8
-192 217 -7
-192 217 -6
-192 217 -5
-192 217 -4
-192 217 -1
-192 218 -16
-192 218 -15
-192 218 -14
-192 218 -13
-192 218 -12
-192 218 -11
-192 218 -9
-192 218 -8
-192 218 -7
-192 218 -6
-192 218 -5
-192 218 -3
-192 218 -2
-192 218 -1
-192 219 -16
-192 219 -15
-192 219 -14
-192 219 -13
-192 219 -12
-192 219 -11
-192 219 -10
-192 219 -9
-192 219 -8
-192 219 -7
-192 219 -6
-192 219 -5
-192 219 -3
-192 219 -2
-192 219 -1
-192 220 -16
-192 220 -15
-192 220 -14
-192 220 -13
-192 220 -12
-192 220 -11
-192 220 -10
-192 220 -9
-192 220 -8
-192 220 -7
-192 220 -6
-192 220 -5
-192 220 -4
-192 220 -3
-192 220 -2
-192 220 -1
-192 221 -16
-192 221 -15
-192 221 -14
-192 221 -13
-192 221 -12
-192 221 -11
-192 221 -10
-192 221 -9
-192 221 -8
-192 221 -7
-192 221 -6
-192 221 -5
-192 221 -4
-192 221 -3
-192 222 -16
-192 222 -15
-192 222 -14
-192 222 -13
-192 222 -12
-192 222 -11
-192 222 -10
-192 222 -9
-192 222 -8
-192 222 -7
-192 222 -6
-192 222 -5
-192 222 -4
-192 222 -3
-192 222 -2
-192 222 -1
-192 223 -16
-192 223 -15
-192 223 -14
-192 223 -13
-192 223 -12
-192 223 -10
-192 223 -9
-192 223 -8
-192 223 -7
-192 223 -6
-192 223 -5
-192 223 -4
-192 223 -3
-192 223 -2
-192 224 -16
-192 224 -15
-192 224 -14
-192 224 -13
-192 224 -12
-192 224 -10
-192 224 -8
-192 224 -7
-192 224 -5
-192 224 -4
-191 196 -16
-191 196 -5
-191 196 -4
-191 196 -3
-191 196 -2
-191 196 -1
-191 197 -5
-191 197 -4
-191 197 -3
-191 197 -2
-191 197 -1
-191 198 -16
-191 198 -5
-191 198 -4
-191 198 -3
-191 198 -2
-191 198 -1
-191 199 -16
-191 199 -12
-191 199 -8
-191 199 -7
-191 199 -6
-191 199 -5
-191 199 -4
-191 199 -3
-191 199 -2
-191 199 -1
-191 200 -16
-191 200 -15
-191 200 -14
-191 200 -12
-191 200 -7
-191 200 -6
-191 200 -5
-191 200 -4
-191 200 -3
-191 200 -2
-191 200 -1
-191 201 -16
-191 201 -15
-191 201 -14
-191 201 -13
-191 201 -12
-191 201 -7
-191 201 -6
-191 201 -5
-191 201 -4
-191 201 -3
-191 201 -2
-191 201 -1
-191 202 -16
-191 202 -15
-191 202 -12
-191 202 -6
-191 202 -5
-191 202 -4
-191 202 -3
-191 202 -2
-191 202 -1
-191 203 -16
-191 203 -6
-191 203 -5
-191 203 -4
-191 203 -3
-191 203 -2
-191 203 -1
-191 204 -16
-191 204 -12
-191 204 -5
-191 204 -3
-191 204 -2
-191 204 -1
-191 205 -16
-191 205 -5
-191 205 -4
-191 205 -3
-191 205 -2
-191 205 -1
-191 206 -16
-191 206 -14
-191 206 -13
-191 206 -3
-191 206 -2
-191 206 -1
-191 207 -16
-191 207 -15
-191 207 -14
-191 207 -3
-191 207 -2
-191 208 -16
-191 208 -15
-191 208 -3
-191 208 -2
-191 208 -1
-191 209 -16
-191 209 -13
-191 209 -12
-191 209 -11
-191 209 -2
-191 209 -1
-191 210 -13
-191 210 -10
-191 210 -2
-191 210 -1
-191 211 -14
-191 211 -13
-191 211 -12
-191 211 -11
-191 211 -10
-191 211 -3
-191 211 -2
-191 211 -1
-191 212 -15
-191 212 -14
-191 212 -13
-191 212 -12
-191 212 -11
-191 212 -10
-191 212 -1
-191 213 -14
-191 213 -12
-191 213 -11
-191 213 -2
-191 213 -1
-191 214 -14
-191 214 -13
-191 214 -12
-191 214 -11
-191 214 -7
-191 214 -2
-191 214 -1
-191 215 -16
-191 215 -15
-191 215 -14
-191 215 -13
-191 215 -12
-191 215 -11
-191 215 -8
-191 215 -7
-191 215 -2
-191 215 -1
-191 216 -16
-191 216 -15
-191 216 -14
-191 216 -13
-191 216 -12
-191 216 -7
-191 216 -6
-191 216 -5
-191 216 -2
-191 217 -16
-191 217 -15
-191 217 -14
-191 217 -13
-191 217 -12
-191 217 -11
-191 217 -7
-191 217 -6
-191 217 -5
-191 217 -4
-191 217 -3
-191 217 -2
-191 217 -1
-191 218 -16
-191 218 -15
-191 218 -14
-191 218 -13
-191 218 -12
-191 218 -11
-191 218 -9
-191 218 -8
-191 218 -7
-191 218 -6
-191 218 -5
-191 218 -4
-191 218 -3
-191 218 -2
-191 218 -1
-191 219 -16
-191 219 -15
-191 219 -14
-191 219 -13
-191 219 -12
-191 219 -11
-191 219 -10
-191 219 -9
-191 219 -8
-191 219 -7
-191 219 -6
-191 219 -5
-191 219 -4
-191 219 -3
-191 219 -2
-191 219 -1
-191 220 -16
-191 220 -15
-191 220 -14
-191 220 -13
-191 220 -12
-191 220 -11
-191 220 -10
-191 220 -9
-191 220 -8
-191 220 -7
-191 220 -6
-191 220 -5
-191 220 -4
-191 220 -3
-191 220 -2
-191 220 -1
-191 221 -16
-191 221 -15
-191 221 -14
-191 221 -12
-191 221 -11
-191 221 -10
-191 221 -9
-191 221 -8
-191 221 -7
-191 221 -6
-191 221 -5
-191 221 -4
-191 221 -3
-191 221 -2
-191 221 -1
-191 222 -16
-191 222 -15
-191 222 -14
-191 222 -13
-191 222 -11
-191 222 -10
-191 222 -9
-191 222 -8
-191 222 -7
-191 222 -6
-191 222 -5
-191 222 -4
-191 222 -3
-191 223 -16
-191 223 -15
-191 223 -14
-191 223 -13
-191 223 -11
-191 223 -10
-191 223 -7
-191 223 -6
-191 223 -5
-191 223 -4
-191 224 -16
-191 224 -15
-191 224 -14
-191 224 -13
-191 224 -12
-191 224 -10
-191 224 -8
-191 224 -5
-191 224 -4
-190 194 -2
-190 195 -2
-190 195 -1
-190 196 -16
-190 196 -15
-190 196 -6
-190 196 -4
-190 196 -3
-190 196 -2
-190 196 -1
-190 197 -16
-190 197 -7
-190 197 -6
-190 197 -4
-190 197 -3
-190 197 -2
-190 197 -1
-190 198 -16
-190 198 -15
-190 198 -14
-190 198 -8
-190 198 -7
-190 198 -6
-190 198 -5
-190 198 -4
-190 198 -3
-190 198 -2
-190 198 -1
-190 199 -16
-190 199 -15
-190 199 -14
-190 199 -8
-190 199 -6
-190 199 -5
-190 199 -4
-190 199 -3
-190 199 -2
-190 199 -1
-190 200 -16
-190 200 -15
-190 200 -14
-190 200 -13
-190 200 -12
-190 200 -7
-190 200 -6
-190 200 -5
-190 200 -4
-190 200 -3
-190 200 -2
-190 200 -1
-190 201 -16
-190 201 -14
-190 201 -13
-190 201 -12
-190 201 -8
-190 201 -7
-190 201 -6
-190 201 -5
-190 201 -4
-190 201 -3
-190 201 -2
-190 201 -1
-190 202 -16
-190 202 -15
-190 202 -14
-190 202 -13
-190 202 -7
-190 202 -6
-190 202 -5
-190 202 -4
-190 202 -3
-190 202 -2
-190 202 -1
-190 203 -16
-190 203 -15
-190 203 -6
-190 203 -5
-190 203 -4
-190 203 -3
-190 203 -2
-190 203 -1
-190 204 -16
-190 204 -6
-190 204 -5
-190 204 -4
-190 204 -3
-190 204 -2
-190 204 -1
-190 205 -16
-190 205 -15
-190 205 -4
-190 205 -3
-190 205 -2
-190 205 -1
-190 206 -16
-190 206 -3
-190 206 -1
-190 207 -16
-190 207 -15
-190 207 -3
-190 207 -2
-190 207 -1
-190 208 -16
-190 208 -14
-190 208 -13
-190 208 -10
-190 208 -4
-190 208 -3
-190 208 -2
-190 208 -1
-190 209 -16
-190 209 -14
-190 209 -13
-190 209 -12
-190 209 -11
-190 209 -10
-190 209 -4
-190 209 -3
-190 209 -2
-190 209 -1
-190 210 -14
-190 210 -13
-190 210 -11
-190 210 -10
-190 210 -8
-190 210 -3
-190 210 -2
-190 210 -1
-190 211 -13
-190 211 -12
-190 211 -11
-190 211 -4
-190 211 -3
-190 211 -2
-190 211 -1
-190 212 -16
-190 212 -15
-190 212 -14
-190 212 -13
-190 212 -12
-190 212 -11
-190 212 -10
-190 212 -9
-190 212 -3
-190 212 -2
-190 212 -1
-190 213 -16
-190 213 -15
-190 213 -14
-190 213 -12
-190 213 -11
-190 213 -10
-190 213 -3
-190 213 -1
-190 214 -14
-190 214 -13
-190 214 -12
-190 214 -11
-190 214 -10
-190 214 -1
-190 215 -16
-190 215 -14
-190 215 -11
-190 215 -7
-190 215 -1
-190 216 -12
-190 216 -8
-190 216 -7
-190 216 -6
-190 217 -16
-190 217 -15
-190 217 -14
-190 217 -13
-190 217 -12
-190 217 -10
-190 217 -8
-190 217 -7
-190 217 -6
-190 217 -3
-190 218 -16
-190 218 -15
-190 218 -14
-190 218 -13
-190 218 -12
-190 218 -11
-190 218 -10
-190 218 -9
-190 218 -8
-190 218 -6
-190 218 -5
-190 218 -3
-190 218 -2
-190 219 -16
-190 219 -15
-190 219 -14
-190 219 -13
-190 219 -12
-190 219 -11
-190 219 -10
-190 219 -9
-190 219 -8
-190 219 -7
-190 219 -6
-190 219 -5
-190 219 -4
-190 219 -3
-190 219 -2
-190 219 -1
-190 220 -16
-190 220 -15
-190 220 -14
-190 220 -13
-190 220 -12
-190 220 -11
-190 220 -10
-190 220 -9
-190 220 -8
-190 220 -7
-190 220 -6
-190 220 -5
-190 220 -4
-190 220 -3
-190 220 -2
-190 220 -1
-190 221 -16
-190 221 -15
-190 221 -14
-190 221 -13
-190 221 -12
-190 221 -9
-190 221 -8
-190 221 -7
-190 221 -6
-190 221 -5
-190 221 -4
-190 221 -3
-190 221 -2
-190 221 -1
-190 222 -16
-190 222 -15
-190 222 -14
-190 222 -13
-190 222 -12
-190 222 -11
-190 222 -10
-190 222 -9
-190 222 -8
-190 222 -7
-190 222 -6
-190 222 -5
-190 222 -4
-190 222 -2
-190 223 -16
-190 223 -15
-190 223 -14
-190 223 -13
-190 223 -11
-190 223 -10
-190 223 -8
-190 223 -7
-190 223 -6
-190 223 -4
-190 224 -16
-190 224 -15
-190 224 -14
-190 224 -13
-190 224 -11
-190 224 -7
-189 195 -3
-189 196 -16
-189 196 -15
-189 196 -6
-189 196 -5
-189 196 -4
-189 196 -3
-189 196 -2
-189 196 -1
-189 197 -16
-189 197 -15
-189 197 -4
-189 197 -3
-189 197 -2
-189 197 -1
-189 198 -16
-189 198 -6
-189 198 -5
-189 198 -4
-189 198 -3
-189 198 -2
-189 198 -1
-189 199 -16
-189 199 -15
-189 199 -14
-189 199 -8
-189 199 -7
-189 199 -6
-189 199 -5
-189 199 -4
-189 199 -3
-189 199 -2
-189 199 -1
-189 200 -16
-189 200 -15
-189 200 -13
-189 200 -9
-189 200 -7
-189 200 -6
-189 200 -5
-189 200 -4
-189 200 -3
-189 200 -2
-189 200 -1
-189 201 -16
-189 201 -15
-189 201 -14
-189 201 -13
-189 201 -8
-189 201 -7
-189 201 -6
-189 201 -5
-189 201 -4
-189 201 -3
-189 201 -2
-189 201 -1
-189 202 -16
-189 202 -15
-189 202 -14
-189 202 -7
-189 202 -6
-189 202 -5
-189 202 -4
-189 202 -3
-189 202 -2
-189 202 -1
-189 203 -16
-189 203 -15
-189 203 -14
-189 203 -5
-189 203 -4
-189 203 -3
-189 203 -2
-189 203 -1
-189 204 -16
-189 204 -15
-189 204 -14
-189 204 -7
-189 204 -5
-189 204 -4
-189 204 -3
-189 204 -2
-189 204 -1
-189 205 -15
-189 205 -6
-189 205 -5
-189 205 -4
-189 205 -3
-189 205 -2
-189 205 -1
-189 206 -16
-189 206 -4
-189 206 -2
-189 206 -1
-189 207 -16
-189 207 -4
-189 207 -3
-189 207 -2
-189 207 -1
-189 208 -16
-189 208 -12
-189 208 -11
-189 208 -10
-189 208 -9
-189 208 -3
-189 208 -2
-189 208 -1
-189 209 -13
-189 209 -12
-189 209 -11
-189 209 -10
-189 209 -9
-189 209 -8
-189 209 -4
-189 209 -3
-189 209 -2
-189 209 -1
-189 210 -15
-189 210 -12
-189 210 -11
-189 210 -10
-189 210 -9
-189 210 -8
-189 210 -4
-189 210 -3
-189 210 -2
-189 210 -1
-189 211 -16
-189 211 -15
-189 211 -14
-189 211 -13
-189 211 -12
-189 211 -11
-189 211 -10
-189 211 -9
-189 211 -3
-189 211 -1
-189 212 -16
-189 212 -15
-189 212 -14
-189 212 -13
-189 212 -12
-189 212 -11
-189 212 -10
-189 212 -9
-189 212 -4
-189 212 -3
-189 212 -2
-189 212 -1
-189 213 -16
-189 213 -15
-189 213 -14
-189 213 -13
-189 213 -12
-189 213 -11
-189 213 -10
-189 213 -9
-189 213 -2
-189 213 -1
-189 214 -15
-189 214 -14
-189 214 -13
-189 214 -12
-189 214 -11
-189 214 -10
-189 214 -8
-189 214 -1
-189 215 -14
-189 215 -13
-189 215 -12
-189 215 -11
-189 215 -10
-189 215 -1
-189 216 -16
-189 216 -14
-189 216 -13
-189 216 -12
-189 216 -11
-189 216 -7
-189 216 -5
-189 217 -16
-189 217 -15
-189 217 -14
-189 217 -13
-189 217 -12
-189 217 -11
-189 217 -9
-189 217 -8
-189 217 -7
-189 217 -6
-189 217 -5
-189 217 -4
-189 217 -3
-189 218 -16
-189 218 -15
-189 218 -14
-189 218 -13
-189 218 -12
-189 218 -10
-189 218 -9
-189 218 -8
-189 218 -7
-189 218 -6
-189 218 -5
-189 218 -3
-189 218 -2
-189 218 -1
-189 219 -16
-189 219 -15
-189 219 -14
-189 219 -13
-189 219 -12
-189 219 -11
-189 219 -10
-189 219 -9
-189 219 -8
-189 219 -7
-189 219 -6
-189 219 -5
-189 219 -4
-189 219 -3
-189 219 -2
-189 219 -1
-189 220 -15
-189 220 -14
-189 220 -13
-189 220 -12
-189 220 -11
-189 220 -10
-189 220 -9
-189 220 -8
-189 220 -7
-189 220 -6
-189 220 -5
-189 220 -4
-189 220 -3
-189 220 -2
-189 220 -1
-189 221 -15
-189 221 -14
-189 221 -12
-189 221 -11
-189 221 -10
-189 221 -9
-189 221 -8
-189 221 -7
-189 221 -6
-189 221 -5
-189 221 -3
-189 222 -14
-189 222 -13
-189 222 -12
-189 222 -11
-189 222 -10
-189 222 -9
-189 222 -8
-189 222 -7
-189 222 -6
-189 222 -5
-189 222 -4
-189 223 -16
-189 223 -15
-189 223 -14
-189 223 -13
-189 223 -12
-189 223 -11
-189 223 -10
-189 223 -9
-189 223 -8
-189 223 -7
-189 224 -16
-189 224 -15
-189 224 -14
-189 224 -13
-188 194 -3
-188 195 -5
-188 195 -4
-188 195 -3
-188 195 -2
-188 196 -16
-188 196 -6
-188 196 -5
-188 196 -4
-188 196 -3
-188 196 -2
-188 197 -16
-188 197 -15
-188 197 -8
-188 197 -7
-188 197 -6
-188 197 -5
-188 197 -4
-188 197 -3
-188 197 -2
-188 197 -1
-188 198 -16
-188 198 -15
-188 198 -8
-188 198 -7
-188 198 -5
-188 198 -4
-188 198 -3
-188 198 -2
-188 198 -1
-188 199 -16
-188 199 -15
-188 199 -14
-188 199 -13
-188 199 -8
-188 199 -7
-188 199 -6
-188 199 -5
-188 199 -4
-188 199 -3
-188 199 -2
-188 199 -1
-188 200 -16
-188 200 -15
-188 200 -14
-188 200 -13
-188 200 -11
-188 200 -10
-188 200 -9
-188 200 -8
-188 200 -7
-188 200 -6
-188 200 -5
-188 200 -4
-188 200 -3
-188 200 -2
-188 200 -1
-188 201 -16
-188 201 -15
-188 201 -14
-188 201 -8
-188 201 -7
-188 201 -6
-188 201 -5
-188 201 -4
-188 201 -3
-188 201 -2
-188 201 -1
-188 202 -16
-188 202 -15
-188 202 -14
-188 202 -13
-188 202 -7
-188 202 -6
-188 202 -5
-188 202 -4
-188 202 -3
-188 202 -2
-188 202 -1
-188 203 -16
-188 203 -15
-188 203 -14
-188 203 -7
-188 203 -5
-188 203 -4
-188 203 -3
-188 203 -2
-188 203 -1
-188 204 -16
-188 204 -14
-188 204 -8
-188 204 -7
-188 204 -6
-188 204 -5
-188 204 -4
-188 204 -3
-188 204 -2
-188 204 -1
-188 205 -16
-188 205 -15
-188 205 -7
-188 205 -6
-188 205 -5
-188 205 -4
-188 205 -3
-188 205 -2
-188 205 -1
-188 206 -11
-188 206 -10
-188 206 -5
-188 206 -4
-188 206 -3
-188 206 -2
-188 207 -16
-188 207 -11
-188 207 -9
-188 207 -4
-188 207 -3
-188 207 -2
-188 207 -1
-188 208 -15
-188 208 -14
-188 208 -12
-188 208 -11
-188 208 -10
-188 208 -9
-188 208 -8
-188 208 -4
-188 208 -3
-188 208 -2
-188 208 -1
-188 209 -15
-188 209 -14
-188 209 -13
-188 209 -12
-188 209 -11
-188 209 -10
-188 209 -9
-188 209 -8
-188 209 -7
-188 209 -3
-188 209 -2
-188 209 -1
-188 210 -16
-188 210 -15
-188 210 -14
-188 210 -13
-188 210 -12
-188 210 -11
-188 210 -10
-188 210 -9
-188 210 -8
-188 210 -7
-188 210 -3
-188 210 -2
-188 210 -1
-188 211 -16
-188 211 -15
-188 211 -14
-188 211 -13
-188 211 -12
-188 211 -11
-188 211 -10
-188 211 -9
-188 211 -8
-188 211 -7
-188 211 -4
-188 211 -3
-188 211 -2
-188 211 -1
-188 212 -16
-188 212 -15
-188 212 -14
-188 212 -13
-188 212 -12
-188 212 -11
-188 212 -10
-188 212 -9
-188 212 -3
-188 212 -1
-188 213 -16
-188 213 -15
-188 213 -14
-188 213 -13
-188 213 -12
-188 213 -11
-188 213 -10
-188 213 -9
-188 213 -8
-188 213 -3
-188 213 -1
-188 214 -16
-188 214 -15
-188 214 -14
-188 214 -13
-188 214 -12
-188 214 -11
-188 214 -10
-188 214 -9
-188 214 -8
-188 214 -7
-188 215 -16
-188 215 -15
-188 215 -14
-188 215 -13
-188 215 -12
-188 215 -11
-188 215 -10
-188 215 -9
-188 216 -16
-188 216 -14
-188 216 -12
-188 216 -11
-188 216 -10
-188 216 -8
-188 216 -7
-188 216 -6
-188 217 -16
-188 217 -14
-188 217 -12
-188 217 -11
-188 217 -10
-188 217 -8
-188 217 -7
-188 217 -6
-188 218 -16
-188 218 -15
-188 218 -12
-188 218 -10
-188 218 -7
-188 218 -6
-188 218 -3
-188 219 -16
-188 219 -14
-188 219 -13
-188 219 -11
-188 219 -10
-188 219 -9
-188 219 -8
-188 219 -7
-188 219 -6
-188 219 -4
-188 219 -1
-188 220 -14
-188 220 -12
-188 220 -11
-188 220 -10
-188 220 -9
-188 220 -8
-188 220 -7
-188 220 -6
-188 220 -5
-188 220 -4
-188 220 -3
-188 220 -1
-188 221 -15
-188 221 -14
-188 221 -13
-188 221 -9
-188 221 -7
-188 221 -6
-188 221 -4
-188 222 -13
-188 222 -12
-188 222 -10
-188 222 -9
-188 222 -8
-188 222 -7
-188 222 -6
-188 223 -16
-188 223 -15
-188 223 -14
-188 223 -13
-188 223 -8
-188 223 -7
-188 224 -16
-188 224 -15
-188 224 -14
-188 224 -13
-188 224 -12
-188 224 -8
-187 194 -2
-187 195 -5
-187 195 -2
-187 195 -1
-187 196 -7
-187 196 -5
-187 196 -4
-187 196 -3
-187 196 -2
-187 196 -1
-187 197 -16
-187 197 -8
-187 197 -7
-187 197 -6
-187 197 -5
-187 197 -4
-187 197 -3
-187 197 -2
-187 197 -1
-187 198 -16
-187 198 -9
-187 198 -8
-187 198 -7
-187 198 -6
-187 198 -5
-187 198 -4
-187 198 -3
-187 198 -2
-187 198 -1
-187 199 -16
-187 199 -15
-187 199 -14
-187 199 -10
-187 199 -9
-187 199 -8
-187 199 -7
-187 199 -6
-187 199 -5
-187 199 -4
-187 199 -3
-187 199 -2
-187 199 -1
-187 200 -16
-187 200 -15
-187 200 -14
-187 200 -13
-187 200 -11
-187 200 -10
-187 200 -9
-187 200 -8
-187 200 -7
-187 200 -6
-187 200 -5
-187 200 -4
-187 200 -3
-187 200 -2
-187 200 -1
-187 201 -16
-187 201 -15
-187 201 -10
-187 201 -8
-187 201 -7
-187 201 -6
-187 201 -5
-187 201 -4
-187 201 -3
-187 201 -2
-187 201 -1
-187 202 -16
-187 202 -15
-187 202 -14
-187 202 -13
-187 202 -12
-187 202 -9
-187 202 -8
-187 202 -7
-187 202 -6
-187 202 -5
-187 202 -4
-187 202 -3
-187 202 -2
-187 202 -1
-187 203 -16
-187 203 -15
-187 203 -14
-187 203 -13
-187 203 -7
-187 203 -6
-187 203 -5
-187 203 -4
-187 203 -3
-187 203 -2
-187 203 -1
-187 204 -16
-187 204 -15
-187 204 -14
-187 204 -13
-187 204 -7
-187 204 -6
-187 204 -5
-187 204 -4
-187 205 -16
-187 205 -15
-187 205 -10
-187 205 -8
-187 205 -7
-187 205 -6
-187 205 -5
-187 205 -4
-187 205 -3
-187 205 -2
-187 205 -1
-187 206 -16
-187 206 -15
-187 206 -10
-187 206 -7
-187 206 -6
-187 206 -5
-187 206 -4
-187 206 -3
-187 206 -2
-187 206 -1
-187 207 -15
-187 207 -12
-187 207 -11
-187 207 -9
-187 207 -8
-187 207 -5
-187 207 -4
-187 207 -3
-187 207 -2
-187 207 -1
-187 208 -15
-187 208 -14
-187 208 -13
-187 208 -12
-187 208 -11
-187 208 -10
-187 208 -9
-187 208 -8
-187 208 -5
-187 208 -4
-187 208 -2
-187 208 -1
-187 209 -15
-187 209 -14
-187 209 -13
-187 209 -12
-187 209 -11
-187 209 -10
-187 209 -9
-187 209 -4
-187 209 -3
-187 209 -2
-187 209 -1
-187 210 -16
-187 210 -15
-187 210 -14
-187 210 -13
-187 210 -12
-187 210 -11
-187 210 -10
-187 210 -9
-187 210 -8
-187 210 -3
-187 210 -2
-187 210 -1
-187 211 -16
-187 211 -15
-187 211 -14
-187 211 -13
-187 211 -12
-187 211 -11
-187 211 -10
-187 211 -9
-187 211 -8
-187 211 -7
-187 211 -4
-187 211 -3
-187 211 -2
-187 211 -1
-187 212 -16
-187 212 -15
-187 212 -14
-187 212 -13
-187 212 -12
-187 212 -11
-187 212 -10
-187 212 -9
-187 212 -8
-187 212 -7
-187 212 -2
-187 212 -1
-187 213 -16
-187 213 -15
-187 213 -14
-187 213 -13
-187 213 -12
-187 213 -11
-187 213 -10
-187 213 -9
-187 213 -2
-187 213 -1
-187 214 -16
-187 214 -15
-187 214 -14
-187 214 -13
-187 214 -12
-187 214 -11
-187 214 -10
-187 214 -9
-187 214 -8
-187 214 -1
-187 215 -16
-187 215 -15
-187 215 -14
-187 215 -13
-187 215 -12
-187 215 -11
-187 215 -10
-187 215 -9
-187 215 -8
-187 216 -16
-187 216 -14
-187 216 -13
-187 216 -12
-187 216 -10
-187 217 -15
-187 217 -14
-187 217 -13
-187 217 -12
-187 217 -11
-187 217 -10
-187 217 -8
-187 217 -7
-187 218 -16
-187 218 -14
-187 218 -13
-187 218 -7
-187 218 -6
-187 219 -11
-187 219 -10
-187 219 -8
-187 219 -6
-187 219 -5
-187 220 -12
-187 220 -9
-187 220 -8
-187 220 -6
-187 220 -5
-187 221 -14
-187 221 -8
-187 221 -7
-187 222 -13
-187 222 -8
-187 222 -7
-187 223 -14
-187 223 -13
-187 223 -12
-187 224 -16
-187 224 -14
-187 224 -13
-187 224 -12
-187 224 -11
-186 193 -2
-186 194 -2
-186 195 -3
-186 195 -2
-186 196 -6
-186 196 -5
-186 196 -3
-186 196 -2
-186 196 -1
-186 197 -16
-186 197 -15
-186 197 -6
-186 197 -5
-186 197 -4
-186 197 -3
-186 197 -2
-186 197 -1
-186 198 -16
-186 198 -7
-186 198 -6
-186 198 -5
-186 198 -4
-186 198 -3
-186 198 -2
-186 198 -1
-186 199 -16
-186 199 -15
-186 199 -14
-186 199 -9
-186 199 -8
-186 199 -7
-186 199 -6
-186 199 -5
-186 199 -4
-186 199 -3
-186 199 -2
-186 199 -1
-186 200 -16
-186 200 -15
-186 200 -14
-186 200 -11
-186 200 -10
-186 200 -9
-186 200 -8
-186 200 -7
-186 200 -6
-186 200 -5
-186 200 -4
-186 200 -3
-186 200 -2
-186 200 -1
-186 201 -16
-186 201 -15
-186 201 -14
-186 201 -13
-186 201 -12
-186 201 -9
-186 201 -8
-186 201 -7
-186 201 -6
-186 201 -5
-186 201 -4
-186 201 -3
-186 201 -2
-186 201 -1
-186 202 -16
-186 202 -15
-186 202 -14
-186 202 -13
-186 202 -12
-186 202 -10
-186 202 -9
-186 202 -8
-186 202 -7
-186 202 -5
-186 202 -4
-186 202 -3
-186 202 -2
-186 202 -1
-186 203 -16
-186 203 -15
-186 203 -14
-186 203 -13
-186 203 -12
-186 203 -8
-186 203 -6
-186 203 -5
-186 203 -4
-186 203 -3
-186 203 -2
-186 203 -1
-186 204 -16
-186 204 -15
-186 204 -14
-186 204 -7
-186 204 -6
-186 204 -5
-186 204 -4
-186 204 -3
-186 204 -2
-186 204 -1
-186 205 -16
-186 205 -15
-186 205 -14
-186 205 -10
-186 205 -7
-186 205 -6
-186 205 -5
-186 205 -4
-186 205 -3
-186 205 -2
-186 205 -1
-186 206 -13
-186 206 -10
-186 206 -9
-186 206 -3
-186 206 -2
-186 206 -1
-186 207 -15
-186 207 -14
-186 207 -13
-186 207 -12
-186 207 -11
-186 207 -10
-186 207 -1
-186 208 -15
-186 208 -14
-186 208 -13
-186 208 -12
-186 208 -10
-186 208 -9
-186 208 -8
-186 208 -4
-186 208 -3
-186 208 -2
-186 208 -1
-186 209 -16
-186 209 -15
-186 209 -14
-186 209 -13
-186 209 -11
-186 209 -10
-186 209 -9
-186 209 -8
-186 209 -3
-186 209 -2
-186 209 -1
-186 210 -16
-186 210 -15
-186 210 -14
-186 210 -13
-186 210 -12
-186 210 -11
-186 210 -10
-186 210 -9
-186 210 -8
-186 210 -7
-186 210 -4
-186 210 -3
-186 210 -2
-186 211 -16
-186 211 -15
-186 211 -14
-186 211 -13
-186 211 -12
-186 211 -11
-186 211 -10
-186 211 -9
-186 211 -8
-186 211 -2
-186 211 -1
-186 212 -16
-186 212 -15
-186 212 -14
-186 212 -13
-186 212 -12
-186 212 -11
-186 212 -10
-186 212 -9
-186 212 -8
-186 212 -1
-186 213 -16
-186 213 -15
-186 213 -14
-186 213 -13
-186 213 -12
-186 213 -11
-186 213 -10
-186 213 -9
-186 213 -8
-186 213 -2
-186 213 -1
-186 214 -16
-186 214 -15
-186 214 -14
-186 214 -13
-186 214 -12
-186 214 -11
-186 214 -10
-186 214 -9
-186 215 -16
-186 215 -15
-186 215 -14
-186 215 -13
-186 215 -12
-186 215 -11
-186 215 -10
-186 215 -9
-186 215 -8
-186 216 -15
-186 216 -13
-186 216 -12
-186 216 -11
-186 216 -10
-186 216 -9
-186 217 -15
-186 217 -14
-186 217 -13
-186 217 -12
-186 217 -11
-186 223 -13
-186 223 -12
-186 224 -16
-186 224 -14
-186 224 -13
-185 194 -2
-185 195 -4
-185 195 -2
-185 196 -5
-185 196 -4
-185 196 -3
-185 196 -2
-185 196 -1
-185 197 -16
-185 197 -6
-185 197 -5
-185 197 -4
-185 197 -3
-185 197 -2
-185 197 -1
-185 198 -15
-185 198 -6
-185 198 -5
-185 198 -4
-185 198 -3
-185 198 -2
-185 198 -1
-185 199 -16
-185 199 -15
-185 199 -8
-185 199 -7
-185 199 -6
-185 199 -5
-185 199 -4
-185 199 -3
-185 199 -2
-185 199 -1
-185 200 -16
-185 200 -15
-185 200 -14
-185 200 -13
-185 200 -9
-185 200 -8
-185 200 -7
-185 200 -6
-185 200 -5
-185 200 -4
-185 200 -3
-185 200 -2
-185 200 -1
-185 201 -16
-185 201 -15
-185 201 -14
-185 201 -13
-185 201 -8
-185 201 -7
-185 201 -6
-185 201 -4
-185 201 -3
-185 201 -2
-185 201 -1
-185 202 -16
-185 202 -15
-185 202 -14
-185 202 -13
-185 202 -9
-185 202 -8
-185 202 -6
-185 202 -5
-185 202 -4
-185 202 -3
-185 202 -2
-185 202 -1
-185 203 -16
-185 203 -15
-185 203 -14
-185 203 -8
-185 203 -7
-185 203 -6
-185 203 -5
-185 203 -4
-185 203 -3
-185 203 -2
-185 203 -1
-185 204 -16
-185 204 -15
-185 204 -14
-185 204 -13
-185 204 -5
-185 204 -4
-185 204 -3
-185 205 -16
-185 205 -15
-185 205 -14
-185 205 -13
-185 205 -5
-185 205 -3
-185 205 -2
-185 206 -16
-185 206 -14
-185 206 -10
-185 206 -9
-185 206 -3
-185 206 -1
-185 207 -11
-185 207 -10
-185 207 -9
-185 208 -15
-185 208 -14
-185 208 -13
-185 208 -11
-185 208 -10
-185 208 -9
-185 208 -2
-185 208 -1
-185 209 -15
-185 209 -14
-185 209 -13
-185 209 -12
-185 209 -11
-185 209 -10
-185 209 -9
-185 209 -8
-185 209 -3
-185 209 -2
-185 209 -1
-185 210 -16
-185 210 -15
-185 210 -14
-185 210 -13
-185 210 -12
-185 210 -11
-185 210 -10
-185 210 -9
-185 210 -8
-185 210 -3
-185 210 -2
-185 210 -1
-185 211 -16
-185 211 -15
-185 211 -14
-185 211 -13
-185 211 -12
-185 211 -11
-185 211 -10
-185 211 -9
-185 211 -8
-185 211 -7
-185 211 -3
-185 211 -2
-185 211 -1
-185 212 -16
-185 212 -15
-185 212 -14
-185 212 -13
-185 212 -12
-185 212 -11
-185 212 -10
-185 212 -9
-185 212 -8
-185 212 -7
-185 212 -6
-185 212 -3
-185 212 -2
-185 212 -1
-185 213 -16
-185 213 -15
-185 213 -14
-185 213 -13
-185 213 -12
-185 213 -11
-185 213 -10
-185 213 -9
-185 213 -8
-185 213 -7
-185 213 -2
-185 213 -1
-185 214 -16
-185 214 -15
-185 214 -14
-185 214 -13
-185 214 -12
-185 214 -11
-185 214 -10
-185 214 -9
-185 214 -7
-185 215 -16
-185 215 -15
-185 215 -14
-185 215 -13
-185 215 -12
-185 215 -11
-185 215 -10
-185 215 -9
-185 216 -15
-185 216 -14
-185 216 -13
-185 216 -12
-185 216 -11
-185 216 -10
-185 216 -9
-185 217 -14
-185 217 -13
-185 217 -12
-185 217 -11
-185 217 -10
-185 218 -14
-185 223 -13
-184 196 -5
-184 196 -4
-184 197 -16
-184 197 -5
-184 197 -4
-184 197 -2
-184 198 -16
-184 198 -13
-184 198 -7
-184 198 -6
-184 198 -5
-184 198 -4
-184 198 -3
-184 198 -2
-184 198 -1
-184 199 -16
-184 199 -15
-184 199 -13
-184 199 -7
-184 199 -5
-184 199 -4
-184 199 -3
-184 199 -2
-184 199 -1
-184 200 -16
-184 200 -15
-184 200 -14
-184 200 -13
-184 200 -6
-184 200 -5
-184 200 -4
-184 200 -3
-184 200 -2
-184 201 -16
-184 201 -15
-184 201 -14
-184 201 -13
-184 201 -7
-184 201 -6
-184 201 -5
-184 201 -4
-184 201 -3
-184 201 -2
-184 201 -1
-184 202 -16
-184 202 -15
-184 202 -14
-184 202 -13
-184 202 -12
-184 202 -8
-184 202 -7
-184 202 -6
-184 202 -5
-184 202 -4
-184 202 -3
-184 202 -2
-184 202 -1
-184 203 -16
-184 203 -15
-184 203 -14
-184 203 -12
-184 203 -6
-184 203 -4
-184 203 -3
-184 203 -2
-184 203 -1
-184 204 -16
-184 204 -15
-184 204 -14
-184 204 -5
-184 204 -4
-184 204 -2
-184 205 -16
-184 205 -15
-184 205 -14
-184 206 -16
-184 206 -15
-184 206 -10
-184 207 -16
-184 207 -15
-184 207 -14
-184 207 -13
-184 207 -12
-184 207 -10
-184 208 -16
-184 208 -15
-184 208 -14
-184 208 -13
-184 208 -12
-184 208 -11
-184 208 -10
-184 208 -9
-184 208 -8
-184 208 -2
-184 208 -1
-184 209 -15
-184 209 -14
-184 209 -13
-184 209 -12
-184 209 -11
-184 209 -10
-184 209 -8
-184 209 -1
-184 210 -15
-184 210 -14
-184 210 -13
-184 210 -12
-184 210 -11
-184 210 -10
-184 210 -9
-184 210 -8
-184 210 -7
-184 210 -2
-184 211 -16
-184 211 -15
-184 211 -14
-184 211 -13
-184 211 -12
-184 211 -11
-184 211 -10
-184 211 -9
-184 211 -8
-184 211 -3
-184 211 -2
-184 211 -1
-184 212 -16
-184 212 -15
-184 212 -14
-184 212 -13
-184 212 -12
-184 212 -11
-184 212 -10
-184 212 -9
-184 212 -8
-184 212 -7
-184 212 -2
-184 213 -16
-184 213 -15
-184 213 -14
-184 213 -13
-184 213 -12
-184 213 -11
-184 213 -10
-184 213 -9
-184 214 -16
-184 214 -15
-184 214 -14
-184 214 -13
-184 214 -12
-184 214 -11
-184 214 -10
-184 214 -9
-184 214 -8
-184 214 -7
-184 215 -16
-184 215 -15
-184 215 -14
-184 215 -13
-184 215 -12
-184 215 -11
-184 215 -8
-184 216 -14
-184 216 -13
-184 216 -12
-184 216 -11
-184 217 -14
-184 217 -13
-184 217 -12
-183 196 -5
-183 197 -16
-183 197 -5
-183 197 -4
-183 198 -16
-183 198 -15
-183 198 -6
-183 198 -5
-183 198 -3
-183 198 -2
-183 199 -16
-183 199 -15
-183 199 -14
-183 199 -13
-183 199 -7
-183 199 -6
-183 199 -5
-183 199 -4
-183 199 -3
-183 199 -1
-183 200 -16
-183 200 -15
-183 200 -14
-183 200 -8
-183 200 -7
-183 200 -6
-183 200 -4
-183 200 -3
-183 200 -2
-183 200 -1
-183 201 -16
-183 201 -15
-183 201 -14
-183 201 -13
-183 201 -8
-183 201 -7
-183 201 -6
-183 201 -5
-183 201 -4
-183 201 -3
-183 201 -2
-183 201 -1
-183 202 -16
-183 202 -15
-183 202 -14
-183 202 -13
-183 202 -12
-183 202 -7
-183 202 -6
-183 202 -5
-183 202 -4
-183 202 -3
-183 202 -1
-183 203 -16
-183 203 -15
-183 203 -14
-183 203 -13
-183 203 -5
-183 203 -2
-183 204 -16
-183 204 -15
-183 204 -14
-183 204 -13
-183 204 -4
-183 205 -16
-183 205 -14
-183 207 -13
-183 207 -10
-183 208 -12
-183 208 -11
-183 208 -10
-183 208 -9
-183 209 -14
-183 209 -13
-183 209 -12
-183 209 -11
-183 209 -1
-183 210 -15
-183 210 -14
-183 210 -13
-183 210 -12
-183 210 -11
-183 210 -10
-183 210 -9
-183 210 -1
-183 211 -16
-183 211 -15
-183 211 -14
-183 211 -13
-183 211 -12
-183 211 -11
-183 211 -10
-183 211 -9
-183 211 -8
-183 211 -2
-183 211 -1
-183 212 -16
-183 212 -15
-183 212 -14
-183 212 -13
-183 212 -12
-183 212 -11
-183 212 -10
-183 212 -9
-183 212 -8
-183 212 -7
-183 213 -16
-183 213 -15
-183 213 -14
-183 213 -13
-183 213 -12
-183 213 -11
-183 213 -10
-183 213 -9
-183 214 -15
-183 214 -14
-183 214 -13
-183 214 -12
-183 214 -11
-183 214 -10
-183 214 -9
-183 215 -14
-183 215 -12
-183 215 -11
-183 215 -10
-183 215 -9
-183 216 -12
-183 216 -11
-182 195 -16
-182 196 -16
-182 197 -16
-182 197 -15
-182 197 -3
-182 198 -16
-182 198 -15
-182 198 -5
-182 198 -4
-182 198 -3
-182 199 -16
-182 199 -15
-182 199 -3
-182 199 -2
-182 199 -1
-182 200 -16
-182 200 -15
-182 200 -14
-182 200 -7
-182 200 -6
-182 200 -5
-182 200 -3
-182 200 -2
-182 201 -16
-182 201 -15
-182 201 -6
-182 201 -5
-182 201 -4
-182 201 -2
-182 202 -16
-182 202 -15
-182 202 -3
-182 203 -16
-182 203 -15
-182 203 -14
-182 203 -13
-182 204 -16
-182 204 -15
-182 205 -15
-182 206 -16
-182 208 -15
-182 208 -12
-182 208 -10
-182 209 -15
-182 209 -14
-182 209 -12
-182 209 -11
-182 209 -1
-182 210 -16
-182 210 -15
-182 210 -14
-182 210 -13
-182 210 -12
-182 211 -16
-182 211 -15
-182 211 -14
-182 211 -13
-182 211 -12
-182 211 -10
-182 211 -9
-182 211 -8
-182 211 -1
-182 212 -16
-182 212 -15
-182 212 -14
-182 212 -13
-182 212 -12
-182 212 -11
-182 212 -10
-182 212 -9
-182 212 -8
-182 213 -16
-182 213 -15
-182 213 -14
-182 213 -13
-182 213 -12
-182 213 -11
-182 213 -10
-182 213 -9
-182 213 -8
-182 214 -16
-182 214 -14
-182 214 -13
-182 214 -12
-182 214 -11
-182 214 -10
-182 215 -14
-182 215 -13
-182 215 -12
-182 215 -11
-182 215 -10
-182 216 -16
-182 216 -14
-182 224 -10
-181 196 -16
-181 196 -14
-181 197 -16
-181 198 -16
-181 198 -15
-181 198 -13
-181 198 -5
-181 199 -16
-181 199 -15
-181 199 -3
-181 199 -2
-181 200 -16
-181 200 -15
-181 200 -14
-181 200 -13
-181 200 -3
-181 201 -16
-181 201 -15
-181 201 -14
-181 201 -13
-181 201 -5
-181 201 -4
-181 202 -16
-181 202 -15
-181 202 -14
-181 202 -13
-181 202 -12
-181 203 -15
-181 203 -14
-181 203 -13
-181 204 -16
-181 205 -16
-181 208 -12
-181 209 -15
-181 210 -15
-181 210 -14
-181 211 -16
-181 211 -15
-181 211 -14
-181 211 -12
-181 211 -10
-181 212 -16
-181 212 -15
-181 212 -14
-181 212 -13
-181 212 -12
-181 212 -11
-181 212 -9
-181 213 -16
-181 213 -15
-181 213 -14
-181 213 -13
-181 214 -16
-181 214 -15
-181 214 -14
-181 214 -13
-181 214 -12
-181 214 -11
-181 214 -10
-181 215 -16
-181 216 -16
-181 217 -16
-181 223 -5
-181 224 -12
-181 224 -11
-181 224 -5
-181 224 -4
-180 194 -16
-180 195 -16
-180 195 -15
-180 196 -16
-180 196 -14
-180 197 -16
-180 197 -15
-180 197 -14
-180 197 -12
-180 198 -16
-180 198 -15
-180 198 -14
-180 198 -13
-180 198 -12
-180 198 -11
-180 199 -16
-180 199 -15
-180 200 -16
-180 200 -15
-180 200 -14
-180 200 -13
-180 200 -12
-180 201 -16
-180 201 -15
-180 201 -14
-180 201 -13
-180 202 -16
-180 202 -15
-180 202 -14
-180 202 -13
-180 203 -16
-180 203 -15
-180 203 -14
-180 204 -16
-180 209 -16
-180 210 -16
-180 210 -15
-180 210 -14
-180 211 -16
-180 211 -15
-180 211 -14
-180 212 -16
-180 212 -15
-180 212 -14
-180 212 -13
-180 213 -16
-180 213 -14
-180 213 -13
-180 214 -14
-180 216 -16
-180 217 -16
-180 217 -15
-180 218 -16
-180 223 -9
-180 224 -9
-179 194 -16
-179 195 -16
-179 195 -15
-179 195 -14
-179 196 -16
-179 196 -15
-179 196 -14
-179 196 -13
-179 197 -16
-179 197 -15
-179 197 -14
-179 197 -13
-179 198 -16
-179 198 -15
-179 198 -14
-179 199 -16
-179 199 -15
-179 199 -14
-179 199 -13
-179 200 -16
-179 200 -15
-179 200 -14
-179 200 -13
-179 201 -16
-179 201 -15
-179 201 -14
-179 201 -13
-179 201 -12
-179 202 -16
-179 202 -15
-179 202 -14
-179 202 -13
-179 202 -12
-179 203 -16
-179 203 -15
-179 204 -16
-179 204 -15
-179 205 -16
-179 210 -16
-179 211 -16
-179 211 -15
-179 211 -14
-179 212 -16
-179 212 -15
-179 212 -14
-179 213 -16
-179 213 -15
-179 214 -16
-179 214 -15
-179 215 -16
-179 216 -16
-179 224 -10
-178 193 -16
-178 194 -16
-178 194 -15
-178 194 -14
-178 195 -16
-178 195 -15
-178 195 -14
-178 195 -13
-178 196 -16
-178 196 -15
-178 196 -14
-178 196 -13
-178 197 -16
-178 197 -15
-178 197 -14
-178 198 -16
-178 198 -14
-178 198 -13
-178 199 -16
-178 199 -15
-178 199 -14
-178 199 -13
-178 199 -12
-178 200 -16
-178 200 -15
-178 200 -14
-178 200 -13
-178 200 -12
-178 201 -16
-178 201 -15
-178 201 -14
-178 201 -13
-178 201 -12
-178 202 -16
-178 202 -14
-178 203 -16
-178 204 -16
-178 209 -16
-178 210 -16
-178 211 -16
-178 211 -15
-178 211 -14
-178 212 -16
-178 212 -15
-178 213 -16
-178 213 -15
-178 214 -16
-178 223 -13
-178 224 -14
-178 224 -10
-177 195 -15
-177 196 -16
-177 196 -15
-177 196 -13
-177 197 -16
-177 197 -15
-177 197 -14
-177 197 -13
-177 198 -16
-177 198 -15
-177 198 -14
-177 199 -16
-177 199 -15
-177 199 -14
-177 199 -13
-177 200 -16
-177 200 -15
-177 200 -14
-177 201 -16
-177 201 -15
-177 201 -14
-177 201 -13
-177 202 -15
-177 203 -16
-177 204 -16
-177 210 -16
-177 211 -16
-177 211 -15
-177 212 -16
-177 213 -16
-177 223 -13
-177 224 -14
-177 224 -13
-177 224 -12
-177 224 -10
-192 225 -16
-192 225 -15
-192 225 -14
-192 225 -13
-192 225 -8
-192 225 -7
-192 225 -4
-192 226 -16
-192 226 -15
-192 226 -14
-192 226 -13
-192 226 -12
-192 226 -11
-192 226 -10
-192 226 -7
-192 227 -16
-192 227 -15
-192 227 -14
-192 227 -13
-192 227 -12
-192 227 -11
-192 227 -10
-192 227 -9
-192 228 -16
-192 228 -15
-192 228 -13
-192 228 -12
-192 228 -11
-192 228 -10
-192 228 -9
-192 228 -8
-192 228 -7
-192 229 -16
-192 229 -15
-192 229 -14
-192 229 -13
-192 229 -12
-192 229 -11
-192 229 -10
-192 229 -9
-192 229 -8
-192 229 -7
-192 229 -6
-192 230 -16
-192 230 -15
-192 230 -14
-192 230 -13
-192 230 -12
-192 230 -11
-192 230 -10
-192 230 -9
-192 230 -8
-192 230 -7
-192 230 -6
-192 231 -16
-192 231 -15
-192 231 -14
-192 231 -13
-192 231 -12
-192 231 -11
-192 231 -10
-192 231 -9
-192 231 -8
-192 231 -7
-192 231 -6
-192 231 -5
-192 232 -16
-192 232 -15
-192 232 -14
-192 232 -13
-192 232 -12
-192 232 -11
-192 232 -10
-192 232 -9
-192 232 -8
-192 232 -7
-192 232 -6
-192 233 -16
-192 233 -15
-192 233 -14
-192 233 -13
-192 233 -12
-192 233 -11
-192 233 -10
-192 233 -9
-192 233 -8
-192 233 -7
-192 233 -3
-192 234 -16
-192 234 -15
-192 234 -14
-192 234 -13
-192 234 -12
-192 234 -11
-192 234 -10
-192 234 -9
-192 234 -8
-192 234 -7
-192 234 -6
-192 234 -4
-192 234 -3
-192 234 -2
-192 235 -16
-192 235 -15
-192 235 -14
-192 235 -13
-192 235 -12
-192 235 -11
-192 235 -10
-192 235 -9
-192 235 -8
-192 235 -7
-192 235 -6
-192 235 -5
-192 236 -13
-192 236 -12
-192 236 -11
-192 236 -10
-192 236 -9
-192 236 -8
-192 236 -7
-192 236 -6
-192 236 -3
-192 236 -2
-192 237 -16
-192 237 -14
-192 237 -13
-192 237 -12
-192 237 -11
-192 237 -10
-192 237 -9
-192 237 -8
-192 237 -7
-192 237 -6
-192 237 -5
-192 237 -4
-192 237 -3
-192 237 -2
-192 237 -1
-192 238 -13
-192 238 -12
-192 238 -11
-192 238 -10
-192 238 -9
-192 238 -8
-192 238 -7
-192 238 -5
-192 238 -4
-192 238 -3
-192 238 -2
-192 238 -1
-192 239 -12
-192 239 -11
-192 239 -10
-192 239 -9
-192 239 -8
-192 239 -7
-192 239 -6
-192 239 -5
-192 239 -4
-192 239 -3
-192 239 -2
-192 239 -1
-192 240 -13
-192 240 -12
-192 240 -11
-192 240 -10
-192 240 -8
-192 240 -7
-192 240 -6
-192 240 -5
-192 240 -4
-192 240 -3
-192 240 -2
-192 240 -1
-192 241 -12
-192 241 -11
-192 241 -10
-192 241 -9
-192 241 -7
-192 241 -6
-192 241 -5
-192 241 -4
-192 241 -3
-192 241 -2
-192 241 -1
-192 242 -11
-192 242 -10
-192 242 -9
-192 242 -8
-192 242 -7
-192 242 -5
-192 242 -4
-192 242 -3
-192 242 -2
-192 242 -1
-192 243 -8
-192 243 -4
-192 243 -3
-192 243 -2
-192 243 -1
-192 244 -7
-192 244 -2
-192 244 -1
-192 245 -1
-191 225 -16
-191 225 -15
-191 225 -13
-191 225 -12
-191 225 -11
-191 225 -5
-191 226 -16
-191 226 -15
-191 226 -14
-191 226 -13
-191 226 -10
-191 226 -9
-191 227 -16
-191 227 -15
-191 227 -14
-191 227 -13
-191 227 -12
-191 227 -11
-191 227 -10
-191 227 -7
-191 228 -16
-191 228 -15
-191 228 -14
-191 228 -13
-191 228 -12
-191 228 -11
-191 228 -10
-191 228 -9
-191 228 -8
-191 228 -7
-191 228 -6
-191 228 -5
-191 229 -16
-191 229 -15
-191 229 -14
-191 229 -13
-191 229 -12
-191 229 -11
-191 229 -10
-191 229 -9
-191 229 -8
-191 229 -7
-191 229 -6
-191 229 -5
-191 230 -16
-191 230 -15
-191 230 -14
-191 230 -13
-191 230 -12
-191 230 -11
-191 230 -10
-191 230 -9
-191 230 -8
-191 230 -7
-191 230 -6
-191 230 -5
-191 231 -16
-191 231 -15
-191 231 -14
-191 231 -13
-191 231 -12
-191 231 -11
-191 231 -10
-191 231 -9
-191 231 -8
-191 231 -7
-191 231 -6
-191 231 -5
-191 232 -16
-191 232 -15
-191 232 -14
-191 232 -13
-191 232 -12
-191 232 -11
-191 232 -10
-191 232 -9
-191 232 -8
-191 232 -7
-191 232 -6
-191 232 -5
-191 232 -3
-191 233 -16
-191 233 -15
-191 233 -14
-191 233 -13
-191 233 -12
-191 233 -11
-191 233 -10
-191 233 -9
-191 233 -8
-191 233 -7
-191 233 -6
-191 233 -5
-191 233 -4
-191 233 -3
-191 234 -16
-191 234 -15
-191 234 -14
-191 234 -13
-191 234 -12
-191 234 -11
-191 234 -10
-191 234 -9
-191 234 -8
-191 234 -7
-191 234 -6
-191 234 -5
-191 234 -4
-191 234 -3
-191 235 -16
-191 235 -15
-191 235 -14
-191 235 -13
-191 235 -12
-191 235 -11
-191 235 -10
-191 235 -9
-191 235 -8
-191 235 -7
-191 235 -5
-191 235 -4
-191 235 -3
-191 235 -2
-191 236 -15
-191 236 -14
-191 236 -13
-191 236 -12
-191 236 -11
-191 236 -10
-191 236 -9
-191 236 -8
-191 236 -7
-191 236 -6
-191 236 -5
-191 236 -4
-191 236 -3
-191 236 -2
-191 236 -1
-191 237 -14
-191 237 -11
-191 237 -10
-191 237 -9
-191 237 -8
-191 237 -7
-191 237 -6
-191 237 -5
-191 237 -4
-191 237 -3
-191 237 -2
-191 237 -1
-191 238 -11
-191 238 -10
-191 238 -9
-191 238 -8
-191 238 -7
-191 238 -6
-191 238 -5
-191 238 -4
-191 238 -3
-191 238 -2
-191 238 -1
-191 239 -10
-191 239 -9
-191 239 -8
-191 239 -7
-191 239 -6
-191 239 -5
-191 239 -4
-191 239 -3
-191 239 -2
-191 239 -1
-191 240 -11
-191 240 -10
-191 240 -9
-191 240 -8
-191 240 -7
-191 240 -6
-191 240 -5
-191 240 -4
-191 240 -3
-191 240 -2
-191 240 -1
-191 241 -10
-191 241 -9
-191 241 -8
-191 241 -7
-191 241 -6
-191 241 -5
-191 241 -4
-191 241 -3
-191 241 -2
-191 241 -1
-191 242 -10
-191 242 -7
-191 242 -6
-191 242 -5
-191 242 -4
-191 242 -3
-191 242 -2
-191 242 -1
-191 243 -8
-191 243 -5
-191 243 -4
-191 243 -3
-191 243 -2
-191 243 -1
-191 244 -8
-191 244 -2
-191 244 -1
-191 245 -2
-191 245 -1
-190 225 -16
-190 225 -15
-190 225 -14
-190 225 -13
-190 225 -12
-190 225 -11
-190 225 -10
-190 226 -16
-190 226 -15
-190 226 -14
-190 226 -13
-190 226 -12
-190 226 -11
-190 226 -10
-190 226 -9
-190 227 -16
-190 227 -15
-190 227 -14
-190 227 -13
-190 227 -12
-190 227 -11
-190 227 -10
-190 227 -9
-190 227 -8
-190 227 -7
-190 227 -6
-190 228 -16
-190 228 -15
-190 228 -14
-190 228 -13
-190 228 -12
-190 228 -11
-190 228 -10
-190 228 -9
-190 228 -8
-190 228 -7
-190 228 -6
-190 228 -5
-190 229 -16
-190 229 -15
-190 229 -14
-190 229 -13
-190 229 -12
-190 229 -11
-190 229 -10
-190 229 -9
-190 229 -8
-190 229 -7
-190 229 -6
-190 230 -16
-190 230 -15
-190 230 -14
-190 230 -13
-190 230 -12
-190 230 -11
-190 230 -10
-190 230 -9
-190 230 -8
-190 230 -7
-190 230 -6
-190 230 -5
-190 230 -4
-190 231 -16
-190 231 -15
-190 231 -14
-190 231 -13
-190 231 -12
-190 231 -11
-190 231 -10
-190 231 -9
-190 231 -8
-190 231 -7
-190 231 -6
-190 231 -5
-190 231 -4
-190 232 -16
-190 232 -15
-190 232 -14
-190 232 -13
-190 232 -12
-190 232 -11
-190 232 -10
-190 232 -9
-190 232 -8
-190 232 -7
-190 232 -6
-190 232 -5
-190 232 -4
-190 232 -3
-190 233 -16
-190 233 -15
-190 233 -14
-190 233 -13
-190 233 -12
-190 233 -11
-190 233 -10
-190 233 -9
-190 233 -8
-190 233 -7
-190 233 -6
-190 233 -5
-190 233 -4
-190 233 -3
-190 233 -2
-190 234 -16
-190 234 -15
-190 234 -14
-190 234 -13
-190 234 -12
-190 234 -11
-190 234 -10
-190 234 -9
-190 234 -8
-190 234 -7
-190 234 -6
-190 234 -5
-190 234 -4
-190 234 -3
-190 234 -2
-190 234 -1
-190 235 -13
-190 235 -12
-190 235 -11
-190 235 -10
-190 235 -9
-190 235 -8
-190 235 -7
-190 235 -6
-190 235 -4
-190 235 -3
-190 236 -15
-190 236 -14
-190 236 -13
-190 236 -12
-190 236 -11
-190 236 -10
-190 236 -9
-190 236 -8
-190 236 -7
-190 236 -6
-190 236 -5
-190 236 -4
-190 236 -3
-190 236 -2
-190 236 -1
-190 237 -13
-190 237 -12
-190 237 -11
-190 237 -10
-190 237 -9
-190 237 -8
-190 237 -7
-190 237 -6
-190 237 -5
-190 237 -4
-190 237 -3
-190 237 -2
-190 237 -1
-190 238 -11
-190 238 -10
-190 238 -9
-190 238 -8
-190 238 -7
-190 238 -6
-190 238 -5
-190 238 -4
-190 238 -3
-190 238 -2
-190 238 -1
-190 239 -12
-190 239 -11
-190 239 -9
-190 239 -8
-190 239 -7
-190 239 -6
-190 239 -5
-190 239 -4
-190 239 -3
-190 239 -2
-190 239 -1
-190 240 -10
-190 240 -9
-190 240 -8
-190 240 -7
-190 240 -6
-190 240 -5
-190 240 -4
-190 240 -3
-190 240 -2
-190 240 -1
-190 241 -10
-190 241 -9
-190 241 -8
-190 241 -7
-190 241 -6
-190 241 -5
-190 241 -4
-190 241 -3
-190 241 -2
-190 241 -1
-190 242 -9
-190 242 -8
-190 242 -7
-190 242 -6
-190 242 -5
-190 242 -4
-190 242 -3
-190 242 -2
-190 242 -1
-190 243 -7
-190 243 -6
-190 243 -5
-190 243 -4
-190 243 -2
-190 243 -1
-190 244 -5
-190 244 -4
-190 244 -3
-190 244 -2
-190 244 -1
-189 225 -16
-189 225 -15
-189 225 -14
-189 225 -13
-189 225 -12
-189 225 -11
-189 226 -16
-189 226 -15
-189 226 -14
-189 226 -13
-189 226 -12
-189 226 -11
-189 226 -10
-189 227 -16
-189 227 -15
-189 227 -14
-189 227 -13
-189 227 -12
-189 227 -11
-189 227 -10
-189 227 -9
-189 227 -8
-189 227 -7
-189 227 -6
-189 228 -16
-189 228 -15
-189 228 -14
-189 228 -13
-189 228 -12
-189 228 -11
-189 228 -10
-189 228 -9
-189 228 -8
-189 228 -7
-189 228 -6
-189 228 -5
-189 229 -16
-189 229 -15
-189 229 -14
-189 229 -13
-189 229 -12
-189 229 -11
-189 229 -9
-189 229 -8
-189 229 -7
-189 229 -6
-189 230 -16
-189 230 -15
-189 230 -14
-189 230 -13
-189 230 -12
-189 230 -11
-189 230 -10
-189 230 -9
-189 230 -8
-189 230 -7
-189 230 -6
-189 230 -5
-189 230 -4
-189 230 -3
-189 231 -16
-189 231 -15
-189 231 -14
-189 231 -13
-189 231 -12
-189 231 -11
-189 231 -10
-189 231 -9
-189 231 -8
-189 231 -7
-189 231 -6
-189 231 -5
-189 231 -4
-189 231 -2
-189 232 -16
-189 232 -15
-189 232 -14
-189 232 -13
-189 232 -12
-189 232 -11
-189 232 -10
-189 232 -9
-189 232 -8
-189 232 -7
-189 232 -6
-189 232 -5
-189 232 -4
-189 232 -3
-189 232 -2
-189 232 -1
-189 233 -15
-189 233 -14
-189 233 -13
-189 233 -12
-189 233 -11
-189 233 -10
-189 233 -9
-189 233 -8
-189 233 -7
-189 233 -6
-189 233 -5
-189 233 -3
-189 233 -2
-189 234 -15
-189 234 -14
-189 234 -13
-189 234 -12
-189 234 -11
-189 234 -10
-189 234 -9
-189 234 -8
-189 234 -7
-189 234 -6
-189 234 -5
-189 234 -4
-189 234 -3
-189 234 -2
-189 234 -1
-189 235 -13
-189 235 -12
-189 235 -11
-189 235 -10
-189 235 -9
-189 235 -8
-189 235 -7
-189 235 -6
-189 235 -5
-189 235 -4
-189 235 -3
-189 235 -2
-189 235 -1
-189 236 -13
-189 236 -12
-189 236 -11
-189 236 -10
-189 236 -9
-189 236 -8
-189 236 -7
-189 236 -6
-189 236 -5
-189 236 -4
-189 236 -3
-189 236 -2
-189 236 -1
-189 237 -12
-189 237 -11
-189 237 -10
-189 237 -9
-189 237 -8
-189 237 -7
-189 237 -6
-189 237 -5
-189 237 -4
-189 237 -3
-189 237 -2
-189 237 -1
-189 238 -13
-189 238 -12
-189 238 -9
-189 238 -8
-189 238 -7
-189 238 -6
-189 238 -5
-189 238 -4
-189 238 -3
-189 238 -2
-189 238 -1
-189 239 -12
-189 239 -11
-189 239 -10
-189 239 -9
-189 239 -8
-189 239 -7
-189 239 -6
-189 239 -5
-189 239 -4
-189 239 -3
-189 239 -2
-189 239 -1
-189 240 -11
-189 240 -10
-189 240 -7
-189 240 -6
-189 240 -5
-189 240 -4
-189 240 -3
-189 240 -2
-189 240 -1
-189 241 -11
-189 241 -10
-189 241 -9
-189 241 -8
-189 241 -7
-189 241 -6
-189 241 -5
-189 241 -4
-189 241 -3
-189 241 -2
-189 241 -1
-189 242 -9
-189 242 -8
-189 242 -7
-189 242 -6
-189 242 -5
-189 242 -4
-189 242 -3
-189 242 -2
-189 242 -1
-189 243 -8
-189 243 -7
-189 243 -6
-189 243 -5
-189 243 -4
-189 243 -3
-189 243 -2
-189 243 -1
-189 244 -7
-189 244 -5
-189 244 -4
-189 244 -3
-189 244 -2
-189 244 -1
-189 245 -5
-189 245 -4
-189 245 -1
-189 246 -5
-188 225 -16
-188 225 -15
-188 225 -13
-188 225 -12
-188 225 -11
-188 226 -16
-188 226 -15
-188 226 -14
-188 226 -13
-188 226 -12
-188 226 -11
-188 226 -10
-188 226 -7
-188 226 -6
-188 226 -5
-188 227 -16
-188 227 -15
-188 227 -14
-188 227 -13
-188 227 -12
-188 227 -11
-188 227 -10
-188 227 -8
-188 227 -7
-188 227 -6
-188 227 -5
-188 227 -4
-188 228 -16
-188 228 -15
-188 228 -14
-188 228 -13
-188 228 -12
-188 228 -11
-188 228 -10
-188 228 -9
-188 228 -8
-188 228 -7
-188 228 -6
-188 228 -5
-188 228 -4
-188 228 -3
-188 229 -16
-188 229 -15
-188 229 -14
-188 229 -13
-188 229 -12
-188 229 -11
-188 229 -10
-188 229 -9
-188 229 -8
-188 229 -7
-188 229 -6
-188 229 -5
-188 229 -4
-188 229 -3
-188 230 -16
-188 230 -15
-188 230 -14
-188 230 -13
-188 230 -12
-188 230 -11
-188 230 -10
-188 230 -9
-188 230 -8
-188 230 -7
-188 230 -6
-188 230 -5
-188 230 -4
-188 230 -2
-188 231 -16
-188 231 -15
-188 231 -14
-188 231 -13
-188 231 -12
-188 231 -11
-188 231 -10
-188 231 -9
-188 231 -8
-188 231 -7
-188 231 -6
-188 231 -5
-188 231 -4
-188 231 -3
-188 232 -14
-188 232 -13
-188 232 -12
-188 232 -11
-188 232 -10
-188 232 -9
-188 232 -8
-188 232 -7
-188 232 -6
-188 232 -5
-188 232 -4
-188 232 -3
-188 232 -2
-188 232 -1
-188 233 -16
-188 233 -14
-188 233 -13
-188 233 -11
-188 233 -10
-188 233 -9
-188 233 -8
-188 233 -7
-188 233 -6
-188 233 -5
-188 233 -4
-188 233 -3
-188 233 -2
-188 233 -1
-188 234 -11
-188 234 -10
-188 234 -9
-188 234 -8
-188 234 -7
-188 234 -6
-188 234 -5
-188 234 -4
-188 234 -3
-188 234 -2
-188 234 -1
-188 235 -11
-188 235 -10
-188 235 -9
-188 235 -8
-188 235 -7
-188 235 -6
-188 235 -5
-188 235 -4
-188 235 -3
-188 235 -2
-188 235 -1
-188 236 -12
-188 236 -11
-188 236 -10
-188 236 -9
-188 236 -8
-188 236 -7
-188 236 -6
-188 236 -5
-188 236 -4
-188 236 -3
-188 236 -2
-188 236 -1
-188 237 -11
-188 237 -10
-188 237 -9
-188 237 -8
-188 237 -7
-188 237 -6
-188 237 -5
-188 237 -4
-188 237 -3
-188 237 -2
-188 237 -1
-188 238 -14
-188 238 -13
-188 238 -12
-188 238 -11
-188 238 -10
-188 238 -9
-188 238 -8
-188 238 -7
-188 238 -6
-188 238 -5
-188 238 -4
-188 238 -3
-188 238 -2
-188 238 -1
-188 239 -13
-188 239 -11
-188 239 -10
-188 239 -9
-188 239 -7
-188 239 -6
-188 239 -5
-188 239 -4
-188 239 -3
-188 239 -2
-188 239 -1
-188 240 -13
-188 240 -12
-188 240 -11
-188 240 -10
-188 240 -9
-188 240 -8
-188 240 -6
-188 240 -5
-188 240 -4
-188 240 -3
-188 240 -2
-188 240 -1
-188 241 -9
-188 241 -8
-188 241 -7
-188 241 -6
-188 241 -5
-188 241 -4
-188 241 -3
-188 241 -2
-188 241 -1
-188 242 -9
-188 242 -8
-188 242 -7
-188 242 -6
-188 242 -5
-188 242 -4
-188 242 -3
-188 242 -2
-188 242 -1
-188 243 -9
-188 243 -7
-188 243 -6
-188 243 -5
-188 243 -4
-188 243 -3
-188 243 -2
-188 243 -1
-188 244 -7
-188 244 -6
-188 244 -5
-188 244 -3
-188 244 -2
-188 244 -1
-188 245 -6
-188 245 -5
-188 245 -4
-188 246 -6
-188 246 -5
-188 247 -5
-187 225 -16
-187 225 -15
-187 225 -14
-187 225 -13
-187 225 -12
-187 225 -11
-187 225 -10
-187 226 -16
-187 226 -15
-187 226 -14
-187 226 -13
-187 226 -12
-187 226 -11
-187 226 -10
-187 226 -6
-187 227 -16
-187 227 -15
-187 227 -14
-187 227 -13
-187 227 -12
-187 227 -11
-187 227 -6
-187 227 -5
-187 227 -4
-187 227 -3
-187 228 -16
-187 228 -15
-187 228 -14
-187 228 -13
-187 228 -12
-187 228 -11
-187 228 -10
-187 228 -9
-187 228 -8
-187 228 -7
-187 228 -6
-187 228 -5
-187 228 -4
-187 228 -3
-187 229 -16
-187 229 -15
-187 229 -14
-187 229 -13
-187 229 -12
-187 229 -11
-187 229 -10
-187 229 -9
-187 229 -8
-187 229 -7
-187 229 -6
-187 229 -5
-187 229 -4
-187 229 -3
-187 229 -2
-187 230 -16
-187 230 -15
-187 230 -14
-187 230 -13
-187 230 -12
-187 230 -11
-187 230 -10
-187 230 -9
-187 230 -8
-187 230 -7
-187 230 -6
-187 230 -5
-187 230 -4
-187 230 -3
-187 230 -2
-187 230 -1
-187 231 -16
-187 231 -15
-187 231 -13
-187 231 -12
-187 231 -11
-187 231 -10
-187 231 -9
-187 231 -8
-187 231 -7
-187 231 -6
-187 231 -5
-187 231 -4
-187 231 -3
-187 231 -2
-187 231 -1
-187 232 -16
-187 232 -12
-187 232 -11
-187 232 -10
-187 232 -9
-187 232 -8
-187 232 -7
-187 232 -6
-187 232 -5
-187 232 -4
-187 232 -3
-187 232 -2
-187 232 -1
-187 233 -13
-187 233 -12
-187 233 -11
-187 233 -10
-187 233 -9
-187 233 -8
-187 233 -7
-187 233 -6
-187 233 -5
-187 233 -4
-187 233 -3
-187 233 -2
-187 233 -1
-187 234 -12
-187 234 -11
-187 234 -10
-187 234 -9
-187 234 -8
-187 234 -7
-187 234 -6
-187 234 -5
-187 234 -4
-187 234 -3
-187 234 -2
-187 234 -1
-187 235 -14
-187 235 -12
-187 235 -11
-187 235 -10
-187 235 -9
-187 235 -8
-187 235 -7
-187 235 -6
-187 235 -5
-187 235 -4
-187 235 -3
-187 235 -2
-187 235 -1
-187 236 -13
-187 236 -12
-187 236 -11
-187 236 -10
-187 236 -9
-187 236 -8
-187 236 -7
-187 236 -6
-187 236 -5
-187 236 -4
-187 236 -3
-187 236 -2
-187 236 -1
-187 237 -15
-187 237 -14
-187 237 -13
-187 237 -12
-187 237 -11
-187 237 -10
-187 237 -9
-187 237 -8
-187 237 -7
-187 237 -6
-187 237 -5
-187 237 -4
-187 237 -3
-187 237 -2
-187 237 -1
-187 238 -12
-187 238 -11
-187 238 -10
-187 238 -9
-187 238 -8
-187 238 -7
-187 238 -6
-187 238 -5
-187 238 -4
-187 238 -3
-187 238 -2
-187 238 -1
-187 239 -13
-187 239 -12
-187 239 -11
-187 239 -10
-187 239 -9
-187 239 -8
-187 239 -7
-187 239 -6
-187 239 -5
-187 239 -4
-187 239 -3
-187 239 -2
-187 239 -1
-187 240 -11
-187 240 -10
-187 240 -9
-187 240 -8
-187 240 -7
-187 240 -6
-187 240 -5
-187 240 -4
-187 240 -3
-187 240 -2
-187 240 -1
-187 241 -12
-187 241 -11
-187 241 -10
-187 241 -9
-187 241 -8
-187 241 -7
-187 241 -6
-187 241 -5
-187 241 -4
-187 241 -3
-187 241 -2
-187 241 -1
-187 242 -12
-187 242 -10
-187 242 -9
-187 242 -7
-187 242 -6
-187 242 -5
-187 242 -4
-187 242 -3
-187 242 -2
-187 242 -1
-187 243 -9
-187 243 -8
-187 243 -7
-187 243 -6
-187 243 -5
-187 243 -4
-187 243 -2
-187 243 -1
-187 244 -9
-187 244 -7
-187 244 -6
-187 244 -5
-187 244 -4
-187 244 -3
-187 244 -2
-187 244 -1
-187 245 -7
-187 245 -6
-187 245 -5
-187 245 -4
-187 245 -3
-187 245 -2
-187 245 -1
-187 246 -8
-187 246 -7
-187 246 -6
-186 225 -16
-186 225 -14
-186 226 -16
-186 226 -14
-186 226 -13
-186 226 -12
-186 226 -11
-186 227 -16
-186 227 -15
-186 227 -14
-186 227 -13
-186 227 -12
-186 227 -11
-186 227 -10
-186 227 -7
-186 227 -6
-186 227 -5
-186 227 -3
-186 228 -16
-186 228 -15
-186 228 -14
-186 228 -13
-186 228 -11
-186 228 -10
-186 228 -8
-186 228 -7
-186 228 -6
-186 228 -5
-186 228 -4
-186 228 -3
-186 229 -16
-186 229 -15
-186 229 -14
-186 229 -12
-186 229 -11
-186 229 -10
-186 229 -9
-186 229 -8
-186 229 -7
-186 229 -6
-186 229 -5
-186 229 -4
-186 229 -3
-186 229 -2
-186 230 -15
-186 230 -14
-186 230 -12
-186 230 -10
-186 230 -9
-186 230 -8
-186 230 -7
-186 230 -6
-186 230 -5
-186 230 -4
-186 230 -3
-186 230 -2
-186 231 -13
-186 231 -12
-186 231 -11
-186 231 -10
-186 231 -9
-186 231 -8
-186 231 -7
-186 231 -6
-186 231 -5
-186 231 -4
-186 231 -3
-186 231 -2
-186 231 -1
-186 232 -16
-186 232 -13
-186 232 -12
-186 232 -11
-186 232 -10
-186 232 -9
-186 232 -8
-186 232 -7
-186 232 -6
-186 232 -5
-186 232 -4
-186 232 -3
-186 232 -2
-186 232 -1
-186 233 -13
-186 233 -12
-186 233 -11
-186 233 -10
-186 233 -9
-186 233 -8
-186 233 -7
-186 233 -6
-186 233 -5
-186 233 -4
-186 233 -3
-186 233 -2
-186 233 -1
-186 234 -14
-186 234 -13
-186 234 -12
-186 234 -11
-186 234 -10
-186 234 -9
-186 234 -8
-186 234 -7
-186 234 -6
-186 234 -5
-186 234 -4
-186 234 -3
-186 234 -2
-186 234 -1
-186 235 -14
-186 235 -13
-186 235 -12
-186 235 -11
-186 235 -10
-186 235 -9
-186 235 -8
-186 235 -7
-186 235 -6
-186 235 -5
-186 235 -4
-186 235 -3
-186 235 -2
-186 235 -1
-186 236 -16
-186 236 -15
-186 236 -14
-186 236 -13
-186 236 -12
-186 236 -11
-186 236 -10
-186 236 -9
-186 236 -8
-186 236 -7
-186 236 -6
-186 236 -5
-186 236 -4
-186 236 -3
-186 236 -2
-186 236 -1
-186 237 -15
-186 237 -14
-186 237 -12
-186 237 -11
-186 237 -10
-186 237 -9
-186 237 -8
-186 237 -7
-186 237 -6
-186 237 -5
-186 237 -4
-186 237 -3
-186 237 -2
-186 237 -1
-186 238 -16
-186 238 -15
-186 238 -14
-186 238 -12
-186 238 -11
-186 238 -10
-186 238 -9
-186 238 -8
-186 238 -7
-186 238 -6
-186 238 -5
-186 238 -4
-186 238 -3
-186 238 -2
-186 238 -1
-186 239 -14
-186 239 -13
-186 239 -11
-186 239 -10
-186 239 -9
-186 239 -8
-186 239 -7
-186 239 -6
-186 239 -5
-186 239 -4
-186 239 -3
-186 239 -2
-186 239 -1
-186 240 -15
-186 240 -13
-186 240 -12
-186 240 -11
-186 240 -10
-186 240 -9
-186 240 -8
-186 240 -7
-186 240 -6
-186 240 -5
-186 240 -4
-186 240 -3
-186 240 -2
-186 240 -1
-186 241 -13
-186 241 -12
-186 241 -11
-186 241 -10
-186 241 -9
-186 241 -8
-186 241 -7
-186 241 -6
-186 241 -5
-186 241 -4
-186 241 -3
-186 241 -2
-186 241 -1
-186 242 -12
-186 242 -9
-186 242 -8
-186 242 -7
-186 242 -6
-186 242 -5
-186 242 -4
-186 242 -3
-186 242 -2
-186 242 -1
-186 243 -10
-186 243 -9
-186 243 -8
-186 243 -7
-186 243 -6
-186 243 -5
-186 243 -4
-186 243 -3
-186 243 -2
-186 243 -1
-186 244 -8
-186 244 -7
-186 244 -6
-186 244 -5
-186 244 -4
-186 244 -3
-186 244 -2
-186 244 -1
-186 245 -9
-186 245 -8
-186 245 -7
-186 245 -6
-186 245 -5
-186 245 -4
-186 245 -3
-186 245 -2
-186 245 -1
-186 246 -7
-186 246 -6
-186 246 -5
-186 247 -5
-185 225 -16
-185 225 -14
-185 225 -6
-185 226 -16
-185 226 -15
-185 226 -14
-185 226 -8
-185 226 -7
-185 226 -6
-185 227 -16
-185 227 -15
-185 227 -14
-185 227 -13
-185 227 -9
-185 227 -8
-185 227 -6
-185 227 -5
-185 227 -4
-185 227 -3
-185 228 -16
-185 228 -15
-185 228 -14
-185 228 -11
-185 228 -10
-185 228 -9
-185 228 -8
-185 228 -7
-185 228 -6
-185 228 -5
-185 228 -4
-185 228 -3
-185 228 -2
-185 229 -16
-185 229 -15
-185 229 -14
-185 229 -11
-185 229 -10
-185 229 -9
-185 229 -8
-185 229 -7
-185 229 -6
-185 229 -5
-185 229 -4
-185 229 -3
-185 229 -2
-185 229 -1
-185 230 -16
-185 230 -15
-185 230 -14
-185 230 -12
-185 230 -11
-185 230 -10
-185 230 -9
-185 230 -8
-185 230 -7
-185 230 -6
-185 230 -5
-185 230 -4
-185 230 -3
-185 230 -2
-185 230 -1
-185 231 -16
-185 231 -11
-185 231 -10
-185 231 -9
-185 231 -8
-185 231 -7
-185 231 -6
-185 231 -5
-185 231 -4
-185 231 -3
-185 231 -2
-185 231 -1
-185 232 -16
-185 232 -15
-185 232 -14
-185 232 -13
-185 232 -12
-185 232 -11
-185 232 -10
-185 232 -9
-185 232 -8
-185 232 -7
-185 232 -6
-185 232 -5
-185 232 -4
-185 232 -3
-185 232 -2
-185 232 -1
-185 233 -15
-185 233 -12
-185 233 -11
-185 233 -10
-185 233 -9
-185 233 -8
-185 233 -7
-185 233 -6
-185 233 -5
-185 233 -4
-185 233 -3
-185 233 -2
-185 233 -1
-185 234 -15
-185 234 -14
-185 234 -13
-185 234 -12
-185 234 -11
-185 234 -10
-185 234 -9
-185 234 -8
-185 234 -7
-185 234 -6
-185 234 -5
-185 234 -4
-185 234 -3
-185 234 -2
-185 234 -1
-185 235 -13
-185 235 -12
-185 235 -11
-185 235 -10
-185 235 -9
-185 235 -8
-185 235 -7
-185 235 -6
-185 235 -5
-185 235 -4
-185 235 -3
-185 235 -2
-185 235 -1
-185 236 -15
-185 236 -14
-185 236 -13
-185 236 -12
-185 236 -11
-185 236 -10
-185 236 -9
-185 236 -8
-185 236 -7
-185 236 -6
-185 236 -5
-185 236 -4
-185 236 -3
-185 236 -2
-185 236 -1
-185 237 -16
-185 237 -15
-185 237 -14
-185 237 -13
-185 237 -12
-185 237 -11
-185 237 -10
-185 237 -9
-185 237 -8
-185 237 -7
-185 237 -6
-185 237 -5
-185 237 -4
-185 237 -3
-185 237 -2
-185 237 -1
-185 238 -16
-185 238 -15
-185 238 -14
-185 238 -13
-185 238 -12
-185 238 -11
-185 238 -10
-185 238 -9
-185 238 -8
-185 238 -7
-185 238 -6
-185 238 -5
-185 238 -4
-185 238 -3
-185 238 -2
-185 238 -1
-185 239 -16
-185 239 -15
-185 239 -14
-185 239 -13
-185 239 -12
-185 239 -11
-185 239 -10
-185 239 -9
-185 239 -8
-185 239 -7
-185 239 -6
-185 239 -5
-185 239 -4
-185 239 -3
-185 239 -2
-185 239 -1
-185 240 -15
-185 240 -14
-185 240 -13
-185 240 -12
-185 240 -10
-185 240 -9
-185 240 -8
-185 240 -7
-185 240 -6
-185 240 -5
-185 240 -4
-185 240 -3
-185 240 -2
-185 240 -1
-185 241 -13
-185 241 -12
-185 241 -11
-185 241 -10
-185 241 -8
-185 241 -7
-185 241 -6
-185 241 -5
-185 241 -4
-185 241 -3
-185 241 -2
-185 241 -1
-185 242 -13
-185 242 -12
-185 242 -11
-185 242 -10
-185 242 -9
-185 242 -8
-185 242 -7
-185 242 -6
-185 242 -5
-185 242 -4
-185 242 -3
-185 242 -2
-185 242 -1
-185 243 -12
-185 243 -10
-185 243 -9
-185 243 -8
-185 243 -7
-185 243 -6
-185 243 -5
-185 243 -4
-185 243 -3
-185 243 -2
-185 243 -1
-185 244 -8
-185 244 -7
-185 244 -6
-185 244 -4
-185 244 -2
-185 244 -1
-185 245 -8
-185 245 -7
-185 245 -6
-185 245 -5
-185 245 -4
-185 245 -3
-185 245 -1
-185 246 -5
-184 225 -16
-184 226 -16
-184 226 -15
-184 226 -14
-184 226 -7
-184 226 -5
-184 227 -16
-184 227 -14
-184 227 -13
-184 227 -12
-184 227 -9
-184 227 -8
-184 227 -7
-184 227 -6
-184 227 -5
-184 227 -4
-184 227 -3
-184 228 -16
-184 228 -15
-184 228 -10
-184 228 -9
-184 228 -8
-184 228 -7
-184 228 -6
-184 228 -5
-184 228 -4
-184 228 -3
-184 228 -2
-184 229 -16
-184 229 -15
-184 229 -14
-184 229 -13
-184 229 -12
-184 229 -11
-184 229 -10
-184 229 -9
-184 229 -8
-184 229 -7
-184 229 -6
-184 229 -5
-184 229 -4
-184 229 -3
-184 229 -2
-184 229 -1
-184 230 -16
-184 230 -13
-184 230 -12
-184 230 -11
-184 230 -10
-184 230 -9
-184 230 -8
-184 230 -7
-184 230 -6
-184 230 -5
-184 230 -4
-184 230 -3
-184 230 -2
-184 230 -1
-184 231 -16
-184 231 -13
-184 231 -12
-184 231 -11
-184 231 -10
-184 231 -9
-184 231 -8
-184 231 -7
-184 231 -6
-184 231 -5
-184 231 -4
-184 231 -3
-184 231 -2
-184 231 -1
-184 232 -16
-184 232 -15
-184 232 -13
-184 232 -12
-184 232 -11
-184 232 -10
-184 232 -9
-184 232 -8
-184 232 -7
-184 232 -6
-184 232 -5
-184 232 -4
-184 232 -3
-184 232 -2
-184 232 -1
-184 233 -16
-184 233 -15
-184 233 -14
-184 233 -13
-184 233 -12
-184 233 -11
-184 233 -10
-184 233 -9
-184 233 -8
-184 233 -7
-184 233 -6
-184 233 -5
-184 233 -4
-184 233 -3
-184 233 -2
-184 233 -1
-184 234 -16
-184 234 -15
-184 234 -14
-184 234 -13
-184 234 -12
-184 234 -11
-184 234 -10
-184 234 -9
-184 234 -8
-184 234 -7
-184 234 -6
-184 234 -5
-184 234 -4
-184 234 -3
-184 234 -2
-184 234 -1
-184 235 -16
-184 235 -15
-184 235 -14
-184 235 -13
-184 235 -12
-184 235 -11
-184 235 -10
-184 235 -9
-184 235 -8
-184 235 -7
-184 235 -6
-184 235 -5
-184 235 -4
-184 235 -3
-184 235 -2
-184 235 -1
-184 236 -14
-184 236 -13
-184 236 -12
-184 236 -11
-184 236 -10
-184 236 -9
-184 236 -8
-184 236 -7
-184 236 -6
-184 236 -5
-184 236 -4
-184 236 -3
-184 236 -2
-184 236 -1
-184 237 -15
-184 237 -13
-184 237 -12
-184 237 -11
-184 237 -10
-184 237 -9
-184 237 -8
-184 237 -7
-184 237 -6
-184 237 -5
-184 237 -4
-184 237 -3
-184 237 -2
-184 237 -1
-184 238 -16
-184 238 -14
-184 238 -13
-184 238 -12
-184 238 -11
-184 238 -10
-184 238 -9
-184 238 -8
-184 238 -7
-184 238 -6
-184 238 -5
-184 238 -4
-184 238 -3
-184 238 -2
-184 238 -1
-184 239 -16
-184 239 -15
-184 239 -14
-184 239 -13
-184 239 -12
-184 239 -11
-184 239 -10
-184 239 -9
-184 239 -8
-184 239 -7
-184 239 -6
-184 239 -5
-184 239 -4
-184 239 -3
-184 239 -2
-184 239 -1
-184 240 -15
-184 240 -13
-184 240 -12
-184 240 -11
-184 240 -10
-184 240 -9
-184 240 -8
-184 240 -7
-184 240 -6
-184 240 -5
-184 240 -4
-184 240 -3
-184 240 -2
-184 240 -1
-184 241 -13
-184 241 -12
-184 241 -11
-184 241 -10
-184 241 -9
-184 241 -8
-184 241 -7
-184 241 -6
-184 241 -5
-184 241 -4
-184 241 -3
-184 241 -2
-184 241 -1
-184 242 -13
-184 242 -12
-184 242 -11
-184 242 -10
-184 242 -9
-184 242 -8
-184 242 -7
-184 242 -6
-184 242 -5
-184 242 -4
-184 242 -3
-184 242 -2
-184 242 -1
-184 243 -11
-184 243 -10
-184 243 -9
-184 243 -8
-184 243 -7
-184 243 -6
-184 243 -5
-184 243 -4
-184 243 -3
-184 243 -2
-184 243 -1
-184 244 -10
-184 244 -9
-184 244 -8
-184 244 -7
-184 244 -6
-184 244 -5
-184 244 -4
-184 244 -3
-184 244 -1
-184 245 -9
-184 245 -8
-184 245 -6
-184 245 -4
-184 245 -3
-184 246 -3
-183 225 -10
-183 226 -10
-183 226 -6
-183 226 -4
-183 226 -3
-183 227 -16
-183 227 -15
-183 227 -14
-183 227 -9
-183 227 -8
-183 227 -7
-183 227 -6
-183 227 -5
-183 227 -4
-183 227 -3
-183 228 -16
-183 228 -14
-183 228 -12
-183 228 -11
-183 228 -10
-183 228 -9
-183 228 -8
-183 228 -7
-183 228 -6
-183 228 -5
-183 228 -4
-183 228 -3
-183 228 -2
-183 228 -1
-183 229 -16
-183 229 -15
-183 229 -14
-183 229 -13
-183 229 -12
-183 229 -11
-183 229 -10
-183 229 -9
-183 229 -8
-183 229 -7
-183 229 -6
-183 229 -5
-183 229 -4
-183 229 -3
-183 229 -2
-183 229 -1
-183 230 -16
-183 230 -15
-183 230 -14
-183 230 -13
-183 230 -12
-183 230 -11
-183 230 -10
-183 230 -9
-183 230 -8
-183 230 -7
-183 230 -6
-183 230 -5
-183 230 -4
-183 230 -3
-183 230 -2
-183 230 -1
-183 231 -15
-183 231 -14
-183 231 -13
-183 231 -12
-183 231 -11
-183 231 -10
-183 231 -9
-183 231 -8
-183 231 -7
-183 231 -6
-183 231 -5
-183 231 -4
-183 231 -3
-183 231 -2
-183 231 -1
-183 232 -16
-183 232 -15
-183 232 -14
-183 232 -13
-183 232 -12
-183 232 -11
-183 232 -10
-183 232 -9
-183 232 -8
-183 232 -7
-183 232 -6
-183 232 -5
-183 232 -4
-183 232 -3
-183 232 -2
-183 232 -1
-183 233 -16
-183 233 -15
-183 233 -14
-183 233 -13
-183 233 -12
-183 233 -11
-183 233 -10
-183 233 -9
-183 233 -8
-183 233 -7
-183 233 -6
-183 233 -5
-183 233 -4
-183 233 -3
-183 233 -2
-183 233 -1
-183 234 -14
-183 234 -13
-183 234 -12
-183 234 -11
-183 234 -10
-183 234 -9
-183 234 -8
-183 234 -7
-183 234 -6
-183 234 -5
-183 234 -4
-183 234 -3
-183 234 -2
-183 234 -1
-183 235 -14
-183 235 -13
-183 235 -12
-183 235 -11
-183 235 -10
-183 235 -9
-183 235 -8
-183 235 -7
-183 235 -6
-183 235 -5
-183 235 -4
-183 235 -3
-183 235 -2
-183 235 -1
-183 236 -15
-183 236 -14
-183 236 -13
-183 236 -12
-183 236 -11
-183 236 -10
-183 236 -9
-183 236 -8
-183 236 -7
-183 236 -6
-183 236 -5
-183 236 -4
-183 236 -3
-183 236 -2
-183 236 -1
-183 237 -16
-183 237 -15
-183 237 -12
-183 237 -11
-183 237 -10
-183 237 -9
-183 237 -8
-183 237 -7
-183 237 -6
-183 237 -5
-183 237 -4
-183 237 -3
-183 237 -2
-183 237 -1
-183 238 -15
-183 238 -13
-183 238 -12
-183 238 -11
-183 238 -10
-183 238 -9
-183 238 -8
-183 238 -7
-183 238 -6
-183 238 -5
-183 238 -4
-183 238 -3
-183 238 -2
-183 238 -1
-183 239 -15
-183 239 -14
-183 239 -13
-183 239 -12
-183 239 -11
-183 239 -10
-183 239 -9
-183 239 -8
-183 239 -7
-183 239 -6
-183 239 -5
-183 239 -4
-183 239 -3
-183 239 -2
-183 239 -1
-183 240 -13
-183 240 -12
-183 240 -11
-183 240 -10
-183 240 -8
-183 240 -7
-183 240 -6
-183 240 -5
-183 240 -4
-183 240 -3
-183 240 -2
-183 240 -1
-183 241 -13
-183 241 -12
-183 241 -11
-183 241 -10
-183 241 -9
-183 241 -8
-183 241 -7
-183 241 -6
-183 241 -5
-183 241 -4
-183 241 -3
-183 241 -2
-183 241 -1
-183 242 -14
-183 242 -13
-183 242 -12
-183 242 -11
-183 242 -10
-183 242 -9
-183 242 -8
-183 242 -7
-183 242 -6
-183 242 -5
-183 242 -4
-183 242 -3
-183 242 -2
-183 242 -1
-183 243 -11
-183 243 -10
-183 243 -9
-183 243 -8
-183 243 -7
-183 243 -6
-183 243 -5
-183 243 -4
-183 243 -3
-183 243 -2
-183 243 -1
-183 244 -9
-183 244 -8
-183 244 -7
-183 244 -6
-183 244 -5
-183 244 -4
-183 244 -1
-183 245 -8
-183 245 -7
-183 245 -6
-183 245 -5
-183 245 -4
-183 246 -8
-183 246 -7
-183 246 -6
-183 246 -5
-183 247 -6
-182 225 -11
-182 225 -10
-182 225 -5
-182 225 -4
-182 226 -16
-182 226 -12
-182 226 -11
-182 226 -10
-182 226 -8
-182 226 -6
-182 226 -5
-182 226 -4
-182 227 -16
-182 227 -13
-182 227 -11
-182 227 -10
-182 227 -9
-182 227 -8
-182 227 -7
-182 227 -6
-182 227 -5
-182 227 -4
-182 227 -3
-182 227 -2
-182 227 -1
-182 228 -16
-182 228 -15
-182 228 -14
-182 228 -13
-182 228 -12
-182 228 -11
-182 228 -10
-182 228 -9
-182 228 -8
-182 228 -7
-182 228 -6
-182 228 -5
-182 228 -4
-182 228 -3
-182 228 -2
-182 228 -1
-182 229 -16
-182 229 -14
-182 229 -13
-182 229 -12
-182 229 -11
-182 229 -10
-182 229 -9
-182 229 -8
-182 229 -7
-182 229 -6
-182 229 -5
-182 229 -4
-182 229 -3
-182 229 -2
-182 229 -1
-182 230 -15
-182 230 -13
-182 230 -12
-182 230 -11
-182 230 -10
-182 230 -9
-182 230 -8
-182 230 -7
-182 230 -6
-182 230 -5
-182 230 -4
-182 230 -3
-182 230 -2
-182 230 -1
-182 231 -15
-182 231 -13
-182 231 -12
-182 231 -11
-182 231 -10
-182 231 -9
-182 231 -8
-182 231 -7
-182 231 -6
-182 231 -5
-182 231 -4
-182 231 -3
-182 231 -2
-182 231 -1
-182 232 -16
-182 232 -15
-182 232 -14
-182 232 -13
-182 232 -12
-182 232 -11
-182 232 -10
-182 232 -9
-182 232 -8
-182 232 -7
-182 232 -6
-182 232 -5
-182 232 -4
-182 232 -3
-182 232 -2
-182 232 -1
-182 233 -15
-182 233 -14
-182 233 -13
-182 233 -12
-182 233 -11
-182 233 -10
-182 233 -9
-182 233 -8
-182 233 -7
-182 233 -6
-182 233 -5
-182 233 -4
-182 233 -3
-182 233 -2
-182 233 -1
-182 234 -15
-182 234 -14
-182 234 -13
-182 234 -12
-182 234 -11
-182 234 -10
-182 234 -9
-182 234 -8
-182 234 -7
-182 234 -6
-182 234 -5
-182 234 -4
-182 234 -3
-182 234 -2
-182 234 -1
-182 235 -13
-182 235 -12
-182 235 -11
-182 235 -10
-182 235 -9
-182 235 -8
-182 235 -7
-182 235 -6
-182 235 -5
-182 235 -4
-182 235 -3
-182 235 -2
-182 235 -1
-182 236 -16
-182 236 -15
-182 236 -14
-182 236 -13
-182 236 -12
-182 236 -11
-182 236 -10
-182 236 -9
-182 236 -8
-182 236 -7
-182 236 -6
-182 236 -5
-182 236 -4
-182 236 -3
-182 236 -2
-182 236 -1
-182 237 -15
-182 237 -14
-182 237 -13
-182 237 -12
-182 237 -11
-182 237 -10
-182 237 -9
-182 237 -8
-182 237 -7
-182 237 -6
-182 237 -5
-182 237 -4
-182 237 -3
-182 237 -2
-182 237 -1
-182 238 -15
-182 238 -14
-182 238 -13
-182 238 -12
-182 238 -11
-182 238 -10
-182 238 -9
-182 238 -8
-182 238 -7
-182 238 -6
-182 238 -5
-182 238 -4
-182 238 -3
-182 238 -2
-182 238 -1
-182 239 -16
-182 239 -15
-182 239 -14
-182 239 -13
-182 239 -12
-182 239 -11
-182 239 -10
-182 239 -9
-182 239 -8
-182 239 -7
-182 239 -6
-182 239 -5
-182 239 -4
-182 239 -3
-182 239 -2
-182 239 -1
-182 240 -15
-182 240 -14
-182 240 -13
-182 240 -12
-182 240 -11
-182 240 -10
-182 240 -9
-182 240 -8
-182 240 -7
-182 240 -6
-182 240 -5
-182 240 -4
-182 240 -3
-182 240 -2
-182 240 -1
-182 241 -14
-182 241 -13
-182 241 -12
-182 241 -11
-182 241 -10
-182 241 -9
-182 241 -8
-182 241 -7
-182 241 -6
-182 241 -5
-182 241 -4
-182 241 -3
-182 241 -2
-182 241 -1
-182 242 -13
-182 242 -12
-182 242 -10
-182 242 -9
-182 242 -8
-182 242 -7
-182 242 -6
-182 242 -5
-182 242 -4
-182 242 -3
-182 242 -2
-182 242 -1
-182 243 -12
-182 243 -10
-182 243 -8
-182 243 -7
-182 243 -6
-182 243 -5
-182 243 -4
-182 243 -3
-182 243 -2
-182 243 -1
-182 244 -9
-182 244 -8
-182 244 -7
-182 244 -6
-182 244 -5
-182 244 -4
-182 244 -3
-182 244 -2
-182 245 -9
-182 245 -8
-182 245 -7
-182 245 -6
-182 245 -5
-182 245 -4
-182 245 -2
-182 246 -7
-182 246 -5
-182 246 -4
-182 247 -6
-182 247 -5
-182 247 -4
-182 248 -5
-181 225 -13
-181 225 -12
-181 225 -11
-181 225 -10
-181 225 -9
-181 225 -7
-181 225 -6
-181 225 -5
-181 226 -16
-181 226 -15
-181 226 -12
-181 226 -11
-181 226 -10
-181 226 -9
-181 226 -8
-181 226 -7
-181 226 -6
-181 226 -5
-181 226 -4
-181 226 -3
-181 227 -16
-181 227 -15
-181 227 -13
-181 227 -12
-181 227 -11
-181 227 -10
-181 227 -9
-181 227 -8
-181 227 -7
-181 227 -6
-181 227 -5
-181 227 -4
-181 227 -3
-181 227 -1
-181 228 -16
-181 228 -15
-181 228 -14
-181 228 -13
-181 228 -12
-181 228 -10
-181 228 -9
-181 228 -8
-181 228 -7
-181 228 -6
-181 228 -5
-181 228 -4
-181 228 -3
-181 228 -2
-181 228 -1
-181 229 -16
-181 229 -15
-181 229 -14
-181 229 -13
-181 229 -12
-181 229 -11
-181 229 -10
-181 229 -9
-181 229 -8
-181 229 -7
-181 229 -6
-181 229 -5
-181 229 -4
-181 229 -3
-181 229 -2
-181 229 -1
-181 230 -15
-181 230 -14
-181 230 -13
-181 230 -11
-181 230 -10
-181 230 -9
-181 230 -8
-181 230 -7
-181 230 -6
-181 230 -5
-181 230 -4
-181 230 -3
-181 230 -2
-181 230 -1
-181 231 -13
-181 231 -12
-181 231 -11
-181 231 -10
-181 231 -9
-181 231 -8
-181 231 -7
-181 231 -6
-181 231 -5
-181 231 -4
-181 231 -3
-181 231 -2
-181 231 -1
-181 232 -15
-181 232 -14
-181 232 -13
-181 232 -12
-181 232 -11
-181 232 -10
-181 232 -9
-181 232 -8
-181 232 -7
-181 232 -6
-181 232 -5
-181 232 -4
-181 232 -3
-181 232 -2
-181 232 -1
-181 233 -14
-181 233 -13
-181 233 -12
-181 233 -11
-181 233 -10
-181 233 -9
-181 233 -8
-181 233 -7
-181 233 -6
-181 233 -5
-181 233 -4
-181 233 -3
-181 233 -2
-181 233 -1
-181 234 -14
-181 234 -13
-181 234 -12
-181 234 -11
-181 234 -10
-181 234 -9
-181 234 -8
-181 234 -7
-181 234 -6
-181 234 -5
-181 234 -4
-181 234 -3
-181 234 -2
-181 234 -1
-181 235 -15
-181 235 -14
-181 235 -13
-181 235 -12
-181 235 -11
-181 235 -10
-181 235 -9
-181 235 -8
-181 235 -7
-181 235 -6
-181 235 -5
-181 235 -4
-181 235 -3
-181 235 -2
-181 235 -1
-181 236 -14
-181 236 -13
-181 236 -12
-181 236 -11
-181 236 -10
-181 236 -9
-181 236 -8
-181 236 -7
-181 236 -6
-181 236 -5
-181 236 -4
-181 236 -3
-181 236 -2
-181 236 -1
-181 237 -16
-181 237 -15
-181 237 -14
-181 237 -13
-181 237 -12
-181 237 -11
-181 237 -10
-181 237 -9
-181 237 -8
-181 237 -7
-181 237 -6
-181 237 -5
-181 237 -4
-181 237 -3
-181 237 -2
-181 237 -1
-181 238 -14
-181 238 -13
-181 238 -12
-181 238 -11
-181 238 -10
-181 238 -9
-181 238 -8
-181 238 -7
-181 238 -6
-181 238 -5
-181 238 -4
-181 238 -3
-181 238 -2
-181 238 -1
-181 239 -15
-181 239 -14
-181 239 -12
-181 239 -11
-181 239 -10
-181 239 -9
-181 239 -8
-181 239 -7
-181 239 -6
-181 239 -5
-181 239 -4
-181 239 -3
-181 239 -2
-181 239 -1
-181 240 -14
-181 240 -13
-181 240 -12
-181 240 -11
-181 240 -10
-181 240 -9
-181 240 -8
-181 240 -7
-181 240 -6
-181 240 -5
-181 240 -4
-181 240 -3
-181 240 -2
-181 240 -1
-181 241 -13
-181 241 -11
-181 241 -10
-181 241 -9
-181 241 -8
-181 241 -7
-181 241 -6
-181 241 -5
-181 241 -4
-181 241 -3
-181 241 -2
-181 241 -1
-181 242 -12
-181 242 -11
-181 242 -10
-181 242 -9
-181 242 -8
-181 242 -7
-181 242 -6
-181 242 -5
-181 242 -4
-181 242 -3
-181 242 -2
-181 242 -1
-181 243 -11
-181 243 -10
-181 243 -8
-181 243 -7
-181 243 -6
-181 243 -5
-181 243 -4
-181 243 -3
-181 243 -2
-181 243 -1
-181 244 -10
-181 244 -9
-181 244 -8
-181 244 -7
-181 244 -6
-181 244 -5
-181 244 -4
-181 244 -3
-181 244 -2
-181 244 -1
-181 245 -7
-181 245 -5
-181 245 -3
-181 246 -5
-181 246 -3
-181 247 -5
-180 225 -16
-180 225 -11
-180 225 -10
-180 225 -9
-180 225 -8
-180 225 -7
-180 226 -16
-180 226 -15
-180 226 -14
-180 226 -13
-180 226 -12
-180 226 -11
-180 226 -10
-180 226 -9
-180 226 -8
-180 226 -7
-180 226 -6
-180 226 -5
-180 226 -4
-180 227 -16
-180 227 -15
-180 227 -14
-180 227 -13
-180 227 -12
-180 227 -11
-180 227 -10
-180 227 -9
-180 227 -8
-180 227 -7
-180 227 -6
-180 227 -5
-180 227 -4
-180 227 -3
-180 227 -2
-180 228 -16
-180 228 -15
-180 228 -14
-180 228 -13
-180 228 -12
-180 228 -11
-180 228 -10
-180 228 -9
-180 228 -8
-180 228 -7
-180 228 -6
-180 228 -5
-180 228 -3
-180 228 -2
-180 228 -1
-180 229 -16
-180 229 -15
-180 229 -14
-180 229 -13
-180 229 -12
-180 229 -11
-180 229 -10
-180 229 -9
-180 229 -8
-180 229 -7
-180 229 -6
-180 229 -5
-180 229 -4
-180 229 -3
-180 229 -2
-180 229 -1
-180 230 -16
-180 230 -15
-180 230 -14
-180 230 -13
-180 230 -12
-180 230 -11
-180 230 -10
-180 230 -9
-180 230 -8
-180 230 -7
-180 230 -6
-180 230 -5
-180 230 -4
-180 230 -3
-180 230 -2
-180 230 -1
-180 231 -13
-180 231 -12
-180 231 -11
-180 231 -10
-180 231 -9
-180 231 -8
-180 231 -7
-180 231 -6
-180 231 -5
-180 231 -4
-180 231 -3
-180 231 -2
-180 231 -1
-180 232 -13
-180 232 -12
-180 232 -11
-180 232 -10
-180 232 -9
-180 232 -8
-180 232 -7
-180 232 -6
-180 232 -5
-180 232 -4
-180 232 -3
-180 232 -2
-180 232 -1
-180 233 -12
-180 233 -11
-180 233 -10
-180 233 -9
-180 233 -8
-180 233 -7
-180 233 -6
-180 233 -5
-180 233 -4
-180 233 -3
-180 233 -2
-180 233 -1
-180 234 -13
-180 234 -11
-180 234 -10
-180 234 -9
-180 234 -8
-180 234 -7
-180 234 -6
-180 234 -5
-180 234 -4
-180 234 -3
-180 234 -2
-180 234 -1
-180 235 -14
-180 235 -13
-180 235 -12
-180 235 -11
-180 235 -10
-180 235 -9
-180 235 -8
-180 235 -7
-180 235 -6
-180 235 -5
-180 235 -4
-180 235 -3
-180 235 -2
-180 235 -1
-180 236 -14
-180 236 -13
-180 236 -12
-180 236 -11
-180 236 -10
-180 236 -9
-180 236 -8
-180 236 -7
-180 236 -6
-180 236 -5
-180 236 -4
-180 236 -3
-180 236 -2
-180 236 -1
-180 237 -15
-180 237 -14
-180 237 -13
-180 237 -12
-180 237 -10
-180 237 -9
-180 237 -8
-180 237 -7
-180 237 -6
-180 237 -5
-180 237 -4
-180 237 -3
-180 237 -2
-180 237 -1
-180 238 -13
-180 238 -12
-180 238 -11
-180 238 -9
-180 238 -8
-180 238 -7
-180 238 -6
-180 238 -5
-180 238 -4
-180 238 -3
-180 238 -2
-180 238 -1
-180 239 -13
-180 239 -12
-180 239 -11
-180 239 -10
-180 239 -9
-180 239 -8
-180 239 -7
-180 239 -6
-180 239 -5
-180 239 -4
-180 239 -3
-180 239 -2
-180 239 -1
-180 240 -13
-180 240 -11
-180 240 -10
-180 240 -9
-180 240 -8
-180 240 -7
-180 240 -6
-180 240 -5
-180 240 -4
-180 240 -3
-180 240 -2
-180 240 -1
-180 241 -11
-180 241 -10
-180 241 -9
-180 241 -8
-180 241 -7
-180 241 -6
-180 241 -5
-180 241 -4
-180 241 -3
-180 241 -2
-180 241 -1
-180 242 -12
-180 242 -11
-180 242 -10
-180 242 -9
-180 242 -8
-180 242 -7
-180 242 -6
-180 242 -5
-180 242 -4
-180 242 -3
-180 242 -2
-180 242 -1
-180 243 -11
-180 243 -10
-180 243 -9
-180 243 -8
-180 243 -5
-180 243 -4
-180 243 -3
-180 243 -2
-180 244 -9
-180 244 -7
-180 244 -6
-180 244 -5
-180 244 -3
-180 244 -1
-180 245 -7
-180 245 -6
-180 245 -5
-180 246 -5
-179 225 -16
-179 225 -11
-179 225 -10
-179 225 -9
-179 225 -8
-179 226 -16
-179 226 -15
-179 226 -14
-179 226 -13
-179 226 -12
-179 226 -11
-179 226 -10
-179 226 -9
-179 226 -8
-179 226 -6
-179 226 -5
-179 226 -4
-179 227 -16
-179 227 -15
-179 227 -14
-179 227 -13
-179 227 -12
-179 227 -11
-179 227 -10
-179 227 -9
-179 227 -8
-179 227 -7
-179 227 -6
-179 227 -5
-179 227 -4
-179 227 -2
-179 228 -16
-179 228 -15
-179 228 -14
-179 228 -13
-179 228 -12
-179 228 -11
-179 228 -10
-179 228 -9
-179 228 -8
-179 228 -7
-179 228 -6
-179 228 -5
-179 228 -4
-179 228 -2
-179 228 -1
-179 229 -16
-179 229 -15
-179 229 -14
-179 229 -13
-179 229 -12
-179 229 -11
-179 229 -10
-179 229 -9
-179 229 -8
-179 229 -7
-179 229 -6
-179 229 -5
-179 229 -4
-179 229 -3
-179 229 -2
-179 229 -1
-179 230 -14
-179 230 -13
-179 230 -12
-179 230 -11
-179 230 -10
-179 230 -9
-179 230 -8
-179 230 -7
-179 230 -6
-179 230 -5
-179 230 -4
-179 230 -3
-179 230 -2
-179 230 -1
-179 231 -14
-179 231 -13
-179 231 -12
-179 231 -11
-179 231 -10
-179 231 -9
-179 231 -8
-179 231 -7
-179 231 -6
-179 231 -5
-179 231 -4
-179 231 -3
-179 231 -2
-179 231 -1
-179 232 -12
-179 232 -11
-179 232 -10
-179 232 -9
-179 232 -8
-179 232 -7
-179 232 -6
-179 232 -5
-179 232 -4
-179 232 -3
-179 232 -2
-179 232 -1
-179 233 -14
-179 233 -13
-179 233 -12
-179 233 -11
-179 233 -10
-179 233 -9
-179 233 -8
-179 233 -7
-179 233 -6
-179 233 -5
-179 233 -4
-179 233 -3
-179 233 -2
-179 233 -1
-179 234 -13
-179 234 -12
-179 234 -11
-179 234 -10
-179 234 -9
-179 234 -8
-179 234 -7
-179 234 -6
-179 234 -5
-179 234 -4
-179 234 -3
-179 234 -2
-179 234 -1
-179 235 -13
-179 235 -12
-179 235 -11
-179 235 -10
-179 235 -9
-179 235 -8
-179 235 -7
-179 235 -6
-179 235 -5
-179 235 -4
-179 235 -3
-179 235 -2
-179 235 -1
-179 236 -13
-179 236 -11
-179 236 -10
-179 236 -9
-179 236 -8
-179 236 -7
-179 236 -6
-179 236 -5
-179 236 -4
-179 236 -3
-179 236 -2
-179 236 -1
-179 237 -14
-179 237 -13
-179 237 -12
-179 237 -11
-179 237 -10
-179 237 -9
-179 237 -8
-179 237 -7
-179 237 -6
-179 237 -5
-179 237 -4
-179 237 -3
-179 237 -2
-179 237 -1
-179 238 -13
-179 238 -12
-179 238 -11
-179 238 -10
-179 238 -9
-179 238 -8
-179 238 -7
-179 238 -6
-179 238 -5
-179 238 -4
-179 238 -3
-179 238 -2
-179 238 -1
-179 239 -13
-179 239 -12
-179 239 -10
-179 239 -9
-179 239 -8
-179 239 -7
-179 239 -6
-179 239 -5
-179 239 -4
-179 239 -3
-179 239 -2
-179 239 -1
-179 240 -12
-179 240 -11
-179 240 -10
-179 240 -9
-179 240 -8
-179 240 -7
-179 240 -6
-179 240 -5
-179 240 -4
-179 240 -3
-179 240 -2
-179 240 -1
-179 241 -11
-179 241 -10
-179 241 -9
-179 241 -8
-179 241 -7
-179 241 -6
-179 241 -3
-179 241 -2
-179 241 -1
-179 242 -10
-179 242 -9
-179 242 -8
-179 242 -7
-179 242 -6
-179 242 -5
-179 242 -4
-179 243 -8
-179 243 -7
-179 243 -5
-179 243 -4
-179 243 -1
-179 244 -8
-179 244 -7
-179 244 -6
-179 244 -5
-179 244 -4
-179 245 -7
-179 245 -6
-178 225 -16
-178 225 -15
-178 225 -14
-178 225 -13
-178 225 -12
-178 225 -11
-178 225 -10
-178 225 -7
-178 226 -16
-178 226 -15
-178 226 -14
-178 226 -13
-178 226 -12
-178 226 -11
-178 226 -10
-178 226 -9
-178 226 -8
-178 226 -7
-178 226 -6
-178 226 -5
-178 227 -16
-178 227 -15
-178 227 -14
-178 227 -13
-178 227 -12
-178 227 -11
-178 227 -10
-178 227 -9
-178 227 -8
-178 227 -7
-178 227 -6
-178 227 -5
-178 228 -16
-178 228 -15
-178 228 -14
-178 228 -13
-178 228 -12
-178 228 -11
-178 228 -10
-178 228 -9
-178 228 -8
-178 228 -7
-178 228 -6
-178 228 -5
-178 228 -4
-178 229 -16
-178 229 -15
-178 229 -14
-178 229 -13
-178 229 -12
-178 229 -11
-178 229 -10
-178 229 -9
-178 229 -8
-178 229 -7
-178 229 -6
-178 229 -5
-178 229 -4
-178 229 -3
-178 230 -16
-178 230 -14
-178 230 -13
-178 230 -12
-178 230 -11
-178 230 -10
-178 230 -9
-178 230 -8
-178 230 -7
-178 230 -6
-178 230 -5
-178 230 -4
-178 230 -3
-178 230 -2
-178 230 -1
-178 231 -16
-178 231 -15
-178 231 -14
-178 231 -13
-178 231 -12
-178 231 -11
-178 231 -10
-178 231 -9
-178 231 -8
-178 231 -7
-178 231 -6
-178 231 -5
-178 231 -4
-178 231 -3
-178 231 -2
-178 231 -1
-178 232 -14
-178 232 -13
-178 232 -12
-178 232 -11
-178 232 -10
-178 232 -9
-178 232 -8
-178 232 -7
-178 232 -6
-178 232 -5
-178 232 -4
-178 232 -3
-178 232 -2
-178 232 -1
-178 233 -12
-178 233 -11
-178 233 -10
-178 233 -9
-178 233 -8
-178 233 -7
-178 233 -6
-178 233 -5
-178 233 -4
-178 233 -3
-178 233 -2
-178 233 -1
-178 234 -12
-178 234 -11
-178 234 -10
-178 234 -9
-178 234 -8
-178 234 -7
-178 234 -6
-178 234 -5
-178 234 -4
-178 234 -3
-178 234 -2
-178 234 -1
-178 235 -13
-178 235 -12
-178 235 -11
-178 235 -10
-178 235 -9
-178 235 -8
-178 235 -7
-178 235 -6
-178 235 -5
-178 235 -4
-178 235 -3
-178 235 -2
-178 235 -1
-178 236 -12
-178 236 -11
-178 236 -10
-178 236 -9
-178 236 -8
-178 236 -7
-178 236 -6
-178 236 -5
-178 236 -4
-178 236 -3
-178 236 -2
-178 236 -1
-178 237 -14
-178 237 -13
-178 237 -12
-178 237 -11
-178 237 -10
-178 237 -9
-178 237 -8
-178 237 -7
-178 237 -6
-178 237 -5
-178 237 -4
-178 237 -3
-178 237 -2
-178 237 -1
-178 238 -13
-178 238 -11
-178 238 -10
-178 238 -9
-178 238 -8
-178 238 -7
-178 238 -6
-178 238 -5
-178 238 -4
-178 238 -3
-178 238 -2
-178 238 -1
-178 239 -11
-178 239 -10
-178 239 -9
-178 239 -8
-178 239 -7
-178 239 -6
-178 239 -5
-178 239 -4
-178 239 -3
-178 239 -2
-178 239 -1
-178 240 -11
-178 240 -10
-178 240 -9
-178 240 -8
-178 240 -7
-178 240 -6
-178 240 -5
-178 240 -4
-178 240 -3
-178 240 -2
-178 240 -1
-178 241 -9
-178 241 -8
-178 241 -7
-178 241 -5
-178 241 -4
-178 241 -3
-178 241 -2
-178 241 -1
-178 242 -10
-178 242 -8
-178 242 -7
-178 242 -6
-178 242 -5
-178 242 -4
-178 242 -2
-178 242 -1
-178 243 -7
-178 243 -6
-178 243 -2
-178 243 -1
-178 244 -6
-177 225 -14
-177 225 -13
-177 225 -12
-177 225 -11
-177 225 -10
-177 225 -9
-177 225 -8
-177 226 -16
-177 226 -15
-177 226 -14
-177 226 -13
-177 226 -12
-177 226 -11
-177 226 -10
-177 226 -9
-177 226 -8
-177 227 -16
-177 227 -15
-177 227 -14
-177 227 -13
-177 227 -12
-177 227 -11
-177 227 -10
-177 227 -9
-177 227 -8
-177 227 -7
-177 227 -6
-177 227 -5
-177 228 -16
-177 228 -15
-177 228 -14
-177 228 -13
-177 228 -12
-177 228 -11
-177 228 -10
-177 228 -9
-177 228 -8
-177 228 -7
-177 228 -6
-177 228 -5
-177 228 -4
-177 228 -2
-177 229 -16
-177 229 -15
-177 229 -14
-177 229 -13
-177 229 -12
-177 229 -11
-177 229 -10
-177 229 -9
-177 229 -8
-177 229 -7
-177 229 -6
-177 229 -5
-177 229 -4
-177 229 -3
-177 230 -16
-177 230 -14
-177 230 -13
-177 230 -12
-177 230 -11
-177 230 -10
-177 230 -9
-177 230 -8
-177 230 -7
-177 230 -6
-177 230 -5
-177 230 -4
-177 230 -3
-177 230 -2
-177 231 -15
-177 231 -14
-177 231 -13
-177 231 -12
-177 231 -11
-177 231 -10
-177 231 -9
-177 231 -8
-177 231 -7
-177 231 -6
-177 231 -5
-177 231 -4
-177 231 -3
-177 231 -2
-177 231 -1
-177 232 -16
-177 232 -15
-177 232 -14
-177 232 -13
-177 232 -12
-177 232 -11
-177 232 -10
-177 232 -9
-177 232 -8
-177 232 -7
-177 232 -6
-177 232 -5
-177 232 -4
-177 232 -3
-177 232 -2
-177 233 -14
-177 233 -13
-177 233 -12
-177 233 -11
-177 233 -10
-177 233 -9
-177 233 -8
-177 233 -7
-177 233 -6
-177 233 -5
-177 233 -4
-177 233 -3
-177 233 -2
-177 233 -1
-177 234 -12
-177 234 -11
-177 234 -10
-177 234 -9
-177 234 -8
-177 234 -7
-177 234 -6
-177 234 -5
-177 234 -4
-177 234 -3
-177 234 -2
-177 234 -1
-177 235 -12
-177 235 -11
-177 235 -10
-177 235 -9
-177 235 -8
-177 235 -7
-177 235 -6
-177 235 -5
-177 235 -4
-177 235 -3
-177 235 -2
-177 235 -1
-177 236 -12
-177 236 -11
-177 236 -10
-177 236 -9
-177 236 -8
-177 236 -7
-177 236 -6
-177 236 -5
-177 236 -4
-177 236 -3
-177 236 -2
-177 236 -1
-177 237 -13
-177 237 -12
-177 237 -11
-177 237 -10
-177 237 -9
-177 237 -8
-177 237 -7
-177 237 -6
-177 237 -5
-177 237 -4
-177 237 -3
-177 237 -2
-177 237 -1
-177 238 -12
-177 238 -10
-177 238 -9
-177 238 -7
-177 238 -6
-177 238 -5
-177 238 -4
-177 238 -3
-177 238 -2
-177 238 -1
-177 239 -11
-177 239 -10
-177 239 -9
-177 239 -8
-177 239 -7
-177 239 -6
-177 239 -5
-177 239 -4
-177 239 -3
-177 239 -2
-177 239 -1
-177 240 -9
-177 240 -8
-177 240 -7
-177 240 -6
-177 240 -5
-177 240 -4
-177 240 -3
-177 240 -2
-177 240 -1
-177 241 -8
-177 241 -7
-177 241 -5
-177 241 -4
-177 241 -3
-177 241 -2
-177 241 -1
-177 242 -8
-177 242 -7
-177 242 -5
-177 242 -2
-177 242 -1
-177 243 -8
-177 243 -7
-177 243 -1
-177 244 -7
-177 244 -1

