alfheim:altWood1
12
-144 237 121
-144 238 120
-144 238 121
-144 238 122
-144 239 120
-144 239 121
-144 240 121
-143 237 121
-143 238 120
-143 238 121
-143 238 122
-143 239 120
-143 239 121
-143 239 122
-143 240 121
-142 236 120
-142 237 120
-142 237 121
-142 237 122
-142 238 119
-142 238 120
-142 238 121
-142 238 122
-142 238 123
-142 239 120
-142 239 121
-141 236 120
-141 236 121
-141 236 122
-141 237 119
-141 237 120
-141 237 121
-141 237 122
-141 238 119
-141 238 120
-141 238 121
-141 238 122
-141 239 120
-140 236 120
-140 236 121
-140 237 119
-140 237 120
-140 237 121
-140 238 112
-140 238 113
-140 238 119
-140 238 120
-140 238 121
-139 236 120
-139 236 121
-139 236 122
-139 237 112
-139 237 113
-139 237 114
-139 237 119
-139 237 120
-139 237 121
-139 238 112
-139 238 113
-139 238 114
-139 238 119
-139 238 121
-139 239 112
-139 239 113
-139 239 114
-139 240 112
-139 240 113
-138 236 120
-138 236 121
-138 236 122
-138 237 112
-138 237 113
-138 237 114
-138 237 119
-138 237 120
-138 238 112
-138 238 113
-138 238 114
-138 238 115
-138 239 112
-138 239 113
-138 239 115
-138 240 112
-138 240 113
-137 235 120
-137 235 121
-137 236 119
-137 237 112
-137 237 113
-137 237 114
-137 237 115
-137 237 117
-137 237 118
-137 237 119
-137 238 112
-137 238 113
-137 238 114
-137 238 115
-137 238 116
-137 239 112
-137 239 113
-137 239 114
-137 240 112
-137 240 115
-136 235 118
-136 235 119
-136 235 120
-136 236 115
-136 236 116
-136 236 117
-136 236 118
-136 236 121
-136 237 113
-136 237 114
-136 237 115
-136 237 116
-136 237 117
-136 238 112
-136 238 113
-136 238 114
-136 238 116
-136 238 120
-136 239 112
-136 239 116
-136 240 112
-135 232 121
-135 233 120
-135 234 119
-135 234 120
-135 234 121
-135 235 116
-135 235 117
-135 235 118
-135 235 119
-135 236 115
-135 236 116
-135 237 121
-135 238 113
-135 238 114
-135 238 120
-135 239 114
-134 231 120
-134 232 119
-134 232 120
-134 232 121
-134 233 118
-134 233 119
-134 234 118
-134 235 116
-134 235 117
-134 236 116
-133 229 121
-133 230 120
-133 230 121
-133 231 119
-133 231 120
-133 231 121
-133 231 122
-133 232 118
-133 233 118
-133 233 120
-133 234 117
-132 228 120
-132 228 121
-132 228 122
-132 229 119
-132 229 120
-132 229 121
-132 230 119
-132 230 120
-132 230 121
-132 230 122
-132 231 118
-132 231 119
-132 231 120
-132 231 121
-132 232 118
-132 232 119
-132 232 120
-132 233 118
-132 233 119
-132 234 118
-132 236 117
-131 226 122
-131 226 123
-131 227 120
-131 227 121
-131 227 122
-131 227 123
-131 228 119
-131 228 120
-131 228 121
-131 228 122
-131 228 123
-131 229 119
-131 229 120
-131 229 121
-131 229 122
-131 229 123
-131 230 118
-131 230 119
-131 230 120
-131 230 121
-131 230 122
-131 231 118
-131 231 119
-131 231 120
-131 231 121
-131 231 122
-131 232 118
-131 232 119
-131 232 120
-131 232 121
-131 233 119
-130 226 121
-130 226 122
-130 226 123
-130 226 124
-130 227 120
-130 227 121
-130 227 122
-130 227 123
-130 228 119
-130 228 120
-130 228 121
-130 228 122
-130 228 123
-130 229 119
-130 229 120
-130 229 121
-130 229 122
-130 229 123
-130 230 119
-130 230 120
-130 230 122
-130 230 123
-130 231 118
-130 231 119
-130 231 120
-130 232 119
-129 225 123
-129 225 124
-129 226 121
-129 226 122
-129 226 123
-129 226 124
-129 227 120
-129 227 121
-129 227 122
-129 227 123
-129 228 119
-129 228 120
-129 228 121
-129 228 122
-129 228 123
-129 229 119
-129 229 120
-129 229 121
-129 229 122
-129 230 119
-129 230 120
-129 230 121
-129 230 122
-129 231 119
-129 231 120
-129 231 121
alfheim:altLeaves
6
-144 226 127
-144 227 126
-144 227 127
-144 228 127
-144 229 127
-144 230 127
-144 231 126
-144 231 127
-144 232 126
-144 232 127
-144 233 127
-144 234 126
-144 234 127
-144 235 126
-144 235 127
-144 236 125
-144 236 126
-144 236 127
-144 237 112
-144 237 113
-144 237 114
-144 237 124
-144 237 125
-144 237 127
-144 238 114
-144 238 115
-144 238 116
-144 238 123
-144 238 124
-144 238 125
-144 238 126
-144 238 127
-144 239 112
-144 239 113
-144 239 114
-144 239 115
-144 239 116
-144 239 122
-144 239 123
-144 239 124
-144 239 126
-144 239 127
-144 240 112
-144 240 113
-144 240 114
-144 240 115
-144 240 122
-144 240 123
-144 240 124
-144 240 125
-144 240 126
-144 240 127
-144 241 112
-144 241 113
-144 241 114
-144 241 115
-144 241 116
-144 241 117
-144 241 119
-144 241 122
-144 241 123
-144 241 124
-144 241 125
-144 241 126
-144 241 127
-144 242 112
-144 242 113
-144 242 114
-144 242 115
-144 242 116
-144 242 117
-144 242 119
-144 242 120
-144 242 121
-144 242 122
-144 242 123
-144 242 124
-144 242 125
-144 242 126
-144 242 127
-144 243 112
-144 243 113
-144 243 114
-144 243 115
-144 243 116
-144 243 117
-144 243 119
-144 243 120
-144 243 121
-144 243 122
-144 243 123
-144 243 124
-144 243 125
-144 243 126
-144 243 127
-144 244 112
-144 244 113
-144 244 114
-144 244 115
-144 244 116
-144 244 117
-144 244 118
-144 244 119
-144 244 120
-144 244 121
-144 244 122
-144 244 123
-144 244 124
-144 244 125
-144 244 126
-144 244 127
-144 245 112
-144 245 113
-144 245 114
-144 245 115
-144 245 116
-144 245 117
-144 245 118
-144 245 119
-144 245 120
-144 245 121
-144 245 122
-144 245 123
-144 245 124
-144 245 125
-144 245 126
-144 245 127
-144 246 112
-144 246 113
-144 246 114
-144 246 115
-144 246 116
-144 246 117
-144 246 118
-144 246 119
-144 246 120
-144 246 121
-144 246 122
-144 246 123
-144 246 124
-144 246 125
-144 246 126
-144 246 127
-144 247 112
-144 247 113
-144 247 114
-144 247 115
-144 247 116
-144 247 117
-144 247 118
-144 247 119
-144 247 120
-144 247 121
-144 247 122
-144 247 123
-144 247 124
-144 247 125
-144 247 126
-144 247 127
-144 248 113
-144 248 114
-144 248 115
-144 248 116
-144 248 117
-144 248 118
-144 248 119
-144 248 120
-144 248 121
-144 248 122
-144 248 123
-144 248 124
-144 248 125
-144 248 127
-144 249 113
-144 249 114
-144 249 115
-144 249 116
-144 249 117
-144 249 118
-144 249 119
-144 249 120
-144 249 121
-144 249 122
-144 249 123
-144 249 125
-144 249 126
-144 249 127
-144 250 114
-144 250 115
-144 250 116
-144 250 117
-144 250 118
-144 250 120
-144 250 121
-144 250 122
-144 250 123
-144 250 124
-144 251 113
-144 251 114
-144 251 115
-144 251 116
-144 251 119
-144 251 120
-144 251 121
-144 251 122
-144 252 115
-144 252 117
-144 252 118
-144 252 119
-144 252 120
-144 252 121
-144 253 118
-144 253 119
-144 253 120
-144 253 121
-144 254 120
-143 225 127
-143 226 127
-143 231 127
-143 232 127
-143 233 127
-143 234 126
-143 234 127
-143 235 126
-143 235 127
-143 236 126
-143 236 127
-143 237 112
-143 237 113
-143 237 124
-143 237 125
-143 237 126
-143 237 127
-143 238 112
-143 238 114
-143 238 115
-143 238 123
-143 238 124
-143 238 125
-143 238 126
-143 238 127
-143 239 112
-143 239 113
-143 239 114
-143 239 123
-143 239 124
-143 239 125
-143 239 126
-143 239 127
-143 240 112
-143 240 113
-143 240 114
-143 240 115
-143 240 123
-143 240 124
-143 240 125
-143 240 126
-143 240 127
-143 241 112
-143 241 113
-143 241 114
-143 241 116
-143 241 121
-143 241 122
-143 241 123
-143 241 124
-143 241 125
-143 241 126
-143 241 127
-143 242 112
-143 242 113
-143 242 114
-143 242 115
-143 242 116
-143 242 117
-143 242 119
-143 242 120
-143 242 121
-143 242 122
-143 242 123
-143 242 124
-143 242 125
-143 242 126
-143 242 127
-143 243 112
-143 243 113
-143 243 114
-143 243 115
-143 243 116
-143 243 117
-143 243 119
-143 243 120
-143 243 121
-143 243 122
-143 243 123
-143 243 124
-143 243 125
-143 243 126
-143 243 127
-143 244 112
-143 244 113
-143 244 114
-143 244 115
-143 244 116
-143 244 117
-143 244 118
-143 244 119
-143 244 120
-143 244 121
-143 244 122
-143 244 123
-143 244 124
-143 244 125
-143 244 126
-143 244 127
-143 245 112
-143 245 113
-143 245 114
-143 245 115
-143 245 116
-143 245 117
-143 245 118
-143 245 119
-143 245 120
-143 245 121
-143 245 122
-143 245 123
-143 245 124
-143 245 125
-143 245 126
-143 245 127
-143 246 112
-143 246 113
-143 246 114
-143 246 115
-143 246 116
-143 246 117
-143 246 118
-143 246 119
-143 246 120
-143 246 121
-143 246 122
-143 246 123
-143 246 124
-143 246 125
-143 246 126
-143 246 127
-143 247 112
-143 247 113
-143 247 114
-143 247 115
-143 247 116
-143 247 117
-143 247 118
-143 247 119
-143 247 120
-143 247 121
-143 247 122
-143 247 123
-143 247 124
-143 247 126
-143 247 127
-143 248 112
-143 248 113
-143 248 114
-143 248 115
-143 248 116
-143 248 117
-143 248 118
-143 248 119
-143 248 120
-143 248 121
-143 248 122
-143 248 124
-143 248 125
-143 248 127
-143 249 112
-143 249 113
-143 249 114
-143 249 115
-143 249 116
-143 249 117
-143 249 118
-143 249 119
-143 249 120
-143 249 121
-143 249 122
-143 249 123
-143 249 124
-143 250 113
-143 250 114
-143 250 115
-143 250 116
-143 250 117
-143 250 118
-143 250 119
-143 250 120
-143 250 121
-143 250 123
-143 251 113
-143 251 115
-143 251 116
-143 251 117
-143 251 118
-143 251 119
-143 251 120
-143 252 115
-143 252 116
-143 252 117
-143 252 118
-143 252 119
-143 253 117
-143 253 118
-143 253 119
-143 253 120
-143 254 117
-143 254 118
-143 254 119
-143 254 120
-142 233 127
-142 234 125
-142 234 126
-142 234 127
-142 235 124
-142 235 125
-142 235 126
-142 235 127
-142 236 124
-142 236 125
-142 236 126
-142 236 127
-142 237 124
-142 237 125
-142 237 126
-142 237 127
-142 238 114
-142 238 124
-142 238 125
-142 238 126
-142 238 127
-142 239 112
-142 239 113
-142 239 114
-142 239 115
-142 239 122
-142 239 124
-142 239 125
-142 239 126
-142 239 127
-142 240 112
-142 240 113
-142 240 121
-142 240 123
-142 240 124
-142 240 125
-142 240 126
-142 240 127
-142 241 112
-142 241 113
-142 241 114
-142 241 115
-142 241 116
-142 241 117
-142 241 118
-142 241 119
-142 241 121
-142 241 123
-142 241 124
-142 241 125
-142 241 126
-142 241 127
-142 242 112
-142 242 113
-142 242 114
-142 242 116
-142 242 117
-142 242 119
-142 242 120
-142 242 121
-142 242 122
-142 242 123
-142 242 124
-142 242 125
-142 242 126
-142 242 127
-142 243 112
-142 243 113
-142 243 114
-142 243 115
-142 243 116
-142 243 117
-142 243 118
-142 243 119
-142 243 120
-142 243 122
-142 243 123
-142 243 124
-142 243 125
-142 243 126
-142 243 127
-142 244 112
-142 244 113
-142 244 114
-142 244 115
-142 244 116
-142 244 117
-142 244 118
-142 244 119
-142 244 120
-142 244 121
-142 244 122
-142 244 123
-142 244 124
-142 244 125
-142 244 126
-142 244 127
-142 245 112
-142 245 113
-142 245 114
-142 245 115
-142 245 116
-142 245 117
-142 245 118
-142 245 119
-142 245 120
-142 245 121
-142 245 122
-142 245 123
-142 245 124
-142 245 125
-142 245 126
-142 245 127
-142 246 112
-142 246 113
-142 246 114
-142 246 115
-142 246 116
-142 246 117
-142 246 118
-142 246 119
-142 246 120
-142 246 121
-142 246 122
-142 246 123
-142 246 124
-142 246 125
-142 246 126
-142 246 127
-142 247 112
-142 247 113
-142 247 114
-142 247 115
-142 247 116
-142 247 117
-142 247 118
-142 247 119
-142 247 120
-142 247 121
-142 247 122
-142 247 124
-142 247 125
-142 247 126
-142 247 127
-142 248 112
-142 248 113
-142 248 114
-142 248 115
-142 248 116
-142 248 117
-142 248 118
-142 248 119
-142 248 120
-142 248 121
-142 248 122
-142 248 124
-142 248 125
-142 248 126
-142 248 127
-142 249 112
-142 249 113
-142 249 115
-142 249 116
-142 249 117
-142 249 118
-142 249 119
-142 249 120
-142 249 121
-142 249 122
-142 250 112
-142 250 113
-142 250 115
-142 250 116
-142 250 117
-142 250 118
-142 250 119
-142 250 120
-142 250 121
-142 251 113
-142 251 114
-142 251 116
-142 251 117
-142 251 118
-142 251 119
-142 251 120
-142 251 121
-142 252 116
-142 252 117
-142 252 118
-142 252 119
-142 252 120
-142 253 118
-142 253 119
-142 253 120
-141 230 127
-141 231 126
-141 232 124
-141 232 125
-141 232 126
-141 232 127
-141 233 126
-141 233 127
-141 234 123
-141 234 124
-141 234 125
-141 234 127
-141 235 123
-141 235 124
-141 235 125
-141 235 126
-141 235 127
-141 236 124
-141 236 125
-141 236 126
-141 236 127
-141 237 123
-141 237 124
-141 237 125
-141 237 126
-141 237 127
-141 238 112
-141 238 123
-141 238 124
-141 238 125
-141 238 126
-141 238 127
-141 239 112
-141 239 114
-141 239 121
-141 239 122
-141 239 123
-141 239 124
-141 239 125
-141 239 126
-141 239 127
-141 240 112
-141 240 113
-141 240 114
-141 240 118
-141 240 119
-141 240 120
-141 240 121
-141 240 122
-141 240 123
-141 240 124
-141 240 125
-141 240 126
-141 240 127
-141 241 112
-141 241 113
-141 241 119
-141 241 120
-141 241 121
-141 241 122
-141 241 123
-141 241 124
-141 241 125
-141 241 126
-141 241 127
-141 242 112
-141 242 113
-141 242 114
-141 242 115
-141 242 116
-141 242 119
-141 242 121
-141 242 122
-141 242 123
-141 242 124
-141 242 125
-141 242 126
-141 242 127
-141 243 112
-141 243 113
-141 243 114
-141 243 115
-141 243 117
-141 243 118
-141 243 119
-141 243 120
-141 243 121
-141 243 122
-141 243 123
-141 243 124
-141 243 125
-141 243 126
-141 243 127
-141 244 112
-141 244 113
-141 244 114
-141 244 115
-141 244 116
-141 244 117
-141 244 118
-141 244 119
-141 244 120
-141 244 121
-141 244 122
-141 244 123
-141 244 124
-141 244 125
-141 244 126
-141 244 127
-141 245 112
-141 245 113
-141 245 114
-141 245 115
-141 245 116
-141 245 117
-141 245 118
-141 245 119
-141 245 120
-141 245 121
-141 245 122
-141 245 123
-141 245 124
-141 245 125
-141 245 126
-141 245 127
-141 246 112
-141 246 113
-141 246 114
-141 246 115
-141 246 116
-141 246 117
-141 246 118
-141 246 119
-141 246 120
-141 246 121
-141 246 122
-141 246 123
-141 246 124
-141 246 125
-141 246 126
-141 247 112
-141 247 113
-141 247 114
-141 247 115
-141 247 116
-141 247 117
-141 247 118
-141 247 119
-141 247 120
-141 247 121
-141 247 122
-141 247 123
-141 247 124
-141 247 125
-141 248 112
-141 248 113
-141 248 114
-141 248 115
-141 248 116
-141 248 117
-141 248 118
-141 248 119
-141 248 120
-141 248 121
-141 248 122
-141 248 123
-141 248 124
-141 248 125
-141 249 112
-141 249 113
-141 249 114
-141 249 115
-141 249 116
-141 249 117
-141 249 118
-141 249 119
-141 249 120
-141 249 122
-141 249 125
-141 250 112
-141 250 113
-141 250 114
-141 250 115
-141 250 116
-141 250 117
-141 250 118
-141 250 119
-141 250 120
-141 251 112
-141 251 114
-141 251 116
-141 251 117
-141 251 118
-141 251 119
-141 251 120
-141 251 121
-141 252 116
-141 252 118
-141 252 119
-141 253 119
-140 230 125
-140 230 126
-140 230 127
-140 231 126
-140 231 127
-140 232 124
-140 232 125
-140 232 126
-140 232 127
-140 233 124
-140 233 125
-140 233 126
-140 233 127
-140 234 124
-140 234 125
-140 234 126
-140 234 127
-140 235 124
-140 235 125
-140 235 126
-140 235 127
-140 236 122
-140 236 123
-140 236 124
-140 236 125
-140 236 126
-140 236 127
-140 237 122
-140 237 123
-140 237 124
-140 237 125
-140 237 126
-140 237 127
-140 238 122
-140 238 123
-140 238 124
-140 238 125
-140 238 126
-140 238 127
-140 239 112
-140 239 119
-140 239 120
-140 239 121
-140 239 122
-140 239 123
-140 239 124
-140 239 125
-140 239 126
-140 239 127
-140 240 113
-140 240 118
-140 240 119
-140 240 120
-140 240 121
-140 240 122
-140 240 123
-140 240 124
-140 240 125
-140 240 126
-140 240 127
-140 241 112
-140 241 113
-140 241 114
-140 241 119
-140 241 120
-140 241 121
-140 241 122
-140 241 123
-140 241 124
-140 241 125
-140 241 126
-140 241 127
-140 242 112
-140 242 113
-140 242 114
-140 242 115
-140 242 116
-140 242 117
-140 242 118
-140 242 119
-140 242 120
-140 242 121
-140 242 122
-140 242 123
-140 242 124
-140 242 125
-140 242 126
-140 242 127
-140 243 112
-140 243 113
-140 243 114
-140 243 115
-140 243 116
-140 243 117
-140 243 118
-140 243 119
-140 243 120
-140 243 121
-140 243 122
-140 243 123
-140 243 124
-140 243 125
-140 243 126
-140 243 127
-140 244 112
-140 244 113
-140 244 114
-140 244 115
-140 244 116
-140 244 117
-140 244 118
-140 244 119
-140 244 120
-140 244 121
-140 244 122
-140 244 123
-140 244 124
-140 244 125
-140 244 126
-140 244 127
-140 245 112
-140 245 113
-140 245 114
-140 245 115
-140 245 116
-140 245 117
-140 245 118
-140 245 119
-140 245 121
-140 245 122
-140 245 123
-140 245 124
-140 245 125
-140 245 126
-140 245 127
-140 246 112
-140 246 113
-140 246 114
-140 246 115
-140 246 116
-140 246 117
-140 246 118
-140 246 119
-140 246 120
-140 246 121
-140 246 122
-140 246 123
-140 246 124
-140 246 125
-140 247 112
-140 247 113
-140 247 114
-140 247 115
-140 247 116
-140 247 117
-140 247 118
-140 247 119
-140 247 121
-140 247 122
-140 247 123
-140 247 124
-140 247 125
-140 248 112
-140 248 113
-140 248 114
-140 248 115
-140 248 116
-140 248 117
-140 248 118
-140 248 119
-140 248 120
-140 248 121
-140 248 122
-140 248 123
-140 248 125
-140 249 112
-140 249 113
-140 249 114
-140 249 115
-140 249 116
-140 249 117
-140 249 118
-140 249 119
-140 249 121
-140 249 122
-140 249 123
-140 250 112
-140 250 113
-140 250 114
-140 250 115
-140 250 116
-140 250 117
-140 250 118
-140 250 119
-140 250 120
-140 251 112
-140 251 113
-140 251 114
-140 251 115
-140 251 116
-140 251 117
-140 251 118
-140 252 112
-140 252 113
-140 252 114
-140 252 115
-140 252 116
-140 253 114
-139 228 126
-139 229 125
-139 229 126
-139 229 127
-139 230 125
-139 230 126
-139 230 127
-139 231 124
-139 231 125
-139 231 126
-139 231 127
-139 232 124
-139 232 125
-139 232 126
-139 232 127
-139 233 123
-139 233 125
-139 233 126
-139 233 127
-139 234 122
-139 234 123
-139 234 124
-139 234 125
-139 234 126
-139 234 127
-139 235 123
-139 235 124
-139 235 125
-139 235 126
-139 235 127
-139 236 123
-139 236 124
-139 236 125
-139 236 126
-139 236 127
-139 237 122
-139 237 123
-139 237 124
-139 237 125
-139 237 126
-139 237 127
-139 238 120
-139 238 122
-139 238 123
-139 238 124
-139 238 125
-139 238 126
-139 238 127
-139 239 119
-139 239 120
-139 239 121
-139 239 122
-139 239 123
-139 239 124
-139 239 125
-139 239 126
-139 239 127
-139 240 117
-139 240 118
-139 240 119
-139 240 120
-139 240 121
-139 240 122
-139 240 123
-139 240 124
-139 240 125
-139 240 126
-139 240 127
-139 241 112
-139 241 113
-139 241 114
-139 241 118
-139 241 119
-139 241 120
-139 241 121
-139 241 122
-139 241 123
-139 241 124
-139 241 125
-139 241 126
-139 241 127
-139 242 112
-139 242 113
-139 242 114
-139 242 115
-139 242 116
-139 242 117
-139 242 118
-139 242 119
-139 242 120
-139 242 121
-139 242 122
-139 242 123
-139 242 124
-139 242 125
-139 242 126
-139 242 127
-139 243 112
-139 243 113
-139 243 114
-139 243 115
-139 243 116
-139 243 117
-139 243 118
-139 243 119
-139 243 120
-139 243 121
-139 243 122
-139 243 123
-139 243 124
-139 243 125
-139 243 126
-139 243 127
-139 244 112
-139 244 113
-139 244 114
-139 244 115
-139 244 116
-139 244 117
-139 244 118
-139 244 119
-139 244 120
-139 244 121
-139 244 122
-139 244 123
-139 244 124
-139 244 125
-139 244 126
-139 244 127
-139 245 112
-139 245 113
-139 245 114
-139 245 115
-139 245 116
-139 245 117
-139 245 118
-139 245 119
-139 245 120
-139 245 121
-139 245 122
-139 245 123
-139 245 124
-139 245 125
-139 245 126
-139 245 127
-139 246 112
-139 246 113
-139 246 114
-139 246 115
-139 246 116
-139 246 117
-139 246 118
-139 246 119
-139 246 120
-139 246 121
-139 246 122
-139 246 123
-139 246 124
-139 246 125
-139 246 126
-139 246 127
-139 247 112
-139 247 113
-139 247 114
-139 247 115
-139 247 116
-139 247 117
-139 247 118
-139 247 119
-139 247 121
-139 247 122
-139 247 124
-139 247 125
-139 248 112
-139 248 113
-139 248 114
-139 248 115
-139 248 116
-139 248 117
-139 248 118
-139 248 119
-139 248 120
-139 248 121
-139 248 122
-139 248 123
-139 248 124
-139 248 125
-139 249 112
-139 249 113
-139 249 114
-139 249 115
-139 249 116
-139 249 117
-139 249 118
-139 249 119
-139 249 120
-139 249 122
-139 249 123
-139 250 112
-139 250 113
-139 250 114
-139 250 115
-139 250 116
-139 250 117
-139 250 118
-139 250 119
-139 250 120
-139 250 123
-139 251 112
-139 251 113
-139 251 114
-139 251 115
-139 251 116
-139 251 117
-139 252 114
-139 252 115
-139 252 116
-139 252 117
-138 229 126
-138 230 124
-138 230 125
-138 230 126
-138 230 127
-138 231 123
-138 231 124
-138 231 125
-138 231 126
-138 231 127
-138 232 122
-138 232 123
-138 232 124
-138 232 125
-138 232 126
-138 232 127
-138 233 122
-138 233 123
-138 233 124
-138 233 125
-138 233 126
-138 233 127
-138 234 121
-138 234 122
-138 234 123
-138 234 124
-138 234 125
-138 234 126
-138 234 127
-138 235 123
-138 235 124
-138 235 125
-138 235 126
-138 235 127
-138 236 124
-138 236 125
-138 236 126
-138 236 127
-138 237 121
-138 237 122
-138 237 123
-138 237 124
-138 237 125
-138 237 126
-138 237 127
-138 238 119
-138 238 120
-138 238 121
-138 238 122
-138 238 123
-138 238 124
-138 238 125
-138 238 126
-138 238 127
-138 239 114
-138 239 118
-138 239 119
-138 239 120
-138 239 121
-138 239 122
-138 239 123
-138 239 124
-138 239 125
-138 239 126
-138 239 127
-138 240 114
-138 240 118
-138 240 119
-138 240 120
-138 240 121
-138 240 122
-138 240 123
-138 240 124
-138 240 125
-138 240 126
-138 240 127
-138 241 112
-138 241 113
-138 241 114
-138 241 116
-138 241 118
-138 241 119
-138 241 120
-138 241 121
-138 241 122
-138 241 123
-138 241 124
-138 241 125
-138 241 126
-138 241 127
-138 242 112
-138 242 113
-138 242 114
-138 242 115
-138 242 116
-138 242 117
-138 242 118
-138 242 119
-138 242 120
-138 242 121
-138 242 122
-138 242 123
-138 242 124
-138 242 125
-138 242 126
-138 242 127
-138 243 112
-138 243 113
-138 243 114
-138 243 115
-138 243 116
-138 243 117
-138 243 118
-138 243 119
-138 243 120
-138 243 121
-138 243 122
-138 243 123
-138 243 124
-138 243 125
-138 243 126
-138 243 127
-138 244 112
-138 244 113
-138 244 114
-138 244 115
-138 244 116
-138 244 117
-138 244 118
-138 244 119
-138 244 120
-138 244 121
-138 244 122
-138 244 123
-138 244 124
-138 244 125
-138 244 126
-138 244 127
-138 245 112
-138 245 113
-138 245 114
-138 245 115
-138 245 116
-138 245 117
-138 245 118
-138 245 119
-138 245 120
-138 245 121
-138 245 122
-138 245 123
-138 245 124
-138 245 125
-138 245 126
-138 245 127
-138 246 112
-138 246 113
-138 246 114
-138 246 115
-138 246 116
-138 246 117
-138 246 118
-138 246 119
-138 246 120
-138 246 121
-138 246 122
-138 246 123
-138 246 124
-138 246 125
-138 246 126
-138 247 112
-138 247 113
-138 247 114
-138 247 115
-138 247 116
-138 247 117
-138 247 118
-138 247 119
-138 247 120
-138 247 121
-138 247 122
-138 247 123
-138 247 124
-138 248 112
-138 248 113
-138 248 114
-138 248 115
-138 248 116
-138 248 117
-138 248 118
-138 248 119
-138 248 120
-138 248 121
-138 248 122
-138 248 123
-138 249 112
-138 249 113
-138 249 114
-138 249 115
-138 249 116
-138 249 117
-138 249 118
-138 249 119
-138 249 120
-138 249 121
-138 249 122
-138 249 123
-138 250 112
-138 250 113
-138 250 114
-138 250 115
-138 250 116
-138 250 117
-138 250 118
-138 250 119
-138 250 120
-138 250 122
-138 250 123
-138 251 112
-138 251 113
-138 251 114
-138 251 115
-138 251 116
-138 252 112
-138 252 113
-138 252 116
-137 228 126
-137 228 127
-137 229 127
-137 230 124
-137 230 125
-137 230 127
-137 231 123
-137 231 124
-137 231 125
-137 231 126
-137 231 127
-137 232 123
-137 232 124
-137 232 125
-137 232 126
-137 232 127
-137 233 123
-137 233 124
-137 233 125
-137 233 126
-137 233 127
-137 234 121
-137 234 122
-137 234 123
-137 234 124
-137 234 125
-137 234 126
-137 234 127
-137 235 122
-137 235 124
-137 235 125
-137 235 126
-137 235 127
-137 236 120
-137 236 121
-137 236 122
-137 236 123
-137 236 124
-137 236 125
-137 236 126
-137 236 127
-137 237 120
-137 237 121
-137 237 122
-137 237 123
-137 237 124
-137 237 125
-137 237 126
-137 237 127
-137 238 118
-137 238 119
-137 238 120
-137 238 121
-137 238 122
-137 238 123
-137 238 124
-137 238 125
-137 238 126
-137 238 127
-137 239 115
-137 239 118
-137 239 119
-137 239 120
-137 239 121
-137 239 122
-137 239 123
-137 239 124
-137 239 125
-137 239 126
-137 239 127
-137 240 113
-137 240 114
-137 240 118
-137 240 119
-137 240 120
-137 240 121
-137 240 122
-137 240 123
-137 240 124
-137 240 125
-137 240 126
-137 240 127
-137 241 112
-137 241 113
-137 241 114
-137 241 115
-137 241 116
-137 241 117
-137 241 118
-137 241 119
-137 241 120
-137 241 121
-137 241 122
-137 241 123
-137 241 124
-137 241 125
-137 241 126
-137 241 127
-137 242 112
-137 242 113
-137 242 114
-137 242 115
-137 242 116
-137 242 118
-137 242 119
-137 242 120
-137 242 121
-137 242 122
-137 242 123
-137 242 124
-137 242 125
-137 242 126
-137 242 127
-137 243 112
-137 243 113
-137 243 114
-137 243 115
-137 243 116
-137 243 117
-137 243 118
-137 243 119
-137 243 120
-137 243 121
-137 243 122
-137 243 123
-137 243 124
-137 243 125
-137 243 126
-137 243 127
-137 244 112
-137 244 113
-137 244 114
-137 244 115
-137 244 116
-137 244 117
-137 244 118
-137 244 119
-137 244 120
-137 244 121
-137 244 122
-137 244 123
-137 244 124
-137 244 125
-137 244 126
-137 244 127
-137 245 112
-137 245 113
-137 245 114
-137 245 115
-137 245 116
-137 245 117
-137 245 118
-137 245 119
-137 245 120
-137 245 121
-137 245 122
-137 245 123
-137 245 124
-137 245 125
-137 245 126
-137 245 127
-137 246 112
-137 246 113
-137 246 114
-137 246 115
-137 246 116
-137 246 117
-137 246 118
-137 246 119
-137 246 120
-137 246 121
-137 246 122
-137 246 124
-137 246 125
-137 246 126
-137 246 127
-137 247 112
-137 247 113
-137 247 114
-137 247 115
-137 247 116
-137 247 117
-137 247 118
-137 247 119
-137 247 120
-137 247 121
-137 247 122
-137 247 123
-137 247 124
-137 247 125
-137 247 126
-137 248 113
-137 248 114
-137 248 115
-137 248 116
-137 248 117
-137 248 118
-137 248 119
-137 248 120
-137 248 121
-137 248 122
-137 248 123
-137 249 112
-137 249 113
-137 249 114
-137 249 115
-137 249 116
-137 249 117
-137 249 118
-137 249 122
-137 250 112
-137 250 113
-137 250 114
-137 250 115
-137 250 116
-137 251 112
-137 251 113
-137 251 115
-137 251 116
-137 252 116
-136 228 125
-136 228 126
-136 228 127
-136 229 126
-136 229 127
-136 230 122
-136 230 123
-136 230 124
-136 230 125
-136 230 126
-136 230 127
-136 231 122
-136 231 123
-136 231 124
-136 231 125
-136 231 126
-136 231 127
-136 232 122
-136 232 123
-136 232 124
-136 232 125
-136 232 126
-136 232 127
-136 233 120
-136 233 121
-136 233 122
-136 233 123
-136 233 125
-136 233 126
-136 233 127
-136 234 119
-136 234 120
-136 234 121
-136 234 122
-136 234 123
-136 234 124
-136 234 125
-136 234 126
-136 234 127
-136 235 121
-136 235 122
-136 235 124
-136 235 125
-136 235 126
-136 235 127
-136 236 119
-136 236 120
-136 236 122
-136 236 123
-136 236 124
-136 236 125
-136 236 126
-136 236 127
-136 237 118
-136 237 119
-136 237 120
-136 237 121
-136 237 122
-136 237 123
-136 237 124
-136 237 125
-136 237 126
-136 237 127
-136 238 115
-136 238 117
-136 238 118
-136 238 119
-136 238 121
-136 238 122
-136 238 123
-136 238 124
-136 238 125
-136 238 126
-136 238 127
-136 239 113
-136 239 114
-136 239 115
-136 239 118
-136 239 119
-136 239 120
-136 239 121
-136 239 122
-136 239 123
-136 239 124
-136 239 125
-136 239 126
-136 239 127
-136 240 113
-136 240 114
-136 240 115
-136 240 116
-136 240 117
-136 240 118
-136 240 119
-136 240 120
-136 240 121
-136 240 122
-136 240 123
-136 240 124
-136 240 125
-136 240 126
-136 240 127
-136 241 112
-136 241 113
-136 241 114
-136 241 115
-136 241 116
-136 241 117
-136 241 118
-136 241 119
-136 241 120
-136 241 121
-136 241 122
-136 241 123
-136 241 124
-136 241 125
-136 241 126
-136 241 127
-136 242 112
-136 242 113
-136 242 114
-136 242 115
-136 242 116
-136 242 117
-136 242 118
-136 242 119
-136 242 120
-136 242 121
-136 242 122
-136 242 123
-136 242 124
-136 242 125
-136 242 126
-136 242 127
-136 243 112
-136 243 113
-136 243 114
-136 243 115
-136 243 116
-136 243 117
-136 243 118
-136 243 119
-136 243 120
-136 243 121
-136 243 122
-136 243 123
-136 243 124
-136 243 125
-136 243 126
-136 243 127
-136 244 112
-136 244 113
-136 244 114
-136 244 115
-136 244 116
-136 244 117
-136 244 118
-136 244 119
-136 244 120
-136 244 121
-136 244 122
-136 244 123
-136 244 124
-136 244 125
-136 244 126
-136 244 127
-136 245 112
-136 245 113
-136 245 114
-136 245 115
-136 245 116
-136 245 117
-136 245 118
-136 245 119
-136 245 120
-136 245 122
-136 245 123
-136 245 124
-136 245 125
-136 245 126
-136 245 127
-136 246 112
-136 246 113
-136 246 114
-136 246 115
-136 246 116
-136 246 118
-136 246 119
-136 246 120
-136 246 121
-136 246 122
-136 246 123
-136 246 124
-136 246 125
-136 246 127
-136 247 112
-136 247 113
-136 247 114
-136 247 115
-136 247 116
-136 247 117
-136 247 118
-136 247 119
-136 247 120
-136 247 121
-136 247 122
-136 247 123
-136 247 124
-136 247 125
-136 248 112
-136 248 113
-136 248 114
-136 248 115
-136 248 116
-136 248 118
-136 248 121
-136 248 122
-136 249 112
-136 249 113
-136 249 114
-136 249 116
-136 250 112
-136 250 113
-136 250 114
-136 251 112
-136 251 116
-136 252 112
-135 227 125
-135 228 125
-135 228 126
-135 228 127
-135 229 123
-135 229 124
-135 229 125
-135 229 126
-135 229 127
-135 230 123
-135 230 124
-135 230 125
-135 230 126
-135 230 127
-135 231 123
-135 231 124
-135 231 125
-135 231 126
-135 231 127
-135 232 122
-135 232 123
-135 232 124
-135 232 125
-135 232 126
-135 232 127
-135 233 121
-135 233 122
-135 233 123
-135 233 124
-135 233 125
-135 233 126
-135 233 127
-135 234 122
-135 234 123
-135 234 124
-135 234 125
-135 234 126
-135 234 127
-135 235 120
-135 235 121
-135 235 122
-135 235 123
-135 235 124
-135 235 125
-135 235 126
-135 235 127
-135 236 114
-135 236 117
-135 236 118
-135 236 119
-135 236 120
-135 236 121
-135 236 122
-135 236 123
-135 236 124
-135 236 125
-135 236 126
-135 236 127
-135 237 114
-135 237 115
-135 237 116
-135 237 117
-135 237 118
-135 237 119
-135 237 120
-135 237 122
-135 237 123
-135 237 124
-135 237 125
-135 237 126
-135 237 127
-135 238 115
-135 238 116
-135 238 117
-135 238 118
-135 238 119
-135 238 121
-135 238 122
-135 238 123
-135 238 124
-135 238 125
-135 238 126
-135 238 127
-135 239 112
-135 239 113
-135 239 115
-135 239 116
-135 239 117
-135 239 119
-135 239 120
-135 239 121
-135 239 122
-135 239 123
-135 239 124
-135 239 125
-135 239 126
-135 239 127
-135 240 114
-135 240 115
-135 240 116
-135 240 117
-135 240 118
-135 240 119
-135 240 120
-135 240 121
-135 240 122
-135 240 123
-135 240 124
-135 240 125
-135 240 126
-135 240 127
-135 241 112
-135 241 113
-135 241 114
-135 241 115
-135 241 116
-135 241 117
-135 241 118
-135 241 119
-135 241 120
-135 241 121
-135 241 122
-135 241 123
-135 241 124
-135 241 125
-135 241 126
-135 241 127
-135 242 112
-135 242 113
-135 242 114
-135 242 115
-135 242 116
-135 242 117
-135 242 118
-135 242 119
-135 242 120
-135 242 121
-135 242 122
-135 242 123
-135 242 124
-135 242 125
-135 242 126
-135 242 127
-135 243 112
-135 243 113
-135 243 114
-135 243 115
-135 243 116
-135 243 117
-135 243 118
-135 243 119
-135 243 120
-135 243 121
-135 243 122
-135 243 123
-135 243 124
-135 243 125
-135 243 126
-135 243 127
-135 244 112
-135 244 113
-135 244 114
-135 244 115
-135 244 116
-135 244 117
-135 244 118
-135 244 119
-135 244 120
-135 244 121
-135 244 122
-135 244 123
-135 244 124
-135 244 125
-135 244 126
-135 244 127
-135 245 112
-135 245 113
-135 245 114
-135 245 115
-135 245 116
-135 245 117
-135 245 118
-135 245 119
-135 245 120
-135 245 121
-135 245 122
-135 245 123
-135 245 124
-135 245 125
-135 245 126
-135 245 127
-135 246 112
-135 246 113
-135 246 114
-135 246 115
-135 246 116
-135 246 117
-135 246 118
-135 246 119
-135 246 120
-135 246 121
-135 246 122
-135 246 123
-135 246 124
-135 246 125
-135 246 126
-135 246 127
-135 247 112
-135 247 113
-135 247 114
-135 247 115
-135 247 116
-135 247 117
-135 247 118
-135 247 119
-135 247 120
-135 247 121
-135 247 122
-135 247 123
-135 247 124
-135 247 125
-135 247 126
-135 248 112
-135 248 113
-135 248 114
-135 248 115
-135 248 116
-135 248 119
-135 248 120
-135 248 121
-135 248 122
-135 248 123
-135 248 124
-135 249 112
-135 249 113
-135 249 120
-135 250 112
-135 251 112
-134 226 125
-134 226 126
-134 227 124
-134 227 125
-134 228 123
-134 228 124
-134 228 125
-134 228 126
-134 228 127
-134 229 122
-134 229 123
-134 229 124
-134 229 125
-134 229 126
-134 229 127
-134 230 122
-134 230 123
-134 230 124
-134 230 125
-134 230 126
-134 230 127
-134 231 121
-134 231 122
-134 231 123
-134 231 124
-134 231 125
-134 231 126
-134 231 127
-134 232 122
-134 232 123
-134 232 124
-134 232 125
-134 232 126
-134 232 127
-134 233 120
-134 233 121
-134 233 122
-134 233 123
-134 233 124
-134 233 125
-134 233 126
-134 233 127
-134 234 119
-134 234 120
-134 234 121
-134 234 122
-134 234 123
-134 234 124
-134 234 125
-134 234 126
-134 234 127
-134 235 118
-134 235 119
-134 235 120
-134 235 121
-134 235 122
-134 235 123
-134 235 124
-134 235 125
-134 235 126
-134 235 127
-134 236 114
-134 236 117
-134 236 118
-134 236 119
-134 236 120
-134 236 121
-134 236 122
-134 236 123
-134 236 124
-134 236 125
-134 236 126
-134 236 127
-134 237 114
-134 237 115
-134 237 116
-134 237 117
-134 237 118
-134 237 119
-134 237 120
-134 237 121
-134 237 122
-134 237 123
-134 237 124
-134 237 125
-134 237 126
-134 237 127
-134 238 112
-134 238 113
-134 238 114
-134 238 115
-134 238 116
-134 238 117
-134 238 118
-134 238 119
-134 238 120
-134 238 121
-134 238 122
-134 238 123
-134 238 124
-134 238 125
-134 238 126
-134 238 127
-134 239 112
-134 239 113
-134 239 114
-134 239 115
-134 239 116
-134 239 117
-134 239 118
-134 239 119
-134 239 120
-134 239 121
-134 239 122
-134 239 123
-134 239 124
-134 239 125
-134 239 126
-134 239 127
-134 240 112
-134 240 113
-134 240 114
-134 240 115
-134 240 116
-134 240 117
-134 240 118
-134 240 119
-134 240 120
-134 240 121
-134 240 122
-134 240 123
-134 240 124
-134 240 125
-134 240 126
-134 240 127
-134 241 112
-134 241 113
-134 241 114
-134 241 115
-134 241 116
-134 241 117
-134 241 118
-134 241 119
-134 241 120
-134 241 121
-134 241 122
-134 241 123
-134 241 124
-134 241 125
-134 241 126
-134 241 127
-134 242 112
-134 242 113
-134 242 114
-134 242 115
-134 242 116
-134 242 117
-134 242 118
-134 242 119
-134 242 120
-134 242 121
-134 242 122
-134 242 123
-134 242 124
-134 242 125
-134 242 126
-134 242 127
-134 243 112
-134 243 113
-134 243 114
-134 243 115
-134 243 116
-134 243 117
-134 243 118
-134 243 119
-134 243 120
-134 243 121
-134 243 122
-134 243 123
-134 243 124
-134 243 125
-134 243 126
-134 243 127
-134 244 112
-134 244 113
-134 244 114
-134 244 115
-134 244 116
-134 244 117
-134 244 118
-134 244 119
-134 244 121
-134 244 122
-134 244 123
-134 244 124
-134 244 125
-134 244 126
-134 244 127
-134 245 112
-134 245 113
-134 245 114
-134 245 115
-134 245 116
-134 245 117
-134 245 118
-134 245 119
-134 245 120
-134 245 121
-134 245 122
-134 245 123
-134 245 124
-134 245 125
-134 245 126
-134 245 127
-134 246 112
-134 246 113
-134 246 114
-134 246 115
-134 246 116
-134 246 117
-134 246 118
-134 246 119
-134 246 120
-134 246 121
-134 246 122
-134 246 123
-134 246 124
-134 246 125
-134 246 126
-134 246 127
-134 247 112
-134 247 113
-134 247 114
-134 247 115
-134 247 116
-134 247 117
-134 247 118
-134 247 119
-134 247 120
-134 247 121
-134 247 122
-134 247 123
-134 247 124
-134 247 125
-134 247 126
-134 247 127
-134 248 112
-134 248 113
-134 248 115
-134 248 117
-134 248 119
-134 248 120
-134 248 121
-134 248 122
-134 248 123
-134 248 124
-134 248 125
-134 248 126
-134 249 113
-134 249 117
-134 249 120
-134 249 121
-134 249 122
-133 225 126
-133 226 126
-133 226 127
-133 227 124
-133 227 125
-133 227 126
-133 227 127
-133 228 124
-133 228 125
-133 228 126
-133 228 127
-133 229 122
-133 229 124
-133 229 125
-133 229 126
-133 229 127
-133 230 123
-133 230 124
-133 230 125
-133 230 126
-133 230 127
-133 231 123
-133 231 124
-133 231 125
-133 231 126
-133 231 127
-133 232 119
-133 232 120
-133 232 121
-133 232 122
-133 232 123
-133 232 124
-133 232 126
-133 232 127
-133 233 119
-133 233 121
-133 233 122
-133 233 123
-133 233 124
-133 233 125
-133 233 126
-133 233 127
-133 234 118
-133 234 119
-133 234 120
-133 234 121
-133 234 122
-133 234 123
-133 234 124
-133 234 125
-133 234 126
-133 234 127
-133 235 113
-133 235 114
-133 235 115
-133 235 117
-133 235 118
-133 235 119
-133 235 120
-133 235 121
-133 235 122
-133 235 123
-133 235 124
-133 235 125
-133 235 126
-133 235 127
-133 236 114
-133 236 115
-133 236 116
-133 236 117
-133 236 118
-133 236 119
-133 236 120
-133 236 121
-133 236 122
-133 236 123
-133 236 124
-133 236 125
-133 236 126
-133 236 127
-133 237 113
-133 237 114
-133 237 116
-133 237 117
-133 237 118
-133 237 119
-133 237 120
-133 237 121
-133 237 122
-133 237 123
-133 237 124
-133 237 125
-133 237 126
-133 237 127
-133 238 112
-133 238 113
-133 238 114
-133 238 115
-133 238 116
-133 238 117
-133 238 118
-133 238 119
-133 238 120
-133 238 121
-133 238 122
-133 238 123
-133 238 124
-133 238 125
-133 238 126
-133 238 127
-133 239 112
-133 239 113
-133 239 114
-133 239 115
-133 239 116
-133 239 117
-133 239 118
-133 239 119
-133 239 120
-133 239 121
-133 239 122
-133 239 123
-133 239 124
-133 239 125
-133 239 126
-133 239 127
-133 240 112
-133 240 113
-133 240 114
-133 240 115
-133 240 116
-133 240 117
-133 240 118
-133 240 119
-133 240 120
-133 240 121
-133 240 122
-133 240 123
-133 240 124
-133 240 125
-133 240 126
-133 240 127
-133 241 112
-133 241 113
-133 241 114
-133 241 115
-133 241 116
-133 241 117
-133 241 118
-133 241 119
-133 241 120
-133 241 121
-133 241 122
-133 241 123
-133 241 124
-133 241 125
-133 241 126
-133 241 127
-133 242 112
-133 242 113
-133 242 114
-133 242 115
-133 242 116
-133 242 117
-133 242 118
-133 242 119
-133 242 120
-133 242 121
-133 242 122
-133 242 123
-133 242 124
-133 242 125
-133 242 126
-133 242 127
-133 243 112
-133 243 113
-133 243 114
-133 243 115
-133 243 116
-133 243 117
-133 243 118
-133 243 119
-133 243 120
-133 243 121
-133 243 122
-133 243 123
-133 243 124
-133 243 125
-133 243 126
-133 243 127
-133 244 112
-133 244 113
-133 244 114
-133 244 115
-133 244 116
-133 244 117
-133 244 118
-133 244 119
-133 244 120
-133 244 121
-133 244 122
-133 244 123
-133 244 124
-133 244 125
-133 244 126
-133 244 127
-133 245 112
-133 245 113
-133 245 114
-133 245 115
-133 245 116
-133 245 117
-133 245 118
-133 245 119
-133 245 120
-133 245 121
-133 245 122
-133 245 123
-133 245 124
-133 245 125
-133 245 126
-133 245 127
-133 246 112
-133 246 113
-133 246 114
-133 246 115
-133 246 116
-133 246 117
-133 246 118
-133 246 119
-133 246 120
-133 246 121
-133 246 122
-133 246 123
-133 246 124
-133 246 125
-133 246 126
-133 246 127
-133 247 112
-133 247 113
-133 247 114
-133 247 115
-133 247 117
-133 247 118
-133 247 119
-133 247 120
-133 247 121
-133 247 122
-133 247 123
-133 247 124
-133 247 125
-133 247 126
-133 247 127
-133 248 112
-133 248 113
-133 248 117
-133 248 118
-133 248 119
-133 248 121
-133 248 123
-133 248 124
-133 248 125
-133 248 126
-133 249 112
-133 249 113
-133 249 119
-133 250 112
-132 227 125
-132 227 126
-132 227 127
-132 228 123
-132 228 124
-132 228 125
-132 228 127
-132 229 122
-132 229 123
-132 229 125
-132 229 126
-132 229 127
-132 230 123
-132 230 124
-132 230 125
-132 230 126
-132 230 127
-132 231 122
-132 231 123
-132 231 124
-132 231 125
-132 231 126
-132 231 127
-132 232 121
-132 232 122
-132 232 123
-132 232 124
-132 232 125
-132 232 126
-132 232 127
-132 233 114
-132 233 120
-132 233 121
-132 233 122
-132 233 123
-132 233 124
-132 233 125
-132 233 126
-132 233 127
-132 234 113
-132 234 114
-132 234 119
-132 234 120
-132 234 121
-132 234 122
-132 234 123
-132 234 124
-132 234 125
-132 234 126
-132 234 127
-132 235 112
-132 235 113
-132 235 114
-132 235 115
-132 235 118
-132 235 119
-132 235 120
-132 235 121
-132 235 122
-132 235 123
-132 235 124
-132 235 125
-132 235 126
-132 235 127
-132 236 113
-132 236 114
-132 236 115
-132 236 118
-132 236 119
-132 236 120
-132 236 121
-132 236 122
-132 236 123
-132 236 124
-132 236 125
-132 236 126
-132 236 127
-132 237 113
-132 237 114
-132 237 115
-132 237 116
-132 237 117
-132 237 118
-132 237 119
-132 237 120
-132 237 121
-132 237 122
-132 237 123
-132 237 124
-132 237 125
-132 237 126
-132 237 127
-132 238 112
-132 238 113
-132 238 114
-132 238 115
-132 238 116
-132 238 117
-132 238 118
-132 238 119
-132 238 120
-132 238 121
-132 238 122
-132 238 123
-132 238 124
-132 238 125
-132 238 126
-132 238 127
-132 239 112
-132 239 113
-132 239 114
-132 239 115
-132 239 116
-132 239 117
-132 239 118
-132 239 119
-132 239 120
-132 239 121
-132 239 122
-132 239 123
-132 239 124
-132 239 125
-132 239 126
-132 239 127
-132 240 112
-132 240 113
-132 240 114
-132 240 115
-132 240 116
-132 240 117
-132 240 118
-132 240 119
-132 240 120
-132 240 121
-132 240 122
-132 240 123
-132 240 124
-132 240 125
-132 240 126
-132 240 127
-132 241 112
-132 241 113
-132 241 114
-132 241 115
-132 241 116
-132 241 117
-132 241 118
-132 241 119
-132 241 120
-132 241 121
-132 241 122
-132 241 123
-132 241 124
-132 241 125
-132 241 126
-132 241 127
-132 242 112
-132 242 113
-132 242 114
-132 242 115
-132 242 116
-132 242 117
-132 242 118
-132 242 119
-132 242 120
-132 242 121
-132 242 122
-132 242 123
-132 242 124
-132 242 125
-132 242 126
-132 242 127
-132 243 112
-132 243 113
-132 243 114
-132 243 115
-132 243 116
-132 243 117
-132 243 118
-132 243 119
-132 243 120
-132 243 121
-132 243 122
-132 243 123
-132 243 124
-132 243 125
-132 243 126
-132 243 127
-132 244 112
-132 244 113
-132 244 114
-132 244 115
-132 244 116
-132 244 117
-132 244 118
-132 244 119
-132 244 120
-132 244 121
-132 244 122
-132 244 123
-132 244 124
-132 244 125
-132 244 126
-132 244 127
-132 245 112
-132 245 113
-132 245 114
-132 245 115
-132 245 116
-132 245 117
-132 245 118
-132 245 119
-132 245 120
-132 245 121
-132 245 122
-132 245 123
-132 245 124
-132 245 125
-132 245 126
-132 245 127
-132 246 112
-132 246 113
-132 246 114
-132 246 115
-132 246 116
-132 246 117
-132 246 118
-132 246 119
-132 246 120
-132 246 121
-132 246 122
-132 246 123
-132 246 124
-132 246 125
-132 246 126
-132 246 127
-132 247 112
-132 247 113
-132 247 114
-132 247 116
-132 247 117
-132 247 119
-132 247 120
-132 247 121
-132 247 122
-132 247 123
-132 247 124
-132 247 125
-132 247 126
-132 247 127
-132 248 112
-132 248 113
-132 248 117
-132 248 118
-132 248 119
-132 248 120
-132 248 121
-132 248 123
-132 248 124
-132 248 125
-132 248 126
-132 248 127
-132 249 112
-132 249 117
-132 249 119
-132 249 124
-132 249 125
-132 249 126
-131 226 126
-131 226 127
-131 227 125
-131 227 126
-131 227 127
-131 228 125
-131 228 126
-131 228 127
-131 229 124
-131 229 125
-131 229 126
-131 229 127
-131 230 123
-131 230 124
-131 230 125
-131 230 126
-131 230 127
-131 231 123
-131 231 124
-131 231 125
-131 231 126
-131 231 127
-131 232 122
-131 232 123
-131 232 124
-131 232 125
-131 232 126
-131 232 127
-131 233 113
-131 233 114
-131 233 120
-131 233 121
-131 233 122
-131 233 123
-131 233 124
-131 233 125
-131 233 126
-131 233 127
-131 234 113
-131 234 114
-131 234 115
-131 234 118
-131 234 119
-131 234 120
-131 234 121
-131 234 122
-131 234 123
-131 234 124
-131 234 125
-131 234 126
-131 234 127
-131 235 112
-131 235 113
-131 235 114
-131 235 115
-131 235 116
-131 235 118
-131 235 119
-131 235 120
-131 235 121
-131 235 122
-131 235 123
-131 235 124
-131 235 125
-131 235 126
-131 235 127
-131 236 112
-131 236 113
-131 236 114
-131 236 115
-131 236 116
-131 236 117
-131 236 118
-131 236 119
-131 236 120
-131 236 121
-131 236 122
-131 236 123
-131 236 124
-131 236 125
-131 236 126
-131 236 127
-131 237 112
-131 237 113
-131 237 114
-131 237 115
-131 237 116
-131 237 117
-131 237 118
-131 237 119
-131 237 120
-131 237 121
-131 237 122
-131 237 123
-131 237 124
-131 237 125
-131 237 126
-131 237 127
-131 238 112
-131 238 113
-131 238 114
-131 238 115
-131 238 116
-131 238 118
-131 238 119
-131 238 120
-131 238 121
-131 238 122
-131 238 123
-131 238 124
-131 238 125
-131 238 126
-131 238 127
-131 239 112
-131 239 113
-131 239 114
-131 239 115
-131 239 116
-131 239 117
-131 239 118
-131 239 119
-131 239 120
-131 239 121
-131 239 122
-131 239 123
-131 239 124
-131 239 125
-131 239 126
-131 239 127
-131 240 112
-131 240 113
-131 240 114
-131 240 115
-131 240 116
-131 240 117
-131 240 118
-131 240 119
-131 240 120
-131 240 121
-131 240 122
-131 240 123
-131 240 124
-131 240 125
-131 240 126
-131 240 127
-131 241 112
-131 241 113
-131 241 114
-131 241 115
-131 241 116
-131 241 117
-131 241 118
-131 241 119
-131 241 120
-131 241 121
-131 241 122
-131 241 123
-131 241 124
-131 241 125
-131 241 126
-131 241 127
-131 242 112
-131 242 113
-131 242 114
-131 242 115
-131 242 116
-131 242 117
-131 242 118
-131 242 119
-131 242 120
-131 242 121
-131 242 122
-131 242 123
-131 242 124
-131 242 125
-131 242 126
-131 242 127
-131 243 112
-131 243 113
-131 243 114
-131 243 115
-131 243 116
-131 243 117
-131 243 118
-131 243 119
-131 243 120
-131 243 121
-131 243 122
-131 243 123
-131 243 124
-131 243 125
-131 243 126
-131 243 127
-131 244 112
-131 244 113
-131 244 114
-131 244 115
-131 244 116
-131 244 117
-131 244 118
-131 244 119
-131 244 120
-131 244 121
-131 244 122
-131 244 123
-131 244 124
-131 244 125
-131 244 126
-131 244 127
-131 245 112
-131 245 113
-131 245 114
-131 245 115
-131 245 116
-131 245 117
-131 245 118
-131 245 119
-131 245 120
-131 245 121
-131 245 122
-131 245 123
-131 245 124
-131 245 125
-131 245 126
-131 245 127
-131 246 112
-131 246 113
-131 246 114
-131 246 115
-131 246 116
-131 246 117
-131 246 118
-131 246 119
-131 246 120
-131 246 121
-131 246 122
-131 246 123
-131 246 124
-131 246 125
-131 246 126
-131 246 127
-131 247 112
-131 247 113
-131 247 114
-131 247 115
-131 247 116
-131 247 117
-131 247 118
-131 247 119
-131 247 121
-131 247 122
-131 247 123
-131 247 124
-131 247 125
-131 247 126
-131 247 127
-131 248 112
-131 248 116
-131 248 124
-131 248 125
-131 248 126
-131 248 127
-131 249 125
-131 249 126
-131 249 127
-131 250 125
-130 226 127
-130 227 125
-130 227 127
-130 228 125
-130 228 126
-130 228 127
-130 229 124
-130 229 125
-130 229 126
-130 229 127
-130 230 114
-130 230 121
-130 230 124
-130 230 125
-130 230 126
-130 230 127
-130 231 121
-130 231 122
-130 231 123
-130 231 124
-130 231 125
-130 231 126
-130 231 127
-130 232 113
-130 232 120
-130 232 121
-130 232 122
-130 232 123
-130 232 124
-130 232 125
-130 232 126
-130 232 127
-130 233 112
-130 233 113
-130 233 114
-130 233 119
-130 233 120
-130 233 121
-130 233 122
-130 233 123
-130 233 124
-130 233 125
-130 233 126
-130 233 127
-130 234 112
-130 234 113
-130 234 114
-130 234 119
-130 234 120
-130 234 121
-130 234 122
-130 234 123
-130 234 124
-130 234 125
-130 234 126
-130 234 127
-130 235 112
-130 235 113
-130 235 114
-130 235 117
-130 235 118
-130 235 120
-130 235 121
-130 235 122
-130 235 123
-130 235 124
-130 235 125
-130 235 126
-130 235 127
-130 236 112
-130 236 113
-130 236 114
-130 236 115
-130 236 116
-130 236 117
-130 236 118
-130 236 119
-130 236 120
-130 236 121
-130 236 122
-130 236 123
-130 236 124
-130 236 125
-130 236 126
-130 236 127
-130 237 112
-130 237 113
-130 237 114
-130 237 115
-130 237 116
-130 237 117
-130 237 118
-130 237 119
-130 237 120
-130 237 121
-130 237 122
-130 237 123
-130 237 124
-130 237 125
-130 237 126
-130 237 127
-130 238 112
-130 238 113
-130 238 114
-130 238 115
-130 238 116
-130 238 118
-130 238 119
-130 238 120
-130 238 121
-130 238 122
-130 238 123
-130 238 124
-130 238 125
-130 238 126
-130 238 127
-130 239 112
-130 239 113
-130 239 114
-130 239 115
-130 239 116
-130 239 117
-130 239 118
-130 239 119
-130 239 120
-130 239 121
-130 239 122
-130 239 123
-130 239 124
-130 239 125
-130 239 126
-130 239 127
-130 240 112
-130 240 113
-130 240 114
-130 240 115
-130 240 116
-130 240 117
-130 240 118
-130 240 119
-130 240 120
-130 240 121
-130 240 122
-130 240 123
-130 240 124
-130 240 125
-130 240 126
-130 240 127
-130 241 112
-130 241 113
-130 241 114
-130 241 115
-130 241 116
-130 241 117
-130 241 118
-130 241 119
-130 241 120
-130 241 121
-130 241 122
-130 241 123
-130 241 124
-130 241 125
-130 241 126
-130 241 127
-130 242 112
-130 242 113
-130 242 114
-130 242 115
-130 242 116
-130 242 117
-130 242 118
-130 242 119
-130 242 120
-130 242 121
-130 242 122
-130 242 123
-130 242 124
-130 242 125
-130 242 126
-130 242 127
-130 243 112
-130 243 113
-130 243 114
-130 243 115
-130 243 116
-130 243 117
-130 243 118
-130 243 119
-130 243 120
-130 243 121
-130 243 122
-130 243 123
-130 243 124
-130 243 125
-130 243 126
-130 243 127
-130 244 112
-130 244 113
-130 244 114
-130 244 115
-130 244 116
-130 244 117
-130 244 118
-130 244 119
-130 244 120
-130 244 121
-130 244 122
-130 244 123
-130 244 124
-130 244 125
-130 244 126
-130 244 127
-130 245 112
-130 245 113
-130 245 114
-130 245 115
-130 245 116
-130 245 117
-130 245 118
-130 245 119
-130 245 120
-130 245 121
-130 245 122
-130 245 123
-130 245 124
-130 245 125
-130 245 126
-130 245 127
-130 246 112
-130 246 113
-130 246 114
-130 246 115
-130 246 116
-130 246 117
-130 246 118
-130 246 119
-130 246 120
-130 246 121
-130 246 122
-130 246 124
-130 246 125
-130 246 126
-130 246 127
-130 247 115
-130 247 116
-130 247 117
-130 247 118
-130 247 120
-130 247 123
-130 247 124
-130 247 125
-130 247 126
-130 247 127
-130 248 116
-130 248 124
-130 248 125
-130 248 126
-130 248 127
-129 226 125
-129 226 126
-129 226 127
-129 227 124
-129 227 125
-129 227 126
-129 227 127
-129 228 124
-129 228 125
-129 228 126
-129 229 114
-129 229 123
-129 229 124
-129 229 125
-129 229 126
-129 229 127
-129 230 113
-129 230 114
-129 230 123
-129 230 124
-129 230 125
-129 230 126
-129 230 127
-129 231 112
-129 231 118
-129 231 122
-129 231 123
-129 231 124
-129 231 125
-129 231 126
-129 231 127
-129 232 112
-129 232 113
-129 232 120
-129 232 121
-129 232 122
-129 232 123
-129 232 124
-129 232 125
-129 232 126
-129 232 127
-129 233 112
-129 233 113
-129 233 114
-129 233 115
-129 233 120
-129 233 121
-129 233 122
-129 233 123
-129 233 124
-129 233 125
-129 233 126
-129 233 127
-129 234 112
-129 234 113
-129 234 114
-129 234 115
-129 234 118
-129 234 119
-129 234 120
-129 234 121
-129 234 122
-129 234 123
-129 234 124
-129 234 125
-129 234 126
-129 234 127
-129 235 112
-129 235 113
-129 235 114
-129 235 115
-129 235 116
-129 235 118
-129 235 119
-129 235 120
-129 235 121
-129 235 122
-129 235 123
-129 235 124
-129 235 125
-129 235 126
-129 235 127
-129 236 112
-129 236 113
-129 236 114
-129 236 115
-129 236 116
-129 236 117
-129 236 118
-129 236 119
-129 236 120
-129 236 121
-129 236 122
-129 236 123
-129 236 124
-129 236 125
-129 236 126
-129 236 127
-129 237 112
-129 237 113
-129 237 114
-129 237 115
-129 237 116
-129 237 117
-129 237 118
-129 237 119
-129 237 120
-129 237 121
-129 237 122
-129 237 123
-129 237 124
-129 237 125
-129 237 126
-129 237 127
-129 238 112
-129 238 113
-129 238 114
-129 238 115
-129 238 116
-129 238 117
-129 238 118
-129 238 119
-129 238 120
-129 238 121
-129 238 122
-129 238 123
-129 238 124
-129 238 125
-129 238 126
-129 238 127
-129 239 112
-129 239 113
-129 239 114
-129 239 115
-129 239 116
-129 239 117
-129 239 118
-129 239 119
-129 239 120
-129 239 121
-129 239 122
-129 239 123
-129 239 124
-129 239 125
-129 239 126
-129 239 127
-129 240 112
-129 240 113
-129 240 114
-129 240 115
-129 240 116
-129 240 117
-129 240 118
-129 240 119
-129 240 120
-129 240 121
-129 240 122
-129 240 123
-129 240 124
-129 240 125
-129 240 126
-129 240 127
-129 241 112
-129 241 113
-129 241 114
-129 241 115
-129 241 116
-129 241 117
-129 241 118
-129 241 119
-129 241 120
-129 241 121
-129 241 122
-129 241 123
-129 241 124
-129 241 125
-129 241 126
-129 241 127
-129 242 112
-129 242 113
-129 242 114
-129 242 115
-129 242 116
-129 242 117
-129 242 118
-129 242 119
-129 242 120
-129 242 121
-129 242 122
-129 242 123
-129 242 124
-129 242 125
-129 242 126
-129 242 127
-129 243 112
-129 243 113
-129 243 114
-129 243 115
-129 243 116
-129 243 117
-129 243 118
-129 243 119
-129 243 120
-129 243 121
-129 243 122
-129 243 123
-129 243 124
-129 243 125
-129 243 126
-129 243 127
-129 244 112
-129 244 113
-129 244 114
-129 244 115
-129 244 116
-129 244 117
-129 244 118
-129 244 119
-129 244 120
-129 244 121
-129 244 122
-129 244 123
-129 244 124
-129 244 125
-129 244 126
-129 244 127
-129 245 112
-129 245 113
-129 245 114
-129 245 115
-129 245 116
-129 245 117
-129 245 118
-129 245 119
-129 245 121
-129 245 122
-129 245 124
-129 245 125
-129 245 126
-129 245 127
-129 246 112
-129 246 114
-129 246 116
-129 246 117
-129 246 118
-129 246 119
-129 246 122
-129 246 124
-129 246 125
-129 246 126
-129 246 127
-129 247 114
-129 247 116
-129 247 118
-129 247 119
-129 247 125
-129 247 126
-129 248 124
-129 248 125
-129 248 126

