alfheim:altWood1
12
-170 200 -39
-170 201 -40
-170 201 -39
-170 201 -38
-170 202 -39
-169 199 -39
-169 200 -40
-169 200 -39
-169 200 -38
-169 200 -37
-169 201 -40
-169 201 -39
-169 201 -38
-169 201 -37
-169 202 -39
-169 202 -38
-169 214 -48
-168 199 -38
-168 200 -39
-168 200 -38
-168 200 -37
-168 201 -40
-168 201 -39
-168 201 -38
-168 201 -37
-168 202 -39
-168 214 -48
-168 214 -47
-167 199 -38
-167 199 -37
-167 199 -36
-167 200 -39
-167 200 -38
-167 200 -37
-167 200 -36
-167 201 -40
-167 201 -39
-167 201 -38
-167 202 -39
-167 202 -38
-167 213 -48
-167 213 -47
-167 214 -48
-166 198 -36
-166 199 -37
-166 199 -36
-166 199 -35
-166 199 -34
-166 200 -38
-166 200 -37
-166 200 -36
-166 200 -35
-166 200 -34
-166 201 -39
-166 201 -36
-166 201 -35
-166 212 -48
-166 212 -47
-166 213 -48
-166 213 -47
-166 214 -48
-166 214 -47
-165 198 -34
-165 198 -33
-165 199 -36
-165 199 -35
-165 199 -34
-165 200 -37
-165 200 -36
-165 200 -35
-165 200 -34
-165 201 -36
-165 201 -35
-165 201 -33
-165 212 -48
-165 212 -47
-165 213 -48
-165 213 -47
-165 214 -48
-165 214 -47
-164 198 -33
-164 199 -34
-164 200 -36
-164 200 -34
-164 210 -48
-164 210 -47
-164 210 -46
-164 211 -48
-164 211 -47
-164 211 -46
-164 212 -48
-164 212 -47
-164 212 -46
-164 213 -48
-163 199 -33
-163 209 -48
-163 209 -47
-163 209 -46
-163 210 -48
-163 210 -47
-163 210 -46
-163 211 -48
-163 211 -47
-163 211 -46
-163 212 -48
-163 212 -47
-163 212 -46
-163 213 -48
-163 213 -47
-162 209 -48
-162 209 -47
-162 209 -46
-162 209 -45
-162 210 -48
-162 210 -47
-162 210 -46
-162 210 -45
-162 211 -48
-162 211 -47
-162 211 -46
-162 211 -45
-162 212 -48
-162 212 -47
-162 212 -46
-162 212 -45
-162 213 -47
-162 213 -46
-161 207 -48
-161 207 -47
-161 207 -46
-161 208 -48
-161 208 -47
-161 208 -46
-161 208 -45
-161 209 -48
-161 209 -47
-161 209 -46
-161 209 -45
-161 209 -44
-161 210 -48
-161 210 -47
-161 210 -46
-161 210 -45
-161 210 -44
-161 211 -48
-161 211 -47
-161 211 -46
-161 211 -45
-161 211 -44
-161 212 -48
-161 212 -47
-161 212 -46
-161 212 -45
-161 213 -47
-161 213 -46
alfheim:altLeaves
6
-165 182 -37
-165 186 -37
-164 180 -37
-164 181 -37
-164 181 -36
-164 182 -37
-164 182 -36
-164 183 -36
-164 186 -38
-164 186 -37
-164 186 -36
-164 188 -37
-163 179 -37
-163 180 -38
-163 180 -37
-163 181 -38
-163 181 -37
-163 181 -36
-163 181 -35
-163 182 -38
-163 182 -37
-163 182 -36
-163 183 -37
-163 183 -36
-163 183 -35
-163 185 -37
-163 186 -39
-163 186 -38
-163 186 -37
-163 186 -36
-163 187 -39
-163 187 -37
-163 188 -37
-163 188 -36
-163 190 -36
-163 190 -35
-163 191 -36
-162 179 -37
-162 180 -39
-162 180 -37
-162 180 -36
-162 180 -35
-162 181 -40
-162 181 -39
-162 181 -38
-162 181 -36
-162 182 -39
-162 182 -38
-162 182 -37
-162 182 -36
-162 182 -35
-162 183 -37
-162 183 -36
-162 183 -35
-162 184 -38
-162 184 -37
-162 184 -36
-162 185 -37
-162 185 -36
-162 186 -40
-162 186 -39
-162 186 -38
-162 186 -37
-162 186 -36
-162 186 -35
-162 186 -34
-162 187 -40
-162 187 -39
-162 187 -38
-162 187 -37
-162 187 -36
-162 187 -35
-162 187 -34
-162 188 -38
-162 188 -37
-162 188 -36
-162 189 -38
-162 189 -37
-162 189 -36
-162 189 -35
-162 190 -38
-162 190 -37
-162 190 -36
-162 190 -35
-162 191 -37
-162 191 -36
-162 191 -35
-162 192 -39
-162 192 -38
-162 192 -37
-162 192 -36
-162 192 -35
-161 179 -37
-161 180 -39
-161 180 -38
-161 180 -37
-161 180 -36
-161 180 -35
-161 181 -40
-161 181 -39
-161 181 -38
-161 181 -37
-161 181 -36
-161 181 -35
-161 181 -34
-161 181 -33
-161 182 -39
-161 182 -38
-161 182 -37
-161 182 -36
-161 182 -35
-161 182 -34
-161 182 -33
-161 183 -38
-161 183 -37
-161 183 -36
-161 183 -35
-161 183 -33
-161 184 -38
-161 184 -37
-161 184 -36
-161 184 -35
-161 185 -40
-161 185 -39
-161 185 -38
-161 185 -37
-161 185 -35
-161 186 -41
-161 186 -40
-161 186 -39
-161 186 -38
-161 186 -37
-161 186 -36
-161 186 -35
-161 187 -40
-161 187 -39
-161 187 -38
-161 187 -37
-161 187 -36
-161 187 -35
-161 187 -34
-161 187 -33
-161 188 -40
-161 188 -39
-161 188 -38
-161 188 -37
-161 188 -36
-161 188 -35
-161 189 -39
-161 189 -38
-161 189 -37
-161 189 -36
-161 189 -35
-161 189 -34
-161 190 -39
-161 190 -38
-161 190 -37
-161 190 -36
-161 190 -35
-161 190 -34
-161 190 -33
-161 191 -39
-161 191 -38
-161 191 -37
-161 191 -36
-161 191 -35
-161 192 -40
-161 192 -39
-161 192 -38
-161 192 -37
-161 192 -36
-161 192 -35
-176 200 -39
-176 201 -39
-176 201 -38
-176 202 -42
-176 202 -40
-176 202 -39
-176 202 -38
-176 202 -37
-176 202 -36
-176 202 -35
-176 203 -43
-176 203 -42
-176 203 -41
-176 203 -40
-176 203 -39
-176 203 -38
-176 203 -37
-176 203 -36
-176 203 -35
-176 203 -34
-176 203 -33
-176 204 -42
-176 204 -41
-176 204 -40
-176 204 -39
-176 204 -38
-176 204 -37
-176 204 -34
-176 205 -41
-176 205 -40
-176 205 -38
-176 205 -37
-176 205 -34
-176 205 -33
-176 212 -43
-176 212 -41
-176 212 -40
-176 212 -39
-176 212 -34
-176 212 -33
-176 213 -44
-176 213 -43
-176 213 -42
-176 213 -41
-176 213 -40
-176 213 -39
-176 213 -38
-176 213 -37
-176 213 -36
-176 213 -33
-176 214 -47
-176 214 -45
-176 214 -44
-176 214 -43
-176 214 -42
-176 214 -41
-176 214 -40
-176 214 -39
-176 214 -38
-176 214 -37
-176 214 -36
-176 214 -35
-176 214 -34
-176 214 -33
-176 215 -46
-176 215 -45
-176 215 -44
-176 215 -43
-176 215 -42
-176 215 -41
-176 215 -40
-176 215 -39
-176 215 -38
-176 215 -37
-176 215 -36
-176 215 -35
-176 215 -34
-176 215 -33
-176 216 -45
-176 216 -44
-176 216 -43
-176 216 -42
-176 216 -41
-176 216 -40
-176 216 -39
-176 216 -38
-176 216 -37
-176 216 -36
-176 216 -35
-176 216 -34
-176 216 -33
-176 217 -48
-176 217 -47
-176 217 -46
-176 217 -44
-176 217 -43
-176 217 -42
-176 217 -41
-176 217 -40
-176 217 -39
-176 217 -38
-176 217 -37
-176 217 -36
-176 217 -35
-176 217 -34
-176 217 -33
-176 218 -48
-176 218 -46
-176 218 -45
-176 218 -44
-176 218 -43
-176 218 -42
-176 218 -41
-176 218 -40
-176 218 -39
-176 218 -38
-176 218 -37
-176 218 -36
-176 218 -35
-176 218 -34
-176 218 -33
-176 219 -48
-176 219 -47
-176 219 -46
-176 219 -45
-176 219 -44
-176 219 -43
-176 219 -42
-176 219 -41
-176 219 -40
-176 219 -39
-176 219 -38
-176 219 -37
-176 219 -36
-176 219 -35
-176 219 -34
-176 219 -33
-176 220 -48
-176 220 -47
-176 220 -46
-176 220 -45
-176 220 -44
-176 220 -43
-176 220 -42
-176 220 -41
-176 220 -40
-176 220 -39
-176 220 -38
-176 220 -37
-176 220 -36
-176 220 -35
-176 220 -34
-176 220 -33
-176 221 -48
-176 221 -47
-176 221 -45
-176 221 -44
-176 221 -43
-176 221 -42
-176 221 -41
-176 221 -40
-176 221 -39
-176 221 -38
-176 221 -37
-176 221 -36
-176 221 -35
-176 221 -34
-176 221 -33
-176 222 -48
-176 222 -45
-176 222 -43
-176 222 -42
-176 222 -41
-176 222 -39
-176 222 -38
-176 222 -37
-176 222 -36
-176 222 -35
-176 222 -34
-176 222 -33
-176 223 -43
-176 223 -41
-176 223 -39
-176 223 -38
-176 223 -37
-176 223 -36
-176 223 -35
-176 223 -34
-176 223 -33
-176 224 -48
-176 224 -43
-176 224 -40
-176 224 -39
-176 224 -38
-176 224 -37
-176 224 -36
-176 224 -35
-175 201 -42
-175 201 -41
-175 201 -38
-175 201 -35
-175 202 -43
-175 202 -42
-175 202 -41
-175 202 -40
-175 202 -39
-175 202 -38
-175 202 -37
-175 202 -36
-175 202 -35
-175 203 -44
-175 203 -42
-175 203 -41
-175 203 -40
-175 203 -39
-175 203 -38
-175 203 -37
-175 203 -36
-175 203 -35
-175 203 -34
-175 203 -33
-175 204 -42
-175 204 -41
-175 204 -40
-175 204 -39
-175 204 -38
-175 204 -37
-175 204 -36
-175 204 -34
-175 204 -33
-175 205 -42
-175 205 -41
-175 205 -40
-175 205 -39
-175 205 -38
-175 205 -37
-175 205 -36
-175 205 -35
-175 205 -34
-175 205 -33
-175 206 -40
-175 206 -39
-175 206 -38
-175 206 -37
-175 206 -35
-175 212 -36
-175 212 -34
-175 212 -33
-175 213 -44
-175 213 -43
-175 213 -42
-175 213 -41
-175 213 -37
-175 213 -36
-175 213 -35
-175 213 -34
-175 213 -33
-175 214 -45
-175 214 -44
-175 214 -42
-175 214 -41
-175 214 -40
-175 214 -39
-175 214 -37
-175 214 -36
-175 214 -35
-175 214 -34
-175 214 -33
-175 215 -45
-175 215 -43
-175 215 -42
-175 215 -41
-175 215 -40
-175 215 -39
-175 215 -37
-175 215 -36
-175 215 -35
-175 215 -34
-175 215 -33
-175 216 -46
-175 216 -45
-175 216 -44
-175 216 -43
-175 216 -42
-175 216 -41
-175 216 -40
-175 216 -39
-175 216 -38
-175 216 -37
-175 216 -36
-175 216 -35
-175 216 -34
-175 216 -33
-175 217 -45
-175 217 -44
-175 217 -43
-175 217 -42
-175 217 -41
-175 217 -40
-175 217 -39
-175 217 -38
-175 217 -37
-175 217 -36
-175 217 -35
-175 217 -34
-175 217 -33
-175 218 -48
-175 218 -47
-175 218 -46
-175 218 -45
-175 218 -44
-175 218 -43
-175 218 -42
-175 218 -41
-175 218 -40
-175 218 -39
-175 218 -38
-175 218 -37
-175 218 -36
-175 218 -35
-175 218 -34
-175 218 -33
-175 219 -48
-175 219 -47
-175 219 -46
-175 219 -45
-175 219 -44
-175 219 -43
-175 219 -42
-175 219 -41
-175 219 -40
-175 219 -39
-175 219 -38
-175 219 -37
-175 219 -36
-175 219 -35
-175 219 -34
-175 219 -33
-175 220 -48
-175 220 -47
-175 220 -46
-175 220 -45
-175 220 -44
-175 220 -43
-175 220 -42
-175 220 -41
-175 220 -40
-175 220 -39
-175 220 -38
-175 220 -37
-175 220 -36
-175 220 -35
-175 220 -34
-175 220 -33
-175 221 -48
-175 221 -46
-175 221 -45
-175 221 -44
-175 221 -43
-175 221 -42
-175 221 -41
-175 221 -40
-175 221 -39
-175 221 -38
-175 221 -37
-175 221 -36
-175 221 -35
-175 221 -34
-175 221 -33
-175 222 -48
-175 222 -46
-175 222 -44
-175 222 -43
-175 222 -42
-175 222 -41
-175 222 -39
-175 222 -38
-175 222 -37
-175 222 -36
-175 222 -35
-175 222 -34
-175 222 -33
-175 223 -48
-175 223 -47
-175 223 -44
-175 223 -43
-175 223 -39
-175 223 -38
-175 223 -37
-175 223 -36
-175 223 -35
-175 223 -34
-175 224 -48
-175 224 -43
-175 224 -39
-175 224 -38
-175 224 -36
-175 224 -35
-174 199 -42
-174 200 -42
-174 200 -40
-174 200 -37
-174 201 -43
-174 201 -42
-174 201 -41
-174 201 -40
-174 201 -39
-174 201 -37
-174 201 -36
-174 201 -35
-174 202 -44
-174 202 -43
-174 202 -42
-174 202 -41
-174 202 -40
-174 202 -39
-174 202 -38
-174 202 -37
-174 202 -36
-174 202 -35
-174 202 -34
-174 202 -33
-174 203 -44
-174 203 -43
-174 203 -42
-174 203 -41
-174 203 -40
-174 203 -39
-174 203 -38
-174 203 -37
-174 203 -36
-174 203 -35
-174 203 -34
-174 203 -33
-174 204 -45
-174 204 -44
-174 204 -43
-174 204 -42
-174 204 -41
-174 204 -40
-174 204 -37
-174 204 -36
-174 204 -35
-174 204 -34
-174 204 -33
-174 205 -43
-174 205 -42
-174 205 -40
-174 205 -39
-174 205 -38
-174 205 -37
-174 205 -36
-174 205 -35
-174 205 -34
-174 205 -33
-174 206 -43
-174 206 -42
-174 206 -40
-174 206 -35
-174 206 -33
-174 207 -40
-174 208 -40
-174 211 -35
-174 212 -37
-174 212 -36
-174 212 -34
-174 213 -44
-174 213 -41
-174 213 -40
-174 213 -38
-174 213 -36
-174 213 -35
-174 213 -34
-174 214 -43
-174 214 -41
-174 214 -40
-174 214 -39
-174 214 -38
-174 214 -37
-174 214 -36
-174 214 -35
-174 214 -34
-174 214 -33
-174 215 -44
-174 215 -43
-174 215 -42
-174 215 -41
-174 215 -40
-174 215 -39
-174 215 -38
-174 215 -37
-174 215 -36
-174 215 -35
-174 215 -34
-174 215 -33
-174 216 -45
-174 216 -44
-174 216 -43
-174 216 -42
-174 216 -41
-174 216 -40
-174 216 -39
-174 216 -38
-174 216 -37
-174 216 -36
-174 216 -35
-174 216 -34
-174 216 -33
-174 217 -47
-174 217 -46
-174 217 -45
-174 217 -44
-174 217 -43
-174 217 -42
-174 217 -41
-174 217 -40
-174 217 -39
-174 217 -38
-174 217 -37
-174 217 -36
-174 217 -35
-174 217 -34
-174 217 -33
-174 218 -48
-174 218 -47
-174 218 -46
-174 218 -45
-174 218 -44
-174 218 -43
-174 218 -42
-174 218 -41
-174 218 -40
-174 218 -39
-174 218 -38
-174 218 -37
-174 218 -36
-174 218 -35
-174 218 -34
-174 218 -33
-174 219 -48
-174 219 -47
-174 219 -46
-174 219 -45
-174 219 -44
-174 219 -43
-174 219 -42
-174 219 -41
-174 219 -40
-174 219 -39
-174 219 -38
-174 219 -37
-174 219 -36
-174 219 -35
-174 219 -34
-174 219 -33
-174 220 -48
-174 220 -47
-174 220 -46
-174 220 -45
-174 220 -44
-174 220 -43
-174 220 -42
-174 220 -41
-174 220 -40
-174 220 -39
-174 220 -38
-174 220 -37
-174 220 -36
-174 220 -35
-174 220 -34
-174 220 -33
-174 221 -48
-174 221 -47
-174 221 -46
-174 221 -45
-174 221 -44
-174 221 -43
-174 221 -42
-174 221 -41
-174 221 -40
-174 221 -39
-174 221 -38
-174 221 -37
-174 221 -36
-174 221 -35
-174 221 -34
-174 221 -33
-174 222 -48
-174 222 -47
-174 222 -46
-174 222 -44
-174 222 -43
-174 222 -42
-174 222 -41
-174 222 -38
-174 222 -37
-174 222 -36
-174 222 -35
-174 222 -34
-174 222 -33
-174 223 -48
-174 223 -47
-174 223 -44
-174 223 -43
-174 223 -42
-174 223 -41
-174 223 -40
-174 223 -39
-174 223 -37
-174 223 -36
-174 224 -48
-174 224 -47
-174 224 -44
-174 224 -43
-174 224 -42
-174 224 -39
-174 224 -38
-174 224 -37
-174 224 -36
-174 224 -35
-174 224 -34
-173 199 -43
-173 199 -42
-173 200 -43
-173 200 -42
-173 201 -44
-173 201 -43
-173 201 -42
-173 201 -40
-173 201 -37
-173 201 -35
-173 201 -33
-173 202 -44
-173 202 -43
-173 202 -42
-173 202 -41
-173 202 -40
-173 202 -39
-173 202 -37
-173 202 -36
-173 202 -35
-173 202 -34
-173 202 -33
-173 203 -46
-173 203 -45
-173 203 -44
-173 203 -43
-173 203 -42
-173 203 -41
-173 203 -40
-173 203 -39
-173 203 -38
-173 203 -37
-173 203 -36
-173 203 -35
-173 203 -34
-173 203 -33
-173 204 -45
-173 204 -44
-173 204 -43
-173 204 -42
-173 204 -41
-173 204 -40
-173 204 -39
-173 204 -38
-173 204 -37
-173 204 -36
-173 204 -35
-173 204 -33
-173 205 -45
-173 205 -43
-173 205 -42
-173 205 -41
-173 205 -37
-173 205 -36
-173 205 -35
-173 205 -34
-173 205 -33
-173 206 -43
-173 206 -40
-173 206 -39
-173 206 -38
-173 206 -34
-173 206 -33
-173 207 -40
-173 207 -34
-173 208 -41
-173 208 -40
-173 209 -40
-173 211 -36
-173 211 -35
-173 211 -34
-173 212 -36
-173 212 -35
-173 212 -34
-173 212 -33
-173 213 -44
-173 213 -41
-173 213 -36
-173 213 -35
-173 213 -34
-173 213 -33
-173 214 -44
-173 214 -42
-173 214 -38
-173 214 -36
-173 214 -35
-173 214 -34
-173 214 -33
-173 215 -44
-173 215 -43
-173 215 -42
-173 215 -41
-173 215 -40
-173 215 -38
-173 215 -37
-173 215 -36
-173 215 -35
-173 215 -34
-173 215 -33
-173 216 -47
-173 216 -45
-173 216 -44
-173 216 -43
-173 216 -42
-173 216 -41
-173 216 -40
-173 216 -39
-173 216 -38
-173 216 -37
-173 216 -36
-173 216 -35
-173 216 -34
-173 216 -33
-173 217 -48
-173 217 -47
-173 217 -46
-173 217 -45
-173 217 -44
-173 217 -43
-173 217 -42
-173 217 -41
-173 217 -40
-173 217 -39
-173 217 -38
-173 217 -37
-173 217 -36
-173 217 -35
-173 217 -34
-173 217 -33
-173 218 -48
-173 218 -47
-173 218 -46
-173 218 -45
-173 218 -44
-173 218 -43
-173 218 -42
-173 218 -41
-173 218 -40
-173 218 -39
-173 218 -38
-173 218 -37
-173 218 -36
-173 218 -35
-173 218 -34
-173 218 -33
-173 219 -48
-173 219 -47
-173 219 -46
-173 219 -45
-173 219 -44
-173 219 -43
-173 219 -42
-173 219 -41
-173 219 -40
-173 219 -39
-173 219 -38
-173 219 -37
-173 219 -36
-173 219 -35
-173 219 -34
-173 219 -33
-173 220 -48
-173 220 -47
-173 220 -46
-173 220 -45
-173 220 -44
-173 220 -43
-173 220 -42
-173 220 -41
-173 220 -40
-173 220 -38
-173 220 -37
-173 220 -36
-173 220 -35
-173 220 -34
-173 220 -33
-173 221 -48
-173 221 -47
-173 221 -46
-173 221 -45
-173 221 -44
-173 221 -43
-173 221 -42
-173 221 -41
-173 221 -40
-173 221 -39
-173 221 -38
-173 221 -37
-173 221 -36
-173 221 -35
-173 221 -34
-173 221 -33
-173 222 -48
-173 222 -47
-173 222 -46
-173 222 -45
-173 222 -44
-173 222 -43
-173 222 -42
-173 222 -41
-173 222 -40
-173 222 -39
-173 222 -38
-173 222 -37
-173 222 -36
-173 222 -35
-173 222 -34
-173 222 -33
-173 223 -48
-173 223 -46
-173 223 -45
-173 223 -44
-173 223 -43
-173 223 -42
-173 223 -41
-173 223 -40
-173 223 -39
-173 223 -38
-173 223 -37
-173 223 -36
-173 223 -35
-173 223 -34
-173 223 -33
-173 224 -48
-173 224 -47
-173 224 -43
-173 224 -42
-173 224 -41
-173 224 -38
-173 224 -37
-173 224 -35
-173 224 -33
-172 200 -34
-172 200 -33
-172 201 -44
-172 201 -43
-172 201 -42
-172 201 -41
-172 201 -34
-172 201 -33
-172 202 -46
-172 202 -45
-172 202 -44
-172 202 -43
-172 202 -42
-172 202 -41
-172 202 -40
-172 202 -37
-172 202 -36
-172 202 -35
-172 202 -34
-172 202 -33
-172 203 -45
-172 203 -44
-172 203 -43
-172 203 -42
-172 203 -41
-172 203 -40
-172 203 -39
-172 203 -37
-172 203 -36
-172 203 -35
-172 203 -34
-172 203 -33
-172 204 -44
-172 204 -43
-172 204 -42
-172 204 -41
-172 204 -40
-172 204 -39
-172 204 -38
-172 204 -37
-172 204 -36
-172 204 -35
-172 204 -34
-172 204 -33
-172 205 -43
-172 205 -42
-172 205 -41
-172 205 -40
-172 205 -39
-172 205 -38
-172 205 -37
-172 205 -35
-172 205 -34
-172 205 -33
-172 206 -41
-172 206 -40
-172 206 -39
-172 206 -38
-172 206 -37
-172 206 -34
-172 206 -33
-172 207 -41
-172 207 -40
-172 207 -38
-172 208 -41
-172 208 -40
-172 208 -39
-172 209 -40
-172 210 -40
-172 211 -35
-172 212 -43
-172 212 -36
-172 212 -34
-172 212 -33
-172 213 -44
-172 213 -43
-172 213 -42
-172 213 -35
-172 213 -34
-172 213 -33
-172 214 -44
-172 214 -43
-172 214 -42
-172 214 -41
-172 214 -37
-172 214 -36
-172 214 -35
-172 214 -34
-172 214 -33
-172 215 -48
-172 215 -46
-172 215 -45
-172 215 -44
-172 215 -43
-172 215 -42
-172 215 -41
-172 215 -40
-172 215 -39
-172 215 -37
-172 215 -36
-172 215 -35
-172 215 -34
-172 215 -33
-172 216 -48
-172 216 -47
-172 216 -46
-172 216 -45
-172 216 -44
-172 216 -43
-172 216 -42
-172 216 -41
-172 216 -39
-172 216 -38
-172 216 -37
-172 216 -36
-172 216 -35
-172 216 -34
-172 216 -33
-172 217 -48
-172 217 -47
-172 217 -46
-172 217 -45
-172 217 -44
-172 217 -43
-172 217 -42
-172 217 -41
-172 217 -40
-172 217 -39
-172 217 -38
-172 217 -37
-172 217 -36
-172 217 -35
-172 217 -34
-172 217 -33
-172 218 -48
-172 218 -47
-172 218 -46
-172 218 -45
-172 218 -44
-172 218 -43
-172 218 -42
-172 218 -41
-172 218 -40
-172 218 -39
-172 218 -38
-172 218 -37
-172 218 -36
-172 218 -35
-172 218 -34
-172 218 -33
-172 219 -48
-172 219 -47
-172 219 -46
-172 219 -45
-172 219 -44
-172 219 -43
-172 219 -42
-172 219 -41
-172 219 -40
-172 219 -39
-172 219 -38
-172 219 -37
-172 219 -36
-172 219 -35
-172 219 -34
-172 219 -33
-172 220 -48
-172 220 -47
-172 220 -46
-172 220 -45
-172 220 -44
-172 220 -43
-172 220 -42
-172 220 -41
-172 220 -40
-172 220 -39
-172 220 -38
-172 220 -37
-172 220 -36
-172 220 -35
-172 220 -34
-172 220 -33
-172 221 -48
-172 221 -47
-172 221 -46
-172 221 -45
-172 221 -44
-172 221 -43
-172 221 -42
-172 221 -41
-172 221 -40
-172 221 -39
-172 221 -37
-172 221 -36
-172 221 -35
-172 221 -34
-172 221 -33
-172 222 -48
-172 222 -47
-172 222 -46
-172 222 -45
-172 222 -44
-172 222 -43
-172 222 -42
-172 222 -41
-172 222 -40
-172 222 -39
-172 222 -38
-172 222 -37
-172 222 -36
-172 222 -35
-172 222 -34
-172 222 -33
-172 223 -48
-172 223 -47
-172 223 -46
-172 223 -43
-172 223 -42
-172 223 -40
-172 223 -39
-172 223 -38
-172 223 -37
-172 223 -36
-172 223 -35
-172 223 -33
-172 224 -48
-172 224 -46
-172 224 -43
-172 224 -37
-172 224 -33
-171 200 -44
-171 200 -33
-171 201 -45
-171 201 -44
-171 201 -43
-171 201 -42
-171 201 -34
-171 201 -33
-171 202 -45
-171 202 -44
-171 202 -43
-171 202 -42
-171 202 -41
-171 202 -35
-171 202 -34
-171 202 -33
-171 203 -45
-171 203 -44
-171 203 -43
-171 203 -42
-171 203 -41
-171 203 -36
-171 203 -35
-171 203 -34
-171 203 -33
-171 204 -45
-171 204 -43
-171 204 -42
-171 204 -41
-171 204 -40
-171 204 -38
-171 204 -36
-171 204 -34
-171 204 -33
-171 205 -43
-171 205 -42
-171 205 -41
-171 205 -40
-171 205 -39
-171 205 -38
-171 205 -37
-171 205 -36
-171 205 -35
-171 205 -34
-171 205 -33
-171 206 -44
-171 206 -43
-171 206 -42
-171 206 -41
-171 206 -40
-171 206 -39
-171 206 -38
-171 206 -37
-171 206 -36
-171 206 -35
-171 206 -34
-171 206 -33
-171 207 -44
-171 207 -43
-171 207 -42
-171 207 -41
-171 207 -40
-171 207 -39
-171 207 -38
-171 207 -36
-171 208 -42
-171 208 -41
-171 208 -40
-171 208 -39
-171 209 -42
-171 209 -41
-171 209 -40
-171 209 -39
-171 210 -40
-171 211 -40
-171 211 -34
-171 212 -35
-171 212 -34
-171 213 -43
-171 213 -36
-171 213 -35
-171 213 -34
-171 213 -33
-171 214 -43
-171 214 -42
-171 214 -39
-171 214 -35
-171 214 -34
-171 214 -33
-171 215 -48
-171 215 -45
-171 215 -44
-171 215 -43
-171 215 -41
-171 215 -40
-171 215 -39
-171 215 -37
-171 215 -36
-171 215 -35
-171 215 -34
-171 215 -33
-171 216 -48
-171 216 -44
-171 216 -43
-171 216 -42
-171 216 -41
-171 216 -40
-171 216 -39
-171 216 -38
-171 216 -37
-171 216 -36
-171 216 -35
-171 216 -34
-171 216 -33
-171 217 -48
-171 217 -47
-171 217 -46
-171 217 -45
-171 217 -44
-171 217 -43
-171 217 -42
-171 217 -41
-171 217 -40
-171 217 -39
-171 217 -38
-171 217 -37
-171 217 -36
-171 217 -35
-171 217 -34
-171 217 -33
-171 218 -48
-171 218 -46
-171 218 -45
-171 218 -44
-171 218 -43
-171 218 -42
-171 218 -41
-171 218 -40
-171 218 -39
-171 218 -38
-171 218 -37
-171 218 -36
-171 218 -35
-171 218 -34
-171 218 -33
-171 219 -48
-171 219 -47
-171 219 -46
-171 219 -45
-171 219 -44
-171 219 -43
-171 219 -42
-171 219 -41
-171 219 -39
-171 219 -37
-171 219 -36
-171 219 -35
-171 219 -34
-171 219 -33
-171 220 -48
-171 220 -47
-171 220 -46
-171 220 -45
-171 220 -44
-171 220 -43
-171 220 -42
-171 220 -41
-171 220 -40
-171 220 -39
-171 220 -38
-171 220 -37
-171 220 -36
-171 220 -35
-171 220 -34
-171 220 -33
-171 221 -48
-171 221 -47
-171 221 -46
-171 221 -45
-171 221 -44
-171 221 -43
-171 221 -42
-171 221 -41
-171 221 -40
-171 221 -39
-171 221 -38
-171 221 -37
-171 221 -36
-171 221 -35
-171 221 -34
-171 221 -33
-171 222 -48
-171 222 -47
-171 222 -46
-171 222 -45
-171 222 -44
-171 222 -43
-171 222 -42
-171 222 -41
-171 222 -37
-171 222 -36
-171 222 -33
-171 223 -48
-171 223 -47
-171 223 -46
-171 223 -45
-171 223 -44
-171 223 -43
-171 223 -42
-171 223 -37
-171 223 -35
-171 223 -33
-171 224 -48
-171 224 -44
-171 224 -43
-171 224 -33
-170 200 -33
-170 201 -44
-170 201 -43
-170 201 -34
-170 201 -33
-170 202 -46
-170 202 -45
-170 202 -44
-170 202 -43
-170 202 -42
-170 202 -35
-170 202 -34
-170 202 -33
-170 203 -46
-170 203 -45
-170 203 -44
-170 203 -43
-170 203 -37
-170 203 -35
-170 203 -34
-170 203 -33
-170 204 -46
-170 204 -45
-170 204 -44
-170 204 -43
-170 204 -41
-170 204 -40
-170 204 -38
-170 204 -37
-170 204 -34
-170 204 -33
-170 205 -45
-170 205 -44
-170 205 -43
-170 205 -42
-170 205 -41
-170 205 -40
-170 205 -39
-170 205 -38
-170 205 -37
-170 205 -36
-170 205 -35
-170 205 -34
-170 205 -33
-170 206 -44
-170 206 -43
-170 206 -42
-170 206 -41
-170 206 -40
-170 206 -39
-170 206 -38
-170 206 -37
-170 206 -36
-170 206 -35
-170 206 -34
-170 206 -33
-170 207 -44
-170 207 -42
-170 207 -41
-170 207 -40
-170 207 -39
-170 207 -38
-170 207 -37
-170 207 -36
-170 207 -35
-170 208 -42
-170 208 -41
-170 208 -40
-170 208 -39
-170 208 -37
-170 208 -36
-170 208 -35
-170 209 -40
-170 212 -34
-170 212 -33
-170 213 -43
-170 213 -42
-170 213 -41
-170 213 -36
-170 213 -35
-170 213 -34
-170 213 -33
-170 214 -47
-170 214 -45
-170 214 -44
-170 214 -43
-170 214 -42
-170 214 -41
-170 214 -40
-170 214 -36
-170 214 -35
-170 214 -34
-170 214 -33
-170 215 -48
-170 215 -47
-170 215 -45
-170 215 -44
-170 215 -43
-170 215 -42
-170 215 -41
-170 215 -40
-170 215 -39
-170 215 -38
-170 215 -37
-170 215 -35
-170 215 -34
-170 215 -33
-170 216 -48
-170 216 -47
-170 216 -46
-170 216 -45
-170 216 -44
-170 216 -43
-170 216 -42
-170 216 -41
-170 216 -40
-170 216 -39
-170 216 -38
-170 216 -37
-170 216 -36
-170 216 -35
-170 216 -34
-170 216 -33
-170 217 -48
-170 217 -47
-170 217 -46
-170 217 -45
-170 217 -44
-170 217 -43
-170 217 -42
-170 217 -41
-170 217 -40
-170 217 -39
-170 217 -38
-170 217 -37
-170 217 -36
-170 217 -35
-170 217 -34
-170 217 -33
-170 218 -48
-170 218 -47
-170 218 -46
-170 218 -45
-170 218 -44
-170 218 -43
-170 218 -42
-170 218 -41
-170 218 -40
-170 218 -39
-170 218 -38
-170 218 -37
-170 218 -36
-170 218 -35
-170 218 -34
-170 218 -33
-170 219 -48
-170 219 -47
-170 219 -46
-170 219 -45
-170 219 -44
-170 219 -43
-170 219 -42
-170 219 -41
-170 219 -40
-170 219 -39
-170 219 -38
-170 219 -37
-170 219 -36
-170 219 -35
-170 219 -34
-170 219 -33
-170 220 -48
-170 220 -47
-170 220 -46
-170 220 -45
-170 220 -44
-170 220 -43
-170 220 -42
-170 220 -41
-170 220 -40
-170 220 -39
-170 220 -38
-170 220 -37
-170 220 -36
-170 220 -35
-170 220 -34
-170 220 -33
-170 221 -48
-170 221 -47
-170 221 -46
-170 221 -45
-170 221 -44
-170 221 -43
-170 221 -42
-170 221 -41
-170 221 -40
-170 221 -39
-170 221 -38
-170 221 -37
-170 221 -36
-170 221 -35
-170 221 -34
-170 221 -33
-170 222 -48
-170 222 -47
-170 222 -46
-170 222 -45
-170 222 -44
-170 222 -43
-170 222 -42
-170 222 -41
-170 222 -40
-170 222 -39
-170 222 -36
-170 222 -35
-170 222 -34
-170 222 -33
-170 223 -48
-170 223 -47
-170 223 -45
-170 223 -44
-170 223 -43
-170 223 -42
-170 223 -41
-170 223 -35
-170 223 -34
-170 223 -33
-170 224 -48
-170 224 -41
-170 224 -35
-170 224 -33
-169 200 -45
-169 200 -34
-169 200 -33
-169 201 -46
-169 201 -45
-169 201 -44
-169 201 -43
-169 201 -34
-169 201 -33
-169 202 -46
-169 202 -45
-169 202 -44
-169 202 -43
-169 202 -42
-169 202 -41
-169 202 -35
-169 202 -34
-169 202 -33
-169 203 -47
-169 203 -46
-169 203 -45
-169 203 -44
-169 203 -43
-169 203 -42
-169 203 -41
-169 203 -38
-169 203 -37
-169 203 -36
-169 203 -34
-169 203 -33
-169 204 -47
-169 204 -45
-169 204 -44
-169 204 -43
-169 204 -42
-169 204 -41
-169 204 -40
-169 204 -38
-169 204 -37
-169 204 -36
-169 204 -34
-169 204 -33
-169 205 -46
-169 205 -45
-169 205 -44
-169 205 -43
-169 205 -42
-169 205 -41
-169 205 -40
-169 205 -39
-169 205 -38
-169 205 -37
-169 205 -36
-169 205 -35
-169 205 -34
-169 205 -33
-169 206 -43
-169 206 -42
-169 206 -41
-169 206 -40
-169 206 -39
-169 206 -38
-169 206 -37
-169 206 -34
-169 207 -43
-169 207 -42
-169 207 -41
-169 207 -40
-169 207 -39
-169 207 -38
-169 207 -37
-169 207 -36
-169 207 -35
-169 208 -41
-169 208 -40
-169 208 -38
-169 208 -37
-169 209 -41
-169 209 -40
-169 210 -40
-169 213 -34
-169 213 -33
-169 214 -46
-169 214 -44
-169 214 -40
-169 214 -39
-169 214 -37
-169 214 -36
-169 214 -35
-169 214 -34
-169 214 -33
-169 215 -48
-169 215 -47
-169 215 -46
-169 215 -45
-169 215 -44
-169 215 -43
-169 215 -42
-169 215 -41
-169 215 -40
-169 215 -39
-169 215 -38
-169 215 -37
-169 215 -36
-169 215 -35
-169 215 -34
-169 215 -33
-169 216 -48
-169 216 -47
-169 216 -46
-169 216 -45
-169 216 -44
-169 216 -43
-169 216 -42
-169 216 -41
-169 216 -40
-169 216 -39
-169 216 -38
-169 216 -37
-169 216 -36
-169 216 -35
-169 216 -34
-169 216 -33
-169 217 -48
-169 217 -47
-169 217 -46
-169 217 -45
-169 217 -44
-169 217 -43
-169 217 -42
-169 217 -41
-169 217 -40
-169 217 -39
-169 217 -38
-169 217 -37
-169 217 -36
-169 217 -35
-169 217 -34
-169 217 -33
-169 218 -48
-169 218 -47
-169 218 -46
-169 218 -45
-169 218 -44
-169 218 -43
-169 218 -42
-169 218 -41
-169 218 -40
-169 218 -39
-169 218 -38
-169 218 -36
-169 218 -35
-169 218 -34
-169 218 -33
-169 219 -48
-169 219 -47
-169 219 -46
-169 219 -45
-169 219 -44
-169 219 -43
-169 219 -42
-169 219 -41
-169 219 -40
-169 219 -39
-169 219 -38
-169 219 -37
-169 219 -36
-169 219 -35
-169 219 -34
-169 219 -33
-169 220 -48
-169 220 -47
-169 220 -46
-169 220 -45
-169 220 -44
-169 220 -43
-169 220 -42
-169 220 -41
-169 220 -40
-169 220 -39
-169 220 -38
-169 220 -37
-169 220 -36
-169 220 -35
-169 220 -34
-169 220 -33
-169 221 -48
-169 221 -47
-169 221 -46
-169 221 -45
-169 221 -44
-169 221 -43
-169 221 -42
-169 221 -41
-169 221 -39
-169 221 -38
-169 221 -36
-169 221 -35
-169 221 -34
-169 221 -33
-169 222 -48
-169 222 -47
-169 222 -46
-169 222 -44
-169 222 -43
-169 222 -42
-169 222 -41
-169 222 -40
-169 222 -36
-169 222 -35
-169 222 -34
-169 222 -33
-169 223 -48
-169 223 -47
-169 223 -46
-169 223 -45
-169 223 -44
-169 223 -35
-169 223 -34
-169 223 -33
-169 224 -48
-169 224 -47
-169 224 -45
-169 224 -44
-169 224 -35
-169 224 -33
-168 200 -46
-168 201 -47
-168 201 -46
-168 201 -34
-168 202 -47
-168 202 -46
-168 202 -44
-168 202 -38
-168 202 -37
-168 202 -36
-168 202 -34
-168 202 -33
-168 203 -47
-168 203 -46
-168 203 -45
-168 203 -44
-168 203 -43
-168 203 -42
-168 203 -39
-168 203 -38
-168 203 -37
-168 203 -35
-168 203 -34
-168 203 -33
-168 204 -46
-168 204 -45
-168 204 -44
-168 204 -43
-168 204 -42
-168 204 -41
-168 204 -40
-168 204 -38
-168 204 -37
-168 204 -36
-168 204 -34
-168 204 -33
-168 205 -45
-168 205 -44
-168 205 -43
-168 205 -42
-168 205 -41
-168 205 -40
-168 205 -39
-168 205 -38
-168 205 -37
-168 205 -36
-168 205 -35
-168 205 -34
-168 205 -33
-168 206 -45
-168 206 -44
-168 206 -43
-168 206 -42
-168 206 -41
-168 206 -40
-168 206 -39
-168 206 -38
-168 206 -37
-168 206 -36
-168 206 -35
-168 206 -34
-168 207 -43
-168 207 -42
-168 207 -41
-168 207 -40
-168 207 -39
-168 207 -38
-168 207 -37
-168 207 -36
-168 207 -35
-168 208 -43
-168 208 -42
-168 208 -41
-168 208 -40
-168 208 -39
-168 208 -36
-168 209 -43
-168 209 -42
-168 209 -40
-168 209 -39
-168 210 -42
-168 212 -42
-168 213 -43
-168 213 -34
-168 214 -46
-168 214 -45
-168 214 -44
-168 214 -43
-168 214 -42
-168 214 -41
-168 214 -40
-168 214 -39
-168 214 -38
-168 214 -36
-168 214 -35
-168 214 -34
-168 214 -33
-168 215 -48
-168 215 -47
-168 215 -46
-168 215 -45
-168 215 -44
-168 215 -43
-168 215 -42
-168 215 -41
-168 215 -40
-168 215 -39
-168 215 -38
-168 215 -37
-168 215 -36
-168 215 -35
-168 215 -34
-168 215 -33
-168 216 -48
-168 216 -47
-168 216 -46
-168 216 -45
-168 216 -44
-168 216 -43
-168 216 -42
-168 216 -41
-168 216 -40
-168 216 -39
-168 216 -38
-168 216 -37
-168 216 -36
-168 216 -35
-168 216 -34
-168 216 -33
-168 217 -48
-168 217 -47
-168 217 -46
-168 217 -45
-168 217 -44
-168 217 -43
-168 217 -42
-168 217 -41
-168 217 -40
-168 217 -39
-168 217 -38
-168 217 -37
-168 217 -36
-168 217 -35
-168 217 -34
-168 217 -33
-168 218 -48
-168 218 -47
-168 218 -46
-168 218 -45
-168 218 -44
-168 218 -43
-168 218 -42
-168 218 -41
-168 218 -40
-168 218 -39
-168 218 -38
-168 218 -37
-168 218 -36
-168 218 -35
-168 218 -34
-168 218 -33
-168 219 -48
-168 219 -47
-168 219 -46
-168 219 -45
-168 219 -44
-168 219 -43
-168 219 -42
-168 219 -41
-168 219 -40
-168 219 -39
-168 219 -37
-168 219 -36
-168 219 -35
-168 219 -34
-168 219 -33
-168 220 -48
-168 220 -47
-168 220 -46
-168 220 -45
-168 220 -44
-168 220 -43
-168 220 -42
-168 220 -41
-168 220 -39
-168 220 -38
-168 220 -37
-168 220 -36
-168 220 -35
-168 220 -34
-168 220 -33
-168 221 -47
-168 221 -46
-168 221 -45
-168 221 -44
-168 221 -43
-168 221 -42
-168 221 -41
-168 221 -40
-168 221 -38
-168 221 -37
-168 221 -35
-168 221 -34
-168 221 -33
-168 222 -48
-168 222 -47
-168 222 -46
-168 222 -45
-168 222 -44
-168 222 -41
-168 222 -37
-168 222 -36
-168 222 -34
-168 222 -33
-168 223 -48
-168 223 -47
-168 223 -46
-168 223 -45
-168 223 -44
-168 223 -35
-168 223 -33
-168 224 -48
-168 224 -47
-168 224 -46
-167 201 -45
-167 201 -44
-167 201 -43
-167 201 -37
-167 201 -36
-167 202 -47
-167 202 -46
-167 202 -45
-167 202 -44
-167 202 -43
-167 202 -37
-167 202 -36
-167 202 -35
-167 203 -46
-167 203 -45
-167 203 -44
-167 203 -43
-167 203 -42
-167 203 -40
-167 203 -39
-167 203 -38
-167 203 -37
-167 203 -36
-167 203 -35
-167 203 -34
-167 204 -45
-167 204 -44
-167 204 -43
-167 204 -42
-167 204 -41
-167 204 -40
-167 204 -39
-167 204 -38
-167 204 -37
-167 204 -36
-167 204 -35
-167 204 -34
-167 204 -33
-167 205 -46
-167 205 -45
-167 205 -44
-167 205 -43
-167 205 -42
-167 205 -41
-167 205 -40
-167 205 -39
-167 205 -38
-167 205 -37
-167 205 -36
-167 205 -35
-167 205 -34
-167 205 -33
-167 206 -43
-167 206 -42
-167 206 -41
-167 206 -40
-167 206 -39
-167 206 -38
-167 206 -37
-167 206 -36
-167 206 -35
-167 206 -34
-167 206 -33
-167 207 -42
-167 207 -41
-167 207 -40
-167 207 -39
-167 207 -38
-167 207 -37
-167 207 -35
-167 207 -34
-167 208 -41
-167 208 -38
-167 208 -37
-167 209 -42
-167 212 -43
-167 212 -42
-167 213 -45
-167 213 -44
-167 213 -43
-167 213 -41
-167 213 -34
-167 213 -33
-167 214 -47
-167 214 -46
-167 214 -45
-167 214 -43
-167 214 -42
-167 214 -40
-167 214 -39
-167 214 -38
-167 214 -36
-167 214 -35
-167 214 -34
-167 214 -33
-167 215 -48
-167 215 -47
-167 215 -46
-167 215 -45
-167 215 -44
-167 215 -43
-167 215 -42
-167 215 -41
-167 215 -40
-167 215 -39
-167 215 -37
-167 215 -36
-167 215 -35
-167 215 -34
-167 215 -33
-167 216 -48
-167 216 -47
-167 216 -46
-167 216 -45
-167 216 -44
-167 216 -43
-167 216 -42
-167 216 -40
-167 216 -39
-167 216 -38
-167 216 -37
-167 216 -36
-167 216 -35
-167 216 -34
-167 216 -33
-167 217 -48
-167 217 -47
-167 217 -46
-167 217 -45
-167 217 -44
-167 217 -43
-167 217 -42
-167 217 -41
-167 217 -40
-167 217 -39
-167 217 -38
-167 217 -37
-167 217 -36
-167 217 -35
-167 217 -34
-167 217 -33
-167 218 -48
-167 218 -47
-167 218 -46
-167 218 -45
-167 218 -44
-167 218 -43
-167 218 -42
-167 218 -41
-167 218 -40
-167 218 -39
-167 218 -37
-167 218 -36
-167 218 -35
-167 218 -34
-167 218 -33
-167 219 -48
-167 219 -47
-167 219 -46
-167 219 -45
-167 219 -44
-167 219 -43
-167 219 -42
-167 219 -41
-167 219 -40
-167 219 -39
-167 219 -38
-167 219 -37
-167 219 -36
-167 219 -35
-167 219 -34
-167 219 -33
-167 220 -48
-167 220 -47
-167 220 -46
-167 220 -45
-167 220 -44
-167 220 -43
-167 220 -42
-167 220 -41
-167 220 -40
-167 220 -38
-167 220 -37
-167 220 -36
-167 220 -35
-167 220 -34
-167 220 -33
-167 221 -48
-167 221 -47
-167 221 -46
-167 221 -45
-167 221 -43
-167 221 -42
-167 221 -40
-167 221 -36
-167 221 -35
-167 221 -34
-167 221 -33
-167 222 -48
-167 222 -47
-167 222 -46
-167 222 -45
-167 222 -43
-167 222 -42
-167 222 -41
-167 222 -35
-167 222 -34
-167 223 -48
-167 223 -47
-167 223 -46
-167 223 -45
-167 223 -42
-167 223 -34
-167 223 -33
-167 224 -48
-167 224 -47
-167 224 -46
-166 200 -43
-166 200 -42
-166 201 -44
-166 201 -43
-166 201 -42
-166 201 -41
-166 201 -38
-166 201 -37
-166 202 -46
-166 202 -45
-166 202 -44
-166 202 -43
-166 202 -42
-166 202 -40
-166 202 -38
-166 202 -37
-166 202 -36
-166 202 -33
-166 203 -45
-166 203 -44
-166 203 -43
-166 203 -42
-166 203 -41
-166 203 -40
-166 203 -39
-166 203 -38
-166 203 -37
-166 203 -36
-166 203 -35
-166 203 -34
-166 203 -33
-166 204 -45
-166 204 -44
-166 204 -43
-166 204 -42
-166 204 -41
-166 204 -40
-166 204 -39
-166 204 -38
-166 204 -37
-166 204 -36
-166 204 -35
-166 204 -34
-166 204 -33
-166 205 -45
-166 205 -44
-166 205 -42
-166 205 -41
-166 205 -40
-166 205 -39
-166 205 -38
-166 205 -37
-166 205 -36
-166 205 -35
-166 205 -34
-166 205 -33
-166 206 -40
-166 206 -39
-166 206 -38
-166 206 -37
-166 206 -36
-166 206 -35
-166 206 -34
-166 206 -33
-166 207 -42
-166 207 -40
-166 207 -39
-166 207 -38
-166 207 -37
-166 207 -36
-166 207 -35
-166 207 -34
-166 208 -34
-166 212 -42
-166 212 -41
-166 212 -40
-166 213 -46
-166 213 -45
-166 213 -44
-166 213 -43
-166 213 -42
-166 213 -41
-166 213 -40
-166 213 -33
-166 214 -46
-166 214 -45
-166 214 -44
-166 214 -43
-166 214 -42
-166 214 -40
-166 214 -39
-166 214 -38
-166 214 -35
-166 214 -34
-166 214 -33
-166 215 -48
-166 215 -46
-166 215 -45
-166 215 -44
-166 215 -43
-166 215 -42
-166 215 -41
-166 215 -40
-166 215 -39
-166 215 -38
-166 215 -37
-166 215 -36
-166 215 -35
-166 215 -34
-166 215 -33
-166 216 -47
-166 216 -46
-166 216 -45
-166 216 -44
-166 216 -43
-166 216 -42
-166 216 -41
-166 216 -40
-166 216 -39
-166 216 -38
-166 216 -37
-166 216 -36
-166 216 -34
-166 216 -33
-166 217 -48
-166 217 -47
-166 217 -46
-166 217 -45
-166 217 -44
-166 217 -43
-166 217 -42
-166 217 -41
-166 217 -40
-166 217 -39
-166 217 -38
-166 217 -37
-166 217 -36
-166 217 -35
-166 217 -34
-166 217 -33
-166 218 -48
-166 218 -47
-166 218 -46
-166 218 -45
-166 218 -44
-166 218 -43
-166 218 -42
-166 218 -41
-166 218 -40
-166 218 -39
-166 218 -38
-166 218 -37
-166 218 -36
-166 218 -35
-166 218 -34
-166 218 -33
-166 219 -48
-166 219 -47
-166 219 -46
-166 219 -45
-166 219 -44
-166 219 -43
-166 219 -42
-166 219 -41
-166 219 -40
-166 219 -39
-166 219 -38
-166 219 -37
-166 219 -36
-166 219 -35
-166 219 -34
-166 219 -33
-166 220 -48
-166 220 -47
-166 220 -46
-166 220 -45
-166 220 -44
-166 220 -43
-166 220 -42
-166 220 -41
-166 220 -40
-166 220 -39
-166 220 -36
-166 220 -35
-166 220 -34
-166 220 -33
-166 221 -48
-166 221 -47
-166 221 -46
-166 221 -45
-166 221 -43
-166 221 -42
-166 221 -41
-166 221 -40
-166 221 -39
-166 221 -36
-166 221 -35
-166 221 -34
-166 221 -33
-166 222 -48
-166 222 -47
-166 222 -46
-166 222 -42
-166 222 -40
-166 222 -34
-166 222 -33
-166 223 -48
-166 223 -46
-166 223 -34
-166 223 -33
-165 199 -43
-165 199 -42
-165 199 -33
-165 200 -43
-165 200 -42
-165 200 -38
-165 200 -33
-165 201 -44
-165 201 -43
-165 201 -42
-165 201 -41
-165 201 -40
-165 201 -38
-165 201 -37
-165 201 -34
-165 202 -44
-165 202 -43
-165 202 -42
-165 202 -41
-165 202 -40
-165 202 -39
-165 202 -38
-165 202 -37
-165 202 -36
-165 202 -35
-165 202 -34
-165 202 -33
-165 203 -46
-165 203 -45
-165 203 -44
-165 203 -43
-165 203 -42
-165 203 -41
-165 203 -40
-165 203 -39
-165 203 -38
-165 203 -37
-165 203 -36
-165 203 -35
-165 203 -34
-165 203 -33
-165 204 -44
-165 204 -43
-165 204 -42
-165 204 -41
-165 204 -40
-165 204 -39
-165 204 -38
-165 204 -37
-165 204 -36
-165 204 -35
-165 204 -34
-165 204 -33
-165 205 -43
-165 205 -42
-165 205 -41
-165 205 -40
-165 205 -39
-165 205 -38
-165 205 -37
-165 205 -36
-165 205 -35
-165 205 -34
-165 205 -33
-165 206 -42
-165 206 -41
-165 206 -40
-165 206 -39
-165 206 -38
-165 206 -37
-165 206 -36
-165 206 -35
-165 206 -34
-165 206 -33
-165 207 -39
-165 207 -38
-165 207 -37
-165 207 -36
-165 207 -35
-165 207 -34
-165 207 -33
-165 208 -39
-165 208 -36
-165 213 -45
-165 213 -43
-165 213 -42
-165 213 -41
-165 213 -38
-165 213 -33
-165 214 -46
-165 214 -45
-165 214 -44
-165 214 -43
-165 214 -42
-165 214 -41
-165 214 -40
-165 214 -38
-165 214 -33
-165 215 -47
-165 215 -46
-165 215 -45
-165 215 -44
-165 215 -43
-165 215 -42
-165 215 -41
-165 215 -40
-165 215 -39
-165 215 -38
-165 215 -37
-165 215 -36
-165 215 -34
-165 215 -33
-165 216 -47
-165 216 -46
-165 216 -45
-165 216 -44
-165 216 -43
-165 216 -42
-165 216 -41
-165 216 -40
-165 216 -39
-165 216 -38
-165 216 -36
-165 216 -35
-165 216 -34
-165 216 -33
-165 217 -48
-165 217 -47
-165 217 -46
-165 217 -45
-165 217 -44
-165 217 -43
-165 217 -42
-165 217 -41
-165 217 -40
-165 217 -39
-165 217 -38
-165 217 -37
-165 217 -36
-165 217 -35
-165 217 -34
-165 217 -33
-165 218 -48
-165 218 -47
-165 218 -46
-165 218 -45
-165 218 -44
-165 218 -43
-165 218 -42
-165 218 -41
-165 218 -40
-165 218 -39
-165 218 -38
-165 218 -35
-165 218 -34
-165 218 -33
-165 219 -48
-165 219 -47
-165 219 -46
-165 219 -45
-165 219 -44
-165 219 -43
-165 219 -42
-165 219 -41
-165 219 -40
-165 219 -39
-165 219 -38
-165 219 -37
-165 219 -35
-165 219 -34
-165 219 -33
-165 220 -48
-165 220 -47
-165 220 -46
-165 220 -45
-165 220 -44
-165 220 -43
-165 220 -42
-165 220 -41
-165 220 -40
-165 220 -39
-165 220 -38
-165 220 -36
-165 220 -35
-165 220 -34
-165 220 -33
-165 221 -48
-165 221 -47
-165 221 -46
-165 221 -45
-165 221 -44
-165 221 -43
-165 221 -42
-165 221 -41
-165 221 -40
-165 221 -39
-165 221 -35
-165 221 -34
-165 221 -33
-165 222 -48
-165 222 -47
-165 222 -46
-165 222 -45
-165 222 -36
-165 222 -35
-165 222 -34
-165 222 -33
-165 223 -35
-165 223 -34
-165 223 -33
-165 224 -33
-164 199 -43
-164 199 -38
-164 199 -36
-164 199 -33
-164 200 -43
-164 200 -39
-164 200 -38
-164 200 -35
-164 200 -33
-164 201 -42
-164 201 -41
-164 201 -40
-164 201 -39
-164 201 -38
-164 201 -37
-164 201 -35
-164 201 -34
-164 201 -33
-164 202 -44
-164 202 -43
-164 202 -42
-164 202 -41
-164 202 -40
-164 202 -39
-164 202 -38
-164 202 -37
-164 202 -36
-164 202 -35
-164 202 -34
-164 202 -33
-164 203 -45
-164 203 -44
-164 203 -43
-164 203 -42
-164 203 -41
-164 203 -40
-164 203 -39
-164 203 -38
-164 203 -37
-164 203 -36
-164 203 -35
-164 203 -34
-164 203 -33
-164 204 -46
-164 204 -45
-164 204 -44
-164 204 -43
-164 204 -42
-164 204 -41
-164 204 -40
-164 204 -39
-164 204 -38
-164 204 -37
-164 204 -36
-164 204 -35
-164 204 -34
-164 204 -33
-164 205 -45
-164 205 -44
-164 205 -43
-164 205 -42
-164 205 -41
-164 205 -40
-164 205 -39
-164 205 -38
-164 205 -37
-164 205 -36
-164 205 -35
-164 205 -34
-164 205 -33
-164 206 -44
-164 206 -39
-164 206 -38
-164 206 -37
-164 206 -36
-164 206 -35
-164 206 -34
-164 206 -33
-164 207 -40
-164 207 -39
-164 207 -36
-164 207 -35
-164 207 -33
-164 208 -39
-164 212 -45
-164 213 -47
-164 213 -46
-164 213 -45
-164 213 -44
-164 213 -43
-164 213 -41
-164 214 -47
-164 214 -46
-164 214 -45
-164 214 -44
-164 214 -43
-164 214 -42
-164 214 -41
-164 214 -40
-164 214 -39
-164 214 -33
-164 215 -48
-164 215 -47
-164 215 -46
-164 215 -45
-164 215 -44
-164 215 -43
-164 215 -42
-164 215 -41
-164 215 -40
-164 215 -39
-164 215 -38
-164 215 -35
-164 215 -34
-164 215 -33
-164 216 -48
-164 216 -47
-164 216 -46
-164 216 -45
-164 216 -44
-164 216 -43
-164 216 -42
-164 216 -41
-164 216 -40
-164 216 -39
-164 216 -38
-164 216 -36
-164 216 -34
-164 217 -48
-164 217 -47
-164 217 -46
-164 217 -45
-164 217 -44
-164 217 -43
-164 217 -42
-164 217 -41
-164 217 -40
-164 217 -39
-164 217 -38
-164 217 -36
-164 217 -35
-164 217 -34
-164 217 -33
-164 218 -48
-164 218 -47
-164 218 -46
-164 218 -45
-164 218 -44
-164 218 -43
-164 218 -42
-164 218 -41
-164 218 -40
-164 218 -39
-164 218 -38
-164 218 -36
-164 218 -35
-164 218 -34
-164 218 -33
-164 219 -48
-164 219 -47
-164 219 -46
-164 219 -45
-164 219 -44
-164 219 -43
-164 219 -42
-164 219 -41
-164 219 -40
-164 219 -39
-164 219 -38
-164 219 -36
-164 219 -35
-164 219 -34
-164 219 -33
-164 220 -48
-164 220 -47
-164 220 -46
-164 220 -45
-164 220 -44
-164 220 -43
-164 220 -42
-164 220 -41
-164 220 -40
-164 220 -39
-164 220 -35
-164 220 -33
-164 221 -48
-164 221 -47
-164 221 -46
-164 221 -45
-164 221 -44
-164 221 -42
-164 221 -41
-164 221 -40
-164 221 -39
-164 221 -38
-164 221 -37
-164 221 -35
-164 221 -34
-164 221 -33
-164 222 -48
-164 222 -47
-164 222 -46
-164 222 -45
-164 222 -42
-164 222 -34
-164 222 -33
-164 223 -45
-164 223 -37
-164 223 -36
-164 223 -35
-164 223 -34
-164 223 -33
-164 224 -34
-164 224 -33
-163 198 -38
-163 199 -38
-163 199 -36
-163 199 -35
-163 200 -41
-163 200 -39
-163 200 -38
-163 200 -37
-163 200 -36
-163 200 -35
-163 200 -34
-163 200 -33
-163 201 -44
-163 201 -42
-163 201 -41
-163 201 -40
-163 201 -39
-163 201 -38
-163 201 -37
-163 201 -36
-163 201 -35
-163 201 -34
-163 201 -33
-163 202 -45
-163 202 -44
-163 202 -42
-163 202 -41
-163 202 -40
-163 202 -39
-163 202 -38
-163 202 -37
-163 202 -36
-163 202 -35
-163 202 -34
-163 202 -33
-163 203 -44
-163 203 -43
-163 203 -42
-163 203 -41
-163 203 -40
-163 203 -39
-163 203 -38
-163 203 -37
-163 203 -36
-163 203 -35
-163 203 -34
-163 203 -33
-163 204 -45
-163 204 -43
-163 204 -42
-163 204 -41
-163 204 -40
-163 204 -39
-163 204 -38
-163 204 -37
-163 204 -36
-163 204 -35
-163 204 -34
-163 204 -33
-163 205 -40
-163 205 -39
-163 205 -38
-163 205 -37
-163 205 -36
-163 205 -35
-163 205 -34
-163 205 -33
-163 206 -39
-163 206 -38
-163 206 -35
-163 206 -34
-163 212 -41
-163 213 -45
-163 213 -44
-163 213 -42
-163 213 -41
-163 213 -40
-163 214 -47
-163 214 -46
-163 214 -45
-163 214 -44
-163 214 -43
-163 214 -42
-163 214 -41
-163 214 -40
-163 214 -39
-163 215 -47
-163 215 -46
-163 215 -45
-163 215 -44
-163 215 -43
-163 215 -42
-163 215 -41
-163 215 -40
-163 215 -39
-163 215 -38
-163 215 -37
-163 215 -36
-163 215 -33
-163 216 -48
-163 216 -47
-163 216 -46
-163 216 -45
-163 216 -44
-163 216 -43
-163 216 -42
-163 216 -41
-163 216 -40
-163 216 -39
-163 216 -38
-163 216 -37
-163 216 -36
-163 216 -35
-163 216 -34
-163 216 -33
-163 217 -48
-163 217 -47
-163 217 -46
-163 217 -45
-163 217 -44
-163 217 -43
-163 217 -42
-163 217 -41
-163 217 -40
-163 217 -39
-163 217 -38
-163 217 -37
-163 217 -36
-163 217 -35
-163 217 -34
-163 217 -33
-163 218 -48
-163 218 -47
-163 218 -46
-163 218 -45
-163 218 -44
-163 218 -43
-163 218 -42
-163 218 -41
-163 218 -40
-163 218 -39
-163 218 -38
-163 218 -37
-163 218 -36
-163 218 -35
-163 218 -34
-163 218 -33
-163 219 -48
-163 219 -47
-163 219 -46
-163 219 -45
-163 219 -44
-163 219 -43
-163 219 -42
-163 219 -41
-163 219 -40
-163 219 -39
-163 219 -37
-163 219 -36
-163 219 -35
-163 219 -34
-163 219 -33
-163 220 -48
-163 220 -47
-163 220 -46
-163 220 -45
-163 220 -44
-163 220 -43
-163 220 -42
-163 220 -41
-163 220 -40
-163 220 -39
-163 220 -37
-163 220 -36
-163 220 -35
-163 220 -34
-163 220 -33
-163 221 -48
-163 221 -47
-163 221 -46
-163 221 -45
-163 221 -44
-163 221 -43
-163 221 -42
-163 221 -41
-163 221 -40
-163 221 -39
-163 221 -38
-163 221 -37
-163 221 -36
-163 221 -35
-163 221 -34
-163 221 -33
-163 222 -48
-163 222 -47
-163 222 -46
-163 222 -45
-163 222 -44
-163 222 -43
-163 222 -42
-163 222 -41
-163 222 -40
-163 222 -38
-163 222 -37
-163 222 -36
-163 222 -35
-163 222 -34
-163 222 -33
-163 223 -48
-163 223 -47
-163 223 -46
-163 223 -42
-163 223 -41
-163 223 -40
-163 223 -38
-163 223 -36
-163 223 -35
-163 223 -34
-163 223 -33
-163 224 -47
-163 224 -41
-163 224 -37
-163 224 -36
-163 224 -34
-163 224 -33
-162 193 -37
-162 193 -36
-162 193 -35
-162 194 -38
-162 195 -36
-162 197 -38
-162 198 -39
-162 198 -38
-162 198 -37
-162 198 -36
-162 198 -35
-162 199 -39
-162 199 -38
-162 199 -37
-162 199 -36
-162 199 -35
-162 199 -34
-162 200 -42
-162 200 -41
-162 200 -40
-162 200 -39
-162 200 -38
-162 200 -37
-162 200 -36
-162 200 -35
-162 200 -34
-162 200 -33
-162 201 -42
-162 201 -41
-162 201 -40
-162 201 -39
-162 201 -38
-162 201 -37
-162 201 -36
-162 201 -35
-162 201 -34
-162 201 -33
-162 202 -44
-162 202 -43
-162 202 -42
-162 202 -41
-162 202 -40
-162 202 -39
-162 202 -38
-162 202 -37
-162 202 -36
-162 202 -35
-162 202 -34
-162 202 -33
-162 203 -44
-162 203 -43
-162 203 -42
-162 203 -41
-162 203 -40
-162 203 -39
-162 203 -38
-162 203 -37
-162 203 -36
-162 203 -35
-162 203 -34
-162 203 -33
-162 204 -43
-162 204 -40
-162 204 -39
-162 204 -38
-162 204 -36
-162 204 -35
-162 204 -34
-162 204 -33
-162 205 -39
-162 205 -38
-162 205 -34
-162 205 -33
-162 212 -43
-162 212 -38
-162 213 -48
-162 213 -43
-162 213 -42
-162 213 -41
-162 213 -40
-162 213 -38
-162 214 -48
-162 214 -47
-162 214 -46
-162 214 -45
-162 214 -44
-162 214 -43
-162 214 -42
-162 214 -36
-162 214 -35
-162 214 -33
-162 215 -48
-162 215 -47
-162 215 -46
-162 215 -45
-162 215 -44
-162 215 -43
-162 215 -42
-162 215 -40
-162 215 -39
-162 215 -37
-162 215 -36
-162 215 -35
-162 215 -34
-162 216 -48
-162 216 -47
-162 216 -46
-162 216 -45
-162 216 -44
-162 216 -43
-162 216 -42
-162 216 -41
-162 216 -40
-162 216 -39
-162 216 -38
-162 216 -37
-162 216 -36
-162 216 -35
-162 216 -34
-162 216 -33
-162 217 -48
-162 217 -47
-162 217 -46
-162 217 -45
-162 217 -44
-162 217 -43
-162 217 -42
-162 217 -41
-162 217 -40
-162 217 -39
-162 217 -38
-162 217 -37
-162 217 -36
-162 217 -35
-162 217 -34
-162 217 -33
-162 218 -48
-162 218 -47
-162 218 -46
-162 218 -45
-162 218 -44
-162 218 -43
-162 218 -42
-162 218 -41
-162 218 -40
-162 218 -39
-162 218 -38
-162 218 -37
-162 218 -36
-162 218 -35
-162 218 -34
-162 218 -33
-162 219 -48
-162 219 -47
-162 219 -46
-162 219 -45
-162 219 -44
-162 219 -43
-162 219 -42
-162 219 -41
-162 219 -40
-162 219 -39
-162 219 -38
-162 219 -37
-162 219 -36
-162 219 -35
-162 219 -34
-162 219 -33
-162 220 -48
-162 220 -47
-162 220 -46
-162 220 -45
-162 220 -44
-162 220 -43
-162 220 -42
-162 220 -41
-162 220 -40
-162 220 -39
-162 220 -38
-162 220 -37
-162 220 -36
-162 220 -35
-162 220 -34
-162 220 -33
-162 221 -48
-162 221 -47
-162 221 -46
-162 221 -44
-162 221 -43
-162 221 -42
-162 221 -41
-162 221 -40
-162 221 -39
-162 221 -38
-162 221 -37
-162 221 -36
-162 221 -35
-162 221 -34
-162 221 -33
-162 222 -48
-162 222 -47
-162 222 -46
-162 222 -42
-162 222 -41
-162 222 -40
-162 222 -39
-162 222 -38
-162 222 -37
-162 222 -36
-162 222 -35
-162 222 -34
-162 222 -33
-162 223 -48
-162 223 -46
-162 223 -42
-162 223 -41
-162 223 -40
-162 223 -39
-162 223 -37
-162 223 -36
-162 223 -35
-162 223 -34
-162 223 -33
-162 224 -35
-162 224 -34
-162 224 -33
-161 193 -39
-161 193 -38
-161 193 -37
-161 193 -36
-161 193 -35
-161 193 -34
-161 194 -38
-161 194 -36
-161 194 -35
-161 195 -38
-161 195 -36
-161 196 -36
-161 197 -37
-161 198 -39
-161 198 -38
-161 198 -37
-161 198 -36
-161 198 -35
-161 198 -34
-161 199 -40
-161 199 -39
-161 199 -38
-161 199 -37
-161 199 -36
-161 199 -35
-161 199 -34
-161 199 -33
-161 200 -41
-161 200 -40
-161 200 -39
-161 200 -38
-161 200 -37
-161 200 -36
-161 200 -35
-161 200 -34
-161 200 -33
-161 201 -42
-161 201 -41
-161 201 -40
-161 201 -39
-161 201 -38
-161 201 -37
-161 201 -36
-161 201 -35
-161 201 -34
-161 201 -33
-161 202 -41
-161 202 -40
-161 202 -39
-161 202 -38
-161 202 -37
-161 202 -36
-161 202 -35
-161 202 -34
-161 202 -33
-161 203 -43
-161 203 -41
-161 203 -40
-161 203 -39
-161 203 -38
-161 203 -37
-161 203 -36
-161 203 -35
-161 203 -34
-161 203 -33
-161 204 -40
-161 204 -39
-161 204 -38
-161 204 -37
-161 204 -34
-161 205 -39
-161 205 -37
-161 211 -40
-161 211 -38
-161 212 -44
-161 212 -41
-161 212 -38
-161 213 -48
-161 213 -44
-161 213 -43
-161 213 -42
-161 213 -41
-161 213 -40
-161 213 -39
-161 213 -38
-161 213 -36
-161 213 -35
-161 213 -34
-161 214 -48
-161 214 -47
-161 214 -46
-161 214 -45
-161 214 -44
-161 214 -43
-161 214 -42
-161 214 -41
-161 214 -40
-161 214 -39
-161 214 -38
-161 214 -36
-161 214 -35
-161 214 -34
-161 214 -33
-161 215 -48
-161 215 -47
-161 215 -46
-161 215 -45
-161 215 -44
-161 215 -43
-161 215 -42
-161 215 -41
-161 215 -40
-161 215 -39
-161 215 -38
-161 215 -36
-161 215 -35
-161 215 -34
-161 215 -33
-161 216 -48
-161 216 -47
-161 216 -46
-161 216 -45
-161 216 -44
-161 216 -43
-161 216 -42
-161 216 -41
-161 216 -40
-161 216 -39
-161 216 -38
-161 216 -37
-161 216 -36
-161 216 -35
-161 216 -34
-161 216 -33
-161 217 -48
-161 217 -47
-161 217 -46
-161 217 -45
-161 217 -44
-161 217 -43
-161 217 -42
-161 217 -41
-161 217 -40
-161 217 -39
-161 217 -38
-161 217 -37
-161 217 -36
-161 217 -35
-161 217 -34
-161 217 -33
-161 218 -48
-161 218 -47
-161 218 -46
-161 218 -45
-161 218 -44
-161 218 -43
-161 218 -42
-161 218 -41
-161 218 -40
-161 218 -39
-161 218 -38
-161 218 -37
-161 218 -36
-161 218 -35
-161 218 -34
-161 218 -33
-161 219 -48
-161 219 -47
-161 219 -46
-161 219 -45
-161 219 -44
-161 219 -43
-161 219 -42
-161 219 -41
-161 219 -40
-161 219 -38
-161 219 -37
-161 219 -36
-161 219 -35
-161 219 -34
-161 219 -33
-161 220 -48
-161 220 -47
-161 220 -46
-161 220 -45
-161 220 -44
-161 220 -43
-161 220 -42
-161 220 -41
-161 220 -40
-161 220 -39
-161 220 -38
-161 220 -37
-161 220 -36
-161 220 -35
-161 220 -34
-161 220 -33
-161 221 -48
-161 221 -47
-161 221 -46
-161 221 -45
-161 221 -44
-161 221 -43
-161 221 -42
-161 221 -41
-161 221 -40
-161 221 -39
-161 221 -38
-161 221 -37
-161 221 -36
-161 221 -35
-161 221 -34
-161 221 -33
-161 222 -48
-161 222 -45
-161 222 -44
-161 222 -41
-161 222 -40
-161 222 -39
-161 222 -38
-161 222 -37
-161 222 -36
-161 222 -35
-161 222 -34
-161 222 -33
-161 223 -48
-161 223 -45
-161 223 -42
-161 223 -41
-161 223 -40
-161 223 -38
-161 223 -37
-161 223 -36
-161 223 -34
-161 223 -33
-161 224 -37
-161 224 -36
-161 224 -35
-161 224 -34
-161 224 -33
-176 225 -37
-176 225 -33
-175 225 -38
-175 225 -36
-175 225 -35
-175 226 -36
-174 225 -37
-174 226 -37
-173 225 -48
-173 225 -47
-173 225 -42
-173 225 -37
-172 225 -42
-172 225 -33
-171 225 -48
-170 225 -48
-170 225 -33
-170 226 -48
-170 226 -47
-170 226 -33
-170 227 -33
-169 225 -48
-169 225 -47
-169 225 -46
-169 225 -45
-169 226 -48
-169 226 -47
-169 226 -46
-168 225 -48
-168 225 -47
-168 226 -48
-167 225 -48
-166 225 -33
-165 225 -33
-165 226 -33
-165 227 -33
-164 225 -33
-164 227 -34
-164 227 -33
-164 228 -33
-163 225 -36
-163 225 -34
-163 225 -33
-163 226 -33
-163 227 -33
-163 228 -34
-163 228 -33
-163 229 -33
-162 225 -35
-162 225 -34
-162 225 -33
-162 226 -33
-162 227 -34
-162 227 -33
-162 228 -33
-161 225 -37
-161 225 -35
-161 225 -34
-161 225 -33
-161 226 -36
-161 226 -35
-161 226 -34
-161 226 -33
-161 227 -35
-161 227 -33
-161 228 -34
-161 229 -33
-161 230 -33

