alfheim:altWood1
12
-125 223 87
-125 224 87
-124 222 87
-124 223 87
-124 223 88
-124 223 89
-124 224 84
-124 224 85
-124 224 86
-124 224 87
-124 224 88
-124 224 89
-123 222 82
-123 222 88
-123 223 81
-123 223 82
-123 223 83
-123 223 84
-123 223 85
-123 223 86
-123 223 87
-123 223 88
-123 223 89
-123 224 82
-123 224 83
-123 224 84
-123 224 85
-123 224 86
-123 224 87
-123 224 88
-123 224 89
-123 224 90
-122 221 81
-122 221 82
-122 222 80
-122 222 81
-122 222 82
-122 222 83
-122 222 84
-122 222 85
-122 223 80
-122 223 81
-122 223 82
-122 223 83
-122 223 84
-122 223 85
-122 223 86
-122 224 80
-122 224 81
-122 224 82
-122 224 83
-122 224 84
-122 224 85
-122 224 86
-122 224 87
-122 224 88
-121 220 81
-121 220 82
-121 221 80
-121 221 81
-121 221 82
-121 221 83
-121 221 84
-121 222 80
-121 222 81
-121 222 82
-121 222 83
-121 222 84
-121 222 85
-121 223 80
-121 223 81
-121 223 82
-121 223 83
-121 223 84
-121 223 85
-121 223 86
-121 224 80
-121 224 81
-121 224 82
-121 224 83
-121 224 84
-121 224 85
-121 224 86
-120 220 80
-120 220 81
-120 220 82
-120 220 83
-120 221 80
-120 221 81
-120 221 82
-120 221 83
-120 221 84
-120 222 80
-120 222 81
-120 222 82
-120 222 83
-120 222 84
-120 222 85
-120 223 80
-120 223 81
-120 223 82
-120 223 83
-120 223 84
-120 223 85
-120 223 86
-120 224 80
-120 224 81
-120 224 82
-120 224 83
-120 224 84
-120 224 85
-120 224 86
-119 220 80
-119 220 81
-119 220 82
-119 220 83
-119 221 80
-119 221 81
-119 221 82
-119 221 83
-119 221 84
-119 222 80
-119 222 81
-119 222 82
-119 222 83
-119 222 84
-119 222 85
-119 223 80
-119 223 81
-119 223 82
-119 223 83
-119 223 84
-119 223 85
-119 224 80
-119 224 81
-119 224 82
-119 224 83
-119 224 84
-119 224 85
-119 224 86
-118 220 81
-118 220 82
-118 221 80
-118 221 81
-118 221 82
-118 221 83
-118 222 80
-118 222 81
-118 222 82
-118 222 83
-118 222 84
-118 223 80
-118 223 81
-118 223 82
-118 223 83
-118 223 84
-118 224 80
-118 224 81
-118 224 82
-118 224 83
-118 224 84
-118 224 85
-117 221 81
-117 221 82
-117 222 80
-117 222 81
-117 222 82
-117 222 83
-117 223 80
-117 223 81
-117 223 82
-117 223 83
-117 223 84
-117 224 80
-117 224 81
-117 224 82
-117 224 83
-117 224 84
-116 223 80
-116 223 81
-116 223 82
-116 224 80
-116 224 81
-116 224 82
-116 224 83
-128 227 88
-128 228 89
-128 228 90
-128 229 88
-128 229 89
-128 229 90
-128 230 88
-128 230 90
-128 230 91
-128 231 90
-128 231 91
-128 231 92
-127 226 86
-127 227 87
-127 227 88
-127 227 89
-127 228 88
-127 228 89
-127 229 88
-127 230 88
-127 231 91
-126 225 86
-126 225 87
-126 226 86
-126 226 87
-126 226 88
-126 226 89
-126 226 90
-126 227 86
-126 227 87
-126 227 88
-126 227 89
-126 228 87
-126 228 88
-126 228 89
-126 228 90
-126 229 86
-126 229 87
-126 229 88
-126 229 89
-126 229 90
-126 230 91
-125 225 84
-125 225 85
-125 225 86
-125 225 87
-125 225 88
-125 225 89
-125 226 85
-125 226 86
-125 226 87
-125 226 88
-125 226 89
-125 226 90
-125 227 86
-125 227 88
-125 227 89
-125 227 90
-125 228 89
-125 228 90
-125 229 90
-125 229 91
-125 230 90
-125 230 91
-125 231 91
-124 225 84
-124 225 85
-124 225 86
-124 225 87
-124 225 88
-124 225 89
-124 225 90
-124 226 84
-124 226 85
-124 226 86
-124 226 87
-124 226 88
-124 226 89
-124 226 90
-124 227 84
-124 227 85
-124 227 86
-124 227 87
-124 227 88
-124 227 89
-124 227 90
-124 228 85
-124 228 86
-124 228 87
-124 228 88
-124 228 90
-124 229 91
-124 230 86
-124 230 91
-124 230 92
-124 230 95
-124 231 91
-124 231 92
-124 231 94
-123 225 83
-123 225 84
-123 225 85
-123 225 86
-123 225 87
-123 225 88
-123 225 89
-123 225 90
-123 226 83
-123 226 84
-123 226 85
-123 226 86
-123 226 87
-123 226 88
-123 226 89
-123 226 90
-123 227 83
-123 227 84
-123 227 85
-123 227 86
-123 227 87
-123 227 88
-123 227 89
-123 227 90
-123 228 84
-123 228 85
-123 228 86
-123 228 87
-123 228 88
-123 228 89
-123 228 90
-123 229 85
-123 229 88
-123 229 89
-123 229 90
-123 229 91
-123 230 91
-123 230 93
-123 231 93
-122 225 81
-122 225 82
-122 225 83
-122 225 84
-122 225 85
-122 225 86
-122 225 87
-122 225 88
-122 225 89
-122 226 82
-122 226 83
-122 226 84
-122 226 85
-122 226 86
-122 226 87
-122 226 88
-122 226 89
-122 226 90
-122 227 82
-122 227 83
-122 227 84
-122 227 85
-122 227 86
-122 227 87
-122 227 88
-122 227 89
-122 227 90
-122 228 83
-122 228 84
-122 228 85
-122 228 86
-122 228 87
-122 228 88
-122 228 89
-122 228 90
-122 229 83
-122 229 84
-122 229 85
-122 229 86
-122 229 87
-122 229 88
-122 229 89
-122 229 90
-122 230 87
-122 230 88
-121 225 80
-121 225 81
-121 225 82
-121 225 83
-121 225 84
-121 225 85
-121 225 86
-121 225 87
-121 225 88
-121 226 81
-121 226 82
-121 226 83
-121 226 84
-121 226 85
-121 226 86
-121 226 87
-121 226 88
-121 226 89
-121 227 82
-121 227 83
-121 227 84
-121 227 85
-121 227 86
-121 227 87
-121 227 88
-121 227 89
-121 228 83
-121 228 84
-121 228 85
-121 228 86
-121 228 87
-121 228 88
-121 228 90
-121 229 83
-121 229 85
-121 229 86
-121 229 87
-121 229 89
-121 230 85
-121 230 86
-121 230 87
-121 230 88
-121 231 87
-120 225 80
-120 225 81
-120 225 82
-120 225 83
-120 225 84
-120 225 85
-120 225 86
-120 225 87
-120 226 80
-120 226 81
-120 226 82
-120 226 83
-120 226 84
-120 226 85
-120 226 86
-120 226 87
-120 226 88
-120 226 89
-120 227 81
-120 227 82
-120 227 83
-120 227 84
-120 227 85
-120 227 86
-120 227 87
-120 227 88
-120 227 90
-120 228 83
-120 228 85
-120 228 86
-120 228 87
-120 229 83
-120 229 85
-120 229 86
-119 225 80
-119 225 81
-119 225 82
-119 225 83
-119 225 84
-119 225 85
-119 225 86
-119 226 80
-119 226 81
-119 226 82
-119 226 83
-119 226 84
-119 226 85
-119 226 86
-119 226 87
-119 227 82
-119 227 83
-119 227 84
-119 227 85
-119 227 86
-119 227 87
-119 227 88
-119 228 83
-119 228 86
-119 228 87
-119 229 86
-118 225 80
-118 225 81
-118 225 82
-118 225 83
-118 225 84
-118 225 85
-118 225 86
-118 226 81
-118 226 82
-118 226 83
-118 226 84
-118 226 85
-118 226 86
-118 227 83
-118 227 86
-117 225 80
-117 225 81
-117 225 83
-117 225 84
-117 225 85
-117 226 83
-117 226 84
-116 225 84
-115 229 95
-114 228 93
-114 229 94
-114 229 95
-114 230 95
-113 227 93
-113 228 92
-113 228 93
-113 228 94
-113 228 95
-113 229 93
-113 229 94
-113 229 95
-113 230 94
-113 230 95
alfheim:altLeaves
6
-123 224 95
-121 224 95
-119 224 95
-128 228 80
-128 228 81
-128 228 82
-128 229 80
-128 229 82
-128 229 83
-128 229 84
-128 230 82
-128 230 83
-128 230 84
-128 230 86
-128 230 89
-128 231 80
-128 231 82
-128 231 83
-128 231 84
-128 231 85
-128 231 86
-128 231 87
-128 231 88
-128 231 89
-128 232 80
-128 232 81
-128 232 82
-128 232 83
-128 232 84
-128 232 85
-128 232 86
-128 232 87
-128 232 88
-128 232 89
-128 232 90
-128 232 91
-128 232 92
-128 232 94
-128 233 80
-128 233 81
-128 233 82
-128 233 83
-128 233 84
-128 233 85
-128 233 86
-128 233 87
-128 233 88
-128 233 89
-128 233 90
-128 233 91
-128 233 92
-128 233 93
-128 234 80
-128 234 81
-128 234 82
-128 234 83
-128 234 84
-128 234 85
-128 234 86
-128 234 87
-128 234 88
-128 234 89
-128 234 90
-128 234 91
-128 234 92
-128 234 93
-128 234 94
-128 234 95
-128 235 80
-128 235 81
-128 235 82
-128 235 83
-128 235 84
-128 235 85
-128 235 86
-128 235 87
-128 235 88
-128 235 89
-128 235 90
-128 235 91
-128 235 92
-128 235 93
-128 235 94
-128 236 80
-128 236 81
-128 236 82
-128 236 83
-128 236 84
-128 236 85
-128 236 86
-128 236 87
-128 236 88
-128 236 89
-128 236 90
-128 236 91
-128 236 92
-128 236 93
-128 236 94
-128 236 95
-128 237 81
-128 237 82
-128 237 83
-128 237 84
-128 237 85
-128 237 86
-128 237 87
-128 237 88
-128 237 89
-128 237 90
-128 237 91
-128 237 92
-128 237 93
-128 237 94
-128 237 95
-128 238 84
-128 238 85
-128 238 86
-128 238 87
-128 238 88
-128 238 89
-128 238 90
-128 238 91
-128 238 92
-128 238 93
-128 238 94
-128 238 95
-128 239 86
-128 239 87
-128 239 88
-128 239 89
-128 239 90
-128 239 91
-128 239 92
-128 239 93
-128 239 94
-128 239 95
-128 240 89
-128 240 92
-128 240 93
-128 240 94
-128 240 95
-128 241 90
-128 241 92
-128 241 93
-128 241 94
-128 241 95
-128 242 95
-127 228 85
-127 229 80
-127 229 82
-127 229 83
-127 229 84
-127 229 85
-127 229 86
-127 229 87
-127 229 89
-127 230 80
-127 230 82
-127 230 83
-127 230 84
-127 230 85
-127 230 86
-127 230 87
-127 230 89
-127 230 90
-127 231 80
-127 231 82
-127 231 83
-127 231 85
-127 231 86
-127 231 87
-127 231 88
-127 231 89
-127 231 90
-127 231 92
-127 232 80
-127 232 81
-127 232 83
-127 232 84
-127 232 85
-127 232 86
-127 232 87
-127 232 88
-127 232 89
-127 232 90
-127 232 91
-127 232 92
-127 232 93
-127 232 94
-127 233 80
-127 233 81
-127 233 82
-127 233 83
-127 233 84
-127 233 85
-127 233 86
-127 233 87
-127 233 88
-127 233 89
-127 233 90
-127 233 91
-127 233 92
-127 233 93
-127 233 94
-127 233 95
-127 234 80
-127 234 81
-127 234 82
-127 234 83
-127 234 84
-127 234 85
-127 234 86
-127 234 87
-127 234 88
-127 234 89
-127 234 90
-127 234 91
-127 234 92
-127 234 93
-127 234 94
-127 234 95
-127 235 80
-127 235 81
-127 235 82
-127 235 83
-127 235 84
-127 235 85
-127 235 86
-127 235 87
-127 235 88
-127 235 89
-127 235 90
-127 235 91
-127 235 92
-127 235 93
-127 235 94
-127 235 95
-127 236 80
-127 236 81
-127 236 82
-127 236 83
-127 236 84
-127 236 85
-127 236 86
-127 236 87
-127 236 88
-127 236 89
-127 236 90
-127 236 91
-127 236 92
-127 236 93
-127 236 94
-127 236 95
-127 237 82
-127 237 83
-127 237 84
-127 237 85
-127 237 86
-127 237 87
-127 237 88
-127 237 89
-127 237 90
-127 237 91
-127 237 92
-127 237 93
-127 237 94
-127 237 95
-127 238 81
-127 238 85
-127 238 86
-127 238 87
-127 238 88
-127 238 89
-127 238 90
-127 238 91
-127 238 92
-127 238 93
-127 238 94
-127 238 95
-127 239 88
-127 239 89
-127 239 90
-127 239 91
-127 239 92
-127 239 93
-127 239 94
-127 239 95
-127 240 89
-127 240 90
-127 240 91
-127 240 92
-127 240 93
-127 240 94
-127 240 95
-127 241 89
-127 241 90
-127 241 91
-127 241 93
-127 241 94
-127 241 95
-127 242 90
-126 228 82
-126 229 81
-126 229 82
-126 229 83
-126 230 81
-126 230 82
-126 230 83
-126 230 84
-126 230 85
-126 230 86
-126 230 87
-126 230 88
-126 230 89
-126 230 90
-126 231 80
-126 231 81
-126 231 82
-126 231 83
-126 231 84
-126 231 85
-126 231 86
-126 231 87
-126 231 88
-126 231 89
-126 231 90
-126 231 91
-126 232 80
-126 232 81
-126 232 82
-126 232 83
-126 232 84
-126 232 85
-126 232 86
-126 232 87
-126 232 88
-126 232 89
-126 232 90
-126 232 91
-126 232 92
-126 232 94
-126 233 80
-126 233 81
-126 233 82
-126 233 83
-126 233 84
-126 233 85
-126 233 86
-126 233 87
-126 233 88
-126 233 89
-126 233 90
-126 233 91
-126 233 92
-126 233 93
-126 233 94
-126 233 95
-126 234 80
-126 234 81
-126 234 82
-126 234 83
-126 234 84
-126 234 85
-126 234 86
-126 234 87
-126 234 88
-126 234 89
-126 234 90
-126 234 91
-126 234 93
-126 234 94
-126 234 95
-126 235 80
-126 235 81
-126 235 82
-126 235 83
-126 235 84
-126 235 85
-126 235 86
-126 235 87
-126 235 88
-126 235 89
-126 235 90
-126 235 91
-126 235 92
-126 235 93
-126 235 94
-126 235 95
-126 236 80
-126 236 81
-126 236 82
-126 236 83
-126 236 84
-126 236 85
-126 236 86
-126 236 87
-126 236 88
-126 236 89
-126 236 90
-126 236 91
-126 236 92
-126 236 93
-126 236 94
-126 236 95
-126 237 80
-126 237 81
-126 237 82
-126 237 84
-126 237 85
-126 237 86
-126 237 87
-126 237 88
-126 237 89
-126 237 90
-126 237 91
-126 237 92
-126 237 93
-126 237 94
-126 237 95
-126 238 81
-126 238 82
-126 238 83
-126 238 84
-126 238 85
-126 238 86
-126 238 87
-126 238 88
-126 238 89
-126 238 90
-126 238 91
-126 238 92
-126 238 93
-126 238 94
-126 238 95
-126 239 81
-126 239 86
-126 239 87
-126 239 88
-126 239 89
-126 239 90
-126 239 91
-126 239 92
-126 239 93
-126 239 94
-126 239 95
-126 240 86
-126 240 87
-126 240 88
-126 240 89
-126 240 90
-126 240 91
-126 240 93
-126 240 94
-126 240 95
-126 241 91
-126 241 93
-126 241 94
-126 241 95
-126 242 91
-126 242 93
-126 242 95
-125 227 87
-125 227 95
-125 228 82
-125 228 83
-125 228 86
-125 228 87
-125 228 88
-125 229 82
-125 229 83
-125 229 85
-125 229 86
-125 229 87
-125 229 88
-125 229 89
-125 230 80
-125 230 81
-125 230 82
-125 230 83
-125 230 84
-125 230 85
-125 230 86
-125 230 87
-125 230 88
-125 230 89
-125 231 80
-125 231 81
-125 231 82
-125 231 83
-125 231 84
-125 231 85
-125 231 86
-125 231 87
-125 231 88
-125 231 89
-125 231 90
-125 231 92
-125 231 95
-125 232 80
-125 232 81
-125 232 82
-125 232 83
-125 232 84
-125 232 85
-125 232 86
-125 232 87
-125 232 88
-125 232 89
-125 232 90
-125 232 92
-125 232 95
-125 233 80
-125 233 81
-125 233 82
-125 233 83
-125 233 84
-125 233 85
-125 233 86
-125 233 87
-125 233 88
-125 233 89
-125 233 90
-125 233 91
-125 233 92
-125 233 93
-125 233 94
-125 233 95
-125 234 80
-125 234 81
-125 234 82
-125 234 83
-125 234 84
-125 234 85
-125 234 86
-125 234 87
-125 234 88
-125 234 89
-125 234 90
-125 234 91
-125 234 92
-125 234 93
-125 234 94
-125 234 95
-125 235 80
-125 235 81
-125 235 82
-125 235 83
-125 235 84
-125 235 85
-125 235 86
-125 235 87
-125 235 88
-125 235 89
-125 235 90
-125 235 91
-125 235 92
-125 235 94
-125 235 95
-125 236 80
-125 236 81
-125 236 82
-125 236 83
-125 236 84
-125 236 85
-125 236 86
-125 236 87
-125 236 88
-125 236 89
-125 236 90
-125 236 91
-125 236 92
-125 236 93
-125 236 95
-125 237 80
-125 237 81
-125 237 82
-125 237 83
-125 237 84
-125 237 85
-125 237 86
-125 237 87
-125 237 88
-125 237 89
-125 237 90
-125 237 91
-125 237 92
-125 237 93
-125 237 94
-125 237 95
-125 238 80
-125 238 81
-125 238 83
-125 238 84
-125 238 85
-125 238 86
-125 238 87
-125 238 88
-125 238 89
-125 238 90
-125 238 91
-125 238 92
-125 238 93
-125 238 94
-125 238 95
-125 239 83
-125 239 84
-125 239 85
-125 239 87
-125 239 89
-125 239 90
-125 239 91
-125 239 92
-125 239 93
-125 239 94
-125 239 95
-125 240 90
-125 240 91
-125 240 92
-125 240 93
-125 240 94
-125 240 95
-125 241 91
-125 241 92
-125 241 93
-125 241 94
-124 227 82
-124 227 95
-124 228 82
-124 228 83
-124 228 89
-124 228 95
-124 229 80
-124 229 82
-124 229 85
-124 229 86
-124 229 87
-124 229 88
-124 229 89
-124 229 90
-124 230 80
-124 230 81
-124 230 82
-124 230 83
-124 230 84
-124 230 85
-124 230 87
-124 230 88
-124 230 89
-124 230 90
-124 231 80
-124 231 81
-124 231 82
-124 231 83
-124 231 84
-124 231 85
-124 231 86
-124 231 87
-124 231 88
-124 231 89
-124 231 90
-124 231 95
-124 232 80
-124 232 81
-124 232 82
-124 232 83
-124 232 84
-124 232 85
-124 232 86
-124 232 87
-124 232 88
-124 232 89
-124 232 90
-124 232 91
-124 232 92
-124 232 94
-124 232 95
-124 233 80
-124 233 81
-124 233 82
-124 233 83
-124 233 84
-124 233 85
-124 233 86
-124 233 87
-124 233 88
-124 233 89
-124 233 90
-124 233 91
-124 233 92
-124 233 93
-124 233 94
-124 233 95
-124 234 80
-124 234 81
-124 234 82
-124 234 83
-124 234 84
-124 234 85
-124 234 86
-124 234 87
-124 234 88
-124 234 89
-124 234 90
-124 234 91
-124 234 92
-124 234 93
-124 234 94
-124 234 95
-124 235 80
-124 235 81
-124 235 82
-124 235 83
-124 235 84
-124 235 85
-124 235 86
-124 235 87
-124 235 89
-124 235 90
-124 235 91
-124 235 92
-124 235 93
-124 235 94
-124 235 95
-124 236 80
-124 236 81
-124 236 82
-124 236 83
-124 236 84
-124 236 85
-124 236 86
-124 236 87
-124 236 88
-124 236 89
-124 236 90
-124 236 91
-124 236 92
-124 236 93
-124 236 94
-124 236 95
-124 237 80
-124 237 81
-124 237 82
-124 237 83
-124 237 85
-124 237 86
-124 237 87
-124 237 88
-124 237 89
-124 237 90
-124 237 91
-124 237 92
-124 237 93
-124 237 94
-124 237 95
-124 238 83
-124 238 85
-124 238 86
-124 238 87
-124 238 88
-124 238 89
-124 238 90
-124 238 91
-124 238 92
-124 238 93
-124 238 94
-124 238 95
-124 239 87
-124 239 88
-124 239 89
-124 239 90
-124 239 92
-124 239 93
-124 239 94
-124 239 95
-124 240 91
-124 240 92
-124 240 93
-124 240 94
-124 240 95
-124 241 92
-124 241 93
-124 242 92
-124 242 93
-123 227 94
-123 227 95
-123 228 83
-123 228 94
-123 228 95
-123 229 80
-123 229 82
-123 229 83
-123 229 84
-123 229 86
-123 229 87
-123 229 95
-123 230 80
-123 230 81
-123 230 82
-123 230 83
-123 230 84
-123 230 85
-123 230 86
-123 230 87
-123 230 88
-123 230 89
-123 230 90
-123 230 94
-123 230 95
-123 231 80
-123 231 81
-123 231 82
-123 231 83
-123 231 84
-123 231 85
-123 231 86
-123 231 87
-123 231 88
-123 231 89
-123 231 90
-123 231 91
-123 231 92
-123 231 94
-123 231 95
-123 232 80
-123 232 81
-123 232 82
-123 232 83
-123 232 84
-123 232 85
-123 232 86
-123 232 87
-123 232 88
-123 232 89
-123 232 90
-123 232 91
-123 232 92
-123 232 93
-123 232 94
-123 232 95
-123 233 80
-123 233 81
-123 233 82
-123 233 83
-123 233 84
-123 233 85
-123 233 86
-123 233 87
-123 233 88
-123 233 89
-123 233 90
-123 233 91
-123 233 92
-123 233 93
-123 233 94
-123 233 95
-123 234 80
-123 234 81
-123 234 82
-123 234 83
-123 234 84
-123 234 85
-123 234 86
-123 234 87
-123 234 88
-123 234 89
-123 234 90
-123 234 91
-123 234 92
-123 234 93
-123 234 94
-123 234 95
-123 235 80
-123 235 81
-123 235 82
-123 235 83
-123 235 84
-123 235 85
-123 235 86
-123 235 87
-123 235 88
-123 235 89
-123 235 90
-123 235 91
-123 235 92
-123 235 93
-123 235 94
-123 235 95
-123 236 80
-123 236 81
-123 236 82
-123 236 83
-123 236 84
-123 236 86
-123 236 87
-123 236 88
-123 236 89
-123 236 90
-123 236 91
-123 236 92
-123 236 93
-123 236 94
-123 236 95
-123 237 80
-123 237 81
-123 237 82
-123 237 83
-123 237 84
-123 237 85
-123 237 86
-123 237 87
-123 237 88
-123 237 89
-123 237 90
-123 237 91
-123 237 92
-123 237 93
-123 237 94
-123 237 95
-123 238 80
-123 238 81
-123 238 82
-123 238 86
-123 238 88
-123 238 89
-123 238 90
-123 238 91
-123 238 92
-123 238 93
-123 238 94
-123 238 95
-123 239 81
-123 239 89
-123 239 90
-123 239 92
-123 239 93
-123 239 94
-123 239 95
-123 240 90
-123 240 94
-123 241 92
-123 241 93
-123 241 94
-122 226 94
-122 226 95
-122 227 94
-122 227 95
-122 228 94
-122 228 95
-122 229 82
-122 229 95
-122 230 80
-122 230 82
-122 230 83
-122 230 84
-122 230 85
-122 230 86
-122 230 89
-122 230 90
-122 230 93
-122 230 94
-122 230 95
-122 231 80
-122 231 81
-122 231 82
-122 231 84
-122 231 85
-122 231 86
-122 231 87
-122 231 88
-122 231 89
-122 231 90
-122 231 91
-122 231 92
-122 231 93
-122 231 94
-122 231 95
-122 232 80
-122 232 81
-122 232 82
-122 232 83
-122 232 84
-122 232 85
-122 232 86
-122 232 87
-122 232 88
-122 232 89
-122 232 90
-122 232 91
-122 232 92
-122 232 93
-122 232 94
-122 232 95
-122 233 80
-122 233 81
-122 233 82
-122 233 83
-122 233 84
-122 233 85
-122 233 86
-122 233 87
-122 233 88
-122 233 89
-122 233 90
-122 233 91
-122 233 92
-122 233 93
-122 233 94
-122 233 95
-122 234 80
-122 234 81
-122 234 82
-122 234 83
-122 234 84
-122 234 85
-122 234 86
-122 234 87
-122 234 88
-122 234 89
-122 234 90
-122 234 91
-122 234 92
-122 234 93
-122 234 94
-122 234 95
-122 235 80
-122 235 81
-122 235 82
-122 235 83
-122 235 84
-122 235 85
-122 235 86
-122 235 87
-122 235 88
-122 235 89
-122 235 90
-122 235 91
-122 235 92
-122 235 93
-122 235 94
-122 235 95
-122 236 80
-122 236 81
-122 236 82
-122 236 83
-122 236 84
-122 236 87
-122 236 88
-122 236 89
-122 236 90
-122 236 91
-122 236 92
-122 236 93
-122 236 94
-122 236 95
-122 237 80
-122 237 81
-122 237 82
-122 237 83
-122 237 84
-122 237 85
-122 237 88
-122 237 89
-122 237 90
-122 237 91
-122 237 92
-122 237 93
-122 237 94
-122 237 95
-122 238 80
-122 238 81
-122 238 82
-122 238 83
-122 238 84
-122 238 89
-122 238 90
-122 238 91
-122 238 92
-122 238 93
-122 238 94
-122 239 81
-122 239 91
-122 239 92
-122 239 93
-122 239 94
-122 239 95
-122 240 81
-122 240 91
-122 240 94
-121 225 95
-121 226 93
-121 226 94
-121 226 95
-121 227 92
-121 227 93
-121 227 94
-121 227 95
-121 228 89
-121 228 93
-121 228 94
-121 228 95
-121 229 84
-121 229 88
-121 229 90
-121 229 94
-121 229 95
-121 230 80
-121 230 81
-121 230 82
-121 230 83
-121 230 84
-121 230 89
-121 230 90
-121 230 91
-121 230 92
-121 230 93
-121 230 94
-121 230 95
-121 231 80
-121 231 81
-121 231 82
-121 231 83
-121 231 84
-121 231 85
-121 231 86
-121 231 88
-121 231 89
-121 231 90
-121 231 91
-121 231 92
-121 231 93
-121 231 94
-121 231 95
-121 232 80
-121 232 81
-121 232 82
-121 232 83
-121 232 84
-121 232 85
-121 232 86
-121 232 87
-121 232 88
-121 232 89
-121 232 90
-121 232 91
-121 232 92
-121 232 93
-121 232 94
-121 232 95
-121 233 80
-121 233 81
-121 233 82
-121 233 83
-121 233 84
-121 233 85
-121 233 86
-121 233 87
-121 233 88
-121 233 89
-121 233 90
-121 233 91
-121 233 92
-121 233 93
-121 233 94
-121 233 95
-121 234 80
-121 234 81
-121 234 82
-121 234 83
-121 234 84
-121 234 85
-121 234 86
-121 234 87
-121 234 88
-121 234 89
-121 234 90
-121 234 91
-121 234 92
-121 234 93
-121 234 94
-121 234 95
-121 235 80
-121 235 81
-121 235 82
-121 235 83
-121 235 84
-121 235 85
-121 235 86
-121 235 87
-121 235 88
-121 235 89
-121 235 90
-121 235 91
-121 235 92
-121 235 93
-121 235 94
-121 235 95
-121 236 80
-121 236 81
-121 236 82
-121 236 83
-121 236 84
-121 236 86
-121 236 87
-121 236 88
-121 236 89
-121 236 90
-121 236 91
-121 236 92
-121 236 93
-121 236 94
-121 236 95
-121 237 80
-121 237 81
-121 237 82
-121 237 83
-121 237 84
-121 237 85
-121 237 86
-121 237 87
-121 237 89
-121 237 90
-121 237 91
-121 237 93
-121 237 94
-121 237 95
-121 238 80
-121 238 81
-121 238 82
-121 238 83
-121 238 84
-121 238 85
-121 238 86
-121 238 89
-121 238 91
-121 238 94
-121 238 95
-121 239 80
-121 239 81
-121 239 82
-121 239 93
-121 239 94
-121 239 95
-121 240 82
-121 241 82
-121 241 83
-120 225 95
-120 226 94
-120 226 95
-120 227 89
-120 227 91
-120 227 92
-120 227 93
-120 227 94
-120 227 95
-120 228 84
-120 228 88
-120 228 89
-120 228 90
-120 228 91
-120 228 92
-120 228 93
-120 228 95
-120 229 80
-120 229 82
-120 229 84
-120 229 87
-120 229 88
-120 229 89
-120 229 90
-120 229 91
-120 229 92
-120 229 93
-120 229 95
-120 230 81
-120 230 82
-120 230 83
-120 230 84
-120 230 85
-120 230 86
-120 230 88
-120 230 89
-120 230 90
-120 230 91
-120 230 92
-120 230 93
-120 230 94
-120 230 95
-120 231 80
-120 231 81
-120 231 82
-120 231 83
-120 231 84
-120 231 85
-120 231 86
-120 231 87
-120 231 88
-120 231 89
-120 231 90
-120 231 91
-120 231 92
-120 231 93
-120 231 94
-120 231 95
-120 232 80
-120 232 81
-120 232 82
-120 232 83
-120 232 84
-120 232 85
-120 232 86
-120 232 87
-120 232 88
-120 232 89
-120 232 90
-120 232 91
-120 232 92
-120 232 93
-120 232 94
-120 232 95
-120 233 80
-120 233 81
-120 233 82
-120 233 83
-120 233 84
-120 233 85
-120 233 86
-120 233 87
-120 233 88
-120 233 89
-120 233 90
-120 233 91
-120 233 92
-120 233 93
-120 233 94
-120 233 95
-120 234 80
-120 234 81
-120 234 82
-120 234 83
-120 234 84
-120 234 85
-120 234 86
-120 234 87
-120 234 88
-120 234 89
-120 234 90
-120 234 91
-120 234 92
-120 234 93
-120 234 94
-120 234 95
-120 235 80
-120 235 81
-120 235 82
-120 235 83
-120 235 85
-120 235 86
-120 235 87
-120 235 88
-120 235 89
-120 235 91
-120 235 92
-120 235 93
-120 235 94
-120 235 95
-120 236 80
-120 236 81
-120 236 82
-120 236 83
-120 236 84
-120 236 85
-120 236 86
-120 236 87
-120 236 88
-120 236 89
-120 236 90
-120 236 91
-120 236 92
-120 236 93
-120 236 94
-120 236 95
-120 237 80
-120 237 81
-120 237 82
-120 237 83
-120 237 84
-120 237 85
-120 237 86
-120 237 87
-120 237 89
-120 237 90
-120 237 91
-120 237 92
-120 237 93
-120 237 94
-120 237 95
-120 238 80
-120 238 81
-120 238 82
-120 238 83
-120 238 84
-120 238 85
-120 238 89
-120 238 91
-120 238 92
-120 238 93
-120 238 94
-120 238 95
-120 239 80
-120 239 81
-120 239 82
-120 239 83
-120 239 85
-120 239 94
-120 239 95
-120 240 83
-120 240 84
-120 240 95
-120 241 83
-119 225 95
-119 226 95
-119 227 89
-119 227 95
-119 228 80
-119 228 84
-119 228 85
-119 228 88
-119 228 89
-119 228 90
-119 228 91
-119 228 92
-119 228 94
-119 228 95
-119 229 80
-119 229 82
-119 229 83
-119 229 84
-119 229 85
-119 229 88
-119 229 89
-119 229 90
-119 229 91
-119 229 92
-119 229 93
-119 229 94
-119 229 95
-119 230 80
-119 230 81
-119 230 82
-119 230 83
-119 230 84
-119 230 85
-119 230 86
-119 230 87
-119 230 88
-119 230 89
-119 230 90
-119 230 91
-119 230 92
-119 230 93
-119 230 94
-119 230 95
-119 231 80
-119 231 81
-119 231 82
-119 231 83
-119 231 84
-119 231 85
-119 231 86
-119 231 87
-119 231 88
-119 231 89
-119 231 90
-119 231 91
-119 231 92
-119 231 93
-119 231 94
-119 231 95
-119 232 80
-119 232 81
-119 232 82
-119 232 83
-119 232 84
-119 232 85
-119 232 86
-119 232 87
-119 232 88
-119 232 89
-119 232 90
-119 232 91
-119 232 92
-119 232 93
-119 232 94
-119 232 95
-119 233 80
-119 233 81
-119 233 82
-119 233 83
-119 233 84
-119 233 85
-119 233 86
-119 233 87
-119 233 88
-119 233 89
-119 233 90
-119 233 91
-119 233 92
-119 233 93
-119 233 94
-119 233 95
-119 234 80
-119 234 81
-119 234 82
-119 234 83
-119 234 84
-119 234 85
-119 234 86
-119 234 87
-119 234 88
-119 234 89
-119 234 90
-119 234 91
-119 234 92
-119 234 93
-119 234 94
-119 234 95
-119 235 80
-119 235 81
-119 235 82
-119 235 83
-119 235 84
-119 235 85
-119 235 86
-119 235 87
-119 235 88
-119 235 89
-119 235 90
-119 235 91
-119 235 92
-119 235 93
-119 235 94
-119 235 95
-119 236 80
-119 236 81
-119 236 82
-119 236 83
-119 236 84
-119 236 85
-119 236 86
-119 236 87
-119 236 88
-119 236 89
-119 236 90
-119 236 91
-119 236 92
-119 236 93
-119 236 94
-119 236 95
-119 237 80
-119 237 81
-119 237 82
-119 237 83
-119 237 84
-119 237 86
-119 237 87
-119 237 88
-119 237 89
-119 237 90
-119 237 91
-119 237 92
-119 237 93
-119 237 94
-119 237 95
-119 238 80
-119 238 81
-119 238 82
-119 238 83
-119 238 84
-119 238 85
-119 238 86
-119 238 87
-119 238 89
-119 238 90
-119 238 91
-119 238 92
-119 238 93
-119 238 94
-119 238 95
-119 239 80
-119 239 81
-119 239 82
-119 239 83
-119 239 84
-119 239 85
-119 239 86
-119 239 90
-119 239 91
-119 239 93
-119 239 94
-119 239 95
-119 240 80
-119 240 82
-119 240 83
-119 240 84
-119 241 82
-118 227 84
-118 227 85
-118 227 88
-118 227 94
-118 227 95
-118 228 80
-118 228 81
-118 228 83
-118 228 84
-118 228 85
-118 228 86
-118 228 87
-118 228 88
-118 228 89
-118 228 90
-118 228 95
-118 229 80
-118 229 81
-118 229 82
-118 229 83
-118 229 84
-118 229 85
-118 229 86
-118 229 88
-118 229 89
-118 229 90
-118 229 91
-118 229 93
-118 229 94
-118 229 95
-118 230 80
-118 230 81
-118 230 82
-118 230 83
-118 230 84
-118 230 85
-118 230 86
-118 230 87
-118 230 88
-118 230 89
-118 230 90
-118 230 91
-118 230 92
-118 230 93
-118 230 94
-118 230 95
-118 231 80
-118 231 81
-118 231 82
-118 231 83
-118 231 84
-118 231 85
-118 231 86
-118 231 87
-118 231 88
-118 231 89
-118 231 90
-118 231 91
-118 231 92
-118 231 93
-118 231 94
-118 231 95
-118 232 80
-118 232 81
-118 232 82
-118 232 83
-118 232 84
-118 232 85
-118 232 86
-118 232 87
-118 232 88
-118 232 89
-118 232 90
-118 232 91
-118 232 92
-118 232 93
-118 232 94
-118 232 95
-118 233 80
-118 233 81
-118 233 82
-118 233 83
-118 233 84
-118 233 85
-118 233 86
-118 233 87
-118 233 88
-118 233 89
-118 233 90
-118 233 91
-118 233 92
-118 233 93
-118 233 94
-118 233 95
-118 234 80
-118 234 81
-118 234 82
-118 234 83
-118 234 84
-118 234 85
-118 234 86
-118 234 87
-118 234 88
-118 234 89
-118 234 90
-118 234 91
-118 234 92
-118 234 93
-118 234 94
-118 234 95
-118 235 80
-118 235 81
-118 235 82
-118 235 83
-118 235 84
-118 235 85
-118 235 86
-118 235 87
-118 235 88
-118 235 89
-118 235 90
-118 235 91
-118 235 92
-118 235 93
-118 235 94
-118 235 95
-118 236 80
-118 236 81
-118 236 82
-118 236 83
-118 236 84
-118 236 85
-118 236 86
-118 236 87
-118 236 88
-118 236 89
-118 236 90
-118 236 91
-118 236 92
-118 236 93
-118 236 94
-118 236 95
-118 237 80
-118 237 81
-118 237 82
-118 237 83
-118 237 85
-118 237 86
-118 237 87
-118 237 88
-118 237 89
-118 237 90
-118 237 91
-118 237 92
-118 237 93
-118 237 94
-118 237 95
-118 238 80
-118 238 81
-118 238 82
-118 238 83
-118 238 84
-118 238 85
-118 238 86
-118 238 87
-118 238 88
-118 238 89
-118 238 90
-118 238 92
-118 238 93
-118 238 94
-118 238 95
-118 239 80
-118 239 81
-118 239 82
-118 239 83
-118 239 84
-118 239 85
-118 239 86
-118 239 89
-118 239 91
-118 239 92
-118 239 93
-118 239 94
-118 240 81
-118 240 82
-118 240 83
-118 240 84
-118 240 85
-118 240 86
-118 240 87
-118 240 89
-118 241 82
-118 241 83
-118 241 90
-118 242 82
-117 225 82
-117 226 82
-117 226 85
-117 227 82
-117 227 83
-117 227 84
-117 227 86
-117 227 88
-117 227 95
-117 228 80
-117 228 81
-117 228 82
-117 228 83
-117 228 84
-117 228 85
-117 228 86
-117 228 87
-117 228 88
-117 228 91
-117 229 81
-117 229 82
-117 229 83
-117 229 84
-117 229 85
-117 229 86
-117 229 87
-117 229 88
-117 229 89
-117 229 90
-117 229 91
-117 229 93
-117 229 95
-117 230 80
-117 230 81
-117 230 82
-117 230 83
-117 230 84
-117 230 85
-117 230 86
-117 230 87
-117 230 88
-117 230 89
-117 230 90
-117 230 91
-117 230 92
-117 230 93
-117 230 94
-117 231 80
-117 231 81
-117 231 82
-117 231 83
-117 231 84
-117 231 85
-117 231 86
-117 231 87
-117 231 88
-117 231 89
-117 231 90
-117 231 91
-117 231 92
-117 231 93
-117 231 94
-117 231 95
-117 232 80
-117 232 81
-117 232 82
-117 232 83
-117 232 84
-117 232 85
-117 232 86
-117 232 87
-117 232 88
-117 232 89
-117 232 90
-117 232 91
-117 232 92
-117 232 93
-117 232 94
-117 232 95
-117 233 80
-117 233 81
-117 233 82
-117 233 83
-117 233 84
-117 233 85
-117 233 86
-117 233 87
-117 233 88
-117 233 89
-117 233 90
-117 233 91
-117 233 92
-117 233 93
-117 233 94
-117 233 95
-117 234 80
-117 234 81
-117 234 82
-117 234 83
-117 234 84
-117 234 85
-117 234 86
-117 234 87
-117 234 88
-117 234 89
-117 234 90
-117 234 91
-117 234 92
-117 234 93
-117 234 94
-117 234 95
-117 235 80
-117 235 81
-117 235 82
-117 235 83
-117 235 84
-117 235 85
-117 235 86
-117 235 87
-117 235 88
-117 235 89
-117 235 90
-117 235 91
-117 235 92
-117 235 93
-117 235 94
-117 235 95
-117 236 80
-117 236 81
-117 236 82
-117 236 83
-117 236 84
-117 236 85
-117 236 86
-117 236 87
-117 236 88
-117 236 89
-117 236 90
-117 236 91
-117 236 92
-117 236 93
-117 236 94
-117 236 95
-117 237 80
-117 237 81
-117 237 82
-117 237 83
-117 237 84
-117 237 85
-117 237 86
-117 237 87
-117 237 88
-117 237 89
-117 237 90
-117 237 91
-117 237 92
-117 237 93
-117 237 94
-117 237 95
-117 238 80
-117 238 81
-117 238 82
-117 238 83
-117 238 84
-117 238 85
-117 238 86
-117 238 87
-117 238 88
-117 238 89
-117 238 90
-117 238 91
-117 238 92
-117 238 93
-117 238 95
-117 239 80
-117 239 81
-117 239 82
-117 239 85
-117 239 86
-117 239 88
-117 239 89
-117 239 90
-117 239 91
-117 239 92
-117 239 95
-117 240 82
-117 240 84
-117 240 86
-117 240 90
-117 241 83
-117 241 90
-117 242 90
-116 226 81
-116 226 82
-116 226 83
-116 226 84
-116 226 85
-116 226 86
-116 227 80
-116 227 81
-116 227 82
-116 227 83
-116 227 85
-116 228 81
-116 228 82
-116 228 83
-116 228 84
-116 228 85
-116 228 86
-116 228 87
-116 228 88
-116 229 80
-116 229 81
-116 229 82
-116 229 83
-116 229 84
-116 229 85
-116 229 86
-116 229 87
-116 229 88
-116 229 89
-116 229 91
-116 229 94
-116 230 80
-116 230 81
-116 230 82
-116 230 83
-116 230 84
-116 230 85
-116 230 86
-116 230 87
-116 230 88
-116 230 89
-116 230 91
-116 230 92
-116 230 94
-116 230 95
-116 231 80
-116 231 81
-116 231 82
-116 231 83
-116 231 84
-116 231 85
-116 231 86
-116 231 87
-116 231 88
-116 231 89
-116 231 90
-116 231 91
-116 231 92
-116 231 93
-116 231 94
-116 231 95
-116 232 80
-116 232 81
-116 232 82
-116 232 83
-116 232 84
-116 232 85
-116 232 86
-116 232 87
-116 232 88
-116 232 89
-116 232 90
-116 232 91
-116 232 92
-116 232 93
-116 232 94
-116 232 95
-116 233 80
-116 233 81
-116 233 82
-116 233 83
-116 233 84
-116 233 85
-116 233 86
-116 233 87
-116 233 88
-116 233 89
-116 233 90
-116 233 91
-116 233 92
-116 233 93
-116 233 94
-116 233 95
-116 234 80
-116 234 81
-116 234 82
-116 234 83
-116 234 84
-116 234 85
-116 234 86
-116 234 87
-116 234 88
-116 234 89
-116 234 90
-116 234 91
-116 234 92
-116 234 93
-116 234 94
-116 234 95
-116 235 80
-116 235 81
-116 235 82
-116 235 83
-116 235 84
-116 235 85
-116 235 86
-116 235 87
-116 235 88
-116 235 89
-116 235 90
-116 235 91
-116 235 92
-116 235 93
-116 235 94
-116 235 95
-116 236 80
-116 236 81
-116 236 82
-116 236 83
-116 236 84
-116 236 85
-116 236 86
-116 236 87
-116 236 88
-116 236 89
-116 236 90
-116 236 91
-116 236 93
-116 236 94
-116 236 95
-116 237 80
-116 237 81
-116 237 82
-116 237 83
-116 237 84
-116 237 85
-116 237 86
-116 237 87
-116 237 88
-116 237 89
-116 237 90
-116 237 91
-116 237 93
-116 237 94
-116 237 95
-116 238 80
-116 238 81
-116 238 82
-116 238 83
-116 238 84
-116 238 85
-116 238 86
-116 238 87
-116 238 89
-116 238 90
-116 238 91
-116 238 92
-116 238 95
-116 239 80
-116 239 81
-116 239 83
-116 239 85
-116 239 86
-116 239 87
-116 239 89
-116 239 90
-116 239 91
-116 240 81
-116 240 82
-116 240 83
-116 240 86
-116 240 90
-116 241 90
-115 225 82
-115 225 83
-115 226 81
-115 226 82
-115 226 83
-115 226 84
-115 227 80
-115 227 81
-115 227 82
-115 227 83
-115 227 84
-115 228 80
-115 228 81
-115 228 82
-115 228 83
-115 228 84
-115 228 85
-115 228 86
-115 228 91
-115 229 80
-115 229 81
-115 229 82
-115 229 83
-115 229 84
-115 229 85
-115 229 86
-115 229 87
-115 229 88
-115 229 91
-115 229 92
-115 230 80
-115 230 81
-115 230 82
-115 230 83
-115 230 84
-115 230 85
-115 230 86
-115 230 87
-115 230 88
-115 230 89
-115 230 90
-115 230 91
-115 230 92
-115 230 93
-115 230 94
-115 231 80
-115 231 81
-115 231 82
-115 231 83
-115 231 84
-115 231 85
-115 231 86
-115 231 87
-115 231 88
-115 231 89
-115 231 90
-115 231 91
-115 231 92
-115 231 93
-115 231 94
-115 231 95
-115 232 80
-115 232 81
-115 232 82
-115 232 83
-115 232 84
-115 232 85
-115 232 86
-115 232 87
-115 232 88
-115 232 89
-115 232 90
-115 232 91
-115 232 92
-115 232 93
-115 232 94
-115 232 95
-115 233 80
-115 233 81
-115 233 82
-115 233 83
-115 233 84
-115 233 85
-115 233 86
-115 233 87
-115 233 88
-115 233 89
-115 233 90
-115 233 91
-115 233 92
-115 233 93
-115 233 94
-115 233 95
-115 234 80
-115 234 81
-115 234 82
-115 234 83
-115 234 84
-115 234 85
-115 234 86
-115 234 87
-115 234 88
-115 234 89
-115 234 90
-115 234 91
-115 234 92
-115 234 93
-115 234 94
-115 234 95
-115 235 80
-115 235 81
-115 235 82
-115 235 83
-115 235 84
-115 235 85
-115 235 86
-115 235 87
-115 235 88
-115 235 89
-115 235 90
-115 235 91
-115 235 92
-115 235 93
-115 235 94
-115 235 95
-115 236 80
-115 236 81
-115 236 82
-115 236 83
-115 236 84
-115 236 85
-115 236 86
-115 236 87
-115 236 88
-115 236 89
-115 236 90
-115 236 91
-115 236 92
-115 236 93
-115 236 94
-115 236 95
-115 237 80
-115 237 81
-115 237 82
-115 237 83
-115 237 85
-115 237 86
-115 237 87
-115 237 88
-115 237 89
-115 237 90
-115 237 91
-115 237 94
-115 237 95
-115 238 80
-115 238 81
-115 238 82
-115 238 83
-115 238 84
-115 238 85
-115 238 86
-115 238 87
-115 238 88
-115 238 89
-115 238 90
-115 238 91
-115 238 92
-115 238 94
-115 239 80
-115 239 81
-115 239 83
-115 239 86
-115 239 88
-115 240 80
-115 240 81
-115 240 82
-115 240 88
-115 240 90
-114 226 81
-114 226 82
-114 226 83
-114 227 80
-114 227 81
-114 227 82
-114 227 83
-114 227 84
-114 227 85
-114 227 86
-114 227 87
-114 228 80
-114 228 81
-114 228 82
-114 228 83
-114 228 84
-114 228 85
-114 228 86
-114 228 87
-114 229 80
-114 229 81
-114 229 82
-114 229 83
-114 229 84
-114 229 85
-114 229 86
-114 229 87
-114 229 88
-114 229 89
-114 229 91
-114 230 80
-114 230 81
-114 230 82
-114 230 83
-114 230 84
-114 230 85
-114 230 86
-114 230 87
-114 230 88
-114 230 89
-114 230 90
-114 231 80
-114 231 81
-114 231 82
-114 231 83
-114 231 84
-114 231 85
-114 231 86
-114 231 87
-114 231 88
-114 231 89
-114 231 90
-114 231 91
-114 231 92
-114 231 95
-114 232 80
-114 232 81
-114 232 82
-114 232 83
-114 232 84
-114 232 85
-114 232 86
-114 232 87
-114 232 88
-114 232 89
-114 232 90
-114 232 91
-114 232 92
-114 232 93
-114 232 94
-114 232 95
-114 233 80
-114 233 81
-114 233 82
-114 233 83
-114 233 84
-114 233 85
-114 233 86
-114 233 87
-114 233 88
-114 233 89
-114 233 90
-114 233 91
-114 233 92
-114 233 93
-114 233 94
-114 233 95
-114 234 80
-114 234 81
-114 234 82
-114 234 83
-114 234 84
-114 234 85
-114 234 86
-114 234 87
-114 234 88
-114 234 89
-114 234 90
-114 234 91
-114 234 92
-114 234 93
-114 234 94
-114 234 95
-114 235 80
-114 235 81
-114 235 82
-114 235 83
-114 235 84
-114 235 85
-114 235 86
-114 235 87
-114 235 88
-114 235 89
-114 235 90
-114 235 91
-114 235 92
-114 235 93
-114 235 94
-114 235 95
-114 236 80
-114 236 81
-114 236 82
-114 236 83
-114 236 84
-114 236 85
-114 236 86
-114 236 87
-114 236 88
-114 236 89
-114 236 90
-114 236 91
-114 236 94
-114 236 95
-114 237 80
-114 237 81
-114 237 82
-114 237 83
-114 237 84
-114 237 85
-114 237 86
-114 237 87
-114 237 88
-114 237 89
-114 237 90
-114 237 91
-114 237 95
-114 238 80
-114 238 81
-114 238 82
-114 238 84
-114 238 85
-114 238 86
-114 238 87
-114 238 88
-114 238 89
-114 238 90
-114 238 91
-114 239 81
-114 239 82
-114 239 85
-114 239 86
-114 239 87
-114 239 88
-114 239 89
-114 239 90
-114 240 87
-113 226 80
-113 226 81
-113 226 83
-113 226 84
-113 226 85
-113 226 86
-113 227 80
-113 227 81
-113 227 82
-113 227 83
-113 227 84
-113 227 85
-113 227 86
-113 227 87
-113 228 80
-113 228 81
-113 228 82
-113 228 83
-113 228 84
-113 228 85
-113 228 86
-113 229 80
-113 229 81
-113 229 82
-113 229 83
-113 229 84
-113 229 85
-113 229 86
-113 229 87
-113 230 80
-113 230 81
-113 230 82
-113 230 83
-113 230 84
-113 230 85
-113 230 86
-113 230 87
-113 231 80
-113 231 81
-113 231 82
-113 231 83
-113 231 84
-113 231 85
-113 231 86
-113 231 87
-113 231 88
-113 231 89
-113 231 91
-113 231 95
-113 232 80
-113 232 81
-113 232 82
-113 232 83
-113 232 84
-113 232 85
-113 232 86
-113 232 87
-113 232 88
-113 232 89
-113 232 90
-113 232 91
-113 232 92
-113 233 80
-113 233 81
-113 233 82
-113 233 83
-113 233 84
-113 233 85
-113 233 86
-113 233 87
-113 233 88
-113 233 89
-113 233 90
-113 233 91
-113 233 92
-113 233 93
-113 233 94
-113 233 95
-113 234 80
-113 234 81
-113 234 82
-113 234 83
-113 234 84
-113 234 85
-113 234 86
-113 234 87
-113 234 88
-113 234 89
-113 234 90
-113 234 91
-113 234 92
-113 234 94
-113 234 95
-113 235 80
-113 235 81
-113 235 82
-113 235 83
-113 235 84
-113 235 85
-113 235 86
-113 235 87
-113 235 88
-113 235 89
-113 235 90
-113 235 91
-113 235 92
-113 235 93
-113 235 94
-113 235 95
-113 236 80
-113 236 81
-113 236 82
-113 236 83
-113 236 84
-113 236 85
-113 236 86
-113 236 87
-113 236 88
-113 236 89
-113 236 90
-113 236 94
-113 236 95
-113 237 80
-113 237 81
-113 237 82
-113 237 83
-113 237 84
-113 237 85
-113 237 86
-113 237 87
-113 237 88
-113 237 89
-113 237 90
-113 237 91
-113 237 92
-113 238 80
-113 238 81
-113 238 82
-113 238 83
-113 238 84
-113 238 85
-113 238 86
-113 238 87
-113 238 88
-113 238 89
-113 238 90
-113 239 81
-113 239 84
-113 239 85
-113 239 86
-113 239 88
-113 239 89
-113 239 90

