alfheim:altLeaves
6
-32 222 -209
-32 223 -209
-32 224 -210
-32 224 -209
-31 223 -210
-31 224 -211
-31 224 -210
-31 224 -209
-30 224 -210
-30 224 -209
-29 224 -211
-29 224 -209
-28 224 -211
-28 224 -210
-28 224 -209
-27 222 -211
-27 223 -213
-27 223 -212
-27 223 -211
-27 223 -210
-27 223 -209
-27 224 -213
-27 224 -212
-27 224 -211
-27 224 -210
-27 224 -209
-26 223 -212
-26 223 -210
-26 223 -209
-26 224 -214
-26 224 -212
-26 224 -211
-26 224 -209
-25 221 -210
-25 223 -213
-25 223 -211
-25 223 -210
-25 223 -209
-25 224 -213
-25 224 -212
-25 224 -211
-24 220 -209
-24 221 -210
-24 222 -213
-24 222 -212
-24 222 -211
-24 222 -210
-24 222 -209
-24 223 -213
-24 223 -212
-24 223 -211
-24 223 -210
-24 223 -209
-24 224 -213
-24 224 -212
-24 224 -211
-24 224 -210
-24 224 -209
-23 218 -210
-23 219 -210
-23 220 -212
-23 220 -211
-23 220 -209
-23 221 -213
-23 221 -212
-23 221 -211
-23 221 -210
-23 221 -209
-23 222 -212
-23 222 -211
-23 222 -210
-23 222 -209
-23 223 -212
-23 223 -211
-23 223 -210
-23 223 -209
-23 224 -214
-23 224 -213
-23 224 -212
-23 224 -211
-23 224 -210
-22 218 -210
-22 218 -209
-22 219 -212
-22 219 -211
-22 219 -210
-22 220 -212
-22 220 -211
-22 220 -210
-22 220 -209
-22 221 -214
-22 221 -212
-22 221 -211
-22 221 -210
-22 221 -209
-22 222 -217
-22 222 -215
-22 222 -214
-22 222 -213
-22 222 -212
-22 222 -211
-22 222 -210
-22 223 -214
-22 223 -213
-22 223 -212
-22 223 -211
-22 223 -210
-22 223 -209
-22 224 -215
-22 224 -214
-22 224 -213
-22 224 -212
-22 224 -211
-22 224 -210
-22 224 -209
-21 216 -209
-21 217 -209
-21 218 -210
-21 218 -209
-21 219 -212
-21 219 -211
-21 219 -210
-21 219 -209
-21 220 -213
-21 220 -212
-21 220 -211
-21 220 -210
-21 220 -209
-21 221 -217
-21 221 -215
-21 221 -213
-21 221 -212
-21 221 -211
-21 221 -210
-21 221 -209
-21 222 -218
-21 222 -217
-21 222 -215
-21 222 -214
-21 222 -213
-21 222 -212
-21 222 -211
-21 222 -210
-21 222 -209
-21 223 -217
-21 223 -213
-21 223 -212
-21 223 -211
-21 223 -210
-21 223 -209
-21 224 -213
-21 224 -212
-21 224 -211
-21 224 -210
-21 224 -209
-20 216 -209
-20 217 -210
-20 217 -209
-20 218 -211
-20 218 -210
-20 218 -209
-20 219 -213
-20 219 -212
-20 219 -211
-20 219 -210
-20 219 -209
-20 220 -217
-20 220 -213
-20 220 -212
-20 220 -211
-20 220 -210
-20 220 -209
-20 221 -220
-20 221 -219
-20 221 -218
-20 221 -217
-20 221 -215
-20 221 -214
-20 221 -213
-20 221 -212
-20 221 -211
-20 221 -210
-20 221 -209
-20 222 -219
-20 222 -218
-20 222 -217
-20 222 -216
-20 222 -215
-20 222 -214
-20 222 -213
-20 222 -212
-20 222 -211
-20 222 -210
-20 222 -209
-20 223 -219
-20 223 -217
-20 223 -216
-20 223 -215
-20 223 -214
-20 223 -213
-20 223 -212
-20 223 -211
-20 223 -210
-20 223 -209
-20 224 -217
-20 224 -215
-20 224 -214
-20 224 -213
-20 224 -212
-20 224 -211
-20 224 -210
-20 224 -209
-19 212 -215
-19 216 -210
-19 216 -209
-19 217 -217
-19 217 -209
-19 218 -218
-19 218 -216
-19 218 -213
-19 218 -211
-19 219 -215
-19 219 -214
-19 219 -213
-19 219 -212
-19 219 -211
-19 219 -209
-19 220 -219
-19 220 -218
-19 220 -217
-19 220 -216
-19 220 -215
-19 220 -214
-19 220 -213
-19 220 -212
-19 220 -211
-19 220 -210
-19 220 -209
-19 221 -220
-19 221 -219
-19 221 -218
-19 221 -216
-19 221 -215
-19 221 -214
-19 221 -213
-19 221 -212
-19 221 -211
-19 221 -210
-19 221 -209
-19 222 -220
-19 222 -219
-19 222 -218
-19 222 -217
-19 222 -216
-19 222 -215
-19 222 -214
-19 222 -213
-19 222 -212
-19 222 -211
-19 222 -210
-19 222 -209
-19 223 -218
-19 223 -217
-19 223 -216
-19 223 -215
-19 223 -214
-19 223 -213
-19 223 -212
-19 223 -211
-19 223 -210
-19 223 -209
-19 224 -218
-19 224 -216
-19 224 -215
-19 224 -214
-19 224 -213
-19 224 -212
-19 224 -211
-19 224 -210
-19 224 -209
-18 207 -216
-18 209 -215
-18 210 -215
-18 212 -216
-18 212 -215
-18 212 -214
-18 216 -215
-18 216 -214
-18 216 -213
-18 216 -211
-18 216 -210
-18 216 -209
-18 217 -219
-18 217 -217
-18 217 -212
-18 217 -211
-18 217 -210
-18 217 -209
-18 218 -218
-18 218 -216
-18 218 -215
-18 218 -210
-18 218 -209
-18 219 -218
-18 219 -217
-18 219 -216
-18 219 -215
-18 219 -214
-18 219 -213
-18 219 -212
-18 219 -211
-18 219 -210
-18 219 -209
-18 220 -219
-18 220 -218
-18 220 -217
-18 220 -216
-18 220 -215
-18 220 -214
-18 220 -213
-18 220 -212
-18 220 -211
-18 220 -210
-18 220 -209
-18 221 -222
-18 221 -221
-18 221 -220
-18 221 -219
-18 221 -218
-18 221 -217
-18 221 -216
-18 221 -215
-18 221 -214
-18 221 -213
-18 221 -212
-18 221 -211
-18 221 -210
-18 221 -209
-18 222 -219
-18 222 -218
-18 222 -217
-18 222 -216
-18 222 -215
-18 222 -214
-18 222 -213
-18 222 -212
-18 222 -211
-18 222 -210
-18 222 -209
-18 223 -221
-18 223 -219
-18 223 -218
-18 223 -217
-18 223 -216
-18 223 -215
-18 223 -214
-18 223 -213
-18 223 -212
-18 223 -211
-18 223 -210
-18 223 -209
-18 224 -221
-18 224 -220
-18 224 -219
-18 224 -218
-18 224 -217
-18 224 -216
-18 224 -215
-18 224 -214
-18 224 -213
-18 224 -212
-18 224 -211
-18 224 -210
-18 224 -209
-17 205 -215
-17 206 -216
-17 206 -214
-17 206 -213
-17 207 -217
-17 207 -216
-17 207 -215
-17 207 -214
-17 207 -213
-17 207 -212
-17 208 -215
-17 208 -214
-17 208 -213
-17 209 -216
-17 209 -215
-17 209 -213
-17 210 -215
-17 210 -214
-17 211 -215
-17 211 -213
-17 212 -216
-17 212 -215
-17 212 -214
-17 212 -213
-17 213 -216
-17 213 -215
-17 213 -214
-17 213 -213
-17 213 -212
-17 214 -216
-17 214 -214
-17 215 -217
-17 215 -215
-17 215 -213
-17 216 -218
-17 216 -217
-17 216 -216
-17 216 -215
-17 216 -214
-17 216 -213
-17 216 -209
-17 217 -219
-17 217 -218
-17 217 -217
-17 217 -216
-17 217 -215
-17 217 -213
-17 217 -210
-17 217 -209
-17 218 -221
-17 218 -220
-17 218 -219
-17 218 -218
-17 218 -217
-17 218 -216
-17 218 -213
-17 218 -212
-17 218 -211
-17 218 -210
-17 218 -209
-17 219 -221
-17 219 -220
-17 219 -219
-17 219 -218
-17 219 -217
-17 219 -216
-17 219 -215
-17 219 -214
-17 219 -213
-17 219 -211
-17 219 -210
-17 219 -209
-17 220 -219
-17 220 -218
-17 220 -217
-17 220 -216
-17 220 -215
-17 220 -214
-17 220 -213
-17 220 -212
-17 220 -211
-17 220 -210
-17 220 -209
-17 221 -222
-17 221 -221
-17 221 -220
-17 221 -219
-17 221 -218
-17 221 -217
-17 221 -216
-17 221 -215
-17 221 -214
-17 221 -213
-17 221 -212
-17 221 -211
-17 221 -210
-17 221 -209
-17 222 -221
-17 222 -220
-17 222 -219
-17 222 -218
-17 222 -217
-17 222 -216
-17 222 -215
-17 222 -214
-17 222 -213
-17 222 -212
-17 222 -211
-17 222 -210
-17 222 -209
-17 223 -221
-17 223 -220
-17 223 -219
-17 223 -218
-17 223 -217
-17 223 -216
-17 223 -215
-17 223 -214
-17 223 -213
-17 223 -212
-17 223 -211
-17 223 -210
-17 223 -209
-17 224 -221
-17 224 -220
-17 224 -219
-17 224 -218
-17 224 -217
-17 224 -216
-17 224 -215
-17 224 -214
-17 224 -213
-17 224 -212
-17 224 -211
-17 224 -210
-17 224 -209
-32 225 -210
-32 225 -209
-32 226 -211
-32 226 -210
-32 226 -209
-32 227 -213
-32 227 -212
-32 227 -211
-32 227 -210
-32 227 -209
-32 228 -212
-32 228 -211
-32 228 -210
-32 228 -209
-32 229 -212
-32 229 -211
-32 229 -210
-32 229 -209
-32 230 -211
-32 230 -210
-32 230 -209
-32 231 -211
-32 231 -210
-32 231 -209
-32 232 -211
-32 232 -210
-32 232 -209
-32 233 -213
-32 233 -212
-32 233 -211
-32 233 -210
-32 233 -209
-32 234 -212
-32 234 -211
-32 234 -210
-32 235 -209
-32 236 -209
-31 225 -210
-31 225 -209
-31 226 -211
-31 226 -210
-31 226 -209
-31 227 -212
-31 227 -210
-31 227 -209
-31 228 -210
-31 228 -209
-31 229 -212
-31 229 -211
-31 229 -210
-31 229 -209
-31 230 -212
-31 230 -211
-31 230 -210
-31 230 -209
-31 231 -212
-31 231 -211
-31 231 -210
-31 231 -209
-31 232 -213
-31 232 -212
-31 232 -211
-31 232 -210
-31 232 -209
-31 233 -214
-31 233 -213
-31 233 -212
-31 233 -211
-31 233 -210
-31 233 -209
-31 234 -212
-31 234 -211
-31 234 -210
-31 234 -209
-31 235 -210
-31 235 -209
-31 236 -209
-31 237 -209
-30 225 -210
-30 225 -209
-30 226 -211
-30 226 -210
-30 226 -209
-30 227 -212
-30 227 -211
-30 227 -210
-30 228 -212
-30 228 -211
-30 228 -210
-30 228 -209
-30 229 -213
-30 229 -212
-30 229 -211
-30 229 -210
-30 229 -209
-30 230 -213
-30 230 -212
-30 230 -211
-30 230 -210
-30 230 -209
-30 231 -214
-30 231 -213
-30 231 -212
-30 231 -210
-30 231 -209
-30 232 -214
-30 232 -213
-30 232 -212
-30 232 -211
-30 232 -210
-30 232 -209
-30 233 -213
-30 233 -212
-30 233 -211
-30 233 -210
-30 233 -209
-30 234 -214
-30 234 -213
-30 234 -212
-30 234 -211
-30 234 -210
-30 234 -209
-30 235 -212
-30 235 -211
-30 235 -210
-30 235 -209
-30 236 -212
-30 236 -211
-30 236 -210
-30 237 -209
-30 238 -209
-29 225 -213
-29 225 -211
-29 225 -210
-29 225 -209
-29 226 -214
-29 226 -212
-29 226 -211
-29 226 -210
-29 226 -209
-29 227 -210
-29 227 -209
-29 228 -214
-29 228 -213
-29 228 -211
-29 228 -210
-29 228 -209
-29 229 -213
-29 229 -212
-29 229 -211
-29 229 -210
-29 229 -209
-29 230 -214
-29 230 -213
-29 230 -212
-29 230 -211
-29 230 -210
-29 230 -209
-29 231 -214
-29 231 -213
-29 231 -212
-29 231 -211
-29 231 -210
-29 231 -209
-29 232 -214
-29 232 -212
-29 232 -211
-29 232 -210
-29 232 -209
-29 233 -215
-29 233 -214
-29 233 -213
-29 233 -212
-29 233 -211
-29 233 -210
-29 233 -209
-29 234 -215
-29 234 -214
-29 234 -213
-29 234 -212
-29 234 -211
-29 234 -210
-29 234 -209
-29 235 -213
-29 235 -212
-29 235 -211
-29 235 -210
-29 235 -209
-29 236 -211
-29 236 -210
-29 236 -209
-29 237 -211
-29 237 -210
-29 237 -209
-28 225 -213
-28 225 -212
-28 225 -210
-28 225 -209
-28 226 -215
-28 226 -214
-28 226 -213
-28 226 -212
-28 226 -211
-28 226 -210
-28 226 -209
-28 227 -216
-28 227 -215
-28 227 -214
-28 227 -213
-28 227 -212
-28 227 -211
-28 227 -210
-28 227 -209
-28 228 -214
-28 228 -213
-28 228 -212
-28 228 -211
-28 228 -210
-28 228 -209
-28 229 -214
-28 229 -213
-28 229 -212
-28 229 -211
-28 229 -210
-28 229 -209
-28 230 -214
-28 230 -213
-28 230 -212
-28 230 -211
-28 230 -210
-28 230 -209
-28 231 -214
-28 231 -213
-28 231 -212
-28 231 -211
-28 231 -210
-28 231 -209
-28 232 -214
-28 232 -213
-28 232 -212
-28 232 -211
-28 232 -210
-28 232 -209
-28 233 -213
-28 233 -212
-28 233 -211
-28 233 -210
-28 233 -209
-28 234 -213
-28 234 -211
-28 234 -210
-28 234 -209
-28 235 -212
-28 235 -211
-28 235 -210
-28 235 -209
-28 236 -210
-28 236 -209
-28 237 -210
-28 237 -209
-28 238 -210
-27 225 -214
-27 225 -213
-27 225 -212
-27 225 -211
-27 225 -210
-27 225 -209
-27 226 -216
-27 226 -213
-27 226 -212
-27 226 -211
-27 226 -210
-27 227 -217
-27 227 -216
-27 227 -215
-27 227 -214
-27 227 -213
-27 227 -212
-27 227 -211
-27 227 -210
-27 227 -209
-27 228 -215
-27 228 -214
-27 228 -213
-27 228 -212
-27 228 -211
-27 228 -210
-27 228 -209
-27 229 -216
-27 229 -214
-27 229 -213
-27 229 -212
-27 229 -211
-27 229 -210
-27 229 -209
-27 230 -215
-27 230 -214
-27 230 -213
-27 230 -212
-27 230 -211
-27 230 -210
-27 230 -209
-27 231 -215
-27 231 -214
-27 231 -213
-27 231 -212
-27 231 -211
-27 231 -210
-27 231 -209
-27 232 -214
-27 232 -213
-27 232 -212
-27 232 -211
-27 232 -210
-27 232 -209
-27 233 -214
-27 233 -213
-27 233 -212
-27 233 -211
-27 233 -210
-27 233 -209
-27 234 -212
-27 234 -211
-27 234 -210
-27 234 -209
-27 235 -213
-27 235 -212
-27 235 -211
-27 235 -210
-27 235 -209
-27 236 -211
-27 236 -210
-27 236 -209
-27 237 -211
-27 237 -209
-27 238 -209
-26 225 -214
-26 225 -213
-26 225 -212
-26 225 -211
-26 225 -210
-26 225 -209
-26 226 -217
-26 226 -215
-26 226 -214
-26 226 -213
-26 226 -212
-26 226 -211
-26 226 -210
-26 226 -209
-26 227 -217
-26 227 -216
-26 227 -215
-26 227 -214
-26 227 -213
-26 227 -212
-26 227 -211
-26 227 -210
-26 227 -209
-26 228 -216
-26 228 -215
-26 228 -214
-26 228 -213
-26 228 -212
-26 228 -211
-26 228 -210
-26 228 -209
-26 229 -217
-26 229 -216
-26 229 -215
-26 229 -213
-26 229 -212
-26 229 -211
-26 229 -210
-26 229 -209
-26 230 -216
-26 230 -215
-26 230 -214
-26 230 -213
-26 230 -212
-26 230 -211
-26 230 -210
-26 230 -209
-26 231 -215
-26 231 -214
-26 231 -213
-26 231 -212
-26 231 -211
-26 231 -210
-26 231 -209
-26 232 -213
-26 232 -212
-26 232 -211
-26 232 -210
-26 232 -209
-26 233 -213
-26 233 -212
-26 233 -211
-26 233 -210
-26 233 -209
-26 234 -213
-26 234 -212
-26 234 -211
-26 234 -210
-26 234 -209
-26 235 -212
-26 235 -211
-26 235 -210
-26 235 -209
-26 236 -210
-26 236 -209
-26 237 -210
-26 237 -209
-26 238 -210
-26 238 -209
-26 239 -209
-25 225 -217
-25 225 -214
-25 225 -213
-25 225 -212
-25 225 -211
-25 225 -210
-25 225 -209
-25 226 -217
-25 226 -216
-25 226 -215
-25 226 -214
-25 226 -213
-25 226 -212
-25 226 -211
-25 226 -210
-25 226 -209
-25 227 -216
-25 227 -215
-25 227 -214
-25 227 -213
-25 227 -212
-25 227 -211
-25 227 -210
-25 228 -218
-25 228 -217
-25 228 -216
-25 228 -215
-25 228 -214
-25 228 -213
-25 228 -212
-25 228 -211
-25 228 -210
-25 228 -209
-25 229 -218
-25 229 -217
-25 229 -216
-25 229 -215
-25 229 -214
-25 229 -213
-25 229 -212
-25 229 -211
-25 229 -210
-25 229 -209
-25 230 -217
-25 230 -216
-25 230 -215
-25 230 -214
-25 230 -213
-25 230 -212
-25 230 -211
-25 230 -210
-25 230 -209
-25 231 -216
-25 231 -215
-25 231 -214
-25 231 -213
-25 231 -212
-25 231 -211
-25 231 -210
-25 231 -209
-25 232 -215
-25 232 -214
-25 232 -213
-25 232 -212
-25 232 -211
-25 232 -210
-25 232 -209
-25 233 -213
-25 233 -212
-25 233 -211
-25 233 -210
-25 233 -209
-25 234 -211
-25 234 -210
-25 234 -209
-25 235 -211
-25 235 -210
-25 235 -209
-25 236 -210
-25 236 -209
-25 237 -209
-25 250 -209
-24 225 -213
-24 225 -212
-24 225 -211
-24 225 -210
-24 225 -209
-24 226 -214
-24 226 -213
-24 226 -212
-24 226 -211
-24 226 -210
-24 226 -209
-24 227 -218
-24 227 -217
-24 227 -216
-24 227 -215
-24 227 -214
-24 227 -213
-24 227 -212
-24 227 -211
-24 227 -210
-24 227 -209
-24 228 -217
-24 228 -216
-24 228 -215
-24 228 -214
-24 228 -213
-24 228 -212
-24 228 -211
-24 228 -210
-24 228 -209
-24 229 -216
-24 229 -215
-24 229 -214
-24 229 -213
-24 229 -212
-24 229 -211
-24 229 -210
-24 229 -209
-24 230 -216
-24 230 -215
-24 230 -214
-24 230 -213
-24 230 -212
-24 230 -211
-24 230 -210
-24 230 -209
-24 231 -216
-24 231 -215
-24 231 -214
-24 231 -213
-24 231 -212
-24 231 -211
-24 231 -210
-24 231 -209
-24 232 -215
-24 232 -214
-24 232 -213
-24 232 -212
-24 232 -211
-24 232 -210
-24 232 -209
-24 233 -213
-24 233 -212
-24 233 -211
-24 233 -210
-24 233 -209
-24 234 -212
-24 234 -211
-24 234 -210
-24 234 -209
-24 235 -211
-24 235 -210
-24 235 -209
-24 236 -210
-24 236 -209
-24 237 -209
-24 250 -210
-24 250 -209
-23 225 -214
-23 225 -213
-23 225 -212
-23 225 -211
-23 225 -210
-23 225 -209
-23 226 -215
-23 226 -214
-23 226 -213
-23 226 -212
-23 226 -211
-23 226 -210
-23 226 -209
-23 227 -216
-23 227 -215
-23 227 -214
-23 227 -213
-23 227 -212
-23 227 -211
-23 227 -210
-23 227 -209
-23 228 -217
-23 228 -216
-23 228 -215
-23 228 -214
-23 228 -213
-23 228 -212
-23 228 -211
-23 228 -210
-23 228 -209
-23 229 -216
-23 229 -215
-23 229 -214
-23 229 -213
-23 229 -212
-23 229 -211
-23 229 -210
-23 229 -209
-23 230 -216
-23 230 -215
-23 230 -214
-23 230 -213
-23 230 -212
-23 230 -211
-23 230 -210
-23 230 -209
-23 231 -214
-23 231 -213
-23 231 -212
-23 231 -211
-23 231 -210
-23 231 -209
-23 232 -214
-23 232 -213
-23 232 -212
-23 232 -211
-23 232 -210
-23 232 -209
-23 233 -212
-23 233 -211
-23 233 -210
-23 233 -209
-23 234 -212
-23 234 -211
-23 234 -210
-23 234 -209
-23 235 -211
-23 235 -210
-23 235 -209
-23 236 -209
-23 237 -209
-23 250 -209
-23 251 -209
-22 225 -215
-22 225 -214
-22 225 -213
-22 225 -212
-22 225 -211
-22 225 -210
-22 225 -209
-22 226 -216
-22 226 -215
-22 226 -214
-22 226 -213
-22 226 -212
-22 226 -211
-22 226 -210
-22 226 -209
-22 227 -217
-22 227 -216
-22 227 -215
-22 227 -214
-22 227 -213
-22 227 -212
-22 227 -211
-22 227 -210
-22 227 -209
-22 228 -217
-22 228 -216
-22 228 -215
-22 228 -214
-22 228 -213
-22 228 -212
-22 228 -211
-22 228 -210
-22 228 -209
-22 229 -217
-22 229 -216
-22 229 -215
-22 229 -214
-22 229 -213
-22 229 -212
-22 229 -211
-22 229 -210
-22 229 -209
-22 230 -216
-22 230 -215
-22 230 -214
-22 230 -213
-22 230 -212
-22 230 -211
-22 230 -210
-22 230 -209
-22 231 -215
-22 231 -214
-22 231 -213
-22 231 -212
-22 231 -211
-22 231 -210
-22 231 -209
-22 232 -216
-22 232 -215
-22 232 -214
-22 232 -213
-22 232 -212
-22 232 -211
-22 232 -210
-22 232 -209
-22 233 -214
-22 233 -213
-22 233 -211
-22 233 -210
-22 234 -214
-22 234 -211
-22 234 -210
-22 234 -209
-22 235 -211
-22 235 -210
-22 235 -209
-22 236 -209
-22 249 -209
-22 250 -209
-22 251 -209
-22 252 -210
-22 252 -209
-22 253 -209
-21 225 -215
-21 225 -214
-21 225 -213
-21 225 -212
-21 225 -211
-21 225 -210
-21 225 -209
-21 226 -217
-21 226 -216
-21 226 -215
-21 226 -214
-21 226 -213
-21 226 -212
-21 226 -211
-21 226 -210
-21 226 -209
-21 227 -216
-21 227 -215
-21 227 -214
-21 227 -213
-21 227 -212
-21 227 -211
-21 227 -210
-21 227 -209
-21 228 -218
-21 228 -217
-21 228 -216
-21 228 -215
-21 228 -214
-21 228 -213
-21 228 -212
-21 228 -211
-21 228 -210
-21 228 -209
-21 229 -217
-21 229 -216
-21 229 -215
-21 229 -214
-21 229 -213
-21 229 -212
-21 229 -211
-21 229 -210
-21 229 -209
-21 230 -216
-21 230 -215
-21 230 -214
-21 230 -213
-21 230 -212
-21 230 -211
-21 230 -210
-21 230 -209
-21 231 -216
-21 231 -215
-21 231 -214
-21 231 -213
-21 231 -212
-21 231 -211
-21 231 -210
-21 231 -209
-21 232 -217
-21 232 -216
-21 232 -215
-21 232 -214
-21 232 -213
-21 232 -212
-21 232 -211
-21 232 -210
-21 232 -209
-21 233 -214
-21 233 -212
-21 233 -211
-21 233 -210
-21 233 -209
-21 234 -215
-21 234 -214
-21 234 -213
-21 234 -211
-21 234 -210
-21 234 -209
-21 235 -209
-21 246 -209
-21 249 -211
-21 249 -209
-21 251 -209
-20 225 -216
-20 225 -215
-20 225 -214
-20 225 -213
-20 225 -212
-20 225 -211
-20 225 -210
-20 225 -209
-20 226 -216
-20 226 -215
-20 226 -214
-20 226 -213
-20 226 -212
-20 226 -211
-20 226 -210
-20 226 -209
-20 227 -216
-20 227 -215
-20 227 -214
-20 227 -213
-20 227 -212
-20 227 -211
-20 227 -210
-20 227 -209
-20 228 -218
-20 228 -217
-20 228 -216
-20 228 -215
-20 228 -214
-20 228 -213
-20 228 -212
-20 228 -211
-20 228 -210
-20 228 -209
-20 229 -216
-20 229 -215
-20 229 -214
-20 229 -213
-20 229 -212
-20 229 -211
-20 229 -210
-20 229 -209
-20 230 -217
-20 230 -216
-20 230 -215
-20 230 -214
-20 230 -213
-20 230 -212
-20 230 -211
-20 230 -210
-20 230 -209
-20 231 -217
-20 231 -216
-20 231 -215
-20 231 -214
-20 231 -213
-20 231 -212
-20 231 -211
-20 231 -210
-20 231 -209
-20 232 -217
-20 232 -215
-20 232 -214
-20 232 -213
-20 232 -212
-20 232 -211
-20 232 -210
-20 232 -209
-20 233 -216
-20 233 -215
-20 233 -214
-20 233 -213
-20 233 -212
-20 233 -209
-20 234 -213
-20 234 -212
-20 234 -209
-20 235 -213
-20 235 -209
-20 247 -209
-20 248 -209
-20 249 -211
-20 249 -210
-20 249 -209
-20 250 -211
-20 250 -210
-20 250 -209
-20 251 -209
-20 252 -209
-20 253 -209
-19 225 -218
-19 225 -217
-19 225 -216
-19 225 -215
-19 225 -214
-19 225 -213
-19 225 -212
-19 225 -211
-19 225 -210
-19 225 -209
-19 226 -216
-19 226 -215
-19 226 -214
-19 226 -213
-19 226 -212
-19 226 -211
-19 226 -210
-19 226 -209
-19 227 -217
-19 227 -216
-19 227 -215
-19 227 -214
-19 227 -213
-19 227 -212
-19 227 -211
-19 227 -210
-19 227 -209
-19 228 -218
-19 228 -217
-19 228 -216
-19 228 -215
-19 228 -214
-19 228 -213
-19 228 -212
-19 228 -211
-19 228 -210
-19 228 -209
-19 229 -218
-19 229 -217
-19 229 -216
-19 229 -215
-19 229 -214
-19 229 -213
-19 229 -212
-19 229 -211
-19 229 -210
-19 229 -209
-19 230 -217
-19 230 -216
-19 230 -215
-19 230 -214
-19 230 -213
-19 230 -212
-19 230 -211
-19 230 -210
-19 230 -209
-19 231 -216
-19 231 -215
-19 231 -214
-19 231 -213
-19 231 -212
-19 231 -211
-19 231 -210
-19 231 -209
-19 232 -217
-19 232 -216
-19 232 -215
-19 232 -213
-19 232 -212
-19 233 -216
-19 233 -209
-19 234 -209
-19 235 -209
-19 246 -209
-19 247 -211
-19 247 -209
-19 248 -211
-19 248 -210
-19 248 -209
-19 249 -212
-19 249 -211
-19 249 -210
-19 249 -209
-19 250 -211
-19 250 -209
-19 251 -209
-19 252 -209
-18 225 -219
-18 225 -218
-18 225 -216
-18 225 -215
-18 225 -214
-18 225 -213
-18 225 -212
-18 225 -211
-18 225 -210
-18 225 -209
-18 226 -218
-18 226 -217
-18 226 -216
-18 226 -215
-18 226 -214
-18 226 -213
-18 226 -212
-18 226 -211
-18 226 -210
-18 226 -209
-18 227 -218
-18 227 -217
-18 227 -216
-18 227 -215
-18 227 -214
-18 227 -213
-18 227 -212
-18 227 -211
-18 227 -210
-18 227 -209
-18 228 -219
-18 228 -218
-18 228 -217
-18 228 -216
-18 228 -215
-18 228 -214
-18 228 -213
-18 228 -212
-18 228 -211
-18 228 -210
-18 228 -209
-18 229 -218
-18 229 -217
-18 229 -216
-18 229 -215
-18 229 -214
-18 229 -213
-18 229 -212
-18 229 -211
-18 229 -209
-18 230 -218
-18 230 -217
-18 230 -216
-18 230 -215
-18 230 -214
-18 230 -213
-18 230 -212
-18 230 -211
-18 230 -210
-18 230 -209
-18 231 -215
-18 231 -214
-18 231 -213
-18 231 -212
-18 231 -211
-18 231 -210
-18 232 -215
-18 232 -214
-18 232 -213
-18 232 -212
-18 232 -211
-18 233 -215
-18 233 -214
-18 233 -213
-18 246 -209
-18 247 -210
-18 247 -209
-18 248 -211
-18 248 -210
-18 248 -209
-18 249 -211
-18 249 -210
-18 249 -209
-18 250 -211
-18 250 -210
-18 250 -209
-18 251 -210
-18 251 -209
-18 252 -209
-17 225 -218
-17 225 -216
-17 225 -215
-17 225 -214
-17 225 -213
-17 225 -212
-17 225 -211
-17 225 -210
-17 225 -209
-17 226 -219
-17 226 -218
-17 226 -217
-17 226 -216
-17 226 -215
-17 226 -214
-17 226 -213
-17 226 -212
-17 226 -211
-17 226 -210
-17 226 -209
-17 227 -219
-17 227 -218
-17 227 -217
-17 227 -216
-17 227 -215
-17 227 -214
-17 227 -213
-17 227 -212
-17 227 -211
-17 227 -210
-17 227 -209
-17 228 -219
-17 228 -218
-17 228 -217
-17 228 -216
-17 228 -215
-17 228 -214
-17 228 -213
-17 228 -212
-17 228 -211
-17 228 -210
-17 228 -209
-17 229 -219
-17 229 -218
-17 229 -217
-17 229 -216
-17 229 -215
-17 229 -214
-17 229 -213
-17 229 -212
-17 229 -211
-17 229 -210
-17 229 -209
-17 230 -216
-17 230 -215
-17 230 -214
-17 230 -213
-17 230 -212
-17 230 -211
-17 230 -210
-17 230 -209
-17 231 -217
-17 231 -216
-17 231 -215
-17 231 -214
-17 231 -213
-17 231 -212
-17 231 -211
-17 232 -216
-17 232 -215
-17 232 -213
-17 232 -212
-17 233 -215
-17 233 -214
-17 233 -213
-17 234 -215
-17 234 -214
-17 244 -209
-17 246 -210
-17 246 -209
-17 247 -210
-17 247 -209
-17 248 -211
-17 248 -210
-17 248 -209
-17 249 -211
-17 249 -210
-17 249 -209
-17 250 -211
-17 250 -210
-17 250 -209
-17 251 -210
-17 251 -209
-17 252 -209
-17 253 -210
-17 253 -209
-17 254 -209

