alfheim:altWood1
12
-144 230 68
-144 230 69
-144 230 70
-144 230 71
-144 231 67
-144 231 68
-144 231 69
-144 231 70
-144 231 71
-144 231 72
-144 232 68
-144 232 69
-144 232 70
-144 232 71
-144 232 72
-144 232 73
-144 233 69
-144 233 70
-144 233 71
-144 233 72
-144 233 73
-144 234 70
-144 234 71
-144 234 73
-144 235 74
-144 236 72
-144 236 73
-144 236 74
-143 229 64
-143 230 64
-143 230 65
-143 230 66
-143 230 67
-143 230 68
-143 230 69
-143 231 65
-143 231 66
-143 231 67
-143 231 68
-143 231 69
-143 231 70
-143 231 71
-143 232 66
-143 232 67
-143 232 68
-143 232 69
-143 232 70
-143 232 71
-143 232 72
-143 233 67
-143 233 68
-143 233 69
-143 233 70
-143 233 71
-143 233 72
-143 233 73
-143 234 70
-143 234 71
-143 234 73
-143 235 73
-143 236 74
-142 228 64
-142 229 64
-142 229 65
-142 229 66
-142 230 64
-142 230 65
-142 230 66
-142 230 67
-142 231 64
-142 231 65
-142 231 66
-142 231 67
-142 231 68
-142 231 69
-142 232 65
-142 232 66
-142 232 67
-142 232 68
-142 232 69
-142 232 70
-142 232 71
-142 233 67
-142 233 68
-142 233 69
-142 233 70
-142 233 71
-142 234 70
-142 234 72
-141 228 64
-141 228 65
-141 229 64
-141 229 65
-141 229 66
-141 230 64
-141 230 65
-141 230 66
-141 230 67
-141 231 64
-141 231 65
-141 231 66
-141 231 67
-141 232 64
-141 232 65
-141 232 66
-141 232 67
-141 232 68
-140 228 64
-140 229 64
-140 229 65
-140 230 64
-140 230 65
-140 231 64
-140 231 65
-140 231 66
-139 229 64
-139 230 64
-134 228 64
-134 230 75
-134 230 76
-134 230 77
-134 231 75
-134 231 76
-133 228 64
-133 228 65
-133 229 65
-133 229 74
-133 229 75
-133 229 76
-133 230 74
-133 230 75
-133 230 76
-133 230 77
-133 231 75
-133 231 76
-133 231 77
-133 232 75
-132 228 64
-132 228 74
-132 229 65
-132 229 66
-132 229 73
-132 229 74
-132 229 75
-132 230 73
-132 230 74
-132 230 75
-132 230 76
-132 231 74
-132 231 75
-131 228 65
-131 228 73
-131 229 73
-131 229 74
-131 230 74
-130 227 72
-130 228 72
-130 228 73
-130 229 73
-130 229 74
-129 226 71
-129 226 72
-129 227 71
-129 227 72
-129 227 73
-129 228 72
-129 228 73
-129 229 73
alfheim:altLeaves
6
-144 231 77
-144 232 77
-144 232 79
-144 233 77
-144 233 78
-144 233 79
-144 234 72
-144 234 76
-144 234 77
-144 234 78
-144 234 79
-144 235 64
-144 235 65
-144 235 67
-144 235 71
-144 235 72
-144 235 73
-144 235 75
-144 235 76
-144 235 77
-144 235 78
-144 235 79
-144 236 64
-144 236 65
-144 236 66
-144 236 67
-144 236 68
-144 236 69
-144 236 70
-144 236 75
-144 236 76
-144 236 77
-144 236 78
-144 236 79
-144 237 64
-144 237 65
-144 237 66
-144 237 67
-144 237 68
-144 237 69
-144 237 70
-144 237 71
-144 237 72
-144 237 73
-144 237 74
-144 237 75
-144 237 76
-144 237 77
-144 237 78
-144 237 79
-144 238 64
-144 238 65
-144 238 66
-144 238 67
-144 238 68
-144 238 69
-144 238 70
-144 238 71
-144 238 72
-144 238 73
-144 238 74
-144 238 75
-144 238 76
-144 238 77
-144 238 78
-144 238 79
-144 239 64
-144 239 65
-144 239 66
-144 239 67
-144 239 68
-144 239 69
-144 239 70
-144 239 71
-144 239 72
-144 239 73
-144 239 74
-144 239 75
-144 239 76
-144 239 77
-144 239 78
-144 239 79
-144 240 64
-144 240 65
-144 240 66
-144 240 67
-144 240 68
-144 240 69
-144 240 70
-144 240 71
-144 240 72
-144 240 73
-144 240 74
-144 240 75
-144 240 76
-144 240 77
-144 240 78
-144 240 79
-144 241 64
-144 241 65
-144 241 66
-144 241 67
-144 241 68
-144 241 69
-144 241 70
-144 241 71
-144 241 72
-144 241 73
-144 241 74
-144 241 75
-144 241 76
-144 241 77
-144 241 78
-144 241 79
-144 242 65
-144 242 66
-144 242 67
-144 242 68
-144 242 69
-144 242 70
-144 242 71
-144 242 72
-144 242 73
-144 242 74
-144 242 75
-144 242 76
-144 242 77
-144 242 78
-144 242 79
-144 243 67
-144 243 68
-144 243 69
-144 243 70
-144 243 71
-144 243 72
-144 243 73
-144 243 74
-144 243 75
-144 243 76
-144 243 77
-144 243 78
-144 243 79
-144 244 65
-144 244 67
-144 244 68
-144 244 69
-144 244 70
-144 244 71
-144 244 72
-144 244 73
-144 244 74
-144 244 75
-144 244 76
-144 244 77
-144 244 78
-144 244 79
-144 245 67
-144 245 68
-144 245 69
-144 245 70
-144 245 71
-144 245 72
-144 245 73
-144 245 74
-144 245 75
-144 245 76
-144 245 77
-144 245 78
-144 245 79
-144 246 68
-144 246 69
-144 246 70
-144 246 71
-144 246 72
-144 246 73
-144 246 74
-144 246 75
-144 246 76
-144 246 77
-144 246 78
-144 246 79
-144 247 69
-144 247 70
-144 247 71
-144 247 72
-144 247 73
-144 247 74
-144 247 75
-144 247 76
-144 247 77
-144 247 78
-144 247 79
-144 248 70
-144 248 71
-144 248 72
-144 248 73
-144 248 74
-144 248 75
-144 248 76
-144 248 77
-144 248 78
-144 248 79
-144 249 70
-144 249 71
-144 249 72
-144 249 73
-144 249 74
-144 249 75
-144 249 76
-144 249 77
-144 249 78
-144 249 79
-144 250 71
-144 250 72
-144 250 73
-144 250 74
-144 250 75
-144 250 76
-144 250 77
-144 250 78
-144 251 73
-144 251 74
-144 251 75
-144 251 76
-144 251 77
-144 252 75
-144 252 76
-144 253 76
-143 231 77
-143 232 76
-143 232 77
-143 233 76
-143 233 77
-143 233 78
-143 233 79
-143 234 72
-143 234 75
-143 234 76
-143 234 77
-143 234 78
-143 234 79
-143 235 70
-143 235 71
-143 235 72
-143 235 74
-143 235 75
-143 235 76
-143 235 77
-143 235 78
-143 235 79
-143 236 64
-143 236 65
-143 236 67
-143 236 71
-143 236 72
-143 236 73
-143 236 75
-143 236 76
-143 236 77
-143 236 78
-143 236 79
-143 237 64
-143 237 65
-143 237 67
-143 237 71
-143 237 72
-143 237 73
-143 237 74
-143 237 75
-143 237 76
-143 237 77
-143 237 78
-143 237 79
-143 238 64
-143 238 65
-143 238 66
-143 238 67
-143 238 69
-143 238 70
-143 238 72
-143 238 73
-143 238 74
-143 238 75
-143 238 76
-143 238 77
-143 238 78
-143 238 79
-143 239 64
-143 239 65
-143 239 66
-143 239 67
-143 239 68
-143 239 70
-143 239 71
-143 239 72
-143 239 73
-143 239 74
-143 239 75
-143 239 76
-143 239 77
-143 239 78
-143 239 79
-143 240 64
-143 240 66
-143 240 67
-143 240 68
-143 240 69
-143 240 70
-143 240 71
-143 240 72
-143 240 73
-143 240 74
-143 240 75
-143 240 76
-143 240 77
-143 240 78
-143 240 79
-143 241 64
-143 241 65
-143 241 66
-143 241 67
-143 241 68
-143 241 69
-143 241 70
-143 241 71
-143 241 72
-143 241 73
-143 241 74
-143 241 75
-143 241 76
-143 241 77
-143 241 78
-143 241 79
-143 242 66
-143 242 67
-143 242 68
-143 242 69
-143 242 70
-143 242 71
-143 242 72
-143 242 73
-143 242 74
-143 242 75
-143 242 76
-143 242 77
-143 242 78
-143 242 79
-143 243 67
-143 243 68
-143 243 69
-143 243 70
-143 243 71
-143 243 72
-143 243 73
-143 243 74
-143 243 75
-143 243 76
-143 243 77
-143 243 78
-143 243 79
-143 244 67
-143 244 68
-143 244 69
-143 244 70
-143 244 71
-143 244 72
-143 244 73
-143 244 74
-143 244 75
-143 244 76
-143 244 77
-143 244 78
-143 244 79
-143 245 67
-143 245 68
-143 245 69
-143 245 70
-143 245 71
-143 245 72
-143 245 73
-143 245 74
-143 245 75
-143 245 76
-143 245 77
-143 245 78
-143 245 79
-143 246 69
-143 246 70
-143 246 71
-143 246 72
-143 246 73
-143 246 74
-143 246 75
-143 246 76
-143 246 77
-143 246 78
-143 246 79
-143 247 69
-143 247 70
-143 247 71
-143 247 72
-143 247 73
-143 247 74
-143 247 75
-143 247 76
-143 247 77
-143 247 78
-143 247 79
-143 248 70
-143 248 71
-143 248 72
-143 248 73
-143 248 74
-143 248 75
-143 248 76
-143 248 77
-143 248 78
-143 248 79
-143 249 71
-143 249 72
-143 249 73
-143 249 74
-143 249 75
-143 249 76
-143 249 77
-143 249 78
-143 249 79
-143 250 72
-143 250 73
-143 250 74
-143 250 75
-143 250 76
-143 250 77
-143 251 74
-143 251 75
-143 251 76
-143 251 77
-143 252 76
-142 230 79
-142 231 77
-142 231 79
-142 232 76
-142 232 77
-142 232 78
-142 233 75
-142 233 76
-142 233 77
-142 233 78
-142 233 79
-142 234 64
-142 234 71
-142 234 73
-142 234 74
-142 234 75
-142 234 76
-142 234 77
-142 234 78
-142 234 79
-142 235 71
-142 235 72
-142 235 73
-142 235 74
-142 235 76
-142 235 77
-142 235 78
-142 235 79
-142 236 64
-142 236 65
-142 236 66
-142 236 69
-142 236 72
-142 236 73
-142 236 74
-142 236 75
-142 236 76
-142 236 77
-142 236 78
-142 236 79
-142 237 64
-142 237 65
-142 237 66
-142 237 67
-142 237 68
-142 237 69
-142 237 71
-142 237 72
-142 237 73
-142 237 74
-142 237 75
-142 237 76
-142 237 77
-142 237 78
-142 237 79
-142 238 64
-142 238 65
-142 238 66
-142 238 67
-142 238 68
-142 238 69
-142 238 70
-142 238 71
-142 238 72
-142 238 73
-142 238 74
-142 238 75
-142 238 76
-142 238 77
-142 238 78
-142 238 79
-142 239 64
-142 239 65
-142 239 66
-142 239 67
-142 239 68
-142 239 69
-142 239 71
-142 239 72
-142 239 73
-142 239 74
-142 239 75
-142 239 76
-142 239 77
-142 239 78
-142 239 79
-142 240 64
-142 240 65
-142 240 66
-142 240 67
-142 240 68
-142 240 69
-142 240 70
-142 240 71
-142 240 72
-142 240 73
-142 240 74
-142 240 75
-142 240 76
-142 240 77
-142 240 78
-142 240 79
-142 241 65
-142 241 66
-142 241 67
-142 241 68
-142 241 69
-142 241 70
-142 241 71
-142 241 72
-142 241 73
-142 241 74
-142 241 75
-142 241 76
-142 241 77
-142 241 78
-142 241 79
-142 242 66
-142 242 67
-142 242 68
-142 242 69
-142 242 70
-142 242 71
-142 242 72
-142 242 73
-142 242 74
-142 242 75
-142 242 76
-142 242 77
-142 242 78
-142 242 79
-142 243 66
-142 243 67
-142 243 68
-142 243 69
-142 243 70
-142 243 71
-142 243 72
-142 243 73
-142 243 74
-142 243 75
-142 243 76
-142 243 77
-142 243 78
-142 243 79
-142 244 67
-142 244 68
-142 244 69
-142 244 70
-142 244 71
-142 244 72
-142 244 73
-142 244 74
-142 244 75
-142 244 76
-142 244 77
-142 244 78
-142 244 79
-142 245 69
-142 245 70
-142 245 71
-142 245 72
-142 245 73
-142 245 74
-142 245 75
-142 245 76
-142 245 77
-142 245 78
-142 245 79
-142 246 69
-142 246 70
-142 246 71
-142 246 72
-142 246 73
-142 246 74
-142 246 75
-142 246 76
-142 246 77
-142 246 78
-142 246 79
-142 247 69
-142 247 70
-142 247 71
-142 247 72
-142 247 73
-142 247 74
-142 247 75
-142 247 76
-142 247 77
-142 247 78
-142 247 79
-142 248 70
-142 248 71
-142 248 72
-142 248 73
-142 248 74
-142 248 75
-142 248 76
-142 248 77
-142 248 78
-142 249 72
-142 249 73
-142 249 74
-142 249 75
-142 249 76
-142 249 77
-142 250 73
-142 250 74
-142 250 75
-142 250 76
-142 251 75
-141 229 79
-141 230 78
-141 230 79
-141 231 75
-141 231 79
-141 232 77
-141 233 64
-141 233 74
-141 233 76
-141 233 77
-141 233 79
-141 234 64
-141 234 70
-141 234 71
-141 234 72
-141 234 73
-141 234 74
-141 234 75
-141 234 76
-141 234 77
-141 234 78
-141 234 79
-141 235 65
-141 235 71
-141 235 72
-141 235 73
-141 235 74
-141 235 75
-141 235 76
-141 235 77
-141 235 78
-141 235 79
-141 236 64
-141 236 65
-141 236 70
-141 236 71
-141 236 72
-141 236 73
-141 236 74
-141 236 75
-141 236 76
-141 236 77
-141 236 78
-141 236 79
-141 237 64
-141 237 65
-141 237 66
-141 237 67
-141 237 68
-141 237 69
-141 237 70
-141 237 71
-141 237 72
-141 237 73
-141 237 74
-141 237 75
-141 237 76
-141 237 77
-141 237 78
-141 237 79
-141 238 64
-141 238 65
-141 238 66
-141 238 67
-141 238 69
-141 238 70
-141 238 71
-141 238 72
-141 238 73
-141 238 74
-141 238 75
-141 238 76
-141 238 77
-141 238 78
-141 238 79
-141 239 64
-141 239 65
-141 239 66
-141 239 67
-141 239 68
-141 239 69
-141 239 70
-141 239 71
-141 239 72
-141 239 73
-141 239 74
-141 239 75
-141 239 76
-141 239 77
-141 239 78
-141 239 79
-141 240 64
-141 240 65
-141 240 66
-141 240 67
-141 240 68
-141 240 69
-141 240 70
-141 240 71
-141 240 72
-141 240 73
-141 240 74
-141 240 75
-141 240 76
-141 240 77
-141 240 78
-141 240 79
-141 241 65
-141 241 66
-141 241 67
-141 241 68
-141 241 69
-141 241 70
-141 241 71
-141 241 72
-141 241 73
-141 241 74
-141 241 75
-141 241 76
-141 241 77
-141 241 78
-141 241 79
-141 242 65
-141 242 66
-141 242 67
-141 242 68
-141 242 69
-141 242 70
-141 242 71
-141 242 72
-141 242 73
-141 242 74
-141 242 75
-141 242 76
-141 242 77
-141 242 78
-141 242 79
-141 243 67
-141 243 68
-141 243 69
-141 243 70
-141 243 71
-141 243 72
-141 243 73
-141 243 74
-141 243 75
-141 243 76
-141 243 77
-141 243 78
-141 243 79
-141 244 67
-141 244 68
-141 244 69
-141 244 70
-141 244 71
-141 244 72
-141 244 73
-141 244 74
-141 244 75
-141 244 76
-141 244 77
-141 244 78
-141 244 79
-141 245 68
-141 245 69
-141 245 70
-141 245 71
-141 245 72
-141 245 73
-141 245 74
-141 245 75
-141 245 76
-141 245 77
-141 245 78
-141 245 79
-141 246 69
-141 246 70
-141 246 71
-141 246 72
-141 246 73
-141 246 74
-141 246 75
-141 246 76
-141 246 77
-141 246 78
-141 247 72
-141 247 73
-141 247 74
-141 247 75
-141 247 76
-141 247 77
-141 247 78
-141 247 79
-141 248 72
-141 248 73
-141 248 74
-141 248 75
-141 248 76
-141 248 77
-141 248 78
-141 249 71
-141 249 72
-141 249 74
-141 249 75
-141 249 76
-141 249 77
-141 250 74
-141 250 75
-141 250 76
-141 251 75
-140 228 79
-140 229 78
-140 229 79
-140 230 77
-140 230 78
-140 230 79
-140 231 74
-140 231 75
-140 231 78
-140 231 79
-140 232 75
-140 232 76
-140 232 77
-140 232 78
-140 232 79
-140 233 65
-140 233 72
-140 233 75
-140 233 76
-140 233 77
-140 233 78
-140 233 79
-140 234 64
-140 234 66
-140 234 71
-140 234 72
-140 234 73
-140 234 74
-140 234 75
-140 234 76
-140 234 77
-140 234 78
-140 234 79
-140 235 64
-140 235 66
-140 235 67
-140 235 69
-140 235 70
-140 235 71
-140 235 72
-140 235 73
-140 235 74
-140 235 75
-140 235 76
-140 235 77
-140 235 78
-140 235 79
-140 236 64
-140 236 65
-140 236 66
-140 236 67
-140 236 68
-140 236 69
-140 236 70
-140 236 71
-140 236 72
-140 236 73
-140 236 74
-140 236 75
-140 236 76
-140 236 77
-140 236 78
-140 236 79
-140 237 64
-140 237 65
-140 237 66
-140 237 67
-140 237 68
-140 237 69
-140 237 70
-140 237 72
-140 237 73
-140 237 74
-140 237 75
-140 237 76
-140 237 77
-140 237 78
-140 237 79
-140 238 64
-140 238 65
-140 238 66
-140 238 67
-140 238 68
-140 238 69
-140 238 70
-140 238 71
-140 238 72
-140 238 73
-140 238 74
-140 238 75
-140 238 76
-140 238 77
-140 238 78
-140 238 79
-140 239 64
-140 239 65
-140 239 66
-140 239 67
-140 239 68
-140 239 69
-140 239 70
-140 239 71
-140 239 72
-140 239 73
-140 239 74
-140 239 75
-140 239 76
-140 239 77
-140 239 78
-140 239 79
-140 240 64
-140 240 65
-140 240 66
-140 240 67
-140 240 68
-140 240 69
-140 240 70
-140 240 71
-140 240 72
-140 240 73
-140 240 74
-140 240 75
-140 240 76
-140 240 77
-140 240 78
-140 240 79
-140 241 65
-140 241 66
-140 241 67
-140 241 68
-140 241 69
-140 241 70
-140 241 71
-140 241 72
-140 241 73
-140 241 74
-140 241 75
-140 241 76
-140 241 77
-140 241 78
-140 241 79
-140 242 65
-140 242 66
-140 242 67
-140 242 68
-140 242 69
-140 242 70
-140 242 71
-140 242 72
-140 242 73
-140 242 74
-140 242 75
-140 242 76
-140 242 77
-140 242 78
-140 243 65
-140 243 67
-140 243 68
-140 243 69
-140 243 70
-140 243 71
-140 243 72
-140 243 73
-140 243 74
-140 243 75
-140 243 76
-140 243 77
-140 243 78
-140 243 79
-140 244 65
-140 244 68
-140 244 69
-140 244 70
-140 244 71
-140 244 72
-140 244 73
-140 244 74
-140 244 75
-140 244 76
-140 244 77
-140 244 78
-140 244 79
-140 245 69
-140 245 70
-140 245 71
-140 245 72
-140 245 73
-140 245 74
-140 245 75
-140 245 76
-140 245 77
-140 245 78
-140 245 79
-140 246 70
-140 246 71
-140 246 72
-140 246 73
-140 246 74
-140 246 75
-140 246 76
-140 246 77
-140 246 78
-140 246 79
-140 247 70
-140 247 71
-140 247 72
-140 247 73
-140 247 74
-140 247 75
-140 247 76
-140 247 77
-140 248 72
-140 248 73
-140 248 74
-140 248 75
-140 248 76
-140 248 77
-140 249 75
-140 249 76
-139 228 78
-139 228 79
-139 229 75
-139 229 77
-139 229 79
-139 230 75
-139 230 76
-139 230 77
-139 230 78
-139 230 79
-139 231 74
-139 231 75
-139 231 76
-139 231 77
-139 231 78
-139 231 79
-139 232 64
-139 232 73
-139 232 74
-139 232 75
-139 232 76
-139 232 77
-139 232 78
-139 232 79
-139 233 64
-139 233 65
-139 233 69
-139 233 72
-139 233 73
-139 233 74
-139 233 75
-139 233 76
-139 233 77
-139 233 78
-139 233 79
-139 234 64
-139 234 66
-139 234 68
-139 234 69
-139 234 70
-139 234 71
-139 234 72
-139 234 73
-139 234 75
-139 234 76
-139 234 77
-139 234 78
-139 234 79
-139 235 64
-139 235 65
-139 235 66
-139 235 67
-139 235 68
-139 235 69
-139 235 71
-139 235 72
-139 235 73
-139 235 74
-139 235 75
-139 235 76
-139 235 77
-139 235 78
-139 235 79
-139 236 65
-139 236 66
-139 236 67
-139 236 68
-139 236 69
-139 236 70
-139 236 71
-139 236 72
-139 236 73
-139 236 74
-139 236 75
-139 236 76
-139 236 77
-139 236 78
-139 236 79
-139 237 64
-139 237 65
-139 237 66
-139 237 67
-139 237 68
-139 237 69
-139 237 70
-139 237 71
-139 237 72
-139 237 73
-139 237 74
-139 237 75
-139 237 76
-139 237 77
-139 237 78
-139 237 79
-139 238 64
-139 238 65
-139 238 66
-139 238 67
-139 238 68
-139 238 69
-139 238 70
-139 238 71
-139 238 72
-139 238 73
-139 238 74
-139 238 75
-139 238 76
-139 238 77
-139 238 78
-139 238 79
-139 239 64
-139 239 65
-139 239 66
-139 239 67
-139 239 68
-139 239 69
-139 239 70
-139 239 71
-139 239 72
-139 239 73
-139 239 74
-139 239 75
-139 239 76
-139 239 77
-139 239 78
-139 239 79
-139 240 64
-139 240 65
-139 240 66
-139 240 67
-139 240 68
-139 240 69
-139 240 70
-139 240 71
-139 240 73
-139 240 74
-139 240 75
-139 240 76
-139 240 77
-139 240 78
-139 240 79
-139 241 64
-139 241 65
-139 241 66
-139 241 67
-139 241 68
-139 241 69
-139 241 70
-139 241 71
-139 241 72
-139 241 73
-139 241 74
-139 241 75
-139 241 76
-139 241 77
-139 241 78
-139 241 79
-139 242 64
-139 242 67
-139 242 68
-139 242 69
-139 242 70
-139 242 71
-139 242 72
-139 242 73
-139 242 74
-139 242 75
-139 242 76
-139 242 77
-139 242 78
-139 243 65
-139 243 67
-139 243 68
-139 243 69
-139 243 70
-139 243 71
-139 243 73
-139 243 74
-139 243 75
-139 243 76
-139 243 77
-139 243 78
-139 244 67
-139 244 68
-139 244 69
-139 244 70
-139 244 71
-139 244 72
-139 244 73
-139 244 75
-139 244 76
-139 244 77
-139 244 78
-139 245 69
-139 245 70
-139 245 71
-139 245 72
-139 245 73
-139 245 74
-139 245 75
-139 245 76
-139 245 77
-139 245 78
-139 245 79
-139 246 71
-139 246 72
-139 246 73
-139 246 74
-139 246 75
-139 246 76
-139 246 77
-139 246 78
-139 247 72
-139 247 73
-139 247 74
-139 247 75
-139 247 76
-139 247 77
-139 247 78
-139 248 75
-139 248 76
-139 249 75
-138 229 79
-138 230 74
-138 230 77
-138 230 79
-138 231 64
-138 231 65
-138 231 73
-138 231 74
-138 231 75
-138 231 76
-138 231 77
-138 231 78
-138 231 79
-138 232 64
-138 232 65
-138 232 66
-138 232 69
-138 232 72
-138 232 73
-138 232 74
-138 232 75
-138 232 76
-138 232 77
-138 232 78
-138 232 79
-138 233 64
-138 233 65
-138 233 66
-138 233 67
-138 233 68
-138 233 69
-138 233 70
-138 233 73
-138 233 74
-138 233 75
-138 233 76
-138 233 77
-138 233 78
-138 233 79
-138 234 64
-138 234 65
-138 234 66
-138 234 67
-138 234 68
-138 234 71
-138 234 72
-138 234 73
-138 234 74
-138 234 75
-138 234 76
-138 234 77
-138 234 78
-138 234 79
-138 235 64
-138 235 65
-138 235 66
-138 235 67
-138 235 68
-138 235 69
-138 235 70
-138 235 71
-138 235 72
-138 235 73
-138 235 74
-138 235 75
-138 235 76
-138 235 77
-138 235 78
-138 235 79
-138 236 64
-138 236 65
-138 236 66
-138 236 67
-138 236 68
-138 236 69
-138 236 70
-138 236 71
-138 236 72
-138 236 73
-138 236 74
-138 236 75
-138 236 76
-138 236 77
-138 236 78
-138 236 79
-138 237 64
-138 237 65
-138 237 66
-138 237 67
-138 237 68
-138 237 69
-138 237 70
-138 237 71
-138 237 72
-138 237 73
-138 237 74
-138 237 75
-138 237 76
-138 237 77
-138 237 78
-138 237 79
-138 238 64
-138 238 65
-138 238 66
-138 238 67
-138 238 68
-138 238 69
-138 238 70
-138 238 71
-138 238 72
-138 238 73
-138 238 74
-138 238 75
-138 238 76
-138 238 77
-138 238 78
-138 238 79
-138 239 64
-138 239 65
-138 239 66
-138 239 67
-138 239 68
-138 239 69
-138 239 70
-138 239 71
-138 239 72
-138 239 73
-138 239 74
-138 239 75
-138 239 76
-138 239 77
-138 239 78
-138 239 79
-138 240 64
-138 240 65
-138 240 66
-138 240 67
-138 240 68
-138 240 69
-138 240 70
-138 240 71
-138 240 72
-138 240 73
-138 240 74
-138 240 75
-138 240 76
-138 240 77
-138 240 78
-138 240 79
-138 241 64
-138 241 65
-138 241 66
-138 241 67
-138 241 68
-138 241 69
-138 241 70
-138 241 71
-138 241 72
-138 241 73
-138 241 74
-138 241 75
-138 241 76
-138 241 78
-138 241 79
-138 242 64
-138 242 65
-138 242 67
-138 242 68
-138 242 69
-138 242 70
-138 242 71
-138 242 72
-138 242 73
-138 242 74
-138 242 75
-138 242 76
-138 242 77
-138 243 65
-138 243 68
-138 243 69
-138 243 70
-138 243 72
-138 243 74
-138 243 75
-138 243 76
-138 243 77
-138 243 78
-138 244 69
-138 244 70
-138 244 71
-138 244 72
-138 244 74
-138 244 75
-138 244 76
-138 245 71
-138 245 72
-138 245 73
-138 245 74
-138 245 75
-138 245 76
-138 245 77
-138 245 78
-138 246 72
-138 246 73
-138 246 75
-138 246 76
-138 246 77
-138 247 72
-138 247 74
-138 247 75
-138 247 76
-138 247 77
-137 229 78
-137 229 79
-137 230 74
-137 230 77
-137 230 78
-137 230 79
-137 231 65
-137 231 72
-137 231 73
-137 231 74
-137 231 75
-137 231 76
-137 231 77
-137 231 78
-137 231 79
-137 232 64
-137 232 65
-137 232 66
-137 232 67
-137 232 69
-137 232 72
-137 232 73
-137 232 74
-137 232 75
-137 232 76
-137 232 77
-137 232 78
-137 232 79
-137 233 64
-137 233 65
-137 233 66
-137 233 67
-137 233 68
-137 233 69
-137 233 72
-137 233 74
-137 233 75
-137 233 76
-137 233 77
-137 233 78
-137 233 79
-137 234 64
-137 234 65
-137 234 66
-137 234 67
-137 234 68
-137 234 70
-137 234 72
-137 234 73
-137 234 74
-137 234 75
-137 234 76
-137 234 77
-137 234 78
-137 234 79
-137 235 64
-137 235 65
-137 235 66
-137 235 67
-137 235 68
-137 235 69
-137 235 70
-137 235 71
-137 235 72
-137 235 73
-137 235 74
-137 235 75
-137 235 76
-137 235 77
-137 235 78
-137 235 79
-137 236 64
-137 236 65
-137 236 66
-137 236 67
-137 236 68
-137 236 69
-137 236 70
-137 236 71
-137 236 72
-137 236 73
-137 236 74
-137 236 75
-137 236 76
-137 236 77
-137 236 78
-137 236 79
-137 237 64
-137 237 65
-137 237 66
-137 237 67
-137 237 68
-137 237 69
-137 237 70
-137 237 71
-137 237 72
-137 237 73
-137 237 74
-137 237 75
-137 237 76
-137 237 77
-137 237 78
-137 237 79
-137 238 64
-137 238 65
-137 238 66
-137 238 67
-137 238 68
-137 238 69
-137 238 70
-137 238 71
-137 238 72
-137 238 73
-137 238 74
-137 238 75
-137 238 76
-137 238 77
-137 238 78
-137 238 79
-137 239 64
-137 239 65
-137 239 66
-137 239 67
-137 239 68
-137 239 69
-137 239 70
-137 239 71
-137 239 72
-137 239 73
-137 239 74
-137 239 75
-137 239 76
-137 239 77
-137 239 78
-137 239 79
-137 240 64
-137 240 65
-137 240 66
-137 240 67
-137 240 68
-137 240 69
-137 240 70
-137 240 71
-137 240 72
-137 240 73
-137 240 74
-137 240 75
-137 240 76
-137 240 77
-137 240 78
-137 240 79
-137 241 64
-137 241 65
-137 241 66
-137 241 67
-137 241 68
-137 241 69
-137 241 70
-137 241 71
-137 241 72
-137 241 73
-137 241 74
-137 241 75
-137 241 76
-137 241 77
-137 241 78
-137 241 79
-137 242 64
-137 242 65
-137 242 66
-137 242 67
-137 242 68
-137 242 69
-137 242 70
-137 242 72
-137 242 74
-137 242 75
-137 242 78
-137 243 64
-137 243 65
-137 243 68
-137 243 69
-137 243 70
-137 243 72
-137 243 75
-137 243 76
-137 243 77
-137 244 64
-137 244 65
-137 244 75
-137 245 73
-137 245 74
-137 245 76
-137 246 72
-137 246 73
-137 246 76
-137 247 75
-136 230 76
-136 230 79
-136 231 67
-136 231 69
-136 231 70
-136 231 73
-136 231 74
-136 231 75
-136 231 76
-136 231 77
-136 231 79
-136 232 64
-136 232 65
-136 232 67
-136 232 69
-136 232 70
-136 232 71
-136 232 72
-136 232 73
-136 232 75
-136 232 76
-136 232 77
-136 232 78
-136 232 79
-136 233 64
-136 233 65
-136 233 66
-136 233 67
-136 233 68
-136 233 69
-136 233 70
-136 233 71
-136 233 72
-136 233 73
-136 233 74
-136 233 75
-136 233 76
-136 233 77
-136 233 78
-136 233 79
-136 234 64
-136 234 65
-136 234 66
-136 234 67
-136 234 68
-136 234 69
-136 234 70
-136 234 71
-136 234 72
-136 234 73
-136 234 74
-136 234 77
-136 234 78
-136 234 79
-136 235 64
-136 235 65
-136 235 66
-136 235 67
-136 235 68
-136 235 69
-136 235 70
-136 235 71
-136 235 72
-136 235 73
-136 235 74
-136 235 75
-136 235 76
-136 235 77
-136 235 78
-136 235 79
-136 236 64
-136 236 65
-136 236 66
-136 236 67
-136 236 68
-136 236 69
-136 236 70
-136 236 71
-136 236 72
-136 236 73
-136 236 74
-136 236 75
-136 236 76
-136 236 77
-136 236 78
-136 236 79
-136 237 64
-136 237 65
-136 237 66
-136 237 67
-136 237 68
-136 237 69
-136 237 70
-136 237 71
-136 237 72
-136 237 73
-136 237 74
-136 237 75
-136 237 76
-136 237 77
-136 237 78
-136 237 79
-136 238 64
-136 238 65
-136 238 66
-136 238 67
-136 238 68
-136 238 69
-136 238 70
-136 238 71
-136 238 72
-136 238 73
-136 238 74
-136 238 75
-136 238 76
-136 238 77
-136 238 78
-136 238 79
-136 239 64
-136 239 65
-136 239 66
-136 239 67
-136 239 68
-136 239 69
-136 239 70
-136 239 71
-136 239 72
-136 239 73
-136 239 74
-136 239 75
-136 239 76
-136 239 77
-136 239 78
-136 239 79
-136 240 64
-136 240 65
-136 240 66
-136 240 67
-136 240 68
-136 240 69
-136 240 70
-136 240 71
-136 240 72
-136 240 73
-136 240 74
-136 240 75
-136 240 76
-136 240 77
-136 240 78
-136 240 79
-136 241 64
-136 241 65
-136 241 66
-136 241 67
-136 241 68
-136 241 69
-136 241 70
-136 241 71
-136 241 72
-136 241 73
-136 241 75
-136 241 76
-136 241 77
-136 241 78
-136 242 64
-136 242 65
-136 242 66
-136 242 67
-136 242 68
-136 242 69
-136 242 70
-136 242 71
-136 242 72
-136 242 73
-136 242 74
-136 242 75
-136 242 76
-136 242 77
-136 243 65
-136 243 66
-136 243 67
-136 243 68
-136 243 69
-136 243 70
-136 243 71
-136 243 76
-136 243 77
-136 244 68
-136 244 69
-136 244 76
-136 245 68
-135 230 64
-135 230 67
-135 230 79
-135 231 66
-135 231 67
-135 231 68
-135 231 69
-135 231 70
-135 232 64
-135 232 65
-135 232 66
-135 232 67
-135 232 68
-135 232 69
-135 232 70
-135 232 71
-135 232 73
-135 232 74
-135 232 75
-135 232 76
-135 232 77
-135 233 64
-135 233 65
-135 233 66
-135 233 67
-135 233 68
-135 233 69
-135 233 70
-135 233 71
-135 233 72
-135 233 73
-135 233 74
-135 233 75
-135 233 76
-135 233 77
-135 233 78
-135 233 79
-135 234 64
-135 234 65
-135 234 66
-135 234 67
-135 234 68
-135 234 69
-135 234 70
-135 234 71
-135 234 72
-135 234 73
-135 234 74
-135 234 75
-135 234 77
-135 234 78
-135 234 79
-135 235 64
-135 235 65
-135 235 66
-135 235 67
-135 235 68
-135 235 69
-135 235 70
-135 235 71
-135 235 73
-135 235 76
-135 235 77
-135 235 78
-135 235 79
-135 236 64
-135 236 65
-135 236 66
-135 236 67
-135 236 68
-135 236 69
-135 236 70
-135 236 71
-135 236 72
-135 236 73
-135 236 74
-135 236 75
-135 236 76
-135 236 77
-135 236 78
-135 236 79
-135 237 64
-135 237 65
-135 237 66
-135 237 67
-135 237 68
-135 237 69
-135 237 70
-135 237 71
-135 237 72
-135 237 73
-135 237 74
-135 237 75
-135 237 76
-135 237 77
-135 237 78
-135 237 79
-135 238 64
-135 238 65
-135 238 66
-135 238 67
-135 238 68
-135 238 69
-135 238 70
-135 238 71
-135 238 72
-135 238 73
-135 238 74
-135 238 75
-135 238 76
-135 238 77
-135 238 78
-135 238 79
-135 239 64
-135 239 65
-135 239 66
-135 239 67
-135 239 68
-135 239 69
-135 239 70
-135 239 71
-135 239 73
-135 239 74
-135 239 75
-135 239 76
-135 239 77
-135 239 78
-135 239 79
-135 240 64
-135 240 65
-135 240 66
-135 240 67
-135 240 68
-135 240 69
-135 240 70
-135 240 71
-135 240 72
-135 240 73
-135 240 74
-135 240 75
-135 240 76
-135 240 77
-135 240 78
-135 241 64
-135 241 65
-135 241 66
-135 241 67
-135 241 68
-135 241 69
-135 241 70
-135 241 72
-135 241 73
-135 241 74
-135 241 75
-135 241 76
-135 241 78
-135 242 66
-135 242 67
-135 242 68
-135 242 69
-135 242 71
-135 242 72
-135 242 73
-135 242 74
-135 242 76
-135 242 77
-135 243 65
-135 243 66
-135 243 67
-135 243 69
-135 244 67
-135 244 69
-134 229 64
-134 230 64
-134 230 68
-134 230 69
-134 231 64
-134 231 65
-134 231 66
-134 231 68
-134 231 69
-134 231 70
-134 231 74
-134 232 64
-134 232 65
-134 232 66
-134 232 67
-134 232 68
-134 232 69
-134 232 70
-134 232 71
-134 232 73
-134 232 74
-134 232 76
-134 232 78
-134 233 64
-134 233 65
-134 233 66
-134 233 67
-134 233 68
-134 233 69
-134 233 70
-134 233 71
-134 233 72
-134 233 73
-134 233 74
-134 233 75
-134 233 76
-134 233 77
-134 233 78
-134 233 79
-134 234 64
-134 234 65
-134 234 66
-134 234 67
-134 234 68
-134 234 69
-134 234 70
-134 234 71
-134 234 72
-134 234 73
-134 234 74
-134 234 75
-134 234 76
-134 234 77
-134 234 78
-134 234 79
-134 235 64
-134 235 65
-134 235 66
-134 235 67
-134 235 68
-134 235 69
-134 235 70
-134 235 71
-134 235 72
-134 235 73
-134 235 74
-134 235 75
-134 235 76
-134 235 77
-134 235 78
-134 235 79
-134 236 64
-134 236 65
-134 236 66
-134 236 67
-134 236 68
-134 236 69
-134 236 70
-134 236 71
-134 236 72
-134 236 73
-134 236 74
-134 236 75
-134 236 76
-134 236 77
-134 236 78
-134 236 79
-134 237 64
-134 237 65
-134 237 66
-134 237 67
-134 237 68
-134 237 69
-134 237 70
-134 237 71
-134 237 72
-134 237 73
-134 237 74
-134 237 75
-134 237 76
-134 237 77
-134 237 79
-134 238 64
-134 238 65
-134 238 66
-134 238 67
-134 238 68
-134 238 69
-134 238 70
-134 238 71
-134 238 72
-134 238 73
-134 238 74
-134 238 75
-134 238 76
-134 238 77
-134 238 78
-134 238 79
-134 239 64
-134 239 65
-134 239 66
-134 239 67
-134 239 68
-134 239 69
-134 239 70
-134 239 71
-134 239 72
-134 239 73
-134 239 74
-134 239 75
-134 239 76
-134 239 77
-134 239 78
-134 239 79
-134 240 64
-134 240 65
-134 240 66
-134 240 67
-134 240 68
-134 240 69
-134 240 70
-134 240 71
-134 240 72
-134 240 73
-134 240 74
-134 240 75
-134 240 76
-134 240 77
-134 241 64
-134 241 65
-134 241 66
-134 241 67
-134 241 68
-134 241 69
-134 241 70
-134 241 71
-134 241 72
-134 241 73
-134 241 74
-134 241 76
-134 242 66
-134 242 67
-134 242 69
-134 242 70
-134 242 71
-134 242 72
-134 242 73
-134 242 74
-134 242 76
-134 243 67
-134 243 68
-134 243 69
-134 243 72
-133 229 64
-133 229 79
-133 230 64
-133 230 65
-133 230 66
-133 230 67
-133 230 68
-133 231 64
-133 231 65
-133 231 66
-133 231 67
-133 231 68
-133 231 69
-133 231 70
-133 231 71
-133 231 72
-133 231 74
-133 232 64
-133 232 65
-133 232 66
-133 232 67
-133 232 68
-133 232 69
-133 232 71
-133 232 72
-133 232 73
-133 232 74
-133 232 77
-133 232 78
-133 233 64
-133 233 65
-133 233 66
-133 233 67
-133 233 68
-133 233 69
-133 233 70
-133 233 71
-133 233 73
-133 233 74
-133 233 75
-133 233 76
-133 233 77
-133 233 78
-133 233 79
-133 234 64
-133 234 65
-133 234 67
-133 234 68
-133 234 69
-133 234 70
-133 234 71
-133 234 72
-133 234 73
-133 234 74
-133 234 75
-133 234 76
-133 234 77
-133 234 78
-133 234 79
-133 235 64
-133 235 65
-133 235 66
-133 235 67
-133 235 68
-133 235 69
-133 235 70
-133 235 71
-133 235 72
-133 235 73
-133 235 74
-133 235 75
-133 235 76
-133 235 77
-133 235 78
-133 235 79
-133 236 64
-133 236 65
-133 236 66
-133 236 67
-133 236 68
-133 236 69
-133 236 70
-133 236 71
-133 236 72
-133 236 74
-133 236 75
-133 236 76
-133 236 78
-133 236 79
-133 237 64
-133 237 65
-133 237 66
-133 237 67
-133 237 68
-133 237 69
-133 237 70
-133 237 71
-133 237 72
-133 237 73
-133 237 74
-133 237 75
-133 237 76
-133 237 77
-133 237 78
-133 237 79
-133 238 64
-133 238 65
-133 238 66
-133 238 67
-133 238 68
-133 238 69
-133 238 70
-133 238 71
-133 238 72
-133 238 73
-133 238 74
-133 238 75
-133 238 76
-133 238 78
-133 239 64
-133 239 65
-133 239 66
-133 239 67
-133 239 68
-133 239 69
-133 239 70
-133 239 71
-133 239 72
-133 239 73
-133 239 74
-133 239 76
-133 239 77
-133 240 64
-133 240 65
-133 240 66
-133 240 67
-133 240 68
-133 240 69
-133 240 70
-133 240 71
-133 240 72
-133 240 73
-133 240 74
-133 240 75
-133 240 77
-133 241 64
-133 241 65
-133 241 66
-133 241 67
-133 241 68
-133 241 69
-133 241 70
-133 241 71
-133 241 72
-133 241 73
-133 241 74
-133 242 64
-133 242 67
-133 242 69
-133 242 71
-133 242 72
-133 243 69
-133 243 71
-133 243 72
-132 229 68
-132 229 70
-132 229 79
-132 230 64
-132 230 65
-132 230 66
-132 230 68
-132 230 69
-132 230 70
-132 230 71
-132 230 79
-132 231 64
-132 231 65
-132 231 66
-132 231 67
-132 231 68
-132 231 69
-132 231 70
-132 231 71
-132 231 73
-132 232 64
-132 232 65
-132 232 66
-132 232 67
-132 232 68
-132 232 69
-132 232 70
-132 232 71
-132 232 73
-132 232 74
-132 232 76
-132 233 64
-132 233 65
-132 233 66
-132 233 67
-132 233 68
-132 233 71
-132 233 73
-132 233 74
-132 233 75
-132 233 77
-132 233 78
-132 233 79
-132 234 64
-132 234 65
-132 234 66
-132 234 67
-132 234 68
-132 234 69
-132 234 70
-132 234 71
-132 234 72
-132 234 73
-132 234 74
-132 234 75
-132 234 76
-132 234 78
-132 234 79
-132 235 64
-132 235 65
-132 235 66
-132 235 67
-132 235 68
-132 235 69
-132 235 70
-132 235 71
-132 235 72
-132 235 73
-132 235 74
-132 235 75
-132 235 76
-132 235 77
-132 235 78
-132 235 79
-132 236 64
-132 236 65
-132 236 66
-132 236 67
-132 236 68
-132 236 69
-132 236 70
-132 236 71
-132 236 72
-132 236 73
-132 236 74
-132 236 75
-132 236 76
-132 236 77
-132 236 78
-132 236 79
-132 237 64
-132 237 65
-132 237 66
-132 237 67
-132 237 68
-132 237 69
-132 237 70
-132 237 71
-132 237 72
-132 237 73
-132 237 74
-132 237 75
-132 237 76
-132 237 77
-132 237 79
-132 238 64
-132 238 65
-132 238 66
-132 238 67
-132 238 68
-132 238 69
-132 238 70
-132 238 71
-132 238 72
-132 238 73
-132 238 74
-132 238 75
-132 238 76
-132 238 77
-132 239 64
-132 239 66
-132 239 67
-132 239 68
-132 239 69
-132 239 70
-132 239 71
-132 239 72
-132 239 73
-132 239 74
-132 239 75
-132 239 77
-132 240 64
-132 240 65
-132 240 66
-132 240 67
-132 240 68
-132 240 69
-132 240 70
-132 240 71
-132 240 72
-132 240 73
-132 240 74
-132 241 65
-132 241 66
-132 241 67
-132 241 68
-132 241 69
-132 241 70
-132 241 71
-132 241 72
-132 241 74
-132 242 66
-132 242 67
-132 242 69
-132 242 70
-132 242 71
-132 242 72
-132 242 73
-132 242 74
-132 243 67
-131 227 78
-131 227 79
-131 228 77
-131 228 78
-131 228 79
-131 229 64
-131 229 65
-131 229 79
-131 230 64
-131 230 65
-131 230 66
-131 230 68
-131 230 69
-131 230 70
-131 230 77
-131 230 78
-131 230 79
-131 231 64
-131 231 65
-131 231 66
-131 231 67
-131 231 68
-131 231 69
-131 231 70
-131 231 71
-131 231 74
-131 231 78
-131 232 64
-131 232 65
-131 232 66
-131 232 67
-131 232 68
-131 232 69
-131 232 70
-131 232 71
-131 232 73
-131 232 74
-131 232 75
-131 232 76
-131 232 78
-131 232 79
-131 233 64
-131 233 65
-131 233 66
-131 233 67
-131 233 68
-131 233 69
-131 233 70
-131 233 71
-131 233 72
-131 233 73
-131 233 74
-131 233 75
-131 233 76
-131 233 77
-131 233 78
-131 233 79
-131 234 64
-131 234 65
-131 234 66
-131 234 67
-131 234 68
-131 234 69
-131 234 70
-131 234 71
-131 234 72
-131 234 73
-131 234 74
-131 234 75
-131 234 76
-131 234 77
-131 234 78
-131 234 79
-131 235 64
-131 235 66
-131 235 67
-131 235 68
-131 235 69
-131 235 70
-131 235 71
-131 235 72
-131 235 73
-131 235 74
-131 235 75
-131 235 76
-131 235 77
-131 235 78
-131 235 79
-131 236 64
-131 236 65
-131 236 66
-131 236 67
-131 236 68
-131 236 69
-131 236 70
-131 236 71
-131 236 72
-131 236 73
-131 236 74
-131 236 75
-131 236 76
-131 236 78
-131 236 79
-131 237 64
-131 237 65
-131 237 66
-131 237 67
-131 237 68
-131 237 69
-131 237 70
-131 237 71
-131 237 72
-131 237 73
-131 237 74
-131 237 75
-131 237 76
-131 238 64
-131 238 65
-131 238 66
-131 238 67
-131 238 68
-131 238 69
-131 238 70
-131 238 71
-131 238 72
-131 238 73
-131 238 74
-131 238 75
-131 239 64
-131 239 66
-131 239 67
-131 239 69
-131 239 70
-131 239 71
-131 239 72
-131 239 73
-131 239 74
-131 239 75
-131 239 76
-131 240 67
-131 240 68
-131 240 69
-131 240 71
-131 240 72
-131 240 73
-131 240 74
-131 241 67
-131 241 68
-131 241 69
-131 241 70
-131 241 71
-131 241 72
-131 241 73
-131 241 74
-131 242 67
-131 242 71
-131 242 72
-130 226 78
-130 226 79
-130 227 64
-130 227 65
-130 227 78
-130 227 79
-130 228 65
-130 228 77
-130 228 78
-130 228 79
-130 229 64
-130 229 70
-130 229 78
-130 229 79
-130 230 64
-130 230 68
-130 230 69
-130 230 70
-130 230 74
-130 230 76
-130 230 77
-130 230 78
-130 231 64
-130 231 65
-130 231 66
-130 231 67
-130 231 68
-130 231 69
-130 231 70
-130 231 71
-130 231 74
-130 231 75
-130 231 76
-130 231 77
-130 231 78
-130 231 79
-130 232 64
-130 232 65
-130 232 66
-130 232 67
-130 232 68
-130 232 69
-130 232 70
-130 232 73
-130 232 74
-130 232 75
-130 232 76
-130 232 77
-130 232 78
-130 232 79
-130 233 64
-130 233 65
-130 233 66
-130 233 67
-130 233 68
-130 233 69
-130 233 70
-130 233 71
-130 233 72
-130 233 73
-130 233 74
-130 233 75
-130 233 76
-130 233 77
-130 233 78
-130 233 79
-130 234 64
-130 234 65
-130 234 66
-130 234 67
-130 234 68
-130 234 69
-130 234 70
-130 234 71
-130 234 72
-130 234 73
-130 234 74
-130 234 75
-130 234 76
-130 234 77
-130 234 78
-130 234 79
-130 235 64
-130 235 65
-130 235 66
-130 235 67
-130 235 68
-130 235 69
-130 235 70
-130 235 71
-130 235 72
-130 235 73
-130 235 74
-130 235 75
-130 235 76
-130 235 77
-130 235 78
-130 235 79
-130 236 64
-130 236 65
-130 236 66
-130 236 67
-130 236 68
-130 236 69
-130 236 70
-130 236 71
-130 236 72
-130 236 73
-130 236 74
-130 236 75
-130 236 76
-130 236 77
-130 236 79
-130 237 64
-130 237 65
-130 237 67
-130 237 68
-130 237 69
-130 237 70
-130 237 71
-130 237 73
-130 237 74
-130 237 75
-130 237 76
-130 237 77
-130 237 79
-130 238 67
-130 238 68
-130 238 69
-130 238 70
-130 238 71
-130 238 72
-130 238 73
-130 238 74
-130 239 67
-130 239 68
-130 239 69
-130 239 70
-130 239 71
-130 239 72
-130 239 73
-130 240 68
-130 240 69
-130 240 70
-130 240 71
-130 240 72
-130 240 73
-130 240 74
-130 241 70
-130 241 71
-130 241 72
-130 241 73
-130 242 72
-129 226 64
-129 226 65
-129 227 64
-129 227 67
-129 227 79
-129 228 64
-129 228 65
-129 228 66
-129 228 67
-129 228 78
-129 229 64
-129 229 65
-129 229 66
-129 229 68
-129 229 69
-129 229 76
-129 229 77
-129 229 78
-129 229 79
-129 230 64
-129 230 65
-129 230 66
-129 230 67
-129 230 68
-129 230 69
-129 230 76
-129 230 77
-129 230 78
-129 230 79
-129 231 64
-129 231 65
-129 231 66
-129 231 67
-129 231 68
-129 231 69
-129 231 70
-129 231 73
-129 231 75
-129 231 76
-129 231 77
-129 231 78
-129 231 79
-129 232 64
-129 232 65
-129 232 66
-129 232 68
-129 232 69
-129 232 70
-129 232 71
-129 232 73
-129 232 74
-129 232 75
-129 232 76
-129 232 77
-129 232 78
-129 232 79
-129 233 64
-129 233 65
-129 233 66
-129 233 67
-129 233 68
-129 233 69
-129 233 70
-129 233 71
-129 233 72
-129 233 73
-129 233 74
-129 233 75
-129 233 76
-129 233 77
-129 233 78
-129 233 79
-129 234 64
-129 234 65
-129 234 66
-129 234 67
-129 234 68
-129 234 69
-129 234 70
-129 234 71
-129 234 72
-129 234 73
-129 234 74
-129 234 75
-129 234 76
-129 234 77
-129 234 78
-129 234 79
-129 235 64
-129 235 65
-129 235 66
-129 235 67
-129 235 68
-129 235 69
-129 235 70
-129 235 71
-129 235 72
-129 235 73
-129 235 74
-129 235 75
-129 235 76
-129 235 77
-129 235 78
-129 235 79
-129 236 64
-129 236 65
-129 236 66
-129 236 67
-129 236 68
-129 236 70
-129 236 71
-129 236 72
-129 236 73
-129 236 74
-129 236 75
-129 236 76
-129 237 64
-129 237 65
-129 237 66
-129 237 67
-129 237 68
-129 237 69
-129 237 70
-129 237 71
-129 237 72
-129 237 73
-129 237 74
-129 237 76
-129 238 68
-129 238 69
-129 238 70
-129 238 72
-129 238 73
-129 238 74
-129 239 68
-129 239 69
-129 239 70
-129 239 72
-129 240 71
-129 241 71

