alfheim:altLeaves
6
80 224 -129
81 224 -133
81 224 -132
83 223 -129
83 224 -129
84 224 -142
84 224 -140
84 224 -129
85 224 -139
92 208 -140
92 210 -140
92 211 -140
92 215 -140
92 217 -139
92 224 -139
93 208 -140
93 208 -139
93 209 -140
93 210 -141
93 210 -140
93 210 -139
93 211 -140
93 212 -140
93 213 -140
93 214 -141
93 214 -140
93 214 -139
93 215 -140
93 217 -140
93 217 -139
93 219 -139
93 220 -138
93 222 -138
93 223 -139
93 224 -141
93 224 -140
93 224 -139
94 205 -139
94 206 -140
94 206 -138
94 207 -141
94 207 -140
94 207 -139
94 208 -142
94 208 -141
94 208 -140
94 209 -140
94 209 -139
94 210 -141
94 210 -140
94 211 -141
94 211 -140
94 211 -139
94 211 -138
94 212 -141
94 212 -140
94 212 -139
94 213 -141
94 213 -140
94 214 -142
94 214 -141
94 214 -140
94 214 -138
94 215 -142
94 216 -140
94 216 -139
94 216 -138
94 217 -139
94 217 -138
94 217 -137
94 218 -139
94 218 -138
94 218 -137
94 219 -141
94 219 -140
94 219 -139
94 219 -138
94 219 -137
94 220 -140
94 220 -139
94 220 -138
94 221 -138
94 222 -140
94 222 -139
94 222 -138
94 223 -141
94 223 -140
94 223 -139
94 223 -138
94 224 -141
94 224 -140
94 224 -139
94 224 -138
95 204 -139
95 205 -139
95 205 -138
95 206 -141
95 206 -139
95 206 -138
95 206 -137
95 207 -142
95 207 -141
95 207 -140
95 207 -139
95 207 -137
95 208 -142
95 208 -140
95 208 -139
95 208 -137
95 209 -141
95 209 -140
95 209 -139
95 209 -138
95 209 -137
95 209 -136
95 210 -142
95 210 -141
95 210 -140
95 210 -139
95 210 -138
95 211 -142
95 211 -141
95 211 -140
95 211 -139
95 211 -138
95 212 -140
95 212 -139
95 212 -138
95 213 -141
95 213 -140
95 213 -139
95 213 -138
95 214 -141
95 214 -140
95 214 -139
95 214 -138
95 215 -141
95 215 -140
95 215 -138
95 216 -140
95 216 -139
95 216 -137
95 216 -136
95 217 -141
95 217 -140
95 217 -139
95 217 -138
95 217 -137
95 218 -141
95 218 -140
95 218 -139
95 218 -138
95 218 -137
95 219 -141
95 219 -140
95 219 -139
95 219 -138
95 219 -137
95 219 -136
95 220 -141
95 220 -140
95 220 -139
95 220 -138
95 220 -137
95 220 -136
95 221 -140
95 221 -139
95 221 -138
95 221 -137
95 222 -141
95 222 -140
95 222 -139
95 222 -138
95 222 -137
95 223 -141
95 223 -140
95 223 -139
95 223 -138
95 223 -137
95 223 -136
95 224 -142
95 224 -141
95 224 -140
95 224 -139
95 224 -138
95 224 -137
95 224 -136
80 225 -137
80 225 -133
80 225 -132
80 225 -130
80 225 -129
80 226 -137
80 226 -134
80 226 -133
80 226 -132
80 226 -131
80 226 -130
80 226 -129
80 227 -138
80 227 -137
80 227 -136
80 227 -135
80 227 -134
80 227 -133
80 227 -132
80 227 -131
80 227 -130
80 227 -129
80 228 -144
80 228 -139
80 228 -138
80 228 -137
80 228 -136
80 228 -135
80 228 -134
80 228 -133
80 228 -132
80 228 -131
80 228 -130
80 228 -129
80 229 -144
80 229 -143
80 229 -142
80 229 -141
80 229 -140
80 229 -139
80 229 -138
80 229 -137
80 229 -136
80 229 -135
80 229 -134
80 229 -133
80 229 -132
80 229 -131
80 229 -130
80 229 -129
80 230 -144
80 230 -143
80 230 -142
80 230 -141
80 230 -140
80 230 -139
80 230 -138
80 230 -137
80 230 -136
80 230 -135
80 230 -134
80 230 -133
80 230 -132
80 230 -131
80 230 -130
80 230 -129
80 231 -144
80 231 -143
80 231 -142
80 231 -141
80 231 -140
80 231 -139
80 231 -138
80 231 -137
80 231 -136
80 231 -135
80 231 -134
80 231 -133
80 231 -132
80 231 -131
80 231 -130
80 231 -129
80 232 -144
80 232 -143
80 232 -141
80 232 -140
80 232 -139
80 232 -138
80 232 -137
80 232 -136
80 232 -135
80 232 -134
80 232 -133
80 232 -132
80 232 -131
80 232 -130
80 232 -129
80 233 -144
80 233 -143
80 233 -142
80 233 -141
80 233 -140
80 233 -139
80 233 -138
80 233 -137
80 233 -136
80 233 -135
80 233 -134
80 233 -133
80 233 -132
80 233 -131
80 233 -130
80 233 -129
80 234 -144
80 234 -143
80 234 -142
80 234 -141
80 234 -140
80 234 -139
80 234 -138
80 234 -137
80 234 -136
80 234 -135
80 234 -134
80 234 -133
80 234 -132
80 234 -129
80 235 -143
80 235 -141
80 235 -140
80 235 -139
80 235 -138
80 235 -137
80 235 -136
80 235 -135
80 235 -134
80 235 -133
80 235 -132
80 235 -131
80 235 -130
80 235 -129
80 236 -144
80 236 -141
80 236 -140
80 236 -139
80 236 -138
80 236 -137
80 236 -136
80 236 -135
80 236 -134
80 236 -133
80 236 -132
80 236 -130
80 236 -129
80 237 -144
80 237 -143
80 237 -142
80 237 -141
80 237 -140
80 237 -139
80 237 -138
80 237 -137
80 237 -136
80 237 -135
80 237 -134
80 237 -133
80 237 -132
80 237 -131
80 237 -130
80 237 -129
80 238 -144
80 238 -143
80 238 -142
80 238 -141
80 238 -140
80 238 -139
80 238 -138
80 238 -137
80 238 -136
80 238 -135
80 238 -133
80 238 -132
80 238 -131
80 238 -130
80 238 -129
80 239 -144
80 239 -143
80 239 -142
80 239 -141
80 239 -140
80 239 -139
80 239 -138
80 239 -137
80 239 -136
80 239 -135
80 239 -134
80 239 -133
80 239 -132
80 239 -131
80 239 -130
80 239 -129
80 240 -144
80 240 -143
80 240 -142
80 240 -141
80 240 -140
80 240 -139
80 240 -138
80 240 -137
80 240 -136
80 240 -135
80 240 -134
80 240 -133
80 240 -132
80 240 -131
80 240 -130
80 240 -129
80 241 -144
80 241 -143
80 241 -142
80 241 -141
80 241 -140
80 241 -139
80 241 -138
80 241 -137
80 241 -136
80 241 -135
80 241 -134
80 241 -133
80 241 -132
80 241 -131
80 241 -130
80 241 -129
80 242 -144
80 242 -143
80 242 -142
80 242 -141
80 242 -140
80 242 -139
80 242 -138
80 242 -137
80 242 -136
80 242 -135
80 242 -134
80 242 -133
80 242 -132
80 242 -131
80 242 -130
80 242 -129
80 243 -144
80 243 -143
80 243 -142
80 243 -141
80 243 -140
80 243 -139
80 243 -138
80 243 -137
80 243 -136
80 243 -135
80 243 -134
80 243 -133
80 243 -132
80 243 -131
80 243 -130
80 243 -129
80 244 -144
80 244 -143
80 244 -142
80 244 -141
80 244 -140
80 244 -139
80 244 -138
80 244 -137
80 244 -136
80 244 -135
80 244 -134
80 244 -133
80 244 -132
80 244 -131
80 244 -130
80 244 -129
80 245 -144
80 245 -143
80 245 -142
80 245 -141
80 245 -140
80 245 -139
80 245 -138
80 245 -137
80 245 -136
80 245 -135
80 245 -134
80 245 -133
80 245 -132
80 245 -131
80 245 -130
80 246 -143
80 246 -142
80 246 -141
80 246 -140
80 246 -139
80 246 -138
80 246 -137
80 246 -136
80 246 -135
80 246 -134
80 246 -133
80 246 -131
80 246 -130
80 246 -129
80 247 -143
80 247 -141
80 247 -140
80 247 -139
80 247 -137
80 247 -135
80 247 -134
80 247 -131
80 248 -143
80 248 -135
80 249 -142
81 225 -133
81 225 -132
81 225 -131
81 225 -130
81 225 -129
81 226 -138
81 226 -137
81 226 -136
81 226 -134
81 226 -133
81 226 -132
81 226 -131
81 226 -130
81 227 -139
81 227 -138
81 227 -137
81 227 -136
81 227 -135
81 227 -134
81 227 -133
81 227 -132
81 227 -131
81 227 -130
81 227 -129
81 228 -144
81 228 -142
81 228 -140
81 228 -139
81 228 -138
81 228 -137
81 228 -136
81 228 -135
81 228 -134
81 228 -133
81 228 -132
81 228 -131
81 228 -130
81 228 -129
81 229 -144
81 229 -143
81 229 -142
81 229 -141
81 229 -140
81 229 -139
81 229 -138
81 229 -137
81 229 -136
81 229 -135
81 229 -134
81 229 -133
81 229 -132
81 229 -131
81 229 -130
81 229 -129
81 230 -144
81 230 -143
81 230 -142
81 230 -141
81 230 -140
81 230 -139
81 230 -138
81 230 -137
81 230 -136
81 230 -135
81 230 -134
81 230 -133
81 230 -132
81 230 -131
81 230 -130
81 230 -129
81 231 -144
81 231 -143
81 231 -142
81 231 -141
81 231 -140
81 231 -139
81 231 -138
81 231 -137
81 231 -136
81 231 -135
81 231 -134
81 231 -133
81 231 -132
81 231 -131
81 231 -130
81 231 -129
81 232 -144
81 232 -143
81 232 -142
81 232 -141
81 232 -140
81 232 -139
81 232 -138
81 232 -137
81 232 -136
81 232 -135
81 232 -134
81 232 -133
81 232 -132
81 232 -131
81 232 -130
81 232 -129
81 233 -144
81 233 -143
81 233 -142
81 233 -141
81 233 -140
81 233 -139
81 233 -138
81 233 -137
81 233 -136
81 233 -135
81 233 -134
81 233 -133
81 233 -132
81 233 -131
81 233 -130
81 233 -129
81 234 -144
81 234 -143
81 234 -142
81 234 -141
81 234 -140
81 234 -139
81 234 -138
81 234 -137
81 234 -136
81 234 -135
81 234 -134
81 234 -133
81 234 -132
81 234 -131
81 234 -130
81 234 -129
81 235 -144
81 235 -143
81 235 -141
81 235 -140
81 235 -139
81 235 -138
81 235 -137
81 235 -136
81 235 -135
81 235 -134
81 235 -133
81 235 -132
81 235 -130
81 235 -129
81 236 -141
81 236 -140
81 236 -139
81 236 -138
81 236 -137
81 236 -136
81 236 -135
81 236 -134
81 236 -131
81 236 -130
81 236 -129
81 237 -143
81 237 -142
81 237 -141
81 237 -140
81 237 -139
81 237 -138
81 237 -137
81 237 -136
81 237 -135
81 237 -134
81 237 -133
81 237 -132
81 237 -131
81 237 -130
81 237 -129
81 238 -144
81 238 -142
81 238 -141
81 238 -140
81 238 -139
81 238 -138
81 238 -137
81 238 -136
81 238 -135
81 238 -134
81 238 -133
81 238 -132
81 238 -131
81 238 -130
81 238 -129
81 239 -144
81 239 -142
81 239 -141
81 239 -140
81 239 -139
81 239 -138
81 239 -137
81 239 -136
81 239 -135
81 239 -134
81 239 -133
81 239 -132
81 239 -131
81 239 -130
81 239 -129
81 240 -144
81 240 -143
81 240 -142
81 240 -141
81 240 -140
81 240 -139
81 240 -138
81 240 -137
81 240 -136
81 240 -135
81 240 -134
81 240 -133
81 240 -132
81 240 -131
81 240 -130
81 240 -129
81 241 -144
81 241 -143
81 241 -142
81 241 -141
81 241 -140
81 241 -139
81 241 -138
81 241 -137
81 241 -136
81 241 -135
81 241 -134
81 241 -133
81 241 -132
81 241 -131
81 241 -130
81 241 -129
81 242 -144
81 242 -143
81 242 -142
81 242 -141
81 242 -140
81 242 -139
81 242 -138
81 242 -137
81 242 -136
81 242 -135
81 242 -134
81 242 -133
81 242 -132
81 242 -131
81 242 -130
81 242 -129
81 243 -144
81 243 -143
81 243 -142
81 243 -141
81 243 -140
81 243 -139
81 243 -138
81 243 -137
81 243 -136
81 243 -135
81 243 -134
81 243 -133
81 243 -132
81 243 -131
81 243 -130
81 243 -129
81 244 -144
81 244 -143
81 244 -142
81 244 -141
81 244 -140
81 244 -139
81 244 -138
81 244 -137
81 244 -136
81 244 -135
81 244 -134
81 244 -133
81 244 -132
81 244 -131
81 244 -130
81 244 -129
81 245 -144
81 245 -143
81 245 -142
81 245 -141
81 245 -140
81 245 -139
81 245 -138
81 245 -137
81 245 -136
81 245 -135
81 245 -134
81 245 -133
81 245 -132
81 245 -131
81 245 -130
81 245 -129
81 246 -143
81 246 -142
81 246 -141
81 246 -140
81 246 -139
81 246 -138
81 246 -137
81 246 -136
81 246 -135
81 246 -134
81 246 -133
81 246 -131
81 246 -129
81 247 -144
81 247 -143
81 247 -142
81 247 -141
81 247 -140
81 247 -139
81 247 -138
81 247 -137
81 247 -136
81 247 -135
81 247 -134
81 247 -133
81 247 -129
81 248 -142
81 248 -140
81 248 -139
81 248 -138
81 248 -137
81 248 -135
81 249 -140
82 225 -137
82 225 -135
82 225 -134
82 225 -132
82 225 -129
82 226 -144
82 226 -143
82 226 -138
82 226 -137
82 226 -136
82 226 -135
82 226 -134
82 226 -133
82 226 -131
82 226 -130
82 226 -129
82 227 -144
82 227 -143
82 227 -141
82 227 -140
82 227 -139
82 227 -138
82 227 -137
82 227 -136
82 227 -135
82 227 -134
82 227 -133
82 227 -132
82 227 -131
82 227 -130
82 227 -129
82 228 -144
82 228 -143
82 228 -142
82 228 -141
82 228 -140
82 228 -139
82 228 -138
82 228 -137
82 228 -136
82 228 -135
82 228 -134
82 228 -133
82 228 -132
82 228 -131
82 228 -130
82 228 -129
82 229 -144
82 229 -143
82 229 -142
82 229 -141
82 229 -140
82 229 -139
82 229 -138
82 229 -137
82 229 -136
82 229 -135
82 229 -134
82 229 -133
82 229 -132
82 229 -131
82 229 -130
82 229 -129
82 230 -144
82 230 -143
82 230 -142
82 230 -141
82 230 -140
82 230 -139
82 230 -138
82 230 -137
82 230 -136
82 230 -135
82 230 -134
82 230 -133
82 230 -132
82 230 -131
82 230 -130
82 230 -129
82 231 -144
82 231 -143
82 231 -142
82 231 -141
82 231 -140
82 231 -139
82 231 -138
82 231 -137
82 231 -136
82 231 -135
82 231 -134
82 231 -133
82 231 -132
82 231 -131
82 231 -130
82 231 -129
82 232 -144
82 232 -143
82 232 -142
82 232 -141
82 232 -140
82 232 -139
82 232 -138
82 232 -137
82 232 -136
82 232 -135
82 232 -134
82 232 -133
82 232 -132
82 232 -131
82 232 -130
82 232 -129
82 233 -144
82 233 -143
82 233 -142
82 233 -141
82 233 -140
82 233 -139
82 233 -138
82 233 -137
82 233 -136
82 233 -135
82 233 -134
82 233 -133
82 233 -132
82 233 -131
82 233 -130
82 233 -129
82 234 -144
82 234 -143
82 234 -142
82 234 -141
82 234 -140
82 234 -139
82 234 -138
82 234 -137
82 234 -136
82 234 -135
82 234 -134
82 234 -133
82 234 -132
82 234 -130
82 234 -129
82 235 -144
82 235 -143
82 235 -141
82 235 -140
82 235 -139
82 235 -138
82 235 -137
82 235 -136
82 235 -135
82 235 -134
82 235 -133
82 235 -132
82 235 -131
82 235 -130
82 235 -129
82 236 -144
82 236 -143
82 236 -142
82 236 -141
82 236 -140
82 236 -139
82 236 -138
82 236 -137
82 236 -136
82 236 -135
82 236 -134
82 236 -132
82 236 -131
82 236 -130
82 236 -129
82 237 -143
82 237 -142
82 237 -141
82 237 -140
82 237 -139
82 237 -138
82 237 -137
82 237 -136
82 237 -135
82 237 -134
82 237 -132
82 237 -131
82 237 -130
82 237 -129
82 238 -142
82 238 -141
82 238 -140
82 238 -139
82 238 -138
82 238 -137
82 238 -136
82 238 -135
82 238 -134
82 238 -133
82 238 -132
82 238 -131
82 238 -130
82 238 -129
82 239 -144
82 239 -143
82 239 -142
82 239 -141
82 239 -140
82 239 -139
82 239 -138
82 239 -137
82 239 -136
82 239 -135
82 239 -134
82 239 -133
82 239 -132
82 239 -131
82 239 -130
82 239 -129
82 240 -144
82 240 -143
82 240 -142
82 240 -141
82 240 -140
82 240 -139
82 240 -138
82 240 -137
82 240 -136
82 240 -135
82 240 -134
82 240 -133
82 240 -132
82 240 -131
82 240 -130
82 240 -129
82 241 -144
82 241 -143
82 241 -142
82 241 -141
82 241 -140
82 241 -139
82 241 -138
82 241 -137
82 241 -136
82 241 -135
82 241 -134
82 241 -133
82 241 -132
82 241 -131
82 241 -130
82 241 -129
82 242 -144
82 242 -143
82 242 -142
82 242 -141
82 242 -140
82 242 -139
82 242 -138
82 242 -137
82 242 -136
82 242 -135
82 242 -134
82 242 -133
82 242 -132
82 242 -131
82 242 -130
82 242 -129
82 243 -144
82 243 -143
82 243 -142
82 243 -141
82 243 -140
82 243 -139
82 243 -138
82 243 -137
82 243 -136
82 243 -135
82 243 -134
82 243 -133
82 243 -132
82 243 -131
82 243 -130
82 243 -129
82 244 -144
82 244 -143
82 244 -142
82 244 -141
82 244 -140
82 244 -139
82 244 -138
82 244 -137
82 244 -136
82 244 -135
82 244 -134
82 244 -133
82 244 -132
82 244 -131
82 244 -130
82 244 -129
82 245 -144
82 245 -143
82 245 -142
82 245 -141
82 245 -140
82 245 -139
82 245 -138
82 245 -137
82 245 -136
82 245 -135
82 245 -134
82 245 -133
82 245 -132
82 245 -131
82 245 -130
82 245 -129
82 246 -142
82 246 -140
82 246 -139
82 246 -138
82 246 -137
82 246 -136
82 246 -135
82 246 -134
82 246 -133
82 246 -132
82 246 -131
82 246 -130
82 246 -129
82 247 -142
82 247 -141
82 247 -139
82 247 -137
82 247 -136
82 247 -135
82 247 -134
82 247 -133
82 247 -130
82 247 -129
82 248 -138
82 248 -135
82 248 -134
83 225 -144
83 225 -140
83 225 -138
83 225 -137
83 225 -136
83 225 -129
83 226 -144
83 226 -143
83 226 -142
83 226 -141
83 226 -139
83 226 -138
83 226 -137
83 226 -136
83 226 -135
83 226 -134
83 226 -133
83 226 -130
83 226 -129
83 227 -144
83 227 -143
83 227 -142
83 227 -141
83 227 -140
83 227 -139
83 227 -138
83 227 -137
83 227 -136
83 227 -135
83 227 -134
83 227 -133
83 227 -132
83 227 -130
83 227 -129
83 228 -144
83 228 -143
83 228 -142
83 228 -141
83 228 -140
83 228 -139
83 228 -138
83 228 -137
83 228 -136
83 228 -135
83 228 -133
83 228 -132
83 228 -131
83 228 -130
83 228 -129
83 229 -144
83 229 -143
83 229 -142
83 229 -141
83 229 -140
83 229 -139
83 229 -138
83 229 -137
83 229 -136
83 229 -135
83 229 -134
83 229 -133
83 229 -132
83 229 -131
83 229 -130
83 229 -129
83 230 -144
83 230 -143
83 230 -142
83 230 -141
83 230 -140
83 230 -139
83 230 -138
83 230 -137
83 230 -136
83 230 -135
83 230 -134
83 230 -133
83 230 -132
83 230 -131
83 230 -130
83 230 -129
83 231 -144
83 231 -143
83 231 -142
83 231 -141
83 231 -140
83 231 -139
83 231 -138
83 231 -137
83 231 -136
83 231 -135
83 231 -134
83 231 -133
83 231 -132
83 231 -131
83 231 -130
83 231 -129
83 232 -144
83 232 -143
83 232 -142
83 232 -141
83 232 -140
83 232 -139
83 232 -138
83 232 -137
83 232 -136
83 232 -135
83 232 -134
83 232 -133
83 232 -132
83 232 -131
83 232 -130
83 233 -144
83 233 -143
83 233 -142
83 233 -141
83 233 -140
83 233 -139
83 233 -138
83 233 -137
83 233 -136
83 233 -135
83 233 -134
83 233 -133
83 233 -132
83 233 -131
83 233 -130
83 234 -144
83 234 -143
83 234 -142
83 234 -141
83 234 -140
83 234 -139
83 234 -138
83 234 -137
83 234 -136
83 234 -135
83 234 -134
83 234 -133
83 234 -132
83 234 -131
83 234 -130
83 234 -129
83 235 -144
83 235 -143
83 235 -142
83 235 -141
83 235 -140
83 235 -139
83 235 -138
83 235 -137
83 235 -136
83 235 -135
83 235 -134
83 235 -133
83 235 -132
83 235 -130
83 235 -129
83 236 -144
83 236 -142
83 236 -141
83 236 -140
83 236 -139
83 236 -138
83 236 -137
83 236 -136
83 236 -135
83 236 -134
83 236 -133
83 236 -132
83 236 -131
83 236 -130
83 236 -129
83 237 -144
83 237 -140
83 237 -139
83 237 -138
83 237 -137
83 237 -136
83 237 -135
83 237 -134
83 237 -133
83 237 -132
83 237 -131
83 237 -130
83 237 -129
83 238 -144
83 238 -143
83 238 -141
83 238 -140
83 238 -139
83 238 -138
83 238 -137
83 238 -136
83 238 -135
83 238 -134
83 238 -133
83 238 -132
83 238 -131
83 238 -130
83 238 -129
83 239 -144
83 239 -143
83 239 -142
83 239 -141
83 239 -140
83 239 -139
83 239 -138
83 239 -137
83 239 -136
83 239 -135
83 239 -134
83 239 -133
83 239 -132
83 239 -131
83 239 -130
83 239 -129
83 240 -144
83 240 -143
83 240 -142
83 240 -141
83 240 -140
83 240 -139
83 240 -138
83 240 -137
83 240 -136
83 240 -135
83 240 -134
83 240 -133
83 240 -132
83 240 -131
83 240 -130
83 240 -129
83 241 -144
83 241 -143
83 241 -142
83 241 -141
83 241 -140
83 241 -139
83 241 -138
83 241 -137
83 241 -136
83 241 -135
83 241 -134
83 241 -133
83 241 -132
83 241 -131
83 241 -130
83 241 -129
83 242 -144
83 242 -143
83 242 -142
83 242 -141
83 242 -140
83 242 -139
83 242 -138
83 242 -137
83 242 -136
83 242 -135
83 242 -134
83 242 -133
83 242 -132
83 242 -131
83 242 -130
83 242 -129
83 243 -144
83 243 -143
83 243 -142
83 243 -141
83 243 -140
83 243 -139
83 243 -138
83 243 -137
83 243 -136
83 243 -135
83 243 -134
83 243 -133
83 243 -132
83 243 -131
83 243 -130
83 243 -129
83 244 -144
83 244 -143
83 244 -142
83 244 -141
83 244 -140
83 244 -139
83 244 -138
83 244 -137
83 244 -136
83 244 -135
83 244 -134
83 244 -133
83 244 -132
83 244 -131
83 244 -130
83 244 -129
83 245 -144
83 245 -143
83 245 -142
83 245 -141
83 245 -140
83 245 -139
83 245 -138
83 245 -137
83 245 -136
83 245 -135
83 245 -134
83 245 -133
83 245 -132
83 245 -131
83 245 -130
83 245 -129
83 246 -144
83 246 -143
83 246 -142
83 246 -141
83 246 -140
83 246 -139
83 246 -138
83 246 -137
83 246 -136
83 246 -135
83 246 -134
83 246 -133
83 246 -132
83 246 -131
83 246 -130
83 246 -129
83 247 -143
83 247 -140
83 247 -135
83 247 -134
83 247 -132
83 247 -130
83 247 -129
83 248 -140
83 248 -136
83 248 -135
83 248 -134
83 248 -133
83 248 -129
83 249 -134
84 225 -143
84 225 -142
84 225 -141
84 225 -140
84 225 -139
84 225 -135
84 225 -129
84 226 -144
84 226 -143
84 226 -142
84 226 -141
84 226 -140
84 226 -139
84 226 -138
84 226 -137
84 226 -136
84 226 -135
84 226 -134
84 226 -130
84 226 -129
84 227 -144
84 227 -143
84 227 -142
84 227 -140
84 227 -139
84 227 -138
84 227 -137
84 227 -136
84 227 -135
84 227 -134
84 227 -133
84 227 -130
84 227 -129
84 228 -144
84 228 -143
84 228 -142
84 228 -141
84 228 -140
84 228 -139
84 228 -138
84 228 -137
84 228 -136
84 228 -134
84 228 -131
84 228 -130
84 228 -129
84 229 -144
84 229 -143
84 229 -142
84 229 -141
84 229 -140
84 229 -139
84 229 -138
84 229 -137
84 229 -136
84 229 -135
84 229 -134
84 229 -133
84 229 -131
84 229 -130
84 229 -129
84 230 -144
84 230 -143
84 230 -142
84 230 -141
84 230 -140
84 230 -139
84 230 -138
84 230 -137
84 230 -136
84 230 -135
84 230 -134
84 230 -133
84 230 -132
84 230 -131
84 230 -130
84 230 -129
84 231 -144
84 231 -143
84 231 -142
84 231 -141
84 231 -140
84 231 -139
84 231 -138
84 231 -137
84 231 -136
84 231 -135
84 231 -134
84 231 -133
84 231 -132
84 231 -131
84 231 -130
84 231 -129
84 232 -144
84 232 -143
84 232 -142
84 232 -141
84 232 -140
84 232 -139
84 232 -138
84 232 -137
84 232 -136
84 232 -135
84 232 -134
84 232 -133
84 232 -132
84 232 -131
84 232 -129
84 233 -144
84 233 -143
84 233 -142
84 233 -141
84 233 -140
84 233 -139
84 233 -138
84 233 -137
84 233 -136
84 233 -135
84 233 -134
84 233 -133
84 233 -132
84 233 -129
84 234 -144
84 234 -143
84 234 -142
84 234 -141
84 234 -140
84 234 -139
84 234 -138
84 234 -137
84 234 -136
84 234 -135
84 234 -134
84 234 -133
84 234 -132
84 234 -131
84 234 -130
84 234 -129
84 235 -144
84 235 -143
84 235 -142
84 235 -141
84 235 -140
84 235 -139
84 235 -138
84 235 -137
84 235 -136
84 235 -135
84 235 -134
84 235 -133
84 235 -132
84 235 -131
84 235 -130
84 235 -129
84 236 -144
84 236 -142
84 236 -141
84 236 -140
84 236 -139
84 236 -138
84 236 -137
84 236 -136
84 236 -135
84 236 -134
84 236 -133
84 236 -132
84 236 -131
84 236 -130
84 236 -129
84 237 -144
84 237 -139
84 237 -138
84 237 -137
84 237 -136
84 237 -135
84 237 -134
84 237 -133
84 237 -132
84 237 -131
84 237 -130
84 237 -129
84 238 -144
84 238 -141
84 238 -140
84 238 -139
84 238 -138
84 238 -137
84 238 -136
84 238 -135
84 238 -134
84 238 -133
84 238 -132
84 238 -131
84 238 -130
84 238 -129
84 239 -144
84 239 -143
84 239 -142
84 239 -141
84 239 -140
84 239 -139
84 239 -138
84 239 -137
84 239 -136
84 239 -135
84 239 -134
84 239 -133
84 239 -132
84 239 -131
84 239 -130
84 239 -129
84 240 -144
84 240 -143
84 240 -142
84 240 -141
84 240 -140
84 240 -139
84 240 -138
84 240 -137
84 240 -136
84 240 -135
84 240 -134
84 240 -133
84 240 -132
84 240 -131
84 240 -130
84 240 -129
84 241 -144
84 241 -143
84 241 -142
84 241 -141
84 241 -140
84 241 -139
84 241 -138
84 241 -137
84 241 -136
84 241 -135
84 241 -134
84 241 -133
84 241 -132
84 241 -131
84 241 -130
84 241 -129
84 242 -144
84 242 -143
84 242 -142
84 242 -141
84 242 -140
84 242 -139
84 242 -138
84 242 -137
84 242 -136
84 242 -135
84 242 -134
84 242 -133
84 242 -132
84 242 -131
84 242 -130
84 242 -129
84 243 -144
84 243 -143
84 243 -142
84 243 -141
84 243 -140
84 243 -139
84 243 -138
84 243 -137
84 243 -136
84 243 -135
84 243 -134
84 243 -133
84 243 -132
84 243 -131
84 243 -130
84 243 -129
84 244 -144
84 244 -143
84 244 -142
84 244 -141
84 244 -140
84 244 -139
84 244 -138
84 244 -137
84 244 -136
84 244 -135
84 244 -134
84 244 -133
84 244 -132
84 244 -131
84 244 -130
84 244 -129
84 245 -143
84 245 -142
84 245 -141
84 245 -140
84 245 -139
84 245 -138
84 245 -137
84 245 -136
84 245 -135
84 245 -134
84 245 -133
84 245 -132
84 245 -131
84 245 -130
84 245 -129
84 246 -143
84 246 -140
84 246 -139
84 246 -137
84 246 -136
84 246 -135
84 246 -134
84 246 -133
84 246 -132
84 246 -131
84 246 -130
84 246 -129
84 247 -139
84 247 -137
84 247 -136
84 247 -135
84 247 -134
84 247 -133
84 247 -132
84 247 -131
84 247 -130
84 247 -129
84 248 -136
84 248 -135
84 248 -134
84 248 -133
84 248 -130
84 248 -129
84 249 -135
85 225 -139
85 225 -138
85 225 -137
85 225 -130
85 225 -129
85 226 -144
85 226 -142
85 226 -141
85 226 -140
85 226 -139
85 226 -138
85 226 -137
85 226 -136
85 226 -135
85 226 -129
85 227 -144
85 227 -143
85 227 -142
85 227 -141
85 227 -140
85 227 -139
85 227 -138
85 227 -137
85 227 -136
85 227 -129
85 228 -144
85 228 -143
85 228 -142
85 228 -141
85 228 -140
85 228 -139
85 228 -138
85 228 -137
85 228 -136
85 228 -135
85 228 -131
85 228 -130
85 229 -144
85 229 -143
85 229 -142
85 229 -141
85 229 -140
85 229 -139
85 229 -138
85 229 -137
85 229 -136
85 229 -135
85 229 -134
85 229 -133
85 229 -132
85 229 -131
85 229 -130
85 229 -129
85 230 -144
85 230 -143
85 230 -142
85 230 -141
85 230 -140
85 230 -139
85 230 -138
85 230 -137
85 230 -136
85 230 -135
85 230 -134
85 230 -133
85 230 -132
85 230 -131
85 230 -130
85 230 -129
85 231 -144
85 231 -143
85 231 -142
85 231 -141
85 231 -140
85 231 -139
85 231 -138
85 231 -137
85 231 -136
85 231 -135
85 231 -134
85 231 -133
85 231 -132
85 231 -131
85 231 -130
85 231 -129
85 232 -144
85 232 -143
85 232 -142
85 232 -141
85 232 -140
85 232 -139
85 232 -138
85 232 -137
85 232 -136
85 232 -135
85 232 -134
85 232 -133
85 232 -132
85 232 -131
85 232 -130
85 232 -129
85 233 -144
85 233 -143
85 233 -142
85 233 -141
85 233 -140
85 233 -139
85 233 -138
85 233 -137
85 233 -136
85 233 -135
85 233 -134
85 233 -133
85 233 -132
85 233 -131
85 233 -130
85 233 -129
85 234 -144
85 234 -143
85 234 -142
85 234 -141
85 234 -140
85 234 -139
85 234 -138
85 234 -137
85 234 -136
85 234 -135
85 234 -134
85 234 -133
85 234 -132
85 234 -131
85 234 -130
85 234 -129
85 235 -144
85 235 -143
85 235 -142
85 235 -141
85 235 -140
85 235 -139
85 235 -138
85 235 -137
85 235 -136
85 235 -135
85 235 -134
85 235 -133
85 235 -132
85 235 -131
85 235 -130
85 235 -129
85 236 -144
85 236 -143
85 236 -142
85 236 -141
85 236 -140
85 236 -139
85 236 -138
85 236 -137
85 236 -136
85 236 -135
85 236 -134
85 236 -133
85 236 -132
85 236 -131
85 236 -130
85 236 -129
85 237 -144
85 237 -143
85 237 -141
85 237 -140
85 237 -139
85 237 -138
85 237 -137
85 237 -136
85 237 -135
85 237 -134
85 237 -133
85 237 -132
85 237 -131
85 237 -130
85 237 -129
85 238 -144
85 238 -143
85 238 -141
85 238 -140
85 238 -139
85 238 -138
85 238 -137
85 238 -136
85 238 -135
85 238 -134
85 238 -133
85 238 -132
85 238 -131
85 238 -130
85 238 -129
85 239 -144
85 239 -143
85 239 -142
85 239 -141
85 239 -140
85 239 -139
85 239 -138
85 239 -137
85 239 -136
85 239 -135
85 239 -134
85 239 -133
85 239 -132
85 239 -131
85 239 -130
85 239 -129
85 240 -144
85 240 -143
85 240 -142
85 240 -140
85 240 -139
85 240 -138
85 240 -137
85 240 -136
85 240 -135
85 240 -134
85 240 -133
85 240 -132
85 240 -131
85 240 -130
85 240 -129
85 241 -144
85 241 -143
85 241 -142
85 241 -141
85 241 -140
85 241 -139
85 241 -138
85 241 -137
85 241 -136
85 241 -135
85 241 -134
85 241 -133
85 241 -132
85 241 -131
85 241 -130
85 241 -129
85 242 -144
85 242 -143
85 242 -142
85 242 -141
85 242 -140
85 242 -139
85 242 -138
85 242 -137
85 242 -136
85 242 -135
85 242 -134
85 242 -133
85 242 -132
85 242 -131
85 242 -130
85 242 -129
85 243 -144
85 243 -143
85 243 -142
85 243 -141
85 243 -140
85 243 -139
85 243 -138
85 243 -137
85 243 -136
85 243 -135
85 243 -134
85 243 -133
85 243 -132
85 243 -131
85 243 -130
85 243 -129
85 244 -143
85 244 -142
85 244 -141
85 244 -140
85 244 -139
85 244 -138
85 244 -137
85 244 -136
85 244 -135
85 244 -134
85 244 -133
85 244 -132
85 244 -131
85 244 -130
85 244 -129
85 245 -140
85 245 -139
85 245 -138
85 245 -137
85 245 -136
85 245 -135
85 245 -134
85 245 -133
85 245 -132
85 245 -131
85 245 -130
85 245 -129
85 246 -138
85 246 -136
85 246 -135
85 246 -134
85 246 -132
85 246 -131
85 246 -129
85 247 -136
85 247 -133
85 247 -131
85 247 -129
85 248 -135
86 225 -142
86 225 -141
86 225 -139
86 225 -138
86 225 -129
86 226 -144
86 226 -143
86 226 -142
86 226 -141
86 226 -140
86 226 -139
86 226 -138
86 226 -137
86 226 -136
86 226 -129
86 227 -144
86 227 -143
86 227 -142
86 227 -141
86 227 -140
86 227 -139
86 227 -138
86 227 -137
86 227 -136
86 227 -135
86 227 -130
86 227 -129
86 228 -144
86 228 -143
86 228 -142
86 228 -141
86 228 -140
86 228 -139
86 228 -138
86 228 -137
86 228 -136
86 228 -134
86 228 -133
86 228 -131
86 228 -130
86 229 -144
86 229 -143
86 229 -142
86 229 -141
86 229 -140
86 229 -139
86 229 -138
86 229 -137
86 229 -136
86 229 -135
86 229 -134
86 229 -133
86 229 -132
86 229 -131
86 229 -130
86 229 -129
86 230 -144
86 230 -143
86 230 -142
86 230 -141
86 230 -140
86 230 -139
86 230 -138
86 230 -137
86 230 -136
86 230 -135
86 230 -134
86 230 -133
86 230 -132
86 230 -131
86 230 -130
86 230 -129
86 231 -144
86 231 -143
86 231 -142
86 231 -141
86 231 -140
86 231 -139
86 231 -138
86 231 -137
86 231 -136
86 231 -135
86 231 -134
86 231 -133
86 231 -132
86 231 -131
86 231 -130
86 232 -144
86 232 -143
86 232 -142
86 232 -141
86 232 -140
86 232 -139
86 232 -138
86 232 -137
86 232 -136
86 232 -135
86 232 -134
86 232 -133
86 232 -132
86 232 -131
86 232 -130
86 232 -129
86 233 -144
86 233 -143
86 233 -142
86 233 -141
86 233 -140
86 233 -139
86 233 -138
86 233 -137
86 233 -136
86 233 -135
86 233 -134
86 233 -133
86 233 -132
86 233 -131
86 233 -130
86 233 -129
86 234 -144
86 234 -143
86 234 -142
86 234 -141
86 234 -140
86 234 -139
86 234 -138
86 234 -137
86 234 -136
86 234 -135
86 234 -134
86 234 -133
86 234 -132
86 234 -131
86 234 -130
86 234 -129
86 235 -144
86 235 -143
86 235 -142
86 235 -141
86 235 -140
86 235 -139
86 235 -138
86 235 -137
86 235 -136
86 235 -135
86 235 -134
86 235 -133
86 235 -132
86 235 -131
86 235 -130
86 235 -129
86 236 -144
86 236 -143
86 236 -141
86 236 -140
86 236 -139
86 236 -138
86 236 -137
86 236 -136
86 236 -135
86 236 -134
86 236 -133
86 236 -132
86 236 -131
86 236 -130
86 236 -129
86 237 -144
86 237 -143
86 237 -142
86 237 -140
86 237 -139
86 237 -138
86 237 -137
86 237 -136
86 237 -135
86 237 -134
86 237 -133
86 237 -132
86 237 -131
86 237 -130
86 237 -129
86 238 -144
86 238 -143
86 238 -142
86 238 -139
86 238 -138
86 238 -137
86 238 -136
86 238 -135
86 238 -134
86 238 -133
86 238 -132
86 238 -131
86 238 -130
86 238 -129
86 239 -144
86 239 -143
86 239 -142
86 239 -139
86 239 -138
86 239 -137
86 239 -136
86 239 -135
86 239 -134
86 239 -133
86 239 -132
86 239 -131
86 239 -130
86 239 -129
86 240 -144
86 240 -143
86 240 -142
86 240 -141
86 240 -139
86 240 -138
86 240 -137
86 240 -136
86 240 -135
86 240 -134
86 240 -133
86 240 -132
86 240 -131
86 240 -130
86 240 -129
86 241 -144
86 241 -143
86 241 -142
86 241 -141
86 241 -139
86 241 -138
86 241 -137
86 241 -136
86 241 -135
86 241 -134
86 241 -133
86 241 -132
86 241 -131
86 241 -130
86 241 -129
86 242 -144
86 242 -143
86 242 -142
86 242 -141
86 242 -140
86 242 -139
86 242 -138
86 242 -137
86 242 -136
86 242 -135
86 242 -134
86 242 -133
86 242 -132
86 242 -131
86 242 -130
86 242 -129
86 243 -144
86 243 -143
86 243 -142
86 243 -141
86 243 -140
86 243 -139
86 243 -138
86 243 -137
86 243 -136
86 243 -135
86 243 -134
86 243 -133
86 243 -132
86 243 -131
86 243 -130
86 243 -129
86 244 -144
86 244 -140
86 244 -139
86 244 -138
86 244 -137
86 244 -136
86 244 -135
86 244 -134
86 244 -133
86 244 -132
86 244 -131
86 244 -130
86 244 -129
86 245 -144
86 245 -139
86 245 -138
86 245 -137
86 245 -136
86 245 -135
86 245 -134
86 245 -133
86 245 -132
86 245 -131
86 245 -130
86 245 -129
86 246 -134
86 246 -132
86 246 -131
86 246 -130
86 246 -129
86 247 -136
86 247 -134
86 247 -131
86 247 -130
86 248 -131
87 225 -137
87 226 -142
87 226 -141
87 226 -139
87 226 -137
87 226 -136
87 227 -142
87 227 -140
87 227 -137
87 227 -133
87 227 -132
87 228 -144
87 228 -143
87 228 -142
87 228 -141
87 228 -140
87 228 -139
87 228 -138
87 228 -137
87 228 -136
87 228 -134
87 228 -133
87 228 -132
87 228 -131
87 228 -130
87 228 -129
87 229 -144
87 229 -143
87 229 -142
87 229 -141
87 229 -140
87 229 -139
87 229 -137
87 229 -136
87 229 -135
87 229 -134
87 229 -133
87 229 -132
87 229 -131
87 229 -130
87 229 -129
87 230 -144
87 230 -143
87 230 -142
87 230 -141
87 230 -140
87 230 -139
87 230 -138
87 230 -137
87 230 -136
87 230 -135
87 230 -134
87 230 -133
87 230 -132
87 230 -131
87 230 -130
87 230 -129
87 231 -144
87 231 -143
87 231 -142
87 231 -141
87 231 -140
87 231 -139
87 231 -138
87 231 -137
87 231 -136
87 231 -135
87 231 -134
87 231 -133
87 231 -132
87 231 -131
87 231 -130
87 231 -129
87 232 -144
87 232 -143
87 232 -142
87 232 -141
87 232 -140
87 232 -139
87 232 -138
87 232 -137
87 232 -136
87 232 -135
87 232 -134
87 232 -133
87 232 -132
87 232 -131
87 232 -130
87 232 -129
87 233 -144
87 233 -143
87 233 -142
87 233 -141
87 233 -140
87 233 -139
87 233 -138
87 233 -137
87 233 -136
87 233 -135
87 233 -134
87 233 -133
87 233 -132
87 233 -131
87 233 -130
87 233 -129
87 234 -144
87 234 -143
87 234 -142
87 234 -141
87 234 -140
87 234 -139
87 234 -138
87 234 -137
87 234 -136
87 234 -135
87 234 -134
87 234 -133
87 234 -132
87 234 -131
87 234 -130
87 234 -129
87 235 -144
87 235 -143
87 235 -142
87 235 -141
87 235 -140
87 235 -139
87 235 -138
87 235 -137
87 235 -136
87 235 -135
87 235 -134
87 235 -133
87 235 -132
87 235 -131
87 235 -130
87 235 -129
87 236 -144
87 236 -143
87 236 -142
87 236 -141
87 236 -140
87 236 -139
87 236 -138
87 236 -137
87 236 -136
87 236 -135
87 236 -134
87 236 -133
87 236 -132
87 236 -131
87 236 -130
87 236 -129
87 237 -144
87 237 -143
87 237 -142
87 237 -141
87 237 -140
87 237 -139
87 237 -138
87 237 -137
87 237 -136
87 237 -135
87 237 -134
87 237 -133
87 237 -132
87 237 -131
87 237 -130
87 237 -129
87 238 -144
87 238 -143
87 238 -142
87 238 -141
87 238 -140
87 238 -139
87 238 -138
87 238 -137
87 238 -136
87 238 -135
87 238 -134
87 238 -133
87 238 -132
87 238 -131
87 238 -130
87 238 -129
87 239 -144
87 239 -143
87 239 -142
87 239 -141
87 239 -139
87 239 -138
87 239 -137
87 239 -136
87 239 -135
87 239 -134
87 239 -132
87 239 -131
87 239 -130
87 239 -129
87 240 -144
87 240 -143
87 240 -142
87 240 -141
87 240 -138
87 240 -137
87 240 -136
87 240 -135
87 240 -134
87 240 -133
87 240 -132
87 240 -131
87 240 -130
87 240 -129
87 241 -144
87 241 -143
87 241 -142
87 241 -141
87 241 -140
87 241 -139
87 241 -138
87 241 -137
87 241 -136
87 241 -135
87 241 -134
87 241 -133
87 241 -132
87 241 -131
87 241 -130
87 241 -129
87 242 -144
87 242 -143
87 242 -142
87 242 -141
87 242 -140
87 242 -139
87 242 -138
87 242 -136
87 242 -135
87 242 -134
87 242 -133
87 242 -132
87 242 -131
87 242 -130
87 242 -129
87 243 -144
87 243 -143
87 243 -142
87 243 -141
87 243 -140
87 243 -139
87 243 -138
87 243 -136
87 243 -135
87 243 -134
87 243 -133
87 243 -132
87 243 -131
87 243 -130
87 243 -129
87 244 -144
87 244 -143
87 244 -142
87 244 -141
87 244 -137
87 244 -136
87 244 -135
87 244 -132
87 244 -131
87 244 -130
87 244 -129
87 245 -144
87 245 -143
87 245 -138
87 245 -136
87 245 -135
87 245 -134
87 245 -133
87 245 -132
87 245 -131
87 245 -130
87 245 -129
87 246 -144
87 246 -136
87 246 -134
87 246 -132
87 246 -131
87 246 -130
87 246 -129
87 247 -134
87 247 -131
87 247 -130
88 226 -141
88 226 -137
88 227 -143
88 227 -141
88 227 -139
88 227 -137
88 227 -136
88 227 -132
88 227 -131
88 228 -144
88 228 -143
88 228 -142
88 228 -141
88 228 -140
88 228 -139
88 228 -138
88 228 -137
88 228 -136
88 228 -135
88 228 -134
88 228 -133
88 228 -132
88 228 -131
88 228 -130
88 228 -129
88 229 -144
88 229 -143
88 229 -142
88 229 -141
88 229 -140
88 229 -139
88 229 -138
88 229 -137
88 229 -136
88 229 -135
88 229 -134
88 229 -133
88 229 -132
88 229 -131
88 229 -130
88 229 -129
88 230 -144
88 230 -143
88 230 -142
88 230 -141
88 230 -140
88 230 -139
88 230 -138
88 230 -137
88 230 -136
88 230 -135
88 230 -133
88 230 -132
88 230 -131
88 230 -130
88 230 -129
88 231 -144
88 231 -143
88 231 -142
88 231 -141
88 231 -140
88 231 -139
88 231 -138
88 231 -137
88 231 -136
88 231 -135
88 231 -134
88 231 -133
88 231 -132
88 231 -131
88 231 -130
88 231 -129
88 232 -144
88 232 -143
88 232 -142
88 232 -141
88 232 -140
88 232 -139
88 232 -138
88 232 -137
88 232 -136
88 232 -135
88 232 -134
88 232 -133
88 232 -132
88 232 -131
88 232 -130
88 232 -129
88 233 -144
88 233 -143
88 233 -142
88 233 -141
88 233 -140
88 233 -139
88 233 -138
88 233 -137
88 233 -136
88 233 -135
88 233 -134
88 233 -133
88 233 -132
88 233 -131
88 233 -130
88 233 -129
88 234 -143
88 234 -142
88 234 -141
88 234 -140
88 234 -139
88 234 -138
88 234 -137
88 234 -136
88 234 -135
88 234 -134
88 234 -133
88 234 -132
88 234 -131
88 234 -130
88 234 -129
88 235 -144
88 235 -143
88 235 -142
88 235 -141
88 235 -140
88 235 -139
88 235 -138
88 235 -137
88 235 -136
88 235 -135
88 235 -134
88 235 -133
88 235 -132
88 235 -131
88 235 -130
88 235 -129
88 236 -144
88 236 -143
88 236 -142
88 236 -141
88 236 -140
88 236 -139
88 236 -138
88 236 -137
88 236 -136
88 236 -135
88 236 -134
88 236 -133
88 236 -132
88 236 -131
88 236 -130
88 236 -129
88 237 -144
88 237 -143
88 237 -142
88 237 -141
88 237 -140
88 237 -139
88 237 -138
88 237 -137
88 237 -136
88 237 -135
88 237 -134
88 237 -133
88 237 -132
88 237 -131
88 237 -130
88 237 -129
88 238 -144
88 238 -143
88 238 -142
88 238 -141
88 238 -140
88 238 -139
88 238 -138
88 238 -136
88 238 -135
88 238 -134
88 238 -133
88 238 -132
88 238 -131
88 238 -130
88 238 -129
88 239 -144
88 239 -143
88 239 -142
88 239 -141
88 239 -140
88 239 -139
88 239 -138
88 239 -137
88 239 -136
88 239 -135
88 239 -134
88 239 -133
88 239 -132
88 239 -131
88 239 -130
88 239 -129
88 240 -144
88 240 -143
88 240 -142
88 240 -141
88 240 -138
88 240 -137
88 240 -135
88 240 -134
88 240 -133
88 240 -132
88 240 -131
88 240 -130
88 240 -129
88 241 -144
88 241 -143
88 241 -142
88 241 -141
88 241 -140
88 241 -139
88 241 -138
88 241 -137
88 241 -136
88 241 -135
88 241 -134
88 241 -133
88 241 -132
88 241 -131
88 241 -130
88 241 -129
88 242 -144
88 242 -143
88 242 -142
88 242 -141
88 242 -140
88 242 -139
88 242 -138
88 242 -137
88 242 -136
88 242 -135
88 242 -134
88 242 -133
88 242 -132
88 242 -131
88 242 -130
88 242 -129
88 243 -144
88 243 -143
88 243 -142
88 243 -141
88 243 -140
88 243 -139
88 243 -138
88 243 -136
88 243 -135
88 243 -134
88 243 -133
88 243 -132
88 243 -131
88 243 -130
88 243 -129
88 244 -144
88 244 -143
88 244 -142
88 244 -141
88 244 -136
88 244 -135
88 244 -134
88 244 -133
88 244 -132
88 244 -130
88 244 -129
88 245 -144
88 245 -143
88 245 -142
88 245 -135
88 245 -133
88 245 -132
88 245 -131
88 245 -130
88 245 -129
88 246 -144
88 246 -134
88 246 -131
88 246 -130
88 246 -129
88 247 -144
88 247 -130
88 247 -129
89 227 -143
89 227 -142
89 227 -137
89 228 -143
89 228 -142
89 228 -141
89 228 -139
89 228 -138
89 228 -137
89 228 -132
89 228 -131
89 228 -130
89 228 -129
89 229 -143
89 229 -142
89 229 -141
89 229 -140
89 229 -139
89 229 -137
89 229 -136
89 229 -135
89 229 -133
89 229 -132
89 229 -131
89 229 -130
89 229 -129
89 230 -144
89 230 -143
89 230 -142
89 230 -141
89 230 -140
89 230 -139
89 230 -138
89 230 -137
89 230 -136
89 230 -135
89 230 -133
89 230 -132
89 230 -131
89 230 -130
89 230 -129
89 231 -144
89 231 -143
89 231 -142
89 231 -141
89 231 -140
89 231 -139
89 231 -138
89 231 -137
89 231 -136
89 231 -135
89 231 -134
89 231 -133
89 231 -132
89 231 -131
89 232 -144
89 232 -143
89 232 -142
89 232 -141
89 232 -140
89 232 -139
89 232 -138
89 232 -137
89 232 -136
89 232 -135
89 232 -134
89 232 -133
89 232 -132
89 232 -131
89 232 -130
89 233 -143
89 233 -142
89 233 -141
89 233 -140
89 233 -139
89 233 -138
89 233 -137
89 233 -136
89 233 -135
89 233 -134
89 233 -133
89 233 -132
89 233 -131
89 233 -130
89 233 -129
89 234 -143
89 234 -142
89 234 -141
89 234 -140
89 234 -139
89 234 -138
89 234 -137
89 234 -136
89 234 -135
89 234 -134
89 234 -133
89 234 -132
89 234 -131
89 234 -130
89 234 -129
89 235 -144
89 235 -143
89 235 -142
89 235 -141
89 235 -140
89 235 -139
89 235 -138
89 235 -137
89 235 -136
89 235 -135
89 235 -134
89 235 -133
89 235 -132
89 235 -131
89 235 -130
89 235 -129
89 236 -144
89 236 -143
89 236 -142
89 236 -140
89 236 -139
89 236 -138
89 236 -137
89 236 -136
89 236 -135
89 236 -134
89 236 -133
89 236 -132
89 236 -131
89 236 -130
89 236 -129
89 237 -144
89 237 -143
89 237 -142
89 237 -141
89 237 -140
89 237 -139
89 237 -138
89 237 -137
89 237 -136
89 237 -135
89 237 -134
89 237 -133
89 237 -132
89 237 -131
89 237 -130
89 237 -129
89 238 -144
89 238 -143
89 238 -142
89 238 -141
89 238 -140
89 238 -139
89 238 -138
89 238 -137
89 238 -136
89 238 -135
89 238 -134
89 238 -133
89 238 -132
89 238 -131
89 238 -130
89 238 -129
89 239 -144
89 239 -143
89 239 -142
89 239 -141
89 239 -140
89 239 -139
89 239 -137
89 239 -136
89 239 -135
89 239 -134
89 239 -133
89 239 -132
89 239 -131
89 239 -130
89 239 -129
89 240 -144
89 240 -143
89 240 -142
89 240 -141
89 240 -140
89 240 -138
89 240 -137
89 240 -135
89 240 -134
89 240 -133
89 240 -132
89 240 -131
89 240 -130
89 240 -129
89 241 -144
89 241 -143
89 241 -142
89 241 -141
89 241 -140
89 241 -139
89 241 -136
89 241 -135
89 241 -134
89 241 -133
89 241 -132
89 241 -131
89 241 -130
89 241 -129
89 242 -144
89 242 -143
89 242 -142
89 242 -141
89 242 -140
89 242 -138
89 242 -135
89 242 -134
89 242 -133
89 242 -132
89 242 -131
89 242 -130
89 242 -129
89 243 -144
89 243 -143
89 243 -142
89 243 -141
89 243 -140
89 243 -139
89 243 -134
89 243 -133
89 243 -132
89 243 -131
89 243 -130
89 243 -129
89 244 -144
89 244 -143
89 244 -142
89 244 -141
89 244 -140
89 244 -139
89 244 -135
89 244 -134
89 244 -133
89 244 -132
89 244 -131
89 244 -130
89 244 -129
89 245 -144
89 245 -143
89 245 -142
89 245 -141
89 245 -140
89 245 -132
89 245 -131
89 245 -130
89 245 -129
89 246 -144
89 246 -143
89 246 -132
89 246 -130
89 246 -129
89 247 -144
89 247 -141
90 227 -142
90 227 -131
90 228 -143
90 228 -142
90 228 -137
90 228 -134
90 228 -131
90 228 -130
90 228 -129
90 229 -143
90 229 -142
90 229 -141
90 229 -140
90 229 -137
90 229 -135
90 229 -134
90 229 -133
90 229 -132
90 229 -130
90 230 -144
90 230 -143
90 230 -142
90 230 -141
90 230 -140
90 230 -139
90 230 -138
90 230 -137
90 230 -136
90 230 -135
90 230 -134
90 230 -133
90 230 -132
90 230 -131
90 230 -130
90 231 -144
90 231 -143
90 231 -142
90 231 -141
90 231 -140
90 231 -139
90 231 -137
90 231 -136
90 231 -135
90 231 -134
90 231 -133
90 231 -132
90 231 -131
90 231 -130
90 232 -144
90 232 -143
90 232 -142
90 232 -141
90 232 -140
90 232 -139
90 232 -138
90 232 -137
90 232 -136
90 232 -135
90 232 -134
90 232 -133
90 232 -132
90 232 -131
90 232 -130
90 232 -129
90 233 -144
90 233 -143
90 233 -142
90 233 -141
90 233 -140
90 233 -139
90 233 -138
90 233 -137
90 233 -136
90 233 -135
90 233 -134
90 233 -133
90 233 -132
90 233 -131
90 233 -130
90 233 -129
90 234 -143
90 234 -142
90 234 -141
90 234 -140
90 234 -139
90 234 -138
90 234 -137
90 234 -136
90 234 -135
90 234 -134
90 234 -133
90 234 -131
90 234 -130
90 234 -129
90 235 -144
90 235 -143
90 235 -142
90 235 -141
90 235 -140
90 235 -139
90 235 -138
90 235 -137
90 235 -136
90 235 -135
90 235 -134
90 235 -133
90 235 -132
90 235 -131
90 235 -130
90 235 -129
90 236 -144
90 236 -143
90 236 -142
90 236 -141
90 236 -140
90 236 -139
90 236 -138
90 236 -137
90 236 -136
90 236 -135
90 236 -134
90 236 -133
90 236 -132
90 236 -131
90 236 -130
90 236 -129
90 237 -144
90 237 -143
90 237 -142
90 237 -141
90 237 -140
90 237 -139
90 237 -138
90 237 -137
90 237 -136
90 237 -135
90 237 -134
90 237 -133
90 237 -132
90 237 -131
90 237 -130
90 237 -129
90 238 -144
90 238 -143
90 238 -142
90 238 -141
90 238 -140
90 238 -139
90 238 -138
90 238 -137
90 238 -136
90 238 -134
90 238 -133
90 238 -132
90 238 -131
90 238 -130
90 238 -129
90 239 -144
90 239 -143
90 239 -142
90 239 -141
90 239 -140
90 239 -139
90 239 -137
90 239 -136
90 239 -135
90 239 -134
90 239 -133
90 239 -132
90 239 -131
90 239 -130
90 239 -129
90 240 -144
90 240 -143
90 240 -142
90 240 -141
90 240 -140
90 240 -139
90 240 -138
90 240 -137
90 240 -136
90 240 -135
90 240 -134
90 240 -133
90 240 -132
90 240 -131
90 240 -130
90 240 -129
90 241 -144
90 241 -143
90 241 -142
90 241 -141
90 241 -140
90 241 -139
90 241 -138
90 241 -136
90 241 -135
90 241 -134
90 241 -133
90 241 -131
90 241 -130
90 241 -129
90 242 -144
90 242 -143
90 242 -142
90 242 -141
90 242 -140
90 242 -139
90 242 -138
90 242 -135
90 242 -134
90 242 -132
90 242 -131
90 242 -130
90 242 -129
90 243 -144
90 243 -143
90 243 -142
90 243 -141
90 243 -140
90 243 -139
90 243 -138
90 243 -133
90 243 -132
90 243 -131
90 243 -130
90 243 -129
90 244 -144
90 244 -143
90 244 -142
90 244 -141
90 244 -140
90 244 -139
90 244 -134
90 244 -133
90 244 -132
90 244 -131
90 244 -130
90 244 -129
90 245 -143
90 245 -142
90 245 -141
90 245 -140
90 245 -139
90 245 -133
90 245 -132
90 245 -131
90 245 -129
90 246 -144
90 246 -142
90 246 -141
90 246 -140
90 246 -131
90 246 -130
90 246 -129
90 247 -144
90 247 -142
90 247 -141
90 247 -130
91 228 -131
91 229 -134
91 230 -142
91 230 -141
91 230 -140
91 230 -138
91 230 -137
91 230 -136
91 230 -134
91 230 -132
91 230 -131
91 230 -130
91 231 -143
91 231 -142
91 231 -141
91 231 -140
91 231 -139
91 231 -137
91 231 -136
91 231 -135
91 231 -134
91 231 -133
91 231 -131
91 231 -130
91 232 -144
91 232 -143
91 232 -142
91 232 -141
91 232 -140
91 232 -139
91 232 -138
91 232 -137
91 232 -136
91 232 -135
91 232 -133
91 232 -132
91 232 -131
91 232 -130
91 233 -143
91 233 -142
91 233 -141
91 233 -140
91 233 -139
91 233 -138
91 233 -137
91 233 -136
91 233 -135
91 233 -134
91 233 -133
91 233 -132
91 233 -131
91 233 -130
91 233 -129
91 234 -144
91 234 -143
91 234 -142
91 234 -141
91 234 -140
91 234 -138
91 234 -137
91 234 -136
91 234 -135
91 234 -134
91 234 -133
91 234 -132
91 234 -131
91 234 -130
91 234 -129
91 235 -143
91 235 -142
91 235 -141
91 235 -140
91 235 -139
91 235 -138
91 235 -137
91 235 -136
91 235 -135
91 235 -134
91 235 -133
91 235 -132
91 235 -131
91 235 -130
91 235 -129
91 236 -144
91 236 -143
91 236 -142
91 236 -141
91 236 -140
91 236 -139
91 236 -138
91 236 -137
91 236 -136
91 236 -135
91 236 -134
91 236 -133
91 236 -132
91 236 -131
91 236 -130
91 236 -129
91 237 -144
91 237 -143
91 237 -142
91 237 -141
91 237 -140
91 237 -139
91 237 -138
91 237 -137
91 237 -136
91 237 -135
91 237 -134
91 237 -133
91 237 -132
91 237 -131
91 237 -130
91 237 -129
91 238 -144
91 238 -143
91 238 -142
91 238 -141
91 238 -140
91 238 -139
91 238 -138
91 238 -137
91 238 -136
91 238 -135
91 238 -134
91 238 -133
91 238 -132
91 238 -131
91 238 -130
91 238 -129
91 239 -144
91 239 -143
91 239 -142
91 239 -141
91 239 -140
91 239 -139
91 239 -138
91 239 -137
91 239 -136
91 239 -135
91 239 -134
91 239 -133
91 239 -132
91 239 -131
91 239 -130
91 239 -129
91 240 -144
91 240 -143
91 240 -142
91 240 -141
91 240 -140
91 240 -139
91 240 -138
91 240 -136
91 240 -135
91 240 -134
91 240 -133
91 240 -132
91 240 -131
91 240 -130
91 240 -129
91 241 -144
91 241 -143
91 241 -142
91 241 -141
91 241 -140
91 241 -139
91 241 -138
91 241 -137
91 241 -136
91 241 -135
91 241 -134
91 241 -133
91 241 -132
91 241 -131
91 241 -130
91 241 -129
91 242 -144
91 242 -143
91 242 -142
91 242 -141
91 242 -140
91 242 -134
91 242 -133
91 242 -132
91 242 -131
91 242 -130
91 242 -129
91 243 -144
91 243 -143
91 243 -142
91 243 -141
91 243 -140
91 243 -139
91 243 -138
91 243 -133
91 243 -132
91 243 -131
91 243 -130
91 243 -129
91 244 -144
91 244 -143
91 244 -142
91 244 -141
91 244 -140
91 244 -139
91 244 -134
91 244 -133
91 244 -131
91 244 -130
91 244 -129
91 245 -144
91 245 -143
91 245 -142
91 245 -133
91 245 -132
91 245 -131
91 245 -130
91 245 -129
91 246 -144
91 246 -143
91 246 -142
91 246 -141
91 246 -132
91 246 -131
91 246 -130
91 246 -129
91 247 -144
91 247 -141
91 247 -130
91 247 -129
91 248 -130
92 230 -142
92 230 -141
92 230 -140
92 230 -139
92 230 -132
92 230 -131
92 231 -143
92 231 -142
92 231 -141
92 231 -140
92 231 -139
92 231 -136
92 231 -133
92 231 -131
92 232 -144
92 232 -143
92 232 -142
92 232 -141
92 232 -140
92 232 -139
92 232 -138
92 232 -137
92 232 -135
92 232 -134
92 232 -133
92 232 -132
92 232 -131
92 232 -130
92 233 -144
92 233 -143
92 233 -142
92 233 -141
92 233 -140
92 233 -139
92 233 -138
92 233 -137
92 233 -136
92 233 -135
92 233 -134
92 233 -133
92 233 -132
92 233 -131
92 233 -130
92 233 -129
92 234 -144
92 234 -143
92 234 -142
92 234 -141
92 234 -140
92 234 -139
92 234 -138
92 234 -137
92 234 -136
92 234 -135
92 234 -134
92 234 -133
92 234 -132
92 234 -131
92 234 -130
92 234 -129
92 235 -144
92 235 -143
92 235 -142
92 235 -141
92 235 -140
92 235 -139
92 235 -138
92 235 -137
92 235 -136
92 235 -135
92 235 -134
92 235 -133
92 235 -132
92 235 -131
92 235 -130
92 235 -129
92 236 -144
92 236 -143
92 236 -142
92 236 -141
92 236 -140
92 236 -139
92 236 -138
92 236 -137
92 236 -136
92 236 -135
92 236 -134
92 236 -133
92 236 -132
92 236 -131
92 236 -130
92 236 -129
92 237 -144
92 237 -143
92 237 -142
92 237 -141
92 237 -140
92 237 -139
92 237 -138
92 237 -137
92 237 -136
92 237 -135
92 237 -134
92 237 -133
92 237 -132
92 237 -131
92 237 -130
92 237 -129
92 238 -144
92 238 -143
92 238 -142
92 238 -141
92 238 -140
92 238 -139
92 238 -138
92 238 -137
92 238 -136
92 238 -135
92 238 -134
92 238 -133
92 238 -132
92 238 -131
92 238 -130
92 238 -129
92 239 -144
92 239 -143
92 239 -142
92 239 -141
92 239 -140
92 239 -139
92 239 -138
92 239 -137
92 239 -136
92 239 -135
92 239 -134
92 239 -133
92 239 -132
92 239 -130
92 239 -129
92 240 -144
92 240 -143
92 240 -142
92 240 -141
92 240 -140
92 240 -138
92 240 -137
92 240 -136
92 240 -135
92 240 -134
92 240 -133
92 240 -132
92 240 -131
92 240 -130
92 240 -129
92 241 -144
92 241 -143
92 241 -142
92 241 -141
92 241 -140
92 241 -139
92 241 -138
92 241 -137
92 241 -136
92 241 -135
92 241 -133
92 241 -132
92 241 -131
92 241 -130
92 241 -129
92 242 -144
92 242 -143
92 242 -142
92 242 -141
92 242 -140
92 242 -139
92 242 -134
92 242 -133
92 242 -132
92 242 -131
92 242 -130
92 242 -129
92 243 -144
92 243 -143
92 243 -142
92 243 -141
92 243 -140
92 243 -139
92 243 -134
92 243 -133
92 243 -132
92 243 -131
92 243 -130
92 243 -129
92 244 -144
92 244 -143
92 244 -142
92 244 -141
92 244 -139
92 244 -132
92 244 -131
92 244 -130
92 244 -129
92 245 -144
92 245 -143
92 245 -142
92 245 -141
92 245 -132
92 245 -131
92 245 -130
92 245 -129
92 246 -144
92 246 -141
92 246 -131
92 247 -144
92 247 -130
93 225 -139
93 225 -138
93 230 -142
93 230 -140
93 230 -139
93 230 -133
93 231 -143
93 231 -142
93 231 -141
93 231 -140
93 231 -139
93 231 -138
93 231 -137
93 231 -134
93 231 -133
93 231 -132
93 232 -144
93 232 -143
93 232 -142
93 232 -141
93 232 -140
93 232 -139
93 232 -136
93 232 -135
93 232 -134
93 232 -133
93 232 -132
93 232 -131
93 233 -143
93 233 -142
93 233 -141
93 233 -140
93 233 -139
93 233 -137
93 233 -136
93 233 -135
93 233 -134
93 233 -133
93 233 -132
93 233 -131
93 234 -144
93 234 -143
93 234 -142
93 234 -141
93 234 -140
93 234 -139
93 234 -138
93 234 -137
93 234 -136
93 234 -135
93 234 -134
93 234 -133
93 234 -132
93 234 -131
93 234 -130
93 234 -129
93 235 -144
93 235 -143
93 235 -142
93 235 -141
93 235 -140
93 235 -139
93 235 -138
93 235 -137
93 235 -136
93 235 -135
93 235 -134
93 235 -133
93 235 -132
93 235 -131
93 235 -130
93 235 -129
93 236 -144
93 236 -143
93 236 -142
93 236 -141
93 236 -140
93 236 -139
93 236 -138
93 236 -137
93 236 -136
93 236 -135
93 236 -134
93 236 -133
93 236 -132
93 236 -131
93 236 -130
93 236 -129
93 237 -144
93 237 -143
93 237 -142
93 237 -141
93 237 -140
93 237 -139
93 237 -138
93 237 -137
93 237 -136
93 237 -135
93 237 -134
93 237 -133
93 237 -132
93 237 -131
93 237 -130
93 237 -129
93 238 -144
93 238 -143
93 238 -142
93 238 -141
93 238 -140
93 238 -139
93 238 -138
93 238 -137
93 238 -136
93 238 -135
93 238 -134
93 238 -133
93 238 -132
93 238 -131
93 238 -130
93 238 -129
93 239 -144
93 239 -143
93 239 -142
93 239 -141
93 239 -140
93 239 -139
93 239 -138
93 239 -137
93 239 -136
93 239 -135
93 239 -134
93 239 -133
93 239 -132
93 239 -131
93 239 -130
93 239 -129
93 240 -144
93 240 -143
93 240 -142
93 240 -141
93 240 -140
93 240 -139
93 240 -138
93 240 -137
93 240 -136
93 240 -135
93 240 -134
93 240 -133
93 240 -132
93 240 -131
93 240 -130
93 240 -129
93 241 -144
93 241 -143
93 241 -142
93 241 -141
93 241 -140
93 241 -139
93 241 -138
93 241 -137
93 241 -136
93 241 -135
93 241 -134
93 241 -133
93 241 -132
93 241 -131
93 241 -130
93 241 -129
93 242 -144
93 242 -143
93 242 -142
93 242 -141
93 242 -140
93 242 -135
93 242 -134
93 242 -133
93 242 -132
93 242 -131
93 242 -130
93 242 -129
93 243 -144
93 243 -143
93 243 -142
93 243 -141
93 243 -140
93 243 -133
93 243 -132
93 243 -131
93 243 -130
93 243 -129
93 244 -144
93 244 -143
93 244 -142
93 244 -132
93 244 -130
93 244 -129
93 245 -143
93 245 -132
93 245 -131
93 245 -130
93 245 -129
93 246 -131
93 246 -129
94 225 -141
94 225 -139
94 225 -138
94 226 -140
94 228 -139
94 228 -137
94 229 -141
94 229 -139
94 230 -140
94 230 -139
94 231 -142
94 231 -141
94 231 -140
94 231 -139
94 231 -136
94 231 -134
94 231 -133
94 232 -144
94 232 -143
94 232 -142
94 232 -141
94 232 -140
94 232 -139
94 232 -138
94 232 -137
94 232 -136
94 232 -135
94 232 -134
94 232 -133
94 232 -132
94 232 -131
94 232 -130
94 233 -144
94 233 -143
94 233 -142
94 233 -141
94 233 -140
94 233 -139
94 233 -138
94 233 -137
94 233 -136
94 233 -135
94 233 -134
94 233 -133
94 233 -132
94 233 -131
94 233 -130
94 233 -129
94 234 -144
94 234 -143
94 234 -142
94 234 -141
94 234 -140
94 234 -139
94 234 -138
94 234 -137
94 234 -136
94 234 -135
94 234 -134
94 234 -133
94 234 -132
94 234 -131
94 234 -130
94 234 -129
94 235 -144
94 235 -143
94 235 -142
94 235 -141
94 235 -140
94 235 -139
94 235 -138
94 235 -137
94 235 -136
94 235 -135
94 235 -134
94 235 -133
94 235 -132
94 235 -131
94 235 -130
94 235 -129
94 236 -144
94 236 -143
94 236 -142
94 236 -141
94 236 -140
94 236 -139
94 236 -138
94 236 -137
94 236 -136
94 236 -135
94 236 -134
94 236 -133
94 236 -132
94 236 -131
94 236 -130
94 236 -129
94 237 -144
94 237 -143
94 237 -142
94 237 -141
94 237 -140
94 237 -139
94 237 -138
94 237 -137
94 237 -136
94 237 -135
94 237 -134
94 237 -133
94 237 -132
94 237 -131
94 237 -130
94 237 -129
94 238 -144
94 238 -143
94 238 -142
94 238 -141
94 238 -140
94 238 -139
94 238 -138
94 238 -137
94 238 -136
94 238 -135
94 238 -134
94 238 -133
94 238 -132
94 238 -131
94 238 -130
94 238 -129
94 239 -144
94 239 -143
94 239 -142
94 239 -141
94 239 -140
94 239 -139
94 239 -138
94 239 -137
94 239 -136
94 239 -135
94 239 -134
94 239 -133
94 239 -132
94 239 -131
94 239 -130
94 239 -129
94 240 -144
94 240 -143
94 240 -142
94 240 -141
94 240 -140
94 240 -139
94 240 -138
94 240 -137
94 240 -136
94 240 -135
94 240 -134
94 240 -133
94 240 -132
94 240 -131
94 240 -130
94 240 -129
94 241 -144
94 241 -143
94 241 -142
94 241 -141
94 241 -140
94 241 -138
94 241 -137
94 241 -136
94 241 -135
94 241 -134
94 241 -133
94 241 -132
94 241 -131
94 241 -130
94 241 -129
94 242 -144
94 242 -143
94 242 -142
94 242 -141
94 242 -140
94 242 -135
94 242 -134
94 242 -133
94 242 -132
94 242 -131
94 242 -130
94 242 -129
94 243 -144
94 243 -143
94 243 -142
94 243 -141
94 243 -140
94 243 -133
94 243 -132
94 243 -131
94 243 -130
94 243 -129
94 244 -144
94 244 -143
94 244 -142
94 244 -141
94 244 -132
94 244 -131
94 244 -129
94 245 -143
94 245 -142
94 245 -132
95 225 -142
95 225 -141
95 225 -140
95 225 -139
95 225 -138
95 225 -137
95 226 -141
95 226 -140
95 226 -139
95 226 -138
95 226 -137
95 227 -140
95 227 -139
95 227 -138
95 227 -137
95 228 -140
95 228 -139
95 228 -138
95 228 -137
95 228 -136
95 229 -141
95 229 -140
95 229 -139
95 229 -138
95 229 -137
95 230 -142
95 230 -141
95 230 -140
95 230 -139
95 230 -138
95 230 -137
95 231 -144
95 231 -142
95 231 -141
95 231 -140
95 231 -139
95 231 -138
95 231 -137
95 231 -136
95 231 -135
95 231 -133
95 232 -144
95 232 -143
95 232 -142
95 232 -141
95 232 -140
95 232 -139
95 232 -138
95 232 -136
95 232 -135
95 232 -134
95 232 -133
95 232 -132
95 233 -144
95 233 -143
95 233 -142
95 233 -141
95 233 -140
95 233 -139
95 233 -138
95 233 -137
95 233 -136
95 233 -135
95 233 -134
95 233 -133
95 233 -132
95 234 -144
95 234 -143
95 234 -142
95 234 -141
95 234 -140
95 234 -139
95 234 -138
95 234 -137
95 234 -136
95 234 -135
95 234 -134
95 234 -133
95 234 -132
95 234 -131
95 234 -130
95 234 -129
95 235 -144
95 235 -143
95 235 -142
95 235 -141
95 235 -140
95 235 -139
95 235 -138
95 235 -137
95 235 -136
95 235 -135
95 235 -134
95 235 -133
95 235 -132
95 235 -131
95 235 -130
95 235 -129
95 236 -144
95 236 -143
95 236 -142
95 236 -141
95 236 -140
95 236 -139
95 236 -138
95 236 -137
95 236 -136
95 236 -135
95 236 -134
95 236 -133
95 236 -132
95 236 -131
95 236 -130
95 236 -129
95 237 -144
95 237 -143
95 237 -142
95 237 -141
95 237 -140
95 237 -139
95 237 -138
95 237 -137
95 237 -136
95 237 -135
95 237 -134
95 237 -133
95 237 -132
95 237 -131
95 237 -130
95 237 -129
95 238 -144
95 238 -143
95 238 -142
95 238 -141
95 238 -140
95 238 -139
95 238 -138
95 238 -137
95 238 -136
95 238 -135
95 238 -134
95 238 -133
95 238 -132
95 238 -131
95 238 -130
95 238 -129
95 239 -144
95 239 -143
95 239 -142
95 239 -141
95 239 -140
95 239 -139
95 239 -138
95 239 -137
95 239 -136
95 239 -135
95 239 -134
95 239 -133
95 239 -132
95 239 -131
95 239 -130
95 239 -129
95 240 -144
95 240 -143
95 240 -142
95 240 -141
95 240 -140
95 240 -139
95 240 -138
95 240 -137
95 240 -136
95 240 -135
95 240 -134
95 240 -133
95 240 -132
95 240 -131
95 240 -130
95 240 -129
95 241 -144
95 241 -143
95 241 -142
95 241 -141
95 241 -140
95 241 -139
95 241 -136
95 241 -135
95 241 -134
95 241 -133
95 241 -132
95 241 -131
95 241 -130
95 241 -129
95 242 -144
95 242 -143
95 242 -142
95 242 -141
95 242 -140
95 242 -135
95 242 -134
95 242 -133
95 242 -132
95 242 -131
95 242 -130
95 242 -129
95 243 -144
95 243 -143
95 243 -142
95 243 -141
95 243 -140
95 243 -139
95 243 -134
95 243 -133
95 243 -132
95 243 -131
95 243 -130
95 243 -129
95 244 -144
95 244 -143
95 244 -142
95 244 -140
95 244 -131
95 244 -130
95 244 -129
95 245 -143

