alfheim:altWood1
12
176 237 -15
176 237 -12
176 238 -15
176 238 -12
176 238 -11
176 239 -12
177 238 -15
177 239 -15
177 239 -13
177 239 -12
177 239 -11
178 239 -16
178 239 -12
178 239 -11
178 240 -16
179 240 -16
179 240 -13
180 241 -11
181 241 -12
184 244 -12
alfheim:altLeaves
6
178 224 -8
179 223 -8
179 223 -6
179 224 -9
179 224 -8
179 224 -7
179 224 -6
179 224 -5
179 224 -4
180 222 -5
180 223 -7
180 223 -6
180 223 -5
180 224 -8
180 224 -7
180 224 -6
180 224 -5
180 224 -4
180 224 -3
181 221 -7
181 221 -5
181 222 -7
181 222 -6
181 222 -5
181 222 -4
181 222 -3
181 223 -7
181 223 -6
181 223 -5
181 223 -4
181 224 -8
181 224 -7
181 224 -6
181 224 -5
181 224 -4
182 222 -7
182 222 -6
182 222 -5
182 223 -9
182 223 -7
182 223 -6
182 223 -4
182 224 -15
182 224 -9
182 224 -8
182 224 -7
182 224 -6
182 224 -5
182 224 -4
183 222 -5
183 223 -8
183 223 -7
183 223 -6
183 224 -8
183 224 -7
183 224 -6
183 224 -5
183 224 -4
183 224 -3
184 223 -16
184 223 -15
184 224 -16
184 224 -15
184 224 -14
184 224 -7
184 224 -6
184 224 -4
185 224 -16
185 224 -15
185 224 -14
185 224 -13
185 224 -7
176 236 -5
176 236 -3
176 237 -5
176 237 -4
176 237 -3
176 237 -2
176 238 -9
176 238 -7
176 238 -5
176 238 -4
176 238 -3
176 238 -2
176 238 -1
176 239 -9
176 239 -8
176 239 -7
176 239 -6
176 239 -5
176 239 -4
176 239 -3
176 239 -2
176 239 -1
176 240 -16
176 240 -10
176 240 -9
176 240 -8
176 240 -7
176 240 -6
176 240 -5
176 240 -4
176 240 -3
176 240 -2
176 240 -1
176 241 -16
176 241 -15
176 241 -14
176 241 -13
176 241 -12
176 241 -11
176 241 -10
176 241 -9
176 241 -8
176 241 -7
176 241 -6
176 241 -5
176 241 -4
176 241 -3
176 241 -2
176 241 -1
176 242 -16
176 242 -15
176 242 -14
176 242 -13
176 242 -12
176 242 -11
176 242 -10
176 242 -9
176 242 -8
176 242 -7
176 242 -6
176 242 -5
176 242 -4
176 242 -3
176 242 -2
176 242 -1
176 243 -16
176 243 -15
176 243 -14
176 243 -13
176 243 -12
176 243 -11
176 243 -10
176 243 -9
176 243 -8
176 243 -7
176 243 -6
176 243 -5
176 243 -4
176 243 -3
176 243 -2
176 243 -1
176 244 -16
176 244 -15
176 244 -14
176 244 -13
176 244 -12
176 244 -11
176 244 -10
176 244 -9
176 244 -8
176 244 -7
176 244 -6
176 244 -5
176 244 -4
176 244 -3
176 245 -16
176 245 -15
176 245 -14
176 245 -13
176 245 -12
176 245 -11
176 245 -10
176 245 -9
176 245 -8
176 245 -7
176 245 -6
176 245 -5
176 245 -4
176 245 -3
176 246 -16
176 246 -15
176 246 -14
176 246 -13
176 246 -12
176 246 -11
176 246 -10
176 246 -9
176 246 -8
176 246 -7
176 246 -6
176 246 -5
176 246 -4
176 246 -3
176 246 -2
176 246 -1
176 247 -16
176 247 -15
176 247 -14
176 247 -13
176 247 -12
176 247 -11
176 247 -10
176 247 -9
176 247 -8
176 247 -7
176 247 -6
176 247 -5
176 247 -4
176 247 -3
176 247 -2
176 247 -1
176 248 -16
176 248 -15
176 248 -14
176 248 -13
176 248 -10
176 248 -9
176 248 -8
176 248 -7
176 248 -6
176 248 -5
176 248 -4
176 248 -3
176 249 -16
176 249 -15
176 249 -13
176 249 -12
176 249 -8
176 249 -7
176 249 -6
176 249 -5
176 250 -16
176 250 -15
176 250 -8
176 250 -6
176 251 -14
176 251 -7
177 226 -6
177 232 -7
177 235 -5
177 235 -3
177 236 -5
177 236 -4
177 236 -3
177 237 -5
177 237 -4
177 237 -3
177 237 -2
177 238 -6
177 238 -4
177 238 -3
177 238 -2
177 239 -16
177 239 -8
177 239 -7
177 239 -6
177 239 -5
177 239 -4
177 239 -3
177 239 -2
177 239 -1
177 240 -16
177 240 -15
177 240 -14
177 240 -10
177 240 -7
177 240 -6
177 240 -5
177 240 -4
177 240 -3
177 240 -2
177 240 -1
177 241 -16
177 241 -15
177 241 -14
177 241 -13
177 241 -12
177 241 -10
177 241 -9
177 241 -8
177 241 -7
177 241 -6
177 241 -5
177 241 -4
177 241 -3
177 241 -2
177 241 -1
177 242 -16
177 242 -15
177 242 -14
177 242 -13
177 242 -12
177 242 -10
177 242 -9
177 242 -8
177 242 -7
177 242 -6
177 242 -5
177 242 -4
177 242 -3
177 242 -2
177 242 -1
177 243 -16
177 243 -15
177 243 -14
177 243 -13
177 243 -12
177 243 -11
177 243 -10
177 243 -9
177 243 -8
177 243 -7
177 243 -6
177 243 -5
177 243 -4
177 243 -3
177 243 -2
177 244 -16
177 244 -15
177 244 -14
177 244 -13
177 244 -12
177 244 -11
177 244 -10
177 244 -9
177 244 -8
177 244 -7
177 244 -6
177 244 -5
177 244 -4
177 244 -3
177 244 -2
177 244 -1
177 245 -16
177 245 -15
177 245 -14
177 245 -13
177 245 -12
177 245 -11
177 245 -10
177 245 -9
177 245 -8
177 245 -7
177 245 -6
177 245 -5
177 245 -3
177 245 -2
177 245 -1
177 246 -16
177 246 -15
177 246 -14
177 246 -13
177 246 -12
177 246 -11
177 246 -10
177 246 -9
177 246 -8
177 246 -7
177 246 -6
177 246 -5
177 246 -4
177 246 -2
177 246 -1
177 247 -16
177 247 -15
177 247 -14
177 247 -13
177 247 -12
177 247 -11
177 247 -10
177 247 -9
177 247 -8
177 247 -7
177 247 -6
177 247 -5
177 247 -4
177 248 -16
177 248 -15
177 248 -14
177 248 -13
177 248 -12
177 248 -10
177 248 -9
177 248 -8
177 248 -7
177 248 -1
177 249 -16
177 249 -15
177 249 -10
177 249 -8
177 249 -7
177 250 -16
177 250 -8
177 250 -7
177 251 -16
178 225 -7
178 225 -6
178 226 -7
178 226 -6
178 226 -5
178 228 -6
178 230 -8
178 231 -6
178 232 -15
178 232 -8
178 232 -7
178 232 -6
178 233 -7
178 233 -6
178 234 -8
178 234 -7
178 234 -6
178 234 -5
178 235 -8
178 235 -6
178 235 -5
178 235 -4
178 236 -9
178 236 -8
178 236 -6
178 236 -5
178 236 -4
178 236 -2
178 237 -9
178 237 -8
178 237 -6
178 237 -5
178 237 -4
178 237 -3
178 237 -2
178 237 -1
178 238 -7
178 238 -6
178 238 -5
178 238 -4
178 238 -3
178 238 -2
178 238 -1
178 239 -8
178 239 -7
178 239 -6
178 239 -5
178 239 -4
178 239 -3
178 239 -2
178 239 -1
178 240 -12
178 240 -9
178 240 -8
178 240 -7
178 240 -6
178 240 -5
178 240 -4
178 240 -3
178 240 -2
178 241 -16
178 241 -15
178 241 -14
178 241 -13
178 241 -12
178 241 -10
178 241 -9
178 241 -8
178 241 -7
178 241 -6
178 241 -5
178 241 -4
178 241 -3
178 241 -2
178 241 -1
178 242 -16
178 242 -15
178 242 -14
178 242 -13
178 242 -12
178 242 -11
178 242 -9
178 242 -8
178 242 -7
178 242 -6
178 242 -5
178 242 -4
178 242 -3
178 242 -2
178 242 -1
178 243 -16
178 243 -15
178 243 -14
178 243 -13
178 243 -12
178 243 -11
178 243 -10
178 243 -9
178 243 -8
178 243 -7
178 243 -6
178 243 -5
178 243 -4
178 243 -3
178 243 -2
178 243 -1
178 244 -16
178 244 -15
178 244 -14
178 244 -13
178 244 -12
178 244 -11
178 244 -10
178 244 -9
178 244 -8
178 244 -7
178 244 -6
178 244 -4
178 244 -3
178 244 -2
178 244 -1
178 245 -16
178 245 -15
178 245 -14
178 245 -13
178 245 -12
178 245 -11
178 245 -10
178 245 -9
178 245 -8
178 245 -7
178 245 -6
178 245 -5
178 245 -4
178 245 -3
178 245 -2
178 245 -1
178 246 -16
178 246 -15
178 246 -14
178 246 -13
178 246 -12
178 246 -11
178 246 -10
178 246 -9
178 246 -8
178 246 -7
178 246 -6
178 246 -5
178 246 -4
178 246 -2
178 246 -1
178 247 -16
178 247 -15
178 247 -14
178 247 -13
178 247 -12
178 247 -11
178 247 -10
178 247 -9
178 247 -8
178 247 -6
178 247 -5
178 247 -4
178 247 -3
178 248 -16
178 248 -15
178 248 -14
178 248 -13
178 248 -11
178 248 -10
178 248 -9
178 248 -7
178 248 -4
178 249 -16
178 249 -15
178 249 -14
178 249 -13
178 249 -8
178 249 -7
178 250 -16
178 250 -15
178 250 -13
178 251 -16
179 225 -8
179 225 -7
179 225 -6
179 226 -6
179 227 -6
179 227 -5
179 227 -4
179 228 -7
179 228 -6
179 228 -5
179 228 -4
179 228 -3
179 229 -13
179 229 -8
179 229 -7
179 229 -6
179 229 -4
179 230 -13
179 230 -12
179 230 -9
179 230 -8
179 230 -7
179 230 -5
179 231 -13
179 231 -8
179 231 -7
179 231 -6
179 232 -16
179 232 -15
179 232 -14
179 232 -7
179 232 -6
179 232 -5
179 233 -8
179 233 -7
179 233 -6
179 233 -5
179 234 -10
179 234 -8
179 234 -7
179 234 -6
179 234 -5
179 234 -4
179 235 -11
179 235 -8
179 235 -7
179 235 -6
179 235 -5
179 235 -4
179 235 -3
179 235 -2
179 236 -9
179 236 -8
179 236 -7
179 236 -6
179 236 -5
179 236 -4
179 236 -3
179 236 -2
179 236 -1
179 237 -10
179 237 -9
179 237 -8
179 237 -7
179 237 -6
179 237 -5
179 237 -4
179 237 -3
179 237 -2
179 237 -1
179 238 -9
179 238 -8
179 238 -7
179 238 -6
179 238 -5
179 238 -3
179 238 -2
179 238 -1
179 239 -13
179 239 -9
179 239 -8
179 239 -7
179 239 -6
179 239 -5
179 239 -4
179 239 -3
179 239 -2
179 240 -12
179 240 -11
179 240 -10
179 240 -7
179 240 -6
179 240 -5
179 240 -4
179 240 -3
179 240 -2
179 240 -1
179 241 -16
179 241 -13
179 241 -12
179 241 -10
179 241 -9
179 241 -8
179 241 -7
179 241 -6
179 241 -5
179 241 -4
179 241 -3
179 241 -2
179 241 -1
179 242 -16
179 242 -15
179 242 -14
179 242 -13
179 242 -12
179 242 -11
179 242 -10
179 242 -9
179 242 -8
179 242 -7
179 242 -6
179 242 -5
179 242 -4
179 242 -3
179 242 -2
179 242 -1
179 243 -16
179 243 -15
179 243 -14
179 243 -13
179 243 -12
179 243 -11
179 243 -10
179 243 -9
179 243 -8
179 243 -7
179 243 -6
179 243 -5
179 243 -4
179 243 -3
179 243 -2
179 243 -1
179 244 -16
179 244 -15
179 244 -14
179 244 -13
179 244 -12
179 244 -11
179 244 -10
179 244 -9
179 244 -8
179 244 -7
179 244 -6
179 244 -5
179 244 -4
179 244 -3
179 244 -2
179 244 -1
179 245 -16
179 245 -15
179 245 -14
179 245 -13
179 245 -12
179 245 -11
179 245 -10
179 245 -9
179 245 -8
179 245 -7
179 245 -6
179 245 -5
179 245 -4
179 245 -3
179 245 -2
179 245 -1
179 246 -16
179 246 -15
179 246 -14
179 246 -13
179 246 -12
179 246 -11
179 246 -10
179 246 -9
179 246 -8
179 246 -7
179 246 -6
179 246 -5
179 246 -4
179 246 -3
179 246 -2
179 246 -1
179 247 -16
179 247 -15
179 247 -14
179 247 -13
179 247 -12
179 247 -11
179 247 -10
179 247 -9
179 247 -8
179 247 -6
179 247 -5
179 247 -4
179 247 -3
179 247 -2
179 247 -1
179 248 -16
179 248 -15
179 248 -14
179 248 -13
179 248 -12
179 248 -11
179 248 -9
179 248 -8
179 248 -6
179 248 -5
179 248 -3
179 249 -16
179 249 -15
179 249 -14
179 249 -13
179 249 -12
179 249 -5
179 250 -16
179 250 -15
179 250 -13
179 251 -16
179 251 -15
179 251 -13
180 225 -14
180 225 -8
180 225 -7
180 225 -6
180 225 -5
180 225 -4
180 226 -15
180 226 -14
180 226 -9
180 226 -8
180 226 -7
180 226 -6
180 226 -5
180 226 -4
180 227 -15
180 227 -12
180 227 -8
180 227 -7
180 227 -6
180 227 -5
180 227 -4
180 228 -15
180 228 -14
180 228 -13
180 228 -12
180 228 -8
180 228 -7
180 228 -6
180 228 -5
180 228 -4
180 228 -3
180 229 -16
180 229 -12
180 229 -11
180 229 -10
180 229 -8
180 229 -7
180 229 -5
180 229 -4
180 230 -15
180 230 -13
180 230 -11
180 230 -8
180 230 -7
180 230 -6
180 230 -5
180 230 -4
180 231 -14
180 231 -13
180 231 -12
180 231 -8
180 231 -7
180 231 -6
180 231 -5
180 231 -4
180 232 -16
180 232 -15
180 232 -14
180 232 -8
180 232 -7
180 232 -6
180 232 -5
180 233 -15
180 233 -14
180 233 -13
180 233 -10
180 233 -9
180 233 -8
180 233 -7
180 233 -6
180 233 -5
180 233 -4
180 233 -3
180 234 -14
180 234 -11
180 234 -10
180 234 -9
180 234 -8
180 234 -7
180 234 -6
180 234 -5
180 234 -4
180 235 -11
180 235 -10
180 235 -9
180 235 -8
180 235 -7
180 235 -6
180 235 -5
180 235 -4
180 235 -2
180 236 -10
180 236 -9
180 236 -8
180 236 -7
180 236 -6
180 236 -5
180 236 -4
180 236 -3
180 236 -2
180 237 -14
180 237 -10
180 237 -9
180 237 -8
180 237 -7
180 237 -6
180 237 -5
180 237 -4
180 237 -3
180 237 -1
180 238 -11
180 238 -10
180 238 -9
180 238 -8
180 238 -7
180 238 -6
180 238 -5
180 238 -4
180 238 -3
180 238 -2
180 238 -1
180 239 -14
180 239 -13
180 239 -10
180 239 -9
180 239 -8
180 239 -7
180 239 -6
180 239 -5
180 239 -4
180 239 -3
180 239 -2
180 239 -1
180 240 -15
180 240 -13
180 240 -11
180 240 -10
180 240 -9
180 240 -8
180 240 -7
180 240 -6
180 240 -5
180 240 -4
180 240 -3
180 240 -2
180 240 -1
180 241 -16
180 241 -15
180 241 -14
180 241 -13
180 241 -12
180 241 -10
180 241 -9
180 241 -8
180 241 -7
180 241 -6
180 241 -5
180 241 -4
180 241 -3
180 241 -2
180 241 -1
180 242 -16
180 242 -15
180 242 -14
180 242 -13
180 242 -12
180 242 -11
180 242 -10
180 242 -9
180 242 -8
180 242 -7
180 242 -6
180 242 -5
180 242 -4
180 242 -3
180 242 -2
180 242 -1
180 243 -16
180 243 -15
180 243 -14
180 243 -13
180 243 -12
180 243 -11
180 243 -10
180 243 -9
180 243 -8
180 243 -7
180 243 -6
180 243 -5
180 243 -4
180 243 -3
180 243 -2
180 243 -1
180 244 -16
180 244 -15
180 244 -14
180 244 -13
180 244 -12
180 244 -11
180 244 -10
180 244 -9
180 244 -8
180 244 -7
180 244 -6
180 244 -5
180 244 -4
180 244 -3
180 244 -2
180 244 -1
180 245 -16
180 245 -15
180 245 -14
180 245 -13
180 245 -12
180 245 -11
180 245 -10
180 245 -9
180 245 -8
180 245 -7
180 245 -6
180 245 -5
180 245 -4
180 245 -3
180 245 -2
180 245 -1
180 246 -16
180 246 -15
180 246 -14
180 246 -13
180 246 -12
180 246 -11
180 246 -10
180 246 -9
180 246 -8
180 246 -7
180 246 -6
180 246 -5
180 246 -4
180 246 -3
180 246 -2
180 246 -1
180 247 -16
180 247 -15
180 247 -14
180 247 -13
180 247 -12
180 247 -11
180 247 -10
180 247 -8
180 247 -7
180 247 -6
180 247 -3
180 248 -16
180 248 -15
180 248 -14
180 248 -13
180 248 -12
180 248 -11
180 248 -10
180 248 -8
180 248 -3
180 248 -1
180 249 -16
180 249 -15
180 249 -14
180 249 -13
180 249 -12
180 249 -11
180 249 -10
180 249 -9
180 249 -8
180 250 -16
180 250 -15
180 250 -14
180 250 -13
180 250 -12
180 250 -11
180 251 -16
180 252 -16
181 225 -15
181 225 -14
181 225 -8
181 225 -7
181 225 -6
181 225 -5
181 225 -4
181 226 -15
181 226 -14
181 226 -8
181 226 -7
181 226 -6
181 226 -5
181 226 -4
181 226 -3
181 226 -2
181 227 -16
181 227 -15
181 227 -14
181 227 -13
181 227 -8
181 227 -7
181 227 -6
181 227 -5
181 227 -4
181 227 -3
181 228 -14
181 228 -13
181 228 -12
181 228 -10
181 228 -8
181 228 -7
181 228 -6
181 228 -5
181 228 -4
181 229 -16
181 229 -13
181 229 -12
181 229 -11
181 229 -8
181 229 -7
181 229 -6
181 229 -5
181 229 -4
181 230 -16
181 230 -15
181 230 -14
181 230 -13
181 230 -12
181 230 -11
181 230 -9
181 230 -8
181 230 -7
181 230 -6
181 230 -5
181 230 -4
181 230 -3
181 231 -16
181 231 -15
181 231 -14
181 231 -13
181 231 -12
181 231 -11
181 231 -9
181 231 -8
181 231 -7
181 231 -6
181 231 -5
181 231 -4
181 231 -3
181 232 -16
181 232 -15
181 232 -14
181 232 -13
181 232 -12
181 232 -11
181 232 -9
181 232 -8
181 232 -7
181 232 -6
181 232 -5
181 232 -4
181 233 -15
181 233 -14
181 233 -12
181 233 -11
181 233 -10
181 233 -9
181 233 -8
181 233 -7
181 233 -6
181 233 -5
181 233 -4
181 234 -14
181 234 -10
181 234 -9
181 234 -8
181 234 -7
181 234 -6
181 234 -5
181 234 -2
181 235 -15
181 235 -14
181 235 -13
181 235 -11
181 235 -9
181 235 -8
181 235 -7
181 235 -6
181 235 -5
181 235 -4
181 235 -3
181 235 -2
181 235 -1
181 236 -14
181 236 -9
181 236 -8
181 236 -7
181 236 -6
181 236 -5
181 236 -4
181 236 -3
181 236 -2
181 236 -1
181 237 -15
181 237 -14
181 237 -13
181 237 -12
181 237 -9
181 237 -8
181 237 -7
181 237 -6
181 237 -5
181 237 -4
181 237 -3
181 237 -2
181 237 -1
181 238 -13
181 238 -9
181 238 -8
181 238 -7
181 238 -6
181 238 -5
181 238 -4
181 238 -3
181 238 -2
181 238 -1
181 239 -14
181 239 -13
181 239 -11
181 239 -9
181 239 -8
181 239 -7
181 239 -6
181 239 -5
181 239 -4
181 239 -3
181 239 -2
181 240 -15
181 240 -14
181 240 -13
181 240 -12
181 240 -11
181 240 -9
181 240 -8
181 240 -7
181 240 -6
181 240 -5
181 240 -4
181 240 -3
181 240 -2
181 241 -16
181 241 -15
181 241 -13
181 241 -11
181 241 -10
181 241 -9
181 241 -8
181 241 -7
181 241 -6
181 241 -5
181 241 -4
181 241 -3
181 241 -2
181 241 -1
181 242 -16
181 242 -15
181 242 -14
181 242 -13
181 242 -12
181 242 -11
181 242 -10
181 242 -9
181 242 -8
181 242 -7
181 242 -6
181 242 -5
181 242 -4
181 242 -3
181 242 -2
181 242 -1
181 243 -16
181 243 -15
181 243 -14
181 243 -13
181 243 -12
181 243 -11
181 243 -10
181 243 -9
181 243 -8
181 243 -7
181 243 -6
181 243 -5
181 243 -4
181 243 -3
181 243 -2
181 243 -1
181 244 -16
181 244 -15
181 244 -14
181 244 -13
181 244 -12
181 244 -11
181 244 -10
181 244 -9
181 244 -8
181 244 -7
181 244 -6
181 244 -5
181 244 -4
181 244 -3
181 244 -2
181 244 -1
181 245 -16
181 245 -15
181 245 -14
181 245 -13
181 245 -12
181 245 -11
181 245 -10
181 245 -9
181 245 -8
181 245 -7
181 245 -6
181 245 -5
181 245 -4
181 245 -3
181 245 -2
181 245 -1
181 246 -16
181 246 -15
181 246 -14
181 246 -13
181 246 -12
181 246 -11
181 246 -10
181 246 -9
181 246 -8
181 246 -7
181 246 -6
181 246 -4
181 246 -3
181 246 -2
181 246 -1
181 247 -16
181 247 -15
181 247 -14
181 247 -13
181 247 -12
181 247 -11
181 247 -10
181 247 -9
181 247 -8
181 247 -7
181 247 -6
181 247 -4
181 247 -3
181 247 -1
181 248 -16
181 248 -15
181 248 -14
181 248 -13
181 248 -12
181 248 -11
181 248 -10
181 248 -9
181 248 -8
181 248 -1
181 249 -16
181 249 -15
181 249 -14
181 249 -13
181 249 -12
181 249 -11
181 249 -10
181 249 -9
181 249 -8
181 250 -16
181 250 -15
181 250 -13
181 250 -12
181 250 -8
181 251 -16
181 251 -12
181 252 -16
181 252 -15
181 253 -16
182 225 -16
182 225 -15
182 225 -14
182 225 -7
182 225 -6
182 225 -5
182 225 -4
182 226 -16
182 226 -15
182 226 -14
182 226 -8
182 226 -7
182 226 -6
182 226 -5
182 226 -4
182 227 -14
182 227 -9
182 227 -8
182 227 -7
182 227 -6
182 227 -5
182 227 -4
182 227 -3
182 228 -15
182 228 -14
182 228 -12
182 228 -10
182 228 -9
182 228 -7
182 228 -6
182 228 -5
182 228 -4
182 229 -16
182 229 -15
182 229 -14
182 229 -13
182 229 -12
182 229 -11
182 229 -8
182 229 -7
182 229 -6
182 229 -5
182 229 -4
182 229 -3
182 230 -16
182 230 -15
182 230 -14
182 230 -13
182 230 -12
182 230 -11
182 230 -10
182 230 -9
182 230 -8
182 230 -7
182 230 -6
182 230 -5
182 230 -4
182 230 -3
182 231 -16
182 231 -15
182 231 -13
182 231 -12
182 231 -11
182 231 -10
182 231 -9
182 231 -8
182 231 -7
182 231 -6
182 231 -5
182 232 -16
182 232 -15
182 232 -14
182 232 -13
182 232 -12
182 232 -11
182 232 -10
182 232 -9
182 232 -8
182 232 -7
182 232 -6
182 232 -5
182 233 -14
182 233 -12
182 233 -11
182 233 -10
182 233 -7
182 233 -6
182 233 -5
182 234 -16
182 234 -15
182 234 -14
182 234 -13
182 234 -10
182 234 -6
182 235 -16
182 235 -15
182 235 -14
182 235 -13
182 235 -11
182 235 -10
182 235 -9
182 235 -7
182 235 -6
182 235 -2
182 236 -15
182 236 -14
182 236 -13
182 236 -9
182 236 -8
182 236 -7
182 236 -5
182 236 -4
182 236 -3
182 236 -2
182 237 -16
182 237 -15
182 237 -14
182 237 -13
182 237 -12
182 237 -8
182 237 -6
182 237 -5
182 237 -4
182 237 -3
182 237 -2
182 237 -1
182 238 -14
182 238 -12
182 238 -9
182 238 -8
182 238 -7
182 238 -6
182 238 -5
182 238 -4
182 238 -3
182 238 -2
182 238 -1
182 239 -14
182 239 -8
182 239 -7
182 239 -6
182 239 -5
182 239 -4
182 239 -3
182 239 -2
182 239 -1
182 240 -14
182 240 -13
182 240 -12
182 240 -11
182 240 -10
182 240 -9
182 240 -8
182 240 -7
182 240 -6
182 240 -5
182 240 -4
182 240 -3
182 240 -2
182 240 -1
182 241 -15
182 241 -13
182 241 -12
182 241 -11
182 241 -10
182 241 -9
182 241 -8
182 241 -7
182 241 -6
182 241 -5
182 241 -4
182 241 -3
182 241 -2
182 241 -1
182 242 -16
182 242 -15
182 242 -14
182 242 -13
182 242 -12
182 242 -11
182 242 -10
182 242 -9
182 242 -8
182 242 -7
182 242 -6
182 242 -5
182 242 -4
182 242 -3
182 242 -2
182 242 -1
182 243 -16
182 243 -15
182 243 -14
182 243 -13
182 243 -12
182 243 -11
182 243 -10
182 243 -9
182 243 -8
182 243 -7
182 243 -6
182 243 -5
182 243 -4
182 243 -3
182 243 -2
182 243 -1
182 244 -16
182 244 -15
182 244 -14
182 244 -13
182 244 -12
182 244 -11
182 244 -10
182 244 -9
182 244 -8
182 244 -7
182 244 -6
182 244 -5
182 244 -4
182 244 -3
182 244 -2
182 244 -1
182 245 -16
182 245 -15
182 245 -14
182 245 -13
182 245 -12
182 245 -11
182 245 -10
182 245 -9
182 245 -8
182 245 -7
182 245 -6
182 245 -5
182 245 -4
182 245 -2
182 245 -1
182 246 -16
182 246 -15
182 246 -14
182 246 -13
182 246 -12
182 246 -11
182 246 -10
182 246 -9
182 246 -8
182 246 -7
182 246 -6
182 246 -5
182 246 -4
182 246 -3
182 246 -2
182 246 -1
182 247 -16
182 247 -15
182 247 -14
182 247 -13
182 247 -12
182 247 -11
182 247 -10
182 247 -9
182 247 -8
182 247 -7
182 247 -6
182 247 -5
182 248 -16
182 248 -15
182 248 -14
182 248 -13
182 248 -12
182 248 -11
182 248 -10
182 248 -8
182 249 -16
182 249 -15
182 249 -14
182 249 -13
182 249 -12
182 249 -11
182 249 -10
182 249 -9
182 249 -8
182 250 -16
182 250 -15
182 250 -14
182 250 -13
182 250 -12
182 250 -11
182 250 -10
182 251 -16
182 251 -14
182 251 -12
182 251 -11
182 252 -16
183 225 -16
183 225 -14
183 225 -7
183 225 -6
183 225 -4
183 226 -16
183 226 -15
183 226 -14
183 226 -13
183 226 -12
183 226 -10
183 226 -7
183 226 -6
183 226 -4
183 227 -16
183 227 -15
183 227 -14
183 227 -13
183 227 -11
183 227 -10
183 227 -9
183 227 -7
183 227 -6
183 227 -5
183 227 -4
183 228 -16
183 228 -15
183 228 -14
183 228 -13
183 228 -12
183 228 -11
183 228 -10
183 228 -8
183 228 -7
183 228 -6
183 228 -5
183 228 -4
183 229 -16
183 229 -15
183 229 -14
183 229 -13
183 229 -12
183 229 -11
183 229 -10
183 229 -9
183 229 -7
183 229 -6
183 229 -5
183 230 -16
183 230 -15
183 230 -14
183 230 -13
183 230 -12
183 230 -11
183 230 -10
183 230 -8
183 230 -6
183 230 -5
183 230 -4
183 231 -16
183 231 -15
183 231 -14
183 231 -13
183 231 -12
183 231 -11
183 231 -10
183 231 -9
183 231 -8
183 231 -7
183 231 -6
183 231 -5
183 232 -16
183 232 -15
183 232 -14
183 232 -13
183 232 -12
183 232 -11
183 232 -10
183 232 -8
183 232 -7
183 232 -6
183 232 -5
183 233 -16
183 233 -14
183 233 -13
183 233 -12
183 233 -11
183 233 -10
183 233 -9
183 233 -8
183 234 -16
183 234 -15
183 234 -14
183 234 -13
183 234 -12
183 234 -11
183 234 -10
183 234 -9
183 234 -6
183 235 -16
183 235 -15
183 235 -14
183 235 -13
183 235 -12
183 235 -11
183 235 -10
183 235 -9
183 235 -8
183 235 -5
183 236 -15
183 236 -14
183 236 -13
183 236 -12
183 236 -11
183 236 -9
183 236 -8
183 236 -6
183 236 -5
183 236 -4
183 236 -3
183 236 -2
183 237 -16
183 237 -15
183 237 -14
183 237 -13
183 237 -12
183 237 -10
183 237 -9
183 237 -8
183 237 -7
183 237 -5
183 237 -4
183 237 -3
183 237 -2
183 237 -1
183 238 -16
183 238 -14
183 238 -12
183 238 -7
183 238 -6
183 238 -5
183 238 -4
183 238 -3
183 238 -2
183 238 -1
183 239 -16
183 239 -14
183 239 -13
183 239 -8
183 239 -7
183 239 -6
183 239 -5
183 239 -4
183 239 -3
183 239 -2
183 239 -1
183 240 -15
183 240 -10
183 240 -9
183 240 -8
183 240 -7
183 240 -6
183 240 -5
183 240 -4
183 240 -3
183 240 -2
183 240 -1
183 241 -15
183 241 -14
183 241 -13
183 241 -12
183 241 -11
183 241 -10
183 241 -8
183 241 -7
183 241 -6
183 241 -5
183 241 -4
183 241 -3
183 241 -2
183 241 -1
183 242 -16
183 242 -15
183 242 -14
183 242 -13
183 242 -12
183 242 -11
183 242 -10
183 242 -8
183 242 -7
183 242 -6
183 242 -5
183 242 -4
183 242 -3
183 242 -2
183 242 -1
183 243 -16
183 243 -15
183 243 -14
183 243 -13
183 243 -12
183 243 -11
183 243 -10
183 243 -9
183 243 -8
183 243 -7
183 243 -6
183 243 -5
183 243 -4
183 243 -3
183 243 -2
183 243 -1
183 244 -16
183 244 -15
183 244 -14
183 244 -13
183 244 -12
183 244 -11
183 244 -10
183 244 -9
183 244 -8
183 244 -7
183 244 -6
183 244 -5
183 244 -4
183 244 -3
183 244 -2
183 244 -1
183 245 -16
183 245 -15
183 245 -14
183 245 -13
183 245 -12
183 245 -11
183 245 -10
183 245 -9
183 245 -8
183 245 -7
183 245 -6
183 245 -5
183 245 -4
183 245 -3
183 245 -2
183 245 -1
183 246 -16
183 246 -15
183 246 -14
183 246 -13
183 246 -12
183 246 -11
183 246 -10
183 246 -8
183 246 -7
183 246 -5
183 246 -4
183 246 -3
183 246 -2
183 247 -16
183 247 -15
183 247 -14
183 247 -13
183 247 -12
183 247 -11
183 247 -10
183 247 -9
183 247 -8
183 247 -7
183 247 -5
183 247 -3
183 247 -2
183 248 -16
183 248 -15
183 248 -14
183 248 -13
183 248 -12
183 248 -11
183 248 -9
183 248 -8
183 249 -16
183 249 -15
183 249 -14
183 249 -13
183 249 -12
183 249 -11
183 249 -10
183 250 -16
183 250 -15
183 250 -13
183 250 -12
183 250 -11
183 250 -10
183 251 -16
183 251 -15
183 251 -14
183 251 -13
183 251 -12
183 252 -16
184 225 -16
184 225 -14
184 225 -13
184 225 -12
184 225 -7
184 225 -6
184 226 -16
184 226 -15
184 226 -14
184 226 -13
184 226 -12
184 226 -11
184 226 -8
184 226 -7
184 226 -6
184 227 -15
184 227 -14
184 227 -13
184 227 -12
184 227 -10
184 227 -9
184 227 -8
184 227 -7
184 227 -6
184 228 -16
184 228 -15
184 228 -14
184 228 -13
184 228 -12
184 228 -11
184 228 -10
184 228 -9
184 228 -7
184 228 -6
184 228 -5
184 228 -4
184 229 -16
184 229 -15
184 229 -14
184 229 -13
184 229 -12
184 229 -11
184 229 -10
184 229 -9
184 229 -8
184 229 -7
184 229 -6
184 229 -5
184 230 -16
184 230 -15
184 230 -14
184 230 -13
184 230 -12
184 230 -11
184 230 -10
184 230 -9
184 230 -8
184 230 -7
184 230 -6
184 231 -16
184 231 -15
184 231 -14
184 231 -13
184 231 -12
184 231 -11
184 231 -10
184 231 -8
184 231 -7
184 231 -6
184 232 -16
184 232 -15
184 232 -14
184 232 -13
184 232 -12
184 232 -11
184 232 -10
184 232 -9
184 232 -8
184 232 -7
184 233 -16
184 233 -15
184 233 -14
184 233 -13
184 233 -12
184 233 -11
184 233 -10
184 233 -9
184 233 -8
184 233 -4
184 234 -16
184 234 -15
184 234 -14
184 234 -13
184 234 -12
184 234 -11
184 234 -10
184 234 -9
184 234 -3
184 234 -1
184 235 -16
184 235 -15
184 235 -14
184 235 -13
184 235 -12
184 235 -11
184 235 -10
184 235 -9
184 235 -8
184 235 -7
184 235 -5
184 235 -3
184 235 -2
184 236 -16
184 236 -15
184 236 -14
184 236 -13
184 236 -12
184 236 -11
184 236 -10
184 236 -9
184 236 -8
184 236 -7
184 236 -6
184 236 -5
184 236 -4
184 236 -3
184 236 -2
184 236 -1
184 237 -16
184 237 -15
184 237 -14
184 237 -13
184 237 -12
184 237 -11
184 237 -10
184 237 -9
184 237 -8
184 237 -7
184 237 -6
184 237 -5
184 237 -4
184 237 -3
184 237 -2
184 237 -1
184 238 -16
184 238 -15
184 238 -14
184 238 -13
184 238 -12
184 238 -11
184 238 -10
184 238 -8
184 238 -7
184 238 -6
184 238 -5
184 238 -4
184 238 -3
184 238 -2
184 238 -1
184 239 -16
184 239 -15
184 239 -14
184 239 -13
184 239 -12
184 239 -10
184 239 -9
184 239 -8
184 239 -7
184 239 -6
184 239 -5
184 239 -4
184 239 -3
184 239 -2
184 239 -1
184 240 -15
184 240 -14
184 240 -13
184 240 -10
184 240 -8
184 240 -7
184 240 -6
184 240 -5
184 240 -4
184 240 -3
184 240 -2
184 240 -1
184 241 -15
184 241 -14
184 241 -13
184 241 -10
184 241 -8
184 241 -7
184 241 -6
184 241 -5
184 241 -4
184 241 -3
184 241 -2
184 241 -1
184 242 -16
184 242 -15
184 242 -14
184 242 -12
184 242 -11
184 242 -10
184 242 -9
184 242 -8
184 242 -7
184 242 -6
184 242 -5
184 242 -4
184 242 -3
184 242 -2
184 242 -1
184 243 -16
184 243 -15
184 243 -14
184 243 -13
184 243 -12
184 243 -11
184 243 -10
184 243 -9
184 243 -7
184 243 -6
184 243 -5
184 243 -4
184 243 -3
184 243 -2
184 243 -1
184 244 -16
184 244 -15
184 244 -14
184 244 -13
184 244 -11
184 244 -10
184 244 -9
184 244 -8
184 244 -7
184 244 -6
184 244 -5
184 244 -4
184 244 -3
184 244 -2
184 244 -1
184 245 -16
184 245 -15
184 245 -14
184 245 -13
184 245 -12
184 245 -11
184 245 -10
184 245 -9
184 245 -8
184 245 -6
184 245 -5
184 245 -4
184 245 -3
184 245 -2
184 245 -1
184 246 -16
184 246 -15
184 246 -14
184 246 -13
184 246 -12
184 246 -11
184 246 -10
184 246 -9
184 246 -6
184 246 -4
184 246 -3
184 246 -2
184 246 -1
184 247 -16
184 247 -15
184 247 -14
184 247 -13
184 247 -12
184 247 -11
184 247 -10
184 247 -9
184 247 -8
184 247 -6
184 247 -5
184 247 -4
184 247 -3
184 247 -2
184 248 -16
184 248 -15
184 248 -14
184 248 -13
184 248 -12
184 248 -11
184 248 -4
184 248 -3
184 249 -16
184 249 -15
184 249 -14
184 249 -13
184 249 -12
184 249 -11
184 249 -3
184 250 -16
184 250 -15
184 250 -14
184 250 -13
184 250 -12
184 250 -11
184 251 -16
184 251 -15
184 251 -14
184 251 -13
184 252 -16
184 252 -14
184 253 -14
185 225 -16
185 225 -15
185 225 -14
185 225 -13
185 225 -11
185 225 -9
185 226 -16
185 226 -15
185 226 -13
185 226 -12
185 226 -11
185 226 -9
185 227 -16
185 227 -15
185 227 -14
185 227 -13
185 227 -12
185 227 -11
185 227 -9
185 227 -8
185 228 -16
185 228 -15
185 228 -14
185 228 -13
185 228 -12
185 228 -11
185 228 -10
185 228 -9
185 228 -7
185 228 -6
185 229 -16
185 229 -15
185 229 -14
185 229 -13
185 229 -12
185 229 -11
185 229 -10
185 229 -9
185 229 -8
185 229 -7
185 229 -6
185 230 -16
185 230 -15
185 230 -14
185 230 -13
185 230 -12
185 230 -11
185 230 -10
185 230 -9
185 230 -8
185 230 -7
185 230 -6
185 231 -16
185 231 -15
185 231 -14
185 231 -13
185 231 -12
185 231 -11
185 231 -10
185 231 -9
185 231 -8
185 231 -7
185 231 -6
185 232 -16
185 232 -15
185 232 -14
185 232 -13
185 232 -12
185 232 -11
185 232 -10
185 232 -9
185 232 -8
185 232 -7
185 232 -6
185 232 -4
185 233 -16
185 233 -15
185 233 -14
185 233 -13
185 233 -12
185 233 -11
185 233 -10
185 233 -9
185 233 -8
185 233 -7
185 233 -6
185 233 -4
185 234 -16
185 234 -15
185 234 -14
185 234 -13
185 234 -12
185 234 -11
185 234 -10
185 234 -9
185 234 -8
185 234 -7
185 234 -6
185 234 -5
185 234 -4
185 234 -3
185 234 -2
185 234 -1
185 235 -16
185 235 -15
185 235 -14
185 235 -13
185 235 -12
185 235 -11
185 235 -10
185 235 -9
185 235 -8
185 235 -7
185 235 -5
185 235 -4
185 235 -3
185 235 -2
185 236 -16
185 236 -15
185 236 -14
185 236 -13
185 236 -12
185 236 -10
185 236 -9
185 236 -8
185 236 -6
185 236 -5
185 236 -4
185 236 -3
185 236 -2
185 237 -16
185 237 -15
185 237 -14
185 237 -13
185 237 -12
185 237 -11
185 237 -10
185 237 -9
185 237 -6
185 237 -5
185 237 -4
185 237 -3
185 237 -2
185 237 -1
185 238 -16
185 238 -15
185 238 -14
185 238 -13
185 238 -12
185 238 -11
185 238 -10
185 238 -9
185 238 -7
185 238 -6
185 238 -5
185 238 -4
185 238 -3
185 238 -2
185 238 -1
185 239 -16
185 239 -15
185 239 -14
185 239 -12
185 239 -11
185 239 -10
185 239 -9
185 239 -8
185 239 -7
185 239 -6
185 239 -5
185 239 -4
185 239 -3
185 239 -2
185 239 -1
185 240 -15
185 240 -14
185 240 -13
185 240 -12
185 240 -11
185 240 -10
185 240 -9
185 240 -8
185 240 -7
185 240 -6
185 240 -5
185 240 -4
185 240 -3
185 240 -2
185 240 -1
185 241 -16
185 241 -15
185 241 -14
185 241 -13
185 241 -12
185 241 -11
185 241 -10
185 241 -9
185 241 -8
185 241 -7
185 241 -6
185 241 -5
185 241 -4
185 241 -3
185 241 -2
185 241 -1
185 242 -16
185 242 -15
185 242 -14
185 242 -13
185 242 -12
185 242 -10
185 242 -9
185 242 -8
185 242 -7
185 242 -6
185 242 -5
185 242 -4
185 242 -3
185 242 -2
185 242 -1
185 243 -15
185 243 -14
185 243 -13
185 243 -12
185 243 -11
185 243 -10
185 243 -9
185 243 -8
185 243 -7
185 243 -6
185 243 -5
185 243 -4
185 243 -3
185 243 -2
185 243 -1
185 244 -16
185 244 -15
185 244 -14
185 244 -13
185 244 -11
185 244 -10
185 244 -9
185 244 -8
185 244 -7
185 244 -6
185 244 -5
185 244 -4
185 244 -3
185 244 -2
185 244 -1
185 245 -16
185 245 -15
185 245 -14
185 245 -13
185 245 -12
185 245 -11
185 245 -10
185 245 -9
185 245 -8
185 245 -7
185 245 -6
185 245 -5
185 245 -4
185 245 -3
185 245 -2
185 245 -1
185 246 -16
185 246 -15
185 246 -14
185 246 -13
185 246 -12
185 246 -11
185 246 -10
185 246 -9
185 246 -7
185 246 -6
185 246 -5
185 246 -4
185 246 -3
185 246 -2
185 246 -1
185 247 -16
185 247 -15
185 247 -14
185 247 -13
185 247 -12
185 247 -11
185 247 -10
185 247 -9
185 247 -8
185 247 -6
185 247 -5
185 247 -4
185 247 -3
185 247 -2
185 247 -1
185 248 -16
185 248 -15
185 248 -14
185 248 -13
185 248 -12
185 248 -11
185 248 -7
185 248 -6
185 248 -5
185 248 -4
185 248 -3
185 248 -2
185 249 -16
185 249 -15
185 249 -14
185 249 -13
185 249 -12
185 249 -11
185 249 -5
185 249 -4
185 249 -2
185 250 -16
185 250 -15
185 250 -14
185 250 -13
185 250 -12
185 250 -5
185 251 -16
185 251 -15
185 251 -14
186 225 -15
186 225 -14
186 226 -16
186 226 -15
186 226 -14
186 226 -13
186 226 -9
186 227 -16
186 227 -15
186 227 -13
186 227 -12
186 227 -11
186 227 -9
186 228 -16
186 228 -15
186 228 -14
186 228 -13
186 228 -12
186 228 -11
186 228 -10
186 228 -9
186 229 -16
186 229 -15
186 229 -14
186 229 -13
186 229 -12
186 229 -11
186 229 -10
186 229 -9
186 229 -8
186 229 -7
186 230 -16
186 230 -15
186 230 -14
186 230 -13
186 230 -12
186 230 -11
186 230 -10
186 230 -9
186 230 -8
186 231 -16
186 231 -15
186 231 -14
186 231 -13
186 231 -12
186 231 -11
186 231 -10
186 231 -9
186 231 -8
186 231 -7
186 231 -6
186 231 -4
186 232 -16
186 232 -15
186 232 -14
186 232 -13
186 232 -12
186 232 -11
186 232 -10
186 232 -9
186 232 -8
186 232 -7
186 232 -6
186 232 -5
186 232 -4
186 232 -2
186 233 -16
186 233 -15
186 233 -14
186 233 -13
186 233 -12
186 233 -11
186 233 -10
186 233 -9
186 233 -8
186 233 -7
186 233 -6
186 233 -5
186 233 -4
186 233 -3
186 233 -2
186 233 -1
186 234 -16
186 234 -15
186 234 -14
186 234 -13
186 234 -12
186 234 -11
186 234 -10
186 234 -9
186 234 -8
186 234 -7
186 234 -6
186 234 -5
186 234 -4
186 234 -3
186 234 -2
186 234 -1
186 235 -16
186 235 -15
186 235 -14
186 235 -13
186 235 -12
186 235 -11
186 235 -10
186 235 -9
186 235 -7
186 235 -6
186 235 -5
186 235 -4
186 235 -3
186 235 -2
186 235 -1
186 236 -16
186 236 -15
186 236 -14
186 236 -13
186 236 -12
186 236 -11
186 236 -10
186 236 -9
186 236 -8
186 236 -7
186 236 -6
186 236 -5
186 236 -4
186 236 -3
186 236 -2
186 236 -1
186 237 -16
186 237 -15
186 237 -14
186 237 -13
186 237 -12
186 237 -11
186 237 -10
186 237 -9
186 237 -8
186 237 -7
186 237 -6
186 237 -5
186 237 -4
186 237 -3
186 237 -2
186 237 -1
186 238 -16
186 238 -15
186 238 -14
186 238 -13
186 238 -12
186 238 -11
186 238 -10
186 238 -9
186 238 -8
186 238 -7
186 238 -6
186 238 -5
186 238 -4
186 238 -3
186 238 -2
186 238 -1
186 239 -16
186 239 -15
186 239 -14
186 239 -13
186 239 -12
186 239 -11
186 239 -10
186 239 -9
186 239 -8
186 239 -7
186 239 -6
186 239 -5
186 239 -4
186 239 -3
186 239 -2
186 239 -1
186 240 -16
186 240 -15
186 240 -14
186 240 -13
186 240 -12
186 240 -11
186 240 -10
186 240 -9
186 240 -8
186 240 -7
186 240 -6
186 240 -5
186 240 -4
186 240 -3
186 240 -2
186 240 -1
186 241 -16
186 241 -15
186 241 -14
186 241 -12
186 241 -11
186 241 -10
186 241 -9
186 241 -8
186 241 -7
186 241 -6
186 241 -5
186 241 -4
186 241 -3
186 241 -2
186 241 -1
186 242 -16
186 242 -15
186 242 -14
186 242 -13
186 242 -12
186 242 -10
186 242 -9
186 242 -8
186 242 -7
186 242 -6
186 242 -5
186 242 -4
186 242 -3
186 242 -2
186 242 -1
186 243 -16
186 243 -15
186 243 -14
186 243 -12
186 243 -11
186 243 -10
186 243 -9
186 243 -8
186 243 -7
186 243 -6
186 243 -5
186 243 -4
186 243 -3
186 243 -2
186 243 -1
186 244 -16
186 244 -15
186 244 -14
186 244 -12
186 244 -11
186 244 -10
186 244 -9
186 244 -8
186 244 -7
186 244 -6
186 244 -5
186 244 -4
186 244 -3
186 244 -2
186 244 -1
186 245 -16
186 245 -15
186 245 -14
186 245 -13
186 245 -12
186 245 -11
186 245 -7
186 245 -6
186 245 -5
186 245 -4
186 245 -3
186 245 -2
186 245 -1
186 246 -16
186 246 -15
186 246 -14
186 246 -13
186 246 -12
186 246 -11
186 246 -10
186 246 -9
186 246 -7
186 246 -6
186 246 -5
186 246 -4
186 246 -3
186 246 -2
186 246 -1
186 247 -16
186 247 -15
186 247 -14
186 247 -13
186 247 -12
186 247 -11
186 247 -10
186 247 -9
186 247 -8
186 247 -7
186 247 -6
186 247 -5
186 247 -4
186 247 -3
186 247 -2
186 247 -1
186 248 -16
186 248 -15
186 248 -14
186 248 -13
186 248 -12
186 248 -11
186 248 -10
186 248 -9
186 248 -8
186 248 -7
186 248 -5
186 248 -4
186 248 -3
186 248 -2
186 248 -1
186 249 -16
186 249 -15
186 249 -14
186 249 -13
186 249 -10
186 249 -4
186 249 -2
186 250 -16
186 250 -15
186 250 -14
186 250 -13
186 250 -12
186 250 -4
186 251 -15
187 226 -16
187 227 -16
187 227 -15
187 227 -13
187 227 -12
187 227 -11
187 227 -10
187 228 -16
187 228 -15
187 228 -14
187 228 -13
187 228 -12
187 228 -11
187 228 -10
187 228 -9
187 229 -16
187 229 -15
187 229 -14
187 229 -13
187 229 -12
187 229 -11
187 229 -10
187 229 -9
187 229 -8
187 230 -16
187 230 -15
187 230 -14
187 230 -13
187 230 -12
187 230 -11
187 230 -10
187 230 -9
187 230 -8
187 230 -7
187 231 -16
187 231 -15
187 231 -14
187 231 -13
187 231 -12
187 231 -11
187 231 -10
187 231 -9
187 231 -8
187 231 -7
187 231 -6
187 231 -3
187 232 -16
187 232 -15
187 232 -14
187 232 -13
187 232 -12
187 232 -11
187 232 -10
187 232 -9
187 232 -8
187 232 -7
187 232 -6
187 232 -5
187 232 -4
187 232 -3
187 232 -2
187 233 -16
187 233 -15
187 233 -14
187 233 -13
187 233 -12
187 233 -11
187 233 -10
187 233 -9
187 233 -8
187 233 -7
187 233 -6
187 233 -5
187 233 -4
187 233 -3
187 233 -2
187 234 -16
187 234 -15
187 234 -14
187 234 -13
187 234 -12
187 234 -11
187 234 -10
187 234 -9
187 234 -8
187 234 -7
187 234 -6
187 234 -5
187 234 -4
187 234 -3
187 234 -2
187 234 -1
187 235 -16
187 235 -15
187 235 -14
187 235 -13
187 235 -12
187 235 -11
187 235 -10
187 235 -9
187 235 -8
187 235 -7
187 235 -6
187 235 -5
187 235 -4
187 235 -3
187 235 -2
187 235 -1
187 236 -16
187 236 -15
187 236 -14
187 236 -13
187 236 -12
187 236 -11
187 236 -10
187 236 -9
187 236 -8
187 236 -7
187 236 -6
187 236 -5
187 236 -4
187 236 -3
187 236 -2
187 236 -1
187 237 -16
187 237 -15
187 237 -14
187 237 -13
187 237 -12
187 237 -11
187 237 -10
187 237 -9
187 237 -8
187 237 -7
187 237 -6
187 237 -5
187 237 -4
187 237 -3
187 237 -2
187 237 -1
187 238 -16
187 238 -15
187 238 -14
187 238 -13
187 238 -12
187 238 -11
187 238 -10
187 238 -9
187 238 -8
187 238 -7
187 238 -6
187 238 -5
187 238 -4
187 238 -3
187 238 -2
187 238 -1
187 239 -16
187 239 -15
187 239 -14
187 239 -13
187 239 -12
187 239 -11
187 239 -10
187 239 -9
187 239 -8
187 239 -7
187 239 -6
187 239 -5
187 239 -4
187 239 -3
187 239 -2
187 239 -1
187 240 -16
187 240 -15
187 240 -14
187 240 -13
187 240 -12
187 240 -11
187 240 -10
187 240 -9
187 240 -8
187 240 -7
187 240 -6
187 240 -5
187 240 -4
187 240 -3
187 240 -2
187 240 -1
187 241 -16
187 241 -15
187 241 -14
187 241 -13
187 241 -12
187 241 -11
187 241 -10
187 241 -9
187 241 -8
187 241 -7
187 241 -6
187 241 -5
187 241 -4
187 241 -3
187 241 -2
187 241 -1
187 242 -16
187 242 -15
187 242 -14
187 242 -13
187 242 -12
187 242 -11
187 242 -9
187 242 -8
187 242 -7
187 242 -6
187 242 -5
187 242 -4
187 242 -3
187 242 -2
187 242 -1
187 243 -16
187 243 -15
187 243 -14
187 243 -13
187 243 -12
187 243 -11
187 243 -10
187 243 -8
187 243 -7
187 243 -6
187 243 -5
187 243 -4
187 243 -3
187 243 -2
187 243 -1
187 244 -16
187 244 -15
187 244 -14
187 244 -13
187 244 -12
187 244 -11
187 244 -8
187 244 -7
187 244 -6
187 244 -5
187 244 -4
187 244 -3
187 244 -2
187 244 -1
187 245 -16
187 245 -15
187 245 -14
187 245 -13
187 245 -12
187 245 -11
187 245 -10
187 245 -9
187 245 -7
187 245 -6
187 245 -5
187 245 -4
187 245 -3
187 245 -2
187 245 -1
187 246 -16
187 246 -15
187 246 -14
187 246 -13
187 246 -12
187 246 -11
187 246 -10
187 246 -7
187 246 -6
187 246 -5
187 246 -4
187 246 -3
187 246 -2
187 246 -1
187 247 -16
187 247 -15
187 247 -14
187 247 -13
187 247 -12
187 247 -11
187 247 -10
187 247 -9
187 247 -6
187 247 -5
187 247 -4
187 247 -3
187 247 -2
187 247 -1
187 248 -16
187 248 -15
187 248 -14
187 248 -13
187 248 -12
187 248 -11
187 248 -7
187 248 -6
187 248 -5
187 248 -4
187 248 -3
187 248 -2
187 248 -1
187 249 -16
187 249 -15
187 249 -14
187 249 -13
187 249 -11
187 249 -2
187 250 -16
187 250 -15
187 250 -14
187 250 -13
187 250 -11
187 251 -14
188 226 -16
188 226 -15
188 226 -14
188 227 -16
188 227 -15
188 227 -14
188 227 -13
188 227 -11
188 227 -10
188 227 -9
188 228 -16
188 228 -15
188 228 -14
188 228 -12
188 228 -11
188 228 -10
188 228 -7
188 229 -16
188 229 -15
188 229 -14
188 229 -13
188 229 -12
188 229 -11
188 229 -10
188 229 -9
188 229 -8
188 229 -7
188 230 -16
188 230 -15
188 230 -14
188 230 -13
188 230 -12
188 230 -11
188 230 -10
188 230 -9
188 230 -8
188 230 -7
188 230 -6
188 230 -5
188 230 -3
188 230 -2
188 231 -16
188 231 -15
188 231 -14
188 231 -13
188 231 -12
188 231 -11
188 231 -10
188 231 -9
188 231 -8
188 231 -7
188 231 -6
188 231 -3
188 231 -2
188 231 -1
188 232 -16
188 232 -15
188 232 -14
188 232 -13
188 232 -12
188 232 -11
188 232 -10
188 232 -9
188 232 -8
188 232 -7
188 232 -6
188 232 -5
188 232 -4
188 232 -3
188 232 -2
188 232 -1
188 233 -16
188 233 -15
188 233 -14
188 233 -13
188 233 -12
188 233 -11
188 233 -10
188 233 -9
188 233 -8
188 233 -7
188 233 -6
188 233 -5
188 233 -4
188 233 -3
188 233 -2
188 233 -1
188 234 -16
188 234 -15
188 234 -14
188 234 -13
188 234 -12
188 234 -11
188 234 -10
188 234 -9
188 234 -8
188 234 -7
188 234 -6
188 234 -5
188 234 -4
188 234 -3
188 234 -2
188 234 -1
188 235 -16
188 235 -15
188 235 -14
188 235 -13
188 235 -12
188 235 -11
188 235 -10
188 235 -9
188 235 -8
188 235 -7
188 235 -6
188 235 -5
188 235 -4
188 235 -3
188 235 -1
188 236 -16
188 236 -15
188 236 -14
188 236 -13
188 236 -12
188 236 -11
188 236 -10
188 236 -9
188 236 -8
188 236 -7
188 236 -6
188 236 -5
188 236 -4
188 236 -3
188 236 -2
188 236 -1
188 237 -16
188 237 -15
188 237 -14
188 237 -13
188 237 -12
188 237 -11
188 237 -10
188 237 -9
188 237 -8
188 237 -7
188 237 -6
188 237 -5
188 237 -4
188 237 -3
188 237 -2
188 237 -1
188 238 -16
188 238 -15
188 238 -14
188 238 -13
188 238 -12
188 238 -11
188 238 -10
188 238 -9
188 238 -8
188 238 -7
188 238 -6
188 238 -5
188 238 -4
188 238 -3
188 238 -2
188 238 -1
188 239 -16
188 239 -15
188 239 -14
188 239 -13
188 239 -12
188 239 -11
188 239 -10
188 239 -9
188 239 -8
188 239 -7
188 239 -6
188 239 -5
188 239 -4
188 239 -3
188 239 -2
188 239 -1
188 240 -16
188 240 -15
188 240 -14
188 240 -13
188 240 -12
188 240 -11
188 240 -10
188 240 -9
188 240 -8
188 240 -7
188 240 -6
188 240 -5
188 240 -4
188 240 -3
188 240 -2
188 240 -1
188 241 -16
188 241 -15
188 241 -14
188 241 -13
188 241 -12
188 241 -11
188 241 -10
188 241 -9
188 241 -8
188 241 -7
188 241 -6
188 241 -5
188 241 -4
188 241 -3
188 241 -2
188 241 -1
188 242 -16
188 242 -15
188 242 -14
188 242 -13
188 242 -12
188 242 -11
188 242 -10
188 242 -9
188 242 -8
188 242 -7
188 242 -6
188 242 -5
188 242 -4
188 242 -3
188 242 -2
188 242 -1
188 243 -16
188 243 -15
188 243 -14
188 243 -13
188 243 -12
188 243 -11
188 243 -10
188 243 -9
188 243 -8
188 243 -7
188 243 -6
188 243 -5
188 243 -4
188 243 -3
188 243 -2
188 243 -1
188 244 -16
188 244 -15
188 244 -14
188 244 -13
188 244 -12
188 244 -10
188 244 -9
188 244 -8
188 244 -7
188 244 -6
188 244 -5
188 244 -4
188 244 -3
188 244 -2
188 244 -1
188 245 -16
188 245 -15
188 245 -14
188 245 -13
188 245 -12
188 245 -11
188 245 -10
188 245 -9
188 245 -8
188 245 -7
188 245 -6
188 245 -5
188 245 -4
188 245 -3
188 245 -2
188 245 -1
188 246 -16
188 246 -15
188 246 -14
188 246 -13
188 246 -12
188 246 -11
188 246 -10
188 246 -9
188 246 -8
188 246 -7
188 246 -6
188 246 -5
188 246 -4
188 246 -3
188 246 -2
188 246 -1
188 247 -16
188 247 -15
188 247 -14
188 247 -13
188 247 -12
188 247 -11
188 247 -10
188 247 -9
188 247 -6
188 247 -5
188 247 -3
188 247 -2
188 248 -16
188 248 -15
188 248 -14
188 248 -13
188 248 -12
188 248 -11
188 248 -10
188 248 -9
188 248 -5
188 248 -3
188 248 -2
188 249 -16
188 249 -15
188 249 -14
188 249 -13
188 249 -12
188 249 -5
188 250 -16
188 250 -15
188 250 -14
188 250 -13
188 251 -16
188 251 -14
188 252 -16
189 226 -15
189 227 -15
189 227 -14
189 227 -13
189 227 -12
189 227 -11
189 227 -10
189 227 -8
189 228 -16
189 228 -15
189 228 -14
189 228 -13
189 228 -12
189 228 -11
189 228 -10
189 228 -9
189 228 -8
189 229 -16
189 229 -15
189 229 -14
189 229 -13
189 229 -12
189 229 -11
189 229 -10
189 229 -9
189 229 -8
189 229 -7
189 229 -6
189 229 -3
189 229 -2
189 230 -16
189 230 -15
189 230 -14
189 230 -13
189 230 -12
189 230 -11
189 230 -10
189 230 -9
189 230 -8
189 230 -7
189 230 -6
189 230 -5
189 230 -4
189 230 -3
189 230 -2
189 231 -16
189 231 -15
189 231 -14
189 231 -13
189 231 -12
189 231 -11
189 231 -10
189 231 -9
189 231 -8
189 231 -7
189 231 -6
189 231 -5
189 231 -4
189 231 -3
189 232 -16
189 232 -15
189 232 -14
189 232 -13
189 232 -12
189 232 -11
189 232 -10
189 232 -9
189 232 -8
189 232 -7
189 232 -6
189 232 -5
189 232 -4
189 232 -3
189 232 -2
189 233 -16
189 233 -15
189 233 -14
189 233 -13
189 233 -12
189 233 -11
189 233 -10
189 233 -9
189 233 -8
189 233 -7
189 233 -6
189 233 -5
189 233 -4
189 233 -3
189 233 -2
189 233 -1
189 234 -16
189 234 -15
189 234 -14
189 234 -13
189 234 -12
189 234 -11
189 234 -10
189 234 -9
189 234 -8
189 234 -7
189 234 -6
189 234 -5
189 234 -4
189 234 -3
189 234 -2
189 234 -1
189 235 -16
189 235 -15
189 235 -14
189 235 -13
189 235 -12
189 235 -11
189 235 -10
189 235 -9
189 235 -8
189 235 -7
189 235 -6
189 235 -5
189 235 -4
189 235 -3
189 235 -2
189 235 -1
189 236 -16
189 236 -15
189 236 -14
189 236 -13
189 236 -12
189 236 -11
189 236 -10
189 236 -9
189 236 -8
189 236 -7
189 236 -6
189 236 -5
189 236 -4
189 236 -3
189 236 -2
189 236 -1
189 237 -16
189 237 -15
189 237 -14
189 237 -13
189 237 -12
189 237 -11
189 237 -10
189 237 -9
189 237 -8
189 237 -7
189 237 -6
189 237 -5
189 237 -4
189 237 -3
189 237 -2
189 237 -1
189 238 -16
189 238 -15
189 238 -14
189 238 -13
189 238 -12
189 238 -11
189 238 -10
189 238 -9
189 238 -8
189 238 -7
189 238 -6
189 238 -5
189 238 -4
189 238 -3
189 238 -2
189 238 -1
189 239 -16
189 239 -15
189 239 -14
189 239 -13
189 239 -12
189 239 -11
189 239 -10
189 239 -9
189 239 -8
189 239 -7
189 239 -6
189 239 -5
189 239 -4
189 239 -3
189 239 -2
189 239 -1
189 240 -16
189 240 -15
189 240 -14
189 240 -13
189 240 -12
189 240 -11
189 240 -10
189 240 -9
189 240 -8
189 240 -7
189 240 -6
189 240 -5
189 240 -4
189 240 -3
189 240 -2
189 240 -1
189 241 -16
189 241 -15
189 241 -14
189 241 -13
189 241 -12
189 241 -11
189 241 -10
189 241 -9
189 241 -8
189 241 -7
189 241 -6
189 241 -5
189 241 -4
189 241 -3
189 241 -2
189 241 -1
189 242 -15
189 242 -14
189 242 -13
189 242 -12
189 242 -11
189 242 -10
189 242 -9
189 242 -8
189 242 -7
189 242 -6
189 242 -5
189 242 -4
189 242 -3
189 242 -2
189 242 -1
189 243 -16
189 243 -15
189 243 -14
189 243 -13
189 243 -12
189 243 -11
189 243 -10
189 243 -9
189 243 -8
189 243 -7
189 243 -6
189 243 -5
189 243 -4
189 243 -3
189 243 -2
189 243 -1
189 244 -16
189 244 -15
189 244 -14
189 244 -13
189 244 -12
189 244 -11
189 244 -10
189 244 -9
189 244 -8
189 244 -7
189 244 -6
189 244 -5
189 244 -4
189 244 -3
189 244 -2
189 244 -1
189 245 -16
189 245 -15
189 245 -14
189 245 -13
189 245 -12
189 245 -11
189 245 -10
189 245 -9
189 245 -8
189 245 -5
189 245 -4
189 245 -3
189 245 -2
189 245 -1
189 246 -16
189 246 -15
189 246 -14
189 246 -13
189 246 -12
189 246 -11
189 246 -10
189 246 -8
189 246 -6
189 246 -5
189 246 -4
189 246 -3
189 246 -1
189 247 -16
189 247 -15
189 247 -14
189 247 -13
189 247 -12
189 247 -11
189 247 -10
189 247 -9
189 247 -8
189 247 -7
189 247 -6
189 247 -5
189 247 -4
189 247 -3
189 247 -2
189 247 -1
189 248 -16
189 248 -15
189 248 -14
189 248 -13
189 248 -12
189 248 -10
189 248 -8
189 248 -5
189 248 -3
189 249 -16
189 249 -15
189 249 -14
189 249 -13
189 249 -12
189 249 -11
189 250 -16
189 250 -15
189 250 -14
189 250 -13
189 251 -16
189 251 -14
189 251 -13
189 251 -12
189 252 -14
190 226 -12
190 226 -11
190 227 -16
190 227 -15
190 227 -14
190 227 -13
190 227 -12
190 227 -11
190 227 -9
190 228 -16
190 228 -15
190 228 -14
190 228 -13
190 228 -12
190 228 -11
190 228 -10
190 228 -9
190 228 -8
190 228 -7
190 229 -16
190 229 -15
190 229 -14
190 229 -13
190 229 -12
190 229 -11
190 229 -10
190 229 -9
190 229 -8
190 229 -7
190 230 -16
190 230 -15
190 230 -14
190 230 -13
190 230 -12
190 230 -11
190 230 -10
190 230 -9
190 230 -8
190 230 -7
190 230 -6
190 230 -3
190 230 -2
190 231 -16
190 231 -15
190 231 -14
190 231 -13
190 231 -12
190 231 -11
190 231 -10
190 231 -9
190 231 -8
190 231 -7
190 231 -6
190 231 -5
190 231 -4
190 231 -3
190 231 -2
190 232 -16
190 232 -15
190 232 -14
190 232 -13
190 232 -12
190 232 -11
190 232 -9
190 232 -8
190 232 -7
190 232 -6
190 232 -5
190 232 -4
190 232 -3
190 232 -2
190 233 -16
190 233 -15
190 233 -14
190 233 -13
190 233 -12
190 233 -11
190 233 -10
190 233 -9
190 233 -8
190 233 -7
190 233 -6
190 233 -5
190 233 -4
190 233 -3
190 233 -2
190 233 -1
190 234 -16
190 234 -15
190 234 -14
190 234 -13
190 234 -12
190 234 -11
190 234 -10
190 234 -9
190 234 -8
190 234 -7
190 234 -6
190 234 -5
190 234 -4
190 234 -3
190 234 -2
190 234 -1
190 235 -16
190 235 -15
190 235 -14
190 235 -13
190 235 -12
190 235 -11
190 235 -10
190 235 -9
190 235 -8
190 235 -7
190 235 -6
190 235 -5
190 235 -4
190 235 -3
190 235 -2
190 235 -1
190 236 -16
190 236 -15
190 236 -14
190 236 -13
190 236 -12
190 236 -11
190 236 -10
190 236 -9
190 236 -8
190 236 -7
190 236 -6
190 236 -5
190 236 -4
190 236 -3
190 236 -2
190 236 -1
190 237 -16
190 237 -15
190 237 -14
190 237 -13
190 237 -12
190 237 -11
190 237 -10
190 237 -9
190 237 -8
190 237 -7
190 237 -6
190 237 -5
190 237 -4
190 237 -3
190 237 -2
190 237 -1
190 238 -16
190 238 -15
190 238 -14
190 238 -13
190 238 -12
190 238 -11
190 238 -10
190 238 -9
190 238 -8
190 238 -7
190 238 -6
190 238 -5
190 238 -4
190 238 -3
190 238 -2
190 238 -1
190 239 -16
190 239 -15
190 239 -14
190 239 -13
190 239 -12
190 239 -11
190 239 -10
190 239 -9
190 239 -8
190 239 -7
190 239 -6
190 239 -5
190 239 -4
190 239 -3
190 239 -2
190 239 -1
190 240 -16
190 240 -15
190 240 -14
190 240 -13
190 240 -12
190 240 -11
190 240 -10
190 240 -9
190 240 -8
190 240 -7
190 240 -6
190 240 -5
190 240 -4
190 240 -3
190 240 -2
190 240 -1
190 241 -16
190 241 -15
190 241 -14
190 241 -13
190 241 -12
190 241 -11
190 241 -10
190 241 -9
190 241 -8
190 241 -7
190 241 -6
190 241 -5
190 241 -4
190 241 -3
190 241 -2
190 241 -1
190 242 -16
190 242 -15
190 242 -14
190 242 -13
190 242 -12
190 242 -11
190 242 -10
190 242 -9
190 242 -8
190 242 -7
190 242 -6
190 242 -5
190 242 -4
190 242 -3
190 242 -2
190 242 -1
190 243 -16
190 243 -15
190 243 -14
190 243 -13
190 243 -12
190 243 -10
190 243 -9
190 243 -8
190 243 -7
190 243 -6
190 243 -5
190 243 -4
190 243 -3
190 243 -2
190 243 -1
190 244 -16
190 244 -15
190 244 -14
190 244 -13
190 244 -12
190 244 -11
190 244 -10
190 244 -9
190 244 -8
190 244 -7
190 244 -6
190 244 -5
190 244 -4
190 244 -3
190 244 -2
190 244 -1
190 245 -16
190 245 -15
190 245 -14
190 245 -13
190 245 -12
190 245 -11
190 245 -10
190 245 -9
190 245 -8
190 245 -7
190 245 -6
190 245 -5
190 245 -4
190 245 -3
190 245 -2
190 245 -1
190 246 -16
190 246 -15
190 246 -14
190 246 -13
190 246 -12
190 246 -11
190 246 -10
190 246 -9
190 246 -8
190 246 -6
190 246 -5
190 246 -4
190 246 -3
190 246 -2
190 247 -16
190 247 -15
190 247 -14
190 247 -13
190 247 -12
190 247 -11
190 247 -10
190 247 -9
190 247 -8
190 247 -7
190 247 -6
190 247 -5
190 247 -4
190 247 -3
190 247 -1
190 248 -16
190 248 -15
190 248 -14
190 248 -13
190 248 -12
190 248 -11
190 248 -10
190 248 -9
190 248 -8
190 248 -7
190 248 -5
190 248 -4
190 248 -3
190 249 -16
190 249 -15
190 249 -14
190 249 -13
190 249 -10
190 249 -9
190 249 -8
190 249 -4
190 250 -15
190 250 -14
190 250 -13
190 250 -12
190 251 -15
190 251 -13
190 251 -12
190 251 -11
190 252 -13
190 252 -12
191 226 -11
191 227 -11
191 227 -10
191 228 -16
191 228 -15
191 228 -12
191 228 -10
191 228 -9
191 228 -8
191 228 -7
191 229 -16
191 229 -15
191 229 -14
191 229 -13
191 229 -12
191 229 -11
191 229 -10
191 229 -9
191 229 -8
191 229 -7
191 229 -2
191 230 -15
191 230 -14
191 230 -13
191 230 -12
191 230 -11
191 230 -10
191 230 -9
191 230 -8
191 230 -7
191 230 -6
191 230 -5
191 230 -2
191 230 -1
191 231 -16
191 231 -15
191 231 -14
191 231 -13
191 231 -12
191 231 -11
191 231 -10
191 231 -9
191 231 -8
191 231 -7
191 231 -6
191 231 -4
191 231 -3
191 231 -2
191 231 -1
191 232 -16
191 232 -15
191 232 -14
191 232 -13
191 232 -12
191 232 -11
191 232 -10
191 232 -9
191 232 -8
191 232 -6
191 232 -5
191 232 -4
191 232 -3
191 232 -2
191 233 -16
191 233 -15
191 233 -14
191 233 -13
191 233 -12
191 233 -11
191 233 -10
191 233 -9
191 233 -8
191 233 -7
191 233 -6
191 233 -5
191 233 -4
191 233 -3
191 233 -2
191 233 -1
191 234 -16
191 234 -15
191 234 -14
191 234 -13
191 234 -12
191 234 -11
191 234 -10
191 234 -9
191 234 -8
191 234 -7
191 234 -6
191 234 -5
191 234 -4
191 234 -3
191 234 -2
191 234 -1
191 235 -16
191 235 -15
191 235 -14
191 235 -13
191 235 -12
191 235 -11
191 235 -10
191 235 -9
191 235 -8
191 235 -7
191 235 -6
191 235 -5
191 235 -4
191 235 -3
191 235 -2
191 235 -1
191 236 -16
191 236 -15
191 236 -14
191 236 -13
191 236 -12
191 236 -11
191 236 -10
191 236 -9
191 236 -8
191 236 -7
191 236 -6
191 236 -5
191 236 -4
191 236 -3
191 236 -2
191 236 -1
191 237 -16
191 237 -15
191 237 -14
191 237 -13
191 237 -12
191 237 -11
191 237 -10
191 237 -9
191 237 -8
191 237 -7
191 237 -6
191 237 -5
191 237 -4
191 237 -3
191 237 -2
191 237 -1
191 238 -16
191 238 -15
191 238 -14
191 238 -13
191 238 -12
191 238 -11
191 238 -10
191 238 -9
191 238 -8
191 238 -7
191 238 -6
191 238 -5
191 238 -4
191 238 -3
191 238 -2
191 238 -1
191 239 -16
191 239 -15
191 239 -14
191 239 -13
191 239 -12
191 239 -11
191 239 -10
191 239 -9
191 239 -8
191 239 -7
191 239 -6
191 239 -5
191 239 -4
191 239 -3
191 239 -2
191 239 -1
191 240 -16
191 240 -15
191 240 -14
191 240 -13
191 240 -12
191 240 -11
191 240 -10
191 240 -9
191 240 -8
191 240 -7
191 240 -6
191 240 -5
191 240 -4
191 240 -3
191 240 -2
191 240 -1
191 241 -16
191 241 -15
191 241 -14
191 241 -13
191 241 -12
191 241 -11
191 241 -10
191 241 -9
191 241 -8
191 241 -7
191 241 -6
191 241 -5
191 241 -4
191 241 -3
191 241 -2
191 241 -1
191 242 -16
191 242 -15
191 242 -14
191 242 -13
191 242 -12
191 242 -11
191 242 -9
191 242 -8
191 242 -7
191 242 -6
191 242 -5
191 242 -4
191 242 -3
191 242 -2
191 242 -1
191 243 -16
191 243 -15
191 243 -14
191 243 -13
191 243 -12
191 243 -11
191 243 -9
191 243 -8
191 243 -7
191 243 -6
191 243 -5
191 243 -4
191 243 -3
191 243 -2
191 244 -15
191 244 -14
191 244 -13
191 244 -12
191 244 -11
191 244 -10
191 244 -9
191 244 -8
191 244 -7
191 244 -6
191 244 -5
191 244 -4
191 244 -3
191 244 -2
191 245 -16
191 245 -15
191 245 -14
191 245 -13
191 245 -12
191 245 -11
191 245 -10
191 245 -9
191 245 -8
191 245 -7
191 245 -6
191 245 -5
191 245 -4
191 245 -3
191 245 -2
191 245 -1
191 246 -16
191 246 -15
191 246 -14
191 246 -13
191 246 -12
191 246 -11
191 246 -10
191 246 -9
191 246 -8
191 246 -7
191 246 -6
191 246 -5
191 246 -4
191 246 -3
191 247 -16
191 247 -15
191 247 -14
191 247 -13
191 247 -12
191 247 -11
191 247 -10
191 247 -9
191 247 -8
191 247 -7
191 247 -6
191 247 -5
191 247 -4
191 247 -3
191 248 -16
191 248 -15
191 248 -14
191 248 -13
191 248 -12
191 248 -11
191 248 -10
191 248 -9
191 248 -8
191 248 -7
191 248 -6
191 249 -16
191 249 -15
191 249 -14
191 249 -13
191 249 -12
191 249 -11
191 249 -10
191 249 -9
191 249 -7
191 249 -6
191 250 -15
191 250 -14
191 250 -13
191 250 -12
191 250 -11
191 250 -10
191 250 -9
191 250 -8
191 251 -14
191 251 -13
191 251 -12
191 251 -11
191 251 -10
191 251 -9
191 252 -10

