alfheim:altWood1
12
-125 232 97
-124 231 96
-124 231 97
-124 232 97
-124 233 99
-123 231 97
-115 229 96
-115 229 97
-115 229 98
-115 230 96
-115 230 97
-115 230 98
-115 231 98
-114 227 97
-114 227 105
-114 228 96
-114 228 97
-114 228 98
-114 229 97
-114 229 98
-114 229 99
-114 230 97
-114 230 98
-114 230 99
-114 231 99
-113 226 104
-113 226 105
-113 227 106
-113 228 96
-113 228 97
-113 229 96
-113 229 97
-113 229 98
-113 230 97
-113 230 98
-113 230 99
-113 231 98
alfheim:altLeaves
6
-126 224 100
-126 224 101
-125 224 98
-125 224 99
-125 224 101
-125 224 102
-124 223 99
-124 224 96
-124 224 97
-124 224 98
-124 224 99
-124 224 100
-124 224 101
-123 222 101
-123 223 96
-123 223 98
-123 223 99
-123 223 100
-123 223 101
-123 223 102
-123 224 96
-123 224 97
-123 224 98
-123 224 100
-123 224 101
-122 218 103
-122 221 100
-122 221 102
-122 222 100
-122 223 97
-122 223 98
-122 223 99
-122 223 100
-122 224 97
-122 224 98
-122 224 99
-122 224 100
-122 224 101
-122 224 102
-121 217 102
-121 217 103
-121 218 101
-121 218 102
-121 218 103
-121 218 104
-121 219 101
-121 219 103
-121 220 101
-121 220 102
-121 221 101
-121 221 102
-121 222 99
-121 222 100
-121 222 101
-121 222 102
-121 222 103
-121 222 104
-121 223 99
-121 223 100
-121 223 104
-121 223 105
-121 224 97
-121 224 98
-121 224 99
-121 224 100
-121 224 101
-121 224 104
-121 224 105
-121 224 106
-120 217 100
-120 217 102
-120 217 104
-120 218 100
-120 218 101
-120 218 102
-120 218 103
-120 218 104
-120 218 105
-120 219 101
-120 219 102
-120 219 103
-120 219 104
-120 220 100
-120 220 101
-120 220 102
-120 220 103
-120 221 100
-120 221 101
-120 221 102
-120 221 103
-120 222 100
-120 222 101
-120 222 102
-120 222 103
-120 222 104
-120 222 105
-120 223 97
-120 223 98
-120 223 99
-120 223 101
-120 223 102
-120 223 103
-120 223 104
-120 223 105
-120 224 97
-120 224 98
-120 224 100
-120 224 101
-120 224 102
-120 224 103
-120 224 104
-120 224 105
-119 215 102
-119 216 100
-119 216 102
-119 216 104
-119 217 100
-119 217 101
-119 217 102
-119 217 103
-119 217 104
-119 218 99
-119 218 100
-119 218 101
-119 218 102
-119 218 103
-119 218 104
-119 218 105
-119 219 100
-119 219 101
-119 219 102
-119 219 103
-119 219 104
-119 220 100
-119 220 101
-119 220 102
-119 220 103
-119 220 104
-119 221 100
-119 221 101
-119 221 102
-119 221 103
-119 221 105
-119 222 100
-119 222 101
-119 222 102
-119 222 103
-119 222 105
-119 222 106
-119 223 101
-119 223 102
-119 223 103
-119 223 104
-119 223 105
-119 224 97
-119 224 98
-119 224 99
-119 224 100
-119 224 102
-119 224 103
-119 224 104
-119 224 105
-119 224 106
-119 224 107
-119 224 111
-118 215 103
-118 216 101
-118 216 102
-118 216 103
-118 217 100
-118 217 102
-118 217 103
-118 217 104
-118 218 99
-118 218 100
-118 218 101
-118 218 102
-118 218 103
-118 218 104
-118 218 105
-118 219 99
-118 219 100
-118 219 101
-118 219 102
-118 219 103
-118 219 104
-118 220 100
-118 220 101
-118 220 102
-118 220 103
-118 220 104
-118 220 105
-118 221 98
-118 221 99
-118 221 100
-118 221 101
-118 221 102
-118 221 103
-118 221 104
-118 221 105
-118 221 106
-118 222 99
-118 222 100
-118 222 101
-118 222 102
-118 222 103
-118 222 104
-118 222 105
-118 222 106
-118 222 107
-118 223 100
-118 223 102
-118 223 103
-118 223 104
-118 223 105
-118 223 106
-118 224 97
-118 224 98
-118 224 99
-118 224 100
-118 224 101
-118 224 102
-118 224 103
-118 224 104
-118 224 105
-118 224 106
-118 224 111
-117 216 103
-117 217 101
-117 218 100
-117 218 101
-117 218 102
-117 218 104
-117 219 99
-117 219 100
-117 219 101
-117 219 102
-117 220 101
-117 220 102
-117 220 103
-117 221 99
-117 221 100
-117 221 101
-117 221 102
-117 221 103
-117 221 104
-117 221 105
-117 222 99
-117 222 100
-117 222 101
-117 222 102
-117 222 103
-117 222 104
-117 222 105
-117 222 106
-117 223 100
-117 223 101
-117 223 102
-117 223 103
-117 223 104
-117 223 105
-117 224 97
-117 224 100
-117 224 102
-117 224 103
-117 224 104
-117 224 105
-117 224 106
-117 224 111
-116 216 101
-116 217 101
-116 217 102
-116 218 101
-116 219 100
-116 219 101
-116 219 102
-116 220 101
-116 220 102
-116 221 100
-116 221 101
-116 221 102
-116 221 103
-116 221 104
-116 222 101
-116 222 102
-116 222 103
-116 222 104
-116 222 105
-116 223 101
-116 223 102
-116 223 103
-116 223 104
-116 223 105
-116 223 106
-116 223 107
-116 224 99
-116 224 102
-116 224 103
-116 224 104
-116 224 105
-115 217 101
-115 219 102
-115 222 101
-115 222 102
-115 222 103
-115 222 104
-115 222 105
-115 223 102
-115 223 103
-115 223 106
-115 224 103
-115 224 104
-115 224 105
-114 222 104
-114 223 103
-128 228 104
-128 228 105
-128 229 103
-128 229 104
-128 229 105
-128 229 106
-128 230 101
-128 230 102
-128 230 103
-128 230 104
-128 230 105
-128 230 106
-128 230 107
-128 231 102
-128 231 103
-128 231 104
-128 231 105
-128 231 106
-128 231 107
-128 231 108
-128 231 110
-128 231 111
-128 232 100
-128 232 101
-128 232 102
-128 232 103
-128 232 104
-128 232 105
-128 232 106
-128 232 107
-128 232 108
-128 232 109
-128 232 110
-128 232 111
-128 233 98
-128 233 99
-128 233 100
-128 233 101
-128 233 102
-128 233 103
-128 233 104
-128 233 105
-128 233 106
-128 233 107
-128 233 108
-128 233 109
-128 233 110
-128 233 111
-128 234 96
-128 234 97
-128 234 98
-128 234 100
-128 234 101
-128 234 102
-128 234 103
-128 234 104
-128 234 105
-128 234 106
-128 234 107
-128 234 108
-128 234 109
-128 234 110
-128 234 111
-128 235 96
-128 235 97
-128 235 98
-128 235 99
-128 235 100
-128 235 101
-128 235 102
-128 235 103
-128 235 104
-128 235 105
-128 235 106
-128 235 107
-128 235 108
-128 235 109
-128 235 110
-128 235 111
-128 236 96
-128 236 97
-128 236 98
-128 236 100
-128 236 101
-128 236 102
-128 236 103
-128 236 104
-128 236 105
-128 236 106
-128 236 107
-128 236 108
-128 236 109
-128 236 110
-128 236 111
-128 237 96
-128 237 97
-128 237 99
-128 237 101
-128 237 102
-128 237 103
-128 237 104
-128 237 105
-128 237 106
-128 237 107
-128 237 108
-128 237 109
-128 237 110
-128 237 111
-128 238 96
-128 238 97
-128 238 98
-128 238 99
-128 238 102
-128 238 103
-128 238 104
-128 238 105
-128 238 106
-128 238 107
-128 238 108
-128 238 109
-128 238 110
-128 238 111
-128 239 96
-128 239 98
-128 239 102
-128 239 103
-128 239 104
-128 239 105
-128 239 106
-128 239 107
-128 239 108
-128 239 109
-128 239 110
-128 239 111
-128 240 97
-128 240 101
-128 240 102
-128 240 103
-128 240 104
-128 240 105
-128 240 106
-128 240 107
-128 240 108
-128 240 109
-128 240 110
-128 240 111
-128 241 96
-128 241 97
-128 241 98
-128 241 102
-128 241 103
-128 241 104
-128 241 105
-128 241 106
-128 241 107
-128 241 108
-128 241 109
-128 241 110
-128 241 111
-128 242 101
-128 242 102
-128 242 103
-128 242 105
-128 242 107
-128 242 108
-128 242 109
-128 242 110
-128 242 111
-128 243 103
-128 243 104
-128 243 105
-128 243 106
-128 243 107
-128 243 108
-128 243 109
-128 243 110
-128 243 111
-128 244 104
-128 244 105
-128 244 106
-128 244 107
-128 244 108
-128 244 109
-128 244 110
-128 244 111
-128 245 106
-128 245 107
-128 245 108
-128 245 109
-128 245 110
-128 246 105
-128 246 106
-128 246 109
-128 247 106
-127 225 100
-127 225 101
-127 226 100
-127 228 99
-127 228 103
-127 228 104
-127 228 105
-127 228 106
-127 229 104
-127 229 105
-127 229 106
-127 229 107
-127 230 101
-127 230 102
-127 230 103
-127 230 104
-127 230 105
-127 230 106
-127 230 107
-127 230 108
-127 231 102
-127 231 103
-127 231 104
-127 231 105
-127 231 106
-127 231 107
-127 231 108
-127 231 111
-127 232 99
-127 232 100
-127 232 101
-127 232 102
-127 232 103
-127 232 104
-127 232 105
-127 232 106
-127 232 107
-127 232 108
-127 232 109
-127 232 110
-127 232 111
-127 233 96
-127 233 97
-127 233 100
-127 233 101
-127 233 102
-127 233 103
-127 233 104
-127 233 105
-127 233 106
-127 233 107
-127 233 108
-127 233 109
-127 233 111
-127 234 96
-127 234 97
-127 234 98
-127 234 99
-127 234 100
-127 234 101
-127 234 102
-127 234 103
-127 234 104
-127 234 105
-127 234 106
-127 234 107
-127 234 108
-127 234 109
-127 234 110
-127 234 111
-127 235 96
-127 235 97
-127 235 99
-127 235 100
-127 235 101
-127 235 102
-127 235 103
-127 235 104
-127 235 105
-127 235 106
-127 235 107
-127 235 108
-127 235 109
-127 235 110
-127 235 111
-127 236 96
-127 236 97
-127 236 100
-127 236 101
-127 236 102
-127 236 103
-127 236 104
-127 236 105
-127 236 106
-127 236 107
-127 236 108
-127 236 109
-127 236 110
-127 236 111
-127 237 96
-127 237 97
-127 237 98
-127 237 101
-127 237 102
-127 237 103
-127 237 104
-127 237 105
-127 237 106
-127 237 107
-127 237 108
-127 237 109
-127 237 110
-127 237 111
-127 238 96
-127 238 97
-127 238 98
-127 238 100
-127 238 103
-127 238 104
-127 238 105
-127 238 106
-127 238 107
-127 238 108
-127 238 109
-127 238 110
-127 238 111
-127 239 96
-127 239 97
-127 239 98
-127 239 101
-127 239 102
-127 239 103
-127 239 104
-127 239 105
-127 239 106
-127 239 107
-127 239 108
-127 239 109
-127 239 110
-127 239 111
-127 240 97
-127 240 102
-127 240 104
-127 240 105
-127 240 106
-127 240 107
-127 240 108
-127 240 109
-127 240 110
-127 240 111
-127 241 96
-127 241 103
-127 241 105
-127 241 106
-127 241 107
-127 241 108
-127 241 109
-127 241 110
-127 241 111
-127 242 102
-127 242 103
-127 242 104
-127 242 105
-127 242 106
-127 242 107
-127 242 108
-127 242 109
-127 242 110
-127 242 111
-127 243 104
-127 243 105
-127 243 106
-127 243 107
-127 243 108
-127 243 109
-127 243 110
-127 243 111
-127 244 103
-127 244 104
-127 244 105
-127 244 106
-127 244 107
-127 244 108
-127 244 109
-127 244 110
-127 245 105
-127 245 107
-127 245 108
-127 245 109
-127 246 106
-127 246 107
-126 225 100
-126 225 101
-126 226 98
-126 226 99
-126 226 100
-126 226 101
-126 226 104
-126 227 96
-126 227 97
-126 227 100
-126 227 104
-126 227 106
-126 228 98
-126 228 99
-126 228 100
-126 228 102
-126 228 103
-126 228 104
-126 228 105
-126 228 106
-126 228 107
-126 229 99
-126 229 100
-126 229 103
-126 229 104
-126 229 105
-126 229 106
-126 229 107
-126 230 100
-126 230 101
-126 230 102
-126 230 103
-126 230 104
-126 230 105
-126 230 106
-126 230 107
-126 230 108
-126 231 99
-126 231 100
-126 231 101
-126 231 102
-126 231 103
-126 231 104
-126 231 105
-126 231 106
-126 231 107
-126 231 108
-126 231 109
-126 231 110
-126 231 111
-126 232 98
-126 232 99
-126 232 100
-126 232 101
-126 232 102
-126 232 103
-126 232 104
-126 232 105
-126 232 106
-126 232 107
-126 232 108
-126 232 109
-126 232 110
-126 232 111
-126 233 97
-126 233 98
-126 233 99
-126 233 100
-126 233 101
-126 233 102
-126 233 103
-126 233 104
-126 233 105
-126 233 106
-126 233 107
-126 233 108
-126 233 109
-126 233 110
-126 233 111
-126 234 97
-126 234 98
-126 234 99
-126 234 100
-126 234 101
-126 234 102
-126 234 103
-126 234 104
-126 234 105
-126 234 106
-126 234 107
-126 234 108
-126 234 109
-126 234 110
-126 235 96
-126 235 97
-126 235 98
-126 235 99
-126 235 100
-126 235 101
-126 235 102
-126 235 103
-126 235 104
-126 235 105
-126 235 106
-126 235 107
-126 235 108
-126 235 109
-126 235 110
-126 235 111
-126 236 96
-126 236 97
-126 236 99
-126 236 100
-126 236 101
-126 236 102
-126 236 103
-126 236 104
-126 236 105
-126 236 106
-126 236 107
-126 236 108
-126 236 109
-126 236 110
-126 236 111
-126 237 96
-126 237 97
-126 237 99
-126 237 100
-126 237 101
-126 237 102
-126 237 103
-126 237 104
-126 237 105
-126 237 106
-126 237 107
-126 237 108
-126 237 109
-126 237 110
-126 237 111
-126 238 96
-126 238 97
-126 238 99
-126 238 100
-126 238 102
-126 238 103
-126 238 104
-126 238 105
-126 238 106
-126 238 107
-126 238 108
-126 238 109
-126 238 110
-126 238 111
-126 239 96
-126 239 97
-126 239 98
-126 239 100
-126 239 101
-126 239 102
-126 239 103
-126 239 104
-126 239 105
-126 239 106
-126 239 107
-126 239 108
-126 239 109
-126 239 110
-126 239 111
-126 240 101
-126 240 103
-126 240 104
-126 240 105
-126 240 106
-126 240 107
-126 240 108
-126 240 109
-126 240 110
-126 240 111
-126 241 96
-126 241 103
-126 241 104
-126 241 105
-126 241 106
-126 241 107
-126 241 108
-126 241 109
-126 241 110
-126 241 111
-126 242 104
-126 242 105
-126 242 106
-126 242 107
-126 242 108
-126 242 109
-126 242 110
-126 243 104
-126 243 105
-126 243 106
-126 243 107
-126 243 108
-126 244 105
-126 244 106
-126 244 107
-126 244 108
-126 245 107
-125 225 98
-125 225 99
-125 225 100
-125 225 101
-125 226 98
-125 226 100
-125 226 101
-125 227 96
-125 227 97
-125 227 99
-125 227 100
-125 227 101
-125 227 102
-125 227 104
-125 227 105
-125 227 106
-125 227 107
-125 228 96
-125 228 98
-125 228 99
-125 228 100
-125 228 102
-125 228 103
-125 228 104
-125 228 106
-125 228 107
-125 229 97
-125 229 98
-125 229 99
-125 229 100
-125 229 101
-125 229 102
-125 229 103
-125 229 104
-125 229 105
-125 229 106
-125 229 107
-125 229 109
-125 230 98
-125 230 99
-125 230 100
-125 230 101
-125 230 102
-125 230 103
-125 230 104
-125 230 105
-125 230 106
-125 230 107
-125 230 108
-125 230 109
-125 230 110
-125 230 111
-125 231 99
-125 231 100
-125 231 101
-125 231 102
-125 231 103
-125 231 104
-125 231 105
-125 231 106
-125 231 107
-125 231 108
-125 231 109
-125 231 110
-125 231 111
-125 232 96
-125 232 99
-125 232 100
-125 232 101
-125 232 102
-125 232 103
-125 232 104
-125 232 105
-125 232 106
-125 232 107
-125 232 108
-125 232 109
-125 232 110
-125 232 111
-125 233 96
-125 233 97
-125 233 98
-125 233 99
-125 233 100
-125 233 101
-125 233 102
-125 233 103
-125 233 104
-125 233 105
-125 233 106
-125 233 107
-125 233 108
-125 233 109
-125 233 110
-125 233 111
-125 234 96
-125 234 97
-125 234 98
-125 234 99
-125 234 100
-125 234 101
-125 234 102
-125 234 103
-125 234 104
-125 234 105
-125 234 106
-125 234 107
-125 234 108
-125 234 109
-125 234 110
-125 234 111
-125 235 96
-125 235 97
-125 235 98
-125 235 99
-125 235 100
-125 235 101
-125 235 102
-125 235 103
-125 235 104
-125 235 105
-125 235 106
-125 235 107
-125 235 108
-125 235 109
-125 235 110
-125 235 111
-125 236 96
-125 236 97
-125 236 98
-125 236 99
-125 236 100
-125 236 101
-125 236 102
-125 236 103
-125 236 104
-125 236 105
-125 236 106
-125 236 107
-125 236 108
-125 236 109
-125 236 110
-125 236 111
-125 237 96
-125 237 97
-125 237 98
-125 237 99
-125 237 100
-125 237 101
-125 237 102
-125 237 103
-125 237 104
-125 237 105
-125 237 106
-125 237 107
-125 237 108
-125 237 109
-125 237 110
-125 237 111
-125 238 96
-125 238 97
-125 238 98
-125 238 100
-125 238 101
-125 238 102
-125 238 103
-125 238 104
-125 238 105
-125 238 106
-125 238 107
-125 238 108
-125 238 109
-125 238 110
-125 238 111
-125 239 96
-125 239 97
-125 239 102
-125 239 103
-125 239 104
-125 239 105
-125 239 106
-125 239 107
-125 239 108
-125 239 109
-125 239 111
-125 240 96
-125 240 101
-125 240 102
-125 240 103
-125 240 104
-125 240 105
-125 240 106
-125 240 107
-125 240 108
-125 240 110
-125 240 111
-125 241 96
-125 241 102
-125 241 103
-125 241 104
-125 241 105
-125 241 106
-125 241 107
-125 241 108
-125 241 109
-125 241 110
-125 241 111
-125 242 104
-125 242 105
-125 242 106
-125 242 107
-125 242 108
-125 242 111
-125 243 105
-125 243 106
-125 243 108
-125 244 105
-125 244 106
-125 244 107
-125 244 108
-125 245 106
-124 225 98
-124 225 99
-124 225 100
-124 225 101
-124 225 102
-124 225 103
-124 226 96
-124 226 97
-124 226 98
-124 226 99
-124 226 100
-124 226 101
-124 226 102
-124 226 104
-124 226 105
-124 227 97
-124 227 98
-124 227 99
-124 227 100
-124 227 101
-124 227 102
-124 227 103
-124 227 104
-124 227 105
-124 228 96
-124 228 97
-124 228 98
-124 228 99
-124 228 101
-124 228 102
-124 228 103
-124 228 104
-124 228 105
-124 228 107
-124 228 110
-124 228 111
-124 229 96
-124 229 99
-124 229 100
-124 229 101
-124 229 102
-124 229 103
-124 229 104
-124 229 107
-124 229 108
-124 229 110
-124 229 111
-124 230 98
-124 230 99
-124 230 100
-124 230 101
-124 230 102
-124 230 103
-124 230 104
-124 230 105
-124 230 106
-124 230 108
-124 230 109
-124 230 110
-124 230 111
-124 231 98
-124 231 99
-124 231 100
-124 231 101
-124 231 102
-124 231 103
-124 231 104
-124 231 105
-124 231 106
-124 231 107
-124 231 108
-124 231 109
-124 231 110
-124 231 111
-124 232 96
-124 232 98
-124 232 99
-124 232 100
-124 232 101
-124 232 102
-124 232 103
-124 232 104
-124 232 105
-124 232 106
-124 232 107
-124 232 108
-124 232 109
-124 232 110
-124 232 111
-124 233 96
-124 233 97
-124 233 98
-124 233 100
-124 233 101
-124 233 102
-124 233 103
-124 233 104
-124 233 105
-124 233 106
-124 233 107
-124 233 108
-124 233 109
-124 233 110
-124 233 111
-124 234 96
-124 234 97
-124 234 98
-124 234 99
-124 234 100
-124 234 101
-124 234 102
-124 234 103
-124 234 104
-124 234 105
-124 234 106
-124 234 107
-124 234 108
-124 234 109
-124 234 110
-124 234 111
-124 235 96
-124 235 97
-124 235 98
-124 235 99
-124 235 100
-124 235 101
-124 235 102
-124 235 103
-124 235 104
-124 235 105
-124 235 106
-124 235 107
-124 235 108
-124 235 109
-124 235 110
-124 235 111
-124 236 96
-124 236 97
-124 236 98
-124 236 99
-124 236 100
-124 236 101
-124 236 102
-124 236 103
-124 236 104
-124 236 105
-124 236 106
-124 236 107
-124 236 108
-124 236 109
-124 236 110
-124 236 111
-124 237 96
-124 237 98
-124 237 99
-124 237 100
-124 237 101
-124 237 102
-124 237 103
-124 237 104
-124 237 105
-124 237 106
-124 237 107
-124 237 108
-124 237 109
-124 237 110
-124 237 111
-124 238 96
-124 238 97
-124 238 98
-124 238 99
-124 238 100
-124 238 102
-124 238 103
-124 238 104
-124 238 105
-124 238 106
-124 238 107
-124 238 108
-124 238 109
-124 238 110
-124 238 111
-124 239 96
-124 239 101
-124 239 102
-124 239 103
-124 239 106
-124 239 107
-124 239 108
-124 239 109
-124 239 110
-124 239 111
-124 240 102
-124 240 103
-124 240 104
-124 240 107
-124 240 108
-124 240 109
-124 241 103
-124 241 104
-124 241 107
-124 241 108
-124 241 109
-124 242 105
-124 242 108
-123 225 96
-123 225 97
-123 225 98
-123 225 99
-123 225 100
-123 225 101
-123 225 102
-123 225 103
-123 225 104
-123 226 96
-123 226 97
-123 226 98
-123 226 99
-123 226 100
-123 226 101
-123 226 102
-123 226 103
-123 226 111
-123 227 96
-123 227 97
-123 227 98
-123 227 99
-123 227 100
-123 227 101
-123 227 102
-123 227 103
-123 227 104
-123 227 105
-123 227 106
-123 228 96
-123 228 97
-123 228 98
-123 228 99
-123 228 100
-123 228 101
-123 228 102
-123 228 103
-123 228 104
-123 228 106
-123 228 110
-123 228 111
-123 229 96
-123 229 97
-123 229 98
-123 229 99
-123 229 100
-123 229 101
-123 229 102
-123 229 103
-123 229 104
-123 229 105
-123 229 106
-123 229 108
-123 229 109
-123 229 110
-123 229 111
-123 230 96
-123 230 97
-123 230 98
-123 230 99
-123 230 100
-123 230 101
-123 230 102
-123 230 103
-123 230 104
-123 230 105
-123 230 106
-123 230 107
-123 230 108
-123 230 109
-123 230 110
-123 230 111
-123 231 96
-123 231 98
-123 231 99
-123 231 100
-123 231 101
-123 231 102
-123 231 103
-123 231 104
-123 231 105
-123 231 106
-123 231 107
-123 231 108
-123 231 109
-123 231 110
-123 231 111
-123 232 96
-123 232 97
-123 232 98
-123 232 99
-123 232 100
-123 232 101
-123 232 102
-123 232 103
-123 232 104
-123 232 105
-123 232 106
-123 232 107
-123 232 108
-123 232 109
-123 232 110
-123 232 111
-123 233 96
-123 233 97
-123 233 98
-123 233 99
-123 233 100
-123 233 101
-123 233 102
-123 233 103
-123 233 104
-123 233 105
-123 233 106
-123 233 107
-123 233 108
-123 233 109
-123 233 110
-123 233 111
-123 234 96
-123 234 97
-123 234 98
-123 234 99
-123 234 100
-123 234 101
-123 234 102
-123 234 103
-123 234 104
-123 234 105
-123 234 106
-123 234 107
-123 234 108
-123 234 109
-123 234 110
-123 234 111
-123 235 96
-123 235 97
-123 235 98
-123 235 99
-123 235 100
-123 235 101
-123 235 102
-123 235 103
-123 235 104
-123 235 105
-123 235 106
-123 235 107
-123 235 108
-123 235 109
-123 235 110
-123 235 111
-123 236 96
-123 236 97
-123 236 98
-123 236 99
-123 236 100
-123 236 101
-123 236 102
-123 236 103
-123 236 104
-123 236 105
-123 236 106
-123 236 107
-123 236 108
-123 236 109
-123 236 110
-123 236 111
-123 237 96
-123 237 97
-123 237 98
-123 237 99
-123 237 100
-123 237 101
-123 237 102
-123 237 103
-123 237 104
-123 237 105
-123 237 106
-123 237 107
-123 237 108
-123 237 109
-123 237 110
-123 237 111
-123 238 96
-123 238 99
-123 238 100
-123 238 101
-123 238 102
-123 238 103
-123 238 104
-123 238 105
-123 238 106
-123 238 107
-123 238 108
-123 238 109
-123 238 110
-123 238 111
-123 239 96
-123 239 99
-123 239 100
-123 239 101
-123 239 102
-123 239 103
-123 239 104
-123 239 105
-123 239 106
-123 239 107
-123 239 108
-123 239 109
-123 239 110
-123 239 111
-123 240 100
-123 240 102
-123 240 106
-123 240 107
-123 240 108
-123 240 109
-123 240 110
-123 241 101
-123 241 102
-123 241 107
-123 241 108
-123 241 109
-122 225 96
-122 225 97
-122 225 98
-122 225 99
-122 225 100
-122 225 101
-122 225 102
-122 225 103
-122 225 104
-122 225 105
-122 226 96
-122 226 97
-122 226 98
-122 226 99
-122 226 100
-122 226 101
-122 226 102
-122 226 103
-122 226 104
-122 226 111
-122 227 96
-122 227 97
-122 227 98
-122 227 99
-122 227 100
-122 227 101
-122 227 102
-122 227 103
-122 227 104
-122 227 105
-122 227 110
-122 227 111
-122 228 96
-122 228 98
-122 228 99
-122 228 100
-122 228 101
-122 228 102
-122 228 103
-122 228 104
-122 228 105
-122 228 109
-122 228 110
-122 228 111
-122 229 96
-122 229 97
-122 229 98
-122 229 99
-122 229 100
-122 229 101
-122 229 102
-122 229 103
-122 229 104
-122 229 105
-122 229 106
-122 229 111
-122 230 96
-122 230 97
-122 230 98
-122 230 99
-122 230 100
-122 230 101
-122 230 102
-122 230 103
-122 230 104
-122 230 105
-122 230 106
-122 230 107
-122 230 108
-122 230 109
-122 230 110
-122 230 111
-122 231 96
-122 231 97
-122 231 98
-122 231 99
-122 231 100
-122 231 101
-122 231 102
-122 231 103
-122 231 104
-122 231 105
-122 231 106
-122 231 107
-122 231 108
-122 231 109
-122 231 110
-122 231 111
-122 232 96
-122 232 97
-122 232 98
-122 232 99
-122 232 100
-122 232 101
-122 232 102
-122 232 103
-122 232 104
-122 232 105
-122 232 106
-122 232 107
-122 232 108
-122 232 109
-122 232 110
-122 232 111
-122 233 96
-122 233 97
-122 233 98
-122 233 99
-122 233 100
-122 233 101
-122 233 102
-122 233 103
-122 233 104
-122 233 105
-122 233 106
-122 233 107
-122 233 108
-122 233 109
-122 233 110
-122 233 111
-122 234 96
-122 234 97
-122 234 98
-122 234 99
-122 234 100
-122 234 101
-122 234 102
-122 234 103
-122 234 104
-122 234 105
-122 234 106
-122 234 107
-122 234 108
-122 234 109
-122 234 110
-122 234 111
-122 235 96
-122 235 97
-122 235 98
-122 235 99
-122 235 100
-122 235 101
-122 235 102
-122 235 103
-122 235 104
-122 235 105
-122 235 106
-122 235 107
-122 235 108
-122 235 109
-122 235 110
-122 235 111
-122 236 96
-122 236 97
-122 236 98
-122 236 99
-122 236 100
-122 236 101
-122 236 102
-122 236 103
-122 236 104
-122 236 105
-122 236 106
-122 236 107
-122 236 108
-122 236 109
-122 236 110
-122 236 111
-122 237 96
-122 237 97
-122 237 98
-122 237 99
-122 237 100
-122 237 101
-122 237 102
-122 237 103
-122 237 104
-122 237 105
-122 237 106
-122 237 107
-122 237 108
-122 237 109
-122 237 110
-122 237 111
-122 238 96
-122 238 97
-122 238 98
-122 238 99
-122 238 101
-122 238 102
-122 238 103
-122 238 104
-122 238 105
-122 238 106
-122 238 107
-122 238 108
-122 238 109
-122 238 110
-122 238 111
-122 239 99
-122 239 100
-122 239 101
-122 239 102
-122 239 103
-122 239 104
-122 239 105
-122 239 106
-122 239 107
-122 239 108
-122 239 109
-122 239 110
-122 239 111
-122 240 99
-122 240 100
-122 240 101
-122 240 104
-122 240 105
-122 240 106
-122 240 107
-122 240 109
-122 240 110
-122 241 101
-122 241 106
-122 241 107
-122 241 109
-122 241 110
-122 242 106
-122 242 107
-121 225 97
-121 225 99
-121 225 100
-121 225 101
-121 225 102
-121 225 103
-121 225 104
-121 225 105
-121 225 106
-121 225 110
-121 225 111
-121 226 96
-121 226 97
-121 226 98
-121 226 99
-121 226 100
-121 226 101
-121 226 102
-121 226 103
-121 226 104
-121 226 105
-121 226 110
-121 226 111
-121 227 96
-121 227 97
-121 227 98
-121 227 99
-121 227 100
-121 227 101
-121 227 102
-121 227 103
-121 227 104
-121 227 105
-121 227 110
-121 227 111
-121 228 96
-121 228 97
-121 228 98
-121 228 99
-121 228 100
-121 228 101
-121 228 102
-121 228 103
-121 228 104
-121 228 105
-121 228 106
-121 228 110
-121 228 111
-121 229 97
-121 229 98
-121 229 99
-121 229 100
-121 229 101
-121 229 102
-121 229 103
-121 229 104
-121 229 105
-121 229 106
-121 229 107
-121 229 109
-121 229 110
-121 229 111
-121 230 96
-121 230 97
-121 230 98
-121 230 99
-121 230 100
-121 230 101
-121 230 102
-121 230 103
-121 230 104
-121 230 105
-121 230 106
-121 230 107
-121 230 108
-121 230 109
-121 230 110
-121 230 111
-121 231 96
-121 231 97
-121 231 98
-121 231 99
-121 231 100
-121 231 101
-121 231 102
-121 231 103
-121 231 104
-121 231 105
-121 231 106
-121 231 107
-121 231 108
-121 231 109
-121 231 110
-121 231 111
-121 232 96
-121 232 97
-121 232 98
-121 232 99
-121 232 100
-121 232 101
-121 232 102
-121 232 103
-121 232 104
-121 232 105
-121 232 106
-121 232 107
-121 232 108
-121 232 109
-121 232 110
-121 232 111
-121 233 96
-121 233 97
-121 233 98
-121 233 99
-121 233 100
-121 233 101
-121 233 102
-121 233 103
-121 233 104
-121 233 105
-121 233 106
-121 233 107
-121 233 108
-121 233 109
-121 233 110
-121 233 111
-121 234 96
-121 234 97
-121 234 98
-121 234 99
-121 234 100
-121 234 101
-121 234 102
-121 234 103
-121 234 104
-121 234 105
-121 234 106
-121 234 107
-121 234 108
-121 234 109
-121 234 110
-121 234 111
-121 235 96
-121 235 97
-121 235 98
-121 235 99
-121 235 100
-121 235 101
-121 235 102
-121 235 103
-121 235 104
-121 235 105
-121 235 106
-121 235 107
-121 235 108
-121 235 109
-121 235 110
-121 235 111
-121 236 96
-121 236 97
-121 236 98
-121 236 99
-121 236 100
-121 236 101
-121 236 102
-121 236 103
-121 236 104
-121 236 105
-121 236 106
-121 236 107
-121 236 108
-121 236 109
-121 236 110
-121 236 111
-121 237 96
-121 237 97
-121 237 98
-121 237 99
-121 237 100
-121 237 101
-121 237 102
-121 237 103
-121 237 104
-121 237 105
-121 237 106
-121 237 107
-121 237 108
-121 237 109
-121 237 110
-121 237 111
-121 238 97
-121 238 98
-121 238 99
-121 238 100
-121 238 101
-121 238 102
-121 238 103
-121 238 104
-121 238 105
-121 238 106
-121 238 107
-121 238 108
-121 238 109
-121 238 110
-121 238 111
-121 239 97
-121 239 98
-121 239 99
-121 239 100
-121 239 101
-121 239 102
-121 239 103
-121 239 104
-121 239 105
-121 239 106
-121 239 107
-121 239 108
-121 239 109
-121 239 110
-121 239 111
-121 240 101
-121 240 102
-121 240 103
-121 240 105
-121 240 106
-121 240 108
-121 240 109
-121 240 110
-121 240 111
-121 241 106
-121 241 110
-120 225 96
-120 225 97
-120 225 99
-120 225 100
-120 225 101
-120 225 102
-120 225 103
-120 225 104
-120 225 105
-120 225 106
-120 225 110
-120 225 111
-120 226 96
-120 226 97
-120 226 98
-120 226 99
-120 226 100
-120 226 101
-120 226 102
-120 226 103
-120 226 104
-120 226 105
-120 226 110
-120 226 111
-120 227 96
-120 227 97
-120 227 98
-120 227 99
-120 227 100
-120 227 101
-120 227 102
-120 227 103
-120 227 104
-120 227 105
-120 227 106
-120 227 107
-120 227 110
-120 227 111
-120 228 96
-120 228 97
-120 228 98
-120 228 99
-120 228 100
-120 228 101
-120 228 102
-120 228 103
-120 228 104
-120 228 105
-120 228 106
-120 228 107
-120 228 111
-120 229 96
-120 229 97
-120 229 98
-120 229 99
-120 229 100
-120 229 101
-120 229 102
-120 229 103
-120 229 104
-120 229 105
-120 229 106
-120 229 107
-120 229 109
-120 229 110
-120 229 111
-120 230 96
-120 230 97
-120 230 98
-120 230 99
-120 230 100
-120 230 101
-120 230 102
-120 230 103
-120 230 104
-120 230 105
-120 230 106
-120 230 107
-120 230 108
-120 230 109
-120 230 110
-120 230 111
-120 231 96
-120 231 97
-120 231 98
-120 231 99
-120 231 100
-120 231 101
-120 231 102
-120 231 103
-120 231 104
-120 231 105
-120 231 106
-120 231 108
-120 231 109
-120 231 110
-120 231 111
-120 232 96
-120 232 97
-120 232 98
-120 232 99
-120 232 100
-120 232 101
-120 232 102
-120 232 103
-120 232 104
-120 232 105
-120 232 106
-120 232 107
-120 232 108
-120 232 109
-120 232 110
-120 232 111
-120 233 96
-120 233 97
-120 233 98
-120 233 99
-120 233 100
-120 233 101
-120 233 102
-120 233 103
-120 233 104
-120 233 105
-120 233 106
-120 233 107
-120 233 108
-120 233 109
-120 233 110
-120 233 111
-120 234 96
-120 234 97
-120 234 98
-120 234 99
-120 234 100
-120 234 101
-120 234 102
-120 234 103
-120 234 104
-120 234 105
-120 234 106
-120 234 107
-120 234 108
-120 234 109
-120 234 110
-120 234 111
-120 235 96
-120 235 97
-120 235 98
-120 235 99
-120 235 100
-120 235 101
-120 235 102
-120 235 103
-120 235 104
-120 235 105
-120 235 106
-120 235 107
-120 235 108
-120 235 109
-120 235 110
-120 235 111
-120 236 96
-120 236 97
-120 236 98
-120 236 99
-120 236 100
-120 236 101
-120 236 102
-120 236 103
-120 236 104
-120 236 105
-120 236 106
-120 236 107
-120 236 108
-120 236 109
-120 236 110
-120 236 111
-120 237 96
-120 237 97
-120 237 98
-120 237 99
-120 237 100
-120 237 101
-120 237 102
-120 237 103
-120 237 104
-120 237 105
-120 237 106
-120 237 107
-120 237 108
-120 237 109
-120 237 110
-120 237 111
-120 238 96
-120 238 97
-120 238 98
-120 238 99
-120 238 101
-120 238 102
-120 238 103
-120 238 104
-120 238 105
-120 238 106
-120 238 107
-120 238 108
-120 238 110
-120 238 111
-120 239 98
-120 239 99
-120 239 100
-120 239 101
-120 239 102
-120 239 104
-120 239 105
-120 239 106
-120 239 107
-120 239 108
-120 239 109
-120 239 110
-120 239 111
-120 240 105
-120 240 107
-120 240 108
-120 240 109
-120 240 110
-120 240 111
-120 241 110
-119 225 96
-119 225 97
-119 225 98
-119 225 99
-119 225 100
-119 225 101
-119 225 102
-119 225 103
-119 225 104
-119 225 105
-119 225 106
-119 225 107
-119 226 97
-119 226 98
-119 226 99
-119 226 100
-119 226 101
-119 226 102
-119 226 103
-119 226 104
-119 226 105
-119 226 106
-119 226 107
-119 226 110
-119 226 111
-119 227 96
-119 227 97
-119 227 98
-119 227 99
-119 227 100
-119 227 101
-119 227 102
-119 227 103
-119 227 104
-119 227 105
-119 227 106
-119 227 108
-119 227 109
-119 227 110
-119 227 111
-119 228 96
-119 228 97
-119 228 98
-119 228 99
-119 228 100
-119 228 101
-119 228 102
-119 228 103
-119 228 104
-119 228 105
-119 228 106
-119 228 107
-119 228 109
-119 228 110
-119 228 111
-119 229 96
-119 229 98
-119 229 99
-119 229 100
-119 229 101
-119 229 102
-119 229 103
-119 229 104
-119 229 105
-119 229 108
-119 229 109
-119 229 110
-119 229 111
-119 230 96
-119 230 97
-119 230 98
-119 230 99
-119 230 100
-119 230 101
-119 230 102
-119 230 103
-119 230 104
-119 230 105
-119 230 106
-119 230 107
-119 230 108
-119 230 109
-119 230 110
-119 230 111
-119 231 96
-119 231 97
-119 231 98
-119 231 99
-119 231 100
-119 231 101
-119 231 102
-119 231 103
-119 231 104
-119 231 105
-119 231 108
-119 231 109
-119 231 110
-119 231 111
-119 232 96
-119 232 97
-119 232 98
-119 232 99
-119 232 100
-119 232 101
-119 232 102
-119 232 103
-119 232 105
-119 232 106
-119 232 107
-119 232 108
-119 232 109
-119 232 110
-119 232 111
-119 233 96
-119 233 97
-119 233 98
-119 233 99
-119 233 100
-119 233 101
-119 233 102
-119 233 103
-119 233 104
-119 233 105
-119 233 106
-119 233 107
-119 233 108
-119 233 109
-119 233 110
-119 233 111
-119 234 96
-119 234 97
-119 234 98
-119 234 99
-119 234 100
-119 234 101
-119 234 102
-119 234 103
-119 234 104
-119 234 105
-119 234 106
-119 234 107
-119 234 108
-119 234 109
-119 234 110
-119 234 111
-119 235 96
-119 235 97
-119 235 98
-119 235 99
-119 235 100
-119 235 101
-119 235 102
-119 235 103
-119 235 104
-119 235 105
-119 235 106
-119 235 107
-119 235 108
-119 235 109
-119 235 110
-119 235 111
-119 236 96
-119 236 97
-119 236 98
-119 236 99
-119 236 100
-119 236 101
-119 236 102
-119 236 103
-119 236 104
-119 236 105
-119 236 106
-119 236 107
-119 236 108
-119 236 109
-119 236 110
-119 236 111
-119 237 96
-119 237 97
-119 237 98
-119 237 99
-119 237 100
-119 237 101
-119 237 102
-119 237 103
-119 237 104
-119 237 105
-119 237 106
-119 237 107
-119 237 108
-119 237 109
-119 237 110
-119 237 111
-119 238 96
-119 238 97
-119 238 98
-119 238 99
-119 238 100
-119 238 101
-119 238 102
-119 238 103
-119 238 105
-119 238 106
-119 238 107
-119 238 108
-119 238 109
-119 238 110
-119 238 111
-119 239 99
-119 239 105
-119 239 106
-119 239 107
-119 239 108
-119 239 109
-119 239 110
-119 239 111
-119 240 105
-119 240 106
-119 240 107
-119 240 108
-119 240 109
-119 241 106
-119 241 108
-119 241 109
-119 241 110
-119 242 111
-119 243 111
-118 225 96
-118 225 97
-118 225 98
-118 225 99
-118 225 100
-118 225 101
-118 225 102
-118 225 103
-118 225 104
-118 225 105
-118 225 106
-118 225 111
-118 226 96
-118 226 97
-118 226 98
-118 226 99
-118 226 101
-118 226 102
-118 226 103
-118 226 104
-118 226 105
-118 226 108
-118 226 109
-118 226 111
-118 227 96
-118 227 98
-118 227 99
-118 227 100
-118 227 101
-118 227 102
-118 227 103
-118 227 104
-118 227 105
-118 227 109
-118 227 110
-118 227 111
-118 228 96
-118 228 97
-118 228 98
-118 228 99
-118 228 101
-118 228 102
-118 228 103
-118 228 104
-118 228 105
-118 228 108
-118 228 110
-118 228 111
-118 229 96
-118 229 97
-118 229 98
-118 229 99
-118 229 100
-118 229 101
-118 229 102
-118 229 104
-118 229 105
-118 229 108
-118 229 109
-118 229 110
-118 229 111
-118 230 96
-118 230 97
-118 230 98
-118 230 99
-118 230 100
-118 230 101
-118 230 104
-118 230 105
-118 230 106
-118 230 107
-118 230 108
-118 230 109
-118 230 110
-118 230 111
-118 231 96
-118 231 97
-118 231 98
-118 231 99
-118 231 100
-118 231 101
-118 231 103
-118 231 106
-118 231 107
-118 231 108
-118 231 109
-118 231 110
-118 231 111
-118 232 96
-118 232 97
-118 232 98
-118 232 99
-118 232 100
-118 232 101
-118 232 102
-118 232 103
-118 232 105
-118 232 106
-118 232 107
-118 232 108
-118 232 109
-118 232 110
-118 232 111
-118 233 96
-118 233 97
-118 233 98
-118 233 99
-118 233 100
-118 233 101
-118 233 102
-118 233 103
-118 233 104
-118 233 105
-118 233 106
-118 233 107
-118 233 108
-118 233 109
-118 233 110
-118 233 111
-118 234 96
-118 234 97
-118 234 98
-118 234 99
-118 234 100
-118 234 101
-118 234 102
-118 234 103
-118 234 104
-118 234 105
-118 234 106
-118 234 107
-118 234 108
-118 234 109
-118 234 110
-118 234 111
-118 235 96
-118 235 97
-118 235 98
-118 235 99
-118 235 100
-118 235 101
-118 235 102
-118 235 103
-118 235 104
-118 235 105
-118 235 106
-118 235 107
-118 235 108
-118 235 109
-118 235 110
-118 235 111
-118 236 96
-118 236 97
-118 236 98
-118 236 99
-118 236 100
-118 236 101
-118 236 102
-118 236 103
-118 236 104
-118 236 105
-118 236 106
-118 236 107
-118 236 108
-118 236 109
-118 236 110
-118 236 111
-118 237 96
-118 237 97
-118 237 98
-118 237 99
-118 237 100
-118 237 101
-118 237 102
-118 237 103
-118 237 104
-118 237 105
-118 237 106
-118 237 107
-118 237 108
-118 237 109
-118 237 110
-118 237 111
-118 238 96
-118 238 97
-118 238 99
-118 238 100
-118 238 101
-118 238 102
-118 238 103
-118 238 106
-118 238 107
-118 238 108
-118 238 109
-118 238 110
-118 238 111
-118 239 106
-118 239 108
-118 239 109
-118 239 110
-118 239 111
-118 240 108
-118 240 110
-118 240 111
-118 241 108
-118 241 109
-118 241 110
-118 241 111
-118 242 110
-118 242 111
-118 243 110
-117 225 98
-117 225 99
-117 225 100
-117 225 101
-117 225 102
-117 225 103
-117 225 104
-117 225 105
-117 225 110
-117 225 111
-117 226 96
-117 226 97
-117 226 98
-117 226 99
-117 226 100
-117 226 101
-117 226 102
-117 226 103
-117 226 109
-117 226 110
-117 226 111
-117 227 96
-117 227 97
-117 227 98
-117 227 99
-117 227 100
-117 227 101
-117 227 102
-117 227 103
-117 227 104
-117 227 108
-117 227 109
-117 227 110
-117 227 111
-117 228 96
-117 228 97
-117 228 98
-117 228 99
-117 228 101
-117 228 102
-117 228 103
-117 228 104
-117 228 107
-117 228 108
-117 228 109
-117 228 110
-117 228 111
-117 229 96
-117 229 97
-117 229 98
-117 229 99
-117 229 100
-117 229 103
-117 229 108
-117 229 109
-117 229 110
-117 229 111
-117 230 96
-117 230 97
-117 230 98
-117 230 99
-117 230 100
-117 230 101
-117 230 103
-117 230 105
-117 230 107
-117 230 108
-117 230 109
-117 230 110
-117 230 111
-117 231 96
-117 231 97
-117 231 98
-117 231 99
-117 231 101
-117 231 103
-117 231 106
-117 231 107
-117 231 108
-117 231 109
-117 231 110
-117 231 111
-117 232 96
-117 232 97
-117 232 98
-117 232 99
-117 232 100
-117 232 101
-117 232 102
-117 232 103
-117 232 106
-117 232 107
-117 232 108
-117 232 109
-117 232 110
-117 232 111
-117 233 96
-117 233 97
-117 233 98
-117 233 99
-117 233 100
-117 233 101
-117 233 102
-117 233 103
-117 233 104
-117 233 105
-117 233 106
-117 233 107
-117 233 108
-117 233 109
-117 233 110
-117 233 111
-117 234 96
-117 234 97
-117 234 98
-117 234 99
-117 234 100
-117 234 101
-117 234 102
-117 234 103
-117 234 104
-117 234 105
-117 234 106
-117 234 107
-117 234 108
-117 234 109
-117 234 110
-117 234 111
-117 235 96
-117 235 97
-117 235 98
-117 235 99
-117 235 100
-117 235 101
-117 235 102
-117 235 103
-117 235 104
-117 235 105
-117 235 106
-117 235 107
-117 235 108
-117 235 109
-117 235 110
-117 235 111
-117 236 96
-117 236 97
-117 236 98
-117 236 99
-117 236 100
-117 236 101
-117 236 102
-117 236 103
-117 236 104
-117 236 105
-117 236 106
-117 236 107
-117 236 108
-117 236 109
-117 236 110
-117 236 111
-117 237 96
-117 237 97
-117 237 98
-117 237 99
-117 237 100
-117 237 101
-117 237 102
-117 237 103
-117 237 106
-117 237 107
-117 237 108
-117 237 109
-117 237 110
-117 237 111
-117 238 96
-117 238 98
-117 238 100
-117 238 101
-117 238 104
-117 238 105
-117 238 106
-117 238 107
-117 238 108
-117 238 109
-117 238 110
-117 238 111
-117 239 102
-117 239 103
-117 239 104
-117 239 106
-117 239 108
-117 239 109
-117 239 110
-117 239 111
-117 240 104
-117 240 105
-117 240 108
-117 240 109
-117 240 110
-117 240 111
-117 241 108
-117 241 109
-117 241 110
-117 241 111
-116 225 99
-116 225 100
-116 225 103
-116 225 104
-116 225 105
-116 225 111
-116 226 96
-116 226 99
-116 226 100
-116 226 109
-116 226 110
-116 226 111
-116 227 96
-116 227 97
-116 227 98
-116 227 99
-116 227 100
-116 227 102
-116 227 108
-116 227 109
-116 227 110
-116 227 111
-116 228 97
-116 228 99
-116 228 101
-116 228 103
-116 228 108
-116 228 109
-116 228 110
-116 228 111
-116 229 97
-116 229 99
-116 229 102
-116 229 109
-116 229 110
-116 229 111
-116 230 96
-116 230 97
-116 230 98
-116 230 99
-116 230 101
-116 230 103
-116 230 106
-116 230 107
-116 230 109
-116 230 110
-116 230 111
-116 231 96
-116 231 97
-116 231 98
-116 231 99
-116 231 104
-116 231 106
-116 231 107
-116 231 108
-116 231 109
-116 231 110
-116 231 111
-116 232 96
-116 232 97
-116 232 98
-116 232 99
-116 232 100
-116 232 101
-116 232 102
-116 232 103
-116 232 104
-116 232 106
-116 232 107
-116 232 108
-116 232 109
-116 232 110
-116 232 111
-116 233 96
-116 233 97
-116 233 98
-116 233 99
-116 233 100
-116 233 101
-116 233 102
-116 233 103
-116 233 104
-116 233 105
-116 233 106
-116 233 107
-116 233 108
-116 233 109
-116 233 110
-116 233 111
-116 234 96
-116 234 97
-116 234 98
-116 234 99
-116 234 100
-116 234 101
-116 234 102
-116 234 103
-116 234 104
-116 234 105
-116 234 106
-116 234 107
-116 234 108
-116 234 109
-116 234 110
-116 234 111
-116 235 96
-116 235 97
-116 235 98
-116 235 99
-116 235 100
-116 235 101
-116 235 102
-116 235 103
-116 235 104
-116 235 105
-116 235 106
-116 235 107
-116 235 108
-116 235 109
-116 235 110
-116 235 111
-116 236 96
-116 236 97
-116 236 98
-116 236 99
-116 236 100
-116 236 101
-116 236 102
-116 236 103
-116 236 104
-116 236 105
-116 236 107
-116 236 108
-116 236 109
-116 236 110
-116 236 111
-116 237 96
-116 237 97
-116 237 98
-116 237 99
-116 237 100
-116 237 101
-116 237 102
-116 237 103
-116 237 104
-116 237 105
-116 237 107
-116 237 108
-116 237 109
-116 237 110
-116 237 111
-116 238 96
-116 238 101
-116 238 102
-116 238 103
-116 238 104
-116 238 105
-116 238 106
-116 238 107
-116 238 108
-116 238 109
-116 238 110
-116 238 111
-116 239 102
-116 239 103
-116 239 105
-116 239 106
-116 239 107
-116 239 108
-116 239 109
-116 239 110
-116 239 111
-116 240 102
-116 240 103
-116 240 104
-116 240 105
-116 240 106
-116 240 108
-116 240 109
-116 240 110
-116 240 111
-116 241 105
-116 241 111
-116 242 105
-116 242 111
-115 225 99
-115 225 111
-115 226 98
-115 226 110
-115 226 111
-115 227 97
-115 227 98
-115 227 110
-115 227 111
-115 228 97
-115 228 101
-115 228 103
-115 228 108
-115 228 110
-115 228 111
-115 229 102
-115 229 103
-115 229 108
-115 229 109
-115 229 110
-115 229 111
-115 230 99
-115 230 100
-115 230 101
-115 230 103
-115 230 104
-115 230 105
-115 230 106
-115 230 107
-115 230 108
-115 230 109
-115 230 110
-115 230 111
-115 231 96
-115 231 97
-115 231 99
-115 231 100
-115 231 102
-115 231 103
-115 231 104
-115 231 105
-115 231 106
-115 231 107
-115 231 108
-115 231 109
-115 231 110
-115 231 111
-115 232 96
-115 232 97
-115 232 98
-115 232 99
-115 232 100
-115 232 101
-115 232 102
-115 232 103
-115 232 104
-115 232 105
-115 232 106
-115 232 108
-115 232 109
-115 232 110
-115 232 111
-115 233 96
-115 233 97
-115 233 98
-115 233 99
-115 233 100
-115 233 101
-115 233 102
-115 233 103
-115 233 104
-115 233 105
-115 233 106
-115 233 107
-115 233 108
-115 233 109
-115 233 110
-115 233 111
-115 234 96
-115 234 97
-115 234 98
-115 234 99
-115 234 100
-115 234 101
-115 234 102
-115 234 103
-115 234 104
-115 234 105
-115 234 106
-115 234 107
-115 234 108
-115 234 109
-115 234 110
-115 234 111
-115 235 96
-115 235 97
-115 235 98
-115 235 99
-115 235 100
-115 235 101
-115 235 102
-115 235 103
-115 235 104
-115 235 105
-115 235 106
-115 235 107
-115 235 108
-115 235 109
-115 235 110
-115 235 111
-115 236 96
-115 236 97
-115 236 98
-115 236 99
-115 236 100
-115 236 101
-115 236 102
-115 236 103
-115 236 104
-115 236 105
-115 236 106
-115 236 107
-115 236 108
-115 236 109
-115 236 110
-115 236 111
-115 237 96
-115 237 97
-115 237 98
-115 237 99
-115 237 100
-115 237 101
-115 237 102
-115 237 103
-115 237 104
-115 237 105
-115 237 106
-115 237 107
-115 237 108
-115 237 109
-115 237 110
-115 237 111
-115 238 97
-115 238 99
-115 238 100
-115 238 101
-115 238 102
-115 238 103
-115 238 104
-115 238 105
-115 238 106
-115 238 107
-115 238 108
-115 238 109
-115 238 110
-115 238 111
-115 239 100
-115 239 102
-115 239 103
-115 239 104
-115 239 105
-115 239 106
-115 239 107
-115 239 108
-115 239 109
-115 239 110
-115 239 111
-115 240 101
-115 240 102
-115 240 103
-115 240 104
-115 240 105
-115 240 106
-115 240 107
-115 240 108
-115 240 110
-115 240 111
-115 241 102
-115 241 103
-115 241 104
-115 241 105
-115 241 106
-115 241 107
-115 241 108
-115 241 111
-115 242 103
-115 242 104
-115 242 105
-115 242 106
-114 226 110
-114 227 103
-114 227 109
-114 227 110
-114 227 111
-114 228 103
-114 228 105
-114 228 106
-114 228 107
-114 228 109
-114 228 110
-114 229 96
-114 229 101
-114 229 102
-114 229 103
-114 229 104
-114 229 107
-114 229 109
-114 229 110
-114 229 111
-114 230 96
-114 230 100
-114 230 101
-114 230 102
-114 230 103
-114 230 104
-114 230 105
-114 230 106
-114 230 107
-114 230 109
-114 230 110
-114 230 111
-114 231 96
-114 231 97
-114 231 98
-114 231 100
-114 231 101
-114 231 102
-114 231 103
-114 231 104
-114 231 105
-114 231 106
-114 231 109
-114 231 110
-114 231 111
-114 232 96
-114 232 97
-114 232 98
-114 232 99
-114 232 100
-114 232 101
-114 232 102
-114 232 103
-114 232 104
-114 232 105
-114 232 106
-114 232 108
-114 232 109
-114 232 110
-114 232 111
-114 233 96
-114 233 97
-114 233 98
-114 233 99
-114 233 100
-114 233 101
-114 233 102
-114 233 103
-114 233 104
-114 233 105
-114 233 106
-114 233 107
-114 233 108
-114 233 109
-114 233 110
-114 233 111
-114 234 96
-114 234 97
-114 234 98
-114 234 99
-114 234 100
-114 234 101
-114 234 102
-114 234 103
-114 234 104
-114 234 105
-114 234 106
-114 234 107
-114 234 108
-114 234 109
-114 234 110
-114 234 111
-114 235 96
-114 235 97
-114 235 98
-114 235 99
-114 235 100
-114 235 101
-114 235 102
-114 235 103
-114 235 104
-114 235 105
-114 235 106
-114 235 107
-114 235 108
-114 235 109
-114 235 110
-114 235 111
-114 236 96
-114 236 97
-114 236 98
-114 236 99
-114 236 100
-114 236 101
-114 236 102
-114 236 103
-114 236 104
-114 236 105
-114 236 106
-114 236 107
-114 236 108
-114 236 109
-114 236 110
-114 236 111
-114 237 96
-114 237 97
-114 237 98
-114 237 99
-114 237 100
-114 237 101
-114 237 102
-114 237 103
-114 237 104
-114 237 105
-114 237 106
-114 237 107
-114 237 108
-114 237 109
-114 237 110
-114 237 111
-114 238 98
-114 238 99
-114 238 100
-114 238 101
-114 238 102
-114 238 103
-114 238 104
-114 238 105
-114 238 106
-114 238 107
-114 238 108
-114 238 109
-114 238 110
-114 238 111
-114 239 99
-114 239 100
-114 239 101
-114 239 102
-114 239 103
-114 239 104
-114 239 105
-114 239 106
-114 239 107
-114 239 108
-114 239 109
-114 239 110
-114 239 111
-114 240 100
-114 240 101
-114 240 102
-114 240 103
-114 240 104
-114 240 105
-114 240 106
-114 240 107
-114 240 109
-114 240 110
-114 241 102
-114 241 103
-114 241 104
-114 241 105
-114 241 106
-114 241 107
-114 242 103
-114 242 104
-114 242 106
-114 242 107
-114 243 103
-114 243 104
-114 243 105
-113 227 104
-113 227 105
-113 227 110
-113 227 111
-113 228 102
-113 228 104
-113 228 105
-113 229 100
-113 229 101
-113 229 102
-113 229 103
-113 229 104
-113 229 105
-113 229 110
-113 229 111
-113 230 96
-113 230 101
-113 230 102
-113 230 103
-113 230 104
-113 230 105
-113 230 106
-113 230 107
-113 230 110
-113 230 111
-113 231 96
-113 231 99
-113 231 100
-113 231 101
-113 231 102
-113 231 103
-113 231 104
-113 231 105
-113 231 106
-113 231 107
-113 231 108
-113 231 109
-113 231 110
-113 231 111
-113 232 96
-113 232 97
-113 232 98
-113 232 99
-113 232 100
-113 232 101
-113 232 102
-113 232 103
-113 232 104
-113 232 105
-113 232 106
-113 232 107
-113 232 108
-113 232 109
-113 232 110
-113 232 111
-113 233 96
-113 233 97
-113 233 98
-113 233 100
-113 233 101
-113 233 102
-113 233 103
-113 233 104
-113 233 105
-113 233 106
-113 233 107
-113 233 108
-113 233 109
-113 233 110
-113 233 111
-113 234 96
-113 234 97
-113 234 98
-113 234 99
-113 234 100
-113 234 101
-113 234 102
-113 234 103
-113 234 104
-113 234 105
-113 234 106
-113 234 107
-113 234 108
-113 234 109
-113 234 110
-113 234 111
-113 235 96
-113 235 97
-113 235 98
-113 235 99
-113 235 100
-113 235 101
-113 235 102
-113 235 103
-113 235 104
-113 235 105
-113 235 106
-113 235 107
-113 235 108
-113 235 109
-113 235 110
-113 235 111
-113 236 96
-113 236 97
-113 236 98
-113 236 99
-113 236 100
-113 236 101
-113 236 102
-113 236 103
-113 236 104
-113 236 105
-113 236 106
-113 236 107
-113 236 108
-113 236 109
-113 236 110
-113 236 111
-113 237 96
-113 237 97
-113 237 98
-113 237 99
-113 237 100
-113 237 101
-113 237 102
-113 237 103
-113 237 104
-113 237 105
-113 237 106
-113 237 107
-113 237 108
-113 237 109
-113 237 110
-113 237 111
-113 238 98
-113 238 99
-113 238 100
-113 238 101
-113 238 102
-113 238 103
-113 238 104
-113 238 105
-113 238 106
-113 238 107
-113 238 108
-113 238 109
-113 238 110
-113 238 111
-113 239 99
-113 239 100
-113 239 101
-113 239 102
-113 239 103
-113 239 104
-113 239 105
-113 239 106
-113 239 107
-113 239 108
-113 239 109
-113 239 110
-113 239 111
-113 240 101
-113 240 102
-113 240 103
-113 240 104
-113 240 105
-113 240 106
-113 240 107
-113 240 108
-113 240 109
-113 240 110
-113 241 97
-113 241 100
-113 241 101
-113 241 103
-113 241 104
-113 241 105
-113 241 106
-113 241 107
-113 241 109
-113 241 110
-113 242 101
-113 242 103
-113 242 104
-113 242 105
-113 242 106
-113 242 107
-113 243 104
-113 243 105
-113 243 106
-113 244 104
-113 244 106
-113 245 104

