alfheim:altLeaves
6
192 207 77
192 208 64
192 208 65
192 208 77
192 209 64
192 209 65
192 209 73
192 209 74
192 209 75
192 209 76
192 209 77
192 209 78
192 210 65
192 210 74
192 210 75
192 210 76
192 210 77
192 210 78
192 210 79
192 211 64
192 211 65
192 211 66
192 211 73
192 211 74
192 211 75
192 211 76
192 211 77
192 211 78
192 212 68
192 212 74
192 212 75
192 212 76
192 212 77
192 212 78
192 213 68
192 213 69
192 213 73
192 213 75
192 213 76
192 213 77
192 213 78
192 213 79
192 214 68
192 214 73
192 214 74
192 214 75
192 214 76
192 214 77
192 214 78
192 214 79
192 215 67
192 215 68
192 215 69
192 215 70
192 215 71
192 215 72
192 215 73
192 215 74
192 215 75
192 215 76
192 215 77
192 215 78
192 215 79
192 216 65
192 216 67
192 216 68
192 216 69
192 216 70
192 216 71
192 216 72
192 216 73
192 216 74
192 216 75
192 216 76
192 216 77
192 216 78
192 216 79
192 217 64
192 217 65
192 217 66
192 217 67
192 217 68
192 217 69
192 217 70
192 217 71
192 217 72
192 217 73
192 217 74
192 217 75
192 217 76
192 217 77
192 217 78
192 217 79
192 218 65
192 218 66
192 218 67
192 218 68
192 218 69
192 218 70
192 218 71
192 218 72
192 218 73
192 218 74
192 218 75
192 218 76
192 218 77
192 218 78
192 218 79
192 219 64
192 219 66
192 219 67
192 219 68
192 219 69
192 219 70
192 219 71
192 219 72
192 219 73
192 219 74
192 219 75
192 219 76
192 219 77
192 219 78
192 219 79
192 220 64
192 220 65
192 220 66
192 220 67
192 220 68
192 220 69
192 220 70
192 220 71
192 220 72
192 220 73
192 220 74
192 220 75
192 220 76
192 220 77
192 220 78
192 220 79
192 221 64
192 221 65
192 221 66
192 221 67
192 221 68
192 221 69
192 221 70
192 221 71
192 221 72
192 221 73
192 221 74
192 221 75
192 221 76
192 221 77
192 221 78
192 221 79
192 222 64
192 222 65
192 222 66
192 222 67
192 222 68
192 222 69
192 222 70
192 222 71
192 222 72
192 222 73
192 222 74
192 222 75
192 222 76
192 222 77
192 222 78
192 222 79
192 223 64
192 223 65
192 223 66
192 223 67
192 223 68
192 223 69
192 223 70
192 223 71
192 223 72
192 223 73
192 223 74
192 223 75
192 223 76
192 223 77
192 223 78
192 223 79
192 224 64
192 224 65
192 224 66
192 224 67
192 224 68
192 224 69
192 224 70
192 224 71
192 224 72
192 224 73
192 224 74
192 224 75
192 224 76
192 224 77
192 224 78
192 224 79
193 209 74
193 209 75
193 209 76
193 209 78
193 210 64
193 210 74
193 210 75
193 210 76
193 210 77
193 211 65
193 211 73
193 211 74
193 211 76
193 211 77
193 211 78
193 212 76
193 212 77
193 213 68
193 213 72
193 213 75
193 213 76
193 213 77
193 213 78
193 214 67
193 214 68
193 214 71
193 214 72
193 214 73
193 214 74
193 214 75
193 214 76
193 214 77
193 214 79
193 215 66
193 215 67
193 215 68
193 215 69
193 215 70
193 215 71
193 215 72
193 215 73
193 215 74
193 215 75
193 215 76
193 215 77
193 215 78
193 215 79
193 216 66
193 216 67
193 216 68
193 216 69
193 216 70
193 216 71
193 216 72
193 216 73
193 216 74
193 216 75
193 216 76
193 216 77
193 216 78
193 216 79
193 217 66
193 217 67
193 217 68
193 217 69
193 217 70
193 217 71
193 217 72
193 217 73
193 217 74
193 217 75
193 217 76
193 217 77
193 217 78
193 217 79
193 218 65
193 218 66
193 218 67
193 218 68
193 218 69
193 218 70
193 218 71
193 218 72
193 218 73
193 218 74
193 218 75
193 218 76
193 218 77
193 218 78
193 218 79
193 219 65
193 219 66
193 219 67
193 219 68
193 219 69
193 219 70
193 219 71
193 219 72
193 219 73
193 219 74
193 219 75
193 219 76
193 219 77
193 219 78
193 219 79
193 220 64
193 220 65
193 220 66
193 220 67
193 220 68
193 220 69
193 220 70
193 220 71
193 220 72
193 220 73
193 220 74
193 220 75
193 220 76
193 220 77
193 220 78
193 220 79
193 221 64
193 221 65
193 221 66
193 221 67
193 221 68
193 221 69
193 221 70
193 221 71
193 221 72
193 221 73
193 221 74
193 221 75
193 221 76
193 221 77
193 221 78
193 221 79
193 222 64
193 222 65
193 222 66
193 222 67
193 222 68
193 222 69
193 222 70
193 222 71
193 222 72
193 222 73
193 222 74
193 222 75
193 222 76
193 222 77
193 222 78
193 222 79
193 223 64
193 223 65
193 223 66
193 223 67
193 223 68
193 223 69
193 223 70
193 223 71
193 223 72
193 223 73
193 223 74
193 223 75
193 223 76
193 223 77
193 223 78
193 223 79
193 224 64
193 224 65
193 224 66
193 224 67
193 224 68
193 224 69
193 224 70
193 224 71
193 224 72
193 224 73
193 224 74
193 224 75
193 224 76
193 224 77
193 224 78
193 224 79
194 210 76
194 210 77
194 211 73
194 211 74
194 211 76
194 211 77
194 211 78
194 212 76
194 212 77
194 213 76
194 213 77
194 214 68
194 214 69
194 214 70
194 214 73
194 214 74
194 214 75
194 214 76
194 214 78
194 215 67
194 215 68
194 215 69
194 215 70
194 215 72
194 215 73
194 215 74
194 215 75
194 215 76
194 215 78
194 216 66
194 216 67
194 216 68
194 216 69
194 216 70
194 216 71
194 216 72
194 216 73
194 216 74
194 216 75
194 216 76
194 216 77
194 216 78
194 217 65
194 217 66
194 217 67
194 217 68
194 217 69
194 217 70
194 217 71
194 217 72
194 217 73
194 217 75
194 217 76
194 217 77
194 217 79
194 218 66
194 218 67
194 218 68
194 218 69
194 218 70
194 218 71
194 218 72
194 218 73
194 218 74
194 218 75
194 218 76
194 218 77
194 218 79
194 219 65
194 219 66
194 219 67
194 219 68
194 219 69
194 219 70
194 219 71
194 219 72
194 219 73
194 219 74
194 219 75
194 219 76
194 219 77
194 219 78
194 219 79
194 220 64
194 220 65
194 220 66
194 220 67
194 220 68
194 220 69
194 220 70
194 220 71
194 220 72
194 220 73
194 220 74
194 220 75
194 220 76
194 220 77
194 220 78
194 220 79
194 221 64
194 221 65
194 221 66
194 221 67
194 221 68
194 221 69
194 221 70
194 221 71
194 221 72
194 221 73
194 221 74
194 221 75
194 221 76
194 221 77
194 221 78
194 221 79
194 222 64
194 222 65
194 222 66
194 222 67
194 222 68
194 222 69
194 222 70
194 222 71
194 222 72
194 222 73
194 222 74
194 222 75
194 222 76
194 222 77
194 222 78
194 222 79
194 223 64
194 223 65
194 223 66
194 223 67
194 223 68
194 223 69
194 223 70
194 223 71
194 223 72
194 223 73
194 223 74
194 223 75
194 223 76
194 223 77
194 223 78
194 223 79
194 224 64
194 224 65
194 224 66
194 224 67
194 224 68
194 224 69
194 224 70
194 224 71
194 224 72
194 224 73
194 224 74
194 224 75
194 224 76
194 224 77
194 224 78
194 224 79
195 211 77
195 214 68
195 214 69
195 214 72
195 215 66
195 215 68
195 215 69
195 215 70
195 215 71
195 215 72
195 215 73
195 215 74
195 215 75
195 215 76
195 215 77
195 215 78
195 216 65
195 216 66
195 216 67
195 216 68
195 216 69
195 216 70
195 216 71
195 216 72
195 216 74
195 216 75
195 216 77
195 217 65
195 217 66
195 217 67
195 217 68
195 217 69
195 217 70
195 217 71
195 217 72
195 217 73
195 217 74
195 217 75
195 217 76
195 217 77
195 218 64
195 218 65
195 218 66
195 218 67
195 218 68
195 218 69
195 218 70
195 218 71
195 218 72
195 218 73
195 218 74
195 218 75
195 218 76
195 218 77
195 218 78
195 218 79
195 219 64
195 219 65
195 219 66
195 219 67
195 219 68
195 219 69
195 219 70
195 219 71
195 219 72
195 219 73
195 219 74
195 219 75
195 219 76
195 219 77
195 219 78
195 219 79
195 220 64
195 220 65
195 220 66
195 220 67
195 220 68
195 220 69
195 220 70
195 220 71
195 220 72
195 220 73
195 220 74
195 220 75
195 220 76
195 220 77
195 220 78
195 220 79
195 221 64
195 221 65
195 221 66
195 221 67
195 221 68
195 221 69
195 221 70
195 221 71
195 221 72
195 221 73
195 221 74
195 221 75
195 221 76
195 221 77
195 221 78
195 221 79
195 222 64
195 222 65
195 222 66
195 222 67
195 222 68
195 222 69
195 222 70
195 222 71
195 222 73
195 222 74
195 222 75
195 222 76
195 222 77
195 222 78
195 222 79
195 223 64
195 223 65
195 223 66
195 223 67
195 223 68
195 223 69
195 223 70
195 223 71
195 223 72
195 223 73
195 223 74
195 223 75
195 223 76
195 223 77
195 223 78
195 223 79
195 224 64
195 224 65
195 224 66
195 224 67
195 224 68
195 224 69
195 224 71
195 224 72
195 224 73
195 224 74
195 224 75
195 224 76
195 224 77
195 224 78
195 224 79
196 214 68
196 214 70
196 215 66
196 215 67
196 215 68
196 215 70
196 215 71
196 215 72
196 216 65
196 216 66
196 216 67
196 216 68
196 216 69
196 216 70
196 216 71
196 216 72
196 216 73
196 216 74
196 217 66
196 217 67
196 217 68
196 217 69
196 217 70
196 217 71
196 217 72
196 217 76
196 218 64
196 218 65
196 218 66
196 218 67
196 218 68
196 218 69
196 218 70
196 218 71
196 218 72
196 218 73
196 218 74
196 218 76
196 218 77
196 218 78
196 219 64
196 219 65
196 219 66
196 219 67
196 219 68
196 219 69
196 219 70
196 219 71
196 219 72
196 219 73
196 219 74
196 219 75
196 219 77
196 220 64
196 220 65
196 220 66
196 220 67
196 220 68
196 220 69
196 220 70
196 220 71
196 220 72
196 220 73
196 220 74
196 220 75
196 220 76
196 220 77
196 220 78
196 220 79
196 221 64
196 221 65
196 221 66
196 221 67
196 221 68
196 221 69
196 221 70
196 221 71
196 221 72
196 221 73
196 221 74
196 221 75
196 221 76
196 221 77
196 221 78
196 221 79
196 222 64
196 222 65
196 222 66
196 222 67
196 222 68
196 222 69
196 222 70
196 222 71
196 222 72
196 222 73
196 222 74
196 222 75
196 222 76
196 222 77
196 222 78
196 222 79
196 223 64
196 223 65
196 223 66
196 223 67
196 223 68
196 223 69
196 223 70
196 223 71
196 223 72
196 223 73
196 223 74
196 223 75
196 223 76
196 223 77
196 223 78
196 224 64
196 224 65
196 224 66
196 224 67
196 224 68
196 224 69
196 224 70
196 224 71
196 224 72
196 224 73
196 224 74
196 224 75
196 224 76
196 224 77
196 224 79
197 213 70
197 214 69
197 214 70
197 214 71
197 215 66
197 215 69
197 215 70
197 215 71
197 216 66
197 216 68
197 216 69
197 216 70
197 216 71
197 216 72
197 217 66
197 217 67
197 217 68
197 217 69
197 217 70
197 217 71
197 217 73
197 217 74
197 218 65
197 218 66
197 218 67
197 218 68
197 218 69
197 218 70
197 218 71
197 218 72
197 218 73
197 218 74
197 218 76
197 218 77
197 219 66
197 219 67
197 219 68
197 219 69
197 219 70
197 219 71
197 219 72
197 219 73
197 219 74
197 219 75
197 219 77
197 220 66
197 220 67
197 220 68
197 220 69
197 220 70
197 220 71
197 220 72
197 220 74
197 220 76
197 220 77
197 221 65
197 221 67
197 221 68
197 221 69
197 221 70
197 221 71
197 221 72
197 221 73
197 221 74
197 221 75
197 221 76
197 221 78
197 221 79
197 222 64
197 222 65
197 222 66
197 222 67
197 222 68
197 222 69
197 222 70
197 222 71
197 222 73
197 222 74
197 222 75
197 222 76
197 222 77
197 222 78
197 222 79
197 223 64
197 223 66
197 223 67
197 223 68
197 223 69
197 223 70
197 223 71
197 223 72
197 223 73
197 223 74
197 223 75
197 223 77
197 223 78
197 224 64
197 224 65
197 224 66
197 224 67
197 224 68
197 224 69
197 224 70
197 224 71
197 224 73
197 224 74
197 224 75
197 224 76
197 224 77
198 216 66
198 216 68
198 216 70
198 216 71
198 216 73
198 217 68
198 217 69
198 217 70
198 217 71
198 217 72
198 217 73
198 217 74
198 218 66
198 218 67
198 218 68
198 218 69
198 218 70
198 218 71
198 218 72
198 218 73
198 219 66
198 219 67
198 219 68
198 219 69
198 219 70
198 219 71
198 219 72
198 219 73
198 219 74
198 219 75
198 219 76
198 219 77
198 219 78
198 220 67
198 220 68
198 220 69
198 220 70
198 220 71
198 220 73
198 220 76
198 220 77
198 220 78
198 221 65
198 221 66
198 221 67
198 221 68
198 221 69
198 221 70
198 221 71
198 221 75
198 221 76
198 221 78
198 221 79
198 222 66
198 222 68
198 222 69
198 222 70
198 222 75
198 222 78
198 222 79
198 223 66
198 223 67
198 223 68
198 223 70
198 223 79
198 224 65
198 224 66
198 224 67
198 224 68
198 224 75
198 224 77
199 216 68
199 216 69
199 216 70
199 216 72
199 217 68
199 217 69
199 217 70
199 217 71
199 217 72
199 218 67
199 218 68
199 218 69
199 218 70
199 218 71
199 218 72
199 218 73
199 218 74
199 219 66
199 219 67
199 219 68
199 219 70
199 219 71
199 219 72
199 219 73
199 220 68
199 220 70
199 220 71
199 220 72
199 220 73
199 221 66
199 221 67
199 221 68
199 221 69
199 221 70
199 222 69
199 222 75
199 222 78
199 222 79
199 223 66
199 223 70
199 224 66
200 215 70
200 216 70
200 216 71
200 217 70
200 217 71
200 218 69
200 218 70
200 218 72
200 219 67
200 219 68
200 219 70
200 219 71
200 219 73
200 220 69
200 220 71
200 221 67
200 221 68
200 221 69
200 221 70
200 221 71
200 222 68
200 222 69
201 217 69
201 217 70
201 218 68
201 218 69
201 219 70
201 219 71
201 221 69
202 221 69
192 225 64
192 225 65
192 225 66
192 225 67
192 225 68
192 225 69
192 225 70
192 225 71
192 225 72
192 225 73
192 225 74
192 225 75
192 225 76
192 225 77
192 225 78
192 225 79
192 226 64
192 226 65
192 226 66
192 226 67
192 226 68
192 226 69
192 226 70
192 226 71
192 226 72
192 226 73
192 226 74
192 226 75
192 226 76
192 226 77
192 226 78
192 226 79
192 227 64
192 227 65
192 227 66
192 227 67
192 227 68
192 227 69
192 227 70
192 227 72
192 227 73
192 227 74
192 227 75
192 227 77
192 227 78
192 227 79
192 228 64
192 228 65
192 228 67
192 228 69
192 228 72
192 228 73
192 228 75
192 228 76
192 228 77
192 229 65
192 229 67
192 229 69
192 229 72
192 229 73
192 229 74
192 229 75
192 229 76
192 230 65
192 230 66
192 230 73
192 230 76
192 231 65
193 225 64
193 225 65
193 225 66
193 225 67
193 225 68
193 225 69
193 225 70
193 225 71
193 225 72
193 225 73
193 225 74
193 225 75
193 225 76
193 225 77
193 225 78
193 225 79
193 226 64
193 226 65
193 226 66
193 226 67
193 226 68
193 226 69
193 226 70
193 226 71
193 226 72
193 226 73
193 226 74
193 226 75
193 226 76
193 226 77
193 226 78
193 226 79
193 227 64
193 227 65
193 227 66
193 227 67
193 227 68
193 227 69
193 227 70
193 227 72
193 227 73
193 227 74
193 227 75
193 227 76
193 227 77
193 227 78
193 227 79
193 228 64
193 228 65
193 228 66
193 228 69
193 228 72
193 228 73
193 228 74
193 228 75
193 228 76
193 228 78
193 229 65
193 229 66
193 229 72
193 229 73
193 229 76
193 229 77
193 230 65
194 225 64
194 225 65
194 225 66
194 225 67
194 225 68
194 225 69
194 225 70
194 225 71
194 225 72
194 225 73
194 225 74
194 225 75
194 225 76
194 225 77
194 225 78
194 225 79
194 226 64
194 226 65
194 226 66
194 226 67
194 226 68
194 226 69
194 226 71
194 226 72
194 226 73
194 226 74
194 226 75
194 226 76
194 226 77
194 226 78
194 226 79
194 227 64
194 227 65
194 227 66
194 227 67
194 227 72
194 227 73
194 227 74
194 227 75
194 227 76
194 227 78
194 228 65
194 228 66
194 228 67
194 228 74
194 228 76
194 229 76
195 225 64
195 225 65
195 225 66
195 225 67
195 225 68
195 225 71
195 225 72
195 225 73
195 225 74
195 225 75
195 225 76
195 225 77
195 225 78
195 225 79
195 226 64
195 226 66
195 226 67
195 226 68
195 226 73
195 226 74
195 226 75
195 226 76
195 226 77
195 226 79
195 227 64
195 227 65
195 227 66
195 227 72
195 227 73
195 227 75
195 227 76
195 227 77
195 228 64
195 228 75
196 225 64
196 225 65
196 225 66
196 225 67
196 225 68
196 225 69
196 225 73
196 225 75
196 225 77
196 225 78
196 226 64
196 226 66
196 226 67
196 226 73
196 226 74
196 226 76
196 226 77
196 227 65
196 227 66
196 227 67
196 228 65
196 228 66
197 225 64
197 225 65
197 225 67
197 225 74
197 226 64
197 226 65
197 226 66
197 226 67
197 227 64
197 227 65
198 225 67
198 226 64

