alfheim:altWood1
12
-96 214 82
-96 214 83
-96 215 80
-96 215 81
-96 215 82
-96 215 83
-96 216 80
-96 216 81
-96 216 82
-96 216 83
-96 217 80
-96 217 81
-96 217 82
-96 218 80
-96 218 81
-96 218 82
-96 219 80
-96 219 81
-96 219 82
-96 220 80
-96 220 81
-96 221 80
-95 214 80
-95 214 81
-95 214 82
-95 214 83
-95 215 80
-95 215 81
-95 215 82
-95 215 83
-95 216 80
-95 216 81
-95 216 82
-95 216 83
-95 217 80
-95 217 81
-95 217 82
-95 218 80
-95 218 81
-95 218 82
-95 219 80
-95 219 81
-95 220 80
-94 213 80
-94 213 81
-94 213 82
-94 213 83
-94 214 80
-94 214 81
-94 214 82
-94 214 83
-94 214 84
-94 215 80
-94 215 81
-94 215 82
-94 215 83
-94 215 84
-94 216 80
-94 216 81
-94 216 82
-94 216 83
-94 216 84
-94 217 80
-94 217 81
-94 217 82
-94 217 83
-94 217 84
-94 218 80
-94 218 81
-94 218 82
-94 219 80
-94 219 81
-94 219 82
-94 220 80
-94 220 81
-93 212 80
-93 212 81
-93 212 82
-93 212 83
-93 213 80
-93 213 81
-93 213 82
-93 213 83
-93 213 84
-93 214 80
-93 214 81
-93 214 82
-93 214 83
-93 214 84
-93 214 85
-93 215 80
-93 215 81
-93 215 82
-93 215 83
-93 215 84
-93 215 85
-93 216 80
-93 216 81
-93 216 82
-93 216 83
-93 216 84
-93 216 85
-93 217 80
-93 217 81
-93 217 82
-93 217 83
-93 217 84
-93 217 85
-93 218 80
-93 218 81
-93 218 82
-93 218 83
-93 218 84
-93 219 80
-93 219 81
-93 219 82
-93 219 83
-93 220 80
-93 220 81
-93 220 82
-93 221 80
-92 211 81
-92 211 82
-92 212 80
-92 212 81
-92 212 82
-92 212 83
-92 213 80
-92 213 81
-92 213 82
-92 213 83
-92 213 84
-92 214 80
-92 214 81
-92 214 82
-92 214 83
-92 214 84
-92 214 85
-92 215 80
-92 215 81
-92 215 82
-92 215 83
-92 215 84
-92 215 85
-92 215 86
-92 216 80
-92 216 81
-92 216 82
-92 216 83
-92 216 84
-92 216 85
-92 216 86
-92 217 80
-92 217 81
-92 217 82
-92 217 83
-92 217 84
-92 217 85
-92 218 80
-92 218 81
-92 218 82
-92 218 83
-92 218 84
-92 218 85
-92 218 86
-92 219 80
-92 219 81
-92 219 82
-92 219 83
-92 219 84
-92 219 85
-92 219 86
-92 220 80
-92 220 81
-92 220 82
-92 220 83
-92 221 80
-91 211 81
-91 212 80
-91 212 81
-91 212 82
-91 212 83
-91 213 80
-91 213 81
-91 213 82
-91 213 83
-91 213 84
-91 214 80
-91 214 81
-91 214 82
-91 214 83
-91 214 84
-91 214 85
-91 215 80
-91 215 81
-91 215 82
-91 215 83
-91 215 84
-91 215 85
-91 215 86
-91 216 80
-91 216 81
-91 216 82
-91 216 83
-91 216 84
-91 216 85
-91 216 86
-91 217 80
-91 217 81
-91 217 82
-91 217 83
-91 217 84
-91 217 85
-91 217 86
-91 218 80
-91 218 81
-91 218 82
-91 218 83
-91 218 84
-91 218 85
-91 218 86
-91 218 87
-91 219 80
-91 219 81
-91 219 82
-91 219 83
-91 219 84
-91 219 85
-91 219 86
-91 219 87
-91 220 80
-91 220 81
-91 220 82
-91 220 83
-91 220 84
-91 220 85
-91 220 86
-91 221 80
-91 221 81
-91 221 82
-91 221 83
-90 212 80
-90 212 81
-90 212 82
-90 212 83
-90 213 80
-90 213 81
-90 213 82
-90 213 83
-90 213 84
-90 214 80
-90 214 81
-90 214 82
-90 214 83
-90 214 84
-90 214 85
-90 215 80
-90 215 81
-90 215 82
-90 215 83
-90 215 84
-90 215 85
-90 215 86
-90 216 80
-90 216 81
-90 216 82
-90 216 83
-90 216 84
-90 216 85
-90 216 86
-90 217 80
-90 217 81
-90 217 82
-90 217 83
-90 217 84
-90 217 85
-90 217 86
-90 218 80
-90 218 81
-90 218 82
-90 218 83
-90 218 84
-90 218 85
-90 218 86
-90 218 87
-90 218 88
-90 219 80
-90 219 81
-90 219 82
-90 219 83
-90 219 84
-90 219 85
-90 219 86
-90 219 87
-90 220 80
-90 220 81
-90 220 82
-90 220 83
-90 220 84
-90 220 85
-90 220 86
-90 221 81
-90 221 82
-90 221 83
-90 221 86
-89 213 81
-89 213 82
-89 213 83
-89 214 80
-89 214 81
-89 214 82
-89 214 83
-89 214 84
-89 215 80
-89 215 81
-89 215 82
-89 215 83
-89 215 84
-89 215 85
-89 216 80
-89 216 81
-89 216 82
-89 216 83
-89 216 84
-89 216 85
-89 216 86
-89 217 80
-89 217 81
-89 217 82
-89 217 83
-89 217 84
-89 217 85
-89 217 86
-89 217 87
-89 218 80
-89 218 81
-89 218 82
-89 218 83
-89 218 84
-89 218 85
-89 218 86
-89 218 87
-89 218 88
-89 219 80
-89 219 81
-89 219 82
-89 219 83
-89 219 84
-89 219 85
-89 219 86
-89 219 87
-89 219 88
-89 220 81
-89 220 82
-89 220 83
-89 220 84
-89 220 85
-89 220 86
-89 220 87
-89 221 82
-89 221 83
-89 221 84
-89 221 85
-89 221 86
-89 221 87
-89 221 88
-89 222 86
-89 222 89
-88 214 82
-88 215 80
-88 215 81
-88 215 82
-88 215 83
-88 215 84
-88 216 80
-88 216 81
-88 216 82
-88 216 83
-88 216 84
-88 216 85
-88 216 86
-88 217 80
-88 217 81
-88 217 82
-88 217 83
-88 217 84
-88 217 85
-88 217 86
-88 217 87
-88 218 80
-88 218 81
-88 218 82
-88 218 83
-88 218 84
-88 218 85
-88 218 86
-88 218 87
-88 219 80
-88 219 81
-88 219 82
-88 219 83
-88 219 84
-88 219 85
-88 219 86
-88 219 87
-88 219 88
-88 220 81
-88 220 82
-88 220 83
-88 220 84
-88 220 85
-88 220 86
-88 220 87
-88 220 88
-88 220 89
-88 221 84
-88 221 85
-88 221 86
-88 221 87
-88 221 88
-88 221 89
-88 221 90
-88 222 85
-88 222 86
-88 222 87
-88 222 88
-88 222 89
-88 222 90
-88 223 89
-88 223 90
-87 217 83
-87 217 84
-87 217 85
-87 217 86
-87 217 87
-87 217 88
-87 218 82
-87 218 83
-87 218 84
-87 218 85
-87 218 86
-87 218 87
-87 218 88
-87 219 82
-87 219 83
-87 219 84
-87 219 85
-87 219 86
-87 219 87
-87 219 88
-87 219 89
-87 220 83
-87 220 84
-87 220 85
-87 220 86
-87 220 87
-87 220 88
-87 220 89
-87 221 85
-87 221 86
-87 221 87
-87 221 88
-87 221 89
-87 221 90
-87 221 91
-87 222 86
-87 222 87
-87 222 88
-87 222 89
-87 222 90
-87 222 91
-87 223 88
-87 223 89
-87 223 90
-87 223 91
-87 224 89
-87 224 90
-87 224 91
-87 224 92
-86 218 84
-86 218 85
-86 219 84
-86 219 85
-86 219 86
-86 219 87
-86 219 88
-86 220 85
-86 220 86
-86 220 87
-86 220 88
-86 220 89
-86 221 86
-86 221 87
-86 221 88
-86 221 89
-86 221 90
-86 221 91
-86 222 87
-86 222 88
-86 222 89
-86 222 90
-86 222 91
-86 222 92
-86 223 88
-86 223 89
-86 223 90
-86 223 91
-86 223 92
-86 223 93
-86 224 89
-86 224 90
-86 224 91
-86 224 92
-86 224 93
-86 224 94
-85 219 88
-85 220 87
-85 220 88
-85 220 89
-85 221 87
-85 221 88
-85 221 89
-85 221 90
-85 222 87
-85 222 88
-85 222 89
-85 222 90
-85 222 91
-85 222 93
-85 223 89
-85 223 90
-85 223 91
-85 223 92
-85 223 93
-85 223 94
-85 224 89
-85 224 90
-85 224 91
-85 224 92
-85 224 93
-85 224 94
-85 224 95
-84 221 88
-84 221 89
-84 221 90
-84 221 91
-84 222 88
-84 222 89
-84 222 90
-84 222 91
-84 222 92
-84 222 93
-84 223 89
-84 223 90
-84 223 91
-84 223 92
-84 223 93
-84 223 94
-84 224 90
-84 224 91
-84 224 92
-84 224 93
-84 224 94
-84 224 95
-83 209 95
-83 222 91
-83 222 93
-83 223 91
-83 223 92
-83 223 93
-83 223 94
-83 224 91
-83 224 92
-83 224 93
-83 224 94
-83 224 95
-82 223 94
-82 224 94
-82 224 95
-87 226 95
-86 225 89
-86 225 90
-86 225 91
-86 225 92
-86 225 93
-86 225 94
-86 225 95
-86 226 94
-86 226 95
-86 227 95
-85 225 90
-85 225 91
-85 225 92
-85 225 93
-85 225 94
-85 225 95
-85 226 92
-85 226 93
-85 226 94
-85 226 95
-85 227 94
-85 227 95
-85 228 95
-84 225 91
-84 225 92
-84 225 93
-84 225 94
-84 225 95
-84 226 92
-84 226 93
-84 226 94
-84 226 95
-84 227 94
-84 227 95
-84 228 94
-84 228 95
-83 225 92
-83 225 93
-83 225 94
-83 225 95
-83 226 93
-83 226 94
-83 226 95
-83 227 94
-83 227 95
-82 225 94
-82 225 95
-82 226 95
-82 227 95
-81 225 95
-81 226 95
alfheim:altLeaves
6
-96 199 94
-96 199 95
-96 200 94
-96 200 95
-96 201 94
-96 201 95
-96 202 94
-96 202 95
-96 203 93
-96 203 94
-96 203 95
-96 204 93
-96 204 94
-96 206 92
-96 206 93
-96 206 94
-96 206 95
-96 207 94
-96 207 95
-96 208 93
-96 208 94
-96 208 95
-96 209 94
-96 209 95
-96 210 95
-96 211 91
-96 211 92
-96 211 93
-96 211 95
-96 212 92
-96 212 94
-96 212 95
-96 213 91
-96 213 93
-96 213 94
-96 213 95
-96 214 94
-96 214 95
-96 215 92
-96 216 94
-96 216 95
-96 217 95
-96 222 80
-96 222 82
-96 223 80
-96 223 81
-96 223 82
-96 223 88
-96 223 90
-96 223 94
-96 224 80
-96 224 81
-96 224 82
-96 224 86
-96 224 87
-96 224 88
-96 224 89
-96 224 90
-96 224 91
-96 224 93
-96 224 94
-95 198 94
-95 199 93
-95 199 94
-95 199 95
-95 200 94
-95 200 95
-95 201 92
-95 201 93
-95 201 94
-95 201 95
-95 202 91
-95 202 92
-95 202 93
-95 202 94
-95 202 95
-95 203 91
-95 203 92
-95 203 93
-95 203 94
-95 203 95
-95 204 93
-95 204 94
-95 204 95
-95 205 91
-95 205 93
-95 205 94
-95 206 91
-95 206 92
-95 206 93
-95 206 94
-95 206 95
-95 207 93
-95 207 94
-95 207 95
-95 208 92
-95 208 93
-95 208 94
-95 208 95
-95 209 92
-95 209 93
-95 209 94
-95 209 95
-95 210 92
-95 210 93
-95 210 94
-95 210 95
-95 211 92
-95 211 93
-95 211 94
-95 211 95
-95 212 90
-95 212 93
-95 212 94
-95 212 95
-95 213 91
-95 213 92
-95 213 93
-95 213 94
-95 213 95
-95 214 91
-95 214 92
-95 214 93
-95 214 94
-95 214 95
-95 215 91
-95 215 92
-95 215 95
-95 216 93
-95 216 94
-95 216 95
-95 217 95
-95 218 95
-95 222 89
-95 222 91
-95 223 86
-95 223 87
-95 223 88
-95 223 89
-95 224 80
-95 224 81
-95 224 82
-95 224 86
-95 224 87
-95 224 88
-95 224 90
-95 224 91
-95 224 95
-94 197 95
-94 198 95
-94 199 94
-94 199 95
-94 200 93
-94 200 94
-94 200 95
-94 201 93
-94 201 94
-94 201 95
-94 202 90
-94 202 92
-94 202 93
-94 202 94
-94 202 95
-94 203 91
-94 203 92
-94 203 93
-94 203 94
-94 203 95
-94 204 90
-94 204 91
-94 204 92
-94 204 93
-94 204 94
-94 204 95
-94 205 90
-94 205 91
-94 205 92
-94 205 93
-94 205 94
-94 205 95
-94 206 91
-94 206 92
-94 206 93
-94 206 94
-94 206 95
-94 207 92
-94 207 93
-94 207 94
-94 207 95
-94 208 91
-94 208 92
-94 208 93
-94 208 94
-94 208 95
-94 209 92
-94 209 93
-94 209 94
-94 209 95
-94 210 90
-94 210 91
-94 210 93
-94 210 94
-94 210 95
-94 211 92
-94 211 93
-94 211 94
-94 211 95
-94 212 90
-94 212 91
-94 212 92
-94 212 93
-94 212 94
-94 212 95
-94 213 91
-94 213 92
-94 213 93
-94 213 94
-94 213 95
-94 214 89
-94 214 90
-94 214 91
-94 214 92
-94 214 93
-94 214 94
-94 214 95
-94 215 93
-94 215 94
-94 215 95
-94 216 93
-94 216 94
-94 216 95
-94 217 94
-94 217 95
-94 218 95
-94 221 91
-94 222 87
-94 222 88
-94 222 91
-94 222 92
-94 223 86
-94 223 87
-94 223 88
-94 223 89
-94 223 90
-94 223 91
-94 223 92
-94 224 80
-94 224 87
-94 224 88
-94 224 89
-94 224 90
-94 224 91
-94 224 92
-94 224 93
-94 224 94
-93 199 93
-93 199 94
-93 199 95
-93 200 93
-93 200 94
-93 200 95
-93 201 92
-93 201 93
-93 201 94
-93 201 95
-93 202 90
-93 202 91
-93 202 92
-93 202 93
-93 202 94
-93 202 95
-93 203 89
-93 203 90
-93 203 91
-93 203 92
-93 203 93
-93 203 94
-93 203 95
-93 204 90
-93 204 91
-93 204 92
-93 204 93
-93 204 94
-93 204 95
-93 205 90
-93 205 91
-93 205 92
-93 205 93
-93 205 94
-93 205 95
-93 206 92
-93 206 93
-93 206 94
-93 206 95
-93 207 90
-93 207 91
-93 207 92
-93 207 93
-93 207 94
-93 207 95
-93 208 90
-93 208 91
-93 208 92
-93 208 93
-93 208 94
-93 208 95
-93 209 89
-93 209 91
-93 209 92
-93 209 93
-93 209 94
-93 209 95
-93 210 90
-93 210 91
-93 210 92
-93 210 93
-93 210 94
-93 210 95
-93 211 90
-93 211 91
-93 211 92
-93 211 93
-93 211 94
-93 211 95
-93 212 88
-93 212 90
-93 212 91
-93 212 92
-93 212 93
-93 212 94
-93 212 95
-93 213 88
-93 213 90
-93 213 91
-93 213 92
-93 213 93
-93 213 94
-93 213 95
-93 214 90
-93 214 91
-93 214 92
-93 214 93
-93 214 94
-93 214 95
-93 215 93
-93 215 94
-93 215 95
-93 216 91
-93 216 92
-93 216 93
-93 216 94
-93 216 95
-93 217 91
-93 217 93
-93 217 94
-93 217 95
-93 218 94
-93 218 95
-93 220 91
-93 221 91
-93 221 92
-93 222 90
-93 222 91
-93 222 92
-93 223 87
-93 223 88
-93 223 89
-93 223 90
-93 223 91
-93 223 92
-93 224 87
-93 224 88
-93 224 89
-93 224 90
-93 224 91
-93 224 92
-93 224 94
-92 198 95
-92 199 93
-92 199 95
-92 200 92
-92 200 93
-92 200 94
-92 201 90
-92 201 91
-92 201 92
-92 201 93
-92 201 94
-92 201 95
-92 202 90
-92 202 91
-92 202 93
-92 202 94
-92 202 95
-92 203 90
-92 203 91
-92 203 92
-92 203 93
-92 203 94
-92 203 95
-92 204 89
-92 204 90
-92 204 91
-92 204 92
-92 204 93
-92 204 94
-92 204 95
-92 205 89
-92 205 90
-92 205 92
-92 205 93
-92 205 94
-92 205 95
-92 206 90
-92 206 91
-92 206 92
-92 206 93
-92 206 94
-92 206 95
-92 207 90
-92 207 91
-92 207 92
-92 207 94
-92 207 95
-92 208 88
-92 208 89
-92 208 90
-92 208 91
-92 208 92
-92 208 93
-92 208 94
-92 208 95
-92 209 89
-92 209 90
-92 209 91
-92 209 92
-92 209 93
-92 209 94
-92 209 95
-92 210 90
-92 210 91
-92 210 92
-92 210 93
-92 210 94
-92 210 95
-92 211 88
-92 211 90
-92 211 91
-92 211 92
-92 211 93
-92 211 94
-92 211 95
-92 212 87
-92 212 88
-92 212 89
-92 212 90
-92 212 91
-92 212 92
-92 212 93
-92 212 94
-92 212 95
-92 213 87
-92 213 88
-92 213 89
-92 213 90
-92 213 91
-92 213 92
-92 213 93
-92 213 94
-92 213 95
-92 214 88
-92 214 90
-92 214 91
-92 214 92
-92 214 93
-92 214 94
-92 214 95
-92 215 90
-92 215 91
-92 215 92
-92 215 94
-92 215 95
-92 216 91
-92 216 92
-92 216 93
-92 216 94
-92 216 95
-92 217 91
-92 217 92
-92 217 95
-92 218 95
-92 222 90
-92 222 91
-92 223 80
-92 223 90
-92 223 91
-92 223 93
-92 224 80
-92 224 81
-92 224 82
-92 224 83
-92 224 89
-92 224 91
-92 224 92
-92 224 93
-91 200 92
-91 200 93
-91 201 91
-91 201 92
-91 201 93
-91 201 94
-91 201 95
-91 202 90
-91 202 91
-91 202 92
-91 202 93
-91 202 94
-91 202 95
-91 203 91
-91 203 92
-91 203 93
-91 203 94
-91 203 95
-91 204 89
-91 204 90
-91 204 91
-91 204 92
-91 204 93
-91 204 94
-91 204 95
-91 205 91
-91 205 92
-91 205 93
-91 205 94
-91 206 89
-91 206 90
-91 206 92
-91 206 93
-91 206 94
-91 206 95
-91 207 90
-91 207 91
-91 207 92
-91 207 93
-91 207 94
-91 207 95
-91 208 88
-91 208 89
-91 208 90
-91 208 91
-91 208 92
-91 208 93
-91 208 94
-91 208 95
-91 209 89
-91 209 90
-91 209 91
-91 209 92
-91 209 93
-91 209 94
-91 209 95
-91 210 89
-91 210 90
-91 210 91
-91 210 92
-91 210 93
-91 210 94
-91 210 95
-91 211 90
-91 211 91
-91 211 92
-91 211 93
-91 211 94
-91 211 95
-91 212 89
-91 212 90
-91 212 91
-91 212 92
-91 212 93
-91 212 94
-91 212 95
-91 213 88
-91 213 89
-91 213 90
-91 213 91
-91 213 92
-91 213 93
-91 213 94
-91 213 95
-91 214 91
-91 214 92
-91 214 93
-91 214 94
-91 214 95
-91 215 92
-91 215 93
-91 215 94
-91 215 95
-91 216 91
-91 216 92
-91 216 93
-91 216 94
-91 216 95
-91 217 92
-91 217 95
-91 222 91
-91 222 92
-91 223 81
-91 223 91
-91 223 92
-91 224 80
-91 224 81
-91 224 82
-91 224 89
-91 224 90
-91 224 91
-91 224 92
-91 224 93
-90 199 94
-90 200 93
-90 200 94
-90 201 92
-90 201 93
-90 201 95
-90 202 90
-90 202 91
-90 202 92
-90 202 93
-90 202 94
-90 203 90
-90 203 91
-90 203 92
-90 203 93
-90 203 94
-90 203 95
-90 204 90
-90 204 91
-90 204 92
-90 204 93
-90 204 94
-90 204 95
-90 205 88
-90 205 89
-90 205 90
-90 205 91
-90 205 92
-90 205 93
-90 205 94
-90 205 95
-90 206 89
-90 206 90
-90 206 91
-90 206 92
-90 206 94
-90 207 89
-90 207 90
-90 207 91
-90 207 92
-90 207 93
-90 207 94
-90 207 95
-90 208 88
-90 208 89
-90 208 90
-90 208 91
-90 208 92
-90 208 93
-90 208 94
-90 208 95
-90 209 89
-90 209 90
-90 209 91
-90 209 92
-90 209 93
-90 209 94
-90 209 95
-90 210 88
-90 210 89
-90 210 90
-90 210 91
-90 210 92
-90 210 93
-90 210 94
-90 210 95
-90 211 89
-90 211 90
-90 211 91
-90 211 92
-90 211 93
-90 211 94
-90 211 95
-90 212 88
-90 212 89
-90 212 90
-90 212 91
-90 212 92
-90 212 93
-90 212 94
-90 212 95
-90 213 88
-90 213 89
-90 213 90
-90 213 91
-90 213 92
-90 213 93
-90 213 94
-90 213 95
-90 214 90
-90 214 91
-90 214 92
-90 214 93
-90 214 94
-90 214 95
-90 215 89
-90 215 91
-90 215 92
-90 215 93
-90 215 94
-90 215 95
-90 216 91
-90 216 92
-90 216 93
-90 216 94
-90 217 92
-90 217 93
-90 217 94
-90 217 95
-90 218 92
-90 218 93
-90 218 95
-90 223 80
-90 223 81
-90 223 91
-90 223 92
-90 224 80
-90 224 81
-90 224 82
-90 224 84
-90 224 85
-90 224 89
-90 224 90
-90 224 91
-90 224 92
-89 199 93
-89 199 94
-89 200 91
-89 200 92
-89 200 93
-89 200 94
-89 201 91
-89 201 92
-89 201 93
-89 201 94
-89 201 95
-89 202 90
-89 202 91
-89 202 92
-89 202 93
-89 202 94
-89 202 95
-89 203 91
-89 203 92
-89 203 93
-89 203 94
-89 203 95
-89 204 90
-89 204 91
-89 204 92
-89 204 93
-89 204 94
-89 204 95
-89 205 91
-89 205 92
-89 205 93
-89 205 94
-89 205 95
-89 206 90
-89 206 91
-89 206 92
-89 206 93
-89 206 94
-89 206 95
-89 207 90
-89 207 91
-89 207 92
-89 207 93
-89 207 94
-89 207 95
-89 208 89
-89 208 90
-89 208 91
-89 208 92
-89 208 93
-89 208 94
-89 208 95
-89 209 90
-89 209 91
-89 209 92
-89 209 93
-89 209 94
-89 209 95
-89 210 89
-89 210 90
-89 210 91
-89 210 92
-89 210 93
-89 210 94
-89 210 95
-89 211 88
-89 211 89
-89 211 90
-89 211 91
-89 211 92
-89 211 93
-89 211 94
-89 211 95
-89 212 90
-89 212 91
-89 212 92
-89 212 93
-89 212 94
-89 212 95
-89 213 88
-89 213 89
-89 213 90
-89 213 91
-89 213 92
-89 213 93
-89 213 94
-89 213 95
-89 214 88
-89 214 89
-89 214 90
-89 214 91
-89 214 92
-89 214 93
-89 214 94
-89 214 95
-89 215 89
-89 215 90
-89 215 91
-89 215 92
-89 215 93
-89 215 94
-89 215 95
-89 216 89
-89 216 90
-89 216 92
-89 216 93
-89 216 94
-89 216 95
-89 217 91
-89 217 92
-89 217 93
-89 217 94
-89 217 95
-89 218 91
-89 218 92
-89 218 94
-89 219 93
-89 223 83
-89 224 80
-89 224 81
-89 224 82
-89 224 83
-89 224 86
-89 224 91
-88 198 93
-88 199 93
-88 200 92
-88 200 93
-88 201 92
-88 201 94
-88 201 95
-88 202 91
-88 202 92
-88 202 93
-88 202 94
-88 202 95
-88 203 91
-88 203 92
-88 203 93
-88 203 94
-88 203 95
-88 204 89
-88 204 90
-88 204 91
-88 204 92
-88 204 93
-88 204 94
-88 204 95
-88 205 91
-88 205 92
-88 205 94
-88 205 95
-88 206 91
-88 206 92
-88 206 93
-88 206 95
-88 207 91
-88 207 92
-88 207 93
-88 208 91
-88 208 92
-88 208 93
-88 208 95
-88 209 90
-88 209 91
-88 209 92
-88 209 93
-88 209 94
-88 209 95
-88 210 89
-88 210 90
-88 210 91
-88 210 92
-88 210 93
-88 211 86
-88 211 87
-88 211 88
-88 211 89
-88 211 90
-88 211 91
-88 211 92
-88 211 93
-88 211 94
-88 211 95
-88 212 89
-88 212 90
-88 212 91
-88 212 92
-88 212 93
-88 212 94
-88 212 95
-88 213 88
-88 213 89
-88 213 90
-88 213 91
-88 213 92
-88 213 93
-88 213 94
-88 213 95
-88 214 87
-88 214 88
-88 214 89
-88 214 90
-88 214 91
-88 214 92
-88 214 93
-88 214 94
-88 214 95
-88 215 88
-88 215 89
-88 215 91
-88 215 92
-88 215 93
-88 215 95
-88 216 88
-88 216 89
-88 216 90
-88 216 91
-88 216 92
-88 216 93
-88 216 94
-88 216 95
-88 217 90
-88 217 91
-88 217 92
-88 217 93
-88 217 94
-88 217 95
-88 218 92
-88 218 93
-88 218 94
-88 218 95
-88 219 93
-88 219 94
-88 219 95
-88 220 93
-88 220 94
-88 222 80
-88 223 80
-88 223 81
-88 223 83
-88 224 80
-88 224 81
-88 224 82
-88 224 83
-88 224 85
-87 199 93
-87 200 94
-87 201 92
-87 201 93
-87 201 94
-87 201 95
-87 202 91
-87 202 92
-87 202 93
-87 202 94
-87 202 95
-87 203 90
-87 203 91
-87 203 92
-87 203 93
-87 203 94
-87 203 95
-87 204 91
-87 204 92
-87 204 93
-87 204 94
-87 204 95
-87 205 94
-87 205 95
-87 206 91
-87 206 92
-87 206 93
-87 206 94
-87 207 91
-87 207 92
-87 207 93
-87 208 90
-87 208 93
-87 208 95
-87 209 88
-87 209 89
-87 209 90
-87 209 91
-87 209 92
-87 209 93
-87 209 94
-87 209 95
-87 210 87
-87 210 89
-87 210 90
-87 210 91
-87 210 92
-87 210 93
-87 210 94
-87 210 95
-87 211 85
-87 211 86
-87 211 89
-87 211 90
-87 211 91
-87 211 92
-87 211 93
-87 211 94
-87 211 95
-87 212 85
-87 212 86
-87 212 87
-87 212 88
-87 212 89
-87 212 90
-87 212 91
-87 212 92
-87 212 93
-87 212 94
-87 212 95
-87 213 87
-87 213 88
-87 213 89
-87 213 90
-87 213 91
-87 213 92
-87 213 93
-87 213 94
-87 213 95
-87 214 86
-87 214 87
-87 214 88
-87 214 89
-87 214 90
-87 214 91
-87 214 92
-87 214 93
-87 214 94
-87 214 95
-87 215 87
-87 215 90
-87 215 91
-87 215 92
-87 215 93
-87 215 94
-87 215 95
-87 216 89
-87 216 90
-87 216 91
-87 216 92
-87 216 93
-87 216 94
-87 216 95
-87 217 89
-87 217 90
-87 217 91
-87 217 92
-87 217 93
-87 217 94
-87 217 95
-87 218 91
-87 218 92
-87 218 93
-87 218 94
-87 219 91
-87 219 92
-87 219 93
-87 219 94
-87 219 95
-87 220 92
-87 220 94
-87 222 80
-87 223 80
-87 223 81
-87 223 82
-87 223 84
-87 224 80
-87 224 81
-87 224 82
-87 224 84
-87 224 85
-86 201 93
-86 202 92
-86 203 91
-86 203 93
-86 203 94
-86 204 91
-86 204 93
-86 204 94
-86 204 95
-86 205 93
-86 205 94
-86 206 92
-86 207 87
-86 207 92
-86 207 93
-86 207 94
-86 208 85
-86 208 87
-86 208 92
-86 208 93
-86 208 94
-86 209 84
-86 209 85
-86 209 86
-86 209 88
-86 209 89
-86 209 90
-86 209 91
-86 209 92
-86 209 93
-86 209 94
-86 209 95
-86 210 85
-86 210 86
-86 210 87
-86 210 88
-86 210 89
-86 210 90
-86 210 91
-86 210 92
-86 210 93
-86 210 94
-86 210 95
-86 211 83
-86 211 85
-86 211 86
-86 211 87
-86 211 88
-86 211 89
-86 211 90
-86 211 91
-86 211 92
-86 211 93
-86 211 94
-86 211 95
-86 212 84
-86 212 85
-86 212 86
-86 212 87
-86 212 89
-86 212 90
-86 212 91
-86 212 92
-86 212 93
-86 212 94
-86 212 95
-86 213 86
-86 213 88
-86 213 89
-86 213 90
-86 213 91
-86 213 92
-86 213 93
-86 213 94
-86 213 95
-86 214 86
-86 214 88
-86 214 89
-86 214 90
-86 214 91
-86 214 92
-86 214 93
-86 214 94
-86 214 95
-86 215 89
-86 215 90
-86 215 91
-86 215 92
-86 215 93
-86 215 94
-86 215 95
-86 216 91
-86 216 92
-86 216 93
-86 216 94
-86 216 95
-86 217 89
-86 217 90
-86 217 91
-86 217 92
-86 217 93
-86 217 94
-86 217 95
-86 218 90
-86 218 91
-86 218 92
-86 218 93
-86 218 94
-86 218 95
-86 219 90
-86 219 91
-86 219 92
-86 219 93
-86 219 94
-86 219 95
-86 220 92
-86 220 93
-86 221 80
-86 221 94
-86 222 80
-86 223 80
-86 223 81
-86 223 84
-86 224 80
-86 224 81
-86 224 82
-86 224 83
-86 224 84
-85 203 92
-85 203 93
-85 203 94
-85 204 94
-85 206 87
-85 206 88
-85 206 89
-85 206 93
-85 207 86
-85 207 87
-85 207 88
-85 207 90
-85 207 92
-85 207 93
-85 207 94
-85 207 95
-85 208 85
-85 208 86
-85 208 87
-85 208 88
-85 208 89
-85 208 91
-85 208 92
-85 208 93
-85 208 94
-85 209 85
-85 209 86
-85 209 87
-85 209 88
-85 209 89
-85 209 90
-85 209 91
-85 209 92
-85 209 93
-85 209 94
-85 209 95
-85 210 84
-85 210 85
-85 210 86
-85 210 87
-85 210 88
-85 210 89
-85 210 90
-85 210 91
-85 210 92
-85 210 93
-85 210 94
-85 210 95
-85 211 83
-85 211 84
-85 211 85
-85 211 86
-85 211 87
-85 211 88
-85 211 89
-85 211 90
-85 211 91
-85 211 92
-85 211 93
-85 211 94
-85 211 95
-85 212 84
-85 212 87
-85 212 88
-85 212 89
-85 212 90
-85 212 91
-85 212 92
-85 212 93
-85 212 94
-85 212 95
-85 213 85
-85 213 86
-85 213 88
-85 213 89
-85 213 90
-85 213 91
-85 213 92
-85 213 93
-85 213 94
-85 213 95
-85 214 85
-85 214 86
-85 214 87
-85 214 88
-85 214 90
-85 214 91
-85 214 92
-85 214 93
-85 214 94
-85 214 95
-85 215 90
-85 215 91
-85 215 92
-85 215 93
-85 215 94
-85 215 95
-85 216 92
-85 216 93
-85 216 94
-85 216 95
-85 217 91
-85 217 92
-85 217 93
-85 217 94
-85 217 95
-85 218 90
-85 218 91
-85 218 92
-85 218 93
-85 218 94
-85 218 95
-85 219 89
-85 219 90
-85 219 91
-85 219 92
-85 219 93
-85 219 94
-85 219 95
-85 220 91
-85 220 92
-85 220 94
-85 220 95
-85 221 91
-85 221 92
-85 221 94
-85 222 80
-85 222 92
-85 223 80
-85 223 81
-85 224 80
-85 224 82
-85 224 84
-84 203 93
-84 205 86
-84 205 87
-84 206 86
-84 206 87
-84 206 88
-84 207 86
-84 207 87
-84 207 88
-84 207 89
-84 207 90
-84 207 92
-84 207 93
-84 207 94
-84 207 95
-84 208 84
-84 208 86
-84 208 87
-84 208 88
-84 208 89
-84 208 90
-84 208 91
-84 208 93
-84 208 94
-84 208 95
-84 209 84
-84 209 85
-84 209 86
-84 209 87
-84 209 88
-84 209 89
-84 209 90
-84 209 91
-84 209 92
-84 209 93
-84 209 94
-84 209 95
-84 210 84
-84 210 85
-84 210 87
-84 210 88
-84 210 89
-84 210 90
-84 210 92
-84 210 93
-84 210 94
-84 210 95
-84 211 83
-84 211 84
-84 211 85
-84 211 86
-84 211 87
-84 211 88
-84 211 89
-84 211 90
-84 211 91
-84 211 92
-84 211 93
-84 211 94
-84 211 95
-84 212 84
-84 212 85
-84 212 86
-84 212 87
-84 212 88
-84 212 89
-84 212 90
-84 212 91
-84 212 92
-84 212 93
-84 212 94
-84 212 95
-84 213 86
-84 213 87
-84 213 88
-84 213 89
-84 213 90
-84 213 91
-84 213 92
-84 213 93
-84 213 94
-84 213 95
-84 214 84
-84 214 85
-84 214 86
-84 214 87
-84 214 88
-84 214 89
-84 214 90
-84 214 91
-84 214 92
-84 214 93
-84 214 94
-84 214 95
-84 215 86
-84 215 90
-84 215 91
-84 215 92
-84 215 93
-84 215 94
-84 215 95
-84 216 90
-84 216 91
-84 216 92
-84 216 93
-84 216 94
-84 216 95
-84 217 91
-84 217 92
-84 217 93
-84 217 94
-84 217 95
-84 218 90
-84 218 91
-84 218 92
-84 218 93
-84 218 94
-84 218 95
-84 219 90
-84 219 91
-84 219 92
-84 219 93
-84 219 94
-84 219 95
-84 220 93
-84 220 94
-84 220 95
-84 221 92
-84 221 93
-84 221 94
-84 221 95
-84 222 94
-84 224 81
-84 224 82
-83 206 87
-83 206 90
-83 206 95
-83 207 87
-83 207 88
-83 207 89
-83 207 90
-83 207 91
-83 207 92
-83 207 93
-83 207 94
-83 207 95
-83 208 85
-83 208 86
-83 208 88
-83 208 89
-83 208 90
-83 208 91
-83 208 92
-83 208 93
-83 208 94
-83 208 95
-83 209 84
-83 209 85
-83 209 86
-83 209 87
-83 209 88
-83 209 89
-83 209 90
-83 209 91
-83 209 92
-83 209 93
-83 209 94
-83 210 84
-83 210 85
-83 210 86
-83 210 87
-83 210 88
-83 210 89
-83 210 90
-83 210 91
-83 210 92
-83 210 93
-83 210 94
-83 210 95
-83 211 84
-83 211 86
-83 211 87
-83 211 88
-83 211 89
-83 211 90
-83 211 91
-83 211 92
-83 211 93
-83 211 94
-83 211 95
-83 212 84
-83 212 85
-83 212 86
-83 212 87
-83 212 88
-83 212 89
-83 212 90
-83 212 91
-83 212 92
-83 212 93
-83 212 94
-83 212 95
-83 213 86
-83 213 87
-83 213 88
-83 213 89
-83 213 90
-83 213 91
-83 213 92
-83 213 93
-83 213 94
-83 213 95
-83 214 86
-83 214 87
-83 214 88
-83 214 89
-83 214 90
-83 214 91
-83 214 92
-83 214 93
-83 214 94
-83 214 95
-83 215 85
-83 215 86
-83 215 87
-83 215 88
-83 215 90
-83 215 91
-83 215 92
-83 215 93
-83 215 94
-83 215 95
-83 216 87
-83 216 90
-83 216 91
-83 216 92
-83 216 93
-83 216 94
-83 216 95
-83 217 90
-83 217 91
-83 217 92
-83 217 93
-83 217 94
-83 217 95
-83 218 90
-83 218 91
-83 218 92
-83 218 93
-83 218 94
-83 218 95
-83 219 90
-83 219 92
-83 219 93
-83 219 94
-83 219 95
-83 220 93
-83 220 94
-83 220 95
-83 221 93
-83 221 94
-83 222 94
-83 222 95
-83 223 95
-83 224 80
-82 206 88
-82 206 90
-82 206 94
-82 207 86
-82 207 87
-82 207 88
-82 207 89
-82 207 90
-82 207 91
-82 207 92
-82 207 93
-82 207 94
-82 208 85
-82 208 86
-82 208 87
-82 208 88
-82 208 89
-82 208 90
-82 208 91
-82 208 92
-82 208 93
-82 208 94
-82 208 95
-82 209 84
-82 209 85
-82 209 86
-82 209 87
-82 209 88
-82 209 89
-82 209 90
-82 209 91
-82 209 92
-82 209 93
-82 209 94
-82 210 84
-82 210 85
-82 210 86
-82 210 87
-82 210 88
-82 210 89
-82 210 90
-82 210 91
-82 210 92
-82 210 93
-82 210 94
-82 210 95
-82 211 85
-82 211 86
-82 211 87
-82 211 88
-82 211 89
-82 211 90
-82 211 91
-82 211 92
-82 211 93
-82 211 94
-82 211 95
-82 212 84
-82 212 86
-82 212 87
-82 212 88
-82 212 89
-82 212 90
-82 212 91
-82 212 92
-82 212 93
-82 212 94
-82 212 95
-82 213 84
-82 213 85
-82 213 86
-82 213 87
-82 213 88
-82 213 89
-82 213 90
-82 213 91
-82 213 92
-82 213 93
-82 213 94
-82 213 95
-82 214 84
-82 214 85
-82 214 86
-82 214 88
-82 214 89
-82 214 90
-82 214 91
-82 214 92
-82 214 93
-82 214 94
-82 214 95
-82 215 86
-82 215 88
-82 215 90
-82 215 91
-82 215 92
-82 215 93
-82 215 94
-82 215 95
-82 216 86
-82 216 92
-82 216 93
-82 216 94
-82 216 95
-82 217 89
-82 217 90
-82 217 91
-82 217 92
-82 217 93
-82 217 94
-82 217 95
-82 218 90
-82 218 92
-82 218 93
-82 218 94
-82 218 95
-82 219 89
-82 219 90
-82 219 91
-82 219 92
-82 219 93
-82 219 94
-82 219 95
-82 220 92
-82 220 93
-82 220 94
-82 220 95
-82 221 93
-82 221 95
-82 222 93
-82 222 95
-82 224 80
-81 206 89
-81 207 87
-81 207 89
-81 207 90
-81 208 85
-81 208 86
-81 208 88
-81 208 89
-81 208 90
-81 208 91
-81 208 92
-81 208 93
-81 208 95
-81 209 85
-81 209 86
-81 209 87
-81 209 89
-81 209 90
-81 209 91
-81 209 92
-81 209 93
-81 209 94
-81 209 95
-81 210 85
-81 210 86
-81 210 87
-81 210 88
-81 210 89
-81 210 90
-81 210 91
-81 210 92
-81 210 93
-81 210 94
-81 210 95
-81 211 86
-81 211 87
-81 211 88
-81 211 89
-81 211 90
-81 211 91
-81 211 92
-81 211 93
-81 211 94
-81 211 95
-81 212 84
-81 212 85
-81 212 86
-81 212 87
-81 212 88
-81 212 89
-81 212 90
-81 212 92
-81 212 93
-81 212 94
-81 212 95
-81 213 86
-81 213 88
-81 213 89
-81 213 90
-81 213 91
-81 213 92
-81 213 93
-81 213 94
-81 213 95
-81 214 88
-81 214 90
-81 214 91
-81 214 92
-81 214 93
-81 214 94
-81 214 95
-81 215 86
-81 215 90
-81 215 91
-81 215 92
-81 215 93
-81 215 94
-81 215 95
-81 216 90
-81 216 91
-81 216 92
-81 216 93
-81 216 94
-81 216 95
-81 217 90
-81 217 91
-81 217 92
-81 217 93
-81 217 94
-81 217 95
-81 218 90
-81 218 91
-81 218 92
-81 218 93
-81 218 94
-81 218 95
-81 219 91
-81 219 92
-81 219 93
-81 219 94
-81 219 95
-81 220 92
-81 220 93
-81 220 94
-81 220 95
-81 221 92
-81 221 93
-81 221 94
-81 221 95
-81 222 80
-81 222 81
-81 223 80
-81 224 90
-81 224 92
-96 225 80
-96 225 81
-96 225 82
-96 225 87
-96 225 88
-96 225 89
-96 225 90
-96 225 91
-96 225 92
-96 225 93
-96 225 94
-96 225 95
-96 226 80
-96 226 81
-96 226 82
-96 226 83
-96 226 84
-96 226 85
-96 226 86
-96 226 87
-96 226 88
-96 226 89
-96 226 90
-96 226 91
-96 226 92
-96 226 93
-96 226 94
-96 226 95
-96 227 80
-96 227 81
-96 227 82
-96 227 83
-96 227 84
-96 227 85
-96 227 86
-96 227 87
-96 227 88
-96 227 89
-96 227 90
-96 227 91
-96 227 92
-96 227 93
-96 227 94
-96 227 95
-96 228 80
-96 228 81
-96 228 82
-96 228 83
-96 228 84
-96 228 85
-96 228 86
-96 228 87
-96 228 88
-96 228 89
-96 228 90
-96 228 91
-96 228 92
-96 228 93
-96 228 94
-96 228 95
-96 229 80
-96 229 81
-96 229 82
-96 229 83
-96 229 84
-96 229 85
-96 229 86
-96 229 87
-96 229 88
-96 229 89
-96 229 90
-96 229 91
-96 229 92
-96 229 93
-96 229 94
-96 229 95
-96 230 80
-96 230 81
-96 230 82
-96 230 83
-96 230 84
-96 230 85
-96 230 86
-96 230 87
-96 230 88
-96 230 89
-96 230 90
-96 230 91
-96 230 92
-96 230 93
-96 230 94
-96 230 95
-96 231 80
-96 231 81
-96 231 82
-96 231 83
-96 231 84
-96 231 85
-96 231 86
-96 231 87
-96 231 88
-96 231 89
-96 231 90
-96 231 91
-96 231 92
-96 231 93
-96 231 94
-96 231 95
-96 232 80
-96 232 81
-96 232 82
-96 232 83
-96 232 84
-96 232 85
-96 232 86
-96 232 87
-96 232 88
-96 232 89
-96 232 90
-96 232 91
-96 232 92
-96 232 93
-96 232 94
-96 232 95
-96 233 80
-96 233 81
-96 233 82
-96 233 83
-96 233 84
-96 233 85
-96 233 86
-96 233 87
-96 233 88
-96 233 89
-96 233 90
-96 233 91
-96 233 92
-96 233 93
-96 233 94
-96 233 95
-96 234 80
-96 234 81
-96 234 82
-96 234 83
-96 234 84
-96 234 85
-96 234 86
-96 234 87
-96 234 88
-96 234 89
-96 234 90
-96 234 91
-96 234 92
-96 234 93
-96 234 94
-96 234 95
-96 235 80
-96 235 81
-96 235 82
-96 235 83
-96 235 84
-96 235 85
-96 235 86
-96 235 87
-96 235 88
-96 235 89
-96 235 90
-96 235 91
-96 235 92
-96 235 93
-96 235 94
-96 235 95
-96 236 80
-96 236 81
-96 236 82
-96 236 83
-96 236 84
-96 236 85
-96 236 86
-96 236 87
-96 236 88
-96 236 89
-96 236 90
-96 236 91
-96 236 92
-96 236 93
-96 236 94
-96 236 95
-96 237 80
-96 237 81
-96 237 82
-96 237 83
-96 237 84
-96 237 85
-96 237 86
-96 237 87
-96 237 88
-96 237 89
-96 237 90
-96 237 91
-96 237 92
-96 237 93
-96 237 94
-96 237 95
-96 238 80
-96 238 81
-96 238 82
-96 238 83
-96 238 84
-96 238 85
-96 238 86
-96 238 87
-96 238 88
-96 238 89
-96 238 90
-96 238 91
-96 238 92
-96 238 93
-96 238 94
-96 238 95
-96 239 80
-96 239 81
-96 239 82
-96 239 83
-96 239 84
-96 239 85
-96 239 86
-96 239 87
-96 239 89
-96 239 90
-96 239 91
-96 239 92
-96 239 93
-96 239 94
-96 239 95
-96 240 80
-96 240 81
-96 240 82
-96 240 83
-96 240 85
-96 240 86
-96 240 87
-96 240 88
-96 240 89
-96 240 90
-96 240 91
-96 240 92
-96 240 93
-96 240 94
-96 240 95
-96 241 80
-96 241 81
-96 241 82
-96 241 83
-96 241 84
-96 241 85
-96 241 87
-96 241 88
-96 241 89
-96 241 90
-96 241 91
-96 241 92
-96 241 93
-96 241 94
-96 241 95
-96 242 80
-96 242 81
-96 242 85
-96 242 89
-96 242 90
-96 242 91
-96 242 92
-96 242 93
-96 242 94
-96 242 95
-96 243 80
-96 243 85
-96 243 89
-96 243 90
-96 243 91
-96 243 92
-96 243 93
-96 243 94
-96 244 92
-96 245 92
-95 225 80
-95 225 82
-95 225 83
-95 225 85
-95 225 86
-95 225 87
-95 225 88
-95 225 89
-95 225 90
-95 225 91
-95 225 92
-95 225 93
-95 225 95
-95 226 80
-95 226 81
-95 226 82
-95 226 83
-95 226 84
-95 226 85
-95 226 87
-95 226 88
-95 226 89
-95 226 90
-95 226 91
-95 226 92
-95 226 93
-95 226 94
-95 226 95
-95 227 80
-95 227 81
-95 227 82
-95 227 83
-95 227 84
-95 227 85
-95 227 86
-95 227 87
-95 227 88
-95 227 89
-95 227 90
-95 227 91
-95 227 92
-95 227 93
-95 227 94
-95 227 95
-95 228 80
-95 228 81
-95 228 82
-95 228 83
-95 228 84
-95 228 85
-95 228 86
-95 228 87
-95 228 88
-95 228 89
-95 228 90
-95 228 91
-95 228 92
-95 228 93
-95 228 94
-95 228 95
-95 229 80
-95 229 81
-95 229 82
-95 229 83
-95 229 84
-95 229 85
-95 229 86
-95 229 87
-95 229 88
-95 229 89
-95 229 90
-95 229 91
-95 229 92
-95 229 93
-95 229 94
-95 229 95
-95 230 80
-95 230 81
-95 230 82
-95 230 83
-95 230 84
-95 230 85
-95 230 86
-95 230 87
-95 230 88
-95 230 89
-95 230 90
-95 230 91
-95 230 92
-95 230 93
-95 230 94
-95 230 95
-95 231 80
-95 231 81
-95 231 82
-95 231 83
-95 231 84
-95 231 85
-95 231 86
-95 231 87
-95 231 88
-95 231 89
-95 231 90
-95 231 91
-95 231 92
-95 231 93
-95 231 94
-95 231 95
-95 232 80
-95 232 81
-95 232 82
-95 232 83
-95 232 84
-95 232 85
-95 232 86
-95 232 87
-95 232 88
-95 232 89
-95 232 90
-95 232 91
-95 232 92
-95 232 93
-95 232 94
-95 232 95
-95 233 80
-95 233 81
-95 233 82
-95 233 83
-95 233 84
-95 233 85
-95 233 86
-95 233 87
-95 233 88
-95 233 89
-95 233 90
-95 233 91
-95 233 92
-95 233 93
-95 233 94
-95 233 95
-95 234 80
-95 234 81
-95 234 82
-95 234 83
-95 234 84
-95 234 85
-95 234 86
-95 234 87
-95 234 88
-95 234 89
-95 234 90
-95 234 91
-95 234 92
-95 234 93
-95 234 94
-95 234 95
-95 235 80
-95 235 81
-95 235 82
-95 235 83
-95 235 84
-95 235 85
-95 235 86
-95 235 87
-95 235 88
-95 235 89
-95 235 90
-95 235 91
-95 235 92
-95 235 93
-95 235 94
-95 235 95
-95 236 80
-95 236 81
-95 236 82
-95 236 83
-95 236 84
-95 236 85
-95 236 86
-95 236 87
-95 236 88
-95 236 89
-95 236 90
-95 236 91
-95 236 92
-95 236 93
-95 236 94
-95 236 95
-95 237 80
-95 237 81
-95 237 82
-95 237 83
-95 237 84
-95 237 85
-95 237 86
-95 237 87
-95 237 88
-95 237 89
-95 237 90
-95 237 91
-95 237 92
-95 237 93
-95 237 94
-95 237 95
-95 238 80
-95 238 81
-95 238 82
-95 238 83
-95 238 84
-95 238 85
-95 238 86
-95 238 87
-95 238 88
-95 238 89
-95 238 90
-95 238 91
-95 238 92
-95 238 93
-95 238 94
-95 238 95
-95 239 80
-95 239 81
-95 239 82
-95 239 83
-95 239 85
-95 239 86
-95 239 87
-95 239 88
-95 239 89
-95 239 90
-95 239 91
-95 239 92
-95 239 93
-95 239 94
-95 239 95
-95 240 81
-95 240 82
-95 240 83
-95 240 84
-95 240 85
-95 240 86
-95 240 87
-95 240 88
-95 240 89
-95 240 90
-95 240 91
-95 240 92
-95 240 93
-95 240 94
-95 240 95
-95 241 81
-95 241 82
-95 241 84
-95 241 85
-95 241 86
-95 241 88
-95 241 89
-95 241 90
-95 241 91
-95 241 92
-95 241 93
-95 241 94
-95 241 95
-95 242 80
-95 242 85
-95 242 88
-95 242 89
-95 242 90
-95 242 91
-95 242 92
-95 242 93
-95 242 94
-95 242 95
-95 243 88
-95 243 89
-95 243 90
-95 243 91
-95 243 92
-95 243 93
-95 243 95
-95 244 91
-95 244 92
-95 244 93
-95 245 92
-94 225 80
-94 225 81
-94 225 87
-94 225 88
-94 225 89
-94 225 90
-94 225 91
-94 225 93
-94 225 94
-94 225 95
-94 226 80
-94 226 81
-94 226 82
-94 226 85
-94 226 86
-94 226 87
-94 226 88
-94 226 89
-94 226 90
-94 226 91
-94 226 92
-94 226 93
-94 226 94
-94 226 95
-94 227 80
-94 227 81
-94 227 82
-94 227 83
-94 227 85
-94 227 86
-94 227 87
-94 227 88
-94 227 89
-94 227 90
-94 227 91
-94 227 92
-94 227 93
-94 227 94
-94 227 95
-94 228 80
-94 228 81
-94 228 82
-94 228 83
-94 228 84
-94 228 85
-94 228 86
-94 228 87
-94 228 88
-94 228 89
-94 228 90
-94 228 91
-94 228 92
-94 228 93
-94 228 94
-94 228 95
-94 229 80
-94 229 81
-94 229 82
-94 229 83
-94 229 84
-94 229 85
-94 229 86
-94 229 87
-94 229 88
-94 229 89
-94 229 90
-94 229 91
-94 229 92
-94 229 93
-94 229 94
-94 229 95
-94 230 80
-94 230 81
-94 230 82
-94 230 83
-94 230 84
-94 230 85
-94 230 86
-94 230 87
-94 230 88
-94 230 89
-94 230 90
-94 230 91
-94 230 92
-94 230 93
-94 230 94
-94 230 95
-94 231 80
-94 231 81
-94 231 82
-94 231 83
-94 231 84
-94 231 85
-94 231 86
-94 231 87
-94 231 88
-94 231 89
-94 231 90
-94 231 91
-94 231 92
-94 231 93
-94 231 94
-94 231 95
-94 232 80
-94 232 81
-94 232 82
-94 232 83
-94 232 84
-94 232 85
-94 232 86
-94 232 87
-94 232 88
-94 232 89
-94 232 90
-94 232 91
-94 232 92
-94 232 93
-94 232 94
-94 232 95
-94 233 80
-94 233 81
-94 233 82
-94 233 83
-94 233 84
-94 233 85
-94 233 86
-94 233 87
-94 233 88
-94 233 89
-94 233 90
-94 233 91
-94 233 92
-94 233 93
-94 233 94
-94 233 95
-94 234 80
-94 234 81
-94 234 82
-94 234 83
-94 234 84
-94 234 85
-94 234 86
-94 234 87
-94 234 88
-94 234 89
-94 234 90
-94 234 91
-94 234 92
-94 234 93
-94 234 94
-94 234 95
-94 235 80
-94 235 81
-94 235 82
-94 235 83
-94 235 84
-94 235 85
-94 235 86
-94 235 87
-94 235 88
-94 235 89
-94 235 90
-94 235 91
-94 235 92
-94 235 93
-94 235 94
-94 235 95
-94 236 80
-94 236 81
-94 236 82
-94 236 83
-94 236 84
-94 236 85
-94 236 86
-94 236 87
-94 236 88
-94 236 89
-94 236 90
-94 236 91
-94 236 92
-94 236 93
-94 236 94
-94 236 95
-94 237 80
-94 237 81
-94 237 82
-94 237 83
-94 237 84
-94 237 85
-94 237 86
-94 237 87
-94 237 88
-94 237 89
-94 237 90
-94 237 91
-94 237 92
-94 237 93
-94 237 94
-94 237 95
-94 238 80
-94 238 81
-94 238 82
-94 238 83
-94 238 84
-94 238 85
-94 238 86
-94 238 87
-94 238 88
-94 238 89
-94 238 90
-94 238 91
-94 238 92
-94 238 93
-94 238 94
-94 238 95
-94 239 80
-94 239 81
-94 239 82
-94 239 83
-94 239 84
-94 239 85
-94 239 86
-94 239 87
-94 239 88
-94 239 89
-94 239 90
-94 239 91
-94 239 92
-94 239 94
-94 239 95
-94 240 80
-94 240 81
-94 240 83
-94 240 85
-94 240 86
-94 240 87
-94 240 88
-94 240 89
-94 240 90
-94 240 91
-94 240 93
-94 240 94
-94 240 95
-94 241 83
-94 241 85
-94 241 86
-94 241 87
-94 241 88
-94 241 89
-94 241 90
-94 241 91
-94 241 92
-94 241 93
-94 241 94
-94 241 95
-94 242 83
-94 242 87
-94 242 88
-94 242 89
-94 242 90
-94 242 91
-94 242 92
-94 242 93
-94 242 95
-94 243 90
-94 243 91
-94 243 92
-94 243 93
-94 244 91
-94 244 92
-94 245 91
-93 225 80
-93 225 82
-93 225 88
-93 225 89
-93 225 90
-93 225 91
-93 225 92
-93 225 93
-93 225 94
-93 226 80
-93 226 84
-93 226 85
-93 226 86
-93 226 87
-93 226 88
-93 226 89
-93 226 90
-93 226 91
-93 226 92
-93 226 93
-93 226 94
-93 227 80
-93 227 81
-93 227 82
-93 227 83
-93 227 84
-93 227 85
-93 227 86
-93 227 87
-93 227 88
-93 227 89
-93 227 90
-93 227 91
-93 227 92
-93 227 93
-93 227 94
-93 227 95
-93 228 80
-93 228 81
-93 228 82
-93 228 83
-93 228 84
-93 228 85
-93 228 86
-93 228 87
-93 228 88
-93 228 89
-93 228 90
-93 228 91
-93 228 92
-93 228 93
-93 228 94
-93 228 95
-93 229 80
-93 229 81
-93 229 82
-93 229 83
-93 229 84
-93 229 85
-93 229 86
-93 229 87
-93 229 88
-93 229 89
-93 229 90
-93 229 91
-93 229 92
-93 229 93
-93 229 94
-93 229 95
-93 230 80
-93 230 81
-93 230 82
-93 230 83
-93 230 84
-93 230 85
-93 230 86
-93 230 87
-93 230 88
-93 230 89
-93 230 90
-93 230 91
-93 230 92
-93 230 93
-93 230 94
-93 230 95
-93 231 80
-93 231 81
-93 231 82
-93 231 83
-93 231 84
-93 231 85
-93 231 86
-93 231 87
-93 231 88
-93 231 89
-93 231 90
-93 231 91
-93 231 92
-93 231 93
-93 231 94
-93 231 95
-93 232 80
-93 232 81
-93 232 82
-93 232 83
-93 232 84
-93 232 85
-93 232 86
-93 232 87
-93 232 88
-93 232 89
-93 232 90
-93 232 91
-93 232 92
-93 232 93
-93 232 94
-93 232 95
-93 233 80
-93 233 81
-93 233 82
-93 233 83
-93 233 84
-93 233 85
-93 233 86
-93 233 87
-93 233 88
-93 233 89
-93 233 90
-93 233 91
-93 233 92
-93 233 93
-93 233 94
-93 233 95
-93 234 80
-93 234 81
-93 234 82
-93 234 83
-93 234 84
-93 234 85
-93 234 86
-93 234 87
-93 234 88
-93 234 89
-93 234 90
-93 234 91
-93 234 92
-93 234 93
-93 234 94
-93 234 95
-93 235 80
-93 235 81
-93 235 82
-93 235 83
-93 235 84
-93 235 85
-93 235 86
-93 235 87
-93 235 88
-93 235 89
-93 235 90
-93 235 91
-93 235 92
-93 235 93
-93 235 94
-93 235 95
-93 236 80
-93 236 81
-93 236 82
-93 236 83
-93 236 84
-93 236 85
-93 236 86
-93 236 87
-93 236 88
-93 236 89
-93 236 90
-93 236 91
-93 236 92
-93 236 93
-93 236 94
-93 236 95
-93 237 80
-93 237 81
-93 237 82
-93 237 83
-93 237 84
-93 237 85
-93 237 86
-93 237 87
-93 237 88
-93 237 89
-93 237 90
-93 237 91
-93 237 92
-93 237 93
-93 237 94
-93 237 95
-93 238 80
-93 238 81
-93 238 82
-93 238 83
-93 238 84
-93 238 85
-93 238 86
-93 238 87
-93 238 88
-93 238 89
-93 238 90
-93 238 91
-93 238 92
-93 238 93
-93 238 94
-93 238 95
-93 239 80
-93 239 81
-93 239 82
-93 239 83
-93 239 84
-93 239 85
-93 239 86
-93 239 87
-93 239 88
-93 239 89
-93 239 90
-93 239 91
-93 239 92
-93 239 93
-93 239 94
-93 239 95
-93 240 83
-93 240 84
-93 240 85
-93 240 86
-93 240 87
-93 240 88
-93 240 89
-93 240 90
-93 240 91
-93 240 92
-93 240 93
-93 240 94
-93 240 95
-93 241 83
-93 241 85
-93 241 86
-93 241 88
-93 241 90
-93 241 91
-93 241 92
-93 241 93
-93 241 94
-93 241 95
-93 242 85
-93 242 87
-93 242 88
-93 242 89
-93 242 90
-93 242 91
-93 242 92
-93 242 93
-93 242 94
-93 243 88
-93 243 91
-93 244 91
-93 244 92
-93 245 92
-92 225 80
-92 225 81
-92 225 82
-92 225 83
-92 225 88
-92 225 89
-92 225 90
-92 225 91
-92 225 92
-92 225 93
-92 225 94
-92 225 95
-92 226 80
-92 226 81
-92 226 82
-92 226 83
-92 226 84
-92 226 85
-92 226 86
-92 226 88
-92 226 89
-92 226 90
-92 226 91
-92 226 92
-92 226 93
-92 226 95
-92 227 80
-92 227 81
-92 227 82
-92 227 83
-92 227 84
-92 227 85
-92 227 86
-92 227 87
-92 227 88
-92 227 89
-92 227 90
-92 227 91
-92 227 92
-92 227 93
-92 227 94
-92 227 95
-92 228 80
-92 228 81
-92 228 82
-92 228 83
-92 228 84
-92 228 85
-92 228 86
-92 228 87
-92 228 88
-92 228 89
-92 228 90
-92 228 91
-92 228 92
-92 228 93
-92 228 94
-92 228 95
-92 229 80
-92 229 81
-92 229 82
-92 229 83
-92 229 84
-92 229 85
-92 229 86
-92 229 87
-92 229 88
-92 229 89
-92 229 90
-92 229 91
-92 229 92
-92 229 93
-92 229 94
-92 229 95
-92 230 80
-92 230 81
-92 230 82
-92 230 83
-92 230 84
-92 230 85
-92 230 86
-92 230 87
-92 230 88
-92 230 89
-92 230 90
-92 230 91
-92 230 92
-92 230 93
-92 230 94
-92 230 95
-92 231 80
-92 231 81
-92 231 82
-92 231 83
-92 231 84
-92 231 85
-92 231 86
-92 231 87
-92 231 88
-92 231 89
-92 231 90
-92 231 91
-92 231 92
-92 231 93
-92 231 94
-92 231 95
-92 232 80
-92 232 81
-92 232 82
-92 232 83
-92 232 84
-92 232 85
-92 232 86
-92 232 87
-92 232 88
-92 232 89
-92 232 90
-92 232 91
-92 232 92
-92 232 93
-92 232 94
-92 232 95
-92 233 80
-92 233 81
-92 233 82
-92 233 83
-92 233 84
-92 233 85
-92 233 86
-92 233 87
-92 233 88
-92 233 89
-92 233 90
-92 233 91
-92 233 92
-92 233 93
-92 233 94
-92 233 95
-92 234 80
-92 234 81
-92 234 82
-92 234 83
-92 234 84
-92 234 85
-92 234 86
-92 234 87
-92 234 88
-92 234 89
-92 234 90
-92 234 91
-92 234 92
-92 234 93
-92 234 94
-92 234 95
-92 235 80
-92 235 81
-92 235 82
-92 235 83
-92 235 84
-92 235 85
-92 235 86
-92 235 87
-92 235 88
-92 235 89
-92 235 90
-92 235 91
-92 235 92
-92 235 93
-92 235 94
-92 235 95
-92 236 80
-92 236 81
-92 236 82
-92 236 83
-92 236 84
-92 236 85
-92 236 86
-92 236 87
-92 236 88
-92 236 89
-92 236 90
-92 236 91
-92 236 92
-92 236 93
-92 236 94
-92 236 95
-92 237 80
-92 237 81
-92 237 82
-92 237 83
-92 237 84
-92 237 85
-92 237 86
-92 237 87
-92 237 88
-92 237 89
-92 237 90
-92 237 91
-92 237 92
-92 237 93
-92 237 94
-92 237 95
-92 238 80
-92 238 81
-92 238 82
-92 238 83
-92 238 84
-92 238 86
-92 238 87
-92 238 88
-92 238 89
-92 238 90
-92 238 91
-92 238 92
-92 238 93
-92 238 94
-92 238 95
-92 239 80
-92 239 81
-92 239 82
-92 239 84
-92 239 85
-92 239 86
-92 239 87
-92 239 88
-92 239 89
-92 239 90
-92 239 91
-92 239 92
-92 239 93
-92 239 94
-92 239 95
-92 240 80
-92 240 81
-92 240 83
-92 240 84
-92 240 85
-92 240 87
-92 240 88
-92 240 89
-92 240 90
-92 240 91
-92 240 92
-92 240 93
-92 240 94
-92 240 95
-92 241 82
-92 241 85
-92 241 89
-92 241 90
-92 241 91
-92 241 92
-92 241 93
-92 241 94
-92 242 89
-92 242 91
-92 242 92
-92 242 93
-92 242 94
-92 242 95
-92 243 89
-92 243 92
-92 243 93
-92 244 91
-92 244 92
-92 244 93
-92 244 94
-92 245 93
-91 225 80
-91 225 81
-91 225 82
-91 225 84
-91 225 85
-91 225 89
-91 225 90
-91 225 91
-91 225 92
-91 225 93
-91 225 94
-91 226 80
-91 226 81
-91 226 82
-91 226 83
-91 226 84
-91 226 85
-91 226 86
-91 226 88
-91 226 89
-91 226 90
-91 226 91
-91 226 92
-91 226 93
-91 226 94
-91 226 95
-91 227 80
-91 227 81
-91 227 82
-91 227 83
-91 227 84
-91 227 86
-91 227 87
-91 227 88
-91 227 89
-91 227 90
-91 227 91
-91 227 92
-91 227 93
-91 227 94
-91 227 95
-91 228 80
-91 228 81
-91 228 82
-91 228 83
-91 228 84
-91 228 85
-91 228 86
-91 228 87
-91 228 88
-91 228 89
-91 228 91
-91 228 92
-91 228 93
-91 228 94
-91 228 95
-91 229 80
-91 229 81
-91 229 82
-91 229 83
-91 229 84
-91 229 85
-91 229 86
-91 229 87
-91 229 88
-91 229 90
-91 229 91
-91 229 92
-91 229 93
-91 229 94
-91 229 95
-91 230 80
-91 230 81
-91 230 82
-91 230 83
-91 230 84
-91 230 85
-91 230 86
-91 230 87
-91 230 88
-91 230 89
-91 230 90
-91 230 91
-91 230 92
-91 230 93
-91 230 94
-91 230 95
-91 231 80
-91 231 81
-91 231 82
-91 231 83
-91 231 84
-91 231 85
-91 231 86
-91 231 87
-91 231 88
-91 231 89
-91 231 90
-91 231 91
-91 231 92
-91 231 93
-91 231 94
-91 231 95
-91 232 80
-91 232 81
-91 232 82
-91 232 83
-91 232 84
-91 232 85
-91 232 86
-91 232 87
-91 232 88
-91 232 89
-91 232 90
-91 232 91
-91 232 92
-91 232 93
-91 232 94
-91 232 95
-91 233 80
-91 233 81
-91 233 82
-91 233 83
-91 233 84
-91 233 85
-91 233 86
-91 233 87
-91 233 88
-91 233 89
-91 233 90
-91 233 91
-91 233 92
-91 233 93
-91 233 94
-91 233 95
-91 234 80
-91 234 81
-91 234 82
-91 234 83
-91 234 84
-91 234 85
-91 234 86
-91 234 87
-91 234 88
-91 234 89
-91 234 90
-91 234 91
-91 234 92
-91 234 93
-91 234 94
-91 234 95
-91 235 80
-91 235 81
-91 235 82
-91 235 83
-91 235 84
-91 235 85
-91 235 86
-91 235 87
-91 235 88
-91 235 89
-91 235 90
-91 235 91
-91 235 92
-91 235 93
-91 235 94
-91 235 95
-91 236 80
-91 236 81
-91 236 82
-91 236 83
-91 236 84
-91 236 85
-91 236 86
-91 236 87
-91 236 88
-91 236 89
-91 236 90
-91 236 91
-91 236 92
-91 236 93
-91 236 94
-91 236 95
-91 237 80
-91 237 81
-91 237 82
-91 237 83
-91 237 84
-91 237 85
-91 237 86
-91 237 87
-91 237 88
-91 237 89
-91 237 90
-91 237 91
-91 237 92
-91 237 93
-91 237 94
-91 237 95
-91 238 80
-91 238 81
-91 238 82
-91 238 83
-91 238 84
-91 238 85
-91 238 86
-91 238 87
-91 238 88
-91 238 89
-91 238 90
-91 238 91
-91 238 92
-91 238 93
-91 238 94
-91 238 95
-91 239 80
-91 239 81
-91 239 82
-91 239 83
-91 239 84
-91 239 85
-91 239 87
-91 239 88
-91 239 89
-91 239 90
-91 239 91
-91 239 92
-91 239 93
-91 239 94
-91 240 80
-91 240 81
-91 240 82
-91 240 83
-91 240 84
-91 240 85
-91 240 86
-91 240 88
-91 240 89
-91 240 90
-91 240 91
-91 240 92
-91 240 93
-91 241 80
-91 241 81
-91 241 82
-91 241 88
-91 241 89
-91 241 90
-91 241 91
-91 241 92
-91 241 93
-91 242 81
-91 242 91
-91 242 92
-91 242 93
-91 242 94
-91 243 91
-91 243 92
-91 243 93
-91 243 94
-91 244 92
-90 225 81
-90 225 82
-90 225 84
-90 225 85
-90 225 86
-90 225 89
-90 225 90
-90 225 91
-90 226 80
-90 226 81
-90 226 83
-90 226 84
-90 226 85
-90 226 86
-90 226 88
-90 226 89
-90 226 90
-90 226 91
-90 226 93
-90 226 94
-90 226 95
-90 227 80
-90 227 81
-90 227 82
-90 227 83
-90 227 84
-90 227 85
-90 227 86
-90 227 87
-90 227 88
-90 227 89
-90 227 90
-90 227 92
-90 227 93
-90 227 94
-90 227 95
-90 228 80
-90 228 81
-90 228 82
-90 228 83
-90 228 84
-90 228 85
-90 228 86
-90 228 87
-90 228 88
-90 228 89
-90 228 90
-90 228 91
-90 228 92
-90 228 93
-90 228 94
-90 228 95
-90 229 80
-90 229 81
-90 229 82
-90 229 83
-90 229 84
-90 229 85
-90 229 86
-90 229 87
-90 229 88
-90 229 89
-90 229 90
-90 229 91
-90 229 92
-90 229 93
-90 229 94
-90 229 95
-90 230 80
-90 230 81
-90 230 82
-90 230 83
-90 230 84
-90 230 85
-90 230 86
-90 230 87
-90 230 88
-90 230 89
-90 230 90
-90 230 91
-90 230 92
-90 230 93
-90 230 94
-90 230 95
-90 231 80
-90 231 81
-90 231 82
-90 231 83
-90 231 84
-90 231 85
-90 231 86
-90 231 87
-90 231 88
-90 231 89
-90 231 90
-90 231 91
-90 231 92
-90 231 93
-90 231 94
-90 231 95
-90 232 80
-90 232 81
-90 232 82
-90 232 83
-90 232 84
-90 232 85
-90 232 86
-90 232 87
-90 232 88
-90 232 89
-90 232 90
-90 232 91
-90 232 92
-90 232 93
-90 232 94
-90 232 95
-90 233 80
-90 233 81
-90 233 82
-90 233 83
-90 233 84
-90 233 85
-90 233 86
-90 233 87
-90 233 88
-90 233 89
-90 233 90
-90 233 91
-90 233 92
-90 233 93
-90 233 94
-90 233 95
-90 234 80
-90 234 81
-90 234 82
-90 234 83
-90 234 84
-90 234 85
-90 234 86
-90 234 87
-90 234 88
-90 234 89
-90 234 90
-90 234 91
-90 234 92
-90 234 93
-90 234 94
-90 234 95
-90 235 80
-90 235 81
-90 235 82
-90 235 83
-90 235 84
-90 235 85
-90 235 86
-90 235 87
-90 235 88
-90 235 89
-90 235 90
-90 235 91
-90 235 92
-90 235 93
-90 235 94
-90 235 95
-90 236 80
-90 236 81
-90 236 82
-90 236 83
-90 236 84
-90 236 85
-90 236 86
-90 236 87
-90 236 88
-90 236 89
-90 236 90
-90 236 91
-90 236 92
-90 236 93
-90 236 94
-90 236 95
-90 237 80
-90 237 81
-90 237 82
-90 237 83
-90 237 84
-90 237 85
-90 237 86
-90 237 87
-90 237 88
-90 237 89
-90 237 90
-90 237 91
-90 237 92
-90 237 93
-90 237 94
-90 237 95
-90 238 80
-90 238 81
-90 238 82
-90 238 83
-90 238 84
-90 238 85
-90 238 86
-90 238 87
-90 238 88
-90 238 89
-90 238 90
-90 238 91
-90 238 92
-90 238 93
-90 238 95
-90 239 80
-90 239 81
-90 239 82
-90 239 84
-90 239 85
-90 239 86
-90 239 87
-90 239 88
-90 239 89
-90 239 90
-90 239 91
-90 239 92
-90 239 93
-90 239 94
-90 239 95
-90 240 80
-90 240 81
-90 240 84
-90 240 85
-90 240 86
-90 240 87
-90 240 88
-90 240 89
-90 240 90
-90 240 91
-90 240 92
-90 240 93
-90 240 95
-90 241 80
-90 241 82
-90 241 84
-90 241 85
-90 241 86
-90 241 87
-90 241 88
-90 241 89
-90 241 90
-90 241 91
-90 241 92
-90 241 93
-90 242 80
-90 242 81
-90 242 82
-90 242 90
-90 242 93
-90 243 90
-90 243 92
-89 225 80
-89 225 81
-89 225 82
-89 225 83
-89 225 84
-89 225 86
-89 225 88
-89 225 89
-89 225 90
-89 225 92
-89 225 93
-89 225 94
-89 226 80
-89 226 81
-89 226 82
-89 226 83
-89 226 84
-89 226 85
-89 226 86
-89 226 87
-89 226 88
-89 226 89
-89 226 90
-89 226 91
-89 226 92
-89 226 93
-89 226 94
-89 226 95
-89 227 80
-89 227 81
-89 227 82
-89 227 83
-89 227 84
-89 227 85
-89 227 86
-89 227 87
-89 227 88
-89 227 90
-89 227 91
-89 227 92
-89 227 93
-89 227 95
-89 228 80
-89 228 81
-89 228 82
-89 228 83
-89 228 84
-89 228 85
-89 228 86
-89 228 87
-89 228 88
-89 228 89
-89 228 90
-89 228 91
-89 228 92
-89 228 93
-89 228 94
-89 228 95
-89 229 80
-89 229 81
-89 229 82
-89 229 83
-89 229 84
-89 229 85
-89 229 86
-89 229 87
-89 229 88
-89 229 89
-89 229 90
-89 229 91
-89 229 92
-89 229 93
-89 229 94
-89 229 95
-89 230 80
-89 230 81
-89 230 82
-89 230 83
-89 230 84
-89 230 85
-89 230 86
-89 230 87
-89 230 88
-89 230 89
-89 230 90
-89 230 91
-89 230 92
-89 230 93
-89 230 94
-89 230 95
-89 231 80
-89 231 81
-89 231 82
-89 231 83
-89 231 84
-89 231 85
-89 231 86
-89 231 87
-89 231 88
-89 231 89
-89 231 90
-89 231 91
-89 231 92
-89 231 93
-89 231 94
-89 231 95
-89 232 80
-89 232 81
-89 232 82
-89 232 83
-89 232 84
-89 232 85
-89 232 86
-89 232 87
-89 232 88
-89 232 89
-89 232 90
-89 232 91
-89 232 92
-89 232 93
-89 232 94
-89 232 95
-89 233 80
-89 233 81
-89 233 82
-89 233 83
-89 233 84
-89 233 85
-89 233 86
-89 233 87
-89 233 88
-89 233 89
-89 233 90
-89 233 91
-89 233 92
-89 233 93
-89 233 94
-89 233 95
-89 234 80
-89 234 81
-89 234 82
-89 234 83
-89 234 84
-89 234 85
-89 234 86
-89 234 87
-89 234 88
-89 234 89
-89 234 90
-89 234 91
-89 234 92
-89 234 93
-89 234 94
-89 234 95
-89 235 80
-89 235 81
-89 235 82
-89 235 83
-89 235 84
-89 235 85
-89 235 86
-89 235 87
-89 235 88
-89 235 89
-89 235 90
-89 235 91
-89 235 92
-89 235 93
-89 235 94
-89 235 95
-89 236 80
-89 236 81
-89 236 82
-89 236 83
-89 236 84
-89 236 85
-89 236 86
-89 236 87
-89 236 88
-89 236 89
-89 236 90
-89 236 91
-89 236 92
-89 236 93
-89 236 94
-89 236 95
-89 237 80
-89 237 81
-89 237 82
-89 237 83
-89 237 84
-89 237 85
-89 237 86
-89 237 87
-89 237 88
-89 237 89
-89 237 90
-89 237 91
-89 237 92
-89 237 93
-89 237 94
-89 237 95
-89 238 80
-89 238 81
-89 238 82
-89 238 83
-89 238 84
-89 238 85
-89 238 86
-89 238 87
-89 238 88
-89 238 89
-89 238 90
-89 238 91
-89 238 92
-89 238 93
-89 238 94
-89 238 95
-89 239 80
-89 239 81
-89 239 82
-89 239 83
-89 239 84
-89 239 85
-89 239 87
-89 239 88
-89 239 89
-89 239 90
-89 239 91
-89 239 92
-89 239 93
-89 239 94
-89 239 95
-89 240 80
-89 240 81
-89 240 82
-89 240 83
-89 240 84
-89 240 85
-89 240 86
-89 240 89
-89 240 91
-89 240 93
-89 240 94
-89 241 80
-89 241 81
-89 241 82
-89 241 87
-89 241 88
-89 241 89
-89 241 90
-89 241 91
-89 241 92
-89 241 93
-89 241 94
-89 242 80
-89 242 81
-89 242 82
-89 242 89
-89 242 90
-89 244 82
-88 225 80
-88 225 81
-88 225 82
-88 225 83
-88 225 84
-88 225 85
-88 225 87
-88 226 80
-88 226 81
-88 226 82
-88 226 83
-88 226 84
-88 226 85
-88 226 86
-88 226 87
-88 226 90
-88 226 93
-88 227 80
-88 227 81
-88 227 82
-88 227 83
-88 227 84
-88 227 85
-88 227 87
-88 227 88
-88 227 89
-88 227 90
-88 227 91
-88 227 94
-88 228 80
-88 228 81
-88 228 82
-88 228 83
-88 228 84
-88 228 85
-88 228 86
-88 228 87
-88 228 88
-88 228 89
-88 228 90
-88 228 91
-88 228 92
-88 228 93
-88 228 94
-88 228 95
-88 229 80
-88 229 81
-88 229 82
-88 229 83
-88 229 84
-88 229 85
-88 229 86
-88 229 87
-88 229 88
-88 229 89
-88 229 90
-88 229 91
-88 229 92
-88 229 93
-88 229 94
-88 229 95
-88 230 80
-88 230 81
-88 230 82
-88 230 83
-88 230 84
-88 230 85
-88 230 86
-88 230 87
-88 230 88
-88 230 89
-88 230 90
-88 230 91
-88 230 92
-88 230 93
-88 230 94
-88 230 95
-88 231 80
-88 231 81
-88 231 82
-88 231 83
-88 231 84
-88 231 85
-88 231 86
-88 231 87
-88 231 88
-88 231 89
-88 231 90
-88 231 91
-88 231 92
-88 231 93
-88 231 94
-88 231 95
-88 232 80
-88 232 81
-88 232 82
-88 232 83
-88 232 84
-88 232 85
-88 232 86
-88 232 87
-88 232 88
-88 232 89
-88 232 90
-88 232 91
-88 232 92
-88 232 93
-88 232 94
-88 232 95
-88 233 80
-88 233 81
-88 233 82
-88 233 83
-88 233 84
-88 233 85
-88 233 86
-88 233 87
-88 233 88
-88 233 89
-88 233 90
-88 233 91
-88 233 92
-88 233 93
-88 233 94
-88 233 95
-88 234 80
-88 234 81
-88 234 82
-88 234 83
-88 234 84
-88 234 85
-88 234 86
-88 234 87
-88 234 88
-88 234 89
-88 234 90
-88 234 91
-88 234 92
-88 234 93
-88 234 94
-88 234 95
-88 235 80
-88 235 81
-88 235 82
-88 235 83
-88 235 84
-88 235 85
-88 235 86
-88 235 87
-88 235 88
-88 235 89
-88 235 90
-88 235 91
-88 235 92
-88 235 93
-88 235 94
-88 235 95
-88 236 80
-88 236 81
-88 236 82
-88 236 83
-88 236 84
-88 236 85
-88 236 86
-88 236 87
-88 236 88
-88 236 89
-88 236 90
-88 236 91
-88 236 92
-88 236 93
-88 236 94
-88 236 95
-88 237 80
-88 237 81
-88 237 82
-88 237 83
-88 237 84
-88 237 85
-88 237 86
-88 237 87
-88 237 88
-88 237 89
-88 237 90
-88 237 91
-88 237 92
-88 237 93
-88 237 94
-88 237 95
-88 238 80
-88 238 81
-88 238 82
-88 238 83
-88 238 84
-88 238 86
-88 238 87
-88 238 88
-88 238 89
-88 238 90
-88 238 91
-88 238 92
-88 238 94
-88 238 95
-88 239 80
-88 239 81
-88 239 82
-88 239 83
-88 239 84
-88 239 85
-88 239 86
-88 239 87
-88 239 88
-88 239 90
-88 239 91
-88 239 92
-88 239 93
-88 239 94
-88 240 80
-88 240 81
-88 240 82
-88 240 83
-88 240 84
-88 240 90
-88 240 91
-88 240 92
-88 240 93
-88 240 94
-88 241 80
-88 241 81
-88 241 82
-88 241 83
-88 241 88
-88 241 89
-88 241 92
-88 242 80
-88 242 81
-88 242 82
-88 242 83
-88 243 80
-88 243 82
-88 243 83
-88 244 82
-87 225 80
-87 225 81
-87 225 82
-87 225 83
-87 225 84
-87 225 85
-87 225 86
-87 225 87
-87 226 80
-87 226 81
-87 226 82
-87 226 83
-87 226 84
-87 226 85
-87 226 86
-87 226 87
-87 226 88
-87 226 90
-87 227 80
-87 227 81
-87 227 82
-87 227 83
-87 227 84
-87 227 85
-87 227 86
-87 227 87
-87 227 88
-87 227 89
-87 227 90
-87 228 80
-87 228 81
-87 228 82
-87 228 83
-87 228 84
-87 228 85
-87 228 86
-87 228 87
-87 228 88
-87 228 89
-87 228 90
-87 228 91
-87 228 92
-87 228 93
-87 228 94
-87 228 95
-87 229 80
-87 229 81
-87 229 82
-87 229 83
-87 229 84
-87 229 85
-87 229 86
-87 229 87
-87 229 88
-87 229 89
-87 229 90
-87 229 91
-87 229 92
-87 229 93
-87 229 94
-87 230 80
-87 230 81
-87 230 82
-87 230 83
-87 230 84
-87 230 85
-87 230 86
-87 230 87
-87 230 88
-87 230 89
-87 230 90
-87 230 91
-87 230 92
-87 230 93
-87 230 94
-87 230 95
-87 231 80
-87 231 81
-87 231 82
-87 231 83
-87 231 84
-87 231 85
-87 231 86
-87 231 87
-87 231 88
-87 231 89
-87 231 90
-87 231 91
-87 231 92
-87 231 93
-87 231 95
-87 232 80
-87 232 81
-87 232 82
-87 232 83
-87 232 84
-87 232 85
-87 232 86
-87 232 87
-87 232 88
-87 232 89
-87 232 90
-87 232 91
-87 232 92
-87 232 93
-87 232 94
-87 232 95
-87 233 80
-87 233 81
-87 233 82
-87 233 83
-87 233 84
-87 233 85
-87 233 86
-87 233 87
-87 233 88
-87 233 89
-87 233 90
-87 233 91
-87 233 92
-87 233 93
-87 233 94
-87 233 95
-87 234 80
-87 234 81
-87 234 82
-87 234 83
-87 234 84
-87 234 85
-87 234 86
-87 234 87
-87 234 88
-87 234 89
-87 234 90
-87 234 91
-87 234 92
-87 234 93
-87 234 94
-87 234 95
-87 235 80
-87 235 81
-87 235 82
-87 235 83
-87 235 84
-87 235 85
-87 235 86
-87 235 87
-87 235 88
-87 235 89
-87 235 90
-87 235 91
-87 235 92
-87 235 93
-87 235 94
-87 235 95
-87 236 80
-87 236 81
-87 236 82
-87 236 83
-87 236 84
-87 236 85
-87 236 86
-87 236 87
-87 236 88
-87 236 89
-87 236 90
-87 236 91
-87 236 92
-87 236 93
-87 236 94
-87 236 95
-87 237 80
-87 237 81
-87 237 82
-87 237 83
-87 237 84
-87 237 85
-87 237 86
-87 237 87
-87 237 88
-87 237 89
-87 237 90
-87 237 91
-87 237 92
-87 237 93
-87 237 94
-87 237 95
-87 238 80
-87 238 81
-87 238 82
-87 238 83
-87 238 84
-87 238 85
-87 238 86
-87 238 87
-87 238 88
-87 238 89
-87 238 90
-87 238 91
-87 238 92
-87 238 93
-87 238 94
-87 238 95
-87 239 80
-87 239 81
-87 239 82
-87 239 83
-87 239 84
-87 239 85
-87 239 86
-87 239 87
-87 239 89
-87 239 90
-87 239 92
-87 239 93
-87 239 95
-87 240 80
-87 240 81
-87 240 82
-87 240 83
-87 240 84
-87 240 89
-87 240 92
-87 241 80
-87 241 81
-87 241 82
-87 241 83
-87 241 84
-87 242 80
-87 242 83
-87 243 80
-87 243 82
-86 225 80
-86 225 81
-86 225 82
-86 225 83
-86 225 84
-86 225 85
-86 225 86
-86 226 80
-86 226 81
-86 226 82
-86 226 83
-86 226 88
-86 227 80
-86 227 81
-86 227 82
-86 227 83
-86 227 84
-86 227 87
-86 227 88
-86 227 92
-86 227 93
-86 228 80
-86 228 81
-86 228 82
-86 228 83
-86 228 84
-86 228 85
-86 228 86
-86 228 87
-86 228 88
-86 228 90
-86 228 92
-86 228 93
-86 229 80
-86 229 81
-86 229 82
-86 229 83
-86 229 84
-86 229 85
-86 229 86
-86 229 87
-86 229 88
-86 229 89
-86 229 90
-86 229 91
-86 229 92
-86 229 93
-86 229 94
-86 230 80
-86 230 81
-86 230 82
-86 230 83
-86 230 84
-86 230 85
-86 230 86
-86 230 87
-86 230 88
-86 230 89
-86 230 90
-86 230 91
-86 230 92
-86 230 93
-86 230 94
-86 231 80
-86 231 81
-86 231 82
-86 231 83
-86 231 84
-86 231 85
-86 231 86
-86 231 87
-86 231 88
-86 231 89
-86 231 90
-86 231 91
-86 231 92
-86 231 93
-86 231 94
-86 232 80
-86 232 81
-86 232 82
-86 232 83
-86 232 84
-86 232 85
-86 232 86
-86 232 87
-86 232 88
-86 232 89
-86 232 90
-86 232 91
-86 232 92
-86 232 93
-86 232 94
-86 232 95
-86 233 80
-86 233 81
-86 233 82
-86 233 83
-86 233 84
-86 233 85
-86 233 86
-86 233 87
-86 233 88
-86 233 89
-86 233 90
-86 233 91
-86 233 92
-86 233 93
-86 233 94
-86 233 95
-86 234 80
-86 234 81
-86 234 82
-86 234 83
-86 234 84
-86 234 85
-86 234 86
-86 234 87
-86 234 88
-86 234 89
-86 234 90
-86 234 91
-86 234 92
-86 234 93
-86 234 94
-86 234 95
-86 235 80
-86 235 81
-86 235 82
-86 235 83
-86 235 84
-86 235 85
-86 235 86
-86 235 87
-86 235 88
-86 235 89
-86 235 90
-86 235 91
-86 235 92
-86 235 93
-86 235 94
-86 235 95
-86 236 80
-86 236 81
-86 236 82
-86 236 83
-86 236 84
-86 236 85
-86 236 86
-86 236 87
-86 236 88
-86 236 89
-86 236 90
-86 236 91
-86 236 92
-86 236 93
-86 236 94
-86 236 95
-86 237 80
-86 237 81
-86 237 82
-86 237 83
-86 237 84
-86 237 85
-86 237 86
-86 237 87
-86 237 88
-86 237 89
-86 237 90
-86 237 91
-86 237 92
-86 237 93
-86 237 94
-86 237 95
-86 238 80
-86 238 82
-86 238 83
-86 238 84
-86 238 85
-86 238 86
-86 238 88
-86 238 89
-86 238 90
-86 238 91
-86 238 92
-86 238 93
-86 238 95
-86 239 80
-86 239 81
-86 239 82
-86 239 83
-86 239 84
-86 239 85
-86 239 91
-86 239 95
-86 240 81
-86 240 82
-86 240 83
-86 240 84
-86 240 85
-86 240 86
-86 240 90
-86 241 80
-86 241 81
-86 241 83
-86 241 84
-86 242 80
-86 242 81
-86 242 83
-86 243 81
-86 243 82
-85 225 80
-85 225 81
-85 225 82
-85 225 83
-85 225 84
-85 226 80
-85 226 81
-85 226 83
-85 227 80
-85 227 81
-85 227 82
-85 227 83
-85 227 84
-85 227 85
-85 227 86
-85 228 80
-85 228 81
-85 228 82
-85 228 83
-85 228 84
-85 228 85
-85 228 87
-85 228 90
-85 228 93
-85 229 80
-85 229 81
-85 229 82
-85 229 83
-85 229 84
-85 229 85
-85 229 86
-85 229 87
-85 229 88
-85 229 89
-85 229 90
-85 229 92
-85 229 93
-85 229 94
-85 230 80
-85 230 81
-85 230 82
-85 230 83
-85 230 84
-85 230 85
-85 230 86
-85 230 87
-85 230 88
-85 230 89
-85 230 90
-85 230 91
-85 230 92
-85 230 93
-85 231 80
-85 231 81
-85 231 82
-85 231 83
-85 231 84
-85 231 85
-85 231 86
-85 231 87
-85 231 88
-85 231 89
-85 231 90
-85 231 91
-85 231 92
-85 231 93
-85 231 94
-85 231 95
-85 232 80
-85 232 81
-85 232 82
-85 232 83
-85 232 84
-85 232 85
-85 232 86
-85 232 87
-85 232 88
-85 232 89
-85 232 90
-85 232 91
-85 232 92
-85 232 93
-85 232 94
-85 232 95
-85 233 80
-85 233 81
-85 233 82
-85 233 83
-85 233 84
-85 233 85
-85 233 86
-85 233 87
-85 233 88
-85 233 89
-85 233 90
-85 233 91
-85 233 92
-85 233 93
-85 233 94
-85 233 95
-85 234 80
-85 234 81
-85 234 82
-85 234 83
-85 234 84
-85 234 85
-85 234 86
-85 234 87
-85 234 88
-85 234 89
-85 234 90
-85 234 91
-85 234 92
-85 234 93
-85 234 94
-85 234 95
-85 235 80
-85 235 81
-85 235 82
-85 235 83
-85 235 84
-85 235 85
-85 235 86
-85 235 87
-85 235 88
-85 235 89
-85 235 90
-85 235 91
-85 235 92
-85 235 93
-85 235 94
-85 235 95
-85 236 80
-85 236 81
-85 236 82
-85 236 83
-85 236 84
-85 236 85
-85 236 86
-85 236 87
-85 236 88
-85 236 89
-85 236 90
-85 236 91
-85 236 92
-85 236 93
-85 236 94
-85 236 95
-85 237 80
-85 237 81
-85 237 82
-85 237 83
-85 237 84
-85 237 85
-85 237 86
-85 237 87
-85 237 88
-85 237 89
-85 237 90
-85 237 92
-85 237 93
-85 237 94
-85 237 95
-85 238 80
-85 238 81
-85 238 82
-85 238 83
-85 238 84
-85 238 85
-85 238 86
-85 238 87
-85 238 89
-85 238 90
-85 238 92
-85 238 94
-85 238 95
-85 239 80
-85 239 81
-85 239 82
-85 239 83
-85 239 88
-85 239 89
-85 239 90
-85 239 94
-85 239 95
-85 240 80
-85 240 81
-85 240 82
-85 240 83
-85 240 84
-85 240 89
-85 240 90
-85 240 95
-85 241 80
-85 241 84
-85 241 90
-85 242 80
-85 243 82
-84 225 80
-84 225 81
-84 225 82
-84 226 80
-84 226 81
-84 226 82
-84 226 91
-84 227 80
-84 227 81
-84 227 82
-84 227 83
-84 227 84
-84 227 85
-84 227 86
-84 227 91
-84 227 93
-84 228 80
-84 228 81
-84 228 82
-84 228 83
-84 228 84
-84 228 85
-84 228 86
-84 228 87
-84 228 89
-84 228 91
-84 228 92
-84 228 93
-84 229 80
-84 229 81
-84 229 82
-84 229 83
-84 229 84
-84 229 85
-84 229 86
-84 229 88
-84 229 89
-84 229 90
-84 229 91
-84 229 92
-84 229 93
-84 229 94
-84 229 95
-84 230 80
-84 230 81
-84 230 82
-84 230 83
-84 230 84
-84 230 85
-84 230 86
-84 230 87
-84 230 88
-84 230 89
-84 230 90
-84 230 91
-84 230 92
-84 230 93
-84 230 94
-84 230 95
-84 231 80
-84 231 81
-84 231 82
-84 231 83
-84 231 84
-84 231 85
-84 231 86
-84 231 87
-84 231 88
-84 231 89
-84 231 90
-84 231 91
-84 231 92
-84 231 93
-84 231 94
-84 231 95
-84 232 80
-84 232 81
-84 232 82
-84 232 83
-84 232 84
-84 232 85
-84 232 86
-84 232 87
-84 232 88
-84 232 89
-84 232 90
-84 232 91
-84 232 92
-84 232 93
-84 232 94
-84 232 95
-84 233 80
-84 233 81
-84 233 82
-84 233 83
-84 233 84
-84 233 85
-84 233 86
-84 233 87
-84 233 88
-84 233 89
-84 233 90
-84 233 91
-84 233 92
-84 233 93
-84 233 94
-84 233 95
-84 234 80
-84 234 81
-84 234 82
-84 234 83
-84 234 84
-84 234 85
-84 234 86
-84 234 87
-84 234 88
-84 234 89
-84 234 90
-84 234 91
-84 234 92
-84 234 93
-84 234 94
-84 234 95
-84 235 80
-84 235 81
-84 235 82
-84 235 83
-84 235 84
-84 235 85
-84 235 86
-84 235 87
-84 235 88
-84 235 89
-84 235 90
-84 235 91
-84 235 92
-84 235 93
-84 235 94
-84 235 95
-84 236 80
-84 236 81
-84 236 82
-84 236 83
-84 236 84
-84 236 85
-84 236 86
-84 236 87
-84 236 88
-84 236 89
-84 236 90
-84 236 91
-84 236 92
-84 236 93
-84 236 94
-84 236 95
-84 237 80
-84 237 81
-84 237 82
-84 237 83
-84 237 84
-84 237 85
-84 237 86
-84 237 87
-84 237 88
-84 237 89
-84 237 90
-84 237 91
-84 237 92
-84 237 93
-84 237 94
-84 237 95
-84 238 80
-84 238 81
-84 238 82
-84 238 83
-84 238 84
-84 238 86
-84 238 87
-84 238 88
-84 238 89
-84 238 90
-84 238 91
-84 238 92
-84 238 93
-84 238 94
-84 238 95
-84 239 80
-84 239 81
-84 239 82
-84 239 83
-84 239 84
-84 239 85
-84 239 88
-84 239 89
-84 239 90
-84 239 91
-84 239 92
-84 239 94
-84 239 95
-84 240 80
-84 240 82
-84 240 89
-84 240 91
-84 240 95
-84 241 80
-84 241 81
-84 241 82
-84 241 89
-84 241 95
-83 225 80
-83 225 81
-83 225 82
-83 225 83
-83 226 80
-83 226 81
-83 226 82
-83 226 90
-83 226 92
-83 227 80
-83 227 81
-83 227 82
-83 227 88
-83 227 90
-83 227 91
-83 227 92
-83 228 80
-83 228 81
-83 228 82
-83 228 83
-83 228 84
-83 228 85
-83 228 88
-83 228 89
-83 228 90
-83 228 91
-83 228 92
-83 228 93
-83 229 80
-83 229 81
-83 229 82
-83 229 83
-83 229 84
-83 229 85
-83 229 86
-83 229 88
-83 229 89
-83 229 90
-83 229 91
-83 229 92
-83 230 80
-83 230 81
-83 230 82
-83 230 83
-83 230 84
-83 230 85
-83 230 86
-83 230 87
-83 230 88
-83 230 89
-83 230 90
-83 230 91
-83 230 92
-83 230 93
-83 230 94
-83 231 80
-83 231 81
-83 231 82
-83 231 83
-83 231 84
-83 231 85
-83 231 86
-83 231 87
-83 231 88
-83 231 89
-83 231 90
-83 231 91
-83 231 92
-83 231 93
-83 231 94
-83 231 95
-83 232 80
-83 232 81
-83 232 82
-83 232 83
-83 232 84
-83 232 85
-83 232 86
-83 232 87
-83 232 88
-83 232 89
-83 232 90
-83 232 91
-83 232 92
-83 232 93
-83 232 94
-83 232 95
-83 233 80
-83 233 81
-83 233 82
-83 233 83
-83 233 84
-83 233 85
-83 233 86
-83 233 87
-83 233 88
-83 233 89
-83 233 90
-83 233 91
-83 233 92
-83 233 93
-83 233 94
-83 233 95
-83 234 80
-83 234 81
-83 234 82
-83 234 83
-83 234 84
-83 234 85
-83 234 86
-83 234 87
-83 234 88
-83 234 89
-83 234 90
-83 234 91
-83 234 92
-83 234 93
-83 234 94
-83 234 95
-83 235 80
-83 235 81
-83 235 82
-83 235 83
-83 235 84
-83 235 85
-83 235 86
-83 235 87
-83 235 88
-83 235 89
-83 235 90
-83 235 91
-83 235 92
-83 235 93
-83 235 94
-83 235 95
-83 236 80
-83 236 81
-83 236 82
-83 236 83
-83 236 84
-83 236 85
-83 236 86
-83 236 87
-83 236 88
-83 236 89
-83 236 90
-83 236 91
-83 236 92
-83 236 93
-83 236 94
-83 236 95
-83 237 80
-83 237 81
-83 237 82
-83 237 83
-83 237 84
-83 237 85
-83 237 86
-83 237 87
-83 237 88
-83 237 89
-83 237 90
-83 237 91
-83 237 92
-83 237 93
-83 237 94
-83 237 95
-83 238 80
-83 238 81
-83 238 82
-83 238 83
-83 238 84
-83 238 85
-83 238 86
-83 238 87
-83 238 88
-83 238 90
-83 238 91
-83 238 92
-83 238 93
-83 238 94
-83 238 95
-83 239 80
-83 239 81
-83 239 82
-83 239 83
-83 239 84
-83 239 85
-83 239 87
-83 239 89
-83 239 90
-83 239 91
-83 239 93
-83 239 94
-83 239 95
-83 240 81
-83 240 83
-83 240 90
-83 240 94
-83 240 95
-83 241 80
-83 242 95
-82 225 80
-82 225 82
-82 225 91
-82 226 80
-82 226 82
-82 227 80
-82 227 81
-82 227 82
-82 227 83
-82 227 89
-82 227 91
-82 228 80
-82 228 81
-82 228 82
-82 228 83
-82 228 84
-82 228 88
-82 228 89
-82 228 90
-82 228 91
-82 228 92
-82 229 80
-82 229 81
-82 229 82
-82 229 83
-82 229 84
-82 229 85
-82 229 86
-82 229 87
-82 229 88
-82 229 89
-82 229 90
-82 229 91
-82 229 92
-82 229 93
-82 229 94
-82 230 80
-82 230 81
-82 230 82
-82 230 83
-82 230 84
-82 230 85
-82 230 86
-82 230 87
-82 230 88
-82 230 89
-82 230 90
-82 230 91
-82 230 92
-82 230 93
-82 230 94
-82 230 95
-82 231 80
-82 231 81
-82 231 82
-82 231 83
-82 231 84
-82 231 85
-82 231 86
-82 231 87
-82 231 88
-82 231 89
-82 231 90
-82 231 91
-82 231 92
-82 231 93
-82 231 94
-82 231 95
-82 232 80
-82 232 81
-82 232 82
-82 232 83
-82 232 84
-82 232 85
-82 232 86
-82 232 87
-82 232 88
-82 232 89
-82 232 90
-82 232 91
-82 232 92
-82 232 93
-82 232 94
-82 232 95
-82 233 80
-82 233 81
-82 233 82
-82 233 83
-82 233 84
-82 233 85
-82 233 86
-82 233 87
-82 233 88
-82 233 89
-82 233 90
-82 233 91
-82 233 92
-82 233 93
-82 233 94
-82 233 95
-82 234 80
-82 234 81
-82 234 82
-82 234 83
-82 234 84
-82 234 85
-82 234 86
-82 234 87
-82 234 88
-82 234 89
-82 234 90
-82 234 91
-82 234 92
-82 234 93
-82 234 94
-82 234 95
-82 235 80
-82 235 81
-82 235 82
-82 235 83
-82 235 84
-82 235 85
-82 235 86
-82 235 87
-82 235 88
-82 235 89
-82 235 90
-82 235 91
-82 235 92
-82 235 93
-82 235 94
-82 235 95
-82 236 80
-82 236 81
-82 236 82
-82 236 83
-82 236 84
-82 236 85
-82 236 86
-82 236 87
-82 236 88
-82 236 89
-82 236 90
-82 236 91
-82 236 92
-82 236 93
-82 236 94
-82 236 95
-82 237 80
-82 237 81
-82 237 82
-82 237 83
-82 237 84
-82 237 85
-82 237 86
-82 237 87
-82 237 88
-82 237 90
-82 237 91
-82 237 92
-82 237 93
-82 237 94
-82 237 95
-82 238 80
-82 238 81
-82 238 82
-82 238 83
-82 238 84
-82 238 85
-82 238 86
-82 238 89
-82 238 90
-82 238 93
-82 238 94
-82 238 95
-82 239 80
-82 239 81
-82 239 82
-82 239 83
-82 239 84
-82 239 85
-82 239 86
-82 239 89
-82 239 90
-82 239 91
-82 239 93
-82 239 94
-82 239 95
-82 240 80
-82 240 81
-82 240 82
-82 240 83
-82 240 84
-82 240 90
-82 241 80
-82 241 81
-82 241 83
-82 241 95
-82 242 81
-82 242 95
-82 243 80
-81 225 80
-81 225 81
-81 225 90
-81 225 91
-81 225 92
-81 226 80
-81 226 81
-81 226 82
-81 226 84
-81 226 90
-81 226 91
-81 226 92
-81 227 80
-81 227 81
-81 227 82
-81 227 83
-81 227 84
-81 227 90
-81 227 92
-81 228 80
-81 228 81
-81 228 82
-81 228 83
-81 228 84
-81 228 85
-81 228 87
-81 228 89
-81 228 90
-81 228 91
-81 228 92
-81 228 93
-81 229 80
-81 229 81
-81 229 82
-81 229 83
-81 229 84
-81 229 85
-81 229 86
-81 229 87
-81 229 88
-81 229 89
-81 229 90
-81 229 91
-81 229 92
-81 229 93
-81 230 80
-81 230 81
-81 230 82
-81 230 83
-81 230 84
-81 230 85
-81 230 86
-81 230 87
-81 230 88
-81 230 89
-81 230 90
-81 230 91
-81 230 92
-81 230 93
-81 230 94
-81 230 95
-81 231 80
-81 231 81
-81 231 82
-81 231 83
-81 231 84
-81 231 85
-81 231 86
-81 231 87
-81 231 88
-81 231 89
-81 231 90
-81 231 91
-81 231 92
-81 231 93
-81 231 94
-81 231 95
-81 232 80
-81 232 81
-81 232 82
-81 232 83
-81 232 84
-81 232 85
-81 232 86
-81 232 87
-81 232 88
-81 232 89
-81 232 90
-81 232 91
-81 232 92
-81 232 93
-81 232 94
-81 232 95
-81 233 80
-81 233 81
-81 233 82
-81 233 83
-81 233 84
-81 233 85
-81 233 86
-81 233 87
-81 233 88
-81 233 89
-81 233 90
-81 233 91
-81 233 92
-81 233 93
-81 233 94
-81 233 95
-81 234 80
-81 234 81
-81 234 82
-81 234 83
-81 234 84
-81 234 85
-81 234 86
-81 234 87
-81 234 88
-81 234 89
-81 234 90
-81 234 91
-81 234 92
-81 234 93
-81 234 94
-81 235 80
-81 235 81
-81 235 82
-81 235 83
-81 235 84
-81 235 85
-81 235 86
-81 235 87
-81 235 88
-81 235 89
-81 235 90
-81 235 91
-81 235 92
-81 235 93
-81 235 94
-81 235 95
-81 236 80
-81 236 81
-81 236 82
-81 236 83
-81 236 84
-81 236 85
-81 236 86
-81 236 87
-81 236 88
-81 236 89
-81 236 90
-81 236 91
-81 236 92
-81 236 93
-81 236 94
-81 236 95
-81 237 80
-81 237 81
-81 237 82
-81 237 83
-81 237 84
-81 237 85
-81 237 86
-81 237 87
-81 237 88
-81 237 89
-81 237 90
-81 237 91
-81 237 92
-81 237 93
-81 237 94
-81 237 95
-81 238 80
-81 238 81
-81 238 82
-81 238 83
-81 238 84
-81 238 85
-81 238 86
-81 238 87
-81 238 88
-81 238 89
-81 238 90
-81 238 93
-81 238 94
-81 238 95
-81 239 80
-81 239 81
-81 239 82
-81 239 83
-81 239 84
-81 239 86
-81 239 90
-81 239 91
-81 239 93
-81 239 94
-81 239 95
-81 240 80
-81 240 81
-81 240 82
-81 240 83
-81 240 84
-81 240 94
-81 240 95
-81 241 84
-81 241 95
-81 242 80
-81 242 81
-81 242 82
-81 243 80

