alfheim:altWood1
12
176 226 -35
176 226 -34
176 227 -37
176 227 -36
176 227 -35
176 227 -34
176 227 -33
176 228 -38
176 228 -37
176 228 -36
176 228 -35
176 228 -34
176 228 -33
176 229 -43
176 229 -41
176 229 -40
176 229 -38
176 229 -37
176 229 -36
176 229 -35
176 229 -34
176 229 -33
176 230 -43
176 230 -42
176 230 -39
176 230 -38
176 230 -37
176 230 -36
176 230 -35
176 230 -34
176 230 -33
176 231 -44
176 231 -39
176 231 -38
176 231 -37
176 231 -36
176 231 -35
176 231 -34
176 231 -33
176 232 -39
176 232 -38
176 232 -37
176 232 -36
176 232 -35
176 232 -34
176 232 -33
176 233 -37
176 233 -36
176 233 -35
176 233 -34
176 233 -33
176 234 -36
176 234 -35
176 234 -34
176 234 -33
177 227 -36
177 227 -35
177 227 -34
177 228 -37
177 228 -36
177 228 -35
177 228 -34
177 228 -33
177 229 -38
177 229 -37
177 229 -36
177 229 -35
177 229 -34
177 229 -33
177 230 -44
177 230 -43
177 230 -42
177 230 -38
177 230 -37
177 230 -36
177 230 -35
177 230 -34
177 230 -33
177 231 -45
177 231 -38
177 231 -37
177 231 -36
177 231 -35
177 231 -34
177 231 -33
177 232 -40
177 232 -39
177 232 -38
177 232 -37
177 232 -36
177 232 -35
177 232 -34
177 232 -33
177 233 -41
177 233 -40
177 233 -39
177 233 -37
177 233 -36
177 233 -35
177 233 -34
177 233 -33
177 234 -41
177 234 -36
177 234 -35
177 234 -34
177 234 -33
177 240 -48
178 228 -35
178 228 -34
178 229 -36
178 229 -35
178 229 -34
178 229 -33
178 230 -43
178 230 -37
178 230 -36
178 230 -35
178 230 -34
178 230 -33
178 231 -45
178 231 -44
178 231 -37
178 231 -36
178 231 -35
178 231 -34
178 231 -33
178 232 -46
178 232 -39
178 232 -37
178 232 -36
178 232 -35
178 232 -34
178 232 -33
178 233 -40
178 233 -39
178 233 -38
178 233 -37
178 233 -36
178 233 -35
178 233 -34
178 233 -33
178 234 -42
178 234 -41
178 234 -36
178 234 -35
178 234 -34
178 234 -33
179 229 -35
179 229 -34
179 230 -36
179 230 -35
179 230 -34
179 230 -33
179 231 -46
179 231 -45
179 231 -37
179 231 -36
179 231 -35
179 231 -34
179 231 -33
179 232 -47
179 232 -46
179 232 -37
179 232 -36
179 232 -35
179 232 -34
179 232 -33
179 233 -41
179 233 -39
179 233 -37
179 233 -36
179 233 -35
179 233 -34
179 233 -33
179 234 -42
179 234 -41
179 234 -40
179 234 -36
179 234 -35
179 234 -34
179 234 -33
179 235 -43
179 235 -42
179 236 -43
180 230 -36
180 230 -35
180 230 -34
180 231 -37
180 231 -36
180 231 -35
180 231 -34
180 231 -33
180 232 -48
180 232 -47
180 232 -46
180 232 -37
180 232 -36
180 232 -35
180 232 -34
180 232 -33
180 233 -48
180 233 -37
180 233 -36
180 233 -35
180 233 -34
180 233 -33
180 234 -36
180 234 -35
180 234 -34
180 234 -33
180 235 -43
180 235 -42
180 235 -41
180 236 -45
180 236 -44
180 236 -43
180 237 -45
181 230 -36
181 230 -35
181 231 -37
181 231 -36
181 231 -35
181 231 -34
181 231 -33
181 232 -37
181 232 -36
181 232 -35
181 232 -34
181 232 -33
181 233 -48
181 233 -37
181 233 -36
181 233 -35
181 233 -34
181 233 -33
181 234 -36
181 234 -35
181 234 -34
181 234 -33
181 235 -36
181 235 -35
181 235 -34
181 236 -43
181 236 -42
181 237 -46
181 237 -45
181 237 -44
181 238 -46
182 231 -36
182 231 -35
182 231 -34
182 232 -37
182 232 -36
182 232 -35
182 232 -34
182 233 -36
182 233 -35
182 233 -34
182 233 -33
182 234 -36
182 234 -35
182 234 -34
182 234 -33
182 235 -36
182 235 -35
182 235 -34
182 235 -33
182 236 -42
182 236 -36
182 236 -35
182 236 -34
182 238 -47
182 238 -46
182 239 -48
182 239 -47
183 231 -35
183 232 -36
183 232 -35
183 233 -36
183 233 -35
183 233 -34
183 234 -36
183 234 -35
183 234 -34
183 234 -33
183 235 -36
183 235 -35
183 235 -34
183 235 -33
183 236 -36
183 236 -35
183 236 -34
183 236 -33
183 237 -42
183 239 -48
184 234 -36
184 234 -35
184 234 -34
184 235 -36
184 235 -35
184 235 -34
184 235 -33
184 236 -36
184 236 -35
184 236 -34
184 236 -33
184 237 -43
184 237 -35
184 237 -34
184 237 -33
185 236 -35
185 236 -34
185 236 -33
185 237 -35
185 237 -34
185 237 -33
185 238 -43
185 238 -35
185 238 -34
185 238 -33
186 236 -35
186 236 -34
186 236 -33
186 237 -35
186 237 -34
186 237 -33
186 238 -43
186 238 -35
186 238 -34
186 238 -33
187 237 -34
187 237 -33
187 238 -33
187 239 -33
188 238 -34
188 238 -33
188 239 -33
189 239 -34
189 239 -33
189 240 -33
190 239 -34
190 240 -34
190 240 -33
191 240 -35
alfheim:altLeaves
6
176 237 -35
176 237 -34
176 237 -33
176 238 -42
176 238 -37
176 238 -36
176 238 -35
176 238 -34
176 238 -33
176 239 -48
176 239 -47
176 239 -46
176 239 -45
176 239 -44
176 239 -43
176 239 -41
176 239 -39
176 239 -38
176 239 -37
176 239 -36
176 239 -35
176 239 -34
176 240 -48
176 240 -47
176 240 -46
176 240 -45
176 240 -44
176 240 -43
176 240 -42
176 240 -41
176 240 -40
176 240 -39
176 240 -38
176 240 -37
176 240 -36
176 240 -35
176 240 -34
176 240 -33
176 241 -48
176 241 -47
176 241 -46
176 241 -45
176 241 -44
176 241 -43
176 241 -42
176 241 -41
176 241 -40
176 241 -39
176 241 -38
176 241 -37
176 241 -36
176 241 -35
176 241 -34
176 241 -33
176 242 -48
176 242 -47
176 242 -46
176 242 -45
176 242 -44
176 242 -43
176 242 -42
176 242 -41
176 242 -40
176 242 -39
176 242 -38
176 242 -37
176 242 -36
176 242 -35
176 242 -34
176 242 -33
176 243 -48
176 243 -47
176 243 -46
176 243 -45
176 243 -44
176 243 -43
176 243 -42
176 243 -41
176 243 -40
176 243 -39
176 243 -38
176 243 -37
176 243 -36
176 243 -35
176 243 -34
176 243 -33
176 244 -48
176 244 -47
176 244 -46
176 244 -45
176 244 -44
176 244 -43
176 244 -42
176 244 -41
176 244 -40
176 244 -39
176 244 -38
176 244 -37
176 244 -36
176 244 -35
176 244 -34
176 244 -33
176 245 -48
176 245 -47
176 245 -46
176 245 -45
176 245 -44
176 245 -43
176 245 -42
176 245 -41
176 245 -40
176 245 -39
176 245 -38
176 245 -37
176 245 -36
176 245 -35
176 245 -34
176 245 -33
176 246 -48
176 246 -47
176 246 -46
176 246 -45
176 246 -44
176 246 -43
176 246 -42
176 246 -41
176 246 -40
176 246 -39
176 246 -38
176 246 -37
176 246 -36
176 246 -35
176 246 -34
176 246 -33
176 247 -48
176 247 -47
176 247 -46
176 247 -45
176 247 -44
176 247 -43
176 247 -41
176 247 -40
176 247 -39
176 247 -37
176 247 -36
176 247 -35
176 247 -34
176 248 -47
176 248 -46
176 248 -45
176 248 -42
176 248 -41
176 248 -39
176 248 -38
176 248 -37
176 248 -36
176 248 -35
176 248 -34
176 249 -36
176 249 -34
177 236 -41
177 237 -42
177 237 -41
177 237 -34
177 238 -42
177 238 -41
177 238 -40
177 238 -35
177 239 -47
177 239 -46
177 239 -45
177 239 -44
177 239 -43
177 239 -42
177 239 -41
177 239 -40
177 239 -39
177 239 -37
177 239 -35
177 239 -34
177 239 -33
177 240 -47
177 240 -45
177 240 -43
177 240 -42
177 240 -41
177 240 -40
177 240 -39
177 240 -38
177 240 -37
177 240 -36
177 240 -35
177 240 -34
177 240 -33
177 241 -48
177 241 -47
177 241 -46
177 241 -45
177 241 -44
177 241 -43
177 241 -42
177 241 -41
177 241 -40
177 241 -39
177 241 -38
177 241 -37
177 241 -36
177 241 -35
177 241 -34
177 241 -33
177 242 -48
177 242 -47
177 242 -46
177 242 -45
177 242 -44
177 242 -43
177 242 -42
177 242 -41
177 242 -40
177 242 -39
177 242 -38
177 242 -37
177 242 -36
177 242 -35
177 242 -34
177 242 -33
177 243 -48
177 243 -47
177 243 -46
177 243 -45
177 243 -44
177 243 -43
177 243 -42
177 243 -41
177 243 -40
177 243 -39
177 243 -38
177 243 -37
177 243 -36
177 243 -35
177 243 -34
177 243 -33
177 244 -48
177 244 -47
177 244 -46
177 244 -45
177 244 -44
177 244 -43
177 244 -42
177 244 -41
177 244 -40
177 244 -39
177 244 -38
177 244 -37
177 244 -36
177 244 -35
177 244 -34
177 244 -33
177 245 -48
177 245 -47
177 245 -46
177 245 -45
177 245 -44
177 245 -43
177 245 -42
177 245 -41
177 245 -40
177 245 -39
177 245 -38
177 245 -37
177 245 -36
177 245 -35
177 245 -34
177 245 -33
177 246 -48
177 246 -47
177 246 -46
177 246 -45
177 246 -44
177 246 -43
177 246 -42
177 246 -41
177 246 -40
177 246 -39
177 246 -38
177 246 -37
177 246 -36
177 246 -35
177 246 -34
177 247 -47
177 247 -46
177 247 -45
177 247 -44
177 247 -43
177 247 -42
177 247 -41
177 247 -40
177 247 -39
177 247 -38
177 247 -37
177 247 -36
177 247 -35
177 248 -47
177 248 -46
177 248 -45
177 248 -43
177 248 -42
177 248 -41
177 248 -39
177 248 -37
177 248 -36
177 248 -35
177 249 -46
177 249 -42
177 249 -41
177 249 -36
178 235 -42
178 236 -43
178 236 -42
178 236 -41
178 237 -44
178 237 -43
178 237 -42
178 238 -44
178 238 -42
178 238 -41
178 238 -40
178 238 -38
178 238 -36
178 238 -34
178 239 -48
178 239 -44
178 239 -43
178 239 -42
178 239 -41
178 239 -39
178 239 -38
178 239 -37
178 239 -36
178 239 -35
178 239 -34
178 239 -33
178 240 -48
178 240 -47
178 240 -45
178 240 -44
178 240 -43
178 240 -42
178 240 -41
178 240 -40
178 240 -39
178 240 -38
178 240 -37
178 240 -36
178 240 -35
178 240 -34
178 240 -33
178 241 -48
178 241 -47
178 241 -46
178 241 -45
178 241 -44
178 241 -43
178 241 -42
178 241 -41
178 241 -40
178 241 -39
178 241 -38
178 241 -37
178 241 -36
178 241 -35
178 241 -34
178 241 -33
178 242 -48
178 242 -47
178 242 -46
178 242 -45
178 242 -44
178 242 -43
178 242 -42
178 242 -41
178 242 -40
178 242 -39
178 242 -38
178 242 -37
178 242 -36
178 242 -35
178 242 -34
178 242 -33
178 243 -48
178 243 -47
178 243 -46
178 243 -45
178 243 -44
178 243 -43
178 243 -42
178 243 -41
178 243 -40
178 243 -39
178 243 -38
178 243 -37
178 243 -36
178 243 -35
178 243 -34
178 243 -33
178 244 -48
178 244 -47
178 244 -46
178 244 -45
178 244 -44
178 244 -43
178 244 -42
178 244 -41
178 244 -40
178 244 -39
178 244 -38
178 244 -37
178 244 -36
178 244 -35
178 244 -34
178 244 -33
178 245 -48
178 245 -47
178 245 -46
178 245 -45
178 245 -44
178 245 -43
178 245 -42
178 245 -41
178 245 -40
178 245 -39
178 245 -38
178 245 -37
178 245 -36
178 245 -35
178 245 -34
178 245 -33
178 246 -48
178 246 -47
178 246 -46
178 246 -45
178 246 -44
178 246 -43
178 246 -42
178 246 -41
178 246 -40
178 246 -38
178 246 -37
178 246 -36
178 246 -35
178 246 -34
178 246 -33
178 247 -48
178 247 -47
178 247 -46
178 247 -45
178 247 -44
178 247 -43
178 247 -42
178 247 -41
178 247 -40
178 247 -38
178 247 -37
178 247 -36
178 247 -35
178 247 -34
178 247 -33
178 248 -48
178 248 -47
178 248 -46
178 248 -43
178 248 -42
178 248 -41
178 248 -40
178 248 -38
178 248 -37
178 248 -36
178 248 -35
178 248 -34
178 248 -33
178 249 -42
178 249 -35
178 249 -34
178 250 -46
178 250 -45
178 251 -46
179 235 -41
179 236 -42
179 236 -41
179 236 -40
179 237 -48
179 237 -43
179 237 -42
179 237 -35
179 237 -34
179 238 -43
179 238 -42
179 238 -41
179 238 -39
179 238 -36
179 238 -35
179 238 -34
179 238 -33
179 239 -43
179 239 -42
179 239 -41
179 239 -40
179 239 -39
179 239 -38
179 239 -37
179 239 -36
179 239 -35
179 239 -34
179 239 -33
179 240 -48
179 240 -47
179 240 -46
179 240 -45
179 240 -44
179 240 -43
179 240 -42
179 240 -41
179 240 -40
179 240 -39
179 240 -38
179 240 -37
179 240 -36
179 240 -35
179 240 -34
179 240 -33
179 241 -48
179 241 -47
179 241 -46
179 241 -45
179 241 -44
179 241 -43
179 241 -42
179 241 -41
179 241 -40
179 241 -39
179 241 -38
179 241 -37
179 241 -36
179 241 -35
179 241 -34
179 241 -33
179 242 -48
179 242 -47
179 242 -46
179 242 -45
179 242 -44
179 242 -43
179 242 -42
179 242 -41
179 242 -40
179 242 -39
179 242 -38
179 242 -37
179 242 -36
179 242 -35
179 242 -34
179 242 -33
179 243 -48
179 243 -47
179 243 -46
179 243 -45
179 243 -44
179 243 -43
179 243 -42
179 243 -41
179 243 -40
179 243 -39
179 243 -38
179 243 -37
179 243 -36
179 243 -35
179 243 -34
179 243 -33
179 244 -48
179 244 -47
179 244 -46
179 244 -45
179 244 -44
179 244 -43
179 244 -42
179 244 -41
179 244 -40
179 244 -39
179 244 -38
179 244 -37
179 244 -36
179 244 -35
179 244 -34
179 244 -33
179 245 -48
179 245 -47
179 245 -46
179 245 -45
179 245 -44
179 245 -43
179 245 -42
179 245 -41
179 245 -40
179 245 -39
179 245 -38
179 245 -37
179 245 -36
179 245 -35
179 245 -34
179 245 -33
179 246 -48
179 246 -47
179 246 -46
179 246 -45
179 246 -44
179 246 -43
179 246 -42
179 246 -41
179 246 -40
179 246 -39
179 246 -38
179 246 -37
179 246 -36
179 246 -35
179 246 -34
179 246 -33
179 247 -48
179 247 -47
179 247 -46
179 247 -45
179 247 -44
179 247 -43
179 247 -42
179 247 -41
179 247 -40
179 247 -39
179 247 -38
179 247 -37
179 247 -36
179 247 -35
179 247 -34
179 247 -33
179 248 -48
179 248 -47
179 248 -46
179 248 -45
179 248 -44
179 248 -42
179 248 -41
179 248 -39
179 248 -38
179 248 -37
179 248 -36
179 248 -35
179 248 -34
179 248 -33
179 249 -48
179 249 -46
179 249 -45
179 249 -44
179 249 -43
179 249 -35
179 249 -34
179 249 -33
179 250 -47
179 250 -46
179 250 -45
179 250 -35
179 251 -46
179 251 -35
180 236 -48
180 236 -42
180 236 -41
180 237 -48
180 237 -43
180 237 -42
180 237 -41
180 237 -35
180 238 -48
180 238 -47
180 238 -43
180 238 -42
180 238 -36
180 238 -35
180 238 -34
180 238 -33
180 239 -48
180 239 -47
180 239 -44
180 239 -42
180 239 -41
180 239 -40
180 239 -39
180 239 -36
180 239 -35
180 239 -34
180 240 -48
180 240 -47
180 240 -46
180 240 -45
180 240 -44
180 240 -43
180 240 -41
180 240 -40
180 240 -38
180 240 -37
180 240 -36
180 240 -35
180 240 -34
180 240 -33
180 241 -48
180 241 -47
180 241 -46
180 241 -45
180 241 -44
180 241 -43
180 241 -42
180 241 -41
180 241 -40
180 241 -39
180 241 -38
180 241 -37
180 241 -36
180 241 -35
180 241 -34
180 241 -33
180 242 -48
180 242 -47
180 242 -46
180 242 -45
180 242 -44
180 242 -43
180 242 -42
180 242 -41
180 242 -40
180 242 -39
180 242 -38
180 242 -37
180 242 -36
180 242 -35
180 242 -34
180 242 -33
180 243 -48
180 243 -47
180 243 -46
180 243 -45
180 243 -44
180 243 -43
180 243 -42
180 243 -41
180 243 -40
180 243 -39
180 243 -38
180 243 -37
180 243 -36
180 243 -35
180 243 -34
180 243 -33
180 244 -48
180 244 -47
180 244 -46
180 244 -45
180 244 -44
180 244 -43
180 244 -42
180 244 -41
180 244 -40
180 244 -39
180 244 -38
180 244 -37
180 244 -36
180 244 -35
180 244 -34
180 244 -33
180 245 -48
180 245 -47
180 245 -46
180 245 -45
180 245 -44
180 245 -43
180 245 -42
180 245 -41
180 245 -40
180 245 -39
180 245 -38
180 245 -37
180 245 -36
180 245 -35
180 245 -34
180 245 -33
180 246 -48
180 246 -47
180 246 -46
180 246 -45
180 246 -44
180 246 -43
180 246 -42
180 246 -41
180 246 -39
180 246 -38
180 246 -37
180 246 -36
180 246 -35
180 246 -34
180 246 -33
180 247 -48
180 247 -47
180 247 -46
180 247 -45
180 247 -44
180 247 -43
180 247 -42
180 247 -41
180 247 -38
180 247 -37
180 247 -36
180 247 -35
180 247 -34
180 247 -33
180 248 -48
180 248 -47
180 248 -46
180 248 -45
180 248 -44
180 248 -43
180 248 -42
180 248 -41
180 248 -38
180 248 -37
180 248 -36
180 248 -35
180 248 -34
180 248 -33
180 249 -48
180 249 -47
180 249 -46
180 249 -45
180 249 -44
180 249 -43
180 249 -42
180 249 -38
180 249 -37
180 249 -36
180 249 -35
180 249 -33
180 250 -48
180 250 -47
180 250 -46
180 250 -45
180 250 -36
180 250 -33
180 251 -48
180 251 -46
180 251 -45
180 251 -44
180 252 -45
181 237 -42
181 237 -34
181 237 -33
181 238 -43
181 238 -42
181 238 -34
181 238 -33
181 239 -48
181 239 -45
181 239 -44
181 239 -41
181 239 -36
181 239 -35
181 239 -34
181 239 -33
181 240 -48
181 240 -47
181 240 -46
181 240 -45
181 240 -44
181 240 -41
181 240 -40
181 240 -39
181 240 -38
181 240 -37
181 240 -36
181 240 -35
181 240 -34
181 240 -33
181 241 -48
181 241 -47
181 241 -46
181 241 -45
181 241 -44
181 241 -42
181 241 -41
181 241 -40
181 241 -39
181 241 -38
181 241 -37
181 241 -36
181 241 -35
181 241 -34
181 241 -33
181 242 -48
181 242 -45
181 242 -44
181 242 -43
181 242 -42
181 242 -41
181 242 -40
181 242 -39
181 242 -38
181 242 -37
181 242 -36
181 242 -35
181 242 -34
181 242 -33
181 243 -48
181 243 -47
181 243 -46
181 243 -45
181 243 -44
181 243 -43
181 243 -42
181 243 -41
181 243 -40
181 243 -39
181 243 -38
181 243 -37
181 243 -36
181 243 -35
181 243 -34
181 243 -33
181 244 -48
181 244 -47
181 244 -46
181 244 -45
181 244 -44
181 244 -43
181 244 -42
181 244 -41
181 244 -40
181 244 -39
181 244 -38
181 244 -37
181 244 -36
181 244 -35
181 244 -34
181 244 -33
181 245 -48
181 245 -47
181 245 -46
181 245 -45
181 245 -44
181 245 -43
181 245 -42
181 245 -41
181 245 -40
181 245 -39
181 245 -38
181 245 -37
181 245 -36
181 245 -35
181 245 -34
181 245 -33
181 246 -48
181 246 -47
181 246 -46
181 246 -45
181 246 -43
181 246 -42
181 246 -41
181 246 -40
181 246 -39
181 246 -38
181 246 -37
181 246 -36
181 246 -35
181 246 -34
181 246 -33
181 247 -48
181 247 -47
181 247 -46
181 247 -45
181 247 -44
181 247 -43
181 247 -42
181 247 -38
181 247 -37
181 247 -36
181 247 -35
181 247 -34
181 247 -33
181 248 -48
181 248 -47
181 248 -46
181 248 -45
181 248 -44
181 248 -37
181 248 -36
181 248 -35
181 248 -34
181 248 -33
181 249 -48
181 249 -47
181 249 -46
181 249 -45
181 249 -44
181 249 -38
181 249 -37
181 249 -36
181 249 -35
181 249 -34
181 249 -33
181 250 -48
181 250 -47
181 250 -46
181 250 -45
181 250 -44
181 250 -37
181 250 -36
181 250 -35
181 251 -45
182 236 -33
182 237 -42
182 237 -34
182 237 -33
182 238 -48
182 238 -34
182 238 -33
182 239 -46
182 239 -35
182 239 -34
182 239 -33
182 240 -48
182 240 -47
182 240 -46
182 240 -45
182 240 -42
182 240 -41
182 240 -38
182 240 -37
182 240 -36
182 240 -35
182 240 -34
182 240 -33
182 241 -48
182 241 -47
182 241 -46
182 241 -45
182 241 -44
182 241 -43
182 241 -42
182 241 -40
182 241 -39
182 241 -38
182 241 -37
182 241 -36
182 241 -35
182 241 -34
182 241 -33
182 242 -48
182 242 -47
182 242 -46
182 242 -44
182 242 -43
182 242 -42
182 242 -41
182 242 -40
182 242 -39
182 242 -38
182 242 -37
182 242 -36
182 242 -35
182 242 -34
182 242 -33
182 243 -48
182 243 -47
182 243 -46
182 243 -45
182 243 -44
182 243 -43
182 243 -42
182 243 -41
182 243 -39
182 243 -38
182 243 -37
182 243 -36
182 243 -35
182 243 -34
182 243 -33
182 244 -48
182 244 -47
182 244 -46
182 244 -45
182 244 -44
182 244 -43
182 244 -42
182 244 -41
182 244 -40
182 244 -39
182 244 -38
182 244 -37
182 244 -36
182 244 -35
182 244 -34
182 244 -33
182 245 -48
182 245 -47
182 245 -46
182 245 -45
182 245 -44
182 245 -43
182 245 -42
182 245 -41
182 245 -40
182 245 -39
182 245 -38
182 245 -37
182 245 -36
182 245 -35
182 245 -34
182 245 -33
182 246 -48
182 246 -47
182 246 -46
182 246 -45
182 246 -44
182 246 -43
182 246 -42
182 246 -41
182 246 -40
182 246 -39
182 246 -38
182 246 -37
182 246 -36
182 246 -35
182 246 -34
182 246 -33
182 247 -48
182 247 -47
182 247 -46
182 247 -45
182 247 -44
182 247 -43
182 247 -42
182 247 -41
182 247 -40
182 247 -38
182 247 -37
182 247 -36
182 247 -35
182 247 -34
182 247 -33
182 248 -48
182 248 -47
182 248 -46
182 248 -45
182 248 -44
182 248 -43
182 248 -42
182 248 -41
182 248 -37
182 248 -36
182 248 -35
182 248 -34
182 248 -33
182 249 -48
182 249 -47
182 249 -46
182 249 -45
182 249 -44
182 249 -43
182 249 -42
182 249 -39
182 249 -38
182 249 -37
182 249 -36
182 249 -35
182 249 -34
182 249 -33
182 250 -48
182 250 -46
182 250 -45
182 250 -44
182 250 -43
182 250 -37
182 250 -36
182 250 -35
182 250 -34
182 251 -46
182 251 -45
182 251 -44
182 251 -37
182 251 -36
182 251 -35
182 251 -34
182 252 -45
183 234 -48
183 237 -33
183 238 -35
183 238 -33
183 239 -46
183 239 -43
183 239 -36
183 239 -35
183 239 -33
183 240 -46
183 240 -44
183 240 -43
183 240 -38
183 240 -37
183 240 -35
183 240 -33
183 241 -48
183 241 -47
183 241 -46
183 241 -45
183 241 -44
183 241 -43
183 241 -41
183 241 -38
183 241 -37
183 241 -35
183 241 -34
183 241 -33
183 242 -48
183 242 -47
183 242 -46
183 242 -45
183 242 -44
183 242 -43
183 242 -42
183 242 -41
183 242 -40
183 242 -39
183 242 -38
183 242 -37
183 242 -36
183 242 -35
183 242 -34
183 242 -33
183 243 -48
183 243 -47
183 243 -46
183 243 -45
183 243 -44
183 243 -43
183 243 -41
183 243 -39
183 243 -38
183 243 -37
183 243 -36
183 243 -35
183 243 -34
183 243 -33
183 244 -48
183 244 -47
183 244 -46
183 244 -45
183 244 -44
183 244 -43
183 244 -42
183 244 -40
183 244 -39
183 244 -38
183 244 -37
183 244 -36
183 244 -35
183 244 -34
183 244 -33
183 245 -48
183 245 -47
183 245 -46
183 245 -45
183 245 -44
183 245 -43
183 245 -42
183 245 -41
183 245 -40
183 245 -39
183 245 -38
183 245 -37
183 245 -36
183 245 -35
183 245 -34
183 245 -33
183 246 -48
183 246 -47
183 246 -46
183 246 -45
183 246 -44
183 246 -43
183 246 -42
183 246 -41
183 246 -40
183 246 -39
183 246 -38
183 246 -37
183 246 -36
183 246 -35
183 246 -34
183 246 -33
183 247 -48
183 247 -47
183 247 -46
183 247 -45
183 247 -44
183 247 -43
183 247 -42
183 247 -41
183 247 -40
183 247 -39
183 247 -38
183 247 -37
183 247 -36
183 247 -35
183 247 -34
183 247 -33
183 248 -48
183 248 -47
183 248 -46
183 248 -45
183 248 -44
183 248 -43
183 248 -42
183 248 -41
183 248 -38
183 248 -37
183 248 -36
183 248 -35
183 248 -34
183 248 -33
183 249 -48
183 249 -46
183 249 -45
183 249 -44
183 249 -43
183 249 -41
183 249 -39
183 249 -38
183 249 -37
183 249 -36
183 249 -35
183 249 -34
183 249 -33
183 250 -47
183 250 -46
183 250 -45
183 250 -44
183 250 -43
183 250 -37
183 250 -36
183 250 -35
183 250 -34
183 251 -45
183 251 -44
183 251 -36
183 252 -45
183 252 -44
184 233 -48
184 234 -48
184 235 -47
184 239 -48
184 239 -47
184 239 -44
184 239 -43
184 239 -35
184 239 -33
184 240 -47
184 240 -46
184 240 -45
184 240 -43
184 240 -35
184 241 -48
184 241 -47
184 241 -45
184 241 -44
184 241 -43
184 241 -42
184 241 -41
184 241 -37
184 241 -34
184 241 -33
184 242 -48
184 242 -47
184 242 -46
184 242 -45
184 242 -44
184 242 -43
184 242 -42
184 242 -38
184 242 -37
184 242 -36
184 242 -35
184 242 -34
184 242 -33
184 243 -48
184 243 -47
184 243 -46
184 243 -45
184 243 -44
184 243 -43
184 243 -42
184 243 -38
184 243 -37
184 243 -36
184 243 -35
184 243 -34
184 243 -33
184 244 -48
184 244 -47
184 244 -46
184 244 -45
184 244 -44
184 244 -43
184 244 -42
184 244 -41
184 244 -40
184 244 -39
184 244 -38
184 244 -37
184 244 -36
184 244 -35
184 244 -34
184 244 -33
184 245 -48
184 245 -47
184 245 -46
184 245 -45
184 245 -44
184 245 -43
184 245 -42
184 245 -41
184 245 -40
184 245 -39
184 245 -38
184 245 -37
184 245 -36
184 245 -35
184 245 -34
184 245 -33
184 246 -48
184 246 -47
184 246 -46
184 246 -45
184 246 -44
184 246 -43
184 246 -42
184 246 -41
184 246 -40
184 246 -39
184 246 -38
184 246 -37
184 246 -36
184 246 -35
184 246 -34
184 246 -33
184 247 -48
184 247 -47
184 247 -46
184 247 -45
184 247 -44
184 247 -43
184 247 -42
184 247 -41
184 247 -40
184 247 -39
184 247 -38
184 247 -37
184 247 -36
184 247 -35
184 247 -34
184 247 -33
184 248 -48
184 248 -47
184 248 -46
184 248 -45
184 248 -44
184 248 -43
184 248 -42
184 248 -41
184 248 -40
184 248 -38
184 248 -37
184 248 -36
184 248 -35
184 248 -34
184 248 -33
184 249 -47
184 249 -46
184 249 -45
184 249 -44
184 249 -43
184 249 -42
184 249 -41
184 249 -37
184 249 -36
184 249 -35
184 249 -34
184 249 -33
184 250 -46
184 250 -45
184 250 -44
184 250 -43
184 250 -42
184 250 -41
184 250 -36
184 250 -35
184 251 -46
184 251 -45
184 251 -44
184 251 -43
184 252 -44
184 252 -43
185 231 -47
185 233 -48
185 233 -47
185 234 -48
185 234 -47
185 234 -46
185 235 -48
185 235 -47
185 235 -46
185 236 -48
185 236 -47
185 238 -44
185 239 -47
185 239 -45
185 239 -44
185 239 -43
185 239 -42
185 239 -41
185 240 -47
185 240 -46
185 240 -45
185 240 -44
185 240 -43
185 240 -42
185 240 -41
185 240 -40
185 240 -35
185 240 -34
185 241 -48
185 241 -47
185 241 -46
185 241 -45
185 241 -44
185 241 -43
185 241 -42
185 241 -41
185 241 -35
185 241 -34
185 241 -33
185 242 -48
185 242 -47
185 242 -46
185 242 -45
185 242 -44
185 242 -43
185 242 -41
185 242 -36
185 242 -35
185 242 -34
185 242 -33
185 243 -48
185 243 -47
185 243 -46
185 243 -45
185 243 -44
185 243 -43
185 243 -42
185 243 -41
185 243 -38
185 243 -37
185 243 -36
185 243 -35
185 243 -34
185 243 -33
185 244 -48
185 244 -47
185 244 -46
185 244 -45
185 244 -44
185 244 -43
185 244 -42
185 244 -41
185 244 -40
185 244 -39
185 244 -38
185 244 -37
185 244 -36
185 244 -35
185 244 -34
185 244 -33
185 245 -48
185 245 -47
185 245 -46
185 245 -45
185 245 -44
185 245 -43
185 245 -42
185 245 -41
185 245 -38
185 245 -37
185 245 -36
185 245 -35
185 245 -34
185 245 -33
185 246 -48
185 246 -47
185 246 -46
185 246 -45
185 246 -44
185 246 -43
185 246 -42
185 246 -41
185 246 -40
185 246 -39
185 246 -38
185 246 -37
185 246 -36
185 246 -35
185 246 -34
185 246 -33
185 247 -48
185 247 -47
185 247 -46
185 247 -45
185 247 -44
185 247 -43
185 247 -42
185 247 -41
185 247 -39
185 247 -38
185 247 -37
185 247 -36
185 247 -35
185 247 -34
185 247 -33
185 248 -48
185 248 -47
185 248 -46
185 248 -45
185 248 -44
185 248 -43
185 248 -42
185 248 -41
185 248 -40
185 248 -39
185 248 -38
185 248 -37
185 248 -36
185 248 -35
185 248 -34
185 248 -33
185 249 -48
185 249 -46
185 249 -45
185 249 -44
185 249 -42
185 249 -41
185 249 -40
185 249 -37
185 249 -36
185 249 -35
185 249 -34
185 249 -33
185 250 -45
185 250 -44
185 250 -43
185 250 -42
185 250 -41
185 250 -40
185 250 -35
185 251 -45
185 251 -42
185 251 -41
185 251 -36
185 252 -46
185 252 -45
185 252 -44
185 252 -43
185 252 -42
185 253 -45
186 231 -47
186 232 -48
186 232 -47
186 232 -46
186 232 -44
186 233 -48
186 233 -47
186 233 -46
186 233 -45
186 234 -48
186 234 -47
186 234 -46
186 235 -48
186 235 -47
186 235 -46
186 236 -48
186 236 -47
186 237 -48
186 237 -47
186 237 -43
186 238 -48
186 238 -45
186 238 -44
186 238 -42
186 238 -41
186 239 -46
186 239 -45
186 239 -43
186 239 -42
186 239 -41
186 239 -40
186 239 -35
186 240 -48
186 240 -46
186 240 -45
186 240 -44
186 240 -43
186 240 -42
186 240 -41
186 240 -40
186 240 -39
186 240 -35
186 240 -34
186 240 -33
186 241 -48
186 241 -47
186 241 -46
186 241 -45
186 241 -44
186 241 -43
186 241 -42
186 241 -37
186 241 -36
186 241 -35
186 241 -34
186 242 -48
186 242 -47
186 242 -46
186 242 -45
186 242 -44
186 242 -43
186 242 -42
186 242 -41
186 242 -40
186 242 -36
186 242 -35
186 242 -34
186 242 -33
186 243 -48
186 243 -47
186 243 -46
186 243 -45
186 243 -44
186 243 -43
186 243 -42
186 243 -41
186 243 -39
186 243 -38
186 243 -37
186 243 -36
186 243 -35
186 243 -34
186 243 -33
186 244 -48
186 244 -47
186 244 -46
186 244 -45
186 244 -44
186 244 -43
186 244 -42
186 244 -41
186 244 -40
186 244 -39
186 244 -38
186 244 -37
186 244 -36
186 244 -35
186 244 -34
186 244 -33
186 245 -48
186 245 -47
186 245 -46
186 245 -45
186 245 -44
186 245 -43
186 245 -42
186 245 -41
186 245 -40
186 245 -39
186 245 -38
186 245 -37
186 245 -36
186 245 -35
186 245 -34
186 245 -33
186 246 -48
186 246 -47
186 246 -46
186 246 -45
186 246 -44
186 246 -43
186 246 -42
186 246 -41
186 246 -40
186 246 -39
186 246 -38
186 246 -37
186 246 -36
186 246 -35
186 246 -34
186 246 -33
186 247 -48
186 247 -47
186 247 -46
186 247 -45
186 247 -44
186 247 -43
186 247 -42
186 247 -41
186 247 -39
186 247 -38
186 247 -37
186 247 -36
186 247 -35
186 247 -34
186 247 -33
186 248 -48
186 248 -47
186 248 -46
186 248 -45
186 248 -44
186 248 -43
186 248 -42
186 248 -41
186 248 -40
186 248 -39
186 248 -38
186 248 -37
186 248 -36
186 248 -35
186 248 -34
186 248 -33
186 249 -48
186 249 -47
186 249 -46
186 249 -45
186 249 -44
186 249 -43
186 249 -42
186 249 -41
186 249 -40
186 249 -39
186 249 -38
186 249 -37
186 249 -36
186 249 -35
186 249 -33
186 250 -46
186 250 -45
186 250 -44
186 250 -43
186 250 -42
186 250 -41
186 250 -39
186 250 -38
186 250 -37
186 250 -36
186 250 -35
186 250 -33
186 251 -47
186 251 -46
186 251 -45
186 251 -44
186 251 -43
186 251 -41
186 251 -36
186 251 -35
186 251 -33
186 252 -46
186 252 -45
186 252 -44
186 252 -43
186 252 -42
186 252 -41
186 252 -35
186 253 -46
186 253 -45
186 253 -44
187 231 -46
187 231 -45
187 232 -48
187 232 -47
187 232 -46
187 232 -45
187 232 -44
187 233 -48
187 233 -47
187 233 -46
187 233 -44
187 234 -48
187 234 -47
187 234 -46
187 234 -45
187 235 -48
187 235 -47
187 235 -46
187 235 -45
187 236 -48
187 236 -47
187 236 -46
187 236 -45
187 236 -43
187 237 -48
187 237 -47
187 237 -46
187 237 -45
187 237 -44
187 237 -43
187 237 -42
187 237 -41
187 238 -47
187 238 -46
187 238 -45
187 238 -44
187 238 -43
187 238 -42
187 238 -41
187 238 -40
187 238 -34
187 239 -48
187 239 -46
187 239 -45
187 239 -44
187 239 -43
187 239 -42
187 239 -41
187 239 -40
187 239 -35
187 239 -34
187 240 -48
187 240 -47
187 240 -46
187 240 -45
187 240 -44
187 240 -43
187 240 -42
187 240 -41
187 240 -40
187 240 -36
187 240 -35
187 240 -34
187 240 -33
187 241 -48
187 241 -47
187 241 -46
187 241 -44
187 241 -43
187 241 -42
187 241 -41
187 241 -40
187 241 -39
187 241 -35
187 241 -34
187 241 -33
187 242 -48
187 242 -47
187 242 -46
187 242 -45
187 242 -44
187 242 -42
187 242 -41
187 242 -40
187 242 -38
187 242 -36
187 242 -35
187 242 -34
187 242 -33
187 243 -48
187 243 -46
187 243 -45
187 243 -44
187 243 -43
187 243 -42
187 243 -41
187 243 -38
187 243 -37
187 243 -36
187 243 -35
187 243 -34
187 243 -33
187 244 -48
187 244 -47
187 244 -46
187 244 -45
187 244 -44
187 244 -43
187 244 -41
187 244 -39
187 244 -38
187 244 -37
187 244 -36
187 244 -35
187 244 -34
187 244 -33
187 245 -48
187 245 -47
187 245 -46
187 245 -45
187 245 -44
187 245 -43
187 245 -42
187 245 -41
187 245 -40
187 245 -39
187 245 -38
187 245 -37
187 245 -36
187 245 -35
187 245 -34
187 245 -33
187 246 -48
187 246 -47
187 246 -46
187 246 -45
187 246 -44
187 246 -43
187 246 -42
187 246 -41
187 246 -40
187 246 -39
187 246 -38
187 246 -37
187 246 -36
187 246 -35
187 246 -34
187 246 -33
187 247 -48
187 247 -47
187 247 -46
187 247 -45
187 247 -44
187 247 -43
187 247 -42
187 247 -41
187 247 -40
187 247 -39
187 247 -38
187 247 -37
187 247 -36
187 247 -35
187 247 -34
187 247 -33
187 248 -48
187 248 -47
187 248 -46
187 248 -45
187 248 -44
187 248 -43
187 248 -42
187 248 -41
187 248 -40
187 248 -39
187 248 -38
187 248 -37
187 248 -36
187 248 -35
187 248 -34
187 248 -33
187 249 -48
187 249 -47
187 249 -46
187 249 -45
187 249 -44
187 249 -43
187 249 -42
187 249 -41
187 249 -40
187 249 -39
187 249 -37
187 249 -36
187 249 -35
187 249 -34
187 249 -33
187 250 -48
187 250 -47
187 250 -46
187 250 -45
187 250 -44
187 250 -43
187 250 -42
187 250 -41
187 250 -40
187 250 -38
187 250 -37
187 250 -36
187 250 -35
187 250 -34
187 250 -33
187 251 -48
187 251 -47
187 251 -46
187 251 -44
187 251 -43
187 251 -42
187 251 -41
187 251 -35
187 251 -34
187 251 -33
187 252 -45
187 252 -44
187 252 -43
187 252 -42
187 253 -46
187 253 -45
187 253 -43
187 254 -45
188 229 -47
188 230 -47
188 230 -46
188 230 -45
188 231 -48
188 231 -47
188 231 -46
188 231 -45
188 231 -44
188 231 -43
188 232 -48
188 232 -47
188 232 -46
188 232 -45
188 232 -44
188 233 -48
188 233 -47
188 233 -46
188 233 -45
188 233 -44
188 233 -42
188 234 -48
188 234 -47
188 234 -46
188 234 -45
188 234 -44
188 235 -48
188 235 -47
188 235 -46
188 235 -45
188 235 -44
188 235 -43
188 236 -48
188 236 -46
188 236 -45
188 236 -44
188 236 -43
188 237 -48
188 237 -47
188 237 -46
188 237 -43
188 237 -42
188 237 -41
188 238 -47
188 238 -46
188 238 -44
188 238 -42
188 238 -41
188 238 -39
188 239 -48
188 239 -47
188 239 -46
188 239 -45
188 239 -44
188 239 -43
188 239 -42
188 239 -41
188 239 -35
188 239 -34
188 240 -48
188 240 -47
188 240 -46
188 240 -45
188 240 -44
188 240 -43
188 240 -42
188 240 -41
188 240 -40
188 240 -38
188 240 -37
188 240 -36
188 240 -35
188 240 -34
188 241 -48
188 241 -47
188 241 -46
188 241 -45
188 241 -44
188 241 -43
188 241 -42
188 241 -41
188 241 -37
188 241 -36
188 241 -35
188 241 -34
188 241 -33
188 242 -48
188 242 -47
188 242 -46
188 242 -45
188 242 -44
188 242 -43
188 242 -42
188 242 -41
188 242 -40
188 242 -39
188 242 -37
188 242 -36
188 242 -35
188 242 -34
188 242 -33
188 243 -48
188 243 -47
188 243 -46
188 243 -45
188 243 -44
188 243 -43
188 243 -42
188 243 -41
188 243 -39
188 243 -38
188 243 -37
188 243 -36
188 243 -35
188 243 -34
188 243 -33
188 244 -48
188 244 -47
188 244 -46
188 244 -45
188 244 -44
188 244 -43
188 244 -42
188 244 -41
188 244 -40
188 244 -39
188 244 -38
188 244 -37
188 244 -36
188 244 -35
188 244 -34
188 244 -33
188 245 -48
188 245 -47
188 245 -46
188 245 -45
188 245 -44
188 245 -43
188 245 -42
188 245 -41
188 245 -40
188 245 -39
188 245 -38
188 245 -37
188 245 -36
188 245 -35
188 245 -34
188 245 -33
188 246 -48
188 246 -47
188 246 -46
188 246 -45
188 246 -44
188 246 -43
188 246 -42
188 246 -41
188 246 -40
188 246 -39
188 246 -38
188 246 -37
188 246 -36
188 246 -35
188 246 -34
188 246 -33
188 247 -48
188 247 -47
188 247 -46
188 247 -45
188 247 -44
188 247 -43
188 247 -42
188 247 -41
188 247 -40
188 247 -39
188 247 -38
188 247 -37
188 247 -36
188 247 -35
188 247 -34
188 247 -33
188 248 -48
188 248 -47
188 248 -46
188 248 -45
188 248 -44
188 248 -43
188 248 -42
188 248 -41
188 248 -40
188 248 -39
188 248 -38
188 248 -37
188 248 -36
188 248 -35
188 248 -34
188 248 -33
188 249 -48
188 249 -45
188 249 -44
188 249 -43
188 249 -42
188 249 -41
188 249 -40
188 249 -39
188 249 -38
188 249 -37
188 249 -36
188 249 -35
188 249 -34
188 249 -33
188 250 -48
188 250 -47
188 250 -46
188 250 -45
188 250 -44
188 250 -43
188 250 -42
188 250 -41
188 250 -40
188 250 -39
188 250 -38
188 250 -37
188 250 -36
188 250 -35
188 250 -34
188 250 -33
188 251 -47
188 251 -44
188 251 -43
188 251 -40
188 251 -38
188 251 -36
188 251 -35
188 251 -34
188 251 -33
188 252 -45
188 252 -43
188 252 -42
188 252 -36
188 252 -35
188 253 -45
189 227 -48
189 228 -48
189 228 -47
189 229 -47
189 229 -46
189 229 -45
189 230 -48
189 230 -47
189 230 -46
189 230 -44
189 231 -48
189 231 -47
189 231 -46
189 231 -45
189 231 -44
189 231 -43
189 232 -48
189 232 -47
189 232 -46
189 232 -42
189 233 -48
189 233 -47
189 233 -46
189 233 -45
189 233 -44
189 233 -43
189 233 -42
189 234 -48
189 234 -47
189 234 -46
189 234 -45
189 234 -44
189 234 -43
189 234 -42
189 235 -48
189 235 -47
189 235 -46
189 235 -45
189 235 -44
189 235 -43
189 235 -42
189 235 -41
189 236 -48
189 236 -47
189 236 -46
189 236 -45
189 236 -44
189 236 -43
189 236 -42
189 237 -48
189 237 -47
189 237 -46
189 237 -45
189 237 -44
189 237 -43
189 237 -40
189 238 -48
189 238 -47
189 238 -46
189 238 -45
189 238 -44
189 238 -43
189 238 -42
189 238 -41
189 238 -39
189 238 -38
189 238 -37
189 239 -48
189 239 -47
189 239 -46
189 239 -45
189 239 -44
189 239 -43
189 239 -42
189 239 -41
189 239 -40
189 239 -39
189 239 -38
189 239 -37
189 239 -36
189 239 -35
189 240 -48
189 240 -47
189 240 -46
189 240 -45
189 240 -44
189 240 -43
189 240 -42
189 240 -41
189 240 -40
189 240 -38
189 240 -37
189 240 -36
189 240 -35
189 240 -34
189 241 -48
189 241 -47
189 241 -46
189 241 -45
189 241 -44
189 241 -43
189 241 -42
189 241 -41
189 241 -40
189 241 -39
189 241 -38
189 241 -36
189 241 -35
189 241 -34
189 241 -33
189 242 -48
189 242 -47
189 242 -46
189 242 -45
189 242 -44
189 242 -43
189 242 -42
189 242 -41
189 242 -40
189 242 -39
189 242 -38
189 242 -37
189 242 -36
189 242 -35
189 242 -34
189 242 -33
189 243 -48
189 243 -47
189 243 -46
189 243 -45
189 243 -44
189 243 -43
189 243 -42
189 243 -41
189 243 -40
189 243 -39
189 243 -36
189 243 -35
189 243 -34
189 243 -33
189 244 -48
189 244 -47
189 244 -46
189 244 -45
189 244 -44
189 244 -43
189 244 -42
189 244 -41
189 244 -40
189 244 -39
189 244 -38
189 244 -37
189 244 -36
189 244 -35
189 244 -34
189 244 -33
189 245 -48
189 245 -47
189 245 -46
189 245 -45
189 245 -44
189 245 -43
189 245 -42
189 245 -41
189 245 -40
189 245 -39
189 245 -38
189 245 -37
189 245 -36
189 245 -35
189 245 -34
189 245 -33
189 246 -48
189 246 -47
189 246 -46
189 246 -45
189 246 -44
189 246 -43
189 246 -42
189 246 -41
189 246 -40
189 246 -39
189 246 -38
189 246 -37
189 246 -36
189 246 -35
189 246 -34
189 246 -33
189 247 -48
189 247 -47
189 247 -46
189 247 -45
189 247 -44
189 247 -43
189 247 -42
189 247 -41
189 247 -40
189 247 -39
189 247 -38
189 247 -37
189 247 -36
189 247 -35
189 247 -34
189 247 -33
189 248 -48
189 248 -47
189 248 -46
189 248 -45
189 248 -44
189 248 -43
189 248 -42
189 248 -41
189 248 -40
189 248 -39
189 248 -38
189 248 -37
189 248 -36
189 248 -35
189 248 -34
189 248 -33
189 249 -48
189 249 -47
189 249 -46
189 249 -45
189 249 -44
189 249 -43
189 249 -42
189 249 -41
189 249 -38
189 249 -37
189 249 -36
189 249 -35
189 249 -34
189 249 -33
189 250 -47
189 250 -46
189 250 -44
189 250 -43
189 250 -42
189 250 -39
189 250 -38
189 250 -37
189 250 -36
189 250 -35
189 250 -34
189 250 -33
189 251 -47
189 251 -44
189 251 -43
189 251 -42
189 251 -37
189 251 -36
189 251 -35
189 251 -34
189 251 -33
189 252 -44
189 252 -35
189 252 -33
190 226 -47
190 227 -48
190 227 -47
190 228 -48
190 228 -47
190 228 -46
190 228 -45
190 229 -48
190 229 -47
190 229 -45
190 230 -48
190 230 -47
190 230 -46
190 230 -45
190 231 -48
190 231 -47
190 231 -46
190 231 -45
190 232 -48
190 232 -47
190 232 -46
190 232 -45
190 233 -48
190 233 -47
190 233 -46
190 233 -45
190 233 -43
190 234 -48
190 234 -47
190 234 -46
190 234 -45
190 234 -44
190 234 -43
190 234 -42
190 235 -48
190 235 -47
190 235 -46
190 235 -45
190 235 -44
190 235 -43
190 235 -42
190 235 -41
190 236 -48
190 236 -47
190 236 -46
190 236 -45
190 236 -44
190 236 -43
190 236 -42
190 236 -40
190 236 -39
190 237 -48
190 237 -47
190 237 -46
190 237 -45
190 237 -44
190 237 -43
190 237 -40
190 237 -39
190 238 -48
190 238 -47
190 238 -46
190 238 -45
190 238 -44
190 238 -43
190 238 -42
190 238 -41
190 238 -40
190 238 -39
190 238 -38
190 238 -37
190 239 -48
190 239 -47
190 239 -46
190 239 -45
190 239 -44
190 239 -43
190 239 -42
190 239 -41
190 239 -40
190 239 -39
190 239 -38
190 239 -33
190 240 -48
190 240 -47
190 240 -46
190 240 -45
190 240 -44
190 240 -43
190 240 -42
190 240 -41
190 240 -40
190 240 -39
190 240 -38
190 240 -37
190 240 -36
190 241 -48
190 241 -47
190 241 -45
190 241 -44
190 241 -43
190 241 -42
190 241 -41
190 241 -40
190 241 -39
190 241 -38
190 241 -36
190 241 -35
190 241 -34
190 241 -33
190 242 -48
190 242 -47
190 242 -46
190 242 -45
190 242 -44
190 242 -43
190 242 -42
190 242 -41
190 242 -40
190 242 -39
190 242 -38
190 242 -37
190 242 -36
190 242 -35
190 242 -34
190 242 -33
190 243 -48
190 243 -47
190 243 -46
190 243 -45
190 243 -44
190 243 -43
190 243 -42
190 243 -41
190 243 -40
190 243 -39
190 243 -38
190 243 -37
190 243 -36
190 243 -35
190 243 -34
190 243 -33
190 244 -48
190 244 -47
190 244 -46
190 244 -45
190 244 -44
190 244 -43
190 244 -42
190 244 -41
190 244 -40
190 244 -39
190 244 -38
190 244 -36
190 244 -35
190 244 -34
190 244 -33
190 245 -48
190 245 -47
190 245 -46
190 245 -45
190 245 -44
190 245 -43
190 245 -42
190 245 -41
190 245 -38
190 245 -37
190 245 -36
190 245 -35
190 245 -34
190 245 -33
190 246 -48
190 246 -47
190 246 -46
190 246 -45
190 246 -44
190 246 -43
190 246 -42
190 246 -41
190 246 -40
190 246 -39
190 246 -38
190 246 -37
190 246 -36
190 246 -35
190 246 -34
190 246 -33
190 247 -48
190 247 -47
190 247 -46
190 247 -45
190 247 -44
190 247 -43
190 247 -42
190 247 -41
190 247 -40
190 247 -39
190 247 -38
190 247 -37
190 247 -36
190 247 -35
190 247 -34
190 247 -33
190 248 -48
190 248 -47
190 248 -46
190 248 -45
190 248 -44
190 248 -43
190 248 -42
190 248 -41
190 248 -40
190 248 -39
190 248 -38
190 248 -37
190 248 -36
190 248 -35
190 248 -34
190 248 -33
190 249 -48
190 249 -47
190 249 -46
190 249 -45
190 249 -44
190 249 -43
190 249 -42
190 249 -41
190 249 -40
190 249 -39
190 249 -38
190 249 -37
190 249 -36
190 249 -35
190 249 -34
190 249 -33
190 250 -47
190 250 -45
190 250 -44
190 250 -43
190 250 -42
190 250 -41
190 250 -40
190 250 -39
190 250 -38
190 250 -37
190 250 -36
190 250 -35
190 250 -34
190 250 -33
190 251 -43
190 251 -39
190 251 -38
190 251 -37
190 251 -36
190 251 -35
190 251 -34
190 251 -33
190 252 -37
190 252 -35
190 252 -34
190 252 -33
190 253 -36
190 253 -35
190 253 -34
190 254 -34
191 226 -47
191 227 -48
191 227 -47
191 227 -46
191 227 -45
191 228 -48
191 228 -47
191 228 -46
191 229 -48
191 229 -47
191 229 -46
191 229 -45
191 230 -48
191 230 -47
191 230 -46
191 230 -45
191 230 -44
191 231 -48
191 231 -47
191 231 -46
191 231 -45
191 232 -48
191 232 -47
191 232 -46
191 232 -45
191 232 -44
191 232 -43
191 232 -42
191 233 -48
191 233 -47
191 233 -46
191 233 -45
191 233 -44
191 233 -43
191 233 -42
191 234 -48
191 234 -47
191 234 -46
191 234 -45
191 234 -44
191 234 -43
191 234 -42
191 234 -41
191 235 -48
191 235 -47
191 235 -46
191 235 -45
191 235 -44
191 235 -43
191 235 -42
191 235 -41
191 235 -40
191 236 -48
191 236 -47
191 236 -46
191 236 -45
191 236 -44
191 236 -43
191 236 -42
191 236 -41
191 236 -40
191 236 -39
191 236 -38
191 236 -37
191 237 -48
191 237 -47
191 237 -46
191 237 -45
191 237 -44
191 237 -43
191 237 -42
191 237 -41
191 237 -40
191 237 -39
191 237 -38
191 237 -37
191 237 -36
191 238 -48
191 238 -47
191 238 -46
191 238 -45
191 238 -44
191 238 -43
191 238 -42
191 238 -41
191 238 -40
191 238 -39
191 238 -38
191 238 -37
191 239 -48
191 239 -47
191 239 -46
191 239 -45
191 239 -44
191 239 -43
191 239 -42
191 239 -41
191 239 -40
191 239 -39
191 239 -38
191 239 -37
191 239 -36
191 239 -34
191 239 -33
191 240 -48
191 240 -47
191 240 -46
191 240 -45
191 240 -44
191 240 -43
191 240 -42
191 240 -41
191 240 -40
191 240 -39
191 240 -38
191 240 -37
191 240 -34
191 240 -33
191 241 -48
191 241 -47
191 241 -46
191 241 -45
191 241 -44
191 241 -43
191 241 -42
191 241 -41
191 241 -40
191 241 -39
191 241 -38
191 241 -37
191 241 -36
191 241 -34
191 241 -33
191 242 -48
191 242 -47
191 242 -46
191 242 -45
191 242 -44
191 242 -43
191 242 -42
191 242 -41
191 242 -40
191 242 -39
191 242 -38
191 242 -37
191 242 -36
191 242 -35
191 242 -34
191 242 -33
191 243 -48
191 243 -47
191 243 -46
191 243 -45
191 243 -44
191 243 -43
191 243 -42
191 243 -41
191 243 -40
191 243 -39
191 243 -38
191 243 -37
191 243 -36
191 243 -35
191 243 -34
191 243 -33
191 244 -48
191 244 -47
191 244 -46
191 244 -45
191 244 -44
191 244 -43
191 244 -42
191 244 -41
191 244 -40
191 244 -39
191 244 -38
191 244 -37
191 244 -36
191 244 -35
191 244 -34
191 244 -33
191 245 -48
191 245 -47
191 245 -46
191 245 -45
191 245 -44
191 245 -43
191 245 -42
191 245 -41
191 245 -40
191 245 -39
191 245 -38
191 245 -37
191 245 -36
191 245 -35
191 245 -34
191 245 -33
191 246 -48
191 246 -47
191 246 -46
191 246 -45
191 246 -44
191 246 -43
191 246 -42
191 246 -41
191 246 -40
191 246 -39
191 246 -38
191 246 -37
191 246 -36
191 246 -35
191 246 -34
191 246 -33
191 247 -48
191 247 -47
191 247 -46
191 247 -45
191 247 -44
191 247 -43
191 247 -42
191 247 -41
191 247 -40
191 247 -39
191 247 -38
191 247 -37
191 247 -36
191 247 -35
191 247 -34
191 247 -33
191 248 -47
191 248 -46
191 248 -45
191 248 -44
191 248 -43
191 248 -42
191 248 -41
191 248 -40
191 248 -39
191 248 -38
191 248 -36
191 248 -35
191 248 -34
191 248 -33
191 249 -48
191 249 -47
191 249 -46
191 249 -45
191 249 -44
191 249 -43
191 249 -42
191 249 -41
191 249 -40
191 249 -38
191 249 -37
191 249 -36
191 249 -35
191 249 -34
191 249 -33
191 250 -46
191 250 -44
191 250 -43
191 250 -42
191 250 -41
191 250 -40
191 250 -39
191 250 -38
191 250 -37
191 250 -36
191 250 -35
191 250 -34
191 250 -33
191 251 -46
191 251 -43
191 251 -39
191 251 -38
191 251 -37
191 251 -36
191 251 -35
191 251 -34
191 251 -33
191 252 -37
191 252 -36
191 252 -35
191 252 -34
191 252 -33
191 253 -36
191 253 -35
191 253 -34
191 254 -35

