alfheim:altWood1
12
128 181 64
128 181 65
128 181 66
128 181 67
128 181 68
128 182 64
128 182 65
128 182 66
128 182 67
128 182 68
128 182 69
128 182 70
128 182 71
128 182 72
128 183 64
128 183 65
128 183 66
128 183 67
128 183 68
128 183 69
128 183 70
128 183 71
128 183 72
128 183 73
128 184 64
128 184 65
128 184 66
128 184 67
128 184 68
128 184 69
128 184 70
128 184 71
128 184 72
128 184 73
128 184 74
128 185 64
128 185 65
128 185 66
128 185 67
128 185 68
128 185 69
128 185 70
128 185 71
128 185 72
128 185 73
128 185 74
128 185 75
128 186 64
128 186 65
128 186 66
128 186 67
128 186 68
128 186 69
128 186 70
128 186 71
128 186 72
128 186 73
128 186 74
128 186 75
128 186 76
128 186 77
128 186 78
128 187 64
128 187 65
128 187 66
128 187 67
128 187 68
128 187 69
128 187 70
128 187 71
128 187 72
128 187 73
128 187 74
128 187 75
128 187 76
128 187 77
128 187 78
128 188 64
128 188 65
128 188 66
128 188 67
128 188 68
128 188 69
128 188 70
128 188 71
128 188 72
128 188 73
128 188 74
128 188 75
128 188 76
128 188 77
128 188 78
128 189 66
128 189 67
128 189 68
128 189 69
128 189 70
128 189 71
128 189 72
128 189 73
128 190 66
128 190 67
128 190 68
128 190 69
128 190 70
128 190 71
128 190 72
129 181 64
129 181 65
129 181 66
129 181 67
129 181 68
129 181 69
129 181 70
129 181 72
129 182 64
129 182 65
129 182 66
129 182 67
129 182 68
129 182 69
129 182 70
129 182 71
129 182 72
129 183 64
129 183 65
129 183 66
129 183 67
129 183 68
129 183 69
129 183 70
129 183 71
129 183 72
129 183 73
129 183 74
129 183 75
129 184 64
129 184 65
129 184 66
129 184 67
129 184 68
129 184 69
129 184 70
129 184 71
129 184 72
129 184 73
129 184 74
129 184 75
129 184 76
129 185 64
129 185 65
129 185 66
129 185 67
129 185 68
129 185 69
129 185 70
129 185 71
129 185 72
129 185 73
129 185 74
129 185 75
129 185 76
129 185 77
129 185 78
129 186 64
129 186 65
129 186 66
129 186 67
129 186 68
129 186 69
129 186 70
129 186 71
129 186 72
129 186 73
129 186 74
129 186 75
129 186 76
129 186 77
129 186 78
129 187 64
129 187 65
129 187 66
129 187 67
129 187 68
129 187 69
129 187 70
129 187 71
129 187 72
129 187 73
129 187 74
129 187 75
129 187 76
129 187 77
129 187 78
129 188 64
129 188 65
129 188 66
129 188 67
129 188 68
129 188 69
129 188 70
129 188 71
129 188 72
129 188 73
129 188 74
129 188 75
129 188 76
129 188 77
129 188 78
129 189 64
129 189 65
129 189 66
129 189 67
129 189 68
129 189 69
129 189 70
129 189 71
129 189 72
129 189 73
129 189 74
129 189 75
129 189 76
129 190 66
129 190 67
129 190 68
129 190 69
129 190 70
129 190 71
129 190 72
129 190 73
129 190 74
130 181 70
130 181 71
130 182 64
130 182 65
130 182 66
130 182 67
130 182 68
130 182 69
130 182 70
130 182 71
130 182 72
130 182 73
130 182 74
130 183 64
130 183 65
130 183 66
130 183 67
130 183 68
130 183 69
130 183 70
130 183 71
130 183 72
130 183 73
130 183 74
130 183 75
130 183 76
130 184 64
130 184 65
130 184 66
130 184 67
130 184 68
130 184 69
130 184 70
130 184 71
130 184 72
130 184 73
130 184 74
130 184 75
130 184 76
130 184 77
130 184 78
130 185 64
130 185 65
130 185 66
130 185 67
130 185 68
130 185 69
130 185 70
130 185 71
130 185 72
130 185 73
130 185 74
130 185 75
130 185 76
130 185 77
130 185 78
130 185 79
130 186 64
130 186 65
130 186 66
130 186 67
130 186 68
130 186 69
130 186 70
130 186 71
130 186 72
130 186 73
130 186 74
130 186 75
130 186 76
130 186 77
130 186 78
130 186 79
130 187 64
130 187 65
130 187 66
130 187 67
130 187 68
130 187 69
130 187 70
130 187 71
130 187 72
130 187 73
130 187 74
130 187 75
130 187 76
130 187 77
130 187 78
130 187 79
130 188 64
130 188 65
130 188 66
130 188 67
130 188 68
130 188 69
130 188 70
130 188 71
130 188 72
130 188 73
130 188 74
130 188 75
130 188 76
130 188 77
130 188 78
130 188 79
130 189 64
130 189 65
130 189 66
130 189 67
130 189 68
130 189 69
130 189 70
130 189 71
130 189 72
130 189 73
130 189 74
130 189 75
130 189 76
130 189 77
130 189 78
130 189 79
130 190 64
130 190 65
130 190 66
130 190 68
130 190 69
130 190 70
130 190 71
130 190 72
130 190 73
130 190 74
130 190 75
130 190 78
130 190 79
131 182 65
131 182 66
131 182 67
131 182 68
131 182 69
131 182 70
131 182 71
131 182 72
131 182 73
131 182 74
131 182 75
131 183 64
131 183 65
131 183 66
131 183 67
131 183 68
131 183 69
131 183 70
131 183 71
131 183 72
131 183 73
131 183 74
131 183 75
131 183 76
131 183 77
131 183 78
131 183 79
131 184 64
131 184 65
131 184 66
131 184 67
131 184 68
131 184 69
131 184 70
131 184 71
131 184 72
131 184 73
131 184 74
131 184 75
131 184 76
131 184 77
131 184 78
131 184 79
131 185 64
131 185 65
131 185 66
131 185 67
131 185 68
131 185 69
131 185 70
131 185 71
131 185 72
131 185 73
131 185 74
131 185 75
131 185 76
131 185 77
131 185 78
131 185 79
131 186 64
131 186 65
131 186 66
131 186 67
131 186 68
131 186 69
131 186 70
131 186 71
131 186 72
131 186 73
131 186 74
131 186 75
131 186 76
131 186 77
131 186 78
131 186 79
131 187 64
131 187 65
131 187 66
131 187 67
131 187 68
131 187 69
131 187 70
131 187 71
131 187 72
131 187 73
131 187 74
131 187 75
131 187 76
131 187 77
131 187 78
131 187 79
131 188 64
131 188 65
131 188 66
131 188 67
131 188 68
131 188 69
131 188 70
131 188 71
131 188 72
131 188 73
131 188 74
131 188 75
131 188 76
131 188 77
131 188 78
131 188 79
131 189 65
131 189 67
131 189 68
131 189 69
131 189 70
131 189 71
131 189 72
131 189 73
131 189 74
131 189 75
131 189 76
131 189 77
131 189 78
131 189 79
131 190 68
131 190 69
131 190 70
131 190 71
131 190 72
131 190 73
131 190 74
131 190 75
131 190 76
131 190 77
131 190 78
131 190 79
132 182 69
132 182 72
132 182 73
132 182 74
132 182 75
132 182 76
132 183 65
132 183 66
132 183 67
132 183 68
132 183 69
132 183 70
132 183 71
132 183 72
132 183 73
132 183 74
132 183 75
132 183 76
132 183 77
132 183 78
132 183 79
132 184 64
132 184 65
132 184 66
132 184 67
132 184 68
132 184 69
132 184 70
132 184 71
132 184 72
132 184 73
132 184 74
132 184 75
132 184 76
132 184 77
132 184 78
132 184 79
132 185 64
132 185 65
132 185 66
132 185 67
132 185 68
132 185 69
132 185 70
132 185 71
132 185 72
132 185 73
132 185 74
132 185 75
132 185 76
132 185 77
132 185 78
132 185 79
132 186 64
132 186 65
132 186 66
132 186 67
132 186 68
132 186 69
132 186 70
132 186 71
132 186 72
132 186 73
132 186 74
132 186 75
132 186 76
132 186 77
132 186 78
132 186 79
132 187 64
132 187 65
132 187 66
132 187 67
132 187 68
132 187 69
132 187 70
132 187 71
132 187 72
132 187 73
132 187 74
132 187 75
132 187 76
132 187 77
132 187 78
132 187 79
132 188 65
132 188 66
132 188 67
132 188 68
132 188 69
132 188 70
132 188 71
132 188 72
132 188 73
132 188 74
132 188 75
132 188 76
132 188 77
132 188 78
132 188 79
132 189 68
132 189 69
132 189 70
132 189 71
132 189 72
132 189 73
132 189 74
132 189 75
132 189 76
132 189 77
132 189 78
132 189 79
132 190 71
132 190 72
132 190 73
132 190 74
132 190 75
132 190 76
132 190 78
132 190 79
133 182 74
133 182 75
133 183 72
133 183 73
133 183 74
133 183 75
133 183 76
133 183 77
133 183 78
133 183 79
133 184 69
133 184 70
133 184 71
133 184 72
133 184 73
133 184 74
133 184 75
133 184 76
133 184 77
133 184 78
133 184 79
133 185 66
133 185 67
133 185 68
133 185 69
133 185 70
133 185 71
133 185 72
133 185 73
133 185 74
133 185 75
133 185 76
133 185 77
133 185 78
133 185 79
133 186 65
133 186 66
133 186 67
133 186 68
133 186 69
133 186 70
133 186 71
133 186 72
133 186 73
133 186 74
133 186 75
133 186 76
133 186 77
133 186 78
133 186 79
133 187 66
133 187 67
133 187 68
133 187 69
133 187 70
133 187 71
133 187 72
133 187 73
133 187 74
133 187 75
133 187 76
133 187 77
133 187 78
133 187 79
133 188 69
133 188 70
133 188 71
133 188 72
133 188 73
133 188 74
133 188 75
133 188 76
133 188 77
133 188 78
133 188 79
133 189 70
133 189 71
133 189 72
133 189 73
133 189 74
133 189 75
133 189 76
133 189 77
133 189 78
133 189 79
133 190 72
133 190 73
133 190 75
133 190 78
133 190 79
134 183 75
134 183 76
134 183 77
134 183 78
134 183 79
134 184 70
134 184 71
134 184 72
134 184 73
134 184 74
134 184 75
134 184 76
134 184 77
134 184 78
134 184 79
134 185 69
134 185 70
134 185 71
134 185 72
134 185 73
134 185 74
134 185 75
134 185 76
134 185 77
134 185 78
134 185 79
134 186 69
134 186 70
134 186 71
134 186 72
134 186 73
134 186 74
134 186 75
134 186 76
134 186 77
134 186 78
134 186 79
134 187 69
134 187 70
134 187 71
134 187 72
134 187 73
134 187 74
134 187 75
134 187 76
134 187 77
134 187 78
134 187 79
134 188 70
134 188 71
134 188 72
134 188 73
134 188 74
134 188 75
134 188 76
134 188 77
134 188 78
134 188 79
134 189 74
134 189 75
134 189 76
134 189 77
134 189 78
134 189 79
134 190 78
134 190 79
135 183 75
135 183 76
135 183 77
135 183 78
135 183 79
135 184 75
135 184 76
135 184 77
135 184 78
135 184 79
135 185 73
135 185 74
135 185 75
135 185 76
135 185 77
135 185 78
135 185 79
135 186 73
135 186 74
135 186 75
135 186 76
135 186 77
135 186 78
135 186 79
135 187 73
135 187 74
135 187 75
135 187 76
135 187 77
135 187 78
135 187 79
135 188 74
135 188 75
135 188 76
135 188 77
135 188 78
135 188 79
135 189 76
135 189 77
135 189 78
135 189 79
135 190 78
135 190 79
136 183 77
136 183 78
136 183 79
136 184 76
136 184 77
136 184 78
136 184 79
136 185 76
136 185 77
136 185 78
136 185 79
136 186 76
136 186 77
136 186 78
136 186 79
136 187 76
136 187 77
136 187 78
136 187 79
136 188 76
136 188 77
136 188 78
136 188 79
136 189 77
136 189 78
136 189 79
136 190 77
136 190 78
136 190 79
137 183 78
137 183 79
137 184 77
137 184 78
137 184 79
137 185 76
137 185 77
137 185 78
137 185 79
137 186 76
137 186 77
137 186 78
137 186 79
137 187 76
137 187 77
137 187 78
137 187 79
137 188 76
137 188 77
137 188 78
137 188 79
137 189 77
137 189 78
137 189 79
137 190 78
137 190 79
138 183 78
138 183 79
138 184 77
138 184 78
138 184 79
138 185 77
138 185 78
138 185 79
138 186 76
138 186 77
138 186 78
138 186 79
138 187 76
138 187 77
138 187 78
138 187 79
138 188 77
138 188 78
138 188 79
138 189 77
138 189 78
138 189 79
138 190 79
139 183 78
139 183 79
139 184 78
139 184 79
139 185 77
139 185 78
139 185 79
139 186 77
139 186 78
139 186 79
139 187 77
139 187 78
139 187 79
139 188 77
139 188 78
139 188 79
139 189 77
139 189 78
139 189 79
140 183 79
140 184 78
140 184 79
140 185 77
140 185 78
140 185 79
140 186 77
140 186 78
140 186 79
140 187 77
140 187 78
140 187 79
140 188 77
140 188 78
140 188 79
140 189 77
140 189 78
140 189 79
140 190 79
141 183 79
141 184 78
141 184 79
141 185 77
141 185 78
141 185 79
141 186 77
141 186 78
141 186 79
141 187 77
141 187 78
141 187 79
141 188 77
141 188 78
141 188 79
141 189 77
141 189 78
141 189 79
141 190 78
141 190 79
142 184 79
142 185 78
142 185 79
142 186 77
142 186 78
142 186 79
142 187 77
142 187 78
142 187 79
142 188 77
142 188 78
142 188 79
142 189 78
142 189 79
142 190 78
142 190 79
143 185 78
143 185 79
143 186 78
143 186 79
143 187 78
143 187 79
143 188 78
143 188 79
143 189 78
143 189 79
143 190 78
143 190 79
143 191 79
128 225 75
128 225 76
128 225 77
128 226 73
128 226 74
128 226 75
128 226 76
128 226 77
128 226 78
128 226 79
128 227 73
128 227 74
128 227 75
128 227 76
128 227 77
128 227 78
128 227 79
128 228 73
128 228 74
128 228 75
128 228 76
128 228 77
128 228 78
128 228 79
128 229 75
128 229 76
128 229 77
128 229 78
128 229 79
128 230 76
128 230 77
128 230 78
128 231 71
128 232 70
128 233 70
129 226 73
129 226 74
129 226 75
129 226 76
129 226 77
129 226 78
129 226 79
129 227 73
129 227 74
129 227 75
129 227 76
129 227 77
129 227 78
129 227 79
129 228 73
129 228 74
129 228 75
129 228 76
129 228 77
129 228 78
129 228 79
129 229 75
129 229 76
129 229 77
129 229 78
129 229 79
129 230 76
129 230 77
129 230 78
129 233 69
129 233 70
129 234 69
130 226 73
130 226 74
130 226 75
130 226 76
130 226 77
130 227 72
130 227 73
130 227 74
130 227 75
130 227 76
130 227 77
130 227 78
130 227 79
130 228 73
130 228 74
130 228 75
130 228 76
130 228 77
130 228 78
130 228 79
130 229 74
130 229 75
130 229 76
130 229 77
130 229 78
130 229 79
130 230 76
130 235 68
130 236 68
131 226 75
131 226 76
131 227 71
131 227 72
131 227 74
131 227 75
131 227 76
131 228 71
131 228 72
131 228 73
131 228 74
131 228 75
131 228 76
131 228 77
131 229 74
131 229 75
131 229 76
131 229 77
131 237 67
132 227 71
132 227 75
132 228 70
132 228 71
132 228 74
132 228 75
132 228 76
132 228 77
132 229 74
132 229 75
132 229 76
133 228 69
133 228 74
133 228 75
133 229 74
133 229 75
133 229 76
133 230 75
133 230 76
134 228 74
134 229 68
134 229 74
134 229 75
134 229 76
134 230 74
134 230 75
135 229 67
135 229 73
135 229 74
135 229 75
135 229 76
135 229 77
135 230 73
135 230 74
135 230 75
135 231 73
135 231 74
136 229 73
136 229 74
136 229 75
136 229 76
136 229 77
136 230 72
136 230 73
136 230 74
136 230 75
136 231 72
136 231 73
136 231 74
136 232 72
136 232 73
136 232 74
137 230 72
137 230 73
137 230 74
137 230 77
137 230 78
137 231 72
137 231 73
137 231 74
137 232 72
137 232 73
137 232 74
138 230 78
138 231 72
138 231 73
138 232 72
138 232 73
139 230 78
139 230 79
140 230 79
alfheim:altLeaves
6
128 189 64
128 189 65
128 190 64
128 190 65
128 191 64
128 191 66
128 192 64
128 192 65
128 192 66
128 192 67
128 192 72
129 190 64
129 190 65
129 191 64
129 191 65
129 191 66
129 191 67
129 192 64
129 192 65
129 192 67
129 192 72
129 192 76
130 190 67
130 191 64
130 191 66
130 191 67
130 192 64
130 192 65
130 192 66
130 192 67
130 192 68
130 192 69
131 189 64
131 189 66
131 190 64
131 190 65
131 190 66
131 190 67
131 191 64
131 191 65
131 191 66
131 191 67
131 191 68
131 192 64
131 192 65
131 192 66
131 192 67
131 192 68
131 192 69
131 192 75
132 188 64
132 189 64
132 189 65
132 189 66
132 190 64
132 190 65
132 190 66
132 190 77
132 191 64
132 191 65
132 191 66
132 191 67
132 191 68
132 191 75
132 191 77
132 192 64
132 192 65
132 192 66
132 192 67
132 192 68
132 192 69
132 192 76
132 192 77
132 192 78
133 189 64
133 190 64
133 190 74
133 190 76
133 190 77
133 191 64
133 191 65
133 191 66
133 191 67
133 191 73
133 191 74
133 191 75
133 191 76
133 191 77
133 191 78
133 191 79
133 192 64
133 192 65
133 192 66
133 192 67
133 192 68
133 192 69
133 192 75
133 192 76
133 192 77
133 192 78
134 190 75
134 190 76
134 190 77
134 191 64
134 191 67
134 191 68
134 191 74
134 191 75
134 191 76
134 191 77
134 191 78
134 191 79
134 192 64
134 192 65
134 192 66
134 192 67
134 192 68
134 192 69
134 192 71
134 192 74
134 192 75
134 192 76
134 192 77
134 192 78
134 192 79
135 190 76
135 190 77
135 191 64
135 191 66
135 191 73
135 191 74
135 191 75
135 191 76
135 191 77
135 191 78
135 192 64
135 192 66
135 192 67
135 192 74
135 192 75
135 192 76
135 192 77
135 192 78
135 192 79
136 190 66
136 191 65
136 191 66
136 191 70
136 191 75
136 191 77
136 192 64
136 192 65
136 192 66
136 192 67
136 192 68
136 192 70
136 192 71
136 192 75
136 192 77
137 191 67
137 191 68
137 191 70
137 191 75
137 192 64
137 192 66
137 192 67
137 192 68
137 192 69
137 192 70
137 192 71
137 192 75
137 192 76
137 192 77
138 191 68
138 192 66
138 192 67
138 192 70
138 192 73
138 192 76
139 192 66
139 192 67
139 192 68
139 192 70
139 192 72
139 192 73
139 192 75
139 192 76
140 192 67
140 192 69
141 192 68
141 192 69
142 191 70
142 192 70
142 192 71
143 192 70
128 193 64
128 193 65
128 193 66
128 193 68
128 193 69
128 193 70
128 193 72
128 193 73
128 193 74
128 194 64
128 194 65
128 194 66
128 194 69
128 194 70
128 194 72
128 194 73
128 194 74
128 194 75
128 194 77
128 195 64
128 195 65
128 195 66
128 195 67
128 195 68
128 195 69
128 195 70
128 195 71
128 195 72
128 195 73
128 195 74
128 195 75
128 195 76
128 195 78
128 196 64
128 196 65
128 196 67
128 196 69
128 196 70
128 196 71
128 196 72
128 196 73
128 196 74
128 196 75
128 196 76
128 196 77
128 196 79
128 197 64
128 197 65
128 197 66
128 197 67
128 197 68
128 197 69
128 197 70
128 197 71
128 197 72
128 197 73
128 197 74
128 197 75
128 197 76
128 197 77
128 197 78
128 197 79
128 198 64
128 198 67
128 198 68
128 198 69
128 198 70
128 198 71
128 198 72
128 198 73
128 198 74
128 198 75
128 198 76
128 198 77
128 198 78
128 198 79
128 199 64
128 199 65
128 199 68
128 199 69
128 199 70
128 199 71
128 199 72
128 199 73
128 199 74
128 199 75
128 199 76
128 199 77
128 200 70
128 200 71
128 200 72
128 200 73
128 200 74
128 200 75
128 200 76
128 200 77
128 200 78
128 201 70
128 201 71
128 201 72
128 201 73
128 201 74
128 201 75
128 201 76
128 202 70
128 202 71
128 202 73
128 202 74
128 203 74
129 193 64
129 193 65
129 193 66
129 193 67
129 193 68
129 193 70
129 193 71
129 193 72
129 193 73
129 193 75
129 193 76
129 194 64
129 194 65
129 194 66
129 194 67
129 194 68
129 194 70
129 194 71
129 194 72
129 194 73
129 194 74
129 194 75
129 194 76
129 194 77
129 195 64
129 195 65
129 195 66
129 195 67
129 195 68
129 195 69
129 195 70
129 195 71
129 195 72
129 195 73
129 195 74
129 195 75
129 195 76
129 195 78
129 195 79
129 196 64
129 196 65
129 196 66
129 196 67
129 196 68
129 196 69
129 196 70
129 196 71
129 196 72
129 196 73
129 196 74
129 196 75
129 196 76
129 196 77
129 196 78
129 196 79
129 197 64
129 197 65
129 197 66
129 197 67
129 197 68
129 197 69
129 197 70
129 197 71
129 197 72
129 197 73
129 197 74
129 197 75
129 197 76
129 197 77
129 197 78
129 198 64
129 198 66
129 198 67
129 198 69
129 198 70
129 198 71
129 198 72
129 198 73
129 198 74
129 198 75
129 198 76
129 198 77
129 198 78
129 199 64
129 199 65
129 199 66
129 199 69
129 199 70
129 199 71
129 199 72
129 199 73
129 199 74
129 199 75
129 199 76
129 199 77
129 199 78
129 200 64
129 200 65
129 200 69
129 200 70
129 200 71
129 200 72
129 200 73
129 200 75
129 200 76
129 200 77
129 200 78
129 200 79
129 201 70
129 201 71
129 201 72
129 201 73
129 201 74
129 201 75
129 201 76
129 202 71
129 202 75
129 202 76
129 203 75
129 203 76
129 204 75
130 193 64
130 193 65
130 193 66
130 193 67
130 193 68
130 193 69
130 193 71
130 193 72
130 193 74
130 193 75
130 193 76
130 193 78
130 194 64
130 194 65
130 194 66
130 194 67
130 194 68
130 194 69
130 194 70
130 194 71
130 194 72
130 194 73
130 194 74
130 194 75
130 194 76
130 194 77
130 194 78
130 195 64
130 195 65
130 195 66
130 195 67
130 195 68
130 195 69
130 195 70
130 195 71
130 195 72
130 195 73
130 195 74
130 195 75
130 195 76
130 195 77
130 195 78
130 195 79
130 196 64
130 196 65
130 196 66
130 196 67
130 196 68
130 196 69
130 196 70
130 196 71
130 196 72
130 196 73
130 196 74
130 196 75
130 196 76
130 196 77
130 196 78
130 196 79
130 197 64
130 197 65
130 197 66
130 197 67
130 197 68
130 197 69
130 197 70
130 197 71
130 197 72
130 197 73
130 197 74
130 197 75
130 197 76
130 197 77
130 197 78
130 197 79
130 198 64
130 198 65
130 198 66
130 198 67
130 198 68
130 198 69
130 198 70
130 198 71
130 198 72
130 198 73
130 198 74
130 198 75
130 198 76
130 198 77
130 198 78
130 198 79
130 199 64
130 199 65
130 199 66
130 199 67
130 199 68
130 199 69
130 199 70
130 199 71
130 199 72
130 199 73
130 199 74
130 199 75
130 199 76
130 199 77
130 200 64
130 200 65
130 200 66
130 200 69
130 200 70
130 200 71
130 200 72
130 200 73
130 200 74
130 200 75
130 200 76
130 200 77
130 200 78
130 201 64
130 201 65
130 201 69
130 201 70
130 201 71
130 201 73
130 201 74
130 201 75
130 201 76
130 201 77
130 202 71
130 202 73
130 202 74
130 202 75
131 193 64
131 193 65
131 193 66
131 193 67
131 193 68
131 193 69
131 193 72
131 193 73
131 193 75
131 193 76
131 193 77
131 193 78
131 194 64
131 194 65
131 194 66
131 194 67
131 194 68
131 194 69
131 194 70
131 194 72
131 194 73
131 194 74
131 194 75
131 194 76
131 194 77
131 194 78
131 195 64
131 195 65
131 195 66
131 195 67
131 195 68
131 195 69
131 195 70
131 195 71
131 195 72
131 195 73
131 195 74
131 195 75
131 195 76
131 195 77
131 195 78
131 195 79
131 196 64
131 196 65
131 196 66
131 196 67
131 196 68
131 196 69
131 196 70
131 196 71
131 196 72
131 196 73
131 196 74
131 196 75
131 196 76
131 196 77
131 196 78
131 196 79
131 197 64
131 197 65
131 197 66
131 197 67
131 197 68
131 197 69
131 197 70
131 197 71
131 197 72
131 197 73
131 197 74
131 197 75
131 197 76
131 197 77
131 197 78
131 197 79
131 198 64
131 198 65
131 198 66
131 198 67
131 198 68
131 198 69
131 198 70
131 198 71
131 198 72
131 198 73
131 198 74
131 198 75
131 198 76
131 198 77
131 198 78
131 198 79
131 199 64
131 199 65
131 199 67
131 199 68
131 199 70
131 199 71
131 199 72
131 199 73
131 199 74
131 199 75
131 199 76
131 199 77
131 199 78
131 199 79
131 200 64
131 200 65
131 200 66
131 200 67
131 200 70
131 200 71
131 200 72
131 200 73
131 200 74
131 200 75
131 200 76
131 200 77
131 200 78
131 200 79
131 201 64
131 201 65
131 201 66
131 201 71
131 201 73
131 201 74
131 201 75
131 201 76
131 201 77
131 201 78
131 201 79
131 202 75
132 193 64
132 193 65
132 193 66
132 193 67
132 193 68
132 193 69
132 193 70
132 193 74
132 193 75
132 193 76
132 193 77
132 193 78
132 194 64
132 194 65
132 194 66
132 194 67
132 194 68
132 194 69
132 194 70
132 194 71
132 194 72
132 194 73
132 194 74
132 194 75
132 194 76
132 194 77
132 194 78
132 194 79
132 195 64
132 195 65
132 195 66
132 195 67
132 195 68
132 195 69
132 195 70
132 195 71
132 195 72
132 195 73
132 195 74
132 195 75
132 195 76
132 195 77
132 195 78
132 195 79
132 196 64
132 196 65
132 196 66
132 196 67
132 196 68
132 196 69
132 196 70
132 196 71
132 196 72
132 196 73
132 196 74
132 196 75
132 196 76
132 196 77
132 196 78
132 196 79
132 197 64
132 197 65
132 197 66
132 197 67
132 197 68
132 197 69
132 197 70
132 197 71
132 197 72
132 197 73
132 197 74
132 197 75
132 197 76
132 197 77
132 197 78
132 197 79
132 198 64
132 198 65
132 198 66
132 198 67
132 198 68
132 198 70
132 198 71
132 198 73
132 198 74
132 198 75
132 198 76
132 198 77
132 198 78
132 198 79
132 199 64
132 199 65
132 199 66
132 199 67
132 199 68
132 199 70
132 199 71
132 199 72
132 199 73
132 199 74
132 199 75
132 199 76
132 199 77
132 199 78
132 199 79
132 200 64
132 200 66
132 200 68
132 200 69
132 200 70
132 200 71
132 200 72
132 200 73
132 200 74
132 200 75
132 200 76
132 200 77
132 200 78
132 200 79
132 201 64
132 201 66
132 201 70
132 201 71
132 201 72
132 201 74
132 201 75
132 201 76
132 201 77
132 201 78
132 201 79
132 202 78
132 202 79
133 193 64
133 193 65
133 193 66
133 193 67
133 193 68
133 193 74
133 193 75
133 193 77
133 193 78
133 193 79
133 194 64
133 194 65
133 194 66
133 194 67
133 194 68
133 194 69
133 194 72
133 194 73
133 194 74
133 194 75
133 194 76
133 194 77
133 194 78
133 194 79
133 195 64
133 195 65
133 195 66
133 195 67
133 195 68
133 195 69
133 195 70
133 195 71
133 195 72
133 195 74
133 195 75
133 195 76
133 195 77
133 195 78
133 195 79
133 196 64
133 196 65
133 196 66
133 196 67
133 196 68
133 196 69
133 196 70
133 196 71
133 196 72
133 196 73
133 196 74
133 196 75
133 196 76
133 196 77
133 196 78
133 196 79
133 197 64
133 197 65
133 197 66
133 197 67
133 197 68
133 197 69
133 197 70
133 197 71
133 197 72
133 197 73
133 197 74
133 197 75
133 197 76
133 197 77
133 197 78
133 197 79
133 198 64
133 198 65
133 198 66
133 198 67
133 198 68
133 198 69
133 198 70
133 198 71
133 198 72
133 198 73
133 198 74
133 198 75
133 198 76
133 198 77
133 198 78
133 198 79
133 199 64
133 199 65
133 199 66
133 199 67
133 199 68
133 199 69
133 199 70
133 199 71
133 199 72
133 199 73
133 199 74
133 199 75
133 199 76
133 199 77
133 199 78
133 199 79
133 200 64
133 200 65
133 200 66
133 200 67
133 200 68
133 200 69
133 200 70
133 200 72
133 200 73
133 200 74
133 200 75
133 200 76
133 200 77
133 200 78
133 200 79
133 201 64
133 201 65
133 201 66
133 201 67
133 201 73
133 201 74
133 201 75
133 201 76
133 201 77
133 201 78
133 201 79
133 202 64
133 202 65
133 202 66
133 202 73
133 202 74
133 202 77
133 202 78
133 203 64
133 203 66
133 203 74
133 204 76
134 193 64
134 193 65
134 193 66
134 193 67
134 193 68
134 193 69
134 193 70
134 193 71
134 193 72
134 193 73
134 193 74
134 193 75
134 193 76
134 193 77
134 193 79
134 194 64
134 194 65
134 194 66
134 194 67
134 194 68
134 194 69
134 194 70
134 194 71
134 194 72
134 194 73
134 194 75
134 194 76
134 194 77
134 194 78
134 194 79
134 195 64
134 195 65
134 195 66
134 195 67
134 195 68
134 195 69
134 195 70
134 195 71
134 195 72
134 195 73
134 195 74
134 195 75
134 195 76
134 195 77
134 195 78
134 195 79
134 196 64
134 196 65
134 196 66
134 196 67
134 196 68
134 196 69
134 196 70
134 196 71
134 196 72
134 196 73
134 196 74
134 196 75
134 196 76
134 196 77
134 196 78
134 196 79
134 197 64
134 197 65
134 197 66
134 197 67
134 197 68
134 197 69
134 197 70
134 197 71
134 197 72
134 197 73
134 197 74
134 197 75
134 197 76
134 197 77
134 197 78
134 197 79
134 198 64
134 198 65
134 198 66
134 198 67
134 198 68
134 198 69
134 198 70
134 198 71
134 198 72
134 198 73
134 198 74
134 198 75
134 198 76
134 198 77
134 198 78
134 198 79
134 199 64
134 199 65
134 199 66
134 199 67
134 199 68
134 199 69
134 199 70
134 199 71
134 199 72
134 199 73
134 199 74
134 199 75
134 199 76
134 199 77
134 199 78
134 199 79
134 200 64
134 200 65
134 200 66
134 200 67
134 200 68
134 200 69
134 200 70
134 200 71
134 200 72
134 200 73
134 200 74
134 200 75
134 200 76
134 200 77
134 200 78
134 200 79
134 201 64
134 201 65
134 201 66
134 201 67
134 201 68
134 201 70
134 201 71
134 201 73
134 201 74
134 201 75
134 201 76
134 201 77
134 201 78
134 201 79
134 202 64
134 202 65
134 202 66
134 202 68
134 202 74
134 202 75
134 202 76
134 202 77
134 203 64
134 203 65
134 203 74
134 203 75
134 203 76
134 203 77
134 204 74
134 204 76
135 193 64
135 193 65
135 193 66
135 193 67
135 193 68
135 193 69
135 193 70
135 193 71
135 193 72
135 193 73
135 193 74
135 193 76
135 193 77
135 193 78
135 193 79
135 194 64
135 194 65
135 194 66
135 194 68
135 194 69
135 194 70
135 194 71
135 194 72
135 194 73
135 194 74
135 194 75
135 194 76
135 194 77
135 194 78
135 194 79
135 195 64
135 195 65
135 195 66
135 195 67
135 195 68
135 195 69
135 195 70
135 195 71
135 195 72
135 195 73
135 195 74
135 195 75
135 195 76
135 195 77
135 195 78
135 195 79
135 196 64
135 196 65
135 196 66
135 196 67
135 196 68
135 196 69
135 196 70
135 196 71
135 196 72
135 196 73
135 196 74
135 196 75
135 196 76
135 196 77
135 196 78
135 196 79
135 197 64
135 197 65
135 197 66
135 197 67
135 197 68
135 197 69
135 197 70
135 197 71
135 197 72
135 197 73
135 197 74
135 197 75
135 197 76
135 197 77
135 197 78
135 197 79
135 198 64
135 198 65
135 198 66
135 198 67
135 198 68
135 198 69
135 198 70
135 198 71
135 198 72
135 198 73
135 198 74
135 198 75
135 198 76
135 198 77
135 198 78
135 198 79
135 199 64
135 199 65
135 199 66
135 199 67
135 199 68
135 199 69
135 199 70
135 199 71
135 199 72
135 199 73
135 199 74
135 199 75
135 199 76
135 199 77
135 199 78
135 199 79
135 200 65
135 200 67
135 200 68
135 200 69
135 200 70
135 200 71
135 200 72
135 200 73
135 200 74
135 200 75
135 200 76
135 200 77
135 200 78
135 200 79
135 201 64
135 201 65
135 201 70
135 201 71
135 201 72
135 201 73
135 201 74
135 201 75
135 201 76
135 201 78
135 201 79
135 202 64
135 202 65
135 202 66
135 202 69
135 202 73
135 202 74
135 202 75
135 202 76
135 202 77
135 202 78
135 203 64
135 203 75
136 193 64
136 193 66
136 193 67
136 193 68
136 193 69
136 193 70
136 193 71
136 193 72
136 193 73
136 193 75
136 193 76
136 193 77
136 193 78
136 194 64
136 194 65
136 194 66
136 194 67
136 194 68
136 194 69
136 194 70
136 194 71
136 194 72
136 194 73
136 194 74
136 194 75
136 194 76
136 194 77
136 194 78
136 194 79
136 195 64
136 195 65
136 195 66
136 195 67
136 195 68
136 195 69
136 195 70
136 195 71
136 195 72
136 195 73
136 195 74
136 195 75
136 195 76
136 195 77
136 195 78
136 195 79
136 196 64
136 196 65
136 196 66
136 196 67
136 196 68
136 196 69
136 196 70
136 196 71
136 196 72
136 196 73
136 196 74
136 196 75
136 196 76
136 196 77
136 196 78
136 196 79
136 197 64
136 197 65
136 197 66
136 197 67
136 197 68
136 197 69
136 197 70
136 197 71
136 197 72
136 197 73
136 197 74
136 197 75
136 197 76
136 197 77
136 197 78
136 197 79
136 198 64
136 198 65
136 198 66
136 198 67
136 198 68
136 198 69
136 198 70
136 198 71
136 198 72
136 198 73
136 198 74
136 198 75
136 198 76
136 198 78
136 198 79
136 199 64
136 199 65
136 199 66
136 199 67
136 199 68
136 199 69
136 199 70
136 199 71
136 199 72
136 199 73
136 199 74
136 199 75
136 199 76
136 199 78
136 199 79
136 200 64
136 200 65
136 200 66
136 200 67
136 200 68
136 200 69
136 200 70
136 200 71
136 200 72
136 200 73
136 200 74
136 200 75
136 200 76
136 200 77
136 200 79
136 201 64
136 201 65
136 201 66
136 201 67
136 201 69
136 201 70
136 201 74
136 201 75
136 201 76
136 201 77
136 201 78
136 201 79
136 202 64
136 202 65
136 202 66
136 202 69
136 202 70
136 202 73
136 202 74
136 202 75
136 202 76
136 202 77
136 202 78
136 203 64
136 203 65
136 203 69
136 203 75
136 203 78
137 193 64
137 193 65
137 193 66
137 193 67
137 193 68
137 193 69
137 193 70
137 193 71
137 193 72
137 193 73
137 193 74
137 193 75
137 193 76
137 193 77
137 194 64
137 194 65
137 194 66
137 194 67
137 194 68
137 194 69
137 194 70
137 194 71
137 194 72
137 194 73
137 194 74
137 194 75
137 194 76
137 194 77
137 194 78
137 194 79
137 195 64
137 195 65
137 195 66
137 195 67
137 195 68
137 195 69
137 195 70
137 195 71
137 195 72
137 195 73
137 195 74
137 195 75
137 195 76
137 195 77
137 195 78
137 195 79
137 196 64
137 196 65
137 196 66
137 196 67
137 196 68
137 196 69
137 196 70
137 196 71
137 196 72
137 196 73
137 196 74
137 196 75
137 196 76
137 196 77
137 196 78
137 196 79
137 197 64
137 197 65
137 197 66
137 197 67
137 197 68
137 197 69
137 197 70
137 197 71
137 197 72
137 197 73
137 197 74
137 197 75
137 197 76
137 197 77
137 197 78
137 197 79
137 198 64
137 198 65
137 198 66
137 198 67
137 198 68
137 198 69
137 198 70
137 198 71
137 198 72
137 198 73
137 198 74
137 198 75
137 198 76
137 198 77
137 198 78
137 199 64
137 199 65
137 199 66
137 199 67
137 199 68
137 199 69
137 199 70
137 199 71
137 199 72
137 199 73
137 199 74
137 199 75
137 199 76
137 199 77
137 199 78
137 199 79
137 200 64
137 200 65
137 200 66
137 200 67
137 200 68
137 200 69
137 200 70
137 200 71
137 200 72
137 200 73
137 200 74
137 200 75
137 200 76
137 200 77
137 201 64
137 201 66
137 201 67
137 201 68
137 201 69
137 201 70
137 201 72
137 201 74
137 201 75
137 201 76
137 201 77
137 201 78
137 202 66
137 202 67
137 202 69
137 202 72
137 202 74
137 202 75
137 202 76
137 202 77
137 202 78
137 203 66
137 203 74
138 193 64
138 193 65
138 193 66
138 193 67
138 193 68
138 193 69
138 193 70
138 193 71
138 193 72
138 193 73
138 193 74
138 193 75
138 193 76
138 194 64
138 194 66
138 194 67
138 194 68
138 194 69
138 194 70
138 194 71
138 194 72
138 194 73
138 194 74
138 194 75
138 194 76
138 194 77
138 194 78
138 195 64
138 195 65
138 195 66
138 195 67
138 195 68
138 195 69
138 195 70
138 195 71
138 195 72
138 195 73
138 195 74
138 195 75
138 195 76
138 195 77
138 195 78
138 195 79
138 196 64
138 196 65
138 196 66
138 196 67
138 196 68
138 196 69
138 196 70
138 196 71
138 196 72
138 196 73
138 196 74
138 196 75
138 196 76
138 196 77
138 196 78
138 196 79
138 197 64
138 197 65
138 197 66
138 197 67
138 197 68
138 197 69
138 197 70
138 197 71
138 197 72
138 197 73
138 197 74
138 197 75
138 197 76
138 197 78
138 197 79
138 198 64
138 198 65
138 198 66
138 198 67
138 198 68
138 198 69
138 198 70
138 198 71
138 198 72
138 198 73
138 198 74
138 198 75
138 198 76
138 198 77
138 198 78
138 198 79
138 199 64
138 199 65
138 199 66
138 199 67
138 199 68
138 199 69
138 199 70
138 199 71
138 199 72
138 199 73
138 199 74
138 199 75
138 199 76
138 199 78
138 199 79
138 200 64
138 200 65
138 200 66
138 200 67
138 200 68
138 200 69
138 200 70
138 200 71
138 200 72
138 200 73
138 200 74
138 200 75
138 200 76
138 200 78
138 201 64
138 201 65
138 201 66
138 201 67
138 201 68
138 201 69
138 201 70
138 201 72
138 201 73
138 201 74
138 201 75
138 201 76
138 201 77
138 201 78
138 202 65
138 202 67
138 202 68
138 202 70
138 202 72
138 202 73
138 202 74
138 202 76
138 203 74
139 193 66
139 193 67
139 193 68
139 193 69
139 193 70
139 193 71
139 193 72
139 193 73
139 193 75
139 193 76
139 194 64
139 194 65
139 194 66
139 194 67
139 194 68
139 194 69
139 194 70
139 194 71
139 194 72
139 194 73
139 194 74
139 194 75
139 194 76
139 194 77
139 195 64
139 195 65
139 195 66
139 195 67
139 195 68
139 195 69
139 195 70
139 195 71
139 195 72
139 195 73
139 195 74
139 195 75
139 195 76
139 195 77
139 195 78
139 195 79
139 196 64
139 196 65
139 196 66
139 196 67
139 196 68
139 196 69
139 196 70
139 196 71
139 196 72
139 196 73
139 196 74
139 196 75
139 196 76
139 196 77
139 196 78
139 196 79
139 197 64
139 197 65
139 197 66
139 197 67
139 197 68
139 197 69
139 197 70
139 197 71
139 197 72
139 197 73
139 197 74
139 197 75
139 197 76
139 197 77
139 197 78
139 197 79
139 198 64
139 198 65
139 198 66
139 198 67
139 198 68
139 198 69
139 198 70
139 198 71
139 198 72
139 198 73
139 198 74
139 198 75
139 198 76
139 198 77
139 198 78
139 198 79
139 199 64
139 199 65
139 199 66
139 199 67
139 199 68
139 199 69
139 199 70
139 199 71
139 199 72
139 199 73
139 199 74
139 199 75
139 199 76
139 199 77
139 199 78
139 199 79
139 200 65
139 200 66
139 200 67
139 200 68
139 200 69
139 200 70
139 200 71
139 200 73
139 200 74
139 200 75
139 200 76
139 200 77
139 200 78
139 201 65
139 201 66
139 201 67
139 201 69
139 201 71
139 201 72
139 201 73
139 201 74
139 201 76
139 201 77
139 201 78
139 201 79
139 202 69
139 202 71
139 202 72
139 202 73
139 202 75
139 202 76
139 202 77
139 203 74
139 203 75
140 193 64
140 193 65
140 193 66
140 193 67
140 193 68
140 193 70
140 193 72
140 193 73
140 193 74
140 194 64
140 194 65
140 194 66
140 194 67
140 194 68
140 194 69
140 194 70
140 194 71
140 194 72
140 194 73
140 194 74
140 194 75
140 195 65
140 195 66
140 195 67
140 195 68
140 195 69
140 195 70
140 195 71
140 195 72
140 195 73
140 195 74
140 195 75
140 195 77
140 196 64
140 196 65
140 196 66
140 196 67
140 196 68
140 196 69
140 196 70
140 196 71
140 196 72
140 196 73
140 196 74
140 196 75
140 196 76
140 196 77
140 196 78
140 196 79
140 197 64
140 197 65
140 197 66
140 197 67
140 197 68
140 197 69
140 197 70
140 197 71
140 197 72
140 197 73
140 197 74
140 197 75
140 197 76
140 197 77
140 197 78
140 197 79
140 198 65
140 198 66
140 198 67
140 198 68
140 198 69
140 198 70
140 198 71
140 198 72
140 198 73
140 198 74
140 198 75
140 198 76
140 198 77
140 198 78
140 198 79
140 199 64
140 199 65
140 199 66
140 199 67
140 199 68
140 199 69
140 199 70
140 199 71
140 199 72
140 199 73
140 199 74
140 199 75
140 199 76
140 199 77
140 199 78
140 199 79
140 200 65
140 200 66
140 200 68
140 200 69
140 200 70
140 200 71
140 200 72
140 200 73
140 200 74
140 200 75
140 200 76
140 200 79
140 201 67
140 201 68
140 201 69
140 201 70
140 201 71
140 201 72
140 201 73
140 201 74
140 201 75
140 201 76
140 201 78
140 202 71
140 202 72
140 202 73
140 202 74
140 202 75
140 202 76
140 202 77
140 203 68
140 203 71
140 203 74
140 203 75
140 203 76
140 203 78
140 204 75
140 204 76
141 193 66
141 193 68
141 193 69
141 193 74
141 194 65
141 194 66
141 194 67
141 194 68
141 194 69
141 194 70
141 194 72
141 194 74
141 194 75
141 195 64
141 195 65
141 195 66
141 195 67
141 195 68
141 195 69
141 195 70
141 195 71
141 195 72
141 195 73
141 195 74
141 195 76
141 196 65
141 196 66
141 196 67
141 196 68
141 196 69
141 196 70
141 196 71
141 196 72
141 196 73
141 196 74
141 196 75
141 196 76
141 196 77
141 196 78
141 197 64
141 197 65
141 197 66
141 197 67
141 197 68
141 197 69
141 197 70
141 197 71
141 197 72
141 197 73
141 197 74
141 197 75
141 197 76
141 197 77
141 198 66
141 198 67
141 198 68
141 198 69
141 198 70
141 198 71
141 198 72
141 198 73
141 198 74
141 198 75
141 198 76
141 198 77
141 198 78
141 199 65
141 199 66
141 199 67
141 199 68
141 199 69
141 199 70
141 199 71
141 199 72
141 199 73
141 199 74
141 199 75
141 199 76
141 199 77
141 199 79
141 200 68
141 200 69
141 200 70
141 200 71
141 200 72
141 200 73
141 200 74
141 200 75
141 200 76
141 201 66
141 201 67
141 201 68
141 201 69
141 201 70
141 201 71
141 201 72
141 201 73
141 201 74
141 201 75
141 201 76
141 201 77
141 202 68
141 202 69
141 202 70
141 202 71
141 202 72
141 202 73
141 202 74
141 202 75
141 202 76
141 202 77
141 202 78
141 202 79
141 203 67
141 203 68
141 203 69
141 203 71
141 203 72
141 203 73
141 203 75
141 203 76
141 203 78
141 204 68
141 204 72
141 204 78
141 204 79
142 193 67
142 193 68
142 193 69
142 193 70
142 193 71
142 193 74
142 194 65
142 194 66
142 194 68
142 194 69
142 194 70
142 194 71
142 194 73
142 194 74
142 194 75
142 194 76
142 195 65
142 195 67
142 195 68
142 195 69
142 195 70
142 195 71
142 195 72
142 195 73
142 195 74
142 196 66
142 196 67
142 196 68
142 196 69
142 196 70
142 196 71
142 196 72
142 196 73
142 196 74
142 196 75
142 196 77
142 197 64
142 197 66
142 197 67
142 197 68
142 197 69
142 197 70
142 197 71
142 197 72
142 197 73
142 197 74
142 197 75
142 197 76
142 197 77
142 198 65
142 198 66
142 198 67
142 198 68
142 198 69
142 198 70
142 198 71
142 198 72
142 198 73
142 198 74
142 198 75
142 198 76
142 198 78
142 199 65
142 199 66
142 199 67
142 199 68
142 199 69
142 199 70
142 199 71
142 199 72
142 199 73
142 199 74
142 199 75
142 199 76
142 199 77
142 200 66
142 200 67
142 200 68
142 200 69
142 200 70
142 200 71
142 200 72
142 200 73
142 200 74
142 200 75
142 200 76
142 200 77
142 200 78
142 201 67
142 201 68
142 201 69
142 201 70
142 201 72
142 201 73
142 201 74
142 201 75
142 201 76
142 201 77
142 201 78
142 202 69
142 202 70
142 202 72
142 202 73
142 202 74
142 202 75
142 202 76
142 202 77
142 202 78
142 202 79
142 203 68
142 203 70
142 203 71
142 203 72
142 203 73
142 203 74
142 203 75
142 203 76
142 203 78
142 203 79
142 204 73
142 204 74
142 204 78
142 204 79
142 205 72
142 205 73
142 205 74
142 205 78
143 193 67
143 193 68
143 193 69
143 193 70
143 193 71
143 194 67
143 194 68
143 194 69
143 194 70
143 194 71
143 194 75
143 195 66
143 195 67
143 195 68
143 195 69
143 195 70
143 195 73
143 195 74
143 195 75
143 195 76
143 196 66
143 196 67
143 196 68
143 196 69
143 196 70
143 196 71
143 196 72
143 196 73
143 196 74
143 196 75
143 196 76
143 196 78
143 197 66
143 197 67
143 197 68
143 197 69
143 197 70
143 197 71
143 197 72
143 197 73
143 197 74
143 197 75
143 197 76
143 197 77
143 197 78
143 198 66
143 198 67
143 198 68
143 198 69
143 198 70
143 198 71
143 198 72
143 198 73
143 198 74
143 198 75
143 198 76
143 198 77
143 198 78
143 199 65
143 199 66
143 199 69
143 199 70
143 199 71
143 199 72
143 199 73
143 199 74
143 199 75
143 199 76
143 199 77
143 199 78
143 199 79
143 200 68
143 200 69
143 200 70
143 200 71
143 200 72
143 200 73
143 200 74
143 200 75
143 200 76
143 200 77
143 200 78
143 200 79
143 201 67
143 201 68
143 201 69
143 201 71
143 201 72
143 201 73
143 201 74
143 201 75
143 201 76
143 201 77
143 201 78
143 201 79
143 202 68
143 202 69
143 202 70
143 202 71
143 202 72
143 202 73
143 202 74
143 202 75
143 202 76
143 202 77
143 202 78
143 202 79
143 203 69
143 203 70
143 203 71
143 203 72
143 203 73
143 203 74
143 203 75
143 203 76
143 203 77
143 203 78
143 203 79
143 204 71
143 204 72
143 204 73
143 204 75
143 204 77
143 204 78
143 204 79
143 205 72
143 205 73
143 205 77
143 206 73
128 230 64
128 230 65
128 230 79
128 231 64
128 231 65
128 231 66
128 232 64
128 232 65
128 232 66
128 232 67
128 232 73
128 232 78
128 232 79
128 233 64
128 233 65
128 233 66
128 233 67
128 233 73
128 233 76
128 233 78
128 233 79
128 234 64
128 234 65
128 234 66
128 234 69
128 234 70
128 234 73
128 234 74
128 234 75
128 234 76
128 234 77
128 234 78
128 234 79
128 235 64
128 235 65
128 235 66
128 235 68
128 235 71
128 235 72
128 235 73
128 235 74
128 235 75
128 235 76
128 235 77
128 235 78
128 235 79
128 236 64
128 236 65
128 236 66
128 236 69
128 236 70
128 236 71
128 236 72
128 236 73
128 236 74
128 236 75
128 236 76
128 236 77
128 236 78
128 236 79
128 237 64
128 237 65
128 237 67
128 237 68
128 237 70
128 237 71
128 237 72
128 237 73
128 237 74
128 237 75
128 237 76
128 237 77
128 237 78
128 237 79
128 238 66
128 238 67
128 238 68
128 238 69
128 238 70
128 238 71
128 238 72
128 238 73
128 238 74
128 238 75
128 238 76
128 238 77
128 238 78
128 238 79
128 239 65
128 239 66
128 239 67
128 239 68
128 239 69
128 239 70
128 239 71
128 239 72
128 239 73
128 239 74
128 239 75
128 239 76
128 239 77
128 239 78
128 239 79
128 240 68
128 240 69
128 240 70
128 240 71
128 240 72
128 240 73
128 240 74
128 240 75
128 240 76
128 240 77
128 240 78
128 240 79
128 241 68
128 241 69
128 241 70
128 241 71
128 241 72
128 241 73
128 241 74
128 241 75
128 241 76
128 241 77
128 241 78
128 241 79
128 242 67
128 242 68
128 242 69
128 242 70
128 242 71
128 242 72
128 242 73
128 242 74
128 242 75
128 242 76
128 242 77
128 242 78
128 242 79
128 243 68
128 243 69
128 243 70
128 243 71
128 243 72
128 243 73
128 243 74
128 243 75
128 243 76
128 243 77
128 243 78
128 243 79
128 244 68
128 244 70
128 244 71
128 244 72
128 244 73
128 244 74
128 244 75
128 244 76
128 244 77
128 244 78
128 244 79
128 245 70
128 245 71
128 245 72
128 245 73
128 245 74
128 245 75
128 245 76
128 245 77
128 245 78
128 245 79
128 246 70
128 246 72
128 246 74
128 246 75
128 246 76
128 246 78
128 246 79
128 247 74
128 247 76
128 247 77
128 247 78
128 247 79
128 248 76
128 248 77
128 248 78
128 248 79
129 228 65
129 229 64
129 229 65
129 230 64
129 230 65
129 230 66
129 230 79
129 231 64
129 231 65
129 231 66
129 232 64
129 232 65
129 232 66
129 232 67
129 232 68
129 233 64
129 233 65
129 233 66
129 233 67
129 233 78
129 233 79
129 234 64
129 234 65
129 234 66
129 234 67
129 234 73
129 234 74
129 234 77
129 234 78
129 234 79
129 235 64
129 235 65
129 235 66
129 235 67
129 235 68
129 235 69
129 235 71
129 235 72
129 235 73
129 235 74
129 235 75
129 235 76
129 235 77
129 235 78
129 235 79
129 236 64
129 236 65
129 236 66
129 236 67
129 236 68
129 236 69
129 236 70
129 236 71
129 236 72
129 236 73
129 236 74
129 236 75
129 236 76
129 236 77
129 236 78
129 236 79
129 237 64
129 237 65
129 237 68
129 237 69
129 237 70
129 237 71
129 237 72
129 237 73
129 237 74
129 237 75
129 237 76
129 237 77
129 237 78
129 237 79
129 238 64
129 238 65
129 238 67
129 238 68
129 238 69
129 238 70
129 238 71
129 238 72
129 238 73
129 238 74
129 238 75
129 238 76
129 238 77
129 238 78
129 238 79
129 239 64
129 239 65
129 239 66
129 239 68
129 239 69
129 239 70
129 239 71
129 239 72
129 239 73
129 239 74
129 239 75
129 239 76
129 239 77
129 239 78
129 239 79
129 240 65
129 240 66
129 240 67
129 240 68
129 240 69
129 240 70
129 240 71
129 240 72
129 240 73
129 240 74
129 240 75
129 240 76
129 240 77
129 240 78
129 240 79
129 241 67
129 241 68
129 241 69
129 241 70
129 241 71
129 241 72
129 241 73
129 241 74
129 241 75
129 241 76
129 241 77
129 241 78
129 241 79
129 242 67
129 242 68
129 242 69
129 242 70
129 242 71
129 242 72
129 242 73
129 242 74
129 242 75
129 242 76
129 242 77
129 242 78
129 242 79
129 243 71
129 243 72
129 243 73
129 243 74
129 243 75
129 243 76
129 243 77
129 243 78
129 243 79
129 244 71
129 244 72
129 244 73
129 244 74
129 244 75
129 244 76
129 244 77
129 244 78
129 244 79
129 245 72
129 245 75
129 245 76
129 245 77
129 245 78
129 245 79
129 246 74
129 246 76
129 246 77
129 246 78
129 246 79
129 247 76
129 247 77
129 247 78
129 247 79
130 227 64
130 228 64
130 229 64
130 229 65
130 230 64
130 230 65
130 230 66
130 231 64
130 231 65
130 231 67
130 231 68
130 232 64
130 232 65
130 232 66
130 232 67
130 232 68
130 232 69
130 232 79
130 233 64
130 233 65
130 233 66
130 233 67
130 233 77
130 233 78
130 233 79
130 234 64
130 234 65
130 234 66
130 234 67
130 234 76
130 234 77
130 234 79
130 235 64
130 235 65
130 235 66
130 235 67
130 235 71
130 235 72
130 235 73
130 235 74
130 235 75
130 235 76
130 235 78
130 235 79
130 236 64
130 236 65
130 236 66
130 236 69
130 236 70
130 236 71
130 236 72
130 236 73
130 236 74
130 236 75
130 236 76
130 236 77
130 236 78
130 236 79
130 237 64
130 237 68
130 237 69
130 237 70
130 237 71
130 237 72
130 237 73
130 237 74
130 237 75
130 237 76
130 237 77
130 237 78
130 237 79
130 238 64
130 238 65
130 238 67
130 238 68
130 238 69
130 238 70
130 238 71
130 238 72
130 238 73
130 238 74
130 238 75
130 238 76
130 238 77
130 238 78
130 238 79
130 239 64
130 239 66
130 239 67
130 239 68
130 239 69
130 239 70
130 239 71
130 239 72
130 239 73
130 239 74
130 239 75
130 239 76
130 239 77
130 239 78
130 239 79
130 240 66
130 240 68
130 240 69
130 240 70
130 240 71
130 240 72
130 240 73
130 240 74
130 240 75
130 240 76
130 240 77
130 240 78
130 240 79
130 241 67
130 241 68
130 241 69
130 241 70
130 241 71
130 241 72
130 241 73
130 241 74
130 241 75
130 241 76
130 241 77
130 241 78
130 241 79
130 242 69
130 242 70
130 242 71
130 242 72
130 242 73
130 242 74
130 242 75
130 242 76
130 242 77
130 242 78
130 242 79
130 243 69
130 243 70
130 243 71
130 243 72
130 243 73
130 243 74
130 243 75
130 243 76
130 243 77
130 243 78
130 243 79
130 244 71
130 244 73
130 244 74
130 244 75
130 244 76
130 244 77
130 244 78
130 244 79
130 245 71
130 245 73
130 245 74
130 245 75
130 245 76
130 245 77
130 245 78
130 245 79
130 246 75
130 246 76
130 246 77
130 246 78
130 246 79
130 247 75
130 247 76
130 247 77
130 247 78
130 247 79
130 248 79
130 249 79
131 228 64
131 229 64
131 229 65
131 229 66
131 230 64
131 230 65
131 231 64
131 231 65
131 231 66
131 231 67
131 232 64
131 232 65
131 232 66
131 232 67
131 232 68
131 232 79
131 233 64
131 233 65
131 233 66
131 233 67
131 233 68
131 233 78
131 233 79
131 234 64
131 234 65
131 234 66
131 234 67
131 234 68
131 234 69
131 234 71
131 234 72
131 234 73
131 234 76
131 234 78
131 234 79
131 235 64
131 235 65
131 235 66
131 235 67
131 235 68
131 235 69
131 235 70
131 235 71
131 235 72
131 235 73
131 235 74
131 235 75
131 235 76
131 235 78
131 235 79
131 236 64
131 236 65
131 236 66
131 236 67
131 236 69
131 236 71
131 236 72
131 236 73
131 236 74
131 236 75
131 236 76
131 236 77
131 236 78
131 236 79
131 237 64
131 237 65
131 237 68
131 237 69
131 237 70
131 237 71
131 237 72
131 237 73
131 237 74
131 237 75
131 237 76
131 237 77
131 237 78
131 237 79
131 238 64
131 238 67
131 238 68
131 238 69
131 238 70
131 238 71
131 238 72
131 238 73
131 238 74
131 238 75
131 238 76
131 238 77
131 238 78
131 238 79
131 239 69
131 239 70
131 239 71
131 239 72
131 239 73
131 239 74
131 239 75
131 239 76
131 239 77
131 239 78
131 239 79
131 240 67
131 240 68
131 240 69
131 240 70
131 240 71
131 240 72
131 240 73
131 240 74
131 240 75
131 240 76
131 240 77
131 240 78
131 240 79
131 241 68
131 241 69
131 241 70
131 241 71
131 241 72
131 241 73
131 241 74
131 241 75
131 241 76
131 241 77
131 241 78
131 241 79
131 242 68
131 242 69
131 242 70
131 242 71
131 242 72
131 242 73
131 242 74
131 242 75
131 242 76
131 242 77
131 242 78
131 242 79
131 243 71
131 243 72
131 243 73
131 243 74
131 243 75
131 243 76
131 243 77
131 243 78
131 243 79
131 244 73
131 244 74
131 244 75
131 244 76
131 244 77
131 244 78
131 244 79
131 245 71
131 245 74
131 245 75
131 245 76
131 245 77
131 245 78
131 245 79
131 246 76
131 246 77
131 246 78
131 246 79
131 247 76
131 247 77
131 247 78
131 247 79
131 248 78
131 248 79
132 227 64
132 228 64
132 228 65
132 228 66
132 229 64
132 229 65
132 229 66
132 229 68
132 230 64
132 230 65
132 230 66
132 230 67
132 230 68
132 231 64
132 231 65
132 231 66
132 231 67
132 231 69
132 231 79
132 232 64
132 232 65
132 232 66
132 232 67
132 232 68
132 232 69
132 232 78
132 232 79
132 233 64
132 233 65
132 233 66
132 233 67
132 233 68
132 233 70
132 233 71
132 233 72
132 233 79
132 234 64
132 234 65
132 234 66
132 234 67
132 234 68
132 234 70
132 234 71
132 234 72
132 234 73
132 234 74
132 234 77
132 234 79
132 235 64
132 235 65
132 235 66
132 235 67
132 235 68
132 235 69
132 235 70
132 235 71
132 235 72
132 235 73
132 235 76
132 235 77
132 235 78
132 235 79
132 236 64
132 236 65
132 236 66
132 236 67
132 236 68
132 236 69
132 236 70
132 236 71
132 236 72
132 236 73
132 236 74
132 236 75
132 236 76
132 236 77
132 236 78
132 236 79
132 237 64
132 237 65
132 237 66
132 237 67
132 237 68
132 237 69
132 237 70
132 237 71
132 237 72
132 237 73
132 237 74
132 237 75
132 237 76
132 237 77
132 237 78
132 237 79
132 238 65
132 238 68
132 238 69
132 238 70
132 238 71
132 238 72
132 238 73
132 238 74
132 238 75
132 238 76
132 238 77
132 238 78
132 238 79
132 239 67
132 239 68
132 239 69
132 239 70
132 239 71
132 239 72
132 239 73
132 239 74
132 239 75
132 239 76
132 239 77
132 239 78
132 239 79
132 240 67
132 240 68
132 240 69
132 240 70
132 240 71
132 240 72
132 240 73
132 240 74
132 240 75
132 240 76
132 240 77
132 240 78
132 240 79
132 241 66
132 241 67
132 241 68
132 241 69
132 241 70
132 241 71
132 241 72
132 241 73
132 241 74
132 241 75
132 241 76
132 241 77
132 241 78
132 241 79
132 242 67
132 242 68
132 242 69
132 242 70
132 242 71
132 242 72
132 242 73
132 242 74
132 242 75
132 242 76
132 242 77
132 242 78
132 242 79
132 243 69
132 243 70
132 243 71
132 243 72
132 243 73
132 243 74
132 243 75
132 243 76
132 243 77
132 243 78
132 243 79
132 244 68
132 244 69
132 244 70
132 244 71
132 244 72
132 244 73
132 244 74
132 244 75
132 244 76
132 244 77
132 244 78
132 244 79
132 245 71
132 245 72
132 245 73
132 245 74
132 245 75
132 245 76
132 245 77
132 245 78
132 245 79
132 246 71
132 246 72
132 246 76
132 246 78
132 246 79
132 247 77
132 247 78
133 227 65
133 227 66
133 228 64
133 228 65
133 228 66
133 228 67
133 229 64
133 229 65
133 229 66
133 229 67
133 229 68
133 229 69
133 230 64
133 230 65
133 230 66
133 230 67
133 230 68
133 230 69
133 230 70
133 231 64
133 231 65
133 231 66
133 231 67
133 231 69
133 232 64
133 232 65
133 232 66
133 232 67
133 232 68
133 232 69
133 232 70
133 232 79
133 233 64
133 233 65
133 233 66
133 233 67
133 233 68
133 233 79
133 234 64
133 234 65
133 234 66
133 234 67
133 234 68
133 234 69
133 234 70
133 234 71
133 234 72
133 234 73
133 234 77
133 235 64
133 235 65
133 235 66
133 235 67
133 235 68
133 235 69
133 235 70
133 235 71
133 235 72
133 235 73
133 235 74
133 235 75
133 235 76
133 235 77
133 235 78
133 235 79
133 236 64
133 236 65
133 236 66
133 236 67
133 236 68
133 236 69
133 236 71
133 236 72
133 236 73
133 236 74
133 236 75
133 236 76
133 236 77
133 236 78
133 236 79
133 237 64
133 237 65
133 237 66
133 237 67
133 237 68
133 237 69
133 237 70
133 237 71
133 237 72
133 237 73
133 237 74
133 237 75
133 237 77
133 237 78
133 237 79
133 238 64
133 238 65
133 238 66
133 238 67
133 238 68
133 238 69
133 238 70
133 238 71
133 238 72
133 238 73
133 238 74
133 238 75
133 238 76
133 238 77
133 238 78
133 238 79
133 239 66
133 239 67
133 239 68
133 239 69
133 239 70
133 239 71
133 239 72
133 239 73
133 239 74
133 239 75
133 239 76
133 239 77
133 239 78
133 239 79
133 240 66
133 240 67
133 240 68
133 240 69
133 240 70
133 240 71
133 240 72
133 240 73
133 240 74
133 240 75
133 240 76
133 240 77
133 240 78
133 240 79
133 241 66
133 241 67
133 241 68
133 241 69
133 241 70
133 241 71
133 241 72
133 241 73
133 241 74
133 241 75
133 241 76
133 241 77
133 241 78
133 241 79
133 242 66
133 242 67
133 242 68
133 242 69
133 242 70
133 242 71
133 242 72
133 242 73
133 242 74
133 242 75
133 242 76
133 242 77
133 242 78
133 242 79
133 243 67
133 243 69
133 243 70
133 243 71
133 243 72
133 243 73
133 243 74
133 243 75
133 243 76
133 243 77
133 243 78
133 243 79
133 244 70
133 244 71
133 244 72
133 244 73
133 244 74
133 244 75
133 244 76
133 244 77
133 244 78
133 244 79
133 245 71
133 245 72
133 245 73
133 245 74
133 245 75
133 245 76
133 245 77
133 245 78
133 245 79
133 246 71
133 246 76
133 246 78
133 246 79
133 247 78
133 247 79
133 248 79
134 227 64
134 227 65
134 228 65
134 228 66
134 229 64
134 229 65
134 229 66
134 229 67
134 230 64
134 230 65
134 230 66
134 230 67
134 230 68
134 230 69
134 231 64
134 231 65
134 231 66
134 231 67
134 231 68
134 231 69
134 232 64
134 232 65
134 232 66
134 232 67
134 232 68
134 232 69
134 233 64
134 233 65
134 233 66
134 233 67
134 233 68
134 233 72
134 234 64
134 234 65
134 234 66
134 234 67
134 234 68
134 234 69
134 234 70
134 234 71
134 234 72
134 235 64
134 235 65
134 235 66
134 235 67
134 235 68
134 235 69
134 235 70
134 235 71
134 235 72
134 235 73
134 235 75
134 235 76
134 235 77
134 235 78
134 235 79
134 236 64
134 236 65
134 236 66
134 236 67
134 236 69
134 236 70
134 236 71
134 236 72
134 236 73
134 236 74
134 236 75
134 236 76
134 236 77
134 236 78
134 236 79
134 237 64
134 237 65
134 237 66
134 237 67
134 237 68
134 237 69
134 237 70
134 237 72
134 237 73
134 237 74
134 237 75
134 237 76
134 237 77
134 237 78
134 237 79
134 238 65
134 238 66
134 238 67
134 238 68
134 238 69
134 238 70
134 238 71
134 238 72
134 238 73
134 238 74
134 238 75
134 238 76
134 238 77
134 238 78
134 238 79
134 239 66
134 239 67
134 239 68
134 239 69
134 239 70
134 239 71
134 239 72
134 239 73
134 239 74
134 239 75
134 239 76
134 239 77
134 239 78
134 239 79
134 240 64
134 240 65
134 240 66
134 240 67
134 240 68
134 240 69
134 240 70
134 240 71
134 240 72
134 240 73
134 240 74
134 240 75
134 240 76
134 240 77
134 240 78
134 240 79
134 241 68
134 241 69
134 241 70
134 241 71
134 241 72
134 241 73
134 241 74
134 241 75
134 241 76
134 241 77
134 241 78
134 241 79
134 242 67
134 242 69
134 242 70
134 242 71
134 242 72
134 242 73
134 242 74
134 242 75
134 242 76
134 242 77
134 242 78
134 242 79
134 243 68
134 243 69
134 243 71
134 243 72
134 243 73
134 243 74
134 243 75
134 243 76
134 243 77
134 243 78
134 243 79
134 244 69
134 244 70
134 244 71
134 244 72
134 244 73
134 244 74
134 244 75
134 244 76
134 244 77
134 244 78
134 244 79
134 245 71
134 245 74
134 245 75
134 245 76
134 245 77
134 245 78
134 245 79
134 246 76
134 246 78
134 246 79
134 247 77
134 247 78
134 247 79
134 248 78
134 248 79
134 249 79
134 250 79
135 226 65
135 227 65
135 228 65
135 229 64
135 229 65
135 229 66
135 230 64
135 230 65
135 230 66
135 230 67
135 230 68
135 231 64
135 231 65
135 231 66
135 231 67
135 231 68
135 232 64
135 232 65
135 232 66
135 232 67
135 232 68
135 233 64
135 233 65
135 233 66
135 233 67
135 233 68
135 233 69
135 233 70
135 233 77
135 233 79
135 234 64
135 234 65
135 234 66
135 234 67
135 234 68
135 234 69
135 234 70
135 234 71
135 234 77
135 234 78
135 235 64
135 235 65
135 235 66
135 235 67
135 235 68
135 235 69
135 235 70
135 235 71
135 235 72
135 235 73
135 235 76
135 235 77
135 235 78
135 235 79
135 236 64
135 236 65
135 236 66
135 236 67
135 236 68
135 236 69
135 236 71
135 236 72
135 236 73
135 236 74
135 236 75
135 236 77
135 236 78
135 236 79
135 237 64
135 237 65
135 237 66
135 237 67
135 237 68
135 237 69
135 237 70
135 237 72
135 237 74
135 237 75
135 237 76
135 237 77
135 237 78
135 237 79
135 238 64
135 238 65
135 238 66
135 238 68
135 238 69
135 238 70
135 238 71
135 238 72
135 238 73
135 238 74
135 238 75
135 238 76
135 238 77
135 238 78
135 238 79
135 239 64
135 239 66
135 239 67
135 239 68
135 239 69
135 239 70
135 239 71
135 239 72
135 239 73
135 239 74
135 239 75
135 239 76
135 239 77
135 239 78
135 239 79
135 240 64
135 240 66
135 240 67
135 240 68
135 240 69
135 240 70
135 240 71
135 240 72
135 240 73
135 240 74
135 240 75
135 240 76
135 240 77
135 240 78
135 240 79
135 241 64
135 241 67
135 241 68
135 241 69
135 241 71
135 241 72
135 241 73
135 241 74
135 241 75
135 241 76
135 241 77
135 241 78
135 241 79
135 242 68
135 242 69
135 242 71
135 242 72
135 242 73
135 242 74
135 242 75
135 242 76
135 242 77
135 242 78
135 242 79
135 243 68
135 243 69
135 243 73
135 243 74
135 243 75
135 243 76
135 243 77
135 243 78
135 243 79
135 244 73
135 244 74
135 244 75
135 244 76
135 244 77
135 244 78
135 244 79
135 245 74
135 245 75
135 245 76
135 245 77
135 245 78
135 245 79
135 246 77
135 246 78
135 246 79
135 247 78
135 247 79
135 248 78
135 248 79
135 249 79
136 225 65
136 226 65
136 227 64
136 227 65
136 228 64
136 228 65
136 228 66
136 228 67
136 229 64
136 229 65
136 229 66
136 229 67
136 230 64
136 230 65
136 230 66
136 230 67
136 230 68
136 231 64
136 231 65
136 231 66
136 231 67
136 231 68
136 232 64
136 232 65
136 232 66
136 232 67
136 232 68
136 232 77
136 232 79
136 233 64
136 233 65
136 233 66
136 233 67
136 233 68
136 233 69
136 233 70
136 233 77
136 233 78
136 233 79
136 234 64
136 234 65
136 234 66
136 234 67
136 234 68
136 234 69
136 234 70
136 234 77
136 234 78
136 235 64
136 235 65
136 235 66
136 235 67
136 235 68
136 235 69
136 235 70
136 235 71
136 235 75
136 235 76
136 235 77
136 235 78
136 235 79
136 236 64
136 236 65
136 236 66
136 236 67
136 236 68
136 236 69
136 236 70
136 236 71
136 236 73
136 236 76
136 236 77
136 236 78
136 236 79
136 237 64
136 237 65
136 237 66
136 237 67
136 237 68
136 237 69
136 237 70
136 237 71
136 237 72
136 237 73
136 237 74
136 237 75
136 237 76
136 237 77
136 237 78
136 237 79
136 238 64
136 238 65
136 238 66
136 238 67
136 238 68
136 238 69
136 238 70
136 238 71
136 238 72
136 238 73
136 238 74
136 238 75
136 238 76
136 238 77
136 238 78
136 238 79
136 239 65
136 239 66
136 239 67
136 239 68
136 239 69
136 239 70
136 239 71
136 239 72
136 239 73
136 239 74
136 239 75
136 239 76
136 239 77
136 239 78
136 239 79
136 240 64
136 240 66
136 240 67
136 240 68
136 240 71
136 240 72
136 240 73
136 240 74
136 240 75
136 240 76
136 240 77
136 240 78
136 240 79
136 241 64
136 241 66
136 241 67
136 241 68
136 241 69
136 241 71
136 241 72
136 241 73
136 241 74
136 241 75
136 241 76
136 241 77
136 241 78
136 241 79
136 242 64
136 242 71
136 242 72
136 242 73
136 242 74
136 242 75
136 242 76
136 242 77
136 242 78
136 242 79
136 243 69
136 243 74
136 243 75
136 243 76
136 243 77
136 243 78
136 243 79
136 244 73
136 244 74
136 244 75
136 244 76
136 244 77
136 244 78
136 244 79
136 245 74
136 245 75
136 245 76
136 245 77
136 245 78
136 245 79
136 246 75
136 246 76
136 246 77
136 246 78
136 247 75
136 247 76
136 247 77
136 247 79
137 226 64
137 227 64
137 227 65
137 228 64
137 228 65
137 228 66
137 229 64
137 229 65
137 229 66
137 229 67
137 230 64
137 230 65
137 230 66
137 230 67
137 230 68
137 231 64
137 231 65
137 231 66
137 231 67
137 231 69
137 231 78
137 231 79
137 232 64
137 232 65
137 232 66
137 232 67
137 232 68
137 232 69
137 232 77
137 232 78
137 232 79
137 233 64
137 233 65
137 233 66
137 233 67
137 233 68
137 233 69
137 233 70
137 233 71
137 233 78
137 233 79
137 234 65
137 234 66
137 234 67
137 234 68
137 234 69
137 234 70
137 234 71
137 234 72
137 234 77
137 234 78
137 234 79
137 235 64
137 235 65
137 235 66
137 235 67
137 235 68
137 235 69
137 235 70
137 235 71
137 235 76
137 235 77
137 235 78
137 235 79
137 236 64
137 236 65
137 236 66
137 236 67
137 236 68
137 236 69
137 236 70
137 236 71
137 236 72
137 236 74
137 236 75
137 236 76
137 236 77
137 236 78
137 236 79
137 237 64
137 237 66
137 237 67
137 237 68
137 237 69
137 237 70
137 237 71
137 237 72
137 237 73
137 237 74
137 237 75
137 237 76
137 237 77
137 237 78
137 237 79
137 238 64
137 238 65
137 238 66
137 238 67
137 238 68
137 238 69
137 238 70
137 238 72
137 238 73
137 238 74
137 238 75
137 238 76
137 238 77
137 238 78
137 238 79
137 239 64
137 239 65
137 239 67
137 239 68
137 239 69
137 239 70
137 239 71
137 239 72
137 239 73
137 239 74
137 239 75
137 239 76
137 239 77
137 239 78
137 239 79
137 240 64
137 240 65
137 240 66
137 240 67
137 240 68
137 240 69
137 240 71
137 240 72
137 240 73
137 240 74
137 240 75
137 240 76
137 240 77
137 240 78
137 240 79
137 241 64
137 241 66
137 241 67
137 241 73
137 241 74
137 241 75
137 241 76
137 241 77
137 241 78
137 241 79
137 242 64
137 242 72
137 242 73
137 242 74
137 242 75
137 242 76
137 242 77
137 242 78
137 242 79
137 243 73
137 243 74
137 243 75
137 243 76
137 243 77
137 243 78
137 243 79
137 244 74
137 244 75
137 244 76
137 244 77
137 244 78
137 244 79
137 245 74
137 245 75
137 245 76
137 245 78
137 245 79
137 246 75
137 246 77
137 246 78
137 246 79
137 247 76
138 227 64
138 227 65
138 227 66
138 228 64
138 228 65
138 228 66
138 228 67
138 229 64
138 229 65
138 229 66
138 229 67
138 230 64
138 230 65
138 230 66
138 230 67
138 230 68
138 230 70
138 230 71
138 230 72
138 230 79
138 231 64
138 231 65
138 231 66
138 231 67
138 231 77
138 231 78
138 231 79
138 232 64
138 232 65
138 232 66
138 232 67
138 232 68
138 232 70
138 232 71
138 232 75
138 232 76
138 232 77
138 232 78
138 232 79
138 233 64
138 233 65
138 233 66
138 233 67
138 233 68
138 233 69
138 233 70
138 233 71
138 233 76
138 233 77
138 233 78
138 233 79
138 234 64
138 234 65
138 234 66
138 234 67
138 234 68
138 234 69
138 234 70
138 234 71
138 234 72
138 234 74
138 234 75
138 234 76
138 234 77
138 234 78
138 234 79
138 235 64
138 235 65
138 235 66
138 235 67
138 235 68
138 235 69
138 235 70
138 235 71
138 235 72
138 235 73
138 235 74
138 235 75
138 235 76
138 235 77
138 235 78
138 235 79
138 236 64
138 236 65
138 236 66
138 236 67
138 236 68
138 236 69
138 236 70
138 236 71
138 236 72
138 236 74
138 236 75
138 236 76
138 236 77
138 236 78
138 236 79
138 237 64
138 237 65
138 237 66
138 237 67
138 237 68
138 237 69
138 237 70
138 237 71
138 237 72
138 237 73
138 237 74
138 237 75
138 237 76
138 237 77
138 237 78
138 237 79
138 238 64
138 238 65
138 238 66
138 238 67
138 238 68
138 238 69
138 238 70
138 238 71
138 238 72
138 238 73
138 238 74
138 238 75
138 238 76
138 238 77
138 238 78
138 238 79
138 239 64
138 239 65
138 239 66
138 239 67
138 239 68
138 239 69
138 239 71
138 239 72
138 239 73
138 239 74
138 239 75
138 239 76
138 239 77
138 239 78
138 239 79
138 240 64
138 240 65
138 240 66
138 240 67
138 240 68
138 240 69
138 240 71
138 240 72
138 240 73
138 240 74
138 240 75
138 240 76
138 240 77
138 240 78
138 240 79
138 241 64
138 241 66
138 241 67
138 241 71
138 241 73
138 241 74
138 241 75
138 241 76
138 241 77
138 241 78
138 241 79
138 242 64
138 242 66
138 242 73
138 242 74
138 242 75
138 242 76
138 242 77
138 242 78
138 242 79
138 243 64
138 243 73
138 243 75
138 243 76
138 243 77
138 243 78
138 243 79
138 244 75
138 244 76
138 244 77
138 244 78
138 245 74
138 245 75
138 245 76
138 245 77
138 245 78
138 245 79
138 246 77
138 246 79
139 227 64
139 227 65
139 228 64
139 228 65
139 229 64
139 229 65
139 229 66
139 229 70
139 229 71
139 229 72
139 230 64
139 230 66
139 230 68
139 230 69
139 230 71
139 231 64
139 231 65
139 231 66
139 231 67
139 231 68
139 231 70
139 231 71
139 231 72
139 231 73
139 231 79
139 232 64
139 232 65
139 232 66
139 232 67
139 232 68
139 232 69
139 232 70
139 232 71
139 232 72
139 232 74
139 232 76
139 232 78
139 232 79
139 233 64
139 233 65
139 233 66
139 233 67
139 233 68
139 233 69
139 233 70
139 233 71
139 233 72
139 233 73
139 233 74
139 233 75
139 233 76
139 233 77
139 233 78
139 233 79
139 234 64
139 234 65
139 234 66
139 234 67
139 234 68
139 234 69
139 234 70
139 234 71
139 234 72
139 234 73
139 234 74
139 234 75
139 234 76
139 234 77
139 234 78
139 234 79
139 235 64
139 235 65
139 235 66
139 235 67
139 235 68
139 235 69
139 235 70
139 235 72
139 235 74
139 235 75
139 235 76
139 235 77
139 235 78
139 235 79
139 236 64
139 236 65
139 236 66
139 236 67
139 236 68
139 236 69
139 236 70
139 236 71
139 236 72
139 236 73
139 236 74
139 236 75
139 236 76
139 236 77
139 236 78
139 236 79
139 237 64
139 237 65
139 237 66
139 237 67
139 237 68
139 237 69
139 237 70
139 237 71
139 237 72
139 237 73
139 237 74
139 237 75
139 237 76
139 237 77
139 237 78
139 237 79
139 238 64
139 238 65
139 238 66
139 238 67
139 238 68
139 238 69
139 238 70
139 238 71
139 238 72
139 238 73
139 238 74
139 238 75
139 238 76
139 238 77
139 238 78
139 238 79
139 239 64
139 239 65
139 239 66
139 239 67
139 239 68
139 239 69
139 239 70
139 239 71
139 239 72
139 239 73
139 239 74
139 239 75
139 239 76
139 239 77
139 239 78
139 239 79
139 240 64
139 240 65
139 240 66
139 240 67
139 240 68
139 240 69
139 240 71
139 240 72
139 240 73
139 240 74
139 240 75
139 240 76
139 240 77
139 240 78
139 240 79
139 241 64
139 241 66
139 241 67
139 241 68
139 241 69
139 241 70
139 241 71
139 241 72
139 241 73
139 241 74
139 241 75
139 241 76
139 241 77
139 241 78
139 241 79
139 242 64
139 242 65
139 242 66
139 242 68
139 242 69
139 242 74
139 242 75
139 242 76
139 242 77
139 242 78
139 242 79
139 243 65
139 243 66
139 243 74
139 243 75
139 243 76
139 243 77
139 243 79
139 244 66
139 244 72
139 244 73
139 244 74
139 244 75
139 244 76
139 244 77
139 244 78
139 245 73
139 245 74
139 245 76
139 245 77
140 228 64
140 228 65
140 229 64
140 229 69
140 229 70
140 229 71
140 229 72
140 229 78
140 230 64
140 230 68
140 230 69
140 230 70
140 230 71
140 230 72
140 230 78
140 231 64
140 231 65
140 231 66
140 231 67
140 231 68
140 231 69
140 231 70
140 231 71
140 231 72
140 231 74
140 231 75
140 231 78
140 231 79
140 232 64
140 232 65
140 232 66
140 232 67
140 232 68
140 232 69
140 232 70
140 232 71
140 232 72
140 232 73
140 232 74
140 232 75
140 232 77
140 232 78
140 232 79
140 233 64
140 233 65
140 233 66
140 233 67
140 233 68
140 233 69
140 233 70
140 233 71
140 233 72
140 233 73
140 233 74
140 233 75
140 233 76
140 233 77
140 233 78
140 233 79
140 234 64
140 234 65
140 234 66
140 234 67
140 234 68
140 234 69
140 234 70
140 234 71
140 234 72
140 234 74
140 234 75
140 234 76
140 234 77
140 234 78
140 234 79
140 235 64
140 235 65
140 235 66
140 235 67
140 235 68
140 235 69
140 235 70
140 235 71
140 235 72
140 235 74
140 235 75
140 235 76
140 235 77
140 235 78
140 235 79
140 236 64
140 236 65
140 236 66
140 236 67
140 236 68
140 236 69
140 236 70
140 236 71
140 236 72
140 236 73
140 236 74
140 236 75
140 236 76
140 236 77
140 236 78
140 236 79
140 237 64
140 237 65
140 237 66
140 237 67
140 237 68
140 237 69
140 237 70
140 237 71
140 237 72
140 237 73
140 237 74
140 237 75
140 237 76
140 237 77
140 237 78
140 237 79
140 238 64
140 238 65
140 238 66
140 238 67
140 238 68
140 238 69
140 238 70
140 238 71
140 238 72
140 238 73
140 238 74
140 238 75
140 238 76
140 238 77
140 238 78
140 238 79
140 239 64
140 239 65
140 239 66
140 239 67
140 239 68
140 239 69
140 239 71
140 239 72
140 239 73
140 239 74
140 239 75
140 239 76
140 239 77
140 239 78
140 239 79
140 240 64
140 240 65
140 240 66
140 240 68
140 240 69
140 240 70
140 240 72
140 240 73
140 240 74
140 240 75
140 240 76
140 240 77
140 240 78
140 240 79
140 241 64
140 241 65
140 241 66
140 241 67
140 241 68
140 241 73
140 241 74
140 241 75
140 241 76
140 241 77
140 241 78
140 241 79
140 242 66
140 242 67
140 242 73
140 242 74
140 242 75
140 242 76
140 242 77
140 242 78
140 243 66
140 243 73
140 243 74
140 243 75
140 243 76
140 243 77
140 243 78
140 243 79
140 244 66
140 244 74
140 244 75
140 244 76
140 244 77
140 244 78
140 245 74
140 245 75
140 245 76
140 245 77
140 246 75
140 246 76
141 229 70
141 229 73
141 229 77
141 229 78
141 229 79
141 230 66
141 230 67
141 230 69
141 230 70
141 230 71
141 230 72
141 230 73
141 230 74
141 230 76
141 230 77
141 230 78
141 230 79
141 231 66
141 231 67
141 231 68
141 231 69
141 231 70
141 231 71
141 231 72
141 231 73
141 231 74
141 231 75
141 231 76
141 231 77
141 231 78
141 231 79
141 232 65
141 232 66
141 232 67
141 232 68
141 232 69
141 232 70
141 232 71
141 232 72
141 232 73
141 232 74
141 232 75
141 232 76
141 232 77
141 232 78
141 232 79
141 233 64
141 233 65
141 233 66
141 233 67
141 233 68
141 233 69
141 233 70
141 233 71
141 233 72
141 233 73
141 233 74
141 233 75
141 233 76
141 233 77
141 233 78
141 233 79
141 234 64
141 234 65
141 234 66
141 234 67
141 234 68
141 234 69
141 234 70
141 234 71
141 234 72
141 234 73
141 234 76
141 234 77
141 234 78
141 234 79
141 235 64
141 235 65
141 235 66
141 235 67
141 235 68
141 235 69
141 235 70
141 235 71
141 235 72
141 235 73
141 235 74
141 235 75
141 235 76
141 235 77
141 235 78
141 235 79
141 236 64
141 236 65
141 236 66
141 236 67
141 236 68
141 236 69
141 236 70
141 236 71
141 236 72
141 236 73
141 236 74
141 236 75
141 236 76
141 236 77
141 236 78
141 236 79
141 237 64
141 237 65
141 237 66
141 237 67
141 237 68
141 237 69
141 237 70
141 237 71
141 237 72
141 237 73
141 237 74
141 237 75
141 237 76
141 237 77
141 237 78
141 237 79
141 238 64
141 238 65
141 238 66
141 238 67
141 238 68
141 238 69
141 238 70
141 238 71
141 238 72
141 238 73
141 238 74
141 238 75
141 238 76
141 238 77
141 238 78
141 238 79
141 239 64
141 239 65
141 239 66
141 239 68
141 239 69
141 239 70
141 239 71
141 239 72
141 239 73
141 239 74
141 239 75
141 239 76
141 239 77
141 239 78
141 239 79
141 240 64
141 240 65
141 240 66
141 240 67
141 240 69
141 240 70
141 240 72
141 240 73
141 240 74
141 240 75
141 240 76
141 240 77
141 240 78
141 240 79
141 241 64
141 241 65
141 241 66
141 241 67
141 241 68
141 241 69
141 241 70
141 241 72
141 241 73
141 241 74
141 241 75
141 241 76
141 241 77
141 241 78
141 241 79
141 242 64
141 242 65
141 242 71
141 242 72
141 242 73
141 242 74
141 242 75
141 242 76
141 242 77
141 242 78
141 242 79
141 243 65
141 243 66
141 243 72
141 243 73
141 243 74
141 243 75
141 243 76
141 243 77
141 243 78
141 243 79
141 244 76
141 244 77
141 244 78
141 245 75
141 245 76
142 228 71
142 229 71
142 230 64
142 230 67
142 230 68
142 230 69
142 230 70
142 230 71
142 230 78
142 230 79
142 231 64
142 231 65
142 231 66
142 231 67
142 231 68
142 231 69
142 231 70
142 231 71
142 231 72
142 231 77
142 232 64
142 232 65
142 232 66
142 232 67
142 232 68
142 232 69
142 232 70
142 232 71
142 232 72
142 232 73
142 232 75
142 232 76
142 232 77
142 232 78
142 232 79
142 233 64
142 233 65
142 233 66
142 233 67
142 233 68
142 233 69
142 233 70
142 233 71
142 233 72
142 233 73
142 233 75
142 233 76
142 233 77
142 233 78
142 233 79
142 234 64
142 234 65
142 234 66
142 234 67
142 234 68
142 234 69
142 234 70
142 234 71
142 234 72
142 234 73
142 234 74
142 234 75
142 234 76
142 234 77
142 234 78
142 234 79
142 235 64
142 235 65
142 235 66
142 235 67
142 235 68
142 235 69
142 235 70
142 235 71
142 235 72
142 235 74
142 235 75
142 235 76
142 235 77
142 235 78
142 235 79
142 236 64
142 236 65
142 236 66
142 236 67
142 236 68
142 236 69
142 236 70
142 236 71
142 236 72
142 236 73
142 236 74
142 236 75
142 236 76
142 236 77
142 236 78
142 236 79
142 237 64
142 237 65
142 237 66
142 237 67
142 237 68
142 237 69
142 237 70
142 237 71
142 237 72
142 237 73
142 237 74
142 237 75
142 237 76
142 237 77
142 237 78
142 237 79
142 238 64
142 238 65
142 238 66
142 238 67
142 238 68
142 238 69
142 238 70
142 238 71
142 238 72
142 238 73
142 238 74
142 238 75
142 238 76
142 238 77
142 238 78
142 238 79
142 239 64
142 239 66
142 239 67
142 239 68
142 239 69
142 239 70
142 239 72
142 239 74
142 239 75
142 239 76
142 239 77
142 239 78
142 239 79
142 240 68
142 240 69
142 240 70
142 240 72
142 240 73
142 240 74
142 240 75
142 240 76
142 240 77
142 240 78
142 240 79
142 241 64
142 241 65
142 241 67
142 241 68
142 241 69
142 241 72
142 241 73
142 241 74
142 241 75
142 241 76
142 241 77
142 241 78
142 241 79
142 242 68
142 242 73
142 242 75
142 242 76
142 242 77
142 242 78
142 242 79
142 243 74
142 243 75
142 243 76
142 243 77
142 243 78
142 243 79
142 244 75
142 244 76
142 244 77
142 245 76
142 245 77
142 246 77
143 229 68
143 230 67
143 230 68
143 230 71
143 230 72
143 230 78
143 230 79
143 231 64
143 231 65
143 231 66
143 231 67
143 231 68
143 231 69
143 231 70
143 231 72
143 231 76
143 231 77
143 231 78
143 231 79
143 232 64
143 232 65
143 232 66
143 232 67
143 232 68
143 232 69
143 232 70
143 232 71
143 232 72
143 232 73
143 232 75
143 232 76
143 232 77
143 232 79
143 233 64
143 233 65
143 233 66
143 233 67
143 233 68
143 233 69
143 233 70
143 233 71
143 233 72
143 233 75
143 233 76
143 233 77
143 233 78
143 233 79
143 234 64
143 234 65
143 234 66
143 234 67
143 234 68
143 234 69
143 234 70
143 234 72
143 234 73
143 234 74
143 234 75
143 234 76
143 234 77
143 234 78
143 234 79
143 235 64
143 235 65
143 235 66
143 235 67
143 235 68
143 235 69
143 235 70
143 235 71
143 235 72
143 235 75
143 235 76
143 235 77
143 235 78
143 235 79
143 236 64
143 236 65
143 236 66
143 236 67
143 236 68
143 236 69
143 236 70
143 236 72
143 236 75
143 236 76
143 236 77
143 236 78
143 236 79
143 237 64
143 237 65
143 237 66
143 237 67
143 237 68
143 237 69
143 237 70
143 237 71
143 237 72
143 237 73
143 237 74
143 237 75
143 237 76
143 237 77
143 237 78
143 237 79
143 238 64
143 238 65
143 238 66
143 238 67
143 238 68
143 238 69
143 238 70
143 238 71
143 238 72
143 238 73
143 238 74
143 238 75
143 238 76
143 238 77
143 238 78
143 238 79
143 239 64
143 239 65
143 239 66
143 239 67
143 239 68
143 239 69
143 239 71
143 239 72
143 239 73
143 239 74
143 239 75
143 239 76
143 239 77
143 239 78
143 239 79
143 240 71
143 240 72
143 240 74
143 240 75
143 240 76
143 240 77
143 240 78
143 240 79
143 241 65
143 241 68
143 241 69
143 241 74
143 241 75
143 241 76
143 241 77
143 241 78
143 241 79
143 242 74
143 242 75
143 242 76
143 242 77
143 242 78
143 242 79
143 243 74
143 243 75
143 243 76
143 243 77
143 243 78
143 244 74
143 244 75
143 244 76
143 244 77
143 244 79
143 245 78
143 245 79

