alfheim:altWood1
12
15 222 208
alfheim:altLeaves
6
0 189 218
0 190 218
0 191 216
0 191 217
0 191 219
0 192 215
0 192 217
0 192 218
1 191 217
1 192 218
1 192 219
0 193 218
0 193 219
0 194 217
0 194 218
0 195 217
0 195 218
0 195 219
0 195 220
0 196 216
0 196 217
0 196 218
0 196 219
0 196 220
0 197 217
0 197 218
0 197 219
0 197 220
0 197 221
0 198 216
0 198 218
0 198 220
0 199 215
0 199 217
0 199 218
0 199 219
0 199 220
0 199 221
0 200 214
0 200 215
0 200 216
0 200 217
0 200 218
0 200 219
0 200 220
0 200 221
0 201 216
0 201 217
0 201 218
0 201 219
0 201 220
0 201 221
0 202 216
0 202 217
0 202 218
0 202 219
0 202 220
0 202 221
0 203 216
0 203 217
0 203 218
0 203 219
0 203 220
0 203 221
0 204 216
0 204 217
0 204 218
0 204 219
0 204 220
0 204 221
0 205 216
0 205 217
0 205 218
0 205 219
0 206 216
0 206 217
0 206 218
0 206 219
0 207 216
0 207 217
0 207 218
0 207 219
0 208 216
0 208 217
0 208 218
0 209 217
0 209 218
0 209 219
0 210 217
0 210 219
0 211 217
0 212 216
0 212 217
0 212 218
0 213 216
0 213 217
0 214 215
0 214 216
0 214 217
0 214 218
0 215 215
0 215 216
0 215 218
0 216 214
0 216 215
0 216 216
0 216 217
0 216 218
0 217 210
0 217 211
0 217 212
0 217 213
0 217 214
0 217 215
0 217 216
0 217 217
0 217 218
0 218 208
0 218 210
0 218 211
0 218 212
0 218 213
0 218 214
0 218 215
0 218 216
0 218 217
0 218 218
0 218 220
0 219 208
0 219 209
0 219 210
0 219 211
0 219 212
0 219 213
0 219 214
0 219 215
0 219 216
0 219 217
0 219 218
0 219 219
0 219 220
0 219 221
0 219 223
0 220 208
0 220 210
0 220 211
0 220 212
0 220 213
0 220 214
0 220 215
0 220 216
0 220 217
0 220 218
0 220 219
0 220 220
0 220 221
0 220 222
0 220 223
0 221 208
0 221 209
0 221 210
0 221 211
0 221 212
0 221 213
0 221 214
0 221 215
0 221 216
0 221 217
0 221 218
0 221 219
0 221 220
0 221 221
0 221 222
0 221 223
0 222 208
0 222 209
0 222 210
0 222 211
0 222 212
0 222 213
0 222 214
0 222 215
0 222 216
0 222 217
0 222 218
0 222 219
0 222 220
0 222 221
0 222 222
0 222 223
0 223 208
0 223 209
0 223 210
0 223 211
0 223 212
0 223 213
0 223 214
0 223 215
0 223 216
0 223 217
0 223 218
0 223 219
0 223 220
0 223 221
0 223 222
0 223 223
0 224 208
0 224 209
0 224 210
0 224 211
0 224 212
0 224 213
0 224 214
0 224 215
0 224 216
0 224 217
0 224 218
0 224 219
0 224 220
0 224 221
0 224 222
0 224 223
1 193 218
1 194 217
1 195 217
1 196 218
1 197 218
1 197 219
1 197 220
1 198 218
1 198 219
1 199 217
1 199 219
1 199 220
1 200 215
1 200 217
1 200 218
1 202 217
1 202 218
1 202 219
1 202 221
1 203 216
1 203 217
1 203 218
1 203 219
1 204 217
1 204 218
1 204 219
1 205 216
1 205 217
1 205 218
1 206 216
1 206 217
1 206 218
1 206 219
1 207 216
1 207 217
1 207 218
1 208 216
1 208 217
1 208 218
1 209 217
1 209 218
1 210 217
1 211 216
1 212 215
1 212 216
1 214 215
1 214 216
1 215 214
1 215 215
1 215 216
1 215 217
1 215 218
1 216 210
1 216 213
1 216 214
1 216 215
1 216 216
1 216 217
1 216 218
1 217 208
1 217 209
1 217 210
1 217 213
1 217 214
1 217 215
1 217 216
1 217 217
1 217 218
1 217 219
1 218 208
1 218 209
1 218 210
1 218 211
1 218 212
1 218 213
1 218 214
1 218 215
1 218 216
1 218 217
1 218 218
1 218 219
1 219 208
1 219 209
1 219 210
1 219 211
1 219 212
1 219 213
1 219 214
1 219 215
1 219 216
1 219 217
1 219 218
1 219 219
1 219 220
1 219 221
1 219 222
1 220 208
1 220 209
1 220 210
1 220 211
1 220 212
1 220 213
1 220 214
1 220 215
1 220 216
1 220 217
1 220 219
1 220 220
1 220 221
1 220 222
1 221 208
1 221 209
1 221 210
1 221 211
1 221 212
1 221 213
1 221 214
1 221 215
1 221 216
1 221 217
1 221 218
1 221 219
1 221 220
1 221 221
1 221 222
1 221 223
1 222 208
1 222 209
1 222 210
1 222 211
1 222 212
1 222 213
1 222 214
1 222 215
1 222 216
1 222 217
1 222 218
1 222 219
1 222 220
1 222 221
1 222 222
1 222 223
1 223 208
1 223 209
1 223 210
1 223 211
1 223 212
1 223 213
1 223 214
1 223 215
1 223 216
1 223 217
1 223 218
1 223 219
1 223 220
1 223 221
1 223 222
1 223 223
1 224 208
1 224 209
1 224 210
1 224 211
1 224 212
1 224 213
1 224 214
1 224 215
1 224 216
1 224 217
1 224 218
1 224 219
1 224 220
1 224 221
1 224 222
1 224 223
2 196 218
2 197 216
2 197 217
2 197 218
2 197 219
2 198 218
2 201 218
2 202 218
2 203 218
2 203 219
2 206 217
2 206 218
2 207 217
2 208 217
2 212 216
2 214 216
2 215 209
2 215 214
2 215 216
2 215 217
2 216 208
2 216 209
2 216 215
2 216 216
2 216 217
2 217 208
2 217 209
2 217 210
2 217 211
2 217 212
2 217 213
2 217 215
2 217 216
2 217 217
2 217 218
2 217 219
2 218 208
2 218 209
2 218 210
2 218 211
2 218 213
2 218 214
2 218 215
2 218 216
2 218 217
2 218 218
2 218 219
2 218 221
2 219 208
2 219 209
2 219 210
2 219 211
2 219 212
2 219 213
2 219 214
2 219 215
2 219 216
2 219 217
2 219 218
2 219 219
2 219 220
2 219 221
2 220 208
2 220 209
2 220 210
2 220 211
2 220 212
2 220 213
2 220 214
2 220 215
2 220 216
2 220 217
2 220 218
2 220 219
2 220 220
2 220 221
2 220 222
2 221 208
2 221 209
2 221 210
2 221 211
2 221 212
2 221 213
2 221 214
2 221 215
2 221 216
2 221 217
2 221 218
2 221 219
2 221 220
2 221 221
2 221 222
2 221 223
2 222 208
2 222 209
2 222 210
2 222 211
2 222 212
2 222 213
2 222 214
2 222 215
2 222 216
2 222 217
2 222 218
2 222 219
2 222 220
2 222 221
2 222 222
2 222 223
2 223 208
2 223 209
2 223 210
2 223 211
2 223 212
2 223 213
2 223 214
2 223 215
2 223 216
2 223 217
2 223 218
2 223 219
2 223 220
2 223 221
2 223 222
2 223 223
2 224 208
2 224 209
2 224 210
2 224 211
2 224 212
2 224 213
2 224 214
2 224 215
2 224 216
2 224 217
2 224 218
2 224 219
2 224 220
2 224 221
2 224 222
2 224 223
3 196 218
3 197 218
3 198 218
3 202 218
3 215 215
3 216 215
3 216 216
3 217 213
3 217 214
3 217 215
3 217 216
3 217 218
3 217 219
3 218 208
3 218 210
3 218 212
3 218 214
3 218 215
3 218 216
3 218 217
3 218 218
3 218 219
3 218 220
3 218 221
3 219 209
3 219 210
3 219 211
3 219 212
3 219 213
3 219 214
3 219 215
3 219 216
3 219 217
3 219 218
3 219 219
3 219 220
3 219 221
3 219 222
3 220 208
3 220 209
3 220 210
3 220 211
3 220 212
3 220 213
3 220 214
3 220 215
3 220 216
3 220 217
3 220 218
3 220 219
3 220 220
3 220 221
3 220 222
3 221 208
3 221 209
3 221 210
3 221 211
3 221 212
3 221 213
3 221 214
3 221 215
3 221 216
3 221 217
3 221 218
3 221 219
3 221 220
3 221 221
3 221 222
3 221 223
3 222 209
3 222 210
3 222 211
3 222 212
3 222 213
3 222 214
3 222 215
3 222 216
3 222 217
3 222 218
3 222 219
3 222 220
3 222 221
3 222 222
3 222 223
3 223 208
3 223 209
3 223 210
3 223 211
3 223 212
3 223 213
3 223 214
3 223 215
3 223 216
3 223 217
3 223 218
3 223 219
3 223 220
3 223 221
3 223 222
3 223 223
3 224 208
3 224 209
3 224 210
3 224 211
3 224 212
3 224 213
3 224 214
3 224 215
3 224 216
3 224 217
3 224 218
3 224 219
3 224 220
3 224 221
3 224 222
4 197 218
4 217 214
4 218 208
4 218 211
4 218 212
4 218 213
4 218 214
4 218 215
4 218 216
4 218 217
4 218 218
4 218 219
4 219 210
4 219 211
4 219 212
4 219 213
4 219 214
4 219 215
4 219 216
4 219 217
4 219 218
4 219 219
4 219 221
4 220 208
4 220 209
4 220 210
4 220 211
4 220 212
4 220 213
4 220 214
4 220 215
4 220 216
4 220 217
4 220 218
4 220 219
4 220 220
4 220 221
4 221 208
4 221 209
4 221 210
4 221 211
4 221 212
4 221 213
4 221 214
4 221 215
4 221 216
4 221 217
4 221 218
4 221 219
4 221 220
4 221 221
4 221 222
4 222 208
4 222 209
4 222 210
4 222 211
4 222 212
4 222 213
4 222 214
4 222 215
4 222 216
4 222 217
4 222 218
4 222 219
4 222 220
4 222 221
4 222 222
4 222 223
4 223 208
4 223 209
4 223 210
4 223 211
4 223 212
4 223 213
4 223 214
4 223 215
4 223 216
4 223 217
4 223 218
4 223 219
4 223 220
4 223 221
4 223 222
4 223 223
4 224 208
4 224 209
4 224 210
4 224 211
4 224 212
4 224 213
4 224 214
4 224 215
4 224 216
4 224 217
4 224 218
4 224 219
4 224 220
4 224 221
4 224 222
5 217 211
5 217 214
5 217 215
5 218 210
5 218 211
5 218 214
5 218 215
5 218 216
5 219 211
5 219 212
5 219 213
5 219 215
5 219 216
5 219 219
5 219 220
5 220 209
5 220 210
5 220 211
5 220 212
5 220 213
5 220 215
5 220 216
5 220 217
5 220 218
5 220 221
5 221 208
5 221 209
5 221 210
5 221 211
5 221 212
5 221 213
5 221 214
5 221 216
5 221 217
5 221 218
5 221 219
5 221 220
5 221 221
5 221 223
5 222 208
5 222 209
5 222 210
5 222 211
5 222 212
5 222 213
5 222 214
5 222 216
5 222 217
5 222 218
5 222 219
5 222 220
5 222 221
5 222 222
5 222 223
5 223 208
5 223 209
5 223 210
5 223 211
5 223 212
5 223 213
5 223 214
5 223 215
5 223 216
5 223 217
5 223 218
5 223 219
5 223 220
5 223 221
5 223 222
5 223 223
5 224 208
5 224 209
5 224 210
5 224 211
5 224 212
5 224 213
5 224 214
5 224 215
5 224 216
5 224 217
5 224 218
5 224 219
5 224 220
5 224 221
5 224 222
5 224 223
6 217 215
6 217 216
6 218 215
6 218 216
6 219 208
6 219 211
6 219 214
6 219 215
6 219 216
6 219 217
6 219 223
6 220 208
6 220 210
6 220 211
6 220 215
6 220 216
6 220 217
6 220 218
6 220 220
6 221 208
6 221 209
6 221 210
6 221 211
6 221 213
6 221 214
6 221 215
6 221 216
6 221 217
6 221 218
6 221 219
6 221 220
6 221 222
6 221 223
6 222 208
6 222 209
6 222 210
6 222 211
6 222 212
6 222 213
6 222 214
6 222 216
6 222 217
6 222 218
6 222 219
6 222 220
6 222 221
6 222 222
6 222 223
6 223 208
6 223 209
6 223 210
6 223 211
6 223 212
6 223 213
6 223 214
6 223 216
6 223 217
6 223 218
6 223 219
6 223 220
6 223 221
6 223 222
6 223 223
6 224 208
6 224 209
6 224 210
6 224 211
6 224 212
6 224 213
6 224 214
6 224 215
6 224 216
6 224 217
6 224 218
6 224 219
6 224 220
6 224 221
6 224 222
7 219 211
7 219 215
7 219 217
7 219 223
7 220 208
7 220 215
7 220 216
7 220 217
7 220 218
7 220 219
7 220 220
7 220 221
7 220 222
7 221 210
7 221 211
7 221 213
7 221 214
7 221 215
7 221 216
7 221 217
7 221 218
7 221 219
7 221 220
7 221 222
7 221 223
7 222 208
7 222 209
7 222 210
7 222 211
7 222 212
7 222 213
7 222 214
7 222 215
7 222 216
7 222 217
7 222 218
7 222 219
7 222 220
7 222 221
7 222 222
7 222 223
7 223 208
7 223 209
7 223 211
7 223 212
7 223 213
7 223 214
7 223 215
7 223 216
7 223 217
7 223 218
7 223 219
7 223 220
7 223 221
7 223 222
7 223 223
7 224 208
7 224 209
7 224 210
7 224 211
7 224 212
7 224 213
7 224 214
7 224 215
7 224 216
7 224 217
7 224 219
7 224 220
7 224 221
7 224 222
7 224 223
8 218 221
8 218 222
8 218 223
8 219 219
8 219 220
8 219 222
8 219 223
8 220 218
8 220 219
8 220 220
8 220 222
8 220 223
8 221 216
8 221 217
8 221 218
8 221 219
8 221 220
8 221 221
8 221 222
8 221 223
8 222 210
8 222 211
8 222 212
8 222 213
8 222 214
8 222 215
8 222 216
8 222 217
8 222 218
8 222 219
8 222 220
8 222 221
8 222 222
8 222 223
8 223 208
8 223 209
8 223 210
8 223 211
8 223 212
8 223 215
8 223 216
8 223 217
8 223 218
8 223 219
8 223 220
8 223 221
8 223 222
8 223 223
8 224 208
8 224 209
8 224 210
8 224 211
8 224 212
8 224 213
8 224 214
8 224 215
8 224 216
8 224 217
8 224 218
8 224 219
8 224 220
8 224 221
8 224 222
8 224 223
9 217 221
9 217 222
9 218 219
9 218 220
9 218 221
9 218 222
9 218 223
9 219 210
9 219 219
9 219 220
9 219 221
9 219 222
9 219 223
9 220 215
9 220 216
9 220 218
9 220 219
9 220 220
9 220 221
9 220 222
9 220 223
9 221 214
9 221 215
9 221 216
9 221 217
9 221 218
9 221 219
9 221 220
9 221 221
9 221 222
9 221 223
9 222 210
9 222 212
9 222 215
9 222 216
9 222 217
9 222 218
9 222 219
9 222 220
9 222 221
9 222 222
9 222 223
9 223 208
9 223 209
9 223 210
9 223 212
9 223 213
9 223 214
9 223 215
9 223 216
9 223 217
9 223 218
9 223 219
9 223 220
9 223 221
9 223 222
9 223 223
9 224 208
9 224 209
9 224 210
9 224 211
9 224 213
9 224 214
9 224 215
9 224 216
9 224 217
9 224 218
9 224 219
9 224 220
9 224 221
9 224 222
9 224 223
10 217 223
10 218 210
10 218 221
10 218 222
10 218 223
10 219 210
10 219 218
10 219 220
10 219 221
10 219 222
10 219 223
10 220 217
10 220 218
10 220 220
10 220 221
10 220 222
10 220 223
10 221 215
10 221 216
10 221 217
10 221 218
10 221 219
10 221 220
10 221 221
10 221 222
10 221 223
10 222 214
10 222 215
10 222 216
10 222 217
10 222 218
10 222 219
10 222 220
10 222 221
10 222 222
10 222 223
10 223 210
10 223 212
10 223 214
10 223 215
10 223 216
10 223 217
10 223 218
10 223 219
10 223 220
10 223 221
10 223 222
10 223 223
10 224 208
10 224 210
10 224 211
10 224 215
10 224 216
10 224 217
10 224 218
10 224 219
10 224 220
10 224 221
10 224 222
10 224 223
11 217 222
11 218 220
11 218 222
11 218 223
11 219 209
11 219 210
11 219 211
11 219 219
11 219 220
11 219 221
11 219 222
11 219 223
11 220 210
11 220 218
11 220 219
11 220 220
11 220 221
11 220 222
11 220 223
11 221 209
11 221 216
11 221 217
11 221 218
11 221 219
11 221 220
11 221 221
11 221 222
11 221 223
11 222 215
11 222 216
11 222 217
11 222 218
11 222 219
11 222 220
11 222 221
11 222 222
11 222 223
11 223 214
11 223 215
11 223 216
11 223 217
11 223 218
11 223 219
11 223 220
11 223 221
11 223 222
11 223 223
11 224 209
11 224 210
11 224 214
11 224 215
11 224 216
11 224 217
11 224 218
11 224 219
11 224 220
11 224 221
11 224 222
11 224 223
12 217 208
12 217 209
12 217 211
12 217 212
12 218 209
12 218 210
12 218 211
12 218 212
12 218 222
12 219 208
12 219 209
12 219 210
12 219 211
12 219 220
12 219 221
12 219 222
12 219 223
12 220 209
12 220 211
12 220 212
12 220 219
12 220 220
12 220 221
12 220 222
12 220 223
12 221 209
12 221 210
12 221 211
12 221 216
12 221 217
12 221 218
12 221 219
12 221 221
12 221 222
12 221 223
12 222 210
12 222 216
12 222 217
12 222 218
12 222 219
12 222 220
12 222 221
12 222 222
12 222 223
12 223 216
12 223 217
12 223 218
12 223 219
12 223 220
12 223 221
12 223 222
12 223 223
12 224 209
12 224 210
12 224 216
12 224 217
12 224 218
12 224 219
12 224 220
12 224 221
12 224 222
12 224 223
13 216 211
13 217 208
13 217 209
13 217 210
13 217 211
13 217 212
13 217 213
13 218 208
13 218 209
13 218 210
13 218 211
13 218 212
13 218 222
13 219 208
13 219 209
13 219 210
13 219 211
13 219 212
13 219 220
13 219 222
13 219 223
13 220 208
13 220 209
13 220 210
13 220 211
13 220 212
13 220 213
13 220 214
13 220 219
13 220 220
13 220 222
13 220 223
13 221 208
13 221 209
13 221 210
13 221 211
13 221 213
13 221 219
13 221 220
13 221 221
13 221 222
13 221 223
13 222 210
13 222 211
13 222 216
13 222 218
13 222 219
13 222 220
13 222 221
13 222 222
13 222 223
13 223 208
13 223 214
13 223 216
13 223 217
13 223 218
13 223 219
13 223 220
13 223 221
13 223 222
13 223 223
13 224 208
13 224 209
13 224 213
13 224 215
13 224 216
13 224 218
13 224 219
13 224 220
13 224 221
13 224 222
13 224 223
14 213 208
14 213 209
14 215 210
14 215 211
14 216 209
14 216 210
14 216 211
14 216 212
14 217 208
14 217 209
14 217 210
14 217 211
14 217 212
14 217 213
14 218 208
14 218 209
14 218 210
14 218 211
14 218 212
14 218 213
14 219 208
14 219 210
14 219 211
14 219 212
14 220 208
14 220 209
14 220 210
14 220 211
14 220 212
14 220 213
14 220 214
14 220 220
14 220 222
14 221 208
14 221 209
14 221 210
14 221 211
14 221 212
14 221 220
14 221 222
14 221 223
14 222 209
14 222 211
14 222 214
14 222 219
14 222 220
14 222 221
14 222 223
14 223 208
14 223 210
14 223 213
14 223 214
14 223 215
14 223 218
14 223 219
14 223 220
14 223 221
14 223 222
14 223 223
14 224 208
14 224 213
14 224 214
14 224 215
14 224 216
14 224 217
14 224 218
14 224 219
14 224 220
14 224 221
14 224 222
14 224 223
15 207 208
15 208 210
15 209 209
15 209 210
15 210 209
15 212 208
15 212 209
15 213 208
15 213 209
15 213 210
15 214 208
15 214 211
15 215 208
15 215 210
15 215 211
15 215 213
15 216 208
15 216 209
15 216 210
15 216 211
15 216 212
15 216 214
15 217 208
15 217 209
15 217 210
15 217 211
15 217 212
15 217 213
15 217 214
15 218 208
15 218 209
15 218 210
15 218 211
15 218 212
15 218 213
15 219 208
15 219 209
15 219 210
15 219 211
15 219 212
15 219 213
15 219 214
15 220 208
15 220 209
15 220 210
15 220 211
15 220 212
15 220 213
15 220 214
15 220 215
15 220 222
15 221 208
15 221 209
15 221 210
15 221 211
15 221 212
15 221 213
15 221 214
15 221 219
15 221 223
15 222 209
15 222 210
15 222 211
15 222 212
15 222 213
15 222 214
15 222 215
15 222 219
15 222 222
15 222 223
15 223 208
15 223 209
15 223 210
15 223 211
15 223 212
15 223 213
15 223 214
15 223 220
15 223 221
15 223 222
15 223 223
15 224 212
15 224 213
15 224 214
15 224 215
15 224 216
15 224 218
15 224 220
15 224 221
15 224 222
15 224 223
0 225 208
0 225 209
0 225 210
0 225 211
0 225 212
0 225 213
0 225 214
0 225 215
0 225 216
0 225 217
0 225 218
0 225 219
0 225 220
0 225 221
0 225 222
0 225 223
0 226 208
0 226 209
0 226 210
0 226 211
0 226 212
0 226 213
0 226 214
0 226 215
0 226 216
0 226 217
0 226 218
0 226 219
0 226 220
0 226 221
0 226 222
0 226 223
0 227 208
0 227 209
0 227 210
0 227 211
0 227 212
0 227 213
0 227 214
0 227 215
0 227 216
0 227 217
0 227 218
0 227 219
0 227 220
0 227 221
0 227 222
0 227 223
0 228 208
0 228 209
0 228 210
0 228 211
0 228 212
0 228 213
0 228 214
0 228 215
0 228 216
0 228 217
0 228 218
0 228 219
0 228 220
0 228 221
0 228 222
0 228 223
0 229 208
0 229 209
0 229 210
0 229 211
0 229 212
0 229 213
0 229 214
0 229 215
0 229 216
0 229 217
0 229 218
0 229 219
0 229 220
0 229 221
0 229 222
0 229 223
0 230 208
0 230 209
0 230 210
0 230 211
0 230 212
0 230 213
0 230 219
0 230 220
0 230 221
0 230 222
0 230 223
0 231 208
0 231 209
0 231 210
0 231 211
0 231 212
0 231 220
0 231 221
0 231 222
0 231 223
0 232 208
0 232 209
0 232 210
0 232 211
0 232 219
0 232 221
0 232 222
0 232 223
0 233 208
0 233 209
0 233 218
0 233 219
0 233 220
0 233 221
0 233 223
0 234 220
0 234 221
0 234 223
0 235 223
1 225 208
1 225 209
1 225 210
1 225 211
1 225 212
1 225 213
1 225 214
1 225 215
1 225 216
1 225 217
1 225 219
1 225 220
1 225 221
1 225 222
1 225 223
1 226 208
1 226 209
1 226 210
1 226 211
1 226 212
1 226 213
1 226 214
1 226 215
1 226 216
1 226 217
1 226 218
1 226 219
1 226 220
1 226 221
1 226 222
1 226 223
1 227 208
1 227 209
1 227 210
1 227 211
1 227 212
1 227 213
1 227 214
1 227 215
1 227 216
1 227 217
1 227 218
1 227 219
1 227 220
1 227 221
1 227 222
1 227 223
1 228 208
1 228 209
1 228 210
1 228 211
1 228 212
1 228 213
1 228 214
1 228 215
1 228 216
1 228 217
1 228 218
1 228 219
1 228 220
1 228 221
1 228 222
1 228 223
1 229 208
1 229 209
1 229 210
1 229 211
1 229 212
1 229 213
1 229 214
1 229 215
1 229 216
1 229 217
1 229 218
1 229 219
1 229 220
1 229 221
1 229 222
1 229 223
1 230 208
1 230 209
1 230 210
1 230 211
1 230 212
1 230 213
1 230 218
1 230 219
1 230 220
1 230 221
1 230 222
1 230 223
1 231 208
1 231 209
1 231 210
1 231 211
1 231 212
1 231 213
1 231 219
1 231 220
1 231 221
1 231 222
1 231 223
1 232 208
1 232 209
1 232 210
1 232 211
1 232 212
1 232 219
1 232 220
1 232 221
1 232 222
1 232 223
1 233 209
1 233 210
1 233 220
1 233 221
1 233 222
1 233 223
1 234 210
1 234 223
1 235 223
2 225 208
2 225 209
2 225 210
2 225 211
2 225 212
2 225 213
2 225 214
2 225 215
2 225 216
2 225 217
2 225 218
2 225 219
2 225 220
2 225 221
2 225 222
2 225 223
2 226 208
2 226 209
2 226 210
2 226 211
2 226 212
2 226 213
2 226 214
2 226 215
2 226 216
2 226 217
2 226 218
2 226 219
2 226 220
2 226 221
2 226 222
2 226 223
2 227 208
2 227 209
2 227 210
2 227 211
2 227 212
2 227 213
2 227 214
2 227 215
2 227 216
2 227 217
2 227 218
2 227 219
2 227 220
2 227 221
2 227 222
2 227 223
2 228 208
2 228 209
2 228 210
2 228 211
2 228 212
2 228 213
2 228 214
2 228 215
2 228 216
2 228 217
2 228 218
2 228 219
2 228 220
2 228 221
2 228 222
2 228 223
2 229 208
2 229 209
2 229 210
2 229 211
2 229 212
2 229 213
2 229 214
2 229 215
2 229 217
2 229 218
2 229 219
2 229 220
2 229 221
2 229 222
2 229 223
2 230 208
2 230 209
2 230 210
2 230 211
2 230 212
2 230 218
2 230 219
2 230 220
2 230 221
2 230 222
2 230 223
2 231 208
2 231 209
2 231 210
2 231 211
2 231 212
2 231 213
2 231 219
2 231 220
2 231 221
2 231 222
2 231 223
2 232 208
2 232 209
2 232 210
2 232 211
2 232 212
2 232 219
2 232 220
2 232 221
2 232 222
2 232 223
2 233 208
2 233 209
2 233 210
2 233 211
2 233 220
2 233 221
2 233 222
2 233 223
2 234 208
2 234 210
2 234 211
2 234 222
2 234 223
2 235 210
2 235 223
3 225 208
3 225 209
3 225 210
3 225 211
3 225 212
3 225 213
3 225 214
3 225 215
3 225 216
3 225 217
3 225 218
3 225 219
3 225 220
3 225 221
3 225 222
3 225 223
3 226 208
3 226 209
3 226 210
3 226 211
3 226 212
3 226 213
3 226 214
3 226 215
3 226 216
3 226 217
3 226 218
3 226 219
3 226 220
3 226 221
3 226 222
3 226 223
3 227 208
3 227 209
3 227 210
3 227 211
3 227 212
3 227 213
3 227 214
3 227 215
3 227 216
3 227 217
3 227 218
3 227 219
3 227 220
3 227 221
3 227 222
3 227 223
3 228 208
3 228 209
3 228 210
3 228 211
3 228 212
3 228 213
3 228 214
3 228 215
3 228 217
3 228 218
3 228 219
3 228 220
3 228 221
3 228 222
3 228 223
3 229 208
3 229 209
3 229 210
3 229 211
3 229 212
3 229 213
3 229 214
3 229 216
3 229 217
3 229 218
3 229 219
3 229 220
3 229 221
3 229 222
3 229 223
3 230 208
3 230 209
3 230 210
3 230 211
3 230 212
3 230 216
3 230 217
3 230 218
3 230 219
3 230 220
3 230 221
3 230 222
3 230 223
3 231 208
3 231 209
3 231 210
3 231 211
3 231 212
3 231 213
3 231 217
3 231 219
3 231 220
3 231 221
3 231 222
3 231 223
3 232 208
3 232 209
3 232 210
3 232 211
3 232 219
3 232 220
3 232 221
3 232 222
3 232 223
3 233 208
3 233 209
3 233 210
3 233 220
3 233 221
3 233 222
3 233 223
3 234 209
3 234 210
3 234 223
3 235 210
3 235 223
4 225 208
4 225 209
4 225 210
4 225 211
4 225 212
4 225 213
4 225 214
4 225 215
4 225 217
4 225 218
4 225 219
4 225 220
4 225 221
4 225 223
4 226 208
4 226 209
4 226 210
4 226 211
4 226 212
4 226 213
4 226 214
4 226 215
4 226 216
4 226 217
4 226 218
4 226 219
4 226 220
4 226 221
4 226 222
4 226 223
4 227 208
4 227 209
4 227 210
4 227 211
4 227 212
4 227 213
4 227 214
4 227 215
4 227 216
4 227 217
4 227 218
4 227 219
4 227 220
4 227 221
4 227 222
4 227 223
4 228 208
4 228 209
4 228 210
4 228 211
4 228 212
4 228 213
4 228 214
4 228 215
4 228 216
4 228 217
4 228 218
4 228 219
4 228 220
4 228 221
4 228 222
4 228 223
4 229 208
4 229 209
4 229 210
4 229 211
4 229 212
4 229 213
4 229 215
4 229 216
4 229 217
4 229 218
4 229 219
4 229 220
4 229 221
4 229 222
4 229 223
4 230 208
4 230 209
4 230 210
4 230 211
4 230 212
4 230 213
4 230 217
4 230 218
4 230 219
4 230 220
4 230 221
4 230 222
4 230 223
4 231 208
4 231 209
4 231 210
4 231 211
4 231 212
4 231 216
4 231 218
4 231 219
4 231 220
4 231 221
4 231 222
4 231 223
4 232 208
4 232 209
4 232 211
4 232 219
4 232 220
4 232 221
4 232 222
4 232 223
4 233 208
4 233 209
4 233 221
4 233 222
4 233 223
4 234 220
4 234 221
4 234 222
4 234 223
4 235 220
4 235 222
4 236 223
5 225 208
5 225 209
5 225 210
5 225 211
5 225 212
5 225 213
5 225 214
5 225 215
5 225 216
5 225 217
5 225 218
5 225 219
5 225 220
5 225 221
5 225 222
5 225 223
5 226 208
5 226 209
5 226 210
5 226 211
5 226 212
5 226 213
5 226 214
5 226 215
5 226 216
5 226 217
5 226 218
5 226 219
5 226 220
5 226 221
5 226 222
5 226 223
5 227 208
5 227 209
5 227 210
5 227 211
5 227 212
5 227 213
5 227 214
5 227 215
5 227 216
5 227 217
5 227 218
5 227 219
5 227 220
5 227 222
5 227 223
5 228 208
5 228 209
5 228 210
5 228 211
5 228 212
5 228 213
5 228 214
5 228 215
5 228 216
5 228 217
5 228 218
5 228 219
5 228 220
5 228 221
5 228 222
5 228 223
5 229 208
5 229 209
5 229 210
5 229 211
5 229 212
5 229 215
5 229 216
5 229 217
5 229 218
5 229 219
5 229 220
5 229 221
5 229 222
5 229 223
5 230 208
5 230 209
5 230 210
5 230 211
5 230 212
5 230 213
5 230 214
5 230 215
5 230 216
5 230 217
5 230 218
5 230 219
5 230 220
5 230 221
5 230 222
5 230 223
5 231 211
5 231 212
5 231 213
5 231 215
5 231 216
5 231 217
5 231 218
5 231 219
5 231 220
5 231 221
5 231 222
5 231 223
5 232 208
5 232 212
5 232 217
5 232 218
5 232 219
5 232 220
5 232 221
5 232 222
5 232 223
5 233 208
5 233 218
5 233 221
5 233 222
5 233 223
5 234 220
5 234 221
5 234 222
5 234 223
5 235 223
5 236 223
6 225 208
6 225 209
6 225 210
6 225 211
6 225 212
6 225 213
6 225 214
6 225 215
6 225 216
6 225 217
6 225 218
6 225 219
6 225 220
6 225 221
6 225 222
6 225 223
6 226 208
6 226 209
6 226 210
6 226 211
6 226 212
6 226 213
6 226 214
6 226 215
6 226 216
6 226 217
6 226 218
6 226 219
6 226 220
6 226 221
6 226 222
6 226 223
6 227 208
6 227 209
6 227 210
6 227 211
6 227 213
6 227 214
6 227 215
6 227 216
6 227 217
6 227 218
6 227 219
6 227 220
6 227 221
6 227 222
6 227 223
6 228 208
6 228 209
6 228 210
6 228 211
6 228 212
6 228 213
6 228 214
6 228 215
6 228 216
6 228 217
6 228 218
6 228 219
6 228 220
6 228 221
6 228 222
6 228 223
6 229 208
6 229 209
6 229 210
6 229 211
6 229 212
6 229 213
6 229 214
6 229 215
6 229 216
6 229 217
6 229 218
6 229 219
6 229 220
6 229 221
6 229 222
6 229 223
6 230 208
6 230 209
6 230 211
6 230 212
6 230 213
6 230 214
6 230 215
6 230 216
6 230 217
6 230 218
6 230 219
6 230 220
6 230 221
6 230 222
6 230 223
6 231 208
6 231 209
6 231 211
6 231 212
6 231 215
6 231 216
6 231 217
6 231 218
6 231 219
6 231 220
6 231 221
6 231 222
6 231 223
6 232 215
6 232 216
6 232 217
6 232 218
6 232 219
6 232 220
6 232 221
6 232 222
6 232 223
6 233 218
6 233 219
6 233 220
6 233 221
6 233 222
6 233 223
6 234 219
6 234 220
6 234 221
6 234 222
6 234 223
6 235 223
7 225 208
7 225 209
7 225 210
7 225 211
7 225 212
7 225 213
7 225 214
7 225 215
7 225 216
7 225 217
7 225 218
7 225 219
7 225 220
7 225 221
7 225 222
7 225 223
7 226 208
7 226 209
7 226 210
7 226 211
7 226 212
7 226 213
7 226 214
7 226 215
7 226 216
7 226 217
7 226 218
7 226 219
7 226 220
7 226 221
7 226 222
7 226 223
7 227 208
7 227 209
7 227 210
7 227 211
7 227 212
7 227 213
7 227 214
7 227 215
7 227 216
7 227 217
7 227 218
7 227 219
7 227 220
7 227 221
7 227 222
7 227 223
7 228 208
7 228 209
7 228 210
7 228 211
7 228 212
7 228 213
7 228 214
7 228 215
7 228 216
7 228 217
7 228 218
7 228 219
7 228 220
7 228 221
7 228 222
7 228 223
7 229 208
7 229 209
7 229 210
7 229 212
7 229 213
7 229 214
7 229 215
7 229 216
7 229 217
7 229 218
7 229 219
7 229 220
7 229 221
7 229 222
7 229 223
7 230 208
7 230 209
7 230 210
7 230 211
7 230 212
7 230 213
7 230 214
7 230 215
7 230 216
7 230 217
7 230 218
7 230 219
7 230 220
7 230 221
7 230 222
7 230 223
7 231 208
7 231 209
7 231 211
7 231 212
7 231 214
7 231 215
7 231 216
7 231 217
7 231 218
7 231 219
7 231 220
7 231 221
7 231 222
7 231 223
7 232 208
7 232 215
7 232 216
7 232 217
7 232 218
7 232 219
7 232 220
7 232 221
7 232 222
7 232 223
7 233 216
7 233 217
7 233 218
7 233 219
7 233 220
7 233 221
7 233 222
7 233 223
7 234 218
7 234 219
7 234 220
7 234 222
7 234 223
7 235 222
8 225 208
8 225 209
8 225 210
8 225 211
8 225 213
8 225 214
8 225 215
8 225 216
8 225 217
8 225 218
8 225 219
8 225 220
8 225 221
8 225 222
8 225 223
8 226 208
8 226 209
8 226 210
8 226 211
8 226 212
8 226 213
8 226 214
8 226 215
8 226 216
8 226 217
8 226 218
8 226 219
8 226 220
8 226 221
8 226 222
8 226 223
8 227 208
8 227 209
8 227 210
8 227 211
8 227 212
8 227 213
8 227 214
8 227 215
8 227 216
8 227 217
8 227 218
8 227 219
8 227 220
8 227 221
8 227 222
8 227 223
8 228 208
8 228 209
8 228 210
8 228 211
8 228 212
8 228 213
8 228 214
8 228 215
8 228 216
8 228 217
8 228 218
8 228 219
8 228 220
8 228 221
8 228 222
8 228 223
8 229 208
8 229 209
8 229 210
8 229 211
8 229 212
8 229 213
8 229 214
8 229 215
8 229 216
8 229 217
8 229 218
8 229 219
8 229 220
8 229 221
8 229 222
8 229 223
8 230 208
8 230 209
8 230 210
8 230 211
8 230 212
8 230 213
8 230 214
8 230 215
8 230 216
8 230 217
8 230 218
8 230 219
8 230 220
8 230 221
8 230 222
8 230 223
8 231 208
8 231 211
8 231 212
8 231 213
8 231 214
8 231 215
8 231 216
8 231 217
8 231 218
8 231 219
8 231 220
8 231 221
8 231 222
8 231 223
8 232 208
8 232 214
8 232 215
8 232 216
8 232 217
8 232 218
8 232 219
8 232 220
8 232 221
8 232 222
8 232 223
8 233 216
8 233 218
8 233 219
8 233 220
8 233 221
8 233 222
8 233 223
8 234 216
8 234 217
8 234 218
8 234 220
8 234 221
8 234 222
8 234 223
8 235 220
8 235 222
8 235 223
8 236 223
9 225 208
9 225 209
9 225 210
9 225 211
9 225 212
9 225 213
9 225 214
9 225 215
9 225 216
9 225 217
9 225 218
9 225 219
9 225 220
9 225 221
9 225 222
9 225 223
9 226 208
9 226 209
9 226 210
9 226 211
9 226 212
9 226 213
9 226 214
9 226 215
9 226 216
9 226 217
9 226 218
9 226 219
9 226 220
9 226 221
9 226 222
9 226 223
9 227 208
9 227 209
9 227 210
9 227 212
9 227 213
9 227 214
9 227 215
9 227 216
9 227 217
9 227 218
9 227 219
9 227 220
9 227 221
9 227 222
9 227 223
9 228 208
9 228 209
9 228 210
9 228 211
9 228 212
9 228 213
9 228 214
9 228 215
9 228 216
9 228 217
9 228 218
9 228 219
9 228 220
9 228 221
9 228 222
9 228 223
9 229 208
9 229 209
9 229 210
9 229 211
9 229 212
9 229 213
9 229 214
9 229 215
9 229 216
9 229 217
9 229 218
9 229 219
9 229 220
9 229 221
9 229 222
9 229 223
9 230 208
9 230 209
9 230 210
9 230 212
9 230 213
9 230 214
9 230 215
9 230 216
9 230 217
9 230 218
9 230 219
9 230 220
9 230 221
9 230 222
9 230 223
9 231 208
9 231 209
9 231 213
9 231 214
9 231 215
9 231 216
9 231 217
9 231 218
9 231 219
9 231 220
9 231 221
9 231 222
9 231 223
9 232 208
9 232 215
9 232 216
9 232 217
9 232 218
9 232 219
9 232 220
9 232 221
9 232 222
9 232 223
9 233 215
9 233 217
9 233 218
9 233 219
9 233 220
9 233 221
9 233 222
9 233 223
9 234 216
9 234 217
9 234 218
9 234 219
9 234 220
9 234 221
9 234 222
9 234 223
9 235 217
9 235 218
9 235 219
9 235 220
9 236 220
10 225 208
10 225 209
10 225 210
10 225 211
10 225 212
10 225 215
10 225 216
10 225 217
10 225 218
10 225 219
10 225 220
10 225 221
10 225 222
10 225 223
10 226 208
10 226 209
10 226 210
10 226 211
10 226 214
10 226 215
10 226 216
10 226 217
10 226 218
10 226 219
10 226 220
10 226 221
10 226 222
10 226 223
10 227 208
10 227 209
10 227 210
10 227 211
10 227 212
10 227 213
10 227 214
10 227 215
10 227 216
10 227 217
10 227 218
10 227 219
10 227 220
10 227 221
10 227 222
10 227 223
10 228 208
10 228 209
10 228 210
10 228 211
10 228 212
10 228 213
10 228 214
10 228 215
10 228 216
10 228 217
10 228 218
10 228 219
10 228 220
10 228 221
10 228 222
10 228 223
10 229 208
10 229 209
10 229 210
10 229 211
10 229 212
10 229 213
10 229 214
10 229 215
10 229 216
10 229 217
10 229 218
10 229 219
10 229 220
10 229 221
10 229 222
10 229 223
10 230 208
10 230 209
10 230 213
10 230 214
10 230 215
10 230 216
10 230 217
10 230 218
10 230 219
10 230 220
10 230 221
10 230 222
10 230 223
10 231 210
10 231 212
10 231 213
10 231 214
10 231 215
10 231 216
10 231 217
10 231 218
10 231 219
10 231 220
10 231 221
10 231 222
10 231 223
10 232 208
10 232 209
10 232 213
10 232 215
10 232 216
10 232 217
10 232 218
10 232 219
10 232 220
10 232 221
10 232 222
10 232 223
10 233 215
10 233 216
10 233 217
10 233 218
10 233 219
10 233 220
10 233 221
10 233 223
10 234 208
10 234 216
10 234 217
10 234 218
10 234 220
10 234 222
10 234 223
10 235 220
11 225 209
11 225 210
11 225 213
11 225 214
11 225 215
11 225 216
11 225 217
11 225 218
11 225 219
11 225 220
11 225 221
11 225 222
11 225 223
11 226 208
11 226 209
11 226 210
11 226 211
11 226 213
11 226 214
11 226 215
11 226 216
11 226 217
11 226 218
11 226 219
11 226 220
11 226 221
11 226 222
11 226 223
11 227 208
11 227 209
11 227 210
11 227 211
11 227 212
11 227 213
11 227 214
11 227 215
11 227 216
11 227 217
11 227 218
11 227 219
11 227 220
11 227 221
11 227 222
11 227 223
11 228 208
11 228 209
11 228 210
11 228 211
11 228 212
11 228 213
11 228 214
11 228 215
11 228 216
11 228 217
11 228 218
11 228 219
11 228 220
11 228 221
11 228 222
11 228 223
11 229 208
11 229 209
11 229 210
11 229 211
11 229 213
11 229 214
11 229 215
11 229 216
11 229 217
11 229 218
11 229 219
11 229 220
11 229 221
11 229 222
11 229 223
11 230 208
11 230 209
11 230 210
11 230 212
11 230 213
11 230 214
11 230 215
11 230 216
11 230 217
11 230 218
11 230 219
11 230 220
11 230 221
11 230 222
11 230 223
11 231 208
11 231 209
11 231 210
11 231 212
11 231 213
11 231 214
11 231 215
11 231 216
11 231 217
11 231 218
11 231 219
11 231 220
11 231 221
11 231 222
11 231 223
11 232 208
11 232 209
11 232 213
11 232 214
11 232 215
11 232 216
11 232 217
11 232 218
11 232 219
11 232 220
11 232 221
11 232 222
11 232 223
11 233 208
11 233 209
11 233 210
11 233 214
11 233 215
11 233 216
11 233 217
11 233 218
11 233 219
11 233 220
11 233 222
11 233 223
11 234 209
11 234 216
11 234 217
11 234 218
11 234 219
11 234 222
12 225 208
12 225 209
12 225 210
12 225 211
12 225 212
12 225 213
12 225 214
12 225 215
12 225 216
12 225 217
12 225 218
12 225 219
12 225 220
12 225 221
12 225 222
12 225 223
12 226 208
12 226 209
12 226 210
12 226 211
12 226 212
12 226 213
12 226 214
12 226 215
12 226 216
12 226 217
12 226 218
12 226 219
12 226 220
12 226 221
12 226 222
12 226 223
12 227 208
12 227 209
12 227 210
12 227 211
12 227 212
12 227 213
12 227 214
12 227 215
12 227 216
12 227 217
12 227 218
12 227 219
12 227 220
12 227 221
12 227 222
12 227 223
12 228 208
12 228 209
12 228 210
12 228 212
12 228 213
12 228 214
12 228 215
12 228 216
12 228 217
12 228 218
12 228 219
12 228 220
12 228 221
12 228 222
12 228 223
12 229 208
12 229 209
12 229 210
12 229 211
12 229 212
12 229 213
12 229 214
12 229 215
12 229 216
12 229 217
12 229 218
12 229 219
12 229 220
12 229 222
12 229 223
12 230 208
12 230 209
12 230 210
12 230 211
12 230 212
12 230 213
12 230 214
12 230 215
12 230 216
12 230 217
12 230 218
12 230 219
12 230 220
12 230 221
12 230 222
12 230 223
12 231 208
12 231 209
12 231 210
12 231 212
12 231 213
12 231 214
12 231 215
12 231 216
12 231 217
12 231 218
12 231 219
12 231 220
12 231 221
12 231 222
12 231 223
12 232 208
12 232 209
12 232 213
12 232 214
12 232 215
12 232 216
12 232 217
12 232 218
12 232 219
12 232 220
12 232 221
12 232 222
12 232 223
12 233 208
12 233 209
12 233 210
12 233 216
12 233 217
12 233 218
12 233 219
12 233 220
12 233 221
12 233 222
12 233 223
12 234 208
12 234 209
12 234 210
12 234 216
12 234 217
12 234 218
12 234 219
12 234 220
12 235 208
12 235 209
12 235 217
12 235 219
12 236 217
13 225 208
13 225 209
13 225 210
13 225 212
13 225 214
13 225 215
13 225 216
13 225 217
13 225 218
13 225 219
13 225 220
13 225 221
13 225 222
13 225 223
13 226 208
13 226 209
13 226 210
13 226 212
13 226 214
13 226 215
13 226 216
13 226 217
13 226 218
13 226 219
13 226 220
13 226 221
13 226 222
13 226 223
13 227 208
13 227 209
13 227 210
13 227 211
13 227 212
13 227 213
13 227 214
13 227 215
13 227 216
13 227 217
13 227 218
13 227 219
13 227 220
13 227 221
13 227 222
13 227 223
13 228 208
13 228 209
13 228 210
13 228 211
13 228 212
13 228 213
13 228 214
13 228 215
13 228 216
13 228 217
13 228 218
13 228 219
13 228 220
13 228 221
13 228 222
13 228 223
13 229 208
13 229 209
13 229 210
13 229 211
13 229 212
13 229 213
13 229 214
13 229 215
13 229 216
13 229 217
13 229 218
13 229 219
13 229 220
13 229 221
13 229 222
13 229 223
13 230 208
13 230 209
13 230 210
13 230 212
13 230 213
13 230 214
13 230 215
13 230 216
13 230 217
13 230 218
13 230 219
13 230 220
13 230 221
13 230 222
13 230 223
13 231 208
13 231 210
13 231 212
13 231 213
13 231 214
13 231 215
13 231 216
13 231 217
13 231 218
13 231 219
13 231 220
13 231 221
13 231 222
13 231 223
13 232 208
13 232 209
13 232 210
13 232 214
13 232 215
13 232 216
13 232 217
13 232 218
13 232 219
13 232 220
13 232 221
13 232 222
13 232 223
13 233 208
13 233 209
13 233 210
13 233 215
13 233 217
13 233 218
13 233 219
13 233 221
13 233 222
13 233 223
13 234 208
13 234 209
13 234 210
13 234 215
13 234 216
13 234 222
13 235 208
13 235 215
13 235 217
14 225 208
14 225 209
14 225 212
14 225 213
14 225 214
14 225 215
14 225 216
14 225 217
14 225 218
14 225 219
14 225 220
14 225 221
14 225 222
14 225 223
14 226 208
14 226 209
14 226 210
14 226 212
14 226 213
14 226 214
14 226 215
14 226 216
14 226 217
14 226 218
14 226 219
14 226 220
14 226 221
14 226 222
14 226 223
14 227 208
14 227 209
14 227 210
14 227 211
14 227 212
14 227 213
14 227 214
14 227 215
14 227 216
14 227 217
14 227 218
14 227 219
14 227 220
14 227 221
14 227 222
14 227 223
14 228 208
14 228 209
14 228 210
14 228 211
14 228 212
14 228 213
14 228 214
14 228 215
14 228 216
14 228 217
14 228 218
14 228 219
14 228 220
14 228 221
14 228 222
14 228 223
14 229 208
14 229 209
14 229 210
14 229 211
14 229 212
14 229 213
14 229 214
14 229 215
14 229 216
14 229 217
14 229 218
14 229 219
14 229 220
14 229 221
14 229 222
14 229 223
14 230 208
14 230 209
14 230 210
14 230 211
14 230 213
14 230 214
14 230 215
14 230 216
14 230 217
14 230 218
14 230 219
14 230 220
14 230 221
14 230 222
14 230 223
14 231 208
14 231 209
14 231 210
14 231 213
14 231 214
14 231 215
14 231 216
14 231 217
14 231 218
14 231 219
14 231 220
14 231 221
14 231 222
14 231 223
14 232 208
14 232 209
14 232 214
14 232 216
14 232 217
14 232 218
14 232 219
14 232 220
14 232 221
14 232 222
14 232 223
14 233 209
14 233 216
14 233 217
14 233 222
14 233 223
14 234 208
14 234 215
14 234 223
15 225 208
15 225 211
15 225 212
15 225 213
15 225 214
15 225 215
15 225 216
15 225 217
15 225 218
15 225 219
15 225 220
15 225 221
15 225 222
15 225 223
15 226 208
15 226 209
15 226 210
15 226 212
15 226 213
15 226 214
15 226 215
15 226 216
15 226 217
15 226 218
15 226 219
15 226 220
15 226 221
15 226 222
15 227 208
15 227 209
15 227 210
15 227 211
15 227 212
15 227 213
15 227 214
15 227 215
15 227 216
15 227 217
15 227 218
15 227 219
15 227 220
15 227 221
15 227 222
15 227 223
15 228 208
15 228 209
15 228 210
15 228 211
15 228 212
15 228 213
15 228 214
15 228 215
15 228 216
15 228 217
15 228 218
15 228 219
15 228 220
15 228 221
15 228 222
15 228 223
15 229 208
15 229 209
15 229 210
15 229 211
15 229 212
15 229 213
15 229 214
15 229 215
15 229 216
15 229 217
15 229 218
15 229 219
15 229 220
15 229 221
15 229 222
15 229 223
15 230 208
15 230 209
15 230 210
15 230 211
15 230 212
15 230 213
15 230 214
15 230 215
15 230 216
15 230 217
15 230 218
15 230 220
15 230 221
15 230 222
15 230 223
15 231 208
15 231 209
15 231 210
15 231 211
15 231 213
15 231 214
15 231 215
15 231 216
15 231 217
15 231 218
15 231 219
15 231 220
15 231 221
15 231 222
15 231 223
15 232 209
15 232 210
15 232 214
15 232 215
15 232 216
15 232 217
15 232 218
15 232 219
15 232 220
15 232 221
15 232 222
15 232 223
15 233 209
15 233 218
15 233 219
15 234 219

