alfheim:altWood1
12
-32 221 143
-32 222 143
-32 223 143
-32 224 143
-31 219 141
-31 219 142
-31 219 143
-31 220 141
-31 220 142
-31 220 143
-31 221 142
-31 221 143
-31 222 142
-31 222 143
-31 223 142
-31 223 143
-31 224 143
-30 213 131
-30 213 132
-30 213 133
-30 214 130
-30 214 131
-30 214 132
-30 214 133
-30 214 134
-30 215 128
-30 215 129
-30 215 130
-30 215 131
-30 215 132
-30 215 133
-30 215 134
-30 216 128
-30 216 129
-30 216 130
-30 216 131
-30 216 132
-30 216 133
-30 217 128
-30 217 129
-30 217 130
-30 217 131
-30 217 138
-30 217 139
-30 217 140
-30 218 128
-30 218 137
-30 218 138
-30 218 139
-30 218 140
-30 218 141
-30 218 142
-30 218 143
-30 219 137
-30 219 138
-30 219 139
-30 219 140
-30 219 141
-30 219 142
-30 219 143
-30 220 138
-30 220 139
-30 220 140
-30 220 141
-30 220 142
-30 220 143
-30 221 140
-30 221 141
-30 221 142
-30 221 143
-30 222 141
-30 222 142
-30 222 143
-30 223 142
-30 223 143
-30 224 142
-30 224 143
-29 212 130
-29 212 131
-29 212 132
-29 212 133
-29 212 134
-29 213 129
-29 213 130
-29 213 131
-29 213 132
-29 213 133
-29 213 134
-29 213 135
-29 214 128
-29 214 129
-29 214 130
-29 214 131
-29 214 132
-29 214 133
-29 214 134
-29 214 135
-29 215 128
-29 215 129
-29 215 130
-29 215 131
-29 215 132
-29 215 133
-29 215 134
-29 215 135
-29 216 128
-29 216 129
-29 216 130
-29 216 131
-29 216 132
-29 216 133
-29 216 134
-29 216 135
-29 216 136
-29 216 137
-29 216 138
-29 216 139
-29 217 128
-29 217 129
-29 217 130
-29 217 131
-29 217 132
-29 217 133
-29 217 134
-29 217 135
-29 217 136
-29 217 137
-29 217 138
-29 217 139
-29 217 140
-29 217 141
-29 218 128
-29 218 130
-29 218 131
-29 218 132
-29 218 133
-29 218 134
-29 218 135
-29 218 136
-29 218 137
-29 218 138
-29 218 139
-29 218 140
-29 218 141
-29 218 142
-29 218 143
-29 219 128
-29 219 135
-29 219 136
-29 219 137
-29 219 138
-29 219 139
-29 219 140
-29 219 141
-29 219 142
-29 219 143
-29 220 136
-29 220 137
-29 220 138
-29 220 139
-29 220 140
-29 220 141
-29 220 142
-29 220 143
-29 221 138
-29 221 139
-29 221 140
-29 221 141
-29 221 142
-29 221 143
-29 222 140
-29 222 141
-29 222 142
-29 222 143
-29 223 141
-29 223 142
-29 223 143
-29 224 142
-29 224 143
-28 211 130
-28 211 131
-28 211 132
-28 211 133
-28 211 134
-28 212 129
-28 212 130
-28 212 131
-28 212 132
-28 212 133
-28 212 134
-28 212 135
-28 213 128
-28 213 129
-28 213 130
-28 213 131
-28 213 132
-28 213 133
-28 213 134
-28 213 135
-28 213 136
-28 214 128
-28 214 129
-28 214 130
-28 214 131
-28 214 132
-28 214 133
-28 214 134
-28 214 135
-28 214 136
-28 215 128
-28 215 129
-28 215 130
-28 215 132
-28 215 133
-28 215 134
-28 215 135
-28 215 136
-28 215 137
-28 216 128
-28 216 129
-28 216 133
-28 216 134
-28 216 135
-28 216 136
-28 216 137
-28 216 138
-28 216 139
-28 217 128
-28 217 129
-28 217 130
-28 217 133
-28 217 135
-28 217 136
-28 217 137
-28 217 138
-28 217 139
-28 217 140
-28 217 141
-28 218 128
-28 218 131
-28 218 132
-28 218 134
-28 218 135
-28 218 136
-28 218 137
-28 218 138
-28 218 139
-28 218 140
-28 218 141
-28 218 142
-28 218 143
-28 219 128
-28 219 131
-28 219 132
-28 219 134
-28 219 135
-28 219 136
-28 219 137
-28 219 138
-28 219 139
-28 219 140
-28 219 141
-28 219 142
-28 219 143
-28 220 136
-28 220 137
-28 220 138
-28 220 139
-28 220 140
-28 220 141
-28 220 142
-28 220 143
-28 221 137
-28 221 138
-28 221 139
-28 221 140
-28 221 141
-28 221 142
-28 221 143
-28 222 140
-28 222 141
-28 222 142
-28 222 143
-28 223 141
-28 223 142
-28 223 143
-28 224 143
-27 210 131
-27 210 132
-27 210 133
-27 211 129
-27 211 130
-27 211 131
-27 211 132
-27 211 133
-27 211 134
-27 211 135
-27 212 128
-27 212 129
-27 212 130
-27 212 131
-27 212 132
-27 212 133
-27 212 134
-27 212 135
-27 212 136
-27 213 128
-27 213 129
-27 213 130
-27 213 131
-27 213 132
-27 213 133
-27 213 134
-27 213 135
-27 213 136
-27 214 128
-27 214 129
-27 214 130
-27 214 131
-27 214 133
-27 214 134
-27 214 135
-27 214 136
-27 214 137
-27 215 128
-27 215 129
-27 215 130
-27 215 131
-27 215 132
-27 215 133
-27 215 134
-27 215 135
-27 215 136
-27 215 137
-27 216 128
-27 216 129
-27 216 133
-27 216 134
-27 216 135
-27 216 136
-27 216 137
-27 216 138
-27 217 128
-27 217 129
-27 217 132
-27 217 133
-27 217 136
-27 217 137
-27 217 138
-27 217 139
-27 217 140
-27 217 141
-27 218 128
-27 218 136
-27 218 137
-27 218 138
-27 218 139
-27 218 140
-27 218 141
-27 218 142
-27 219 128
-27 219 130
-27 219 134
-27 219 135
-27 219 136
-27 219 137
-27 219 138
-27 219 139
-27 219 140
-27 219 141
-27 219 142
-27 219 143
-27 220 135
-27 220 136
-27 220 137
-27 220 138
-27 220 139
-27 220 140
-27 220 141
-27 220 142
-27 220 143
-27 221 138
-27 221 139
-27 221 140
-27 221 141
-27 221 142
-27 221 143
-27 222 140
-27 222 141
-27 222 142
-27 222 143
-27 223 142
-27 223 143
-26 210 130
-26 210 131
-26 210 132
-26 210 133
-26 210 134
-26 210 135
-26 211 129
-26 211 130
-26 211 131
-26 211 132
-26 211 133
-26 211 134
-26 211 135
-26 211 136
-26 212 128
-26 212 129
-26 212 130
-26 212 131
-26 212 132
-26 212 133
-26 212 134
-26 212 135
-26 212 136
-26 213 128
-26 213 129
-26 213 130
-26 213 131
-26 213 132
-26 213 133
-26 213 134
-26 213 135
-26 213 136
-26 213 137
-26 214 128
-26 214 129
-26 214 130
-26 214 134
-26 214 135
-26 214 136
-26 214 137
-26 215 128
-26 215 130
-26 215 131
-26 215 134
-26 215 135
-26 215 136
-26 215 137
-26 216 128
-26 216 129
-26 216 133
-26 216 134
-26 216 135
-26 216 136
-26 216 137
-26 216 138
-26 217 129
-26 217 135
-26 217 136
-26 217 137
-26 217 138
-26 217 139
-26 218 136
-26 218 137
-26 218 138
-26 218 139
-26 218 140
-26 218 141
-26 219 136
-26 219 137
-26 219 138
-26 219 139
-26 219 140
-26 219 141
-26 219 142
-26 220 134
-26 220 135
-26 220 136
-26 220 137
-26 220 138
-26 220 139
-26 220 140
-26 220 141
-26 220 142
-26 220 143
-26 221 139
-26 221 140
-26 221 141
-26 221 142
-26 221 143
-26 222 142
-26 222 143
-25 209 132
-25 209 133
-25 209 134
-25 209 135
-25 209 136
-25 210 130
-25 210 131
-25 210 132
-25 210 133
-25 210 134
-25 210 135
-25 210 136
-25 210 137
-25 211 129
-25 211 130
-25 211 131
-25 211 132
-25 211 133
-25 211 134
-25 211 135
-25 211 136
-25 211 137
-25 212 128
-25 212 129
-25 212 130
-25 212 131
-25 212 133
-25 212 134
-25 212 135
-25 212 136
-25 212 137
-25 213 128
-25 213 129
-25 213 130
-25 213 134
-25 213 135
-25 213 136
-25 213 137
-25 214 128
-25 214 129
-25 214 135
-25 214 136
-25 214 137
-25 215 133
-25 215 134
-25 215 136
-25 215 137
-25 216 128
-25 216 136
-25 216 137
-25 217 136
-25 217 137
-25 217 138
-25 218 136
-25 218 137
-25 218 138
-25 219 135
-25 219 136
-25 219 137
-25 219 138
-25 220 139
-24 208 132
-24 208 133
-24 208 134
-24 208 135
-24 208 136
-24 209 131
-24 209 132
-24 209 133
-24 209 134
-24 209 135
-24 209 136
-24 209 137
-24 210 130
-24 210 131
-24 210 132
-24 210 133
-24 210 134
-24 210 135
-24 210 136
-24 210 137
-24 210 138
-24 211 129
-24 211 130
-24 211 132
-24 211 133
-24 211 134
-24 211 135
-24 211 136
-24 211 137
-24 211 138
-24 212 128
-24 212 129
-24 212 130
-24 212 131
-24 212 133
-24 212 134
-24 212 135
-24 212 136
-24 212 137
-24 212 138
-24 213 128
-24 213 134
-24 213 135
-24 213 136
-24 213 137
-24 213 138
-24 214 129
-24 214 130
-24 214 135
-24 214 136
-24 214 137
-24 215 129
-24 215 134
-24 215 135
-24 215 136
-24 215 137
-24 216 136
-24 216 137
-24 217 137
-24 218 135
-24 218 136
-24 218 137
-23 207 133
-23 207 134
-23 207 135
-23 208 131
-23 208 132
-23 208 133
-23 208 134
-23 208 135
-23 208 136
-23 208 137
-23 209 130
-23 209 131
-23 209 132
-23 209 133
-23 209 134
-23 209 135
-23 209 136
-23 209 137
-23 209 138
-23 210 130
-23 210 131
-23 210 132
-23 210 133
-23 210 134
-23 210 135
-23 210 136
-23 210 137
-23 210 138
-23 211 129
-23 211 130
-23 211 132
-23 211 133
-23 211 134
-23 211 135
-23 211 136
-23 211 137
-23 211 138
-23 212 128
-23 212 129
-23 212 130
-23 212 133
-23 212 134
-23 212 135
-23 212 136
-23 212 137
-23 212 138
-23 213 128
-23 213 134
-23 213 135
-23 213 136
-23 213 137
-23 213 138
-23 214 128
-23 214 132
-23 214 136
-23 214 137
-23 214 138
-23 215 128
-23 215 135
-23 215 136
-23 215 137
-23 216 134
-23 216 137
-23 217 128
-22 207 132
-22 207 133
-22 207 134
-22 207 135
-22 207 136
-22 208 130
-22 208 131
-22 208 132
-22 208 133
-22 208 134
-22 208 135
-22 208 136
-22 208 137
-22 209 129
-22 209 130
-22 209 131
-22 209 132
-22 209 133
-22 209 134
-22 209 135
-22 209 136
-22 209 137
-22 209 138
-22 210 129
-22 210 130
-22 210 131
-22 210 132
-22 210 133
-22 210 134
-22 210 135
-22 210 136
-22 210 137
-22 210 138
-22 211 129
-22 211 130
-22 211 131
-22 211 132
-22 211 133
-22 211 134
-22 211 135
-22 211 136
-22 211 137
-22 211 138
-22 212 128
-22 212 129
-22 212 131
-22 212 132
-22 212 133
-22 212 134
-22 212 135
-22 212 136
-22 212 137
-22 212 138
-22 212 139
-22 213 128
-22 213 135
-22 213 136
-22 213 137
-22 213 138
-22 214 136
-22 214 137
-22 214 138
-22 215 129
-22 215 131
-22 215 135
-22 215 136
-22 215 137
-22 216 129
-22 216 135
-22 216 136
-22 216 137
-22 217 134
-22 217 136
-21 207 129
-21 207 130
-21 207 131
-21 207 132
-21 207 133
-21 207 134
-21 207 135
-21 207 136
-21 208 129
-21 208 130
-21 208 131
-21 208 132
-21 208 133
-21 208 134
-21 208 135
-21 208 136
-21 208 137
-21 209 128
-21 209 129
-21 209 130
-21 209 131
-21 209 132
-21 209 133
-21 209 134
-21 209 135
-21 209 136
-21 209 137
-21 209 138
-21 210 128
-21 210 129
-21 210 130
-21 210 131
-21 210 132
-21 210 133
-21 210 134
-21 210 135
-21 210 136
-21 210 137
-21 210 138
-21 211 128
-21 211 129
-21 211 130
-21 211 131
-21 211 132
-21 211 133
-21 211 134
-21 211 135
-21 211 136
-21 211 137
-21 211 138
-21 211 139
-21 212 128
-21 212 129
-21 212 130
-21 212 131
-21 212 132
-21 212 133
-21 212 134
-21 212 135
-21 212 136
-21 212 137
-21 212 138
-21 212 139
-21 213 128
-21 213 129
-21 213 130
-21 213 131
-21 213 132
-21 213 133
-21 213 134
-21 213 135
-21 213 136
-21 213 137
-21 213 138
-21 213 139
-21 214 128
-21 214 134
-21 214 135
-21 214 136
-21 214 137
-21 214 138
-21 215 132
-21 215 133
-21 215 135
-21 215 136
-21 215 137
-21 216 134
-21 216 135
-21 216 136
-21 216 137
-21 217 134
-20 206 129
-20 206 130
-20 206 131
-20 206 132
-20 206 133
-20 207 128
-20 207 129
-20 207 130
-20 207 131
-20 207 132
-20 207 133
-20 207 134
-20 207 135
-20 207 136
-20 208 128
-20 208 129
-20 208 130
-20 208 131
-20 208 132
-20 208 133
-20 208 134
-20 208 135
-20 208 136
-20 208 137
-20 209 128
-20 209 129
-20 209 130
-20 209 131
-20 209 132
-20 209 133
-20 209 134
-20 209 135
-20 209 136
-20 209 137
-20 209 138
-20 210 128
-20 210 129
-20 210 130
-20 210 131
-20 210 132
-20 210 133
-20 210 134
-20 210 135
-20 210 136
-20 210 137
-20 210 138
-20 211 128
-20 211 129
-20 211 130
-20 211 131
-20 211 132
-20 211 133
-20 211 134
-20 211 135
-20 211 136
-20 211 137
-20 211 138
-20 212 128
-20 212 129
-20 212 130
-20 212 131
-20 212 132
-20 212 133
-20 212 134
-20 212 135
-20 212 136
-20 212 137
-20 212 138
-20 213 128
-20 213 129
-20 213 130
-20 213 132
-20 213 133
-20 213 134
-20 213 135
-20 213 136
-20 213 137
-20 213 138
-20 214 129
-20 214 132
-20 214 134
-20 214 135
-20 214 136
-20 214 137
-20 214 138
-20 215 133
-20 215 135
-20 215 136
-20 215 137
-20 216 133
-20 216 134
-20 216 135
-20 216 136
-19 205 130
-19 205 131
-19 205 132
-19 206 128
-19 206 129
-19 206 130
-19 206 131
-19 206 132
-19 206 133
-19 206 134
-19 207 128
-19 207 129
-19 207 130
-19 207 131
-19 207 132
-19 207 133
-19 207 134
-19 207 135
-19 208 128
-19 208 129
-19 208 130
-19 208 131
-19 208 132
-19 208 133
-19 208 134
-19 208 135
-19 208 136
-19 209 128
-19 209 129
-19 209 130
-19 209 131
-19 209 132
-19 209 133
-19 209 134
-19 209 135
-19 209 136
-19 209 137
-19 210 128
-19 210 129
-19 210 130
-19 210 131
-19 210 132
-19 210 133
-19 210 134
-19 210 135
-19 210 136
-19 210 137
-19 211 128
-19 211 129
-19 211 130
-19 211 131
-19 211 132
-19 211 133
-19 211 134
-19 211 135
-19 211 136
-19 211 137
-19 211 138
-19 212 128
-19 212 129
-19 212 130
-19 212 131
-19 212 132
-19 212 133
-19 212 134
-19 212 135
-19 212 136
-19 212 137
-19 212 138
-19 213 128
-19 213 129
-19 213 130
-19 213 132
-19 213 133
-19 213 134
-19 213 135
-19 213 136
-19 213 137
-19 213 138
-19 214 129
-19 214 130
-19 214 133
-19 214 134
-19 214 135
-19 214 136
-19 214 137
-19 215 130
-19 215 133
-19 215 134
-19 215 135
-19 215 136
-19 216 133
-19 216 134
-19 216 135
-18 205 128
-18 205 129
-18 205 130
-18 205 131
-18 205 132
-18 205 133
-18 206 128
-18 206 129
-18 206 130
-18 206 131
-18 206 132
-18 206 133
-18 206 134
-18 207 128
-18 207 129
-18 207 130
-18 207 131
-18 207 132
-18 207 133
-18 207 134
-18 207 135
-18 208 128
-18 208 129
-18 208 130
-18 208 131
-18 208 132
-18 208 133
-18 208 134
-18 208 135
-18 208 136
-18 209 128
-18 209 129
-18 209 130
-18 209 131
-18 209 132
-18 209 133
-18 209 134
-18 209 135
-18 209 136
-18 210 128
-18 210 129
-18 210 130
-18 210 131
-18 210 132
-18 210 133
-18 210 134
-18 210 135
-18 210 136
-18 210 137
-18 211 128
-18 211 129
-18 211 130
-18 211 131
-18 211 132
-18 211 133
-18 211 134
-18 211 135
-18 211 136
-18 211 137
-18 212 128
-18 212 129
-18 212 130
-18 212 131
-18 212 132
-18 212 133
-18 212 134
-18 212 135
-18 212 136
-18 212 137
-18 213 128
-18 213 129
-18 213 130
-18 213 131
-18 213 132
-18 213 133
-18 213 134
-18 213 135
-18 213 136
-18 213 137
-18 214 129
-18 214 130
-18 214 131
-18 214 132
-18 214 133
-18 214 134
-18 214 135
-18 214 136
-18 215 130
-18 215 131
-18 215 132
-18 215 133
-18 215 134
-18 215 135
-17 204 128
-17 204 129
-17 205 128
-17 205 129
-17 205 130
-17 205 131
-17 205 132
-17 205 133
-17 206 128
-17 206 129
-17 206 130
-17 206 131
-17 206 132
-17 206 133
-17 206 134
-17 207 128
-17 207 129
-17 207 130
-17 207 131
-17 207 132
-17 207 133
-17 207 134
-17 207 135
-17 208 128
-17 208 129
-17 208 130
-17 208 131
-17 208 132
-17 208 133
-17 208 134
-17 208 135
-17 208 136
-17 209 128
-17 209 129
-17 209 130
-17 209 131
-17 209 132
-17 209 133
-17 209 134
-17 209 135
-17 209 136
-17 210 128
-17 210 129
-17 210 130
-17 210 131
-17 210 132
-17 210 133
-17 210 134
-17 210 135
-17 210 136
-17 211 128
-17 211 129
-17 211 130
-17 211 131
-17 211 132
-17 211 133
-17 211 134
-17 211 135
-17 211 136
-17 212 128
-17 212 129
-17 212 130
-17 212 131
-17 212 132
-17 212 133
-17 212 134
-17 212 135
-17 212 136
-17 213 128
-17 213 129
-17 213 130
-17 213 131
-17 213 132
-17 213 133
-17 213 134
-17 213 135
-17 213 136
-17 214 129
-17 214 130
-17 214 131
-17 214 132
-17 214 133
-17 214 134
-17 214 135
-17 215 130
-17 215 131
-17 215 132
-32 227 128
-32 228 128
-32 228 129
-32 229 129
-31 225 143
-31 227 128
-31 229 128
-30 225 143
-30 228 128
-29 225 143
alfheim:altLeaves
6
-32 214 132
-32 214 134
-32 215 131
-32 215 132
-32 215 133
-32 215 135
-32 216 130
-32 216 131
-32 216 133
-32 217 130
-32 217 131
-32 217 133
-32 217 134
-32 218 130
-32 218 133
-32 218 134
-32 218 135
-32 218 136
-32 219 132
-32 219 134
-32 219 135
-32 219 136
-32 220 131
-32 220 132
-32 220 133
-32 220 134
-32 220 135
-32 220 136
-32 220 137
-32 221 131
-32 221 132
-32 221 133
-32 221 134
-32 221 135
-32 221 136
-32 221 137
-32 222 131
-32 222 132
-32 222 133
-32 222 134
-32 222 135
-32 222 136
-32 223 128
-32 223 129
-32 223 130
-32 223 131
-32 223 132
-32 223 133
-32 223 134
-32 223 135
-32 223 136
-32 224 128
-32 224 129
-32 224 130
-32 224 131
-32 224 132
-32 224 133
-32 224 134
-32 224 135
-31 215 132
-31 217 133
-31 217 134
-31 218 134
-31 218 135
-31 219 133
-31 219 134
-31 219 135
-31 220 133
-31 220 134
-31 220 135
-31 220 136
-31 221 132
-31 221 137
-31 222 130
-31 222 131
-31 222 132
-31 222 133
-31 222 134
-31 222 135
-31 223 128
-31 223 129
-31 223 130
-31 223 131
-31 223 132
-31 223 133
-31 223 134
-31 224 128
-31 224 129
-31 224 130
-31 224 131
-31 224 132
-31 224 133
-31 224 134
-30 218 134
-30 219 134
-30 219 135
-30 220 130
-30 220 133
-30 220 134
-30 222 131
-30 222 133
-30 222 134
-30 223 130
-30 223 131
-30 223 133
-30 223 134
-30 224 129
-30 224 130
-30 224 132
-30 224 133
-30 224 136
-29 218 129
-29 219 130
-29 220 130
-29 220 132
-29 220 133
-29 222 132
-29 222 134
-29 223 131
-29 223 134
-29 223 136
-29 224 128
-29 224 129
-29 224 132
-29 224 133
-29 224 134
-29 224 135
-29 224 136
-28 215 131
-28 216 130
-28 216 131
-28 216 132
-28 217 131
-28 217 132
-28 217 134
-28 218 129
-28 218 130
-28 218 133
-28 219 129
-28 219 130
-28 219 133
-28 220 130
-28 220 131
-28 220 132
-28 220 133
-28 221 129
-28 221 130
-28 221 132
-28 222 130
-28 222 132
-28 222 135
-28 223 133
-28 223 134
-28 223 135
-28 223 136
-28 224 128
-28 224 129
-28 224 130
-28 224 131
-28 224 132
-28 224 133
-28 224 134
-28 224 136
-27 214 132
-27 216 130
-27 216 131
-27 216 132
-27 217 130
-27 217 131
-27 217 134
-27 217 135
-27 218 129
-27 218 130
-27 218 131
-27 218 132
-27 218 133
-27 218 134
-27 218 135
-27 219 129
-27 219 131
-27 219 132
-27 219 133
-27 220 129
-27 220 130
-27 220 131
-27 220 132
-27 220 133
-27 220 134
-27 221 131
-27 221 132
-27 221 134
-27 222 128
-27 222 129
-27 222 130
-27 222 131
-27 222 132
-27 222 133
-27 223 128
-27 223 129
-27 223 130
-27 223 131
-27 223 132
-27 223 136
-27 224 128
-27 224 129
-27 224 130
-27 224 131
-27 224 132
-27 224 134
-27 224 136
-27 224 137
-26 214 131
-26 214 132
-26 214 133
-26 215 129
-26 215 132
-26 215 133
-26 216 130
-26 216 131
-26 216 132
-26 217 128
-26 217 130
-26 217 131
-26 217 132
-26 217 133
-26 217 134
-26 218 128
-26 218 129
-26 218 130
-26 218 131
-26 218 132
-26 218 133
-26 218 134
-26 218 135
-26 219 128
-26 219 129
-26 219 130
-26 219 131
-26 219 132
-26 219 133
-26 219 134
-26 219 135
-26 220 128
-26 220 129
-26 220 130
-26 220 131
-26 220 132
-26 220 133
-26 221 128
-26 221 129
-26 221 130
-26 221 131
-26 221 133
-26 221 134
-26 222 128
-26 222 129
-26 222 130
-26 222 131
-26 222 132
-26 222 133
-26 222 134
-26 223 128
-26 223 129
-26 223 130
-26 223 131
-26 223 132
-26 224 128
-26 224 129
-26 224 130
-26 224 131
-26 224 132
-26 224 135
-26 224 137
-25 212 132
-25 213 131
-25 213 132
-25 213 133
-25 214 130
-25 214 131
-25 214 132
-25 214 133
-25 214 134
-25 215 128
-25 215 129
-25 215 130
-25 215 131
-25 215 132
-25 215 135
-25 216 129
-25 216 130
-25 216 131
-25 216 132
-25 216 133
-25 216 134
-25 216 135
-25 217 128
-25 217 129
-25 217 130
-25 217 131
-25 217 132
-25 217 133
-25 217 134
-25 217 135
-25 218 128
-25 218 129
-25 218 130
-25 218 131
-25 218 132
-25 218 133
-25 218 134
-25 218 135
-25 219 128
-25 219 129
-25 219 130
-25 219 131
-25 219 132
-25 219 133
-25 219 134
-25 220 128
-25 220 130
-25 220 131
-25 220 132
-25 220 133
-25 220 134
-25 220 135
-25 221 128
-25 221 129
-25 221 130
-25 221 131
-25 221 132
-25 221 133
-25 221 134
-25 222 128
-25 222 129
-25 222 130
-25 222 131
-25 222 132
-25 222 133
-25 222 134
-25 223 128
-25 223 129
-25 223 130
-25 223 131
-25 223 132
-25 223 133
-25 224 128
-25 224 129
-25 224 130
-25 224 131
-25 224 132
-25 224 136
-25 224 137
-25 224 138
-24 211 131
-24 212 132
-24 213 129
-24 213 130
-24 213 131
-24 213 132
-24 213 133
-24 214 128
-24 214 131
-24 214 132
-24 214 133
-24 214 134
-24 215 128
-24 215 130
-24 215 131
-24 215 132
-24 215 133
-24 216 128
-24 216 129
-24 216 130
-24 216 131
-24 216 132
-24 216 133
-24 216 134
-24 216 135
-24 217 128
-24 217 129
-24 217 130
-24 217 131
-24 217 132
-24 217 133
-24 217 134
-24 217 135
-24 217 136
-24 218 128
-24 218 129
-24 218 130
-24 218 131
-24 218 132
-24 218 133
-24 218 134
-24 219 128
-24 219 129
-24 219 130
-24 219 131
-24 219 132
-24 219 133
-24 219 134
-24 219 135
-24 219 136
-24 219 137
-24 220 128
-24 220 130
-24 220 131
-24 220 132
-24 220 133
-24 220 134
-24 220 136
-24 220 137
-24 220 138
-24 221 128
-24 221 129
-24 221 130
-24 221 131
-24 221 132
-24 221 134
-24 221 137
-24 222 128
-24 222 129
-24 222 130
-24 222 131
-24 222 132
-24 222 133
-24 222 134
-24 223 128
-24 223 129
-24 223 130
-24 223 131
-24 223 132
-24 223 133
-24 223 134
-24 223 135
-24 223 137
-24 224 128
-24 224 129
-24 224 130
-24 224 131
-24 224 132
-24 224 133
-24 224 134
-24 224 135
-24 224 136
-24 224 137
-24 224 138
-24 224 140
-23 211 131
-23 212 131
-23 212 132
-23 213 129
-23 213 130
-23 213 131
-23 213 132
-23 213 133
-23 214 129
-23 214 130
-23 214 131
-23 214 133
-23 214 134
-23 214 135
-23 215 129
-23 215 130
-23 215 131
-23 215 132
-23 215 133
-23 215 134
-23 216 128
-23 216 129
-23 216 130
-23 216 131
-23 216 132
-23 216 133
-23 216 135
-23 216 136
-23 217 129
-23 217 130
-23 217 131
-23 217 132
-23 217 133
-23 217 134
-23 217 135
-23 217 136
-23 218 128
-23 218 129
-23 218 130
-23 218 131
-23 218 132
-23 218 133
-23 218 134
-23 218 135
-23 218 136
-23 219 128
-23 219 129
-23 219 130
-23 219 131
-23 219 132
-23 219 133
-23 219 134
-23 219 135
-23 220 128
-23 220 129
-23 220 130
-23 220 131
-23 220 132
-23 220 133
-23 220 134
-23 220 135
-23 220 136
-23 220 137
-23 220 138
-23 221 128
-23 221 129
-23 221 130
-23 221 131
-23 221 132
-23 221 133
-23 221 134
-23 221 135
-23 221 137
-23 221 138
-23 222 128
-23 222 129
-23 222 130
-23 222 131
-23 222 132
-23 222 133
-23 222 134
-23 222 135
-23 222 137
-23 222 138
-23 223 128
-23 223 129
-23 223 130
-23 223 131
-23 223 132
-23 223 133
-23 223 134
-23 223 135
-23 223 136
-23 223 137
-23 223 138
-23 223 139
-23 224 128
-23 224 129
-23 224 130
-23 224 131
-23 224 132
-23 224 133
-23 224 134
-23 224 135
-23 224 136
-23 224 137
-23 224 138
-23 224 140
-23 224 143
-22 212 130
-22 213 129
-22 213 130
-22 213 131
-22 213 132
-22 213 133
-22 213 134
-22 214 128
-22 214 129
-22 214 130
-22 214 131
-22 214 132
-22 214 133
-22 214 134
-22 214 135
-22 215 128
-22 215 130
-22 215 132
-22 215 133
-22 215 134
-22 216 128
-22 216 130
-22 216 131
-22 216 132
-22 216 133
-22 216 134
-22 217 128
-22 217 129
-22 217 130
-22 217 131
-22 217 132
-22 217 133
-22 217 135
-22 218 128
-22 218 129
-22 218 130
-22 218 131
-22 218 132
-22 218 133
-22 218 134
-22 218 135
-22 218 136
-22 219 128
-22 219 129
-22 219 130
-22 219 131
-22 219 132
-22 219 133
-22 219 134
-22 219 135
-22 219 136
-22 220 128
-22 220 129
-22 220 130
-22 220 131
-22 220 132
-22 220 133
-22 220 134
-22 220 135
-22 220 136
-22 220 137
-22 221 128
-22 221 129
-22 221 130
-22 221 131
-22 221 132
-22 221 133
-22 221 134
-22 221 135
-22 221 136
-22 222 128
-22 222 129
-22 222 130
-22 222 131
-22 222 132
-22 222 133
-22 222 134
-22 222 136
-22 222 137
-22 223 128
-22 223 129
-22 223 130
-22 223 131
-22 223 132
-22 223 133
-22 223 134
-22 223 135
-22 223 136
-22 223 137
-22 223 138
-22 223 139
-22 224 128
-22 224 129
-22 224 130
-22 224 131
-22 224 132
-22 224 133
-22 224 134
-22 224 135
-22 224 136
-22 224 137
-22 224 138
-22 224 139
-22 224 140
-22 224 141
-22 224 142
-22 224 143
-21 214 129
-21 214 130
-21 214 131
-21 214 132
-21 214 133
-21 215 128
-21 215 129
-21 215 130
-21 215 131
-21 215 134
-21 216 128
-21 216 129
-21 216 130
-21 216 131
-21 216 132
-21 216 133
-21 217 128
-21 217 129
-21 217 130
-21 217 131
-21 217 132
-21 217 133
-21 217 135
-21 217 136
-21 218 128
-21 218 129
-21 218 130
-21 218 131
-21 218 132
-21 218 133
-21 218 134
-21 218 135
-21 218 136
-21 219 128
-21 219 129
-21 219 130
-21 219 131
-21 219 132
-21 219 133
-21 219 134
-21 219 135
-21 219 136
-21 219 137
-21 220 128
-21 220 129
-21 220 130
-21 220 131
-21 220 132
-21 220 133
-21 220 134
-21 220 135
-21 221 128
-21 221 129
-21 221 130
-21 221 131
-21 221 132
-21 221 133
-21 221 134
-21 221 135
-21 221 138
-21 222 128
-21 222 129
-21 222 130
-21 222 131
-21 222 132
-21 222 133
-21 222 134
-21 222 135
-21 222 136
-21 222 137
-21 222 138
-21 223 128
-21 223 129
-21 223 130
-21 223 131
-21 223 132
-21 223 133
-21 223 134
-21 223 135
-21 223 136
-21 223 137
-21 223 138
-21 223 139
-21 223 140
-21 224 128
-21 224 129
-21 224 130
-21 224 131
-21 224 132
-21 224 133
-21 224 134
-21 224 135
-21 224 136
-21 224 137
-21 224 138
-21 224 139
-21 224 140
-21 224 141
-21 224 143
-20 213 131
-20 214 130
-20 214 131
-20 214 133
-20 215 130
-20 215 131
-20 215 132
-20 215 134
-20 216 129
-20 216 130
-20 216 131
-20 216 132
-20 217 129
-20 217 130
-20 217 131
-20 217 132
-20 217 133
-20 217 134
-20 218 128
-20 218 129
-20 218 130
-20 218 131
-20 218 132
-20 218 133
-20 218 134
-20 218 135
-20 219 128
-20 219 129
-20 219 130
-20 219 131
-20 219 132
-20 219 133
-20 219 134
-20 219 135
-20 220 128
-20 220 130
-20 220 131
-20 220 132
-20 220 133
-20 220 134
-20 220 135
-20 220 137
-20 221 128
-20 221 129
-20 221 130
-20 221 131
-20 221 132
-20 221 133
-20 221 134
-20 221 136
-20 221 137
-20 221 138
-20 222 128
-20 222 129
-20 222 130
-20 222 131
-20 222 132
-20 222 133
-20 222 134
-20 222 135
-20 222 136
-20 222 137
-20 222 138
-20 222 139
-20 222 140
-20 223 128
-20 223 129
-20 223 130
-20 223 131
-20 223 132
-20 223 133
-20 223 134
-20 223 135
-20 223 136
-20 223 137
-20 223 138
-20 223 139
-20 223 140
-20 223 141
-20 223 142
-20 224 128
-20 224 129
-20 224 130
-20 224 131
-20 224 132
-20 224 133
-20 224 134
-20 224 135
-20 224 136
-20 224 137
-20 224 138
-20 224 139
-20 224 140
-20 224 141
-20 224 142
-20 224 143
-19 213 131
-19 214 131
-19 214 132
-19 215 131
-19 215 132
-19 216 131
-19 216 132
-19 217 129
-19 217 130
-19 217 131
-19 217 132
-19 217 134
-19 218 129
-19 218 130
-19 218 131
-19 218 132
-19 218 133
-19 218 134
-19 218 135
-19 219 128
-19 219 129
-19 219 130
-19 219 131
-19 219 132
-19 219 133
-19 219 134
-19 219 135
-19 220 128
-19 220 129
-19 220 130
-19 220 131
-19 220 132
-19 220 133
-19 220 134
-19 220 136
-19 220 140
-19 221 128
-19 221 129
-19 221 130
-19 221 131
-19 221 132
-19 221 133
-19 221 134
-19 221 136
-19 221 137
-19 221 140
-19 221 141
-19 221 142
-19 222 128
-19 222 129
-19 222 130
-19 222 131
-19 222 132
-19 222 133
-19 222 134
-19 222 135
-19 222 136
-19 222 137
-19 222 139
-19 222 140
-19 222 141
-19 222 142
-19 223 128
-19 223 129
-19 223 130
-19 223 131
-19 223 132
-19 223 133
-19 223 134
-19 223 135
-19 223 136
-19 223 137
-19 223 138
-19 223 139
-19 223 140
-19 223 141
-19 223 142
-19 223 143
-19 224 128
-19 224 129
-19 224 130
-19 224 131
-19 224 132
-19 224 133
-19 224 134
-19 224 135
-19 224 136
-19 224 137
-19 224 138
-19 224 140
-19 224 141
-19 224 142
-19 224 143
-18 216 131
-18 216 132
-18 217 129
-18 217 130
-18 217 132
-18 217 133
-18 218 130
-18 218 132
-18 218 133
-18 219 128
-18 219 129
-18 219 130
-18 219 132
-18 219 134
-18 220 128
-18 220 129
-18 220 130
-18 220 131
-18 220 132
-18 220 133
-18 220 135
-18 220 136
-18 220 137
-18 220 140
-18 220 142
-18 221 128
-18 221 129
-18 221 130
-18 221 131
-18 221 132
-18 221 133
-18 221 134
-18 221 135
-18 221 136
-18 221 137
-18 221 138
-18 221 140
-18 221 141
-18 221 142
-18 221 143
-18 222 128
-18 222 129
-18 222 130
-18 222 131
-18 222 132
-18 222 133
-18 222 134
-18 222 135
-18 222 136
-18 222 137
-18 222 138
-18 222 139
-18 222 140
-18 222 141
-18 222 142
-18 222 143
-18 223 128
-18 223 129
-18 223 130
-18 223 131
-18 223 132
-18 223 133
-18 223 134
-18 223 135
-18 223 136
-18 223 137
-18 223 138
-18 223 139
-18 223 140
-18 223 141
-18 223 142
-18 223 143
-18 224 128
-18 224 129
-18 224 130
-18 224 131
-18 224 132
-18 224 133
-18 224 134
-18 224 135
-18 224 136
-18 224 137
-18 224 138
-18 224 139
-18 224 140
-18 224 141
-18 224 142
-18 224 143
-17 217 132
-17 218 129
-17 218 132
-17 218 133
-17 219 128
-17 219 129
-17 219 133
-17 219 135
-17 219 136
-17 220 128
-17 220 129
-17 220 130
-17 220 131
-17 220 132
-17 220 133
-17 220 134
-17 220 135
-17 220 136
-17 220 137
-17 220 140
-17 220 141
-17 220 142
-17 221 128
-17 221 129
-17 221 130
-17 221 131
-17 221 132
-17 221 133
-17 221 134
-17 221 135
-17 221 136
-17 221 137
-17 221 138
-17 221 139
-17 221 140
-17 221 141
-17 221 142
-17 221 143
-17 222 128
-17 222 129
-17 222 130
-17 222 131
-17 222 132
-17 222 133
-17 222 134
-17 222 135
-17 222 136
-17 222 137
-17 222 138
-17 222 139
-17 222 140
-17 222 141
-17 222 142
-17 222 143
-17 223 128
-17 223 129
-17 223 130
-17 223 131
-17 223 132
-17 223 133
-17 223 134
-17 223 135
-17 223 136
-17 223 137
-17 223 138
-17 223 139
-17 223 140
-17 223 141
-17 223 142
-17 224 128
-17 224 129
-17 224 130
-17 224 131
-17 224 132
-17 224 133
-17 224 134
-17 224 135
-17 224 136
-17 224 137
-17 224 138
-17 224 139
-17 224 140
-17 224 141
-17 224 142
-17 224 143
-32 225 128
-32 225 129
-32 225 130
-32 225 131
-32 225 132
-32 225 133
-32 225 134
-32 225 135
-32 225 136
-32 225 140
-32 226 128
-32 226 129
-32 226 130
-32 226 131
-32 226 132
-32 226 133
-32 226 134
-32 226 141
-32 227 131
-32 227 132
-32 227 133
-32 227 134
-32 227 135
-32 227 136
-32 227 138
-32 227 139
-32 228 130
-32 228 131
-32 228 132
-32 228 133
-32 228 134
-32 228 135
-32 228 136
-32 228 138
-32 228 139
-32 228 140
-32 228 141
-32 228 142
-32 228 143
-32 229 128
-32 229 131
-32 229 132
-32 229 133
-32 229 134
-32 229 135
-32 229 136
-32 229 137
-32 229 138
-32 229 139
-32 229 141
-32 229 142
-32 229 143
-32 230 128
-32 230 129
-32 230 130
-32 230 131
-32 230 132
-32 230 133
-32 230 134
-32 230 135
-32 230 136
-32 230 137
-32 230 138
-32 230 139
-32 230 140
-32 230 141
-32 230 142
-32 230 143
-32 231 128
-32 231 129
-32 231 130
-32 231 131
-32 231 132
-32 231 133
-32 231 134
-32 231 135
-32 231 136
-32 231 137
-32 231 138
-32 231 139
-32 231 140
-32 231 141
-32 231 142
-32 231 143
-32 232 128
-32 232 129
-32 232 130
-32 232 131
-32 232 132
-32 232 133
-32 232 134
-32 232 135
-32 232 136
-32 232 137
-32 232 138
-32 232 139
-32 232 140
-32 232 141
-32 232 142
-32 232 143
-32 233 128
-32 233 129
-32 233 130
-32 233 131
-32 233 132
-32 233 133
-32 233 134
-32 233 135
-32 233 136
-32 233 137
-32 233 138
-32 233 139
-32 233 140
-32 233 141
-32 233 142
-32 233 143
-32 234 128
-32 234 129
-32 234 130
-32 234 131
-32 234 132
-32 234 133
-32 234 134
-32 234 135
-32 234 136
-32 234 137
-32 234 138
-32 234 139
-32 234 140
-32 234 141
-32 234 142
-32 234 143
-32 235 128
-32 235 129
-32 235 130
-32 235 131
-32 235 132
-32 235 133
-32 235 134
-32 235 135
-32 235 136
-32 235 137
-32 235 138
-32 235 139
-32 235 140
-32 235 141
-32 235 142
-32 235 143
-32 236 128
-32 236 129
-32 236 130
-32 236 131
-32 236 132
-32 236 133
-32 236 134
-32 236 135
-32 236 136
-32 236 137
-32 236 138
-32 236 139
-32 236 140
-32 236 141
-32 236 142
-32 236 143
-32 237 128
-32 237 129
-32 237 130
-32 237 131
-32 237 132
-32 237 133
-32 237 134
-32 237 135
-32 237 136
-32 237 137
-32 237 138
-32 237 139
-32 237 140
-32 237 141
-32 237 142
-32 238 128
-32 238 129
-32 238 130
-32 238 131
-32 238 132
-32 238 133
-32 238 134
-32 238 135
-32 238 136
-32 238 137
-32 238 138
-32 238 139
-32 238 140
-32 238 143
-32 239 128
-32 239 129
-32 239 130
-32 239 131
-32 239 132
-32 239 133
-32 239 134
-32 239 135
-32 239 136
-32 239 137
-32 239 138
-32 239 139
-32 239 140
-32 239 141
-32 239 142
-32 239 143
-32 240 128
-32 240 129
-32 240 130
-32 240 131
-32 240 132
-32 240 133
-32 240 134
-32 240 135
-32 240 136
-32 240 137
-32 240 138
-32 240 139
-32 240 140
-32 240 141
-32 240 142
-32 240 143
-32 241 128
-32 241 129
-32 241 130
-32 241 131
-32 241 132
-32 241 133
-32 241 134
-32 241 135
-32 241 136
-32 241 137
-32 241 138
-32 241 139
-32 241 140
-32 241 141
-32 241 142
-32 241 143
-32 242 128
-32 242 129
-32 242 130
-32 242 131
-32 242 132
-32 242 133
-32 242 134
-32 242 135
-32 242 136
-32 242 137
-32 242 138
-32 242 139
-32 242 140
-32 242 141
-32 242 142
-32 243 128
-32 243 129
-32 243 130
-32 243 131
-32 243 132
-32 243 133
-32 243 135
-32 243 136
-32 243 137
-32 243 138
-32 243 139
-32 243 141
-32 244 128
-32 244 130
-32 244 131
-32 244 132
-32 244 133
-32 244 134
-32 244 135
-32 244 136
-32 244 137
-32 244 142
-32 245 129
-32 245 130
-32 245 131
-32 245 132
-32 245 141
-32 246 129
-32 246 131
-32 246 132
-32 247 133
-32 248 136
-31 225 129
-31 225 130
-31 225 131
-31 225 132
-31 225 133
-31 225 134
-31 225 135
-31 225 136
-31 226 129
-31 226 130
-31 226 132
-31 226 133
-31 226 134
-31 226 135
-31 226 136
-31 226 139
-31 227 130
-31 227 131
-31 227 132
-31 227 133
-31 227 134
-31 227 135
-31 227 136
-31 227 137
-31 227 138
-31 227 139
-31 228 128
-31 228 129
-31 228 130
-31 228 131
-31 228 132
-31 228 133
-31 228 134
-31 228 135
-31 228 136
-31 228 137
-31 228 138
-31 228 139
-31 228 140
-31 229 129
-31 229 130
-31 229 131
-31 229 132
-31 229 133
-31 229 134
-31 229 135
-31 229 136
-31 229 137
-31 229 138
-31 229 139
-31 229 140
-31 229 142
-31 229 143
-31 230 128
-31 230 129
-31 230 130
-31 230 131
-31 230 132
-31 230 133
-31 230 134
-31 230 135
-31 230 136
-31 230 137
-31 230 138
-31 230 139
-31 230 140
-31 230 141
-31 230 142
-31 230 143
-31 231 128
-31 231 129
-31 231 130
-31 231 131
-31 231 132
-31 231 133
-31 231 134
-31 231 135
-31 231 136
-31 231 137
-31 231 138
-31 231 139
-31 231 140
-31 231 141
-31 231 142
-31 231 143
-31 232 128
-31 232 129
-31 232 130
-31 232 131
-31 232 132
-31 232 133
-31 232 134
-31 232 135
-31 232 136
-31 232 137
-31 232 138
-31 232 139
-31 232 140
-31 232 141
-31 232 142
-31 232 143
-31 233 128
-31 233 129
-31 233 130
-31 233 131
-31 233 132
-31 233 133
-31 233 134
-31 233 135
-31 233 136
-31 233 137
-31 233 138
-31 233 139
-31 233 140
-31 233 141
-31 233 142
-31 233 143
-31 234 128
-31 234 129
-31 234 130
-31 234 131
-31 234 132
-31 234 133
-31 234 134
-31 234 135
-31 234 136
-31 234 137
-31 234 138
-31 234 139
-31 234 140
-31 234 141
-31 234 142
-31 234 143
-31 235 128
-31 235 129
-31 235 130
-31 235 131
-31 235 132
-31 235 133
-31 235 134
-31 235 135
-31 235 136
-31 235 137
-31 235 138
-31 235 139
-31 235 140
-31 235 141
-31 235 142
-31 235 143
-31 236 128
-31 236 129
-31 236 130
-31 236 131
-31 236 132
-31 236 133
-31 236 134
-31 236 135
-31 236 136
-31 236 137
-31 236 138
-31 236 139
-31 236 140
-31 236 141
-31 236 142
-31 236 143
-31 237 128
-31 237 129
-31 237 130
-31 237 131
-31 237 132
-31 237 133
-31 237 134
-31 237 135
-31 237 136
-31 237 137
-31 237 138
-31 237 139
-31 237 140
-31 237 141
-31 237 142
-31 237 143
-31 238 128
-31 238 129
-31 238 130
-31 238 131
-31 238 133
-31 238 134
-31 238 135
-31 238 136
-31 238 137
-31 238 138
-31 238 139
-31 238 141
-31 238 142
-31 239 128
-31 239 129
-31 239 130
-31 239 131
-31 239 132
-31 239 133
-31 239 134
-31 239 135
-31 239 136
-31 239 137
-31 239 138
-31 239 139
-31 239 140
-31 239 141
-31 239 142
-31 239 143
-31 240 128
-31 240 129
-31 240 130
-31 240 131
-31 240 132
-31 240 133
-31 240 134
-31 240 135
-31 240 136
-31 240 137
-31 240 138
-31 240 139
-31 240 140
-31 240 141
-31 240 142
-31 240 143
-31 241 128
-31 241 129
-31 241 130
-31 241 131
-31 241 132
-31 241 133
-31 241 134
-31 241 135
-31 241 136
-31 241 137
-31 241 138
-31 241 139
-31 241 140
-31 241 141
-31 241 142
-31 241 143
-31 242 128
-31 242 129
-31 242 130
-31 242 132
-31 242 133
-31 242 135
-31 242 136
-31 242 137
-31 242 138
-31 242 139
-31 242 140
-31 242 141
-31 242 142
-31 242 143
-31 243 128
-31 243 129
-31 243 131
-31 243 132
-31 243 136
-31 243 137
-31 243 138
-31 243 139
-31 243 141
-31 243 142
-31 243 143
-31 244 128
-31 244 129
-31 244 130
-31 244 131
-31 244 132
-31 244 133
-31 244 142
-31 245 128
-31 245 129
-31 245 130
-31 245 131
-31 245 141
-31 246 128
-31 246 129
-30 225 128
-30 225 129
-30 225 130
-30 225 132
-30 225 133
-30 225 134
-30 225 135
-30 225 136
-30 226 128
-30 226 129
-30 226 130
-30 226 131
-30 226 132
-30 226 133
-30 226 134
-30 226 135
-30 226 136
-30 226 137
-30 227 128
-30 227 129
-30 227 130
-30 227 131
-30 227 132
-30 227 133
-30 227 134
-30 227 135
-30 227 136
-30 227 137
-30 227 138
-30 227 139
-30 227 140
-30 228 129
-30 228 130
-30 228 131
-30 228 132
-30 228 133
-30 228 134
-30 228 135
-30 228 136
-30 228 137
-30 228 138
-30 228 139
-30 228 140
-30 229 128
-30 229 129
-30 229 130
-30 229 131
-30 229 132
-30 229 133
-30 229 134
-30 229 135
-30 229 136
-30 229 137
-30 229 138
-30 229 139
-30 229 140
-30 229 141
-30 229 142
-30 230 128
-30 230 129
-30 230 130
-30 230 131
-30 230 132
-30 230 133
-30 230 134
-30 230 135
-30 230 136
-30 230 137
-30 230 138
-30 230 139
-30 230 140
-30 230 141
-30 230 142
-30 230 143
-30 231 128
-30 231 129
-30 231 130
-30 231 131
-30 231 132
-30 231 133
-30 231 134
-30 231 135
-30 231 136
-30 231 137
-30 231 138
-30 231 139
-30 231 140
-30 231 141
-30 231 142
-30 231 143
-30 232 128
-30 232 129
-30 232 130
-30 232 131
-30 232 132
-30 232 133
-30 232 134
-30 232 135
-30 232 136
-30 232 137
-30 232 138
-30 232 139
-30 232 140
-30 232 141
-30 232 142
-30 232 143
-30 233 128
-30 233 129
-30 233 130
-30 233 131
-30 233 132
-30 233 133
-30 233 134
-30 233 135
-30 233 136
-30 233 137
-30 233 138
-30 233 139
-30 233 140
-30 233 141
-30 233 142
-30 233 143
-30 234 128
-30 234 129
-30 234 130
-30 234 131
-30 234 132
-30 234 133
-30 234 134
-30 234 135
-30 234 136
-30 234 137
-30 234 138
-30 234 139
-30 234 140
-30 234 141
-30 234 142
-30 234 143
-30 235 128
-30 235 129
-30 235 130
-30 235 131
-30 235 132
-30 235 133
-30 235 134
-30 235 135
-30 235 136
-30 235 137
-30 235 138
-30 235 139
-30 235 140
-30 235 141
-30 235 142
-30 235 143
-30 236 128
-30 236 129
-30 236 130
-30 236 131
-30 236 132
-30 236 133
-30 236 134
-30 236 135
-30 236 136
-30 236 137
-30 236 138
-30 236 139
-30 236 140
-30 236 141
-30 236 142
-30 236 143
-30 237 128
-30 237 129
-30 237 130
-30 237 131
-30 237 132
-30 237 133
-30 237 134
-30 237 135
-30 237 136
-30 237 137
-30 237 138
-30 237 139
-30 237 140
-30 237 141
-30 237 142
-30 238 128
-30 238 129
-30 238 130
-30 238 131
-30 238 132
-30 238 133
-30 238 134
-30 238 135
-30 238 136
-30 238 137
-30 238 138
-30 238 139
-30 238 140
-30 238 141
-30 238 142
-30 238 143
-30 239 128
-30 239 129
-30 239 130
-30 239 131
-30 239 132
-30 239 133
-30 239 134
-30 239 135
-30 239 136
-30 239 137
-30 239 138
-30 239 139
-30 239 140
-30 239 141
-30 239 142
-30 239 143
-30 240 128
-30 240 129
-30 240 130
-30 240 131
-30 240 132
-30 240 133
-30 240 134
-30 240 135
-30 240 136
-30 240 137
-30 240 138
-30 240 139
-30 240 140
-30 240 141
-30 240 142
-30 240 143
-30 241 128
-30 241 129
-30 241 130
-30 241 131
-30 241 132
-30 241 133
-30 241 135
-30 241 136
-30 241 137
-30 241 138
-30 241 139
-30 241 140
-30 241 141
-30 241 142
-30 241 143
-30 242 128
-30 242 129
-30 242 130
-30 242 131
-30 242 136
-30 242 137
-30 242 138
-30 242 139
-30 242 140
-30 242 141
-30 242 142
-30 242 143
-30 243 128
-30 243 129
-30 243 130
-30 243 131
-30 243 132
-30 243 138
-30 243 141
-30 243 142
-30 243 143
-30 244 128
-30 244 132
-30 244 142
-30 245 128
-30 245 129
-30 246 128
-30 246 129
-29 225 128
-29 225 129
-29 225 130
-29 225 131
-29 225 132
-29 225 133
-29 225 134
-29 225 135
-29 225 136
-29 225 137
-29 226 128
-29 226 129
-29 226 130
-29 226 132
-29 226 133
-29 226 134
-29 226 135
-29 226 137
-29 226 138
-29 226 139
-29 227 129
-29 227 130
-29 227 131
-29 227 132
-29 227 133
-29 227 134
-29 227 135
-29 227 136
-29 227 137
-29 227 138
-29 227 139
-29 227 140
-29 227 141
-29 228 128
-29 228 129
-29 228 130
-29 228 131
-29 228 132
-29 228 133
-29 228 134
-29 228 135
-29 228 136
-29 228 137
-29 228 138
-29 228 139
-29 228 140
-29 228 141
-29 228 142
-29 229 128
-29 229 129
-29 229 130
-29 229 131
-29 229 132
-29 229 133
-29 229 134
-29 229 135
-29 229 136
-29 229 137
-29 229 138
-29 229 139
-29 229 140
-29 229 141
-29 229 142
-29 229 143
-29 230 128
-29 230 129
-29 230 130
-29 230 131
-29 230 132
-29 230 133
-29 230 134
-29 230 135
-29 230 136
-29 230 137
-29 230 138
-29 230 139
-29 230 140
-29 230 141
-29 230 142
-29 230 143
-29 231 128
-29 231 129
-29 231 130
-29 231 131
-29 231 132
-29 231 133
-29 231 134
-29 231 135
-29 231 136
-29 231 137
-29 231 138
-29 231 139
-29 231 140
-29 231 141
-29 231 142
-29 231 143
-29 232 128
-29 232 129
-29 232 130
-29 232 131
-29 232 132
-29 232 133
-29 232 134
-29 232 135
-29 232 136
-29 232 137
-29 232 138
-29 232 139
-29 232 140
-29 232 141
-29 232 142
-29 232 143
-29 233 128
-29 233 129
-29 233 130
-29 233 131
-29 233 132
-29 233 133
-29 233 134
-29 233 135
-29 233 136
-29 233 137
-29 233 138
-29 233 139
-29 233 140
-29 233 141
-29 233 142
-29 233 143
-29 234 128
-29 234 129
-29 234 130
-29 234 131
-29 234 132
-29 234 133
-29 234 134
-29 234 135
-29 234 136
-29 234 137
-29 234 138
-29 234 139
-29 234 140
-29 234 141
-29 234 142
-29 234 143
-29 235 128
-29 235 129
-29 235 130
-29 235 131
-29 235 132
-29 235 133
-29 235 134
-29 235 135
-29 235 136
-29 235 137
-29 235 138
-29 235 139
-29 235 140
-29 235 141
-29 235 142
-29 235 143
-29 236 128
-29 236 129
-29 236 130
-29 236 131
-29 236 132
-29 236 133
-29 236 134
-29 236 135
-29 236 136
-29 236 137
-29 236 138
-29 236 139
-29 236 140
-29 236 141
-29 236 142
-29 236 143
-29 237 128
-29 237 129
-29 237 130
-29 237 131
-29 237 132
-29 237 133
-29 237 134
-29 237 135
-29 237 136
-29 237 137
-29 237 138
-29 237 139
-29 237 140
-29 237 141
-29 237 142
-29 237 143
-29 238 128
-29 238 130
-29 238 131
-29 238 132
-29 238 133
-29 238 134
-29 238 135
-29 238 136
-29 238 137
-29 238 138
-29 238 139
-29 238 140
-29 238 141
-29 238 142
-29 238 143
-29 239 128
-29 239 129
-29 239 130
-29 239 131
-29 239 132
-29 239 133
-29 239 134
-29 239 135
-29 239 136
-29 239 137
-29 239 138
-29 239 139
-29 239 140
-29 239 141
-29 239 142
-29 240 128
-29 240 129
-29 240 130
-29 240 132
-29 240 133
-29 240 134
-29 240 135
-29 240 136
-29 240 137
-29 240 138
-29 240 139
-29 240 140
-29 240 141
-29 240 142
-29 241 128
-29 241 129
-29 241 131
-29 241 133
-29 241 134
-29 241 135
-29 241 136
-29 241 137
-29 241 138
-29 241 139
-29 241 140
-29 241 141
-29 241 142
-29 241 143
-29 242 128
-29 242 129
-29 242 130
-29 242 131
-29 242 135
-29 242 136
-29 242 137
-29 242 138
-29 242 139
-29 242 140
-29 242 141
-29 242 142
-29 242 143
-29 243 128
-29 243 129
-29 243 130
-29 243 141
-29 243 142
-29 243 143
-29 244 128
-29 244 129
-29 244 130
-29 244 142
-29 244 143
-29 245 128
-29 246 128
-28 225 128
-28 225 129
-28 225 130
-28 225 131
-28 225 132
-28 225 134
-28 225 135
-28 225 136
-28 225 137
-28 225 138
-28 226 129
-28 226 130
-28 226 131
-28 226 132
-28 226 133
-28 226 134
-28 226 135
-28 226 136
-28 226 137
-28 226 138
-28 226 140
-28 227 128
-28 227 129
-28 227 130
-28 227 131
-28 227 132
-28 227 133
-28 227 134
-28 227 135
-28 227 136
-28 227 137
-28 227 138
-28 227 139
-28 227 140
-28 227 141
-28 228 128
-28 228 129
-28 228 130
-28 228 131
-28 228 132
-28 228 133
-28 228 134
-28 228 135
-28 228 136
-28 228 137
-28 228 138
-28 228 139
-28 228 140
-28 228 141
-28 228 142
-28 229 128
-28 229 129
-28 229 130
-28 229 131
-28 229 132
-28 229 133
-28 229 134
-28 229 135
-28 229 136
-28 229 137
-28 229 138
-28 229 139
-28 229 140
-28 229 141
-28 229 142
-28 230 128
-28 230 129
-28 230 130
-28 230 131
-28 230 132
-28 230 133
-28 230 134
-28 230 135
-28 230 136
-28 230 137
-28 230 138
-28 230 139
-28 230 140
-28 230 141
-28 230 142
-28 230 143
-28 231 128
-28 231 129
-28 231 130
-28 231 131
-28 231 132
-28 231 133
-28 231 134
-28 231 135
-28 231 136
-28 231 137
-28 231 138
-28 231 139
-28 231 140
-28 231 141
-28 231 142
-28 231 143
-28 232 128
-28 232 129
-28 232 130
-28 232 131
-28 232 132
-28 232 133
-28 232 134
-28 232 135
-28 232 136
-28 232 137
-28 232 138
-28 232 139
-28 232 140
-28 232 141
-28 232 142
-28 232 143
-28 233 128
-28 233 129
-28 233 130
-28 233 131
-28 233 132
-28 233 133
-28 233 134
-28 233 135
-28 233 136
-28 233 137
-28 233 138
-28 233 139
-28 233 140
-28 233 141
-28 233 142
-28 233 143
-28 234 128
-28 234 129
-28 234 130
-28 234 131
-28 234 132
-28 234 133
-28 234 134
-28 234 135
-28 234 136
-28 234 137
-28 234 138
-28 234 139
-28 234 140
-28 234 141
-28 234 142
-28 234 143
-28 235 128
-28 235 129
-28 235 130
-28 235 131
-28 235 132
-28 235 133
-28 235 134
-28 235 135
-28 235 136
-28 235 137
-28 235 138
-28 235 139
-28 235 140
-28 235 141
-28 235 142
-28 235 143
-28 236 128
-28 236 129
-28 236 130
-28 236 131
-28 236 132
-28 236 133
-28 236 134
-28 236 135
-28 236 136
-28 236 137
-28 236 138
-28 236 139
-28 236 140
-28 236 141
-28 236 142
-28 236 143
-28 237 128
-28 237 129
-28 237 130
-28 237 131
-28 237 132
-28 237 133
-28 237 134
-28 237 135
-28 237 136
-28 237 137
-28 237 138
-28 237 139
-28 237 140
-28 237 141
-28 237 142
-28 237 143
-28 238 128
-28 238 129
-28 238 130
-28 238 132
-28 238 133
-28 238 134
-28 238 135
-28 238 136
-28 238 137
-28 238 138
-28 238 139
-28 238 140
-28 238 141
-28 238 142
-28 238 143
-28 239 128
-28 239 129
-28 239 131
-28 239 132
-28 239 133
-28 239 134
-28 239 135
-28 239 136
-28 239 137
-28 239 138
-28 239 139
-28 239 140
-28 239 141
-28 239 142
-28 239 143
-28 240 128
-28 240 129
-28 240 130
-28 240 132
-28 240 133
-28 240 134
-28 240 135
-28 240 136
-28 240 137
-28 240 138
-28 240 139
-28 240 140
-28 240 141
-28 240 142
-28 240 143
-28 241 128
-28 241 129
-28 241 133
-28 241 134
-28 241 136
-28 241 137
-28 241 138
-28 241 139
-28 241 140
-28 241 141
-28 241 142
-28 241 143
-28 242 128
-28 242 129
-28 242 134
-28 242 137
-28 242 139
-28 242 140
-28 242 141
-28 242 142
-28 242 143
-28 243 128
-28 243 129
-28 243 130
-28 243 140
-28 243 141
-28 243 142
-28 243 143
-28 244 128
-28 244 129
-28 244 142
-28 244 143
-28 245 128
-27 225 128
-27 225 129
-27 225 130
-27 225 131
-27 225 132
-27 225 133
-27 225 134
-27 225 135
-27 225 136
-27 225 138
-27 226 128
-27 226 129
-27 226 130
-27 226 131
-27 226 132
-27 226 133
-27 226 134
-27 226 135
-27 226 136
-27 226 137
-27 226 138
-27 226 139
-27 227 128
-27 227 129
-27 227 130
-27 227 131
-27 227 132
-27 227 133
-27 227 134
-27 227 135
-27 227 136
-27 227 137
-27 227 138
-27 227 139
-27 227 140
-27 228 128
-27 228 129
-27 228 130
-27 228 131
-27 228 132
-27 228 133
-27 228 134
-27 228 135
-27 228 136
-27 228 137
-27 228 138
-27 228 139
-27 228 140
-27 228 141
-27 228 142
-27 228 143
-27 229 128
-27 229 129
-27 229 130
-27 229 131
-27 229 132
-27 229 133
-27 229 134
-27 229 135
-27 229 136
-27 229 137
-27 229 138
-27 229 139
-27 229 140
-27 229 141
-27 229 142
-27 229 143
-27 230 128
-27 230 129
-27 230 130
-27 230 131
-27 230 132
-27 230 133
-27 230 134
-27 230 135
-27 230 136
-27 230 137
-27 230 139
-27 230 140
-27 230 141
-27 230 142
-27 230 143
-27 231 128
-27 231 129
-27 231 130
-27 231 131
-27 231 132
-27 231 133
-27 231 134
-27 231 135
-27 231 136
-27 231 137
-27 231 138
-27 231 139
-27 231 140
-27 231 141
-27 231 142
-27 231 143
-27 232 128
-27 232 129
-27 232 130
-27 232 131
-27 232 132
-27 232 133
-27 232 134
-27 232 135
-27 232 137
-27 232 139
-27 232 140
-27 232 141
-27 232 142
-27 232 143
-27 233 129
-27 233 130
-27 233 131
-27 233 132
-27 233 133
-27 233 134
-27 233 135
-27 233 136
-27 233 137
-27 233 138
-27 233 139
-27 233 140
-27 233 141
-27 233 142
-27 233 143
-27 234 128
-27 234 129
-27 234 130
-27 234 131
-27 234 132
-27 234 133
-27 234 134
-27 234 135
-27 234 136
-27 234 137
-27 234 138
-27 234 139
-27 234 140
-27 234 141
-27 234 142
-27 234 143
-27 235 128
-27 235 129
-27 235 130
-27 235 131
-27 235 132
-27 235 133
-27 235 134
-27 235 135
-27 235 136
-27 235 137
-27 235 138
-27 235 139
-27 235 140
-27 235 141
-27 235 142
-27 235 143
-27 236 128
-27 236 129
-27 236 130
-27 236 131
-27 236 132
-27 236 133
-27 236 134
-27 236 135
-27 236 136
-27 236 137
-27 236 138
-27 236 139
-27 236 140
-27 236 141
-27 236 142
-27 236 143
-27 237 128
-27 237 129
-27 237 130
-27 237 131
-27 237 132
-27 237 133
-27 237 134
-27 237 135
-27 237 136
-27 237 137
-27 237 138
-27 237 139
-27 237 141
-27 237 142
-27 237 143
-27 238 128
-27 238 129
-27 238 130
-27 238 132
-27 238 133
-27 238 134
-27 238 135
-27 238 136
-27 238 137
-27 238 138
-27 238 139
-27 238 140
-27 238 141
-27 238 142
-27 238 143
-27 239 128
-27 239 131
-27 239 132
-27 239 133
-27 239 134
-27 239 135
-27 239 136
-27 239 137
-27 239 138
-27 239 139
-27 239 140
-27 239 141
-27 239 142
-27 239 143
-27 240 128
-27 240 129
-27 240 132
-27 240 133
-27 240 134
-27 240 135
-27 240 136
-27 240 138
-27 240 139
-27 240 140
-27 240 141
-27 241 128
-27 241 133
-27 241 134
-27 241 135
-27 241 136
-27 241 138
-27 241 139
-27 241 140
-27 241 142
-27 241 143
-27 242 128
-27 242 139
-27 242 140
-27 242 141
-27 242 142
-27 243 128
-27 243 129
-27 243 140
-27 243 141
-27 244 128
-26 225 128
-26 225 129
-26 225 130
-26 225 131
-26 225 132
-26 225 133
-26 225 134
-26 225 135
-26 225 136
-26 225 137
-26 226 128
-26 226 129
-26 226 130
-26 226 131
-26 226 132
-26 226 133
-26 226 134
-26 226 135
-26 226 136
-26 226 137
-26 226 138
-26 226 139
-26 226 142
-26 226 143
-26 227 128
-26 227 129
-26 227 130
-26 227 131
-26 227 132
-26 227 133
-26 227 134
-26 227 135
-26 227 136
-26 227 137
-26 227 138
-26 227 139
-26 227 141
-26 227 142
-26 227 143
-26 228 128
-26 228 129
-26 228 130
-26 228 131
-26 228 132
-26 228 133
-26 228 134
-26 228 135
-26 228 136
-26 228 137
-26 228 138
-26 228 139
-26 228 140
-26 228 142
-26 228 143
-26 229 128
-26 229 129
-26 229 130
-26 229 131
-26 229 132
-26 229 133
-26 229 134
-26 229 135
-26 229 136
-26 229 137
-26 229 138
-26 229 139
-26 229 140
-26 229 141
-26 229 142
-26 229 143
-26 230 128
-26 230 129
-26 230 130
-26 230 131
-26 230 132
-26 230 133
-26 230 134
-26 230 135
-26 230 136
-26 230 137
-26 230 138
-26 230 139
-26 230 140
-26 230 141
-26 230 142
-26 230 143
-26 231 128
-26 231 129
-26 231 130
-26 231 131
-26 231 132
-26 231 133
-26 231 134
-26 231 135
-26 231 136
-26 231 137
-26 231 138
-26 231 139
-26 231 140
-26 231 141
-26 231 142
-26 231 143
-26 232 128
-26 232 129
-26 232 130
-26 232 131
-26 232 132
-26 232 133
-26 232 134
-26 232 135
-26 232 136
-26 232 137
-26 232 138
-26 232 139
-26 232 140
-26 232 141
-26 232 142
-26 232 143
-26 233 128
-26 233 129
-26 233 130
-26 233 131
-26 233 132
-26 233 133
-26 233 134
-26 233 135
-26 233 136
-26 233 137
-26 233 138
-26 233 139
-26 233 140
-26 233 141
-26 233 142
-26 233 143
-26 234 128
-26 234 129
-26 234 130
-26 234 131
-26 234 132
-26 234 133
-26 234 134
-26 234 135
-26 234 136
-26 234 137
-26 234 138
-26 234 139
-26 234 140
-26 234 141
-26 234 142
-26 234 143
-26 235 128
-26 235 129
-26 235 130
-26 235 131
-26 235 132
-26 235 133
-26 235 134
-26 235 135
-26 235 136
-26 235 137
-26 235 138
-26 235 139
-26 235 140
-26 235 141
-26 235 142
-26 235 143
-26 236 128
-26 236 129
-26 236 130
-26 236 131
-26 236 132
-26 236 133
-26 236 134
-26 236 135
-26 236 136
-26 236 137
-26 236 138
-26 236 139
-26 236 140
-26 236 141
-26 236 142
-26 236 143
-26 237 128
-26 237 129
-26 237 130
-26 237 132
-26 237 133
-26 237 134
-26 237 135
-26 237 136
-26 237 137
-26 237 138
-26 237 139
-26 237 140
-26 237 141
-26 237 142
-26 237 143
-26 238 128
-26 238 134
-26 238 135
-26 238 136
-26 238 137
-26 238 138
-26 238 139
-26 238 140
-26 238 141
-26 238 142
-26 238 143
-26 239 133
-26 239 135
-26 239 136
-26 239 137
-26 239 138
-26 239 139
-26 239 140
-26 239 141
-26 239 142
-26 239 143
-26 240 134
-26 240 135
-26 240 136
-26 240 137
-26 240 138
-26 240 139
-26 240 140
-26 240 142
-26 240 143
-26 241 135
-26 241 137
-26 241 138
-26 241 139
-26 241 140
-26 241 141
-26 241 143
-26 242 139
-26 243 128
-26 244 128
-25 225 128
-25 225 129
-25 225 130
-25 225 131
-25 225 132
-25 225 133
-25 225 134
-25 225 135
-25 225 136
-25 225 137
-25 226 128
-25 226 129
-25 226 130
-25 226 131
-25 226 132
-25 226 133
-25 226 134
-25 226 135
-25 226 136
-25 226 137
-25 226 138
-25 226 143
-25 227 128
-25 227 129
-25 227 130
-25 227 131
-25 227 132
-25 227 133
-25 227 134
-25 227 135
-25 227 136
-25 227 137
-25 227 138
-25 227 139
-25 227 140
-25 227 141
-25 227 142
-25 227 143
-25 228 128
-25 228 129
-25 228 130
-25 228 131
-25 228 132
-25 228 133
-25 228 134
-25 228 135
-25 228 136
-25 228 137
-25 228 138
-25 228 139
-25 228 140
-25 228 141
-25 228 142
-25 228 143
-25 229 128
-25 229 129
-25 229 130
-25 229 131
-25 229 132
-25 229 133
-25 229 134
-25 229 135
-25 229 136
-25 229 137
-25 229 138
-25 229 139
-25 229 140
-25 229 141
-25 229 142
-25 229 143
-25 230 128
-25 230 129
-25 230 130
-25 230 131
-25 230 132
-25 230 133
-25 230 134
-25 230 135
-25 230 136
-25 230 137
-25 230 138
-25 230 139
-25 230 140
-25 230 141
-25 230 142
-25 230 143
-25 231 128
-25 231 129
-25 231 130
-25 231 131
-25 231 132
-25 231 133
-25 231 134
-25 231 135
-25 231 136
-25 231 137
-25 231 138
-25 231 139
-25 231 140
-25 231 141
-25 231 142
-25 231 143
-25 232 128
-25 232 129
-25 232 130
-25 232 131
-25 232 132
-25 232 133
-25 232 134
-25 232 135
-25 232 136
-25 232 137
-25 232 138
-25 232 139
-25 232 140
-25 232 141
-25 232 142
-25 232 143
-25 233 128
-25 233 129
-25 233 130
-25 233 131
-25 233 132
-25 233 133
-25 233 134
-25 233 135
-25 233 136
-25 233 137
-25 233 138
-25 233 139
-25 233 140
-25 233 141
-25 233 142
-25 233 143
-25 234 128
-25 234 129
-25 234 130
-25 234 131
-25 234 132
-25 234 133
-25 234 134
-25 234 135
-25 234 136
-25 234 137
-25 234 138
-25 234 139
-25 234 140
-25 234 141
-25 234 142
-25 234 143
-25 235 128
-25 235 129
-25 235 130
-25 235 131
-25 235 132
-25 235 133
-25 235 134
-25 235 135
-25 235 136
-25 235 137
-25 235 138
-25 235 139
-25 235 140
-25 235 141
-25 235 142
-25 235 143
-25 236 128
-25 236 131
-25 236 132
-25 236 133
-25 236 134
-25 236 135
-25 236 136
-25 236 137
-25 236 138
-25 236 139
-25 236 140
-25 236 141
-25 236 142
-25 236 143
-25 237 128
-25 237 129
-25 237 132
-25 237 133
-25 237 134
-25 237 135
-25 237 137
-25 237 138
-25 237 139
-25 237 140
-25 237 142
-25 237 143
-25 238 129
-25 238 132
-25 238 133
-25 238 134
-25 238 135
-25 238 136
-25 238 137
-25 238 138
-25 238 139
-25 238 140
-25 238 141
-25 238 142
-25 238 143
-25 239 134
-25 239 135
-25 239 136
-25 239 139
-25 239 140
-25 239 141
-25 239 142
-25 239 143
-25 240 134
-25 240 135
-25 240 138
-25 240 140
-25 240 142
-25 240 143
-25 241 139
-25 241 142
-25 241 143
-24 225 128
-24 225 129
-24 225 130
-24 225 131
-24 225 132
-24 225 133
-24 225 134
-24 225 136
-24 225 137
-24 225 138
-24 225 140
-24 226 128
-24 226 129
-24 226 130
-24 226 131
-24 226 132
-24 226 133
-24 226 135
-24 226 136
-24 226 137
-24 226 138
-24 226 139
-24 226 140
-24 226 143
-24 227 128
-24 227 129
-24 227 130
-24 227 131
-24 227 132
-24 227 133
-24 227 134
-24 227 135
-24 227 136
-24 227 137
-24 227 138
-24 227 140
-24 227 141
-24 227 142
-24 227 143
-24 228 128
-24 228 129
-24 228 130
-24 228 131
-24 228 132
-24 228 133
-24 228 134
-24 228 135
-24 228 136
-24 228 137
-24 228 138
-24 228 139
-24 228 140
-24 228 141
-24 228 142
-24 228 143
-24 229 128
-24 229 129
-24 229 130
-24 229 131
-24 229 132
-24 229 133
-24 229 134
-24 229 135
-24 229 136
-24 229 137
-24 229 138
-24 229 139
-24 229 140
-24 229 141
-24 229 142
-24 229 143
-24 230 128
-24 230 129
-24 230 130
-24 230 131
-24 230 132
-24 230 133
-24 230 134
-24 230 135
-24 230 136
-24 230 137
-24 230 138
-24 230 139
-24 230 140
-24 230 141
-24 230 142
-24 230 143
-24 231 128
-24 231 129
-24 231 130
-24 231 131
-24 231 132
-24 231 133
-24 231 134
-24 231 135
-24 231 136
-24 231 137
-24 231 138
-24 231 139
-24 231 140
-24 231 142
-24 231 143
-24 232 128
-24 232 129
-24 232 130
-24 232 131
-24 232 132
-24 232 133
-24 232 134
-24 232 135
-24 232 136
-24 232 137
-24 232 138
-24 232 139
-24 232 140
-24 232 141
-24 232 142
-24 232 143
-24 233 128
-24 233 129
-24 233 130
-24 233 131
-24 233 132
-24 233 133
-24 233 134
-24 233 135
-24 233 136
-24 233 137
-24 233 138
-24 233 139
-24 233 140
-24 233 141
-24 233 142
-24 233 143
-24 234 128
-24 234 129
-24 234 130
-24 234 131
-24 234 132
-24 234 133
-24 234 134
-24 234 135
-24 234 136
-24 234 137
-24 234 138
-24 234 139
-24 234 140
-24 234 141
-24 234 142
-24 234 143
-24 235 128
-24 235 129
-24 235 130
-24 235 131
-24 235 132
-24 235 133
-24 235 134
-24 235 136
-24 235 137
-24 235 138
-24 235 139
-24 235 140
-24 235 141
-24 235 142
-24 235 143
-24 236 128
-24 236 129
-24 236 130
-24 236 131
-24 236 132
-24 236 133
-24 236 134
-24 236 135
-24 236 136
-24 236 137
-24 236 138
-24 236 139
-24 236 141
-24 236 142
-24 236 143
-24 237 129
-24 237 130
-24 237 132
-24 237 133
-24 237 134
-24 237 135
-24 237 136
-24 237 137
-24 237 139
-24 237 140
-24 237 141
-24 237 142
-24 237 143
-24 238 129
-24 238 130
-24 238 135
-24 238 136
-24 238 138
-24 238 140
-24 238 141
-24 238 142
-24 238 143
-24 239 129
-24 239 134
-24 239 136
-24 239 141
-24 239 142
-24 239 143
-24 240 134
-24 240 136
-24 240 142
-23 225 128
-23 225 129
-23 225 130
-23 225 131
-23 225 132
-23 225 133
-23 225 134
-23 225 135
-23 225 136
-23 225 137
-23 225 138
-23 225 140
-23 225 141
-23 225 143
-23 226 128
-23 226 129
-23 226 130
-23 226 131
-23 226 132
-23 226 133
-23 226 134
-23 226 135
-23 226 136
-23 226 137
-23 226 138
-23 226 139
-23 226 140
-23 226 141
-23 226 143
-23 227 128
-23 227 129
-23 227 130
-23 227 131
-23 227 132
-23 227 133
-23 227 134
-23 227 135
-23 227 136
-23 227 137
-23 227 138
-23 227 139
-23 227 140
-23 227 141
-23 227 142
-23 227 143
-23 228 128
-23 228 129
-23 228 130
-23 228 131
-23 228 132
-23 228 133
-23 228 134
-23 228 135
-23 228 136
-23 228 137
-23 228 138
-23 228 139
-23 228 140
-23 228 141
-23 228 142
-23 228 143
-23 229 128
-23 229 129
-23 229 130
-23 229 131
-23 229 132
-23 229 133
-23 229 134
-23 229 135
-23 229 136
-23 229 137
-23 229 138
-23 229 139
-23 229 140
-23 229 141
-23 229 142
-23 229 143
-23 230 128
-23 230 129
-23 230 130
-23 230 131
-23 230 132
-23 230 133
-23 230 134
-23 230 135
-23 230 136
-23 230 137
-23 230 138
-23 230 139
-23 230 140
-23 230 141
-23 230 142
-23 230 143
-23 231 128
-23 231 129
-23 231 130
-23 231 131
-23 231 132
-23 231 133
-23 231 134
-23 231 135
-23 231 136
-23 231 137
-23 231 138
-23 231 139
-23 231 140
-23 231 141
-23 231 142
-23 231 143
-23 232 128
-23 232 129
-23 232 130
-23 232 131
-23 232 132
-23 232 133
-23 232 134
-23 232 135
-23 232 136
-23 232 137
-23 232 138
-23 232 139
-23 232 140
-23 232 141
-23 232 142
-23 232 143
-23 233 128
-23 233 129
-23 233 130
-23 233 131
-23 233 132
-23 233 133
-23 233 134
-23 233 135
-23 233 136
-23 233 137
-23 233 138
-23 233 139
-23 233 140
-23 233 141
-23 233 142
-23 233 143
-23 234 128
-23 234 129
-23 234 130
-23 234 131
-23 234 132
-23 234 133
-23 234 134
-23 234 135
-23 234 136
-23 234 137
-23 234 138
-23 234 139
-23 234 140
-23 234 141
-23 234 142
-23 234 143
-23 235 128
-23 235 129
-23 235 130
-23 235 131
-23 235 132
-23 235 133
-23 235 134
-23 235 135
-23 235 136
-23 235 138
-23 235 139
-23 235 140
-23 235 141
-23 235 142
-23 235 143
-23 236 128
-23 236 129
-23 236 130
-23 236 131
-23 236 132
-23 236 134
-23 236 135
-23 236 137
-23 236 140
-23 236 141
-23 236 142
-23 236 143
-23 237 128
-23 237 129
-23 237 130
-23 237 131
-23 237 134
-23 237 136
-23 237 137
-23 237 138
-23 237 140
-23 237 141
-23 237 142
-23 237 143
-23 238 128
-23 238 135
-23 238 136
-23 238 137
-23 238 140
-23 239 136
-23 239 142
-22 225 128
-22 225 129
-22 225 130
-22 225 131
-22 225 132
-22 225 133
-22 225 134
-22 225 135
-22 225 136
-22 225 137
-22 225 138
-22 225 140
-22 225 141
-22 225 142
-22 225 143
-22 226 128
-22 226 129
-22 226 130
-22 226 131
-22 226 132
-22 226 133
-22 226 134
-22 226 135
-22 226 136
-22 226 137
-22 226 138
-22 226 139
-22 226 140
-22 226 141
-22 226 142
-22 226 143
-22 227 128
-22 227 129
-22 227 130
-22 227 131
-22 227 132
-22 227 133
-22 227 134
-22 227 135
-22 227 136
-22 227 137
-22 227 138
-22 227 139
-22 227 140
-22 227 141
-22 227 142
-22 227 143
-22 228 128
-22 228 129
-22 228 130
-22 228 131
-22 228 132
-22 228 133
-22 228 134
-22 228 135
-22 228 136
-22 228 137
-22 228 138
-22 228 139
-22 228 140
-22 228 141
-22 228 142
-22 228 143
-22 229 128
-22 229 129
-22 229 130
-22 229 131
-22 229 132
-22 229 133
-22 229 134
-22 229 135
-22 229 136
-22 229 137
-22 229 138
-22 229 139
-22 229 140
-22 229 141
-22 229 142
-22 229 143
-22 230 128
-22 230 129
-22 230 130
-22 230 131
-22 230 132
-22 230 133
-22 230 134
-22 230 135
-22 230 136
-22 230 137
-22 230 138
-22 230 139
-22 230 140
-22 230 141
-22 230 142
-22 230 143
-22 231 128
-22 231 129
-22 231 130
-22 231 131
-22 231 132
-22 231 133
-22 231 134
-22 231 135
-22 231 136
-22 231 137
-22 231 138
-22 231 139
-22 231 140
-22 231 141
-22 231 142
-22 231 143
-22 232 128
-22 232 129
-22 232 130
-22 232 131
-22 232 132
-22 232 133
-22 232 134
-22 232 135
-22 232 136
-22 232 137
-22 232 138
-22 232 139
-22 232 140
-22 232 141
-22 232 142
-22 232 143
-22 233 128
-22 233 129
-22 233 130
-22 233 131
-22 233 132
-22 233 133
-22 233 134
-22 233 135
-22 233 136
-22 233 137
-22 233 138
-22 233 139
-22 233 140
-22 233 141
-22 233 142
-22 233 143
-22 234 128
-22 234 129
-22 234 130
-22 234 131
-22 234 132
-22 234 133
-22 234 134
-22 234 135
-22 234 137
-22 234 138
-22 234 139
-22 234 140
-22 234 141
-22 234 142
-22 234 143
-22 235 128
-22 235 129
-22 235 130
-22 235 131
-22 235 132
-22 235 133
-22 235 134
-22 235 138
-22 235 139
-22 235 140
-22 235 141
-22 235 142
-22 235 143
-22 236 128
-22 236 129
-22 236 130
-22 236 131
-22 236 132
-22 236 133
-22 236 139
-22 236 141
-22 236 142
-22 237 128
-22 237 131
-22 237 136
-22 237 137
-22 237 140
-22 237 141
-22 237 142
-22 237 143
-22 238 128
-22 238 131
-22 238 141
-21 225 128
-21 225 129
-21 225 130
-21 225 131
-21 225 132
-21 225 133
-21 225 134
-21 225 135
-21 225 136
-21 225 137
-21 225 138
-21 225 139
-21 225 140
-21 225 141
-21 225 142
-21 226 128
-21 226 129
-21 226 130
-21 226 131
-21 226 132
-21 226 133
-21 226 134
-21 226 135
-21 226 136
-21 226 137
-21 226 138
-21 226 139
-21 226 140
-21 226 141
-21 226 142
-21 226 143
-21 227 128
-21 227 129
-21 227 130
-21 227 131
-21 227 132
-21 227 133
-21 227 134
-21 227 135
-21 227 136
-21 227 137
-21 227 138
-21 227 139
-21 227 140
-21 227 141
-21 227 142
-21 227 143
-21 228 128
-21 228 129
-21 228 130
-21 228 131
-21 228 132
-21 228 133
-21 228 134
-21 228 135
-21 228 136
-21 228 137
-21 228 138
-21 228 139
-21 228 140
-21 228 141
-21 228 142
-21 228 143
-21 229 128
-21 229 129
-21 229 130
-21 229 131
-21 229 132
-21 229 133
-21 229 134
-21 229 135
-21 229 136
-21 229 137
-21 229 138
-21 229 139
-21 229 140
-21 229 141
-21 229 142
-21 229 143
-21 230 128
-21 230 129
-21 230 130
-21 230 131
-21 230 132
-21 230 133
-21 230 134
-21 230 135
-21 230 136
-21 230 137
-21 230 138
-21 230 139
-21 230 140
-21 230 141
-21 230 142
-21 230 143
-21 231 128
-21 231 129
-21 231 130
-21 231 131
-21 231 132
-21 231 133
-21 231 134
-21 231 135
-21 231 136
-21 231 137
-21 231 138
-21 231 139
-21 231 140
-21 231 141
-21 231 142
-21 231 143
-21 232 128
-21 232 129
-21 232 130
-21 232 131
-21 232 132
-21 232 133
-21 232 134
-21 232 135
-21 232 136
-21 232 137
-21 232 138
-21 232 139
-21 232 140
-21 232 141
-21 232 142
-21 232 143
-21 233 128
-21 233 129
-21 233 130
-21 233 131
-21 233 132
-21 233 133
-21 233 134
-21 233 135
-21 233 137
-21 233 138
-21 233 140
-21 233 141
-21 233 142
-21 233 143
-21 234 128
-21 234 129
-21 234 130
-21 234 131
-21 234 132
-21 234 133
-21 234 134
-21 234 135
-21 234 138
-21 234 140
-21 234 141
-21 234 142
-21 234 143
-21 235 128
-21 235 129
-21 235 130
-21 235 131
-21 235 132
-21 235 133
-21 235 139
-21 235 140
-21 235 141
-21 235 142
-21 235 143
-21 236 128
-21 236 129
-21 236 130
-21 236 131
-21 236 132
-21 236 141
-21 236 142
-21 236 143
-21 237 128
-21 237 129
-21 237 141
-21 237 142
-20 225 128
-20 225 129
-20 225 130
-20 225 131
-20 225 132
-20 225 133
-20 225 134
-20 225 135
-20 225 136
-20 225 137
-20 225 138
-20 225 139
-20 225 140
-20 225 141
-20 225 142
-20 225 143
-20 226 128
-20 226 129
-20 226 130
-20 226 131
-20 226 132
-20 226 133
-20 226 134
-20 226 135
-20 226 136
-20 226 137
-20 226 138
-20 226 139
-20 226 140
-20 226 141
-20 226 142
-20 226 143
-20 227 128
-20 227 129
-20 227 130
-20 227 131
-20 227 132
-20 227 133
-20 227 134
-20 227 135
-20 227 136
-20 227 137
-20 227 138
-20 227 139
-20 227 140
-20 227 141
-20 227 142
-20 227 143
-20 228 128
-20 228 129
-20 228 130
-20 228 131
-20 228 132
-20 228 133
-20 228 134
-20 228 135
-20 228 136
-20 228 137
-20 228 138
-20 228 139
-20 228 140
-20 228 141
-20 228 142
-20 228 143
-20 229 128
-20 229 129
-20 229 130
-20 229 131
-20 229 132
-20 229 133
-20 229 134
-20 229 135
-20 229 136
-20 229 137
-20 229 138
-20 229 139
-20 229 140
-20 229 141
-20 229 142
-20 229 143
-20 230 128
-20 230 129
-20 230 130
-20 230 131
-20 230 132
-20 230 133
-20 230 134
-20 230 135
-20 230 136
-20 230 137
-20 230 138
-20 230 139
-20 230 140
-20 230 141
-20 230 142
-20 230 143
-20 231 128
-20 231 129
-20 231 130
-20 231 131
-20 231 132
-20 231 133
-20 231 134
-20 231 135
-20 231 136
-20 231 137
-20 231 138
-20 231 140
-20 231 141
-20 231 142
-20 231 143
-20 232 128
-20 232 129
-20 232 130
-20 232 131
-20 232 132
-20 232 133
-20 232 134
-20 232 135
-20 232 136
-20 232 137
-20 232 138
-20 232 139
-20 232 140
-20 232 141
-20 232 142
-20 232 143
-20 233 128
-20 233 129
-20 233 130
-20 233 131
-20 233 132
-20 233 133
-20 233 134
-20 233 135
-20 233 136
-20 233 137
-20 233 141
-20 233 142
-20 233 143
-20 234 128
-20 234 129
-20 234 130
-20 234 131
-20 234 132
-20 234 134
-20 234 135
-20 234 142
-20 234 143
-20 235 128
-20 235 129
-20 235 130
-20 235 131
-20 235 132
-20 235 133
-20 235 140
-20 235 141
-20 235 142
-20 235 143
-20 236 128
-20 236 129
-20 236 130
-20 236 131
-20 236 132
-20 236 141
-20 236 143
-20 237 128
-20 237 142
-19 225 128
-19 225 129
-19 225 130
-19 225 131
-19 225 132
-19 225 133
-19 225 134
-19 225 135
-19 225 136
-19 225 137
-19 225 138
-19 225 139
-19 225 140
-19 225 141
-19 225 142
-19 225 143
-19 226 128
-19 226 129
-19 226 130
-19 226 131
-19 226 132
-19 226 133
-19 226 134
-19 226 135
-19 226 136
-19 226 137
-19 226 138
-19 226 139
-19 226 140
-19 226 141
-19 226 142
-19 226 143
-19 227 128
-19 227 129
-19 227 130
-19 227 131
-19 227 132
-19 227 133
-19 227 134
-19 227 135
-19 227 136
-19 227 137
-19 227 138
-19 227 139
-19 227 140
-19 227 141
-19 227 142
-19 227 143
-19 228 128
-19 228 129
-19 228 130
-19 228 131
-19 228 132
-19 228 133
-19 228 134
-19 228 135
-19 228 136
-19 228 137
-19 228 138
-19 228 139
-19 228 140
-19 228 141
-19 228 142
-19 228 143
-19 229 128
-19 229 129
-19 229 130
-19 229 131
-19 229 132
-19 229 133
-19 229 134
-19 229 135
-19 229 136
-19 229 137
-19 229 138
-19 229 139
-19 229 140
-19 229 141
-19 229 142
-19 229 143
-19 230 128
-19 230 129
-19 230 130
-19 230 131
-19 230 132
-19 230 133
-19 230 134
-19 230 135
-19 230 136
-19 230 137
-19 230 138
-19 230 139
-19 230 140
-19 230 141
-19 230 142
-19 230 143
-19 231 128
-19 231 129
-19 231 130
-19 231 131
-19 231 132
-19 231 133
-19 231 134
-19 231 136
-19 231 138
-19 231 140
-19 231 141
-19 231 142
-19 231 143
-19 232 128
-19 232 129
-19 232 130
-19 232 131
-19 232 132
-19 232 133
-19 232 134
-19 232 135
-19 232 140
-19 232 141
-19 232 142
-19 232 143
-19 233 128
-19 233 129
-19 233 130
-19 233 131
-19 233 132
-19 233 133
-19 233 135
-19 233 141
-19 233 142
-19 233 143
-19 234 129
-19 234 130
-19 234 131
-19 234 132
-19 234 133
-19 234 134
-19 234 142
-19 235 129
-19 235 132
-19 235 141
-19 235 142
-19 235 143
-19 236 128
-19 236 129
-19 236 130
-19 236 142
-19 237 129
-18 225 128
-18 225 129
-18 225 130
-18 225 131
-18 225 132
-18 225 133
-18 225 134
-18 225 135
-18 225 136
-18 225 137
-18 225 138
-18 225 139
-18 225 140
-18 225 141
-18 225 142
-18 225 143
-18 226 128
-18 226 129
-18 226 130
-18 226 131
-18 226 132
-18 226 133
-18 226 134
-18 226 135
-18 226 136
-18 226 137
-18 226 138
-18 226 139
-18 226 140
-18 226 141
-18 226 142
-18 226 143
-18 227 128
-18 227 129
-18 227 130
-18 227 131
-18 227 132
-18 227 133
-18 227 134
-18 227 135
-18 227 136
-18 227 137
-18 227 138
-18 227 139
-18 227 140
-18 227 141
-18 227 142
-18 227 143
-18 228 128
-18 228 129
-18 228 130
-18 228 131
-18 228 132
-18 228 133
-18 228 134
-18 228 135
-18 228 136
-18 228 137
-18 228 138
-18 228 139
-18 228 140
-18 228 141
-18 228 142
-18 228 143
-18 229 128
-18 229 129
-18 229 130
-18 229 131
-18 229 133
-18 229 134
-18 229 135
-18 229 136
-18 229 137
-18 229 138
-18 229 139
-18 229 140
-18 229 141
-18 229 142
-18 229 143
-18 230 128
-18 230 129
-18 230 130
-18 230 131
-18 230 132
-18 230 133
-18 230 134
-18 230 135
-18 230 136
-18 230 137
-18 230 138
-18 230 139
-18 230 140
-18 230 141
-18 230 142
-18 230 143
-18 231 128
-18 231 129
-18 231 130
-18 231 131
-18 231 132
-18 231 133
-18 231 134
-18 231 135
-18 231 136
-18 231 138
-18 231 139
-18 231 140
-18 231 141
-18 231 142
-18 231 143
-18 232 129
-18 232 130
-18 232 132
-18 232 139
-18 232 140
-18 232 141
-18 232 142
-18 232 143
-18 233 128
-18 233 129
-18 233 130
-18 233 131
-18 233 132
-18 233 140
-18 233 141
-18 233 142
-18 233 143
-18 234 129
-18 234 130
-18 234 132
-18 234 141
-18 234 142
-18 234 143
-18 235 129
-18 235 132
-17 225 128
-17 225 129
-17 225 130
-17 225 131
-17 225 132
-17 225 133
-17 225 134
-17 225 135
-17 225 136
-17 225 137
-17 225 138
-17 225 139
-17 225 140
-17 225 141
-17 225 142
-17 225 143
-17 226 128
-17 226 129
-17 226 130
-17 226 131
-17 226 132
-17 226 133
-17 226 134
-17 226 135
-17 226 136
-17 226 137
-17 226 138
-17 226 139
-17 226 140
-17 226 141
-17 226 142
-17 226 143
-17 227 128
-17 227 129
-17 227 130
-17 227 131
-17 227 132
-17 227 133
-17 227 134
-17 227 135
-17 227 136
-17 227 137
-17 227 138
-17 227 139
-17 227 140
-17 227 141
-17 227 142
-17 227 143
-17 228 128
-17 228 129
-17 228 130
-17 228 131
-17 228 132
-17 228 133
-17 228 134
-17 228 135
-17 228 136
-17 228 137
-17 228 138
-17 228 139
-17 228 141
-17 228 142
-17 228 143
-17 229 128
-17 229 129
-17 229 130
-17 229 132
-17 229 133
-17 229 134
-17 229 136
-17 229 137
-17 229 138
-17 229 139
-17 229 140
-17 229 141
-17 229 142
-17 229 143
-17 230 128
-17 230 129
-17 230 130
-17 230 131
-17 230 132
-17 230 133
-17 230 137
-17 230 138
-17 230 139
-17 230 141
-17 230 142
-17 230 143
-17 231 128
-17 231 132
-17 231 134
-17 231 139
-17 231 140
-17 231 141
-17 231 142
-17 231 143
-17 232 129
-17 232 130
-17 232 132
-17 232 140
-17 232 141
-17 232 142
-17 232 143
-17 233 131
-17 233 132
-17 233 141
-17 233 142
-17 234 132
-17 234 142

