alfheim:altLeaves
6
64 224 -225
65 223 -225
65 224 -226
65 224 -225
66 223 -228
66 223 -225
66 224 -229
66 224 -228
66 224 -226
66 224 -225
67 223 -225
67 224 -228
67 224 -225
68 224 -226
69 224 -226
77 224 -225
78 222 -225
78 223 -225
78 224 -226
78 224 -225
79 222 -225
79 223 -226
79 223 -225
79 224 -227
79 224 -226
79 224 -225
64 226 -228
64 226 -225
64 227 -229
64 227 -228
64 227 -227
64 227 -226
64 227 -225
64 228 -227
64 228 -226
64 228 -225
64 229 -229
64 229 -228
64 229 -227
64 229 -226
64 229 -225
64 230 -227
64 230 -226
64 230 -225
64 231 -229
64 231 -228
64 231 -227
64 231 -226
64 231 -225
64 232 -227
64 232 -226
64 232 -225
64 233 -227
64 233 -226
64 233 -225
64 234 -226
64 234 -225
65 225 -228
65 225 -226
65 225 -225
65 226 -229
65 226 -228
65 226 -227
65 226 -226
65 226 -225
65 227 -230
65 227 -229
65 227 -227
65 227 -226
65 227 -225
65 228 -230
65 228 -229
65 228 -228
65 228 -227
65 228 -226
65 229 -228
65 229 -226
65 229 -225
65 230 -229
65 230 -228
65 230 -226
65 230 -225
65 231 -229
65 231 -228
65 231 -227
65 231 -226
65 231 -225
65 232 -228
65 232 -227
65 232 -226
65 232 -225
65 233 -227
65 233 -226
65 233 -225
65 234 -226
65 234 -225
65 235 -225
66 225 -229
66 225 -228
66 225 -227
66 225 -226
66 225 -225
66 226 -230
66 226 -229
66 226 -228
66 226 -227
66 226 -226
66 226 -225
66 227 -230
66 227 -229
66 227 -228
66 227 -227
66 227 -226
66 227 -225
66 228 -231
66 228 -230
66 228 -229
66 228 -228
66 228 -227
66 228 -226
66 228 -225
66 229 -231
66 229 -230
66 229 -229
66 229 -228
66 229 -227
66 229 -226
66 229 -225
66 230 -230
66 230 -229
66 230 -228
66 230 -227
66 230 -226
66 230 -225
66 231 -230
66 231 -229
66 231 -228
66 231 -227
66 231 -226
66 231 -225
66 232 -228
66 232 -226
66 232 -225
66 233 -226
66 233 -225
66 234 -225
67 225 -229
67 225 -228
67 225 -226
67 225 -225
67 226 -229
67 226 -228
67 226 -227
67 226 -226
67 226 -225
67 227 -230
67 227 -228
67 227 -227
67 227 -226
67 227 -225
67 228 -231
67 228 -230
67 228 -229
67 228 -226
67 228 -225
67 229 -230
67 229 -229
67 229 -228
67 229 -227
67 229 -226
67 229 -225
67 230 -227
67 230 -226
67 230 -225
67 231 -228
67 231 -227
67 231 -226
67 231 -225
67 232 -226
67 232 -225
67 233 -226
67 233 -225
68 225 -226
68 226 -228
68 226 -227
68 226 -226
68 226 -225
68 227 -229
68 227 -228
68 227 -226
68 227 -225
68 228 -230
68 228 -229
68 228 -228
68 228 -227
68 228 -226
68 228 -225
68 229 -228
68 229 -227
68 229 -226
68 229 -225
68 230 -228
68 230 -227
68 230 -226
68 230 -225
68 231 -227
68 231 -226
68 231 -225
68 232 -227
68 232 -226
68 232 -225
69 225 -226
69 225 -225
69 226 -226
69 226 -225
69 227 -225
69 228 -229
69 228 -225
69 229 -229
69 229 -228
69 229 -227
69 229 -226
69 229 -225
69 230 -228
69 230 -227
69 230 -226
69 230 -225
69 231 -228
69 231 -227
69 231 -225
69 232 -225
70 225 -225
70 227 -227
70 227 -226
70 227 -225
70 228 -227
70 228 -226
70 228 -225
70 229 -228
70 229 -227
70 229 -226
70 229 -225
70 230 -227
70 230 -226
70 230 -225
70 233 -225
71 226 -225
71 227 -226
71 227 -225
71 228 -226
71 228 -225
71 229 -228
71 229 -226
71 229 -225
71 230 -225
72 225 -225
72 227 -226
75 226 -225
75 227 -226
75 227 -225
75 228 -228
75 228 -225
75 229 -228
75 229 -226
76 226 -226
76 226 -225
76 227 -227
76 227 -226
76 227 -225
76 228 -229
76 228 -228
76 228 -227
76 228 -226
76 228 -225
76 229 -228
76 229 -227
76 229 -226
76 229 -225
76 230 -227
76 230 -226
76 230 -225
76 231 -226
77 225 -225
77 226 -226
77 227 -227
77 227 -226
77 227 -225
77 228 -228
77 228 -227
77 228 -226
77 228 -225
77 229 -229
77 229 -228
77 229 -227
77 229 -226
77 229 -225
77 230 -228
77 230 -227
77 230 -226
77 230 -225
77 231 -228
77 231 -227
77 231 -225
77 232 -226
77 232 -225
77 233 -225
78 225 -226
78 225 -225
78 226 -229
78 226 -227
78 226 -226
78 226 -225
78 227 -230
78 227 -229
78 227 -228
78 227 -225
78 228 -228
78 228 -227
78 228 -226
78 228 -225
78 229 -228
78 229 -227
78 229 -226
78 229 -225
78 230 -226
78 230 -225
78 231 -228
78 231 -227
78 231 -226
78 231 -225
78 232 -227
78 232 -226
78 232 -225
78 233 -225
79 225 -226
79 225 -225
79 226 -227
79 226 -226
79 226 -225
79 227 -229
79 227 -228
79 227 -227
79 227 -226
79 227 -225
79 228 -229
79 228 -228
79 228 -227
79 228 -226
79 228 -225
79 229 -229
79 229 -228
79 229 -227
79 229 -226
79 229 -225
79 230 -227
79 230 -226
79 230 -225
79 231 -227
79 231 -225
79 232 -225
79 233 -225

