alfheim:altLeaves
6
-176 218 -109
-176 218 -107
-176 218 -106
-176 219 -110
-176 219 -109
-176 219 -107
-176 219 -106
-176 219 -105
-176 220 -111
-176 220 -110
-176 220 -109
-176 220 -108
-176 220 -107
-176 220 -106
-176 220 -105
-176 220 -104
-176 220 -103
-176 221 -112
-176 221 -111
-176 221 -110
-176 221 -109
-176 221 -108
-176 221 -107
-176 221 -106
-176 221 -105
-176 221 -104
-176 221 -103
-176 221 -102
-176 222 -112
-176 222 -111
-176 222 -110
-176 222 -109
-176 222 -108
-176 222 -107
-176 222 -106
-176 222 -105
-176 222 -104
-176 222 -103
-176 222 -102
-176 222 -101
-176 222 -100
-176 222 -97
-176 223 -112
-176 223 -111
-176 223 -110
-176 223 -109
-176 223 -108
-176 223 -107
-176 223 -106
-176 223 -105
-176 223 -104
-176 223 -103
-176 223 -102
-176 223 -101
-176 223 -100
-176 224 -112
-176 224 -111
-176 224 -110
-176 224 -109
-176 224 -108
-176 224 -107
-176 224 -106
-176 224 -105
-176 224 -104
-176 224 -103
-176 224 -102
-176 224 -101
-176 224 -100
-175 217 -104
-175 218 -107
-175 218 -105
-175 218 -104
-175 219 -111
-175 219 -110
-175 219 -109
-175 219 -108
-175 219 -107
-175 219 -106
-175 219 -105
-175 219 -104
-175 220 -112
-175 220 -111
-175 220 -110
-175 220 -109
-175 220 -108
-175 220 -107
-175 220 -106
-175 220 -105
-175 220 -104
-175 220 -103
-175 220 -102
-175 221 -112
-175 221 -111
-175 221 -110
-175 221 -109
-175 221 -108
-175 221 -107
-175 221 -106
-175 221 -105
-175 221 -103
-175 221 -102
-175 221 -101
-175 222 -112
-175 222 -111
-175 222 -110
-175 222 -109
-175 222 -108
-175 222 -107
-175 222 -106
-175 222 -105
-175 222 -104
-175 222 -103
-175 222 -102
-175 222 -101
-175 222 -99
-175 223 -112
-175 223 -111
-175 223 -110
-175 223 -109
-175 223 -108
-175 223 -107
-175 223 -106
-175 223 -105
-175 223 -104
-175 223 -103
-175 223 -102
-175 223 -101
-175 223 -99
-175 223 -98
-175 224 -112
-175 224 -111
-175 224 -110
-175 224 -109
-175 224 -108
-175 224 -107
-175 224 -106
-175 224 -105
-175 224 -104
-175 224 -103
-175 224 -102
-175 224 -100
-175 224 -99
-175 224 -98
-174 216 -106
-174 217 -106
-174 217 -105
-174 218 -109
-174 218 -107
-174 218 -106
-174 218 -105
-174 219 -112
-174 219 -111
-174 219 -110
-174 219 -109
-174 219 -108
-174 219 -107
-174 219 -106
-174 219 -105
-174 219 -104
-174 219 -103
-174 219 -102
-174 220 -112
-174 220 -111
-174 220 -110
-174 220 -109
-174 220 -108
-174 220 -107
-174 220 -106
-174 220 -105
-174 220 -104
-174 220 -103
-174 220 -102
-174 220 -101
-174 220 -97
-174 221 -112
-174 221 -111
-174 221 -110
-174 221 -109
-174 221 -108
-174 221 -107
-174 221 -106
-174 221 -105
-174 221 -104
-174 221 -103
-174 221 -102
-174 221 -98
-174 222 -112
-174 222 -111
-174 222 -110
-174 222 -109
-174 222 -108
-174 222 -107
-174 222 -106
-174 222 -105
-174 222 -104
-174 222 -103
-174 222 -102
-174 223 -112
-174 223 -111
-174 223 -110
-174 223 -109
-174 223 -108
-174 223 -107
-174 223 -106
-174 223 -105
-174 223 -104
-174 223 -103
-174 223 -102
-174 223 -101
-174 223 -100
-174 223 -99
-174 223 -98
-174 223 -97
-174 224 -112
-174 224 -111
-174 224 -110
-174 224 -109
-174 224 -108
-174 224 -107
-174 224 -106
-174 224 -105
-174 224 -104
-174 224 -103
-174 224 -102
-174 224 -101
-174 224 -100
-174 224 -99
-174 224 -97
-173 213 -112
-173 213 -111
-173 214 -112
-173 214 -111
-173 215 -112
-173 215 -106
-173 215 -98
-173 215 -97
-173 216 -106
-173 216 -105
-173 217 -108
-173 217 -106
-173 217 -105
-173 217 -104
-173 217 -103
-173 218 -111
-173 218 -110
-173 218 -109
-173 218 -108
-173 218 -107
-173 218 -106
-173 218 -105
-173 218 -104
-173 218 -103
-173 219 -112
-173 219 -111
-173 219 -110
-173 219 -109
-173 219 -108
-173 219 -107
-173 219 -106
-173 219 -105
-173 219 -103
-173 219 -99
-173 220 -112
-173 220 -111
-173 220 -110
-173 220 -109
-173 220 -108
-173 220 -107
-173 220 -106
-173 220 -105
-173 220 -104
-173 220 -103
-173 220 -102
-173 220 -101
-173 220 -100
-173 220 -98
-173 220 -97
-173 221 -112
-173 221 -111
-173 221 -110
-173 221 -109
-173 221 -108
-173 221 -107
-173 221 -106
-173 221 -105
-173 221 -104
-173 221 -103
-173 221 -102
-173 221 -101
-173 221 -100
-173 221 -99
-173 221 -98
-173 221 -97
-173 222 -112
-173 222 -111
-173 222 -110
-173 222 -109
-173 222 -108
-173 222 -107
-173 222 -106
-173 222 -105
-173 222 -104
-173 222 -103
-173 222 -102
-173 222 -101
-173 222 -100
-173 222 -99
-173 222 -98
-173 222 -97
-173 223 -112
-173 223 -111
-173 223 -110
-173 223 -109
-173 223 -108
-173 223 -107
-173 223 -106
-173 223 -105
-173 223 -104
-173 223 -103
-173 223 -102
-173 223 -101
-173 223 -100
-173 223 -99
-173 223 -98
-173 223 -97
-173 224 -112
-173 224 -111
-173 224 -110
-173 224 -109
-173 224 -108
-173 224 -107
-173 224 -106
-173 224 -105
-173 224 -104
-173 224 -103
-173 224 -102
-173 224 -101
-173 224 -100
-173 224 -99
-173 224 -98
-173 224 -97
-172 211 -97
-172 212 -111
-172 212 -97
-172 213 -112
-172 213 -111
-172 213 -110
-172 213 -99
-172 213 -98
-172 213 -97
-172 214 -112
-172 214 -98
-172 214 -97
-172 215 -112
-172 215 -110
-172 215 -98
-172 215 -97
-172 216 -111
-172 216 -105
-172 217 -111
-172 217 -108
-172 217 -107
-172 217 -106
-172 217 -105
-172 217 -103
-172 217 -98
-172 218 -112
-172 218 -111
-172 218 -108
-172 218 -107
-172 218 -106
-172 218 -105
-172 218 -104
-172 218 -103
-172 218 -99
-172 218 -98
-172 219 -112
-172 219 -111
-172 219 -110
-172 219 -109
-172 219 -108
-172 219 -107
-172 219 -106
-172 219 -105
-172 219 -104
-172 219 -103
-172 219 -102
-172 219 -100
-172 219 -99
-172 219 -98
-172 220 -112
-172 220 -111
-172 220 -110
-172 220 -109
-172 220 -108
-172 220 -107
-172 220 -106
-172 220 -105
-172 220 -104
-172 220 -103
-172 220 -102
-172 220 -101
-172 220 -100
-172 220 -98
-172 221 -112
-172 221 -111
-172 221 -110
-172 221 -109
-172 221 -108
-172 221 -107
-172 221 -106
-172 221 -105
-172 221 -104
-172 221 -103
-172 221 -102
-172 221 -101
-172 221 -100
-172 221 -99
-172 221 -98
-172 221 -97
-172 222 -112
-172 222 -111
-172 222 -110
-172 222 -109
-172 222 -108
-172 222 -107
-172 222 -106
-172 222 -105
-172 222 -104
-172 222 -103
-172 222 -102
-172 222 -101
-172 222 -100
-172 222 -99
-172 222 -98
-172 222 -97
-172 223 -112
-172 223 -111
-172 223 -110
-172 223 -109
-172 223 -108
-172 223 -107
-172 223 -106
-172 223 -105
-172 223 -104
-172 223 -103
-172 223 -102
-172 223 -101
-172 223 -100
-172 223 -99
-172 223 -98
-172 223 -97
-172 224 -112
-172 224 -111
-172 224 -110
-172 224 -109
-172 224 -108
-172 224 -107
-172 224 -106
-172 224 -105
-172 224 -104
-172 224 -103
-172 224 -102
-172 224 -101
-172 224 -100
-172 224 -99
-172 224 -98
-172 224 -97
-171 211 -112
-171 212 -112
-171 212 -111
-171 213 -112
-171 213 -111
-171 214 -112
-171 214 -111
-171 214 -110
-171 214 -109
-171 215 -112
-171 215 -111
-171 215 -110
-171 215 -109
-171 215 -98
-171 215 -97
-171 216 -112
-171 216 -111
-171 216 -97
-171 217 -112
-171 217 -111
-171 217 -107
-171 218 -112
-171 218 -111
-171 218 -110
-171 218 -108
-171 218 -107
-171 218 -105
-171 218 -103
-171 218 -100
-171 218 -99
-171 218 -98
-171 218 -97
-171 219 -112
-171 219 -111
-171 219 -110
-171 219 -109
-171 219 -108
-171 219 -107
-171 219 -106
-171 219 -105
-171 219 -104
-171 219 -103
-171 219 -102
-171 219 -101
-171 219 -99
-171 219 -98
-171 219 -97
-171 220 -112
-171 220 -111
-171 220 -110
-171 220 -109
-171 220 -108
-171 220 -107
-171 220 -106
-171 220 -105
-171 220 -104
-171 220 -103
-171 220 -102
-171 220 -101
-171 220 -98
-171 220 -97
-171 221 -112
-171 221 -111
-171 221 -110
-171 221 -109
-171 221 -108
-171 221 -107
-171 221 -106
-171 221 -105
-171 221 -104
-171 221 -103
-171 221 -102
-171 221 -101
-171 221 -100
-171 221 -99
-171 221 -98
-171 221 -97
-171 222 -112
-171 222 -111
-171 222 -110
-171 222 -109
-171 222 -108
-171 222 -107
-171 222 -106
-171 222 -105
-171 222 -104
-171 222 -103
-171 222 -102
-171 222 -101
-171 222 -100
-171 222 -99
-171 222 -98
-171 222 -97
-171 223 -112
-171 223 -111
-171 223 -110
-171 223 -109
-171 223 -108
-171 223 -107
-171 223 -106
-171 223 -105
-171 223 -104
-171 223 -103
-171 223 -102
-171 223 -101
-171 223 -100
-171 223 -99
-171 223 -98
-171 223 -97
-171 224 -112
-171 224 -111
-171 224 -110
-171 224 -109
-171 224 -108
-171 224 -107
-171 224 -106
-171 224 -105
-171 224 -104
-171 224 -103
-171 224 -102
-171 224 -101
-171 224 -100
-171 224 -99
-171 224 -98
-171 224 -97
-170 210 -112
-170 211 -112
-170 211 -111
-170 212 -112
-170 212 -111
-170 212 -110
-170 212 -109
-170 213 -112
-170 213 -111
-170 213 -110
-170 213 -109
-170 213 -108
-170 214 -112
-170 214 -111
-170 214 -110
-170 214 -109
-170 214 -97
-170 215 -112
-170 215 -111
-170 215 -110
-170 215 -109
-170 215 -108
-170 216 -112
-170 216 -111
-170 216 -110
-170 216 -109
-170 217 -112
-170 217 -111
-170 217 -107
-170 217 -97
-170 218 -112
-170 218 -111
-170 218 -110
-170 218 -109
-170 218 -107
-170 218 -106
-170 218 -105
-170 218 -99
-170 218 -98
-170 218 -97
-170 219 -112
-170 219 -111
-170 219 -110
-170 219 -109
-170 219 -108
-170 219 -107
-170 219 -106
-170 219 -105
-170 219 -104
-170 219 -102
-170 219 -101
-170 219 -100
-170 219 -99
-170 219 -98
-170 219 -97
-170 220 -112
-170 220 -111
-170 220 -110
-170 220 -109
-170 220 -107
-170 220 -106
-170 220 -105
-170 220 -104
-170 220 -103
-170 220 -101
-170 220 -100
-170 220 -99
-170 220 -98
-170 220 -97
-170 221 -112
-170 221 -111
-170 221 -110
-170 221 -109
-170 221 -108
-170 221 -107
-170 221 -106
-170 221 -105
-170 221 -104
-170 221 -103
-170 221 -102
-170 221 -101
-170 221 -100
-170 221 -99
-170 221 -98
-170 221 -97
-170 222 -112
-170 222 -111
-170 222 -110
-170 222 -109
-170 222 -108
-170 222 -107
-170 222 -106
-170 222 -105
-170 222 -104
-170 222 -103
-170 222 -102
-170 222 -101
-170 222 -100
-170 222 -99
-170 222 -98
-170 222 -97
-170 223 -112
-170 223 -111
-170 223 -110
-170 223 -109
-170 223 -108
-170 223 -107
-170 223 -106
-170 223 -105
-170 223 -104
-170 223 -103
-170 223 -102
-170 223 -101
-170 223 -100
-170 223 -99
-170 223 -98
-170 223 -97
-170 224 -112
-170 224 -110
-170 224 -109
-170 224 -108
-170 224 -107
-170 224 -106
-170 224 -105
-170 224 -104
-170 224 -103
-170 224 -102
-170 224 -101
-170 224 -100
-170 224 -99
-170 224 -98
-170 224 -97
-169 211 -112
-169 211 -111
-169 212 -112
-169 212 -111
-169 213 -112
-169 213 -111
-169 213 -110
-169 214 -112
-169 214 -109
-169 215 -112
-169 215 -111
-169 216 -112
-169 216 -111
-169 216 -110
-169 216 -108
-169 217 -112
-169 217 -111
-169 217 -109
-169 217 -108
-169 217 -106
-169 217 -105
-169 217 -102
-169 218 -112
-169 218 -111
-169 218 -110
-169 218 -109
-169 218 -108
-169 218 -107
-169 218 -106
-169 218 -105
-169 218 -104
-169 218 -102
-169 218 -101
-169 218 -98
-169 218 -97
-169 219 -112
-169 219 -111
-169 219 -110
-169 219 -109
-169 219 -108
-169 219 -107
-169 219 -106
-169 219 -105
-169 219 -104
-169 219 -103
-169 219 -102
-169 219 -101
-169 219 -99
-169 219 -98
-169 219 -97
-169 220 -112
-169 220 -111
-169 220 -110
-169 220 -109
-169 220 -108
-169 220 -107
-169 220 -106
-169 220 -105
-169 220 -104
-169 220 -103
-169 220 -102
-169 220 -101
-169 220 -100
-169 220 -99
-169 220 -98
-169 220 -97
-169 221 -112
-169 221 -111
-169 221 -110
-169 221 -109
-169 221 -108
-169 221 -107
-169 221 -106
-169 221 -105
-169 221 -104
-169 221 -103
-169 221 -102
-169 221 -101
-169 221 -100
-169 221 -99
-169 221 -98
-169 221 -97
-169 222 -112
-169 222 -111
-169 222 -110
-169 222 -109
-169 222 -108
-169 222 -107
-169 222 -106
-169 222 -105
-169 222 -104
-169 222 -103
-169 222 -102
-169 222 -101
-169 222 -100
-169 222 -99
-169 222 -98
-169 222 -97
-169 223 -112
-169 223 -111
-169 223 -110
-169 223 -109
-169 223 -108
-169 223 -107
-169 223 -106
-169 223 -105
-169 223 -104
-169 223 -103
-169 223 -102
-169 223 -101
-169 223 -100
-169 223 -99
-169 223 -98
-169 223 -97
-169 224 -112
-169 224 -111
-169 224 -110
-169 224 -109
-169 224 -108
-169 224 -107
-169 224 -106
-169 224 -105
-169 224 -104
-169 224 -103
-169 224 -102
-169 224 -101
-169 224 -100
-169 224 -99
-169 224 -98
-169 224 -97
-168 201 -109
-168 212 -111
-168 213 -112
-168 213 -111
-168 214 -112
-168 215 -112
-168 215 -111
-168 215 -110
-168 216 -112
-168 216 -111
-168 216 -109
-168 216 -108
-168 217 -112
-168 217 -111
-168 217 -110
-168 217 -109
-168 217 -108
-168 217 -107
-168 218 -112
-168 218 -111
-168 218 -110
-168 218 -109
-168 218 -108
-168 218 -107
-168 218 -106
-168 218 -105
-168 218 -104
-168 218 -103
-168 218 -102
-168 219 -112
-168 219 -111
-168 219 -110
-168 219 -109
-168 219 -108
-168 219 -107
-168 219 -106
-168 219 -105
-168 219 -103
-168 219 -102
-168 219 -101
-168 219 -100
-168 219 -99
-168 219 -98
-168 220 -112
-168 220 -111
-168 220 -110
-168 220 -109
-168 220 -108
-168 220 -107
-168 220 -106
-168 220 -105
-168 220 -104
-168 220 -103
-168 220 -102
-168 220 -101
-168 220 -100
-168 220 -99
-168 220 -98
-168 221 -112
-168 221 -111
-168 221 -110
-168 221 -109
-168 221 -108
-168 221 -107
-168 221 -106
-168 221 -105
-168 221 -104
-168 221 -103
-168 221 -101
-168 221 -100
-168 221 -99
-168 221 -98
-168 221 -97
-168 222 -112
-168 222 -111
-168 222 -110
-168 222 -109
-168 222 -108
-168 222 -107
-168 222 -106
-168 222 -105
-168 222 -104
-168 222 -103
-168 222 -102
-168 222 -101
-168 222 -100
-168 222 -99
-168 222 -98
-168 222 -97
-168 223 -112
-168 223 -111
-168 223 -110
-168 223 -109
-168 223 -108
-168 223 -107
-168 223 -106
-168 223 -105
-168 223 -104
-168 223 -103
-168 223 -102
-168 223 -101
-168 223 -100
-168 223 -99
-168 223 -98
-168 223 -97
-168 224 -111
-168 224 -110
-168 224 -109
-168 224 -108
-168 224 -107
-168 224 -106
-168 224 -105
-168 224 -104
-168 224 -103
-168 224 -102
-168 224 -101
-168 224 -100
-168 224 -99
-168 224 -98
-168 224 -97
-167 196 -109
-167 196 -107
-167 197 -109
-167 198 -109
-167 199 -109
-167 199 -108
-167 200 -110
-167 200 -109
-167 201 -109
-167 202 -109
-167 203 -110
-167 204 -109
-167 206 -109
-167 211 -109
-167 213 -112
-167 214 -112
-167 215 -112
-167 215 -110
-167 215 -109
-167 215 -108
-167 215 -104
-167 216 -112
-167 216 -111
-167 216 -110
-167 216 -109
-167 216 -105
-167 217 -112
-167 217 -111
-167 217 -110
-167 217 -109
-167 217 -108
-167 217 -107
-167 217 -106
-167 217 -104
-167 217 -103
-167 218 -112
-167 218 -111
-167 218 -110
-167 218 -109
-167 218 -108
-167 218 -107
-167 218 -106
-167 218 -105
-167 218 -104
-167 218 -103
-167 218 -102
-167 218 -101
-167 219 -112
-167 219 -111
-167 219 -110
-167 219 -109
-167 219 -108
-167 219 -107
-167 219 -106
-167 219 -105
-167 219 -104
-167 219 -103
-167 219 -102
-167 219 -101
-167 220 -112
-167 220 -111
-167 220 -110
-167 220 -109
-167 220 -108
-167 220 -107
-167 220 -106
-167 220 -105
-167 220 -104
-167 220 -102
-167 220 -101
-167 220 -100
-167 220 -99
-167 220 -98
-167 220 -97
-167 221 -112
-167 221 -111
-167 221 -110
-167 221 -109
-167 221 -108
-167 221 -107
-167 221 -106
-167 221 -105
-167 221 -104
-167 221 -103
-167 221 -102
-167 221 -101
-167 221 -100
-167 221 -99
-167 221 -98
-167 221 -97
-167 222 -112
-167 222 -111
-167 222 -110
-167 222 -109
-167 222 -108
-167 222 -107
-167 222 -106
-167 222 -105
-167 222 -104
-167 222 -103
-167 222 -102
-167 222 -101
-167 222 -100
-167 222 -99
-167 222 -98
-167 222 -97
-167 223 -112
-167 223 -111
-167 223 -110
-167 223 -109
-167 223 -108
-167 223 -107
-167 223 -106
-167 223 -105
-167 223 -104
-167 223 -103
-167 223 -102
-167 223 -101
-167 223 -100
-167 223 -99
-167 223 -98
-167 223 -97
-167 224 -112
-167 224 -111
-167 224 -110
-167 224 -109
-167 224 -108
-167 224 -107
-167 224 -106
-167 224 -105
-167 224 -104
-167 224 -103
-167 224 -102
-167 224 -101
-167 224 -100
-167 224 -99
-167 224 -98
-167 224 -97
-166 194 -108
-166 195 -110
-166 195 -109
-166 195 -108
-166 195 -107
-166 196 -111
-166 196 -110
-166 196 -109
-166 196 -108
-166 196 -107
-166 196 -106
-166 197 -110
-166 197 -109
-166 197 -107
-166 198 -111
-166 198 -110
-166 198 -109
-166 198 -108
-166 199 -110
-166 199 -108
-166 200 -111
-166 200 -110
-166 200 -109
-166 201 -110
-166 201 -109
-166 202 -110
-166 202 -109
-166 202 -108
-166 203 -110
-166 203 -109
-166 204 -109
-166 204 -107
-166 205 -109
-166 205 -108
-166 206 -109
-166 208 -109
-166 208 -107
-166 208 -106
-166 211 -109
-166 212 -109
-166 213 -107
-166 214 -108
-166 215 -112
-166 215 -110
-166 215 -109
-166 215 -108
-166 215 -107
-166 215 -104
-166 215 -103
-166 216 -112
-166 216 -111
-166 216 -110
-166 216 -109
-166 216 -108
-166 216 -107
-166 216 -106
-166 216 -105
-166 216 -104
-166 216 -103
-166 217 -111
-166 217 -110
-166 217 -109
-166 217 -108
-166 217 -107
-166 217 -106
-166 217 -105
-166 217 -104
-166 217 -103
-166 218 -112
-166 218 -111
-166 218 -110
-166 218 -109
-166 218 -108
-166 218 -107
-166 218 -106
-166 218 -105
-166 218 -104
-166 218 -103
-166 219 -112
-166 219 -111
-166 219 -110
-166 219 -109
-166 219 -108
-166 219 -107
-166 219 -106
-166 219 -105
-166 219 -104
-166 219 -103
-166 219 -102
-166 219 -101
-166 219 -99
-166 219 -98
-166 219 -97
-166 220 -112
-166 220 -111
-166 220 -110
-166 220 -109
-166 220 -108
-166 220 -107
-166 220 -106
-166 220 -105
-166 220 -104
-166 220 -103
-166 220 -102
-166 220 -101
-166 220 -100
-166 220 -98
-166 220 -97
-166 221 -112
-166 221 -111
-166 221 -110
-166 221 -109
-166 221 -108
-166 221 -107
-166 221 -106
-166 221 -105
-166 221 -104
-166 221 -103
-166 221 -102
-166 221 -101
-166 221 -100
-166 221 -99
-166 221 -98
-166 221 -97
-166 222 -112
-166 222 -111
-166 222 -110
-166 222 -109
-166 222 -108
-166 222 -107
-166 222 -106
-166 222 -105
-166 222 -104
-166 222 -103
-166 222 -102
-166 222 -101
-166 222 -100
-166 222 -99
-166 222 -98
-166 222 -97
-166 223 -112
-166 223 -111
-166 223 -110
-166 223 -109
-166 223 -108
-166 223 -107
-166 223 -106
-166 223 -105
-166 223 -104
-166 223 -103
-166 223 -102
-166 223 -101
-166 223 -100
-166 223 -99
-166 223 -98
-166 223 -97
-166 224 -112
-166 224 -111
-166 224 -110
-166 224 -109
-166 224 -108
-166 224 -107
-166 224 -106
-166 224 -105
-166 224 -104
-166 224 -103
-166 224 -102
-166 224 -101
-166 224 -100
-166 224 -99
-166 224 -98
-166 224 -97
-165 193 -109
-165 193 -108
-165 194 -109
-165 194 -108
-165 194 -107
-165 195 -110
-165 195 -109
-165 195 -108
-165 195 -107
-165 196 -112
-165 196 -110
-165 196 -109
-165 196 -108
-165 196 -107
-165 197 -112
-165 197 -111
-165 197 -110
-165 197 -109
-165 197 -108
-165 197 -107
-165 197 -106
-165 198 -111
-165 198 -110
-165 198 -109
-165 198 -108
-165 198 -107
-165 199 -111
-165 199 -110
-165 199 -109
-165 199 -108
-165 200 -110
-165 200 -109
-165 200 -108
-165 201 -111
-165 201 -110
-165 201 -109
-165 201 -108
-165 202 -110
-165 202 -109
-165 202 -108
-165 203 -111
-165 203 -110
-165 203 -109
-165 203 -107
-165 203 -106
-165 204 -110
-165 204 -109
-165 204 -108
-165 204 -107
-165 204 -106
-165 205 -110
-165 205 -109
-165 205 -108
-165 205 -106
-165 206 -111
-165 206 -110
-165 206 -109
-165 206 -108
-165 206 -107
-165 206 -106
-165 207 -109
-165 207 -108
-165 207 -107
-165 207 -106
-165 208 -110
-165 208 -109
-165 208 -108
-165 208 -107
-165 208 -106
-165 208 -105
-165 209 -109
-165 209 -108
-165 210 -108
-165 210 -107
-165 211 -110
-165 211 -109
-165 212 -108
-165 212 -107
-165 213 -108
-165 213 -107
-165 214 -109
-165 214 -108
-165 215 -111
-165 215 -109
-165 215 -108
-165 215 -107
-165 215 -105
-165 215 -104
-165 216 -111
-165 216 -110
-165 216 -109
-165 216 -108
-165 216 -107
-165 216 -106
-165 216 -105
-165 217 -112
-165 217 -111
-165 217 -110
-165 217 -109
-165 217 -108
-165 217 -107
-165 217 -106
-165 217 -105
-165 217 -104
-165 217 -103
-165 218 -112
-165 218 -111
-165 218 -110
-165 218 -109
-165 218 -108
-165 218 -107
-165 218 -106
-165 218 -105
-165 218 -104
-165 218 -103
-165 218 -102
-165 219 -112
-165 219 -111
-165 219 -110
-165 219 -109
-165 219 -108
-165 219 -107
-165 219 -106
-165 219 -105
-165 219 -104
-165 219 -103
-165 219 -102
-165 219 -101
-165 219 -100
-165 219 -99
-165 219 -97
-165 220 -112
-165 220 -111
-165 220 -110
-165 220 -109
-165 220 -108
-165 220 -107
-165 220 -106
-165 220 -105
-165 220 -104
-165 220 -103
-165 220 -102
-165 220 -101
-165 220 -100
-165 220 -99
-165 220 -98
-165 220 -97
-165 221 -112
-165 221 -111
-165 221 -110
-165 221 -109
-165 221 -108
-165 221 -107
-165 221 -106
-165 221 -105
-165 221 -104
-165 221 -103
-165 221 -102
-165 221 -101
-165 221 -100
-165 221 -99
-165 221 -98
-165 221 -97
-165 222 -112
-165 222 -111
-165 222 -110
-165 222 -109
-165 222 -108
-165 222 -107
-165 222 -106
-165 222 -105
-165 222 -104
-165 222 -103
-165 222 -102
-165 222 -101
-165 222 -100
-165 222 -99
-165 222 -98
-165 222 -97
-165 223 -112
-165 223 -111
-165 223 -110
-165 223 -109
-165 223 -108
-165 223 -107
-165 223 -106
-165 223 -105
-165 223 -104
-165 223 -103
-165 223 -102
-165 223 -101
-165 223 -100
-165 223 -99
-165 223 -98
-165 223 -97
-165 224 -112
-165 224 -111
-165 224 -110
-165 224 -109
-165 224 -108
-165 224 -107
-165 224 -106
-165 224 -105
-165 224 -104
-165 224 -103
-165 224 -102
-165 224 -101
-165 224 -100
-165 224 -99
-165 224 -98
-165 224 -97
-164 193 -110
-164 194 -111
-164 194 -110
-164 194 -109
-164 194 -108
-164 194 -107
-164 195 -112
-164 195 -111
-164 195 -110
-164 195 -109
-164 195 -108
-164 195 -107
-164 196 -112
-164 196 -111
-164 196 -110
-164 196 -109
-164 196 -108
-164 196 -107
-164 197 -112
-164 197 -111
-164 197 -110
-164 197 -109
-164 197 -108
-164 197 -107
-164 197 -106
-164 198 -112
-164 198 -111
-164 198 -110
-164 198 -109
-164 198 -108
-164 198 -107
-164 198 -106
-164 199 -111
-164 199 -110
-164 199 -109
-164 199 -108
-164 199 -107
-164 200 -111
-164 200 -110
-164 200 -109
-164 200 -108
-164 200 -107
-164 200 -106
-164 201 -111
-164 201 -110
-164 201 -109
-164 201 -108
-164 202 -111
-164 202 -110
-164 202 -109
-164 202 -108
-164 202 -106
-164 203 -110
-164 203 -109
-164 203 -108
-164 203 -106
-164 203 -105
-164 204 -110
-164 204 -109
-164 204 -108
-164 204 -107
-164 204 -106
-164 204 -105
-164 205 -110
-164 205 -109
-164 205 -108
-164 205 -107
-164 205 -106
-164 206 -109
-164 206 -108
-164 206 -107
-164 206 -106
-164 206 -105
-164 207 -110
-164 207 -109
-164 207 -108
-164 207 -107
-164 207 -106
-164 208 -110
-164 208 -108
-164 208 -107
-164 208 -106
-164 209 -109
-164 209 -108
-164 209 -107
-164 209 -106
-164 209 -105
-164 210 -110
-164 210 -109
-164 210 -108
-164 210 -107
-164 210 -106
-164 211 -111
-164 211 -110
-164 211 -109
-164 211 -108
-164 211 -107
-164 211 -105
-164 212 -110
-164 212 -109
-164 212 -108
-164 212 -107
-164 212 -105
-164 213 -109
-164 213 -108
-164 213 -107
-164 214 -111
-164 214 -109
-164 214 -108
-164 214 -107
-164 215 -112
-164 215 -111
-164 215 -110
-164 215 -109
-164 215 -108
-164 215 -107
-164 216 -112
-164 216 -111
-164 216 -110
-164 216 -109
-164 216 -108
-164 216 -107
-164 216 -106
-164 216 -105
-164 217 -112
-164 217 -111
-164 217 -110
-164 217 -109
-164 217 -108
-164 217 -107
-164 217 -106
-164 217 -105
-164 217 -104
-164 218 -112
-164 218 -111
-164 218 -110
-164 218 -109
-164 218 -108
-164 218 -107
-164 218 -106
-164 218 -105
-164 218 -104
-164 218 -103
-164 218 -102
-164 218 -101
-164 218 -99
-164 218 -98
-164 218 -97
-164 219 -112
-164 219 -111
-164 219 -110
-164 219 -109
-164 219 -108
-164 219 -107
-164 219 -106
-164 219 -105
-164 219 -104
-164 219 -103
-164 219 -102
-164 219 -101
-164 219 -100
-164 219 -99
-164 219 -98
-164 219 -97
-164 220 -112
-164 220 -111
-164 220 -110
-164 220 -109
-164 220 -108
-164 220 -107
-164 220 -106
-164 220 -105
-164 220 -104
-164 220 -103
-164 220 -102
-164 220 -101
-164 220 -100
-164 220 -99
-164 220 -98
-164 220 -97
-164 221 -112
-164 221 -111
-164 221 -109
-164 221 -108
-164 221 -107
-164 221 -106
-164 221 -105
-164 221 -104
-164 221 -103
-164 221 -102
-164 221 -101
-164 221 -100
-164 221 -99
-164 221 -98
-164 221 -97
-164 222 -112
-164 222 -111
-164 222 -110
-164 222 -109
-164 222 -108
-164 222 -107
-164 222 -106
-164 222 -105
-164 222 -104
-164 222 -103
-164 222 -102
-164 222 -101
-164 222 -100
-164 222 -99
-164 222 -98
-164 222 -97
-164 223 -112
-164 223 -111
-164 223 -110
-164 223 -109
-164 223 -108
-164 223 -107
-164 223 -106
-164 223 -105
-164 223 -104
-164 223 -103
-164 223 -102
-164 223 -101
-164 223 -100
-164 223 -99
-164 223 -98
-164 223 -97
-164 224 -111
-164 224 -109
-164 224 -108
-164 224 -107
-164 224 -106
-164 224 -105
-164 224 -104
-164 224 -103
-164 224 -102
-164 224 -101
-164 224 -100
-164 224 -99
-164 224 -98
-164 224 -97
-163 194 -110
-163 194 -109
-163 194 -108
-163 195 -111
-163 195 -110
-163 195 -109
-163 195 -108
-163 196 -111
-163 196 -110
-163 196 -109
-163 196 -108
-163 196 -107
-163 197 -112
-163 197 -111
-163 197 -110
-163 197 -109
-163 197 -108
-163 197 -107
-163 198 -111
-163 198 -110
-163 198 -109
-163 198 -108
-163 198 -107
-163 199 -111
-163 199 -110
-163 199 -109
-163 199 -108
-163 199 -107
-163 200 -111
-163 200 -110
-163 200 -109
-163 200 -108
-163 200 -107
-163 201 -111
-163 201 -110
-163 201 -109
-163 201 -108
-163 201 -107
-163 201 -106
-163 202 -110
-163 202 -109
-163 202 -108
-163 202 -107
-163 203 -111
-163 203 -110
-163 203 -109
-163 203 -108
-163 203 -107
-163 203 -106
-163 204 -111
-163 204 -110
-163 204 -109
-163 204 -108
-163 204 -107
-163 204 -106
-163 204 -105
-163 205 -111
-163 205 -110
-163 205 -109
-163 205 -108
-163 205 -107
-163 205 -106
-163 205 -105
-163 206 -111
-163 206 -110
-163 206 -109
-163 206 -108
-163 206 -107
-163 206 -106
-163 207 -110
-163 207 -109
-163 207 -108
-163 207 -107
-163 207 -106
-163 207 -105
-163 208 -110
-163 208 -109
-163 208 -108
-163 208 -107
-163 208 -106
-163 208 -105
-163 209 -110
-163 209 -109
-163 209 -108
-163 209 -107
-163 209 -106
-163 209 -105
-163 210 -110
-163 210 -109
-163 210 -108
-163 210 -107
-163 210 -106
-163 211 -111
-163 211 -110
-163 211 -109
-163 211 -108
-163 211 -107
-163 211 -106
-163 211 -105
-163 211 -104
-163 212 -110
-163 212 -109
-163 212 -108
-163 212 -107
-163 212 -106
-163 212 -105
-163 213 -110
-163 213 -109
-163 213 -108
-163 213 -107
-163 213 -106
-163 214 -112
-163 214 -111
-163 214 -110
-163 214 -109
-163 214 -108
-163 214 -107
-163 215 -112
-163 215 -111
-163 215 -110
-163 215 -109
-163 215 -108
-163 216 -111
-163 216 -110
-163 216 -109
-163 216 -108
-163 216 -107
-163 216 -105
-163 217 -112
-163 217 -111
-163 217 -110
-163 217 -109
-163 217 -108
-163 217 -107
-163 217 -106
-163 217 -105
-163 217 -104
-163 217 -97
-163 218 -112
-163 218 -111
-163 218 -110
-163 218 -109
-163 218 -108
-163 218 -107
-163 218 -106
-163 218 -105
-163 218 -104
-163 218 -103
-163 218 -102
-163 218 -99
-163 218 -98
-163 218 -97
-163 219 -112
-163 219 -111
-163 219 -110
-163 219 -109
-163 219 -108
-163 219 -107
-163 219 -106
-163 219 -105
-163 219 -104
-163 219 -103
-163 219 -102
-163 219 -100
-163 219 -99
-163 219 -98
-163 219 -97
-163 220 -112
-163 220 -111
-163 220 -110
-163 220 -109
-163 220 -108
-163 220 -107
-163 220 -106
-163 220 -105
-163 220 -104
-163 220 -103
-163 220 -102
-163 220 -101
-163 220 -100
-163 220 -99
-163 220 -98
-163 220 -97
-163 221 -112
-163 221 -111
-163 221 -110
-163 221 -109
-163 221 -108
-163 221 -107
-163 221 -106
-163 221 -105
-163 221 -104
-163 221 -103
-163 221 -102
-163 221 -100
-163 221 -99
-163 221 -98
-163 221 -97
-163 222 -112
-163 222 -111
-163 222 -110
-163 222 -109
-163 222 -108
-163 222 -107
-163 222 -106
-163 222 -105
-163 222 -104
-163 222 -103
-163 222 -102
-163 222 -101
-163 222 -100
-163 222 -99
-163 222 -98
-163 222 -97
-163 223 -112
-163 223 -111
-163 223 -109
-163 223 -108
-163 223 -106
-163 223 -105
-163 223 -104
-163 223 -103
-163 223 -102
-163 223 -101
-163 223 -100
-163 223 -99
-163 223 -98
-163 223 -97
-163 224 -110
-163 224 -109
-163 224 -108
-163 224 -107
-163 224 -106
-163 224 -105
-163 224 -104
-163 224 -103
-163 224 -102
-163 224 -101
-163 224 -100
-163 224 -99
-163 224 -98
-163 224 -97
-162 195 -110
-162 195 -109
-162 195 -108
-162 196 -111
-162 196 -110
-162 196 -109
-162 196 -108
-162 196 -107
-162 197 -111
-162 197 -110
-162 197 -109
-162 197 -108
-162 197 -107
-162 198 -111
-162 198 -110
-162 198 -109
-162 198 -108
-162 198 -107
-162 199 -111
-162 199 -110
-162 199 -109
-162 200 -111
-162 200 -110
-162 200 -109
-162 200 -108
-162 201 -111
-162 201 -110
-162 201 -109
-162 201 -108
-162 201 -107
-162 202 -111
-162 202 -110
-162 202 -109
-162 202 -108
-162 203 -111
-162 203 -110
-162 203 -109
-162 203 -108
-162 203 -107
-162 203 -106
-162 204 -111
-162 204 -110
-162 204 -109
-162 204 -108
-162 204 -107
-162 204 -106
-162 204 -105
-162 205 -110
-162 205 -109
-162 205 -108
-162 205 -107
-162 205 -106
-162 205 -105
-162 206 -111
-162 206 -110
-162 206 -109
-162 206 -108
-162 206 -107
-162 206 -106
-162 206 -105
-162 207 -111
-162 207 -110
-162 207 -109
-162 207 -108
-162 207 -107
-162 207 -106
-162 207 -105
-162 208 -111
-162 208 -110
-162 208 -109
-162 208 -108
-162 208 -107
-162 208 -106
-162 209 -110
-162 209 -109
-162 209 -108
-162 209 -107
-162 210 -111
-162 210 -110
-162 210 -109
-162 210 -108
-162 210 -107
-162 210 -106
-162 210 -105
-162 211 -111
-162 211 -110
-162 211 -109
-162 211 -108
-162 211 -107
-162 211 -106
-162 211 -105
-162 212 -110
-162 212 -109
-162 212 -108
-162 212 -107
-162 212 -106
-162 212 -105
-162 213 -112
-162 213 -110
-162 213 -109
-162 213 -108
-162 213 -107
-162 214 -112
-162 214 -111
-162 214 -110
-162 214 -109
-162 214 -108
-162 214 -107
-162 214 -106
-162 215 -112
-162 215 -111
-162 215 -110
-162 215 -109
-162 215 -108
-162 215 -107
-162 215 -106
-162 216 -112
-162 216 -111
-162 216 -110
-162 216 -109
-162 216 -108
-162 216 -107
-162 216 -106
-162 216 -97
-162 217 -112
-162 217 -111
-162 217 -110
-162 217 -109
-162 217 -108
-162 217 -107
-162 217 -106
-162 217 -105
-162 217 -104
-162 217 -100
-162 217 -99
-162 217 -98
-162 217 -97
-162 218 -112
-162 218 -111
-162 218 -110
-162 218 -109
-162 218 -108
-162 218 -107
-162 218 -106
-162 218 -105
-162 218 -101
-162 218 -100
-162 218 -99
-162 218 -98
-162 218 -97
-162 219 -112
-162 219 -111
-162 219 -110
-162 219 -109
-162 219 -108
-162 219 -107
-162 219 -106
-162 219 -105
-162 219 -104
-162 219 -103
-162 219 -100
-162 219 -99
-162 219 -98
-162 219 -97
-162 220 -112
-162 220 -111
-162 220 -110
-162 220 -109
-162 220 -108
-162 220 -107
-162 220 -106
-162 220 -104
-162 220 -103
-162 220 -101
-162 220 -100
-162 220 -99
-162 220 -98
-162 220 -97
-162 221 -112
-162 221 -111
-162 221 -110
-162 221 -109
-162 221 -108
-162 221 -107
-162 221 -106
-162 221 -105
-162 221 -104
-162 221 -102
-162 221 -101
-162 221 -100
-162 221 -99
-162 221 -98
-162 221 -97
-162 222 -112
-162 222 -111
-162 222 -110
-162 222 -109
-162 222 -108
-162 222 -107
-162 222 -106
-162 222 -105
-162 222 -104
-162 222 -103
-162 222 -102
-162 222 -101
-162 222 -100
-162 222 -99
-162 222 -98
-162 222 -97
-162 223 -110
-162 223 -109
-162 223 -108
-162 223 -107
-162 223 -106
-162 223 -105
-162 223 -104
-162 223 -103
-162 223 -102
-162 223 -101
-162 223 -100
-162 223 -99
-162 223 -98
-162 223 -97
-162 224 -109
-162 224 -108
-162 224 -107
-162 224 -106
-162 224 -104
-162 224 -103
-162 224 -102
-162 224 -101
-162 224 -100
-162 224 -99
-162 224 -98
-162 224 -97
-161 195 -108
-161 196 -110
-161 196 -109
-161 196 -108
-161 197 -109
-161 197 -108
-161 198 -111
-161 198 -110
-161 200 -109
-161 200 -108
-161 201 -110
-161 201 -109
-161 202 -111
-161 202 -110
-161 202 -109
-161 202 -108
-161 203 -110
-161 203 -109
-161 203 -108
-161 203 -107
-161 203 -106
-161 204 -110
-161 204 -109
-161 204 -108
-161 204 -107
-161 204 -106
-161 205 -110
-161 205 -109
-161 205 -108
-161 205 -107
-161 206 -110
-161 206 -108
-161 206 -107
-161 207 -110
-161 207 -109
-161 207 -108
-161 208 -109
-161 209 -109
-161 209 -108
-161 209 -107
-161 210 -110
-161 210 -109
-161 210 -108
-161 211 -111
-161 211 -110
-161 211 -109
-161 211 -108
-161 211 -107
-161 211 -106
-161 211 -105
-161 212 -110
-161 212 -109
-161 212 -108
-161 212 -107
-161 213 -110
-161 213 -109
-161 213 -108
-161 213 -107
-161 214 -112
-161 214 -110
-161 214 -109
-161 214 -107
-161 215 -112
-161 215 -111
-161 215 -109
-161 216 -112
-161 216 -111
-161 216 -110
-161 216 -109
-161 216 -108
-161 216 -106
-161 216 -99
-161 217 -112
-161 217 -111
-161 217 -110
-161 217 -109
-161 217 -108
-161 217 -100
-161 217 -99
-161 217 -98
-161 217 -97
-161 218 -112
-161 218 -111
-161 218 -110
-161 218 -109
-161 218 -99
-161 218 -98
-161 218 -97
-161 219 -112
-161 219 -111
-161 219 -110
-161 219 -109
-161 219 -108
-161 219 -107
-161 219 -106
-161 219 -104
-161 219 -101
-161 219 -99
-161 219 -98
-161 219 -97
-161 220 -112
-161 220 -111
-161 220 -110
-161 220 -109
-161 220 -108
-161 220 -107
-161 220 -106
-161 220 -104
-161 220 -103
-161 220 -102
-161 220 -101
-161 220 -100
-161 220 -99
-161 220 -98
-161 220 -97
-161 221 -112
-161 221 -111
-161 221 -110
-161 221 -109
-161 221 -108
-161 221 -107
-161 221 -106
-161 221 -105
-161 221 -104
-161 221 -103
-161 221 -102
-161 221 -101
-161 221 -100
-161 221 -99
-161 221 -98
-161 221 -97
-161 222 -112
-161 222 -111
-161 222 -110
-161 222 -107
-161 222 -106
-161 222 -105
-161 222 -104
-161 222 -103
-161 222 -101
-161 222 -100
-161 222 -99
-161 222 -98
-161 222 -97
-161 223 -111
-161 223 -110
-161 223 -108
-161 223 -107
-161 223 -105
-161 223 -104
-161 223 -103
-161 223 -101
-161 223 -100
-161 223 -99
-161 223 -98
-161 223 -97
-161 224 -108
-161 224 -107
-161 224 -106
-161 224 -105
-161 224 -104
-161 224 -102
-161 224 -101
-161 224 -100
-161 224 -99
-161 224 -98
-161 224 -97
-176 225 -112
-176 225 -111
-176 225 -110
-176 225 -109
-176 225 -108
-176 225 -107
-176 225 -106
-176 225 -105
-176 225 -104
-176 225 -103
-176 225 -102
-176 225 -101
-176 225 -99
-176 225 -98
-176 225 -97
-176 226 -112
-176 226 -111
-176 226 -110
-176 226 -109
-176 226 -108
-176 226 -107
-176 226 -106
-176 226 -105
-176 226 -104
-176 226 -103
-176 226 -102
-176 226 -101
-176 226 -100
-176 226 -98
-176 226 -97
-176 227 -112
-176 227 -111
-176 227 -110
-176 227 -109
-176 227 -108
-176 227 -107
-176 227 -106
-176 227 -105
-176 227 -104
-176 227 -103
-176 227 -102
-176 227 -101
-176 227 -100
-176 227 -99
-176 227 -98
-176 227 -97
-176 228 -112
-176 228 -111
-176 228 -110
-176 228 -109
-176 228 -108
-176 228 -107
-176 228 -106
-176 228 -105
-176 228 -104
-176 228 -103
-176 228 -102
-176 228 -101
-176 228 -100
-176 228 -99
-176 228 -98
-176 228 -97
-176 229 -112
-176 229 -111
-176 229 -110
-176 229 -109
-176 229 -108
-176 229 -107
-176 229 -106
-176 229 -105
-176 229 -104
-176 229 -103
-176 229 -102
-176 229 -101
-176 229 -100
-176 229 -99
-176 229 -98
-176 230 -112
-176 230 -111
-176 230 -110
-176 230 -109
-176 230 -108
-176 230 -107
-176 230 -106
-176 230 -105
-176 230 -104
-176 230 -103
-176 230 -102
-176 230 -101
-176 230 -100
-176 230 -99
-176 230 -98
-176 230 -97
-176 231 -112
-176 231 -111
-176 231 -110
-176 231 -109
-176 231 -108
-176 231 -107
-176 231 -106
-176 231 -105
-176 231 -104
-176 231 -103
-176 231 -102
-176 231 -101
-176 231 -100
-176 231 -99
-176 231 -97
-176 232 -112
-176 232 -111
-176 232 -110
-176 232 -109
-176 232 -108
-176 232 -107
-176 232 -106
-176 232 -105
-176 232 -104
-176 232 -103
-176 232 -102
-176 232 -101
-176 232 -97
-176 233 -112
-176 233 -111
-176 233 -110
-176 233 -109
-176 233 -108
-176 233 -107
-176 233 -106
-176 233 -105
-176 233 -104
-176 233 -103
-176 233 -102
-176 233 -101
-176 233 -100
-176 234 -112
-176 234 -111
-176 234 -110
-176 234 -109
-176 234 -108
-176 234 -107
-176 234 -106
-176 234 -105
-176 234 -104
-176 234 -103
-176 234 -102
-176 234 -101
-176 234 -100
-176 235 -112
-176 235 -111
-176 235 -110
-176 235 -109
-176 235 -108
-176 235 -107
-176 235 -106
-176 235 -105
-176 235 -104
-176 235 -102
-176 235 -101
-176 235 -100
-176 236 -112
-176 236 -111
-176 236 -110
-176 236 -109
-176 236 -107
-176 236 -106
-176 236 -105
-176 236 -102
-176 237 -112
-176 237 -111
-176 237 -110
-176 237 -102
-176 238 -111
-175 225 -112
-175 225 -111
-175 225 -110
-175 225 -109
-175 225 -108
-175 225 -107
-175 225 -106
-175 225 -104
-175 225 -103
-175 225 -102
-175 225 -101
-175 225 -99
-175 225 -98
-175 225 -97
-175 226 -112
-175 226 -111
-175 226 -110
-175 226 -109
-175 226 -108
-175 226 -107
-175 226 -106
-175 226 -105
-175 226 -104
-175 226 -103
-175 226 -102
-175 226 -101
-175 226 -100
-175 226 -98
-175 226 -97
-175 227 -112
-175 227 -111
-175 227 -110
-175 227 -109
-175 227 -108
-175 227 -107
-175 227 -106
-175 227 -105
-175 227 -104
-175 227 -103
-175 227 -102
-175 227 -101
-175 227 -100
-175 227 -99
-175 227 -97
-175 228 -112
-175 228 -111
-175 228 -110
-175 228 -109
-175 228 -108
-175 228 -107
-175 228 -106
-175 228 -105
-175 228 -104
-175 228 -103
-175 228 -102
-175 228 -101
-175 228 -100
-175 228 -99
-175 228 -98
-175 228 -97
-175 229 -112
-175 229 -111
-175 229 -110
-175 229 -109
-175 229 -108
-175 229 -107
-175 229 -106
-175 229 -105
-175 229 -104
-175 229 -103
-175 229 -102
-175 229 -101
-175 229 -100
-175 229 -99
-175 229 -98
-175 229 -97
-175 230 -112
-175 230 -111
-175 230 -110
-175 230 -109
-175 230 -108
-175 230 -107
-175 230 -106
-175 230 -105
-175 230 -104
-175 230 -103
-175 230 -102
-175 230 -101
-175 230 -100
-175 230 -99
-175 230 -98
-175 230 -97
-175 231 -112
-175 231 -111
-175 231 -110
-175 231 -109
-175 231 -108
-175 231 -107
-175 231 -106
-175 231 -105
-175 231 -104
-175 231 -103
-175 231 -102
-175 231 -100
-175 231 -99
-175 231 -98
-175 231 -97
-175 232 -112
-175 232 -111
-175 232 -110
-175 232 -109
-175 232 -108
-175 232 -107
-175 232 -106
-175 232 -105
-175 232 -104
-175 232 -103
-175 232 -102
-175 232 -101
-175 232 -100
-175 232 -99
-175 232 -97
-175 233 -112
-175 233 -111
-175 233 -110
-175 233 -109
-175 233 -108
-175 233 -107
-175 233 -106
-175 233 -105
-175 233 -104
-175 233 -103
-175 233 -102
-175 233 -101
-175 233 -100
-175 234 -112
-175 234 -111
-175 234 -110
-175 234 -109
-175 234 -108
-175 234 -107
-175 234 -106
-175 234 -105
-175 234 -104
-175 234 -103
-175 234 -102
-175 234 -101
-175 235 -112
-175 235 -111
-175 235 -110
-175 235 -109
-175 235 -108
-175 235 -107
-175 235 -106
-175 235 -105
-175 235 -104
-175 235 -103
-175 236 -112
-175 236 -111
-175 236 -110
-175 236 -106
-175 236 -105
-175 236 -104
-175 236 -103
-175 237 -112
-175 237 -111
-175 237 -110
-175 237 -109
-175 237 -108
-175 237 -104
-175 238 -112
-175 238 -109
-174 225 -112
-174 225 -111
-174 225 -110
-174 225 -109
-174 225 -108
-174 225 -107
-174 225 -106
-174 225 -105
-174 225 -104
-174 225 -103
-174 225 -102
-174 225 -101
-174 225 -100
-174 225 -99
-174 225 -98
-174 225 -97
-174 226 -112
-174 226 -111
-174 226 -110
-174 226 -109
-174 226 -108
-174 226 -107
-174 226 -106
-174 226 -105
-174 226 -104
-174 226 -103
-174 226 -101
-174 226 -99
-174 226 -98
-174 226 -97
-174 227 -112
-174 227 -111
-174 227 -110
-174 227 -109
-174 227 -108
-174 227 -107
-174 227 -106
-174 227 -105
-174 227 -104
-174 227 -103
-174 227 -102
-174 227 -101
-174 227 -100
-174 227 -99
-174 227 -98
-174 227 -97
-174 228 -112
-174 228 -111
-174 228 -110
-174 228 -109
-174 228 -108
-174 228 -107
-174 228 -106
-174 228 -104
-174 228 -103
-174 228 -102
-174 228 -101
-174 228 -100
-174 228 -99
-174 228 -98
-174 228 -97
-174 229 -112
-174 229 -111
-174 229 -110
-174 229 -109
-174 229 -108
-174 229 -107
-174 229 -106
-174 229 -105
-174 229 -104
-174 229 -103
-174 229 -102
-174 229 -101
-174 229 -100
-174 229 -99
-174 229 -98
-174 229 -97
-174 230 -112
-174 230 -111
-174 230 -110
-174 230 -109
-174 230 -108
-174 230 -107
-174 230 -106
-174 230 -105
-174 230 -104
-174 230 -103
-174 230 -102
-174 230 -100
-174 230 -99
-174 230 -98
-174 230 -97
-174 231 -112
-174 231 -111
-174 231 -110
-174 231 -109
-174 231 -108
-174 231 -107
-174 231 -106
-174 231 -105
-174 231 -104
-174 231 -103
-174 231 -102
-174 231 -101
-174 231 -100
-174 231 -99
-174 232 -112
-174 232 -110
-174 232 -109
-174 232 -108
-174 232 -107
-174 232 -106
-174 232 -105
-174 232 -104
-174 232 -103
-174 232 -102
-174 232 -101
-174 232 -100
-174 233 -112
-174 233 -111
-174 233 -110
-174 233 -109
-174 233 -108
-174 233 -107
-174 233 -106
-174 233 -103
-174 233 -102
-174 233 -101
-174 233 -100
-174 234 -112
-174 234 -111
-174 234 -110
-174 234 -109
-174 234 -108
-174 234 -107
-174 234 -106
-174 234 -105
-174 234 -104
-174 234 -103
-174 234 -101
-174 235 -112
-174 235 -111
-174 235 -110
-174 235 -109
-174 235 -108
-174 235 -107
-174 235 -106
-174 235 -105
-174 235 -104
-174 235 -103
-174 236 -112
-174 236 -111
-174 236 -110
-174 236 -109
-174 236 -108
-174 236 -106
-174 236 -104
-174 237 -112
-174 237 -111
-174 237 -110
-174 237 -109
-174 237 -108
-174 237 -107
-174 237 -106
-174 238 -112
-174 238 -111
-174 238 -109
-174 238 -108
-174 239 -111
-174 239 -110
-174 240 -111
-173 225 -112
-173 225 -111
-173 225 -110
-173 225 -109
-173 225 -108
-173 225 -107
-173 225 -106
-173 225 -105
-173 225 -104
-173 225 -103
-173 225 -102
-173 225 -101
-173 225 -100
-173 225 -99
-173 225 -98
-173 225 -97
-173 226 -112
-173 226 -111
-173 226 -110
-173 226 -109
-173 226 -108
-173 226 -107
-173 226 -106
-173 226 -105
-173 226 -104
-173 226 -103
-173 226 -100
-173 226 -99
-173 226 -98
-173 226 -97
-173 227 -112
-173 227 -111
-173 227 -110
-173 227 -109
-173 227 -108
-173 227 -107
-173 227 -106
-173 227 -105
-173 227 -104
-173 227 -103
-173 227 -101
-173 227 -100
-173 227 -99
-173 227 -98
-173 227 -97
-173 228 -112
-173 228 -111
-173 228 -110
-173 228 -109
-173 228 -108
-173 228 -107
-173 228 -104
-173 228 -103
-173 228 -101
-173 228 -100
-173 228 -97
-173 229 -112
-173 229 -111
-173 229 -110
-173 229 -107
-173 229 -106
-173 229 -104
-173 229 -103
-173 229 -102
-173 229 -101
-173 229 -98
-173 230 -112
-173 230 -111
-173 230 -110
-173 230 -109
-173 230 -108
-173 230 -107
-173 230 -105
-173 230 -104
-173 230 -103
-173 230 -102
-173 230 -101
-173 231 -112
-173 231 -111
-173 231 -110
-173 231 -109
-173 231 -108
-173 231 -107
-173 231 -106
-173 231 -105
-173 231 -104
-173 231 -103
-173 231 -102
-173 231 -101
-173 231 -100
-173 231 -99
-173 232 -112
-173 232 -111
-173 232 -110
-173 232 -109
-173 232 -108
-173 232 -107
-173 232 -106
-173 232 -105
-173 232 -104
-173 232 -103
-173 232 -102
-173 232 -99
-173 233 -112
-173 233 -111
-173 233 -110
-173 233 -109
-173 233 -108
-173 233 -107
-173 233 -106
-173 233 -105
-173 233 -104
-173 233 -103
-173 234 -112
-173 234 -111
-173 234 -110
-173 234 -109
-173 234 -108
-173 234 -107
-173 234 -106
-173 234 -105
-173 234 -104
-173 234 -103
-173 235 -112
-173 235 -111
-173 235 -110
-173 235 -109
-173 235 -108
-173 235 -107
-173 235 -106
-173 235 -105
-173 235 -104
-173 235 -103
-173 235 -102
-173 236 -112
-173 236 -111
-173 236 -110
-173 236 -109
-173 236 -108
-173 236 -107
-173 236 -106
-173 236 -105
-173 236 -104
-173 236 -103
-173 237 -112
-173 237 -111
-173 237 -110
-173 237 -109
-173 237 -108
-173 237 -107
-173 237 -106
-173 237 -104
-173 238 -109
-173 238 -108
-173 238 -107
-173 238 -106
-173 238 -105
-173 238 -104
-173 239 -108
-173 239 -107
-173 239 -106
-172 225 -112
-172 225 -111
-172 225 -110
-172 225 -109
-172 225 -108
-172 225 -107
-172 225 -106
-172 225 -105
-172 225 -104
-172 225 -103
-172 225 -102
-172 225 -101
-172 225 -100
-172 225 -99
-172 225 -98
-172 225 -97
-172 226 -112
-172 226 -111
-172 226 -110
-172 226 -109
-172 226 -108
-172 226 -107
-172 226 -106
-172 226 -105
-172 226 -103
-172 226 -102
-172 226 -101
-172 226 -100
-172 226 -99
-172 226 -98
-172 226 -97
-172 227 -112
-172 227 -111
-172 227 -110
-172 227 -109
-172 227 -107
-172 227 -106
-172 227 -105
-172 227 -104
-172 227 -103
-172 227 -102
-172 227 -101
-172 227 -100
-172 227 -99
-172 227 -98
-172 227 -97
-172 228 -112
-172 228 -111
-172 228 -110
-172 228 -109
-172 228 -108
-172 228 -107
-172 228 -105
-172 228 -104
-172 228 -103
-172 228 -102
-172 228 -101
-172 228 -100
-172 228 -99
-172 228 -98
-172 228 -97
-172 229 -112
-172 229 -111
-172 229 -110
-172 229 -109
-172 229 -108
-172 229 -107
-172 229 -104
-172 229 -103
-172 229 -102
-172 229 -101
-172 229 -100
-172 229 -98
-172 230 -112
-172 230 -111
-172 230 -110
-172 230 -109
-172 230 -108
-172 230 -107
-172 230 -106
-172 230 -105
-172 230 -104
-172 230 -103
-172 230 -102
-172 230 -101
-172 230 -100
-172 230 -98
-172 231 -112
-172 231 -111
-172 231 -110
-172 231 -109
-172 231 -108
-172 231 -107
-172 231 -106
-172 231 -105
-172 231 -104
-172 231 -103
-172 231 -102
-172 231 -101
-172 231 -100
-172 231 -99
-172 232 -112
-172 232 -111
-172 232 -110
-172 232 -109
-172 232 -108
-172 232 -107
-172 232 -106
-172 232 -105
-172 232 -104
-172 232 -103
-172 232 -102
-172 232 -101
-172 233 -112
-172 233 -111
-172 233 -110
-172 233 -109
-172 233 -108
-172 233 -107
-172 233 -106
-172 233 -105
-172 233 -104
-172 233 -103
-172 233 -102
-172 233 -101
-172 234 -112
-172 234 -111
-172 234 -110
-172 234 -109
-172 234 -108
-172 234 -107
-172 234 -106
-172 234 -105
-172 234 -104
-172 234 -103
-172 235 -112
-172 235 -111
-172 235 -110
-172 235 -109
-172 235 -108
-172 235 -106
-172 235 -105
-172 235 -104
-172 235 -103
-172 235 -102
-172 236 -112
-172 236 -111
-172 236 -110
-172 236 -109
-172 236 -108
-172 236 -107
-172 236 -105
-172 236 -104
-172 237 -112
-172 237 -111
-172 237 -110
-172 237 -109
-172 237 -108
-172 237 -107
-172 237 -106
-172 237 -105
-172 237 -104
-172 238 -112
-172 238 -111
-172 238 -110
-172 238 -109
-172 238 -108
-172 238 -107
-172 238 -106
-172 238 -105
-172 239 -111
-172 239 -110
-172 239 -109
-172 239 -108
-172 239 -107
-172 239 -106
-172 239 -105
-172 240 -111
-172 240 -106
-171 225 -112
-171 225 -111
-171 225 -110
-171 225 -109
-171 225 -108
-171 225 -107
-171 225 -106
-171 225 -105
-171 225 -104
-171 225 -103
-171 225 -102
-171 225 -101
-171 225 -100
-171 225 -99
-171 225 -98
-171 225 -97
-171 226 -112
-171 226 -111
-171 226 -110
-171 226 -109
-171 226 -107
-171 226 -106
-171 226 -105
-171 226 -104
-171 226 -103
-171 226 -102
-171 226 -101
-171 226 -100
-171 226 -99
-171 226 -98
-171 226 -97
-171 227 -111
-171 227 -109
-171 227 -107
-171 227 -106
-171 227 -104
-171 227 -103
-171 227 -101
-171 227 -100
-171 227 -99
-171 227 -98
-171 227 -97
-171 228 -112
-171 228 -111
-171 228 -110
-171 228 -109
-171 228 -104
-171 228 -103
-171 228 -102
-171 228 -101
-171 228 -100
-171 228 -99
-171 228 -98
-171 228 -97
-171 229 -112
-171 229 -111
-171 229 -110
-171 229 -109
-171 229 -108
-171 229 -107
-171 229 -105
-171 229 -104
-171 229 -103
-171 229 -102
-171 229 -101
-171 229 -100
-171 229 -99
-171 229 -98
-171 229 -97
-171 230 -112
-171 230 -111
-171 230 -110
-171 230 -109
-171 230 -108
-171 230 -107
-171 230 -106
-171 230 -105
-171 230 -104
-171 230 -103
-171 230 -102
-171 230 -101
-171 230 -100
-171 230 -99
-171 230 -98
-171 230 -97
-171 231 -112
-171 231 -111
-171 231 -110
-171 231 -109
-171 231 -108
-171 231 -107
-171 231 -106
-171 231 -105
-171 231 -104
-171 231 -103
-171 231 -102
-171 231 -101
-171 231 -100
-171 231 -99
-171 231 -98
-171 231 -97
-171 232 -112
-171 232 -111
-171 232 -110
-171 232 -109
-171 232 -108
-171 232 -107
-171 232 -106
-171 232 -105
-171 232 -104
-171 232 -103
-171 232 -100
-171 232 -99
-171 232 -97
-171 233 -112
-171 233 -111
-171 233 -110
-171 233 -109
-171 233 -108
-171 233 -107
-171 233 -106
-171 233 -105
-171 233 -104
-171 233 -103
-171 234 -112
-171 234 -111
-171 234 -110
-171 234 -109
-171 234 -108
-171 234 -107
-171 234 -106
-171 234 -105
-171 234 -104
-171 234 -103
-171 234 -102
-171 234 -101
-171 235 -112
-171 235 -111
-171 235 -110
-171 235 -109
-171 235 -108
-171 235 -107
-171 235 -106
-171 235 -105
-171 235 -104
-171 235 -102
-171 236 -112
-171 236 -111
-171 236 -110
-171 236 -109
-171 236 -108
-171 236 -107
-171 236 -106
-171 236 -105
-171 236 -103
-171 237 -112
-171 237 -111
-171 237 -110
-171 237 -109
-171 237 -108
-171 237 -107
-171 237 -106
-171 238 -112
-171 238 -111
-171 238 -110
-171 238 -109
-171 238 -108
-171 238 -107
-171 238 -106
-171 239 -112
-171 239 -111
-171 239 -109
-171 239 -107
-171 240 -112
-171 240 -111
-171 241 -111
-170 225 -112
-170 225 -111
-170 225 -110
-170 225 -109
-170 225 -108
-170 225 -106
-170 225 -105
-170 225 -104
-170 225 -103
-170 225 -102
-170 225 -101
-170 225 -100
-170 225 -99
-170 225 -98
-170 225 -97
-170 226 -112
-170 226 -108
-170 226 -107
-170 226 -106
-170 226 -105
-170 226 -104
-170 226 -103
-170 226 -102
-170 226 -101
-170 226 -100
-170 226 -99
-170 226 -98
-170 226 -97
-170 227 -112
-170 227 -111
-170 227 -106
-170 227 -105
-170 227 -104
-170 227 -103
-170 227 -102
-170 227 -101
-170 227 -100
-170 227 -99
-170 227 -98
-170 227 -97
-170 228 -112
-170 228 -111
-170 228 -110
-170 228 -107
-170 228 -105
-170 228 -104
-170 228 -103
-170 228 -102
-170 228 -101
-170 228 -100
-170 228 -99
-170 228 -98
-170 228 -97
-170 229 -112
-170 229 -111
-170 229 -110
-170 229 -108
-170 229 -107
-170 229 -104
-170 229 -103
-170 229 -102
-170 229 -101
-170 229 -100
-170 229 -99
-170 229 -98
-170 229 -97
-170 230 -112
-170 230 -111
-170 230 -110
-170 230 -109
-170 230 -108
-170 230 -107
-170 230 -106
-170 230 -105
-170 230 -104
-170 230 -103
-170 230 -102
-170 230 -101
-170 230 -100
-170 230 -99
-170 230 -98
-170 230 -97
-170 231 -112
-170 231 -111
-170 231 -110
-170 231 -109
-170 231 -108
-170 231 -107
-170 231 -106
-170 231 -105
-170 231 -104
-170 231 -103
-170 231 -102
-170 231 -101
-170 231 -100
-170 231 -99
-170 231 -98
-170 231 -97
-170 232 -112
-170 232 -111
-170 232 -110
-170 232 -109
-170 232 -108
-170 232 -107
-170 232 -106
-170 232 -105
-170 232 -104
-170 232 -103
-170 232 -101
-170 232 -100
-170 232 -99
-170 232 -98
-170 232 -97
-170 233 -112
-170 233 -111
-170 233 -110
-170 233 -109
-170 233 -108
-170 233 -107
-170 233 -106
-170 233 -105
-170 233 -104
-170 233 -103
-170 233 -102
-170 233 -101
-170 233 -98
-170 234 -112
-170 234 -111
-170 234 -110
-170 234 -109
-170 234 -108
-170 234 -107
-170 234 -106
-170 234 -105
-170 234 -104
-170 234 -103
-170 234 -102
-170 234 -101
-170 235 -112
-170 235 -111
-170 235 -110
-170 235 -109
-170 235 -108
-170 235 -107
-170 235 -106
-170 235 -105
-170 235 -104
-170 235 -103
-170 236 -112
-170 236 -111
-170 236 -110
-170 236 -109
-170 236 -108
-170 236 -107
-170 236 -106
-170 236 -105
-170 236 -103
-170 237 -111
-170 237 -110
-170 237 -109
-170 237 -108
-170 237 -107
-170 237 -106
-170 237 -105
-170 237 -103
-170 238 -111
-170 238 -110
-170 238 -109
-170 238 -108
-170 238 -107
-170 238 -106
-170 238 -105
-170 239 -109
-170 239 -108
-170 239 -107
-170 239 -105
-170 240 -111
-170 240 -108
-170 240 -107
-170 240 -105
-170 241 -108
-169 225 -112
-169 225 -111
-169 225 -110
-169 225 -109
-169 225 -108
-169 225 -107
-169 225 -106
-169 225 -105
-169 225 -104
-169 225 -103
-169 225 -102
-169 225 -101
-169 225 -100
-169 225 -99
-169 225 -98
-169 225 -97
-169 226 -112
-169 226 -109
-169 226 -108
-169 226 -107
-169 226 -106
-169 226 -105
-169 226 -104
-169 226 -102
-169 226 -101
-169 226 -100
-169 226 -99
-169 226 -98
-169 226 -97
-169 227 -112
-169 227 -108
-169 227 -107
-169 227 -105
-169 227 -104
-169 227 -103
-169 227 -102
-169 227 -101
-169 227 -100
-169 227 -99
-169 227 -98
-169 227 -97
-169 228 -111
-169 228 -110
-169 228 -108
-169 228 -107
-169 228 -106
-169 228 -105
-169 228 -104
-169 228 -103
-169 228 -102
-169 228 -101
-169 228 -100
-169 228 -99
-169 228 -98
-169 228 -97
-169 229 -112
-169 229 -111
-169 229 -110
-169 229 -109
-169 229 -108
-169 229 -107
-169 229 -104
-169 229 -103
-169 229 -102
-169 229 -101
-169 229 -100
-169 229 -99
-169 229 -98
-169 229 -97
-169 230 -112
-169 230 -111
-169 230 -110
-169 230 -109
-169 230 -108
-169 230 -107
-169 230 -106
-169 230 -105
-169 230 -104
-169 230 -103
-169 230 -102
-169 230 -101
-169 230 -100
-169 230 -99
-169 230 -98
-169 230 -97
-169 231 -112
-169 231 -111
-169 231 -110
-169 231 -109
-169 231 -108
-169 231 -107
-169 231 -106
-169 231 -105
-169 231 -104
-169 231 -103
-169 231 -102
-169 231 -101
-169 231 -100
-169 231 -99
-169 231 -98
-169 231 -97
-169 232 -112
-169 232 -111
-169 232 -110
-169 232 -109
-169 232 -108
-169 232 -107
-169 232 -106
-169 232 -105
-169 232 -104
-169 232 -103
-169 232 -102
-169 232 -101
-169 232 -100
-169 232 -99
-169 232 -98
-169 232 -97
-169 233 -112
-169 233 -111
-169 233 -110
-169 233 -109
-169 233 -108
-169 233 -107
-169 233 -106
-169 233 -105
-169 233 -104
-169 233 -103
-169 233 -102
-169 233 -101
-169 233 -100
-169 233 -99
-169 234 -112
-169 234 -111
-169 234 -110
-169 234 -109
-169 234 -108
-169 234 -107
-169 234 -106
-169 234 -105
-169 234 -103
-169 234 -102
-169 234 -101
-169 234 -100
-169 234 -97
-169 235 -112
-169 235 -111
-169 235 -110
-169 235 -109
-169 235 -108
-169 235 -107
-169 235 -106
-169 235 -105
-169 235 -104
-169 235 -101
-169 236 -112
-169 236 -111
-169 236 -110
-169 236 -109
-169 236 -108
-169 236 -107
-169 236 -106
-169 236 -105
-169 236 -104
-169 236 -103
-169 237 -112
-169 237 -111
-169 237 -110
-169 237 -109
-169 237 -108
-169 237 -107
-169 237 -106
-169 237 -105
-169 237 -104
-169 238 -112
-169 238 -111
-169 238 -110
-169 238 -109
-169 238 -108
-169 238 -107
-169 238 -105
-169 239 -110
-169 239 -108
-169 239 -107
-169 239 -106
-169 239 -105
-169 240 -110
-169 240 -108
-169 240 -107
-169 240 -106
-168 225 -112
-168 225 -110
-168 225 -108
-168 225 -106
-168 225 -105
-168 225 -104
-168 225 -103
-168 225 -102
-168 225 -101
-168 225 -100
-168 225 -99
-168 225 -98
-168 225 -97
-168 226 -107
-168 226 -106
-168 226 -105
-168 226 -104
-168 226 -103
-168 226 -101
-168 226 -100
-168 226 -99
-168 226 -98
-168 226 -97
-168 227 -108
-168 227 -107
-168 227 -106
-168 227 -105
-168 227 -104
-168 227 -103
-168 227 -102
-168 227 -101
-168 227 -100
-168 227 -99
-168 227 -98
-168 227 -97
-168 228 -108
-168 228 -106
-168 228 -105
-168 228 -104
-168 228 -103
-168 228 -102
-168 228 -101
-168 228 -100
-168 228 -99
-168 228 -98
-168 228 -97
-168 229 -112
-168 229 -111
-168 229 -110
-168 229 -108
-168 229 -107
-168 229 -106
-168 229 -105
-168 229 -104
-168 229 -103
-168 229 -102
-168 229 -101
-168 229 -100
-168 229 -99
-168 229 -98
-168 229 -97
-168 230 -112
-168 230 -111
-168 230 -110
-168 230 -108
-168 230 -107
-168 230 -106
-168 230 -105
-168 230 -104
-168 230 -103
-168 230 -102
-168 230 -101
-168 230 -100
-168 230 -99
-168 230 -98
-168 230 -97
-168 231 -112
-168 231 -111
-168 231 -110
-168 231 -109
-168 231 -108
-168 231 -107
-168 231 -106
-168 231 -105
-168 231 -104
-168 231 -103
-168 231 -102
-168 231 -101
-168 231 -100
-168 231 -99
-168 231 -98
-168 231 -97
-168 232 -112
-168 232 -111
-168 232 -110
-168 232 -109
-168 232 -108
-168 232 -107
-168 232 -106
-168 232 -104
-168 232 -103
-168 232 -102
-168 232 -101
-168 232 -100
-168 232 -99
-168 232 -98
-168 232 -97
-168 233 -112
-168 233 -111
-168 233 -110
-168 233 -109
-168 233 -108
-168 233 -107
-168 233 -106
-168 233 -105
-168 233 -104
-168 233 -103
-168 233 -102
-168 233 -101
-168 233 -100
-168 233 -99
-168 233 -98
-168 233 -97
-168 234 -111
-168 234 -110
-168 234 -109
-168 234 -108
-168 234 -107
-168 234 -106
-168 234 -105
-168 234 -104
-168 234 -103
-168 234 -102
-168 234 -101
-168 234 -100
-168 234 -99
-168 234 -97
-168 235 -112
-168 235 -111
-168 235 -110
-168 235 -109
-168 235 -108
-168 235 -107
-168 235 -106
-168 235 -105
-168 235 -104
-168 235 -103
-168 235 -102
-168 235 -101
-168 235 -99
-168 235 -97
-168 236 -112
-168 236 -111
-168 236 -110
-168 236 -109
-168 236 -108
-168 236 -107
-168 236 -106
-168 236 -105
-168 236 -104
-168 236 -103
-168 236 -102
-168 237 -112
-168 237 -111
-168 237 -110
-168 237 -109
-168 237 -108
-168 237 -107
-168 237 -106
-168 237 -105
-168 237 -103
-168 238 -111
-168 238 -108
-168 238 -107
-168 238 -106
-168 238 -105
-168 238 -104
-168 239 -108
-168 239 -107
-168 240 -107
-167 225 -112
-167 225 -110
-167 225 -109
-167 225 -107
-167 225 -106
-167 225 -105
-167 225 -104
-167 225 -103
-167 225 -102
-167 225 -101
-167 225 -100
-167 225 -99
-167 225 -98
-167 225 -97
-167 226 -110
-167 226 -109
-167 226 -108
-167 226 -107
-167 226 -106
-167 226 -105
-167 226 -104
-167 226 -103
-167 226 -102
-167 226 -101
-167 226 -100
-167 226 -99
-167 226 -98
-167 226 -97
-167 227 -108
-167 227 -107
-167 227 -106
-167 227 -105
-167 227 -104
-167 227 -103
-167 227 -102
-167 227 -101
-167 227 -100
-167 227 -99
-167 227 -98
-167 227 -97
-167 228 -109
-167 228 -108
-167 228 -107
-167 228 -106
-167 228 -105
-167 228 -104
-167 228 -103
-167 228 -102
-167 228 -101
-167 228 -100
-167 228 -99
-167 228 -98
-167 228 -97
-167 229 -111
-167 229 -110
-167 229 -109
-167 229 -108
-167 229 -107
-167 229 -106
-167 229 -105
-167 229 -104
-167 229 -103
-167 229 -102
-167 229 -101
-167 229 -100
-167 229 -99
-167 229 -98
-167 229 -97
-167 230 -111
-167 230 -110
-167 230 -109
-167 230 -108
-167 230 -107
-167 230 -106
-167 230 -105
-167 230 -104
-167 230 -103
-167 230 -102
-167 230 -101
-167 230 -100
-167 230 -99
-167 230 -98
-167 230 -97
-167 231 -112
-167 231 -111
-167 231 -109
-167 231 -108
-167 231 -107
-167 231 -106
-167 231 -105
-167 231 -104
-167 231 -103
-167 231 -102
-167 231 -101
-167 231 -100
-167 231 -99
-167 231 -98
-167 231 -97
-167 232 -112
-167 232 -111
-167 232 -110
-167 232 -109
-167 232 -108
-167 232 -107
-167 232 -106
-167 232 -105
-167 232 -104
-167 232 -103
-167 232 -102
-167 232 -101
-167 232 -100
-167 232 -99
-167 232 -98
-167 232 -97
-167 233 -112
-167 233 -111
-167 233 -110
-167 233 -109
-167 233 -108
-167 233 -107
-167 233 -106
-167 233 -105
-167 233 -104
-167 233 -103
-167 233 -102
-167 233 -101
-167 233 -100
-167 233 -99
-167 233 -98
-167 233 -97
-167 234 -112
-167 234 -111
-167 234 -110
-167 234 -109
-167 234 -108
-167 234 -107
-167 234 -106
-167 234 -105
-167 234 -104
-167 234 -103
-167 234 -102
-167 234 -101
-167 234 -99
-167 234 -98
-167 234 -97
-167 235 -112
-167 235 -111
-167 235 -110
-167 235 -109
-167 235 -108
-167 235 -107
-167 235 -106
-167 235 -105
-167 235 -104
-167 235 -103
-167 235 -101
-167 235 -97
-167 236 -108
-167 236 -107
-167 236 -106
-167 236 -105
-167 236 -104
-167 236 -103
-167 236 -97
-167 237 -112
-167 237 -110
-167 237 -109
-167 237 -108
-167 237 -107
-167 237 -105
-167 237 -104
-167 238 -110
-167 238 -109
-167 238 -108
-167 238 -106
-167 238 -105
-167 238 -104
-167 238 -103
-167 239 -109
-167 239 -108
-167 239 -107
-167 239 -106
-167 239 -105
-167 240 -105
-166 225 -111
-166 225 -110
-166 225 -109
-166 225 -108
-166 225 -107
-166 225 -106
-166 225 -105
-166 225 -104
-166 225 -103
-166 225 -102
-166 225 -101
-166 225 -100
-166 225 -99
-166 225 -98
-166 225 -97
-166 226 -109
-166 226 -108
-166 226 -107
-166 226 -106
-166 226 -105
-166 226 -104
-166 226 -103
-166 226 -102
-166 226 -101
-166 226 -100
-166 226 -99
-166 226 -98
-166 226 -97
-166 227 -109
-166 227 -107
-166 227 -106
-166 227 -105
-166 227 -104
-166 227 -103
-166 227 -102
-166 227 -101
-166 227 -100
-166 227 -99
-166 227 -98
-166 227 -97
-166 228 -109
-166 228 -107
-166 228 -106
-166 228 -105
-166 228 -104
-166 228 -103
-166 228 -102
-166 228 -101
-166 228 -100
-166 228 -99
-166 228 -98
-166 228 -97
-166 229 -112
-166 229 -110
-166 229 -109
-166 229 -108
-166 229 -107
-166 229 -106
-166 229 -105
-166 229 -104
-166 229 -103
-166 229 -102
-166 229 -101
-166 229 -100
-166 229 -99
-166 229 -98
-166 229 -97
-166 230 -110
-166 230 -109
-166 230 -108
-166 230 -107
-166 230 -106
-166 230 -105
-166 230 -104
-166 230 -103
-166 230 -102
-166 230 -101
-166 230 -100
-166 230 -99
-166 230 -98
-166 230 -97
-166 231 -112
-166 231 -111
-166 231 -110
-166 231 -109
-166 231 -108
-166 231 -107
-166 231 -106
-166 231 -105
-166 231 -104
-166 231 -103
-166 231 -102
-166 231 -101
-166 231 -100
-166 231 -99
-166 231 -98
-166 231 -97
-166 232 -112
-166 232 -111
-166 232 -110
-166 232 -109
-166 232 -108
-166 232 -107
-166 232 -106
-166 232 -105
-166 232 -104
-166 232 -103
-166 232 -102
-166 232 -101
-166 232 -100
-166 232 -99
-166 232 -98
-166 232 -97
-166 233 -112
-166 233 -111
-166 233 -110
-166 233 -109
-166 233 -108
-166 233 -107
-166 233 -106
-166 233 -105
-166 233 -104
-166 233 -103
-166 233 -102
-166 233 -101
-166 233 -100
-166 233 -99
-166 233 -98
-166 233 -97
-166 234 -112
-166 234 -111
-166 234 -110
-166 234 -109
-166 234 -108
-166 234 -107
-166 234 -106
-166 234 -105
-166 234 -104
-166 234 -103
-166 234 -102
-166 234 -101
-166 234 -100
-166 234 -98
-166 234 -97
-166 235 -112
-166 235 -111
-166 235 -110
-166 235 -109
-166 235 -108
-166 235 -107
-166 235 -106
-166 235 -105
-166 235 -104
-166 235 -103
-166 235 -102
-166 235 -101
-166 235 -98
-166 235 -97
-166 236 -112
-166 236 -111
-166 236 -110
-166 236 -109
-166 236 -108
-166 236 -107
-166 236 -106
-166 236 -105
-166 236 -104
-166 236 -103
-166 236 -97
-166 237 -112
-166 237 -111
-166 237 -110
-166 237 -109
-166 237 -108
-166 237 -107
-166 237 -106
-166 237 -105
-166 237 -104
-166 237 -103
-166 238 -111
-166 238 -110
-166 238 -109
-166 238 -108
-166 238 -106
-166 238 -105
-166 239 -109
-166 239 -108
-166 239 -106
-166 239 -105
-166 239 -104
-166 240 -109
-166 240 -108
-166 240 -106
-166 240 -105
-166 241 -106
-165 225 -110
-165 225 -109
-165 225 -108
-165 225 -107
-165 225 -106
-165 225 -105
-165 225 -104
-165 225 -103
-165 225 -102
-165 225 -101
-165 225 -100
-165 225 -99
-165 225 -98
-165 225 -97
-165 226 -110
-165 226 -107
-165 226 -106
-165 226 -104
-165 226 -103
-165 226 -102
-165 226 -101
-165 226 -100
-165 226 -99
-165 226 -98
-165 226 -97
-165 227 -109
-165 227 -108
-165 227 -107
-165 227 -106
-165 227 -105
-165 227 -104
-165 227 -103
-165 227 -102
-165 227 -101
-165 227 -100
-165 227 -99
-165 227 -98
-165 227 -97
-165 228 -110
-165 228 -108
-165 228 -107
-165 228 -106
-165 228 -105
-165 228 -104
-165 228 -103
-165 228 -102
-165 228 -101
-165 228 -100
-165 228 -99
-165 228 -98
-165 228 -97
-165 229 -111
-165 229 -110
-165 229 -108
-165 229 -107
-165 229 -106
-165 229 -105
-165 229 -104
-165 229 -103
-165 229 -102
-165 229 -101
-165 229 -100
-165 229 -99
-165 229 -98
-165 229 -97
-165 230 -110
-165 230 -109
-165 230 -107
-165 230 -106
-165 230 -105
-165 230 -104
-165 230 -103
-165 230 -102
-165 230 -101
-165 230 -100
-165 230 -99
-165 230 -98
-165 230 -97
-165 231 -110
-165 231 -109
-165 231 -108
-165 231 -107
-165 231 -106
-165 231 -105
-165 231 -104
-165 231 -103
-165 231 -102
-165 231 -101
-165 231 -100
-165 231 -99
-165 231 -98
-165 231 -97
-165 232 -112
-165 232 -111
-165 232 -110
-165 232 -109
-165 232 -108
-165 232 -107
-165 232 -106
-165 232 -105
-165 232 -104
-165 232 -103
-165 232 -102
-165 232 -101
-165 232 -100
-165 232 -99
-165 232 -98
-165 232 -97
-165 233 -112
-165 233 -111
-165 233 -110
-165 233 -109
-165 233 -108
-165 233 -107
-165 233 -106
-165 233 -105
-165 233 -104
-165 233 -103
-165 233 -102
-165 233 -101
-165 233 -100
-165 233 -99
-165 233 -98
-165 233 -97
-165 234 -112
-165 234 -111
-165 234 -110
-165 234 -109
-165 234 -108
-165 234 -107
-165 234 -106
-165 234 -105
-165 234 -104
-165 234 -103
-165 234 -102
-165 234 -101
-165 234 -100
-165 234 -98
-165 234 -97
-165 235 -112
-165 235 -111
-165 235 -110
-165 235 -109
-165 235 -108
-165 235 -107
-165 235 -106
-165 235 -105
-165 235 -104
-165 235 -103
-165 235 -102
-165 235 -101
-165 235 -100
-165 235 -98
-165 235 -97
-165 236 -112
-165 236 -111
-165 236 -110
-165 236 -109
-165 236 -108
-165 236 -107
-165 236 -106
-165 236 -105
-165 236 -104
-165 236 -103
-165 236 -99
-165 236 -97
-165 237 -112
-165 237 -111
-165 237 -110
-165 237 -109
-165 237 -108
-165 237 -107
-165 237 -106
-165 237 -105
-165 237 -104
-165 237 -103
-165 237 -97
-165 238 -111
-165 238 -110
-165 238 -108
-165 238 -107
-165 238 -106
-165 238 -105
-165 238 -104
-165 238 -103
-165 238 -102
-165 239 -109
-165 239 -108
-165 239 -107
-165 239 -106
-165 239 -105
-165 239 -104
-165 239 -103
-165 240 -109
-165 240 -108
-165 240 -106
-165 240 -105
-165 240 -104
-165 241 -109
-165 241 -108
-165 241 -106
-164 225 -111
-164 225 -110
-164 225 -109
-164 225 -108
-164 225 -107
-164 225 -106
-164 225 -105
-164 225 -104
-164 225 -103
-164 225 -102
-164 225 -101
-164 225 -100
-164 225 -99
-164 225 -98
-164 225 -97
-164 226 -107
-164 226 -106
-164 226 -105
-164 226 -104
-164 226 -103
-164 226 -102
-164 226 -101
-164 226 -100
-164 226 -99
-164 226 -98
-164 226 -97
-164 227 -107
-164 227 -105
-164 227 -104
-164 227 -103
-164 227 -102
-164 227 -101
-164 227 -100
-164 227 -99
-164 227 -98
-164 227 -97
-164 228 -107
-164 228 -106
-164 228 -105
-164 228 -104
-164 228 -103
-164 228 -102
-164 228 -101
-164 228 -100
-164 228 -99
-164 228 -98
-164 228 -97
-164 229 -110
-164 229 -109
-164 229 -108
-164 229 -107
-164 229 -106
-164 229 -105
-164 229 -103
-164 229 -102
-164 229 -101
-164 229 -100
-164 229 -99
-164 229 -98
-164 229 -97
-164 230 -109
-164 230 -108
-164 230 -107
-164 230 -106
-164 230 -105
-164 230 -104
-164 230 -103
-164 230 -102
-164 230 -101
-164 230 -100
-164 230 -99
-164 230 -98
-164 230 -97
-164 231 -110
-164 231 -108
-164 231 -107
-164 231 -106
-164 231 -105
-164 231 -104
-164 231 -103
-164 231 -102
-164 231 -101
-164 231 -100
-164 231 -99
-164 231 -98
-164 231 -97
-164 232 -111
-164 232 -110
-164 232 -109
-164 232 -108
-164 232 -107
-164 232 -106
-164 232 -105
-164 232 -104
-164 232 -103
-164 232 -101
-164 232 -100
-164 232 -99
-164 232 -98
-164 232 -97
-164 233 -112
-164 233 -111
-164 233 -110
-164 233 -109
-164 233 -108
-164 233 -107
-164 233 -106
-164 233 -105
-164 233 -104
-164 233 -103
-164 233 -102
-164 233 -101
-164 233 -100
-164 233 -99
-164 233 -98
-164 233 -97
-164 234 -112
-164 234 -111
-164 234 -110
-164 234 -109
-164 234 -108
-164 234 -107
-164 234 -106
-164 234 -105
-164 234 -104
-164 234 -103
-164 234 -102
-164 234 -101
-164 234 -100
-164 234 -99
-164 234 -98
-164 234 -97
-164 235 -112
-164 235 -111
-164 235 -110
-164 235 -109
-164 235 -108
-164 235 -107
-164 235 -106
-164 235 -105
-164 235 -103
-164 235 -102
-164 235 -101
-164 235 -100
-164 235 -99
-164 236 -112
-164 236 -111
-164 236 -110
-164 236 -108
-164 236 -107
-164 236 -106
-164 236 -105
-164 236 -104
-164 236 -101
-164 236 -100
-164 236 -99
-164 236 -98
-164 237 -112
-164 237 -111
-164 237 -110
-164 237 -109
-164 237 -108
-164 237 -107
-164 237 -106
-164 237 -105
-164 237 -104
-164 237 -103
-164 237 -102
-164 237 -99
-164 238 -109
-164 238 -108
-164 238 -107
-164 238 -106
-164 238 -105
-164 238 -104
-164 238 -103
-164 239 -110
-164 239 -109
-164 239 -108
-164 239 -107
-164 239 -106
-164 239 -105
-164 240 -109
-164 240 -108
-164 240 -107
-164 240 -106
-164 240 -105
-163 225 -109
-163 225 -107
-163 225 -105
-163 225 -104
-163 225 -103
-163 225 -102
-163 225 -101
-163 225 -100
-163 225 -99
-163 225 -98
-163 225 -97
-163 226 -107
-163 226 -106
-163 226 -105
-163 226 -104
-163 226 -103
-163 226 -102
-163 226 -101
-163 226 -100
-163 226 -99
-163 226 -98
-163 226 -97
-163 227 -106
-163 227 -104
-163 227 -103
-163 227 -102
-163 227 -101
-163 227 -100
-163 227 -99
-163 227 -98
-163 227 -97
-163 228 -108
-163 228 -107
-163 228 -106
-163 228 -104
-163 228 -103
-163 228 -102
-163 228 -101
-163 228 -100
-163 228 -99
-163 228 -98
-163 228 -97
-163 229 -109
-163 229 -108
-163 229 -106
-163 229 -105
-163 229 -104
-163 229 -103
-163 229 -102
-163 229 -101
-163 229 -100
-163 229 -99
-163 229 -98
-163 229 -97
-163 230 -110
-163 230 -109
-163 230 -107
-163 230 -106
-163 230 -105
-163 230 -104
-163 230 -103
-163 230 -102
-163 230 -101
-163 230 -100
-163 230 -99
-163 230 -98
-163 230 -97
-163 231 -110
-163 231 -108
-163 231 -107
-163 231 -106
-163 231 -105
-163 231 -104
-163 231 -103
-163 231 -101
-163 231 -100
-163 231 -99
-163 231 -98
-163 231 -97
-163 232 -112
-163 232 -110
-163 232 -109
-163 232 -108
-163 232 -107
-163 232 -106
-163 232 -105
-163 232 -104
-163 232 -103
-163 232 -102
-163 232 -101
-163 232 -100
-163 232 -99
-163 232 -98
-163 232 -97
-163 233 -112
-163 233 -110
-163 233 -109
-163 233 -108
-163 233 -107
-163 233 -106
-163 233 -105
-163 233 -104
-163 233 -103
-163 233 -102
-163 233 -101
-163 233 -100
-163 233 -99
-163 233 -97
-163 234 -112
-163 234 -111
-163 234 -110
-163 234 -109
-163 234 -108
-163 234 -107
-163 234 -106
-163 234 -105
-163 234 -104
-163 234 -103
-163 234 -102
-163 234 -101
-163 234 -100
-163 234 -99
-163 234 -97
-163 235 -112
-163 235 -111
-163 235 -110
-163 235 -109
-163 235 -108
-163 235 -107
-163 235 -106
-163 235 -105
-163 235 -104
-163 235 -103
-163 235 -101
-163 235 -100
-163 235 -97
-163 236 -110
-163 236 -109
-163 236 -108
-163 236 -107
-163 236 -106
-163 236 -105
-163 236 -104
-163 236 -103
-163 236 -101
-163 236 -100
-163 237 -110
-163 237 -109
-163 237 -108
-163 237 -107
-163 237 -106
-163 237 -105
-163 237 -104
-163 237 -103
-163 237 -102
-163 237 -101
-163 238 -109
-163 238 -108
-163 238 -107
-163 238 -106
-163 238 -105
-163 238 -104
-163 239 -108
-163 239 -106
-163 239 -105
-163 239 -104
-162 225 -109
-162 225 -106
-162 225 -105
-162 225 -104
-162 225 -103
-162 225 -102
-162 225 -101
-162 225 -100
-162 225 -99
-162 225 -98
-162 225 -97
-162 226 -107
-162 226 -106
-162 226 -105
-162 226 -104
-162 226 -103
-162 226 -102
-162 226 -101
-162 226 -100
-162 226 -99
-162 226 -98
-162 226 -97
-162 227 -107
-162 227 -105
-162 227 -104
-162 227 -103
-162 227 -102
-162 227 -101
-162 227 -100
-162 227 -99
-162 227 -98
-162 227 -97
-162 228 -107
-162 228 -106
-162 228 -105
-162 228 -104
-162 228 -103
-162 228 -102
-162 228 -101
-162 228 -100
-162 228 -99
-162 228 -98
-162 228 -97
-162 229 -107
-162 229 -106
-162 229 -105
-162 229 -104
-162 229 -103
-162 229 -102
-162 229 -101
-162 229 -100
-162 229 -99
-162 229 -98
-162 229 -97
-162 230 -109
-162 230 -107
-162 230 -106
-162 230 -105
-162 230 -104
-162 230 -103
-162 230 -102
-162 230 -101
-162 230 -100
-162 230 -99
-162 230 -98
-162 230 -97
-162 231 -112
-162 231 -108
-162 231 -107
-162 231 -106
-162 231 -105
-162 231 -104
-162 231 -103
-162 231 -102
-162 231 -101
-162 231 -100
-162 231 -99
-162 231 -98
-162 231 -97
-162 232 -110
-162 232 -109
-162 232 -108
-162 232 -107
-162 232 -106
-162 232 -105
-162 232 -104
-162 232 -103
-162 232 -102
-162 232 -101
-162 232 -100
-162 232 -99
-162 232 -98
-162 232 -97
-162 233 -112
-162 233 -110
-162 233 -109
-162 233 -108
-162 233 -107
-162 233 -106
-162 233 -105
-162 233 -104
-162 233 -103
-162 233 -102
-162 233 -101
-162 233 -98
-162 233 -97
-162 234 -112
-162 234 -111
-162 234 -109
-162 234 -108
-162 234 -107
-162 234 -106
-162 234 -105
-162 234 -104
-162 234 -103
-162 234 -102
-162 234 -101
-162 234 -100
-162 234 -99
-162 234 -98
-162 234 -97
-162 235 -112
-162 235 -111
-162 235 -110
-162 235 -109
-162 235 -108
-162 235 -107
-162 235 -106
-162 235 -105
-162 235 -104
-162 235 -103
-162 235 -102
-162 235 -101
-162 235 -99
-162 235 -98
-162 235 -97
-162 236 -112
-162 236 -110
-162 236 -109
-162 236 -108
-162 236 -107
-162 236 -106
-162 236 -105
-162 236 -104
-162 236 -103
-162 236 -101
-162 236 -100
-162 237 -109
-162 237 -108
-162 237 -107
-162 237 -106
-162 237 -105
-162 237 -104
-162 237 -103
-162 237 -102
-162 237 -101
-162 238 -110
-162 238 -109
-162 238 -108
-162 238 -107
-162 238 -106
-162 238 -105
-162 238 -104
-162 238 -103
-162 238 -102
-162 239 -109
-162 239 -108
-162 239 -107
-162 239 -106
-162 239 -105
-162 239 -103
-162 240 -105
-162 240 -104
-162 240 -103
-162 241 -105
-161 225 -107
-161 225 -106
-161 225 -105
-161 225 -104
-161 225 -103
-161 225 -102
-161 225 -101
-161 225 -100
-161 225 -99
-161 225 -98
-161 225 -97
-161 226 -106
-161 226 -105
-161 226 -104
-161 226 -103
-161 226 -102
-161 226 -101
-161 226 -100
-161 226 -99
-161 226 -98
-161 226 -97
-161 227 -106
-161 227 -104
-161 227 -103
-161 227 -102
-161 227 -101
-161 227 -100
-161 227 -99
-161 227 -98
-161 227 -97
-161 228 -106
-161 228 -105
-161 228 -104
-161 228 -103
-161 228 -102
-161 228 -101
-161 228 -100
-161 228 -99
-161 228 -98
-161 228 -97
-161 229 -109
-161 229 -107
-161 229 -106
-161 229 -105
-161 229 -104
-161 229 -103
-161 229 -102
-161 229 -101
-161 229 -100
-161 229 -99
-161 229 -98
-161 229 -97
-161 230 -110
-161 230 -109
-161 230 -108
-161 230 -107
-161 230 -106
-161 230 -105
-161 230 -104
-161 230 -103
-161 230 -102
-161 230 -101
-161 230 -100
-161 230 -99
-161 230 -98
-161 230 -97
-161 231 -109
-161 231 -108
-161 231 -107
-161 231 -106
-161 231 -105
-161 231 -104
-161 231 -103
-161 231 -102
-161 231 -101
-161 231 -100
-161 231 -99
-161 231 -98
-161 231 -97
-161 232 -111
-161 232 -110
-161 232 -109
-161 232 -108
-161 232 -107
-161 232 -106
-161 232 -105
-161 232 -104
-161 232 -103
-161 232 -102
-161 232 -101
-161 232 -100
-161 232 -99
-161 232 -98
-161 232 -97
-161 233 -112
-161 233 -111
-161 233 -110
-161 233 -109
-161 233 -108
-161 233 -107
-161 233 -106
-161 233 -105
-161 233 -104
-161 233 -103
-161 233 -102
-161 233 -101
-161 233 -100
-161 233 -99
-161 233 -98
-161 233 -97
-161 234 -112
-161 234 -111
-161 234 -110
-161 234 -109
-161 234 -108
-161 234 -107
-161 234 -106
-161 234 -105
-161 234 -104
-161 234 -103
-161 234 -102
-161 234 -101
-161 234 -100
-161 234 -99
-161 234 -98
-161 235 -112
-161 235 -111
-161 235 -110
-161 235 -109
-161 235 -108
-161 235 -107
-161 235 -106
-161 235 -105
-161 235 -104
-161 235 -103
-161 235 -102
-161 235 -101
-161 235 -100
-161 235 -99
-161 235 -98
-161 236 -112
-161 236 -111
-161 236 -109
-161 236 -108
-161 236 -107
-161 236 -106
-161 236 -105
-161 236 -104
-161 236 -103
-161 236 -101
-161 236 -100
-161 237 -112
-161 237 -109
-161 237 -108
-161 237 -107
-161 237 -106
-161 237 -105
-161 237 -104
-161 237 -103
-161 237 -101
-161 238 -112
-161 238 -107
-161 238 -106
-161 238 -105
-161 238 -104
-161 238 -103
-161 239 -112
-161 239 -107
-161 239 -106
-161 240 -106

