alfheim:altWood1
12
-145 192 -67
-145 192 -65
-146 193 -69
-146 193 -68
-146 194 -70
-146 194 -69
-146 194 -68
-146 195 -70
-146 195 -69
-146 195 -68
-146 196 -70
-146 196 -69
-145 193 -69
-145 193 -68
-145 193 -65
-145 194 -70
-145 194 -69
-145 194 -68
-145 195 -70
-145 195 -69
-145 196 -70
-145 196 -69
alfheim:altLeaves
6
-152 190 -75
-152 190 -74
-152 190 -73
-152 191 -74
-152 191 -73
-152 192 -74
-152 192 -73
-152 192 -72
-151 185 -73
-151 186 -73
-151 186 -72
-151 187 -73
-151 187 -71
-151 188 -74
-151 188 -73
-151 189 -75
-151 189 -74
-151 189 -73
-151 189 -72
-151 190 -75
-151 190 -74
-151 190 -73
-151 191 -74
-151 191 -73
-151 192 -74
-151 192 -73
-150 185 -73
-150 185 -72
-150 186 -75
-150 186 -74
-150 186 -73
-150 186 -72
-150 187 -74
-150 187 -73
-150 187 -72
-150 187 -71
-150 188 -75
-150 188 -74
-150 188 -73
-150 188 -72
-150 188 -71
-150 189 -76
-150 189 -75
-150 189 -74
-150 189 -73
-150 189 -72
-150 189 -71
-150 190 -75
-150 190 -74
-150 190 -73
-150 190 -72
-150 191 -76
-150 191 -75
-150 191 -74
-150 191 -73
-150 191 -72
-150 191 -71
-150 192 -75
-150 192 -74
-150 192 -73
-150 192 -70
-149 184 -73
-149 185 -75
-149 185 -73
-149 185 -72
-149 186 -75
-149 186 -74
-149 186 -73
-149 186 -72
-149 186 -71
-149 186 -70
-149 187 -75
-149 187 -74
-149 187 -73
-149 187 -72
-149 187 -71
-149 187 -70
-149 187 -69
-149 188 -74
-149 188 -73
-149 188 -72
-149 188 -71
-149 189 -75
-149 189 -74
-149 189 -73
-149 189 -72
-149 190 -76
-149 190 -75
-149 190 -74
-149 190 -73
-149 190 -72
-149 190 -70
-149 191 -74
-149 191 -73
-149 191 -72
-149 191 -70
-149 192 -75
-149 192 -74
-149 192 -73
-149 192 -72
-149 192 -71
-149 192 -70
-148 186 -74
-148 186 -73
-148 186 -72
-148 187 -75
-148 187 -74
-148 187 -73
-148 187 -72
-148 187 -70
-148 188 -75
-148 188 -74
-148 188 -73
-148 188 -72
-148 189 -75
-148 189 -74
-148 189 -73
-148 189 -72
-148 189 -70
-148 190 -76
-148 190 -75
-148 190 -74
-148 190 -73
-148 190 -72
-148 190 -71
-148 190 -70
-148 191 -75
-148 191 -74
-148 191 -73
-148 191 -72
-148 191 -71
-148 191 -70
-148 192 -75
-148 192 -74
-148 192 -73
-148 192 -72
-148 192 -71
-148 192 -70
-147 186 -74
-147 186 -73
-147 187 -75
-147 187 -74
-147 187 -73
-147 187 -72
-147 188 -74
-147 188 -73
-147 189 -73
-147 190 -74
-147 190 -73
-147 190 -72
-147 190 -71
-147 190 -70
-147 191 -74
-147 191 -73
-147 191 -71
-147 192 -74
-147 192 -73
-147 192 -72
-147 192 -71
-147 192 -67
-147 192 -66
-146 186 -73
-146 187 -73
-146 187 -72
-146 188 -74
-146 188 -73
-146 189 -73
-146 190 -73
-146 190 -72
-146 190 -71
-146 191 -75
-146 191 -74
-146 191 -73
-146 191 -72
-146 192 -73
-146 192 -72
-146 192 -71
-145 188 -73
-145 190 -73
-145 191 -73
-145 192 -66
-160 212 -68
-160 213 -70
-160 213 -68
-160 214 -70
-160 214 -69
-160 214 -68
-160 214 -67
-160 214 -66
-160 215 -71
-160 215 -70
-160 215 -69
-160 215 -68
-160 215 -67
-160 215 -66
-160 215 -65
-160 216 -72
-160 216 -71
-160 216 -70
-160 216 -69
-160 216 -68
-160 216 -66
-160 216 -65
-160 217 -75
-160 217 -74
-160 217 -73
-160 217 -72
-160 217 -71
-160 217 -70
-160 217 -69
-160 217 -68
-160 217 -67
-160 217 -66
-160 217 -65
-160 218 -76
-160 218 -75
-160 218 -74
-160 218 -73
-160 218 -72
-160 218 -71
-160 218 -70
-160 218 -69
-160 218 -68
-160 218 -67
-160 218 -66
-160 218 -65
-160 219 -78
-160 219 -75
-160 219 -74
-160 219 -73
-160 219 -72
-160 219 -71
-160 219 -70
-160 219 -69
-160 219 -68
-160 219 -67
-160 219 -66
-160 219 -65
-160 220 -79
-160 220 -78
-160 220 -76
-160 220 -75
-160 220 -74
-160 220 -73
-160 220 -72
-160 220 -71
-160 220 -70
-160 220 -69
-160 220 -68
-160 220 -67
-160 220 -66
-160 220 -65
-160 221 -80
-160 221 -79
-160 221 -78
-160 221 -76
-160 221 -75
-160 221 -74
-160 221 -73
-160 221 -72
-160 221 -71
-160 221 -70
-160 221 -69
-160 221 -68
-160 221 -67
-160 221 -66
-160 221 -65
-160 222 -80
-160 222 -79
-160 222 -78
-160 222 -77
-160 222 -76
-160 222 -75
-160 222 -74
-160 222 -73
-160 222 -72
-160 222 -71
-160 222 -70
-160 222 -69
-160 222 -68
-160 222 -67
-160 222 -65
-160 223 -80
-160 223 -79
-160 223 -78
-160 223 -77
-160 223 -76
-160 223 -75
-160 223 -74
-160 223 -73
-160 223 -72
-160 223 -71
-160 223 -70
-160 223 -69
-160 223 -68
-160 223 -67
-160 223 -66
-160 223 -65
-160 224 -80
-160 224 -79
-160 224 -78
-160 224 -77
-160 224 -76
-160 224 -75
-160 224 -74
-160 224 -73
-160 224 -72
-160 224 -71
-160 224 -70
-160 224 -69
-160 224 -68
-160 224 -67
-160 224 -65
-159 213 -68
-159 214 -70
-159 214 -69
-159 214 -68
-159 214 -67
-159 215 -73
-159 215 -72
-159 215 -71
-159 215 -70
-159 215 -69
-159 215 -68
-159 215 -65
-159 216 -73
-159 216 -72
-159 216 -71
-159 216 -70
-159 216 -69
-159 216 -68
-159 216 -67
-159 216 -66
-159 216 -65
-159 217 -75
-159 217 -73
-159 217 -72
-159 217 -71
-159 217 -70
-159 217 -69
-159 217 -68
-159 217 -67
-159 217 -66
-159 217 -65
-159 218 -75
-159 218 -74
-159 218 -73
-159 218 -72
-159 218 -71
-159 218 -70
-159 218 -69
-159 218 -68
-159 218 -67
-159 218 -66
-159 218 -65
-159 219 -76
-159 219 -75
-159 219 -74
-159 219 -73
-159 219 -72
-159 219 -71
-159 219 -70
-159 219 -69
-159 219 -68
-159 219 -67
-159 219 -66
-159 219 -65
-159 220 -79
-159 220 -77
-159 220 -76
-159 220 -75
-159 220 -74
-159 220 -73
-159 220 -72
-159 220 -71
-159 220 -70
-159 220 -69
-159 220 -68
-159 220 -67
-159 220 -66
-159 220 -65
-159 221 -79
-159 221 -78
-159 221 -77
-159 221 -76
-159 221 -75
-159 221 -74
-159 221 -73
-159 221 -72
-159 221 -71
-159 221 -70
-159 221 -69
-159 221 -68
-159 221 -67
-159 221 -66
-159 221 -65
-159 222 -80
-159 222 -79
-159 222 -78
-159 222 -77
-159 222 -76
-159 222 -75
-159 222 -74
-159 222 -73
-159 222 -72
-159 222 -71
-159 222 -70
-159 222 -69
-159 222 -68
-159 222 -67
-159 222 -66
-159 222 -65
-159 223 -80
-159 223 -79
-159 223 -78
-159 223 -77
-159 223 -76
-159 223 -75
-159 223 -74
-159 223 -73
-159 223 -72
-159 223 -71
-159 223 -70
-159 223 -69
-159 223 -68
-159 223 -67
-159 223 -66
-159 223 -65
-159 224 -80
-159 224 -79
-159 224 -78
-159 224 -77
-159 224 -76
-159 224 -75
-159 224 -74
-159 224 -73
-159 224 -72
-159 224 -71
-159 224 -70
-159 224 -69
-159 224 -68
-159 224 -67
-159 224 -66
-159 224 -65
-158 214 -73
-158 214 -70
-158 214 -69
-158 215 -73
-158 215 -72
-158 215 -71
-158 215 -70
-158 215 -69
-158 215 -68
-158 215 -67
-158 216 -73
-158 216 -72
-158 216 -71
-158 216 -70
-158 216 -69
-158 216 -68
-158 216 -67
-158 216 -66
-158 217 -75
-158 217 -74
-158 217 -73
-158 217 -72
-158 217 -71
-158 217 -70
-158 217 -69
-158 217 -68
-158 217 -67
-158 217 -66
-158 217 -65
-158 218 -74
-158 218 -73
-158 218 -72
-158 218 -71
-158 218 -70
-158 218 -69
-158 218 -68
-158 218 -67
-158 218 -66
-158 218 -65
-158 219 -76
-158 219 -75
-158 219 -74
-158 219 -73
-158 219 -72
-158 219 -71
-158 219 -70
-158 219 -69
-158 219 -68
-158 219 -67
-158 219 -66
-158 219 -65
-158 220 -80
-158 220 -77
-158 220 -76
-158 220 -75
-158 220 -74
-158 220 -73
-158 220 -72
-158 220 -71
-158 220 -70
-158 220 -69
-158 220 -68
-158 220 -67
-158 220 -66
-158 221 -80
-158 221 -79
-158 221 -78
-158 221 -77
-158 221 -76
-158 221 -75
-158 221 -74
-158 221 -73
-158 221 -72
-158 221 -71
-158 221 -70
-158 221 -69
-158 221 -68
-158 221 -67
-158 221 -66
-158 221 -65
-158 222 -80
-158 222 -79
-158 222 -78
-158 222 -77
-158 222 -76
-158 222 -75
-158 222 -74
-158 222 -73
-158 222 -72
-158 222 -71
-158 222 -70
-158 222 -69
-158 222 -68
-158 222 -67
-158 222 -66
-158 222 -65
-158 223 -80
-158 223 -79
-158 223 -78
-158 223 -77
-158 223 -76
-158 223 -75
-158 223 -74
-158 223 -73
-158 223 -72
-158 223 -71
-158 223 -70
-158 223 -69
-158 223 -68
-158 223 -67
-158 223 -66
-158 223 -65
-158 224 -80
-158 224 -79
-158 224 -78
-158 224 -77
-158 224 -76
-158 224 -75
-158 224 -74
-158 224 -73
-158 224 -72
-158 224 -71
-158 224 -70
-158 224 -69
-158 224 -68
-158 224 -67
-158 224 -66
-158 224 -65
-157 199 -77
-157 199 -73
-157 199 -72
-157 200 -72
-157 213 -71
-157 214 -71
-157 214 -70
-157 214 -69
-157 214 -68
-157 215 -74
-157 215 -73
-157 215 -72
-157 215 -70
-157 215 -69
-157 215 -68
-157 215 -67
-157 216 -73
-157 216 -72
-157 216 -71
-157 216 -70
-157 216 -69
-157 216 -68
-157 216 -67
-157 217 -73
-157 217 -72
-157 217 -71
-157 217 -70
-157 217 -69
-157 217 -68
-157 217 -67
-157 217 -66
-157 217 -65
-157 218 -75
-157 218 -74
-157 218 -73
-157 218 -72
-157 218 -71
-157 218 -70
-157 218 -69
-157 218 -68
-157 218 -67
-157 218 -66
-157 218 -65
-157 219 -80
-157 219 -79
-157 219 -76
-157 219 -75
-157 219 -74
-157 219 -73
-157 219 -72
-157 219 -71
-157 219 -70
-157 219 -69
-157 219 -68
-157 219 -67
-157 219 -66
-157 220 -80
-157 220 -79
-157 220 -76
-157 220 -75
-157 220 -74
-157 220 -73
-157 220 -72
-157 220 -71
-157 220 -70
-157 220 -69
-157 220 -68
-157 220 -67
-157 220 -66
-157 220 -65
-157 221 -80
-157 221 -79
-157 221 -78
-157 221 -77
-157 221 -76
-157 221 -75
-157 221 -74
-157 221 -73
-157 221 -72
-157 221 -71
-157 221 -70
-157 221 -69
-157 221 -68
-157 221 -67
-157 221 -66
-157 221 -65
-157 222 -80
-157 222 -79
-157 222 -78
-157 222 -77
-157 222 -76
-157 222 -75
-157 222 -74
-157 222 -73
-157 222 -72
-157 222 -71
-157 222 -70
-157 222 -69
-157 222 -68
-157 222 -67
-157 222 -66
-157 223 -80
-157 223 -79
-157 223 -78
-157 223 -77
-157 223 -76
-157 223 -75
-157 223 -74
-157 223 -73
-157 223 -72
-157 223 -71
-157 223 -70
-157 223 -69
-157 223 -68
-157 223 -67
-157 223 -66
-157 223 -65
-157 224 -80
-157 224 -79
-157 224 -78
-157 224 -77
-157 224 -76
-157 224 -75
-157 224 -74
-157 224 -73
-157 224 -72
-157 224 -71
-157 224 -70
-157 224 -69
-157 224 -68
-157 224 -67
-157 224 -66
-157 224 -65
-156 197 -72
-156 198 -78
-156 198 -77
-156 198 -73
-156 198 -72
-156 198 -71
-156 199 -78
-156 199 -77
-156 199 -73
-156 199 -72
-156 200 -73
-156 200 -72
-156 212 -70
-156 213 -73
-156 213 -72
-156 213 -71
-156 213 -70
-156 213 -69
-156 214 -74
-156 214 -73
-156 214 -72
-156 214 -71
-156 214 -70
-156 214 -69
-156 215 -74
-156 215 -73
-156 215 -72
-156 215 -71
-156 215 -70
-156 215 -69
-156 215 -68
-156 215 -67
-156 216 -74
-156 216 -73
-156 216 -72
-156 216 -71
-156 216 -70
-156 216 -69
-156 216 -68
-156 216 -67
-156 217 -74
-156 217 -73
-156 217 -72
-156 217 -71
-156 217 -70
-156 217 -69
-156 217 -68
-156 217 -67
-156 217 -65
-156 218 -79
-156 218 -78
-156 218 -75
-156 218 -74
-156 218 -73
-156 218 -72
-156 218 -71
-156 218 -70
-156 218 -69
-156 218 -68
-156 218 -67
-156 218 -66
-156 218 -65
-156 219 -80
-156 219 -79
-156 219 -78
-156 219 -75
-156 219 -74
-156 219 -73
-156 219 -72
-156 219 -71
-156 219 -70
-156 219 -69
-156 219 -68
-156 219 -67
-156 219 -66
-156 219 -65
-156 220 -80
-156 220 -79
-156 220 -78
-156 220 -75
-156 220 -74
-156 220 -73
-156 220 -72
-156 220 -71
-156 220 -70
-156 220 -69
-156 220 -68
-156 220 -67
-156 220 -66
-156 220 -65
-156 221 -80
-156 221 -79
-156 221 -78
-156 221 -77
-156 221 -75
-156 221 -74
-156 221 -73
-156 221 -72
-156 221 -71
-156 221 -70
-156 221 -69
-156 221 -68
-156 221 -67
-156 221 -66
-156 221 -65
-156 222 -80
-156 222 -79
-156 222 -78
-156 222 -77
-156 222 -76
-156 222 -75
-156 222 -74
-156 222 -73
-156 222 -72
-156 222 -71
-156 222 -70
-156 222 -69
-156 222 -68
-156 222 -67
-156 222 -66
-156 222 -65
-156 223 -80
-156 223 -79
-156 223 -78
-156 223 -77
-156 223 -76
-156 223 -75
-156 223 -74
-156 223 -73
-156 223 -72
-156 223 -71
-156 223 -70
-156 223 -69
-156 223 -68
-156 223 -67
-156 223 -66
-156 223 -65
-156 224 -80
-156 224 -79
-156 224 -78
-156 224 -77
-156 224 -76
-156 224 -75
-156 224 -74
-156 224 -73
-156 224 -72
-156 224 -71
-156 224 -70
-156 224 -69
-156 224 -68
-156 224 -67
-156 224 -66
-156 224 -65
-155 196 -74
-155 196 -72
-155 197 -78
-155 197 -77
-155 197 -76
-155 197 -70
-155 197 -69
-155 198 -79
-155 198 -78
-155 198 -77
-155 198 -76
-155 198 -75
-155 198 -74
-155 198 -73
-155 198 -72
-155 198 -71
-155 198 -70
-155 198 -69
-155 198 -68
-155 199 -78
-155 199 -77
-155 199 -76
-155 199 -74
-155 199 -73
-155 199 -72
-155 199 -71
-155 199 -70
-155 200 -78
-155 200 -77
-155 200 -73
-155 200 -72
-155 201 -77
-155 212 -70
-155 213 -71
-155 213 -70
-155 213 -69
-155 214 -71
-155 214 -70
-155 214 -69
-155 215 -74
-155 215 -70
-155 215 -69
-155 216 -74
-155 216 -73
-155 216 -72
-155 216 -71
-155 216 -70
-155 216 -69
-155 217 -73
-155 217 -72
-155 217 -71
-155 217 -70
-155 217 -69
-155 217 -68
-155 217 -67
-155 217 -66
-155 217 -65
-155 218 -80
-155 218 -79
-155 218 -78
-155 218 -74
-155 218 -73
-155 218 -72
-155 218 -71
-155 218 -70
-155 218 -69
-155 218 -68
-155 218 -67
-155 218 -66
-155 218 -65
-155 219 -79
-155 219 -78
-155 219 -77
-155 219 -76
-155 219 -75
-155 219 -74
-155 219 -73
-155 219 -72
-155 219 -71
-155 219 -70
-155 219 -69
-155 219 -68
-155 219 -67
-155 219 -65
-155 220 -80
-155 220 -79
-155 220 -78
-155 220 -77
-155 220 -76
-155 220 -75
-155 220 -74
-155 220 -73
-155 220 -72
-155 220 -71
-155 220 -70
-155 220 -69
-155 220 -68
-155 220 -67
-155 220 -66
-155 221 -80
-155 221 -79
-155 221 -78
-155 221 -77
-155 221 -76
-155 221 -75
-155 221 -74
-155 221 -73
-155 221 -72
-155 221 -71
-155 221 -70
-155 221 -69
-155 221 -68
-155 221 -67
-155 221 -66
-155 221 -65
-155 222 -80
-155 222 -79
-155 222 -78
-155 222 -77
-155 222 -76
-155 222 -75
-155 222 -74
-155 222 -73
-155 222 -72
-155 222 -71
-155 222 -70
-155 222 -69
-155 222 -68
-155 222 -67
-155 222 -66
-155 222 -65
-155 223 -80
-155 223 -79
-155 223 -78
-155 223 -77
-155 223 -76
-155 223 -75
-155 223 -74
-155 223 -73
-155 223 -72
-155 223 -71
-155 223 -70
-155 223 -69
-155 223 -68
-155 223 -67
-155 223 -66
-155 223 -65
-155 224 -80
-155 224 -79
-155 224 -78
-155 224 -77
-155 224 -76
-155 224 -75
-155 224 -74
-155 224 -73
-155 224 -72
-155 224 -71
-155 224 -70
-155 224 -69
-155 224 -68
-155 224 -67
-155 224 -66
-155 224 -65
-154 196 -77
-154 196 -75
-154 196 -74
-154 196 -72
-154 196 -70
-154 196 -69
-154 196 -67
-154 197 -78
-154 197 -77
-154 197 -74
-154 197 -73
-154 197 -72
-154 197 -71
-154 197 -70
-154 197 -69
-154 197 -68
-154 197 -67
-154 198 -78
-154 198 -77
-154 198 -76
-154 198 -75
-154 198 -74
-154 198 -73
-154 198 -72
-154 198 -71
-154 198 -70
-154 198 -69
-154 198 -66
-154 199 -80
-154 199 -79
-154 199 -78
-154 199 -77
-154 199 -76
-154 199 -75
-154 199 -74
-154 199 -73
-154 199 -72
-154 199 -71
-154 199 -70
-154 199 -69
-154 199 -68
-154 200 -78
-154 200 -77
-154 200 -76
-154 200 -75
-154 200 -74
-154 200 -73
-154 200 -72
-154 200 -71
-154 200 -70
-154 201 -78
-154 201 -77
-154 201 -76
-154 201 -73
-154 202 -71
-154 208 -65
-154 209 -65
-154 212 -66
-154 213 -65
-154 214 -70
-154 214 -69
-154 214 -68
-154 215 -72
-154 215 -71
-154 215 -70
-154 215 -69
-154 215 -68
-154 215 -67
-154 215 -65
-154 216 -74
-154 216 -73
-154 216 -72
-154 216 -71
-154 216 -70
-154 216 -69
-154 216 -68
-154 216 -67
-154 216 -66
-154 216 -65
-154 217 -75
-154 217 -74
-154 217 -73
-154 217 -72
-154 217 -71
-154 217 -70
-154 217 -69
-154 217 -68
-154 217 -67
-154 217 -66
-154 217 -65
-154 218 -79
-154 218 -76
-154 218 -75
-154 218 -74
-154 218 -73
-154 218 -72
-154 218 -71
-154 218 -70
-154 218 -69
-154 218 -68
-154 218 -67
-154 218 -66
-154 218 -65
-154 219 -79
-154 219 -78
-154 219 -76
-154 219 -75
-154 219 -74
-154 219 -73
-154 219 -72
-154 219 -71
-154 219 -70
-154 219 -69
-154 219 -68
-154 219 -67
-154 219 -66
-154 219 -65
-154 220 -80
-154 220 -79
-154 220 -77
-154 220 -75
-154 220 -74
-154 220 -73
-154 220 -72
-154 220 -71
-154 220 -70
-154 220 -69
-154 220 -68
-154 220 -67
-154 220 -66
-154 220 -65
-154 221 -80
-154 221 -79
-154 221 -78
-154 221 -77
-154 221 -76
-154 221 -75
-154 221 -74
-154 221 -73
-154 221 -72
-154 221 -71
-154 221 -70
-154 221 -69
-154 221 -68
-154 221 -67
-154 221 -66
-154 221 -65
-154 222 -80
-154 222 -79
-154 222 -78
-154 222 -77
-154 222 -76
-154 222 -75
-154 222 -74
-154 222 -73
-154 222 -72
-154 222 -71
-154 222 -70
-154 222 -69
-154 222 -68
-154 222 -67
-154 222 -66
-154 222 -65
-154 223 -80
-154 223 -79
-154 223 -78
-154 223 -77
-154 223 -76
-154 223 -75
-154 223 -74
-154 223 -73
-154 223 -72
-154 223 -71
-154 223 -70
-154 223 -69
-154 223 -68
-154 223 -67
-154 223 -66
-154 223 -65
-154 224 -80
-154 224 -79
-154 224 -78
-154 224 -77
-154 224 -76
-154 224 -75
-154 224 -74
-154 224 -73
-154 224 -72
-154 224 -71
-154 224 -70
-154 224 -69
-154 224 -68
-154 224 -67
-154 224 -66
-154 224 -65
-153 195 -74
-153 195 -73
-153 195 -70
-153 196 -78
-153 196 -77
-153 196 -76
-153 196 -75
-153 196 -74
-153 196 -73
-153 196 -72
-153 196 -70
-153 196 -69
-153 196 -68
-153 196 -67
-153 196 -66
-153 197 -78
-153 197 -77
-153 197 -76
-153 197 -75
-153 197 -74
-153 197 -73
-153 197 -72
-153 197 -71
-153 197 -70
-153 197 -69
-153 197 -68
-153 197 -67
-153 197 -66
-153 197 -65
-153 198 -79
-153 198 -78
-153 198 -77
-153 198 -76
-153 198 -75
-153 198 -74
-153 198 -73
-153 198 -72
-153 198 -71
-153 198 -70
-153 198 -69
-153 198 -68
-153 198 -67
-153 198 -66
-153 198 -65
-153 199 -80
-153 199 -79
-153 199 -78
-153 199 -77
-153 199 -76
-153 199 -75
-153 199 -74
-153 199 -73
-153 199 -72
-153 199 -71
-153 199 -70
-153 200 -79
-153 200 -78
-153 200 -77
-153 200 -76
-153 200 -75
-153 200 -73
-153 200 -72
-153 200 -71
-153 200 -70
-153 201 -79
-153 201 -78
-153 201 -77
-153 201 -76
-153 201 -74
-153 201 -73
-153 201 -72
-153 201 -71
-153 201 -70
-153 202 -77
-153 202 -72
-153 202 -71
-153 202 -70
-153 202 -69
-153 207 -65
-153 208 -65
-153 209 -66
-153 209 -65
-153 210 -65
-153 211 -65
-153 212 -66
-153 212 -65
-153 213 -66
-153 213 -65
-153 214 -71
-153 214 -68
-153 214 -67
-153 214 -65
-153 215 -74
-153 215 -71
-153 215 -70
-153 215 -68
-153 215 -67
-153 215 -66
-153 215 -65
-153 216 -76
-153 216 -74
-153 216 -73
-153 216 -72
-153 216 -70
-153 216 -69
-153 216 -68
-153 216 -67
-153 216 -66
-153 216 -65
-153 217 -76
-153 217 -75
-153 217 -74
-153 217 -73
-153 217 -72
-153 217 -71
-153 217 -70
-153 217 -69
-153 217 -68
-153 217 -67
-153 217 -66
-153 217 -65
-153 218 -76
-153 218 -75
-153 218 -74
-153 218 -73
-153 218 -72
-153 218 -71
-153 218 -70
-153 218 -69
-153 218 -68
-153 218 -67
-153 218 -66
-153 218 -65
-153 219 -79
-153 219 -76
-153 219 -75
-153 219 -74
-153 219 -73
-153 219 -72
-153 219 -71
-153 219 -70
-153 219 -69
-153 219 -68
-153 219 -67
-153 219 -66
-153 219 -65
-153 220 -79
-153 220 -77
-153 220 -76
-153 220 -75
-153 220 -74
-153 220 -73
-153 220 -72
-153 220 -71
-153 220 -70
-153 220 -69
-153 220 -68
-153 220 -67
-153 220 -66
-153 220 -65
-153 221 -80
-153 221 -79
-153 221 -77
-153 221 -76
-153 221 -75
-153 221 -74
-153 221 -73
-153 221 -72
-153 221 -71
-153 221 -70
-153 221 -69
-153 221 -68
-153 221 -67
-153 221 -66
-153 221 -65
-153 222 -80
-153 222 -79
-153 222 -78
-153 222 -77
-153 222 -76
-153 222 -75
-153 222 -74
-153 222 -73
-153 222 -72
-153 222 -71
-153 222 -70
-153 222 -69
-153 222 -68
-153 222 -67
-153 222 -66
-153 222 -65
-153 223 -80
-153 223 -79
-153 223 -78
-153 223 -77
-153 223 -76
-153 223 -75
-153 223 -74
-153 223 -73
-153 223 -72
-153 223 -71
-153 223 -70
-153 223 -69
-153 223 -68
-153 223 -67
-153 223 -66
-153 223 -65
-153 224 -80
-153 224 -79
-153 224 -78
-153 224 -77
-153 224 -76
-153 224 -75
-153 224 -74
-153 224 -73
-153 224 -72
-153 224 -71
-153 224 -70
-153 224 -69
-153 224 -68
-153 224 -67
-153 224 -66
-153 224 -65
-152 193 -67
-152 194 -74
-152 194 -73
-152 194 -69
-152 194 -68
-152 194 -67
-152 195 -75
-152 195 -74
-152 195 -73
-152 195 -72
-152 195 -70
-152 195 -69
-152 195 -68
-152 195 -67
-152 195 -66
-152 196 -74
-152 196 -73
-152 196 -72
-152 196 -71
-152 196 -70
-152 196 -69
-152 196 -68
-152 196 -67
-152 196 -66
-152 196 -65
-152 197 -79
-152 197 -78
-152 197 -77
-152 197 -76
-152 197 -75
-152 197 -74
-152 197 -73
-152 197 -72
-152 197 -71
-152 197 -70
-152 197 -69
-152 197 -68
-152 197 -67
-152 197 -66
-152 197 -65
-152 198 -80
-152 198 -79
-152 198 -78
-152 198 -77
-152 198 -76
-152 198 -75
-152 198 -74
-152 198 -73
-152 198 -72
-152 198 -71
-152 198 -70
-152 198 -69
-152 198 -68
-152 198 -67
-152 198 -66
-152 199 -80
-152 199 -79
-152 199 -78
-152 199 -77
-152 199 -76
-152 199 -75
-152 199 -74
-152 199 -73
-152 199 -72
-152 199 -71
-152 199 -69
-152 199 -68
-152 199 -66
-152 200 -80
-152 200 -79
-152 200 -78
-152 200 -77
-152 200 -76
-152 200 -75
-152 200 -74
-152 200 -73
-152 200 -72
-152 200 -71
-152 200 -70
-152 200 -69
-152 200 -68
-152 201 -79
-152 201 -77
-152 201 -75
-152 201 -74
-152 201 -73
-152 201 -72
-152 201 -71
-152 201 -69
-152 202 -73
-152 202 -72
-152 202 -71
-152 202 -70
-152 202 -69
-152 203 -72
-152 203 -71
-152 203 -69
-152 204 -71
-152 205 -70
-152 206 -66
-152 206 -65
-152 207 -67
-152 207 -66
-152 207 -65
-152 208 -66
-152 208 -65
-152 209 -67
-152 209 -65
-152 210 -67
-152 210 -66
-152 210 -65
-152 211 -67
-152 211 -66
-152 211 -65
-152 212 -67
-152 212 -66
-152 212 -65
-152 213 -68
-152 213 -67
-152 213 -66
-152 213 -65
-152 214 -71
-152 214 -70
-152 214 -68
-152 214 -67
-152 214 -66
-152 214 -65
-152 215 -73
-152 215 -72
-152 215 -71
-152 215 -70
-152 215 -69
-152 215 -68
-152 215 -67
-152 215 -66
-152 215 -65
-152 216 -75
-152 216 -74
-152 216 -73
-152 216 -72
-152 216 -71
-152 216 -70
-152 216 -69
-152 216 -68
-152 216 -67
-152 216 -66
-152 216 -65
-152 217 -76
-152 217 -75
-152 217 -74
-152 217 -73
-152 217 -72
-152 217 -71
-152 217 -70
-152 217 -69
-152 217 -68
-152 217 -67
-152 217 -66
-152 217 -65
-152 218 -76
-152 218 -75
-152 218 -74
-152 218 -73
-152 218 -72
-152 218 -71
-152 218 -70
-152 218 -69
-152 218 -68
-152 218 -67
-152 218 -66
-152 218 -65
-152 219 -77
-152 219 -76
-152 219 -75
-152 219 -74
-152 219 -73
-152 219 -72
-152 219 -71
-152 219 -70
-152 219 -69
-152 219 -68
-152 219 -67
-152 219 -66
-152 219 -65
-152 220 -79
-152 220 -78
-152 220 -77
-152 220 -76
-152 220 -75
-152 220 -74
-152 220 -73
-152 220 -72
-152 220 -71
-152 220 -70
-152 220 -69
-152 220 -68
-152 220 -67
-152 220 -66
-152 220 -65
-152 221 -80
-152 221 -79
-152 221 -78
-152 221 -77
-152 221 -76
-152 221 -75
-152 221 -74
-152 221 -73
-152 221 -72
-152 221 -71
-152 221 -70
-152 221 -69
-152 221 -68
-152 221 -67
-152 221 -66
-152 221 -65
-152 222 -80
-152 222 -79
-152 222 -78
-152 222 -77
-152 222 -76
-152 222 -75
-152 222 -74
-152 222 -73
-152 222 -72
-152 222 -71
-152 222 -70
-152 222 -69
-152 222 -68
-152 222 -67
-152 222 -66
-152 222 -65
-152 223 -80
-152 223 -79
-152 223 -78
-152 223 -77
-152 223 -76
-152 223 -75
-152 223 -74
-152 223 -73
-152 223 -72
-152 223 -71
-152 223 -70
-152 223 -69
-152 223 -68
-152 223 -67
-152 223 -66
-152 223 -65
-152 224 -80
-152 224 -79
-152 224 -78
-152 224 -77
-152 224 -76
-152 224 -75
-152 224 -74
-152 224 -73
-152 224 -72
-152 224 -71
-152 224 -70
-152 224 -69
-152 224 -68
-152 224 -67
-152 224 -66
-152 224 -65
-151 194 -74
-151 194 -68
-151 194 -67
-151 195 -75
-151 195 -74
-151 195 -69
-151 195 -67
-151 195 -66
-151 195 -65
-151 196 -76
-151 196 -74
-151 196 -73
-151 196 -72
-151 196 -71
-151 196 -70
-151 196 -69
-151 196 -68
-151 196 -67
-151 196 -66
-151 196 -65
-151 197 -77
-151 197 -76
-151 197 -75
-151 197 -74
-151 197 -73
-151 197 -72
-151 197 -71
-151 197 -70
-151 197 -69
-151 197 -68
-151 197 -67
-151 197 -66
-151 198 -79
-151 198 -78
-151 198 -77
-151 198 -76
-151 198 -75
-151 198 -74
-151 198 -73
-151 198 -72
-151 198 -71
-151 198 -70
-151 198 -69
-151 198 -68
-151 198 -67
-151 198 -66
-151 199 -79
-151 199 -78
-151 199 -77
-151 199 -76
-151 199 -75
-151 199 -74
-151 199 -73
-151 199 -72
-151 199 -71
-151 199 -70
-151 199 -69
-151 199 -68
-151 199 -67
-151 200 -78
-151 200 -77
-151 200 -76
-151 200 -75
-151 200 -73
-151 200 -72
-151 200 -71
-151 200 -70
-151 200 -69
-151 201 -78
-151 201 -75
-151 201 -74
-151 201 -73
-151 201 -72
-151 201 -71
-151 201 -70
-151 201 -69
-151 202 -74
-151 202 -73
-151 202 -72
-151 202 -71
-151 202 -70
-151 203 -73
-151 203 -72
-151 203 -71
-151 203 -70
-151 203 -69
-151 204 -70
-151 204 -69
-151 205 -70
-151 206 -70
-151 206 -65
-151 207 -67
-151 207 -65
-151 208 -67
-151 208 -66
-151 208 -65
-151 209 -67
-151 209 -66
-151 209 -65
-151 210 -68
-151 210 -67
-151 210 -66
-151 210 -65
-151 211 -67
-151 211 -66
-151 211 -65
-151 212 -68
-151 212 -67
-151 212 -66
-151 212 -65
-151 213 -70
-151 213 -69
-151 213 -68
-151 213 -67
-151 213 -66
-151 213 -65
-151 214 -70
-151 214 -69
-151 214 -68
-151 214 -67
-151 214 -66
-151 214 -65
-151 215 -73
-151 215 -71
-151 215 -70
-151 215 -69
-151 215 -68
-151 215 -67
-151 215 -66
-151 215 -65
-151 216 -73
-151 216 -72
-151 216 -71
-151 216 -70
-151 216 -69
-151 216 -68
-151 216 -67
-151 216 -66
-151 216 -65
-151 217 -75
-151 217 -73
-151 217 -72
-151 217 -71
-151 217 -70
-151 217 -69
-151 217 -68
-151 217 -67
-151 217 -66
-151 217 -65
-151 218 -76
-151 218 -75
-151 218 -74
-151 218 -73
-151 218 -72
-151 218 -71
-151 218 -70
-151 218 -69
-151 218 -68
-151 218 -67
-151 218 -66
-151 218 -65
-151 219 -78
-151 219 -77
-151 219 -76
-151 219 -75
-151 219 -74
-151 219 -73
-151 219 -72
-151 219 -71
-151 219 -70
-151 219 -69
-151 219 -68
-151 219 -67
-151 219 -66
-151 219 -65
-151 220 -79
-151 220 -78
-151 220 -77
-151 220 -76
-151 220 -75
-151 220 -74
-151 220 -73
-151 220 -72
-151 220 -71
-151 220 -70
-151 220 -69
-151 220 -68
-151 220 -67
-151 220 -66
-151 220 -65
-151 221 -80
-151 221 -79
-151 221 -78
-151 221 -77
-151 221 -76
-151 221 -75
-151 221 -74
-151 221 -73
-151 221 -72
-151 221 -71
-151 221 -70
-151 221 -69
-151 221 -68
-151 221 -67
-151 221 -66
-151 221 -65
-151 222 -80
-151 222 -79
-151 222 -78
-151 222 -76
-151 222 -75
-151 222 -74
-151 222 -73
-151 222 -72
-151 222 -71
-151 222 -70
-151 222 -69
-151 222 -68
-151 222 -67
-151 222 -66
-151 222 -65
-151 223 -79
-151 223 -78
-151 223 -77
-151 223 -76
-151 223 -75
-151 223 -74
-151 223 -73
-151 223 -72
-151 223 -71
-151 223 -70
-151 223 -69
-151 223 -68
-151 223 -67
-151 223 -66
-151 223 -65
-151 224 -80
-151 224 -79
-151 224 -78
-151 224 -77
-151 224 -76
-151 224 -75
-151 224 -74
-151 224 -72
-151 224 -71
-151 224 -70
-151 224 -69
-151 224 -68
-151 224 -67
-151 224 -65
-150 193 -74
-150 193 -73
-150 194 -74
-150 194 -73
-150 194 -71
-150 194 -68
-150 194 -67
-150 194 -66
-150 195 -75
-150 195 -74
-150 195 -73
-150 195 -72
-150 195 -71
-150 195 -70
-150 195 -69
-150 195 -68
-150 195 -67
-150 195 -66
-150 195 -65
-150 196 -75
-150 196 -74
-150 196 -73
-150 196 -72
-150 196 -70
-150 196 -69
-150 196 -67
-150 196 -66
-150 196 -65
-150 197 -79
-150 197 -78
-150 197 -76
-150 197 -75
-150 197 -74
-150 197 -72
-150 197 -71
-150 197 -70
-150 197 -69
-150 197 -68
-150 197 -67
-150 197 -66
-150 197 -65
-150 198 -80
-150 198 -79
-150 198 -78
-150 198 -77
-150 198 -76
-150 198 -75
-150 198 -74
-150 198 -73
-150 198 -72
-150 198 -71
-150 198 -70
-150 198 -69
-150 198 -68
-150 198 -67
-150 198 -66
-150 198 -65
-150 199 -79
-150 199 -78
-150 199 -77
-150 199 -76
-150 199 -75
-150 199 -74
-150 199 -73
-150 199 -72
-150 199 -71
-150 199 -70
-150 199 -69
-150 199 -68
-150 199 -67
-150 199 -66
-150 200 -79
-150 200 -78
-150 200 -77
-150 200 -76
-150 200 -75
-150 200 -74
-150 200 -73
-150 200 -72
-150 200 -71
-150 200 -70
-150 200 -68
-150 201 -79
-150 201 -78
-150 201 -77
-150 201 -76
-150 201 -75
-150 201 -74
-150 201 -73
-150 201 -72
-150 201 -71
-150 201 -70
-150 201 -69
-150 201 -68
-150 202 -75
-150 202 -74
-150 202 -73
-150 202 -72
-150 202 -71
-150 202 -70
-150 202 -69
-150 202 -68
-150 202 -67
-150 203 -77
-150 203 -73
-150 203 -72
-150 203 -71
-150 203 -70
-150 203 -69
-150 203 -68
-150 204 -72
-150 204 -71
-150 204 -70
-150 204 -69
-150 204 -68
-150 205 -71
-150 207 -66
-150 207 -65
-150 208 -66
-150 208 -65
-150 209 -66
-150 209 -65
-150 210 -67
-150 210 -66
-150 210 -65
-150 211 -67
-150 211 -66
-150 211 -65
-150 212 -68
-150 212 -67
-150 212 -66
-150 212 -65
-150 213 -69
-150 213 -67
-150 213 -66
-150 213 -65
-150 214 -69
-150 214 -67
-150 214 -66
-150 214 -65
-150 215 -75
-150 215 -74
-150 215 -73
-150 215 -71
-150 215 -69
-150 215 -67
-150 215 -66
-150 215 -65
-150 216 -76
-150 216 -75
-150 216 -73
-150 216 -72
-150 216 -71
-150 216 -69
-150 216 -68
-150 216 -67
-150 216 -66
-150 216 -65
-150 217 -75
-150 217 -74
-150 217 -73
-150 217 -72
-150 217 -71
-150 217 -70
-150 217 -69
-150 217 -68
-150 217 -67
-150 217 -66
-150 217 -65
-150 218 -77
-150 218 -76
-150 218 -75
-150 218 -74
-150 218 -73
-150 218 -72
-150 218 -71
-150 218 -70
-150 218 -69
-150 218 -68
-150 218 -67
-150 218 -66
-150 218 -65
-150 219 -78
-150 219 -77
-150 219 -76
-150 219 -75
-150 219 -74
-150 219 -73
-150 219 -72
-150 219 -71
-150 219 -70
-150 219 -69
-150 219 -68
-150 219 -67
-150 219 -66
-150 219 -65
-150 220 -80
-150 220 -78
-150 220 -77
-150 220 -76
-150 220 -75
-150 220 -74
-150 220 -73
-150 220 -72
-150 220 -71
-150 220 -70
-150 220 -69
-150 220 -68
-150 220 -67
-150 220 -66
-150 220 -65
-150 221 -80
-150 221 -79
-150 221 -78
-150 221 -77
-150 221 -76
-150 221 -75
-150 221 -74
-150 221 -73
-150 221 -72
-150 221 -71
-150 221 -70
-150 221 -69
-150 221 -68
-150 221 -67
-150 221 -66
-150 221 -65
-150 222 -80
-150 222 -79
-150 222 -78
-150 222 -77
-150 222 -76
-150 222 -75
-150 222 -74
-150 222 -73
-150 222 -72
-150 222 -71
-150 222 -70
-150 222 -69
-150 222 -68
-150 222 -67
-150 222 -66
-150 222 -65
-150 223 -80
-150 223 -79
-150 223 -78
-150 223 -77
-150 223 -76
-150 223 -75
-150 223 -74
-150 223 -73
-150 223 -72
-150 223 -71
-150 223 -70
-150 223 -69
-150 223 -68
-150 223 -67
-150 223 -66
-150 223 -65
-150 224 -80
-150 224 -79
-150 224 -78
-150 224 -77
-150 224 -76
-150 224 -75
-150 224 -74
-150 224 -73
-150 224 -72
-150 224 -71
-150 224 -69
-150 224 -68
-150 224 -67
-150 224 -66
-150 224 -65
-149 193 -75
-149 193 -74
-149 193 -73
-149 193 -72
-149 193 -71
-149 194 -74
-149 194 -73
-149 194 -72
-149 194 -71
-149 194 -68
-149 194 -67
-149 194 -66
-149 194 -65
-149 195 -75
-149 195 -74
-149 195 -73
-149 195 -72
-149 195 -71
-149 195 -70
-149 195 -69
-149 195 -68
-149 195 -67
-149 195 -66
-149 195 -65
-149 196 -76
-149 196 -74
-149 196 -73
-149 196 -72
-149 196 -70
-149 196 -69
-149 196 -68
-149 196 -67
-149 196 -66
-149 196 -65
-149 197 -80
-149 197 -79
-149 197 -78
-149 197 -77
-149 197 -76
-149 197 -75
-149 197 -74
-149 197 -73
-149 197 -72
-149 197 -71
-149 197 -70
-149 197 -69
-149 197 -68
-149 197 -67
-149 197 -66
-149 197 -65
-149 198 -80
-149 198 -78
-149 198 -77
-149 198 -75
-149 198 -74
-149 198 -73
-149 198 -72
-149 198 -71
-149 198 -70
-149 198 -69
-149 198 -68
-149 198 -67
-149 198 -66
-149 198 -65
-149 199 -80
-149 199 -79
-149 199 -78
-149 199 -77
-149 199 -76
-149 199 -75
-149 199 -74
-149 199 -73
-149 199 -72
-149 199 -71
-149 199 -69
-149 199 -66
-149 199 -65
-149 200 -80
-149 200 -79
-149 200 -78
-149 200 -77
-149 200 -76
-149 200 -75
-149 200 -74
-149 200 -73
-149 200 -72
-149 200 -71
-149 200 -70
-149 201 -78
-149 201 -77
-149 201 -76
-149 201 -75
-149 201 -74
-149 201 -73
-149 201 -72
-149 201 -71
-149 201 -70
-149 201 -69
-149 201 -67
-149 202 -79
-149 202 -78
-149 202 -77
-149 202 -76
-149 202 -75
-149 202 -74
-149 202 -73
-149 202 -72
-149 202 -71
-149 202 -70
-149 202 -69
-149 202 -68
-149 202 -67
-149 202 -66
-149 203 -77
-149 203 -76
-149 203 -74
-149 203 -73
-149 203 -72
-149 203 -71
-149 203 -70
-149 203 -69
-149 203 -68
-149 203 -66
-149 204 -72
-149 204 -71
-149 204 -68
-149 205 -68
-149 208 -65
-149 209 -66
-149 209 -65
-149 211 -66
-149 211 -65
-149 212 -68
-149 212 -67
-149 212 -66
-149 212 -65
-149 213 -67
-149 213 -66
-149 213 -65
-149 214 -69
-149 215 -65
-149 216 -75
-149 216 -74
-149 216 -73
-149 216 -71
-149 216 -70
-149 216 -69
-149 216 -65
-149 217 -75
-149 217 -74
-149 217 -73
-149 217 -72
-149 217 -71
-149 217 -70
-149 217 -69
-149 217 -68
-149 217 -67
-149 217 -66
-149 217 -65
-149 218 -76
-149 218 -75
-149 218 -74
-149 218 -73
-149 218 -72
-149 218 -71
-149 218 -70
-149 218 -69
-149 218 -68
-149 218 -67
-149 218 -66
-149 218 -65
-149 219 -77
-149 219 -76
-149 219 -75
-149 219 -74
-149 219 -73
-149 219 -72
-149 219 -71
-149 219 -70
-149 219 -69
-149 219 -68
-149 219 -67
-149 219 -66
-149 219 -65
-149 220 -78
-149 220 -77
-149 220 -76
-149 220 -75
-149 220 -74
-149 220 -73
-149 220 -72
-149 220 -71
-149 220 -70
-149 220 -69
-149 220 -68
-149 220 -67
-149 220 -66
-149 220 -65
-149 221 -77
-149 221 -76
-149 221 -75
-149 221 -74
-149 221 -73
-149 221 -72
-149 221 -71
-149 221 -70
-149 221 -69
-149 221 -68
-149 221 -67
-149 221 -66
-149 221 -65
-149 222 -80
-149 222 -79
-149 222 -78
-149 222 -77
-149 222 -76
-149 222 -75
-149 222 -74
-149 222 -73
-149 222 -72
-149 222 -71
-149 222 -70
-149 222 -69
-149 222 -68
-149 222 -67
-149 222 -66
-149 222 -65
-149 223 -77
-149 223 -76
-149 223 -75
-149 223 -74
-149 223 -73
-149 223 -72
-149 223 -71
-149 223 -70
-149 223 -69
-149 223 -68
-149 223 -67
-149 223 -66
-149 223 -65
-149 224 -80
-149 224 -79
-149 224 -78
-149 224 -77
-149 224 -76
-149 224 -75
-149 224 -74
-149 224 -73
-149 224 -72
-149 224 -71
-149 224 -70
-149 224 -69
-149 224 -66
-149 224 -65
-148 193 -75
-148 193 -74
-148 193 -73
-148 193 -72
-148 193 -71
-148 193 -70
-148 193 -68
-148 194 -74
-148 194 -73
-148 194 -72
-148 194 -71
-148 194 -70
-148 194 -68
-148 194 -67
-148 194 -66
-148 194 -65
-148 195 -75
-148 195 -74
-148 195 -73
-148 195 -72
-148 195 -71
-148 195 -70
-148 195 -69
-148 195 -67
-148 195 -66
-148 195 -65
-148 196 -79
-148 196 -78
-148 196 -75
-148 196 -73
-148 196 -72
-148 196 -71
-148 196 -70
-148 196 -69
-148 196 -68
-148 196 -67
-148 196 -66
-148 196 -65
-148 197 -79
-148 197 -78
-148 197 -77
-148 197 -76
-148 197 -75
-148 197 -73
-148 197 -72
-148 197 -71
-148 197 -70
-148 197 -68
-148 197 -67
-148 197 -66
-148 197 -65
-148 198 -80
-148 198 -79
-148 198 -78
-148 198 -77
-148 198 -74
-148 198 -73
-148 198 -72
-148 198 -71
-148 198 -70
-148 198 -69
-148 198 -68
-148 198 -67
-148 198 -66
-148 198 -65
-148 199 -80
-148 199 -79
-148 199 -78
-148 199 -77
-148 199 -76
-148 199 -75
-148 199 -74
-148 199 -73
-148 199 -72
-148 199 -71
-148 199 -70
-148 199 -65
-148 200 -80
-148 200 -79
-148 200 -78
-148 200 -77
-148 200 -76
-148 200 -75
-148 200 -74
-148 200 -73
-148 200 -72
-148 200 -71
-148 200 -70
-148 200 -69
-148 201 -79
-148 201 -78
-148 201 -77
-148 201 -76
-148 201 -75
-148 201 -74
-148 201 -73
-148 201 -72
-148 201 -71
-148 201 -70
-148 201 -69
-148 201 -68
-148 201 -67
-148 201 -66
-148 202 -80
-148 202 -79
-148 202 -78
-148 202 -77
-148 202 -76
-148 202 -75
-148 202 -74
-148 202 -73
-148 202 -72
-148 202 -71
-148 202 -70
-148 202 -69
-148 202 -68
-148 202 -67
-148 202 -65
-148 203 -79
-148 203 -78
-148 203 -75
-148 203 -74
-148 203 -73
-148 203 -72
-148 203 -71
-148 203 -68
-148 203 -67
-148 203 -66
-148 204 -71
-148 204 -66
-148 209 -65
-148 211 -66
-148 212 -74
-148 212 -67
-148 212 -65
-148 213 -65
-148 214 -65
-148 215 -74
-148 215 -69
-148 216 -75
-148 216 -74
-148 216 -73
-148 216 -72
-148 216 -70
-148 216 -69
-148 216 -68
-148 216 -65
-148 217 -77
-148 217 -75
-148 217 -74
-148 217 -73
-148 217 -72
-148 217 -71
-148 217 -70
-148 217 -69
-148 217 -68
-148 217 -67
-148 217 -66
-148 217 -65
-148 218 -77
-148 218 -76
-148 218 -75
-148 218 -74
-148 218 -73
-148 218 -72
-148 218 -71
-148 218 -70
-148 218 -69
-148 218 -68
-148 218 -67
-148 218 -66
-148 218 -65
-148 219 -77
-148 219 -76
-148 219 -75
-148 219 -74
-148 219 -73
-148 219 -72
-148 219 -71
-148 219 -70
-148 219 -69
-148 219 -68
-148 219 -67
-148 219 -66
-148 219 -65
-148 220 -78
-148 220 -77
-148 220 -76
-148 220 -75
-148 220 -74
-148 220 -73
-148 220 -72
-148 220 -71
-148 220 -70
-148 220 -69
-148 220 -68
-148 220 -67
-148 220 -66
-148 220 -65
-148 221 -79
-148 221 -78
-148 221 -77
-148 221 -76
-148 221 -75
-148 221 -74
-148 221 -73
-148 221 -72
-148 221 -71
-148 221 -70
-148 221 -69
-148 221 -68
-148 221 -67
-148 221 -66
-148 221 -65
-148 222 -77
-148 222 -76
-148 222 -75
-148 222 -74
-148 222 -73
-148 222 -72
-148 222 -71
-148 222 -70
-148 222 -69
-148 222 -68
-148 222 -67
-148 222 -66
-148 222 -65
-148 223 -78
-148 223 -77
-148 223 -76
-148 223 -74
-148 223 -73
-148 223 -72
-148 223 -71
-148 223 -70
-148 223 -69
-148 223 -68
-148 223 -67
-148 223 -66
-148 223 -65
-148 224 -79
-148 224 -77
-148 224 -76
-148 224 -75
-148 224 -74
-148 224 -73
-148 224 -72
-148 224 -71
-148 224 -70
-148 224 -69
-148 224 -68
-148 224 -67
-148 224 -66
-148 224 -65
-147 193 -75
-147 193 -74
-147 193 -73
-147 193 -72
-147 193 -71
-147 193 -69
-147 193 -68
-147 193 -67
-147 193 -66
-147 193 -65
-147 194 -75
-147 194 -74
-147 194 -73
-147 194 -72
-147 194 -71
-147 194 -70
-147 194 -68
-147 194 -67
-147 194 -66
-147 194 -65
-147 195 -76
-147 195 -75
-147 195 -74
-147 195 -73
-147 195 -72
-147 195 -71
-147 195 -70
-147 195 -68
-147 195 -67
-147 195 -66
-147 195 -65
-147 196 -80
-147 196 -79
-147 196 -78
-147 196 -76
-147 196 -75
-147 196 -74
-147 196 -73
-147 196 -72
-147 196 -71
-147 196 -70
-147 196 -68
-147 196 -67
-147 196 -66
-147 196 -65
-147 197 -80
-147 197 -79
-147 197 -78
-147 197 -77
-147 197 -76
-147 197 -75
-147 197 -74
-147 197 -73
-147 197 -72
-147 197 -71
-147 197 -68
-147 197 -67
-147 197 -66
-147 197 -65
-147 198 -80
-147 198 -79
-147 198 -78
-147 198 -77
-147 198 -74
-147 198 -73
-147 198 -72
-147 198 -71
-147 198 -70
-147 198 -67
-147 198 -66
-147 198 -65
-147 199 -80
-147 199 -79
-147 199 -78
-147 199 -77
-147 199 -76
-147 199 -74
-147 199 -73
-147 199 -72
-147 199 -71
-147 199 -66
-147 200 -80
-147 200 -79
-147 200 -78
-147 200 -77
-147 200 -76
-147 200 -75
-147 200 -74
-147 200 -73
-147 200 -72
-147 200 -71
-147 200 -70
-147 200 -69
-147 200 -68
-147 200 -66
-147 201 -79
-147 201 -78
-147 201 -77
-147 201 -76
-147 201 -75
-147 201 -74
-147 201 -73
-147 201 -72
-147 201 -71
-147 201 -70
-147 201 -69
-147 201 -68
-147 201 -67
-147 201 -66
-147 201 -65
-147 202 -79
-147 202 -78
-147 202 -77
-147 202 -76
-147 202 -75
-147 202 -74
-147 202 -73
-147 202 -72
-147 202 -71
-147 202 -69
-147 202 -68
-147 202 -67
-147 202 -66
-147 202 -65
-147 203 -76
-147 203 -75
-147 203 -74
-147 203 -73
-147 203 -72
-147 203 -71
-147 203 -69
-147 203 -68
-147 203 -67
-147 203 -66
-147 203 -65
-147 204 -75
-147 204 -74
-147 204 -73
-147 204 -69
-147 204 -68
-147 205 -68
-147 210 -74
-147 211 -75
-147 211 -74
-147 211 -73
-147 212 -74
-147 212 -73
-147 213 -74
-147 214 -75
-147 214 -74
-147 214 -73
-147 215 -75
-147 215 -74
-147 215 -73
-147 215 -72
-147 216 -75
-147 216 -74
-147 216 -73
-147 216 -72
-147 216 -71
-147 216 -65
-147 217 -76
-147 217 -75
-147 217 -74
-147 217 -73
-147 217 -72
-147 217 -71
-147 217 -68
-147 217 -67
-147 217 -66
-147 217 -65
-147 218 -76
-147 218 -75
-147 218 -74
-147 218 -73
-147 218 -72
-147 218 -71
-147 218 -70
-147 218 -69
-147 218 -68
-147 218 -67
-147 218 -66
-147 218 -65
-147 219 -77
-147 219 -76
-147 219 -75
-147 219 -74
-147 219 -73
-147 219 -72
-147 219 -71
-147 219 -70
-147 219 -69
-147 219 -68
-147 219 -67
-147 219 -66
-147 219 -65
-147 220 -77
-147 220 -76
-147 220 -75
-147 220 -74
-147 220 -73
-147 220 -72
-147 220 -71
-147 220 -70
-147 220 -69
-147 220 -68
-147 220 -67
-147 220 -66
-147 220 -65
-147 221 -78
-147 221 -77
-147 221 -76
-147 221 -75
-147 221 -74
-147 221 -73
-147 221 -72
-147 221 -71
-147 221 -70
-147 221 -69
-147 221 -68
-147 221 -67
-147 221 -66
-147 221 -65
-147 222 -79
-147 222 -78
-147 222 -77
-147 222 -76
-147 222 -75
-147 222 -74
-147 222 -73
-147 222 -72
-147 222 -71
-147 222 -70
-147 222 -69
-147 222 -68
-147 222 -67
-147 222 -66
-147 222 -65
-147 223 -79
-147 223 -78
-147 223 -77
-147 223 -76
-147 223 -75
-147 223 -74
-147 223 -73
-147 223 -72
-147 223 -71
-147 223 -70
-147 223 -69
-147 223 -68
-147 223 -67
-147 223 -66
-147 223 -65
-147 224 -80
-147 224 -79
-147 224 -78
-147 224 -77
-147 224 -76
-147 224 -75
-147 224 -74
-147 224 -73
-147 224 -72
-147 224 -71
-147 224 -70
-147 224 -69
-147 224 -68
-147 224 -67
-147 224 -66
-147 224 -65
-146 193 -75
-146 193 -67
-146 193 -66
-146 193 -65
-146 194 -75
-146 194 -73
-146 194 -72
-146 194 -67
-146 194 -66
-146 194 -65
-146 195 -75
-146 195 -74
-146 195 -73
-146 195 -72
-146 195 -67
-146 195 -66
-146 195 -65
-146 196 -75
-146 196 -73
-146 196 -72
-146 196 -68
-146 196 -67
-146 196 -66
-146 196 -65
-146 197 -80
-146 197 -79
-146 197 -78
-146 197 -77
-146 197 -74
-146 197 -72
-146 197 -67
-146 197 -66
-146 197 -65
-146 198 -80
-146 198 -79
-146 198 -78
-146 198 -77
-146 198 -72
-146 198 -67
-146 198 -66
-146 198 -65
-146 199 -80
-146 199 -79
-146 199 -78
-146 199 -77
-146 199 -76
-146 199 -75
-146 199 -72
-146 199 -71
-146 199 -67
-146 200 -80
-146 200 -79
-146 200 -78
-146 200 -77
-146 200 -76
-146 200 -75
-146 200 -74
-146 200 -73
-146 200 -72
-146 200 -71
-146 200 -70
-146 200 -69
-146 200 -68
-146 200 -67
-146 200 -66
-146 201 -80
-146 201 -79
-146 201 -78
-146 201 -77
-146 201 -76
-146 201 -75
-146 201 -74
-146 201 -73
-146 201 -72
-146 201 -71
-146 201 -70
-146 201 -69
-146 201 -68
-146 201 -67
-146 201 -66
-146 201 -65
-146 202 -80
-146 202 -79
-146 202 -78
-146 202 -76
-146 202 -75
-146 202 -74
-146 202 -73
-146 202 -72
-146 202 -71
-146 202 -70
-146 202 -68
-146 202 -67
-146 202 -66
-146 202 -65
-146 203 -78
-146 203 -77
-146 203 -75
-146 203 -74
-146 203 -73
-146 203 -72
-146 203 -71
-146 203 -70
-146 203 -69
-146 203 -68
-146 203 -67
-146 203 -66
-146 203 -65
-146 204 -78
-146 204 -75
-146 204 -74
-146 204 -73
-146 204 -72
-146 204 -70
-146 204 -69
-146 204 -68
-146 204 -66
-146 205 -75
-146 205 -74
-146 206 -74
-146 209 -74
-146 210 -75
-146 210 -74
-146 210 -73
-146 210 -72
-146 211 -75
-146 211 -74
-146 211 -73
-146 211 -72
-146 211 -71
-146 212 -75
-146 212 -74
-146 212 -72
-146 213 -75
-146 213 -74
-146 213 -73
-146 214 -75
-146 214 -74
-146 214 -73
-146 214 -72
-146 215 -76
-146 215 -75
-146 215 -74
-146 215 -73
-146 215 -72
-146 215 -71
-146 216 -75
-146 216 -74
-146 216 -73
-146 216 -72
-146 216 -71
-146 216 -70
-146 217 -76
-146 217 -75
-146 217 -74
-146 217 -73
-146 217 -72
-146 217 -71
-146 217 -70
-146 217 -65
-146 218 -76
-146 218 -75
-146 218 -74
-146 218 -73
-146 218 -72
-146 218 -71
-146 218 -70
-146 218 -69
-146 218 -68
-146 218 -66
-146 218 -65
-146 219 -76
-146 219 -75
-146 219 -74
-146 219 -73
-146 219 -72
-146 219 -71
-146 219 -70
-146 219 -69
-146 219 -68
-146 219 -66
-146 219 -65
-146 220 -78
-146 220 -77
-146 220 -76
-146 220 -75
-146 220 -74
-146 220 -73
-146 220 -72
-146 220 -71
-146 220 -70
-146 220 -69
-146 220 -68
-146 220 -66
-146 220 -65
-146 221 -79
-146 221 -78
-146 221 -77
-146 221 -76
-146 221 -75
-146 221 -74
-146 221 -73
-146 221 -72
-146 221 -71
-146 221 -70
-146 221 -69
-146 221 -68
-146 221 -67
-146 221 -66
-146 221 -65
-146 222 -79
-146 222 -78
-146 222 -77
-146 222 -76
-146 222 -75
-146 222 -74
-146 222 -73
-146 222 -72
-146 222 -71
-146 222 -70
-146 222 -69
-146 222 -68
-146 222 -67
-146 222 -66
-146 222 -65
-146 223 -80
-146 223 -79
-146 223 -78
-146 223 -77
-146 223 -76
-146 223 -75
-146 223 -74
-146 223 -73
-146 223 -72
-146 223 -71
-146 223 -70
-146 223 -69
-146 223 -68
-146 223 -67
-146 223 -66
-146 223 -65
-146 224 -80
-146 224 -79
-146 224 -78
-146 224 -77
-146 224 -76
-146 224 -75
-146 224 -74
-146 224 -73
-146 224 -72
-146 224 -71
-146 224 -70
-146 224 -69
-146 224 -68
-146 224 -67
-146 224 -66
-145 193 -67
-145 193 -66
-145 194 -73
-145 194 -72
-145 194 -67
-145 194 -66
-145 194 -65
-145 195 -73
-145 195 -72
-145 195 -68
-145 195 -67
-145 195 -66
-145 195 -65
-145 196 -79
-145 196 -73
-145 196 -68
-145 196 -67
-145 196 -66
-145 196 -65
-145 197 -80
-145 197 -79
-145 197 -78
-145 197 -72
-145 197 -67
-145 197 -66
-145 197 -65
-145 198 -80
-145 198 -79
-145 198 -78
-145 198 -74
-145 198 -72
-145 198 -67
-145 198 -66
-145 199 -80
-145 199 -79
-145 199 -77
-145 199 -76
-145 199 -75
-145 199 -74
-145 199 -73
-145 199 -69
-145 199 -68
-145 199 -67
-145 199 -66
-145 199 -65
-145 200 -80
-145 200 -79
-145 200 -78
-145 200 -77
-145 200 -76
-145 200 -75
-145 200 -74
-145 200 -73
-145 200 -72
-145 200 -71
-145 200 -70
-145 200 -69
-145 200 -67
-145 200 -66
-145 200 -65
-145 201 -80
-145 201 -79
-145 201 -78
-145 201 -77
-145 201 -76
-145 201 -75
-145 201 -74
-145 201 -73
-145 201 -72
-145 201 -71
-145 201 -70
-145 201 -69
-145 201 -68
-145 201 -67
-145 201 -66
-145 201 -65
-145 202 -80
-145 202 -79
-145 202 -78
-145 202 -77
-145 202 -76
-145 202 -75
-145 202 -74
-145 202 -73
-145 202 -72
-145 202 -71
-145 202 -70
-145 202 -69
-145 202 -68
-145 202 -67
-145 203 -79
-145 203 -77
-145 203 -76
-145 203 -74
-145 203 -73
-145 203 -72
-145 203 -71
-145 203 -70
-145 203 -69
-145 203 -68
-145 203 -67
-145 203 -66
-145 204 -74
-145 204 -71
-145 204 -70
-145 204 -68
-145 204 -67
-145 205 -71
-145 209 -73
-145 210 -75
-145 210 -74
-145 211 -75
-145 211 -74
-145 211 -73
-145 211 -72
-145 212 -76
-145 212 -75
-145 212 -74
-145 212 -73
-145 212 -72
-145 213 -75
-145 213 -74
-145 213 -73
-145 213 -72
-145 214 -76
-145 214 -75
-145 214 -74
-145 214 -73
-145 214 -72
-145 215 -76
-145 215 -75
-145 215 -74
-145 215 -73
-145 215 -72
-145 216 -75
-145 216 -74
-145 216 -73
-145 216 -72
-145 216 -71
-145 216 -70
-145 217 -76
-145 217 -75
-145 217 -74
-145 217 -73
-145 217 -72
-145 217 -71
-145 217 -70
-145 218 -76
-145 218 -75
-145 218 -74
-145 218 -73
-145 218 -72
-145 218 -71
-145 218 -70
-145 218 -65
-145 219 -76
-145 219 -75
-145 219 -74
-145 219 -73
-145 219 -72
-145 219 -71
-145 219 -70
-145 219 -69
-145 219 -66
-145 219 -65
-145 220 -76
-145 220 -75
-145 220 -74
-145 220 -73
-145 220 -72
-145 220 -71
-145 220 -70
-145 220 -69
-145 220 -68
-145 220 -67
-145 220 -65
-145 221 -78
-145 221 -77
-145 221 -76
-145 221 -75
-145 221 -74
-145 221 -73
-145 221 -72
-145 221 -71
-145 221 -70
-145 221 -69
-145 221 -68
-145 221 -67
-145 221 -66
-145 221 -65
-145 222 -80
-145 222 -79
-145 222 -78
-145 222 -77
-145 222 -76
-145 222 -75
-145 222 -74
-145 222 -73
-145 222 -72
-145 222 -71
-145 222 -70
-145 222 -69
-145 222 -68
-145 222 -67
-145 222 -66
-145 222 -65
-145 223 -80
-145 223 -79
-145 223 -78
-145 223 -77
-145 223 -76
-145 223 -75
-145 223 -74
-145 223 -73
-145 223 -72
-145 223 -71
-145 223 -70
-145 223 -69
-145 223 -68
-145 223 -67
-145 223 -66
-145 223 -65
-145 224 -80
-145 224 -79
-145 224 -78
-145 224 -77
-145 224 -76
-145 224 -75
-145 224 -74
-145 224 -73
-145 224 -72
-145 224 -71
-145 224 -70
-145 224 -69
-145 224 -68
-145 224 -67
-145 224 -66
-145 224 -65
-160 225 -80
-160 225 -79
-160 225 -78
-160 225 -77
-160 225 -76
-160 225 -75
-160 225 -74
-160 225 -73
-160 225 -72
-160 225 -71
-160 225 -70
-160 225 -69
-160 225 -68
-160 225 -67
-160 225 -66
-160 226 -80
-160 226 -79
-160 226 -78
-160 226 -77
-160 226 -76
-160 226 -75
-160 226 -74
-160 226 -73
-160 226 -72
-160 226 -71
-160 226 -70
-160 226 -69
-160 226 -68
-160 226 -67
-160 226 -66
-160 227 -80
-160 227 -78
-160 227 -77
-160 227 -76
-160 227 -75
-160 227 -74
-160 227 -73
-160 227 -72
-160 227 -71
-160 227 -70
-160 227 -69
-160 227 -68
-160 228 -80
-160 228 -79
-160 228 -78
-160 228 -77
-160 228 -76
-160 228 -75
-160 228 -74
-160 228 -73
-160 228 -72
-160 228 -71
-160 228 -70
-160 228 -69
-160 229 -78
-160 229 -77
-160 229 -76
-160 229 -75
-160 229 -74
-160 229 -73
-160 229 -70
-160 230 -78
-160 230 -75
-160 230 -74
-160 230 -73
-160 231 -74
-160 231 -73
-160 232 -74
-159 225 -80
-159 225 -79
-159 225 -78
-159 225 -77
-159 225 -76
-159 225 -75
-159 225 -74
-159 225 -73
-159 225 -72
-159 225 -71
-159 225 -70
-159 225 -69
-159 225 -68
-159 225 -67
-159 226 -80
-159 226 -79
-159 226 -78
-159 226 -77
-159 226 -76
-159 226 -75
-159 226 -74
-159 226 -73
-159 226 -72
-159 226 -71
-159 226 -70
-159 226 -69
-159 226 -68
-159 226 -67
-159 227 -80
-159 227 -79
-159 227 -78
-159 227 -77
-159 227 -76
-159 227 -75
-159 227 -74
-159 227 -73
-159 227 -72
-159 227 -71
-159 227 -70
-159 227 -69
-159 227 -68
-159 227 -67
-159 228 -80
-159 228 -78
-159 228 -77
-159 228 -76
-159 228 -74
-159 228 -73
-159 228 -72
-159 228 -71
-159 228 -70
-159 228 -69
-159 229 -75
-159 229 -74
-159 229 -73
-159 229 -72
-159 229 -71
-159 229 -70
-159 229 -69
-159 230 -74
-159 230 -72
-159 230 -71
-159 230 -70
-159 231 -74
-159 231 -73
-159 232 -75
-159 232 -74
-159 232 -73
-158 225 -80
-158 225 -79
-158 225 -78
-158 225 -77
-158 225 -76
-158 225 -75
-158 225 -74
-158 225 -73
-158 225 -72
-158 225 -71
-158 225 -70
-158 225 -69
-158 225 -68
-158 225 -67
-158 225 -66
-158 225 -65
-158 226 -80
-158 226 -79
-158 226 -78
-158 226 -77
-158 226 -76
-158 226 -75
-158 226 -74
-158 226 -73
-158 226 -72
-158 226 -71
-158 226 -70
-158 226 -69
-158 226 -68
-158 226 -66
-158 226 -65
-158 227 -80
-158 227 -79
-158 227 -78
-158 227 -76
-158 227 -75
-158 227 -74
-158 227 -73
-158 227 -72
-158 227 -71
-158 227 -70
-158 227 -69
-158 227 -68
-158 227 -67
-158 227 -66
-158 227 -65
-158 228 -80
-158 228 -79
-158 228 -78
-158 228 -77
-158 228 -76
-158 228 -74
-158 228 -73
-158 228 -72
-158 228 -71
-158 228 -70
-158 228 -69
-158 228 -68
-158 228 -67
-158 229 -79
-158 229 -76
-158 229 -74
-158 229 -72
-158 229 -71
-158 229 -69
-158 229 -68
-158 229 -67
-158 230 -74
-158 230 -73
-158 230 -68
-158 231 -75
-158 231 -74
-157 225 -80
-157 225 -79
-157 225 -78
-157 225 -77
-157 225 -76
-157 225 -75
-157 225 -74
-157 225 -73
-157 225 -72
-157 225 -71
-157 225 -70
-157 225 -69
-157 225 -68
-157 225 -67
-157 225 -66
-157 225 -65
-157 226 -80
-157 226 -79
-157 226 -78
-157 226 -77
-157 226 -76
-157 226 -75
-157 226 -74
-157 226 -73
-157 226 -72
-157 226 -71
-157 226 -70
-157 226 -69
-157 226 -68
-157 226 -67
-157 226 -66
-157 226 -65
-157 227 -80
-157 227 -79
-157 227 -78
-157 227 -77
-157 227 -76
-157 227 -75
-157 227 -74
-157 227 -72
-157 227 -71
-157 227 -70
-157 227 -68
-157 227 -67
-157 227 -65
-157 228 -80
-157 228 -79
-157 228 -78
-157 228 -77
-157 228 -76
-157 228 -75
-157 228 -74
-157 228 -73
-157 228 -72
-157 228 -71
-157 228 -69
-157 228 -68
-157 229 -80
-157 229 -79
-157 229 -78
-157 229 -74
-157 229 -71
-157 229 -69
-157 229 -68
-157 229 -67
-157 230 -80
-157 230 -79
-157 230 -75
-157 230 -74
-157 231 -74
-156 225 -80
-156 225 -79
-156 225 -78
-156 225 -77
-156 225 -76
-156 225 -75
-156 225 -74
-156 225 -73
-156 225 -72
-156 225 -71
-156 225 -70
-156 225 -69
-156 225 -68
-156 225 -67
-156 225 -66
-156 225 -65
-156 226 -80
-156 226 -79
-156 226 -78
-156 226 -77
-156 226 -76
-156 226 -75
-156 226 -74
-156 226 -73
-156 226 -72
-156 226 -71
-156 226 -70
-156 226 -69
-156 226 -68
-156 226 -67
-156 226 -66
-156 226 -65
-156 227 -80
-156 227 -79
-156 227 -78
-156 227 -77
-156 227 -76
-156 227 -75
-156 227 -74
-156 227 -73
-156 227 -72
-156 227 -71
-156 227 -70
-156 227 -69
-156 227 -68
-156 227 -67
-156 227 -66
-156 228 -80
-156 228 -79
-156 228 -78
-156 228 -77
-156 228 -76
-156 228 -75
-156 228 -74
-156 228 -72
-156 228 -71
-156 228 -70
-156 228 -69
-156 228 -68
-156 228 -67
-156 228 -66
-156 229 -80
-156 229 -79
-156 229 -78
-156 229 -77
-156 229 -71
-156 229 -69
-156 229 -68
-156 230 -80
-156 230 -79
-156 230 -78
-156 230 -69
-156 231 -80
-155 225 -80
-155 225 -79
-155 225 -78
-155 225 -77
-155 225 -76
-155 225 -75
-155 225 -74
-155 225 -73
-155 225 -72
-155 225 -71
-155 225 -70
-155 225 -69
-155 225 -68
-155 225 -67
-155 225 -66
-155 225 -65
-155 226 -80
-155 226 -79
-155 226 -78
-155 226 -77
-155 226 -76
-155 226 -75
-155 226 -74
-155 226 -73
-155 226 -72
-155 226 -71
-155 226 -70
-155 226 -68
-155 226 -67
-155 226 -66
-155 226 -65
-155 227 -80
-155 227 -79
-155 227 -78
-155 227 -77
-155 227 -76
-155 227 -75
-155 227 -74
-155 227 -73
-155 227 -72
-155 227 -71
-155 227 -70
-155 227 -69
-155 227 -68
-155 227 -67
-155 227 -65
-155 228 -80
-155 228 -79
-155 228 -78
-155 228 -76
-155 228 -75
-155 228 -73
-155 228 -69
-155 228 -67
-155 228 -66
-155 229 -80
-155 229 -79
-155 229 -78
-155 229 -69
-155 229 -67
-155 230 -80
-155 230 -79
-155 231 -79
-154 225 -80
-154 225 -79
-154 225 -78
-154 225 -77
-154 225 -76
-154 225 -75
-154 225 -74
-154 225 -73
-154 225 -72
-154 225 -71
-154 225 -70
-154 225 -69
-154 225 -68
-154 225 -66
-154 225 -65
-154 226 -80
-154 226 -79
-154 226 -78
-154 226 -77
-154 226 -76
-154 226 -75
-154 226 -74
-154 226 -73
-154 226 -72
-154 226 -71
-154 226 -70
-154 226 -69
-154 226 -67
-154 226 -66
-154 227 -80
-154 227 -79
-154 227 -78
-154 227 -77
-154 227 -76
-154 227 -75
-154 227 -74
-154 227 -73
-154 227 -72
-154 227 -69
-154 227 -67
-154 228 -80
-154 228 -79
-154 228 -78
-154 228 -75
-154 228 -74
-154 228 -69
-154 229 -80
-154 229 -79
-154 229 -78
-154 229 -77
-154 230 -78
-154 231 -78
-153 225 -80
-153 225 -79
-153 225 -78
-153 225 -77
-153 225 -76
-153 225 -75
-153 225 -74
-153 225 -73
-153 225 -72
-153 225 -71
-153 225 -70
-153 225 -69
-153 225 -68
-153 225 -67
-153 225 -66
-153 225 -65
-153 226 -80
-153 226 -79
-153 226 -78
-153 226 -77
-153 226 -76
-153 226 -75
-153 226 -74
-153 226 -72
-153 226 -71
-153 226 -70
-153 226 -69
-153 226 -66
-153 227 -80
-153 227 -79
-153 227 -78
-153 227 -77
-153 227 -76
-153 227 -75
-153 227 -74
-153 227 -72
-153 227 -71
-153 227 -70
-153 228 -80
-153 228 -79
-153 228 -78
-153 228 -77
-153 228 -76
-153 228 -75
-153 228 -74
-153 229 -79
-153 229 -78
-153 229 -77
-152 225 -80
-152 225 -79
-152 225 -78
-152 225 -77
-152 225 -76
-152 225 -75
-152 225 -74
-152 225 -73
-152 225 -72
-152 225 -71
-152 225 -70
-152 225 -69
-152 225 -68
-152 225 -67
-152 225 -66
-152 225 -65
-152 226 -80
-152 226 -79
-152 226 -78
-152 226 -77
-152 226 -76
-152 226 -75
-152 226 -74
-152 226 -73
-152 226 -72
-152 226 -71
-152 226 -67
-152 227 -80
-152 227 -79
-152 227 -78
-152 227 -77
-152 227 -76
-152 227 -75
-152 228 -79
-152 228 -78
-152 228 -77
-152 228 -76
-152 229 -80
-152 229 -79
-152 229 -77
-152 229 -76
-151 225 -80
-151 225 -79
-151 225 -78
-151 225 -77
-151 225 -76
-151 225 -75
-151 225 -74
-151 225 -70
-151 225 -67
-151 225 -65
-151 226 -80
-151 226 -79
-151 226 -78
-151 226 -77
-151 226 -76
-151 226 -75
-151 226 -74
-151 226 -73
-151 226 -65
-151 227 -80
-151 227 -79
-151 227 -77
-151 227 -76
-151 227 -75
-151 227 -74
-151 228 -80
-151 228 -78
-151 228 -76
-150 225 -80
-150 225 -79
-150 225 -78
-150 225 -77
-150 225 -75
-150 225 -74
-150 225 -73
-150 225 -72
-150 225 -71
-150 225 -70
-150 225 -69
-150 225 -68
-150 225 -67
-150 225 -65
-150 226 -80
-150 226 -79
-150 226 -78
-150 226 -77
-150 226 -76
-150 226 -75
-150 226 -74
-150 226 -73
-150 226 -71
-150 226 -67
-150 227 -80
-150 227 -79
-150 227 -78
-150 227 -75
-150 228 -80
-150 228 -79
-150 228 -78
-149 225 -79
-149 225 -78
-149 225 -77
-149 225 -76
-149 225 -75
-149 225 -74
-149 225 -73
-149 225 -72
-149 225 -69
-149 225 -67
-149 225 -65
-149 226 -80
-149 226 -79
-149 226 -78
-149 226 -77
-149 226 -74
-149 226 -73
-149 226 -72
-149 226 -70
-149 226 -65
-149 227 -79
-149 228 -79
-148 225 -80
-148 225 -79
-148 225 -78
-148 225 -77
-148 225 -76
-148 225 -75
-148 225 -74
-148 225 -73
-148 225 -72
-148 225 -70
-148 225 -66
-148 226 -79
-148 226 -78
-148 226 -75
-148 226 -73
-148 226 -72
-148 226 -71
-148 226 -70
-148 226 -66
-148 227 -79
-147 225 -80
-147 225 -79
-147 225 -78
-147 225 -77
-147 225 -76
-147 225 -75
-147 225 -74
-147 225 -73
-147 225 -72
-147 225 -71
-147 225 -70
-147 225 -68
-147 225 -67
-147 225 -66
-147 225 -65
-147 226 -78
-147 226 -76
-147 226 -73
-147 226 -72
-147 226 -70
-147 226 -69
-147 226 -67
-147 226 -66
-147 226 -65
-147 227 -79
-147 227 -76
-147 227 -75
-147 227 -73
-147 227 -72
-147 227 -71
-147 227 -66
-147 228 -77
-147 228 -76
-146 225 -80
-146 225 -78
-146 225 -77
-146 225 -76
-146 225 -74
-146 225 -73
-146 225 -72
-146 225 -71
-146 225 -70
-146 225 -69
-146 225 -68
-146 225 -67
-146 225 -66
-146 225 -65
-146 226 -80
-146 226 -79
-146 226 -78
-146 226 -77
-146 226 -76
-146 226 -74
-146 226 -73
-146 226 -72
-146 226 -71
-146 226 -70
-146 226 -69
-146 226 -68
-146 226 -67
-146 226 -66
-146 226 -65
-146 227 -80
-146 227 -79
-146 227 -78
-146 227 -77
-146 227 -76
-146 227 -75
-146 227 -73
-146 227 -71
-146 227 -70
-146 227 -69
-146 227 -67
-146 227 -66
-146 227 -65
-146 228 -78
-146 228 -77
-146 228 -76
-146 228 -75
-146 228 -71
-146 228 -70
-146 228 -69
-146 228 -66
-146 228 -65
-146 229 -78
-146 229 -77
-145 225 -80
-145 225 -79
-145 225 -78
-145 225 -77
-145 225 -76
-145 225 -75
-145 225 -74
-145 225 -73
-145 225 -72
-145 225 -71
-145 225 -70
-145 225 -69
-145 225 -68
-145 225 -67
-145 225 -66
-145 225 -65
-145 226 -79
-145 226 -78
-145 226 -77
-145 226 -73
-145 226 -72
-145 226 -71
-145 226 -70
-145 226 -69
-145 226 -67
-145 226 -66
-145 226 -65
-145 227 -80
-145 227 -78
-145 227 -77
-145 227 -76
-145 227 -75
-145 227 -74
-145 227 -73
-145 227 -72
-145 227 -71
-145 227 -70
-145 227 -68
-145 227 -66
-145 227 -65
-145 228 -79
-145 228 -78
-145 228 -77
-145 228 -76
-145 228 -74
-145 228 -66
-145 228 -65
-145 229 -79
-145 229 -78
-145 229 -77
-145 229 -76
-145 229 -65
-145 230 -79
-145 230 -78
-145 230 -76
-145 230 -75
-145 231 -76

