alfheim:altWood1
12
160 217 -1
160 218 -2
160 218 -1
160 219 -3
160 219 -2
160 219 -1
160 220 -3
160 220 -2
160 220 -1
160 221 -4
160 221 -3
160 221 -2
160 221 -1
160 222 -4
160 222 -3
160 222 -2
160 222 -1
160 223 -4
160 223 -3
160 223 -2
160 223 -1
160 224 -4
160 224 -3
160 224 -2
160 224 -1
161 218 -2
161 218 -1
161 219 -3
161 219 -2
161 219 -1
161 220 -3
161 220 -2
161 220 -1
161 221 -3
161 221 -2
161 221 -1
161 222 -4
161 222 -3
161 222 -2
161 222 -1
161 223 -4
161 223 -3
161 223 -2
161 223 -1
161 224 -4
161 224 -3
161 224 -2
161 224 -1
162 218 -1
162 219 -2
162 219 -1
162 220 -3
162 220 -2
162 220 -1
162 221 -3
162 221 -2
162 221 -1
162 222 -4
162 222 -3
162 222 -2
162 222 -1
162 223 -4
162 223 -3
162 223 -2
162 223 -1
162 224 -4
162 224 -3
162 224 -2
162 224 -1
163 219 -1
163 220 -2
163 220 -1
163 221 -3
163 221 -2
163 221 -1
163 222 -4
163 222 -3
163 222 -2
163 222 -1
163 223 -5
163 223 -4
163 223 -3
163 223 -2
163 223 -1
163 224 -6
163 224 -5
163 224 -4
163 224 -3
163 224 -2
163 224 -1
164 219 -1
164 220 -2
164 220 -1
164 221 -3
164 221 -2
164 221 -1
164 222 -4
164 222 -3
164 222 -2
164 222 -1
164 223 -6
164 223 -5
164 223 -4
164 223 -3
164 223 -2
164 223 -1
164 224 -6
164 224 -5
164 224 -4
164 224 -3
164 224 -2
164 224 -1
165 220 -2
165 220 -1
165 221 -3
165 221 -2
165 221 -1
165 222 -4
165 222 -3
165 222 -2
165 222 -1
165 223 -6
165 223 -5
165 223 -4
165 223 -3
165 223 -2
165 223 -1
165 224 -6
165 224 -5
165 224 -4
165 224 -3
165 224 -2
165 224 -1
166 220 -1
166 221 -3
166 221 -2
166 221 -1
166 222 -4
166 222 -3
166 222 -2
166 222 -1
166 223 -6
166 223 -5
166 223 -4
166 223 -3
166 223 -2
166 223 -1
166 224 -6
166 224 -5
166 224 -4
166 224 -3
166 224 -2
166 224 -1
167 221 -2
167 221 -1
167 222 -3
167 222 -2
167 222 -1
167 223 -5
167 223 -4
167 223 -3
167 223 -2
167 223 -1
167 224 -6
167 224 -5
167 224 -4
167 224 -3
167 224 -2
167 224 -1
168 222 -1
168 223 -2
168 223 -1
168 224 -5
168 224 -4
168 224 -3
168 224 -2
168 224 -1
169 224 -1
160 225 -3
160 225 -2
160 225 -1
160 226 -2
160 226 -1
160 227 -1
160 233 -16
160 234 -15
161 225 -4
161 225 -3
161 225 -2
161 225 -1
161 226 -3
161 226 -2
161 226 -1
161 227 -2
161 227 -1
161 235 -15
161 236 -14
162 225 -4
162 225 -3
162 225 -2
162 225 -1
162 226 -4
162 226 -3
162 226 -2
162 226 -1
162 227 -3
162 227 -2
162 227 -1
162 228 -1
163 225 -6
163 225 -5
163 225 -4
163 225 -3
163 225 -2
163 225 -1
163 226 -6
163 226 -5
163 226 -4
163 226 -3
163 226 -2
163 226 -1
163 227 -5
163 227 -4
163 227 -3
163 227 -2
163 227 -1
163 228 -2
163 228 -1
164 225 -6
164 225 -5
164 225 -4
164 225 -3
164 225 -2
164 225 -1
164 226 -6
164 226 -5
164 226 -4
164 226 -3
164 226 -2
164 226 -1
164 227 -6
164 227 -5
164 227 -4
164 227 -3
164 227 -2
164 227 -1
164 228 -5
164 228 -4
164 228 -3
164 228 -2
164 228 -1
164 229 -1
165 225 -7
165 225 -6
165 225 -5
165 225 -4
165 225 -3
165 225 -2
165 225 -1
165 226 -7
165 226 -6
165 226 -5
165 226 -4
165 226 -3
165 226 -2
165 226 -1
165 227 -6
165 227 -5
165 227 -4
165 227 -3
165 227 -2
165 227 -1
165 228 -6
165 228 -5
165 228 -4
165 228 -3
165 228 -2
165 228 -1
165 229 -5
165 229 -4
165 229 -3
165 229 -2
165 229 -1
166 225 -7
166 225 -6
166 225 -5
166 225 -4
166 225 -3
166 225 -2
166 225 -1
166 226 -7
166 226 -6
166 226 -5
166 226 -4
166 226 -3
166 226 -2
166 226 -1
166 227 -7
166 227 -6
166 227 -5
166 227 -4
166 227 -3
166 227 -2
166 227 -1
166 228 -7
166 228 -6
166 228 -5
166 228 -4
166 228 -3
166 228 -2
166 228 -1
166 229 -7
166 229 -6
166 229 -5
166 229 -4
166 229 -3
166 229 -2
166 229 -1
166 230 -6
166 230 -5
166 230 -4
166 230 -3
167 225 -6
167 225 -5
167 225 -4
167 225 -3
167 225 -2
167 225 -1
167 226 -7
167 226 -6
167 226 -5
167 226 -4
167 226 -3
167 226 -2
167 226 -1
167 227 -7
167 227 -6
167 227 -5
167 227 -4
167 227 -3
167 227 -2
167 227 -1
167 228 -8
167 228 -7
167 228 -6
167 228 -5
167 228 -4
167 228 -3
167 228 -2
167 228 -1
167 229 -8
167 229 -7
167 229 -6
167 229 -5
167 229 -4
167 229 -3
167 229 -2
167 229 -1
167 230 -8
167 230 -7
167 230 -6
167 230 -5
167 230 -4
167 230 -3
167 231 -7
167 231 -6
167 231 -5
168 225 -6
168 225 -5
168 225 -4
168 225 -3
168 225 -2
168 225 -1
168 226 -7
168 226 -6
168 226 -5
168 226 -4
168 226 -3
168 226 -2
168 226 -1
168 227 -7
168 227 -6
168 227 -5
168 227 -4
168 227 -3
168 227 -2
168 227 -1
168 228 -8
168 228 -7
168 228 -6
168 228 -5
168 228 -4
168 228 -3
168 228 -2
168 228 -1
168 229 -9
168 229 -8
168 229 -7
168 229 -6
168 229 -5
168 229 -4
168 229 -3
168 229 -2
168 229 -1
168 230 -9
168 230 -8
168 230 -7
168 230 -6
168 230 -5
168 230 -4
168 230 -3
168 231 -9
168 231 -8
168 231 -7
168 231 -6
168 231 -5
168 232 -9
168 232 -8
168 232 -7
168 232 -6
169 225 -5
169 225 -4
169 225 -3
169 225 -2
169 225 -1
169 226 -7
169 226 -6
169 226 -5
169 226 -4
169 226 -3
169 226 -2
169 226 -1
169 227 -7
169 227 -6
169 227 -5
169 227 -4
169 227 -3
169 227 -2
169 227 -1
169 228 -8
169 228 -7
169 228 -6
169 228 -5
169 228 -4
169 228 -3
169 228 -2
169 228 -1
169 229 -9
169 229 -8
169 229 -7
169 229 -6
169 229 -5
169 229 -4
169 229 -3
169 229 -2
169 229 -1
169 230 -10
169 230 -9
169 230 -8
169 230 -7
169 230 -6
169 230 -5
169 230 -4
169 230 -3
169 231 -10
169 231 -9
169 231 -8
169 231 -7
169 231 -6
169 231 -5
169 232 -11
169 232 -10
169 232 -9
169 232 -8
169 232 -7
169 232 -6
169 233 -11
169 233 -10
169 233 -9
169 233 -8
169 233 -7
169 234 -10
169 234 -9
170 226 -5
170 226 -4
170 226 -3
170 227 -7
170 227 -6
170 227 -5
170 227 -4
170 227 -3
170 228 -8
170 228 -7
170 228 -6
170 228 -5
170 228 -4
170 228 -3
170 229 -9
170 229 -8
170 229 -7
170 229 -6
170 229 -5
170 229 -4
170 230 -10
170 230 -9
170 230 -8
170 230 -7
170 230 -6
170 230 -5
170 230 -4
170 231 -11
170 231 -10
170 231 -9
170 231 -8
170 231 -7
170 231 -6
170 231 -5
170 232 -12
170 232 -11
170 232 -10
170 232 -9
170 232 -8
170 232 -7
170 232 -6
170 233 -11
170 233 -10
170 233 -9
170 233 -8
170 233 -7
170 234 -11
170 234 -10
170 234 -9
170 234 -8
171 229 -9
171 229 -8
171 229 -7
171 229 -6
171 230 -10
171 230 -9
171 230 -8
171 230 -7
171 230 -6
171 231 -11
171 231 -10
171 231 -9
171 231 -8
171 231 -7
171 231 -6
171 232 -12
171 232 -11
171 232 -10
171 232 -9
171 232 -8
171 232 -7
171 232 -6
171 233 -12
171 233 -11
171 233 -10
171 233 -9
171 233 -8
171 233 -7
171 234 -12
171 234 -11
171 234 -10
171 234 -9
171 234 -8
171 235 -12
171 235 -11
171 235 -10
171 235 -9
171 236 -12
171 236 -11
171 236 -10
172 230 -9
172 230 -8
172 230 -7
172 231 -11
172 231 -10
172 231 -9
172 231 -8
172 231 -7
172 232 -11
172 232 -10
172 232 -9
172 232 -8
172 232 -7
172 233 -12
172 233 -11
172 233 -10
172 233 -9
172 233 -8
172 234 -13
172 234 -12
172 234 -11
172 234 -10
172 234 -9
172 234 -8
172 235 -13
172 235 -12
172 235 -11
172 235 -10
172 235 -9
172 236 -13
172 236 -12
172 236 -11
172 236 -10
172 237 -13
172 237 -12
172 237 -11
172 237 -10
172 238 -13
172 238 -12
172 238 -11
173 233 -12
173 233 -11
173 233 -10
173 233 -9
173 234 -13
173 234 -12
173 234 -11
173 234 -10
173 234 -9
173 235 -13
173 235 -12
173 235 -11
173 235 -10
173 235 -9
173 236 -13
173 236 -12
173 236 -11
173 236 -10
173 237 -13
173 237 -12
173 237 -11
173 237 -10
173 238 -13
173 238 -12
173 238 -11
174 234 -12
174 234 -11
174 234 -10
174 235 -13
174 235 -12
174 235 -11
174 235 -10
174 236 -14
174 236 -13
174 236 -12
174 236 -11
174 236 -10
174 237 -14
174 237 -13
174 237 -12
174 237 -11
174 237 -10
174 238 -13
174 238 -12
174 238 -11
175 235 -12
175 235 -11
175 236 -14
175 236 -13
175 236 -12
175 236 -11
175 237 -14
175 237 -13
175 237 -12
175 237 -11
175 238 -14
175 238 -13
175 238 -12
175 238 -11
alfheim:altLeaves
6
160 233 -6
160 234 -6
160 234 -5
160 234 -2
160 234 -1
160 235 -10
160 235 -6
160 235 -5
160 235 -4
160 235 -3
160 235 -2
160 235 -1
160 236 -12
160 236 -11
160 236 -10
160 236 -9
160 236 -7
160 236 -6
160 236 -5
160 236 -4
160 236 -3
160 236 -2
160 236 -1
160 237 -16
160 237 -15
160 237 -10
160 237 -9
160 237 -8
160 237 -7
160 237 -6
160 237 -5
160 237 -4
160 237 -3
160 237 -2
160 237 -1
160 238 -16
160 238 -15
160 238 -14
160 238 -13
160 238 -12
160 238 -11
160 238 -10
160 238 -9
160 238 -8
160 238 -7
160 238 -6
160 238 -5
160 238 -4
160 238 -3
160 238 -2
160 238 -1
160 239 -16
160 239 -15
160 239 -14
160 239 -13
160 239 -12
160 239 -11
160 239 -10
160 239 -9
160 239 -8
160 239 -7
160 239 -6
160 239 -5
160 239 -4
160 239 -3
160 239 -2
160 239 -1
160 240 -16
160 240 -15
160 240 -14
160 240 -13
160 240 -12
160 240 -11
160 240 -10
160 240 -9
160 240 -8
160 240 -7
160 240 -6
160 240 -5
160 240 -4
160 240 -3
160 240 -2
160 240 -1
160 241 -16
160 241 -15
160 241 -14
160 241 -13
160 241 -12
160 241 -11
160 241 -10
160 241 -9
160 241 -8
160 241 -7
160 241 -6
160 241 -5
160 241 -4
160 241 -3
160 241 -2
160 241 -1
160 242 -16
160 242 -15
160 242 -14
160 242 -13
160 242 -12
160 242 -11
160 242 -10
160 242 -9
160 242 -8
160 242 -7
160 242 -6
160 242 -5
160 242 -4
160 242 -3
160 242 -2
160 242 -1
160 243 -16
160 243 -15
160 243 -14
160 243 -13
160 243 -12
160 243 -11
160 243 -10
160 243 -9
160 243 -8
160 243 -7
160 243 -6
160 243 -5
160 243 -4
160 243 -3
160 243 -2
160 243 -1
160 244 -16
160 244 -15
160 244 -14
160 244 -13
160 244 -12
160 244 -11
160 244 -10
160 244 -9
160 244 -8
160 244 -7
160 244 -6
160 244 -5
160 244 -4
160 244 -3
160 244 -2
160 244 -1
160 245 -15
160 245 -14
160 245 -13
160 245 -12
160 245 -11
160 245 -9
160 245 -8
160 245 -7
160 245 -2
160 246 -13
160 246 -12
160 246 -11
160 246 -2
160 246 -1
161 233 -1
161 234 -6
161 234 -1
161 235 -12
161 235 -7
161 235 -6
161 235 -3
161 235 -2
161 235 -1
161 236 -16
161 236 -11
161 236 -10
161 236 -9
161 236 -8
161 236 -7
161 236 -6
161 236 -5
161 236 -4
161 236 -3
161 236 -2
161 236 -1
161 237 -16
161 237 -15
161 237 -14
161 237 -12
161 237 -11
161 237 -10
161 237 -9
161 237 -8
161 237 -7
161 237 -6
161 237 -5
161 237 -4
161 237 -3
161 237 -2
161 237 -1
161 238 -16
161 238 -15
161 238 -14
161 238 -13
161 238 -12
161 238 -11
161 238 -10
161 238 -9
161 238 -8
161 238 -7
161 238 -6
161 238 -5
161 238 -4
161 238 -3
161 238 -2
161 238 -1
161 239 -16
161 239 -15
161 239 -14
161 239 -13
161 239 -12
161 239 -11
161 239 -10
161 239 -9
161 239 -8
161 239 -7
161 239 -6
161 239 -5
161 239 -4
161 239 -3
161 239 -2
161 239 -1
161 240 -16
161 240 -15
161 240 -14
161 240 -13
161 240 -12
161 240 -11
161 240 -10
161 240 -9
161 240 -8
161 240 -7
161 240 -6
161 240 -5
161 240 -4
161 240 -3
161 240 -2
161 240 -1
161 241 -16
161 241 -15
161 241 -14
161 241 -13
161 241 -12
161 241 -11
161 241 -10
161 241 -9
161 241 -8
161 241 -7
161 241 -6
161 241 -5
161 241 -4
161 241 -3
161 241 -2
161 241 -1
161 242 -16
161 242 -15
161 242 -14
161 242 -13
161 242 -12
161 242 -11
161 242 -10
161 242 -9
161 242 -8
161 242 -7
161 242 -6
161 242 -5
161 242 -4
161 242 -3
161 242 -2
161 242 -1
161 243 -16
161 243 -15
161 243 -14
161 243 -13
161 243 -11
161 243 -10
161 243 -9
161 243 -8
161 243 -7
161 243 -6
161 243 -5
161 243 -4
161 243 -3
161 243 -2
161 244 -16
161 244 -15
161 244 -14
161 244 -13
161 244 -10
161 244 -9
161 244 -8
161 244 -5
161 244 -4
161 244 -3
161 244 -2
161 244 -1
161 245 -15
161 245 -14
161 245 -13
161 245 -12
161 245 -11
161 245 -9
161 245 -8
161 245 -5
161 245 -4
161 245 -3
161 245 -2
161 245 -1
161 246 -14
161 246 -10
161 246 -3
161 246 -2
161 246 -1
161 247 -1
162 235 -13
162 235 -12
162 235 -11
162 235 -10
162 235 -8
162 235 -6
162 235 -5
162 235 -2
162 235 -1
162 236 -13
162 236 -12
162 236 -10
162 236 -8
162 236 -7
162 236 -6
162 236 -5
162 236 -4
162 236 -3
162 236 -2
162 236 -1
162 237 -12
162 237 -11
162 237 -10
162 237 -8
162 237 -7
162 237 -6
162 237 -4
162 237 -3
162 237 -2
162 237 -1
162 238 -16
162 238 -15
162 238 -14
162 238 -13
162 238 -12
162 238 -11
162 238 -10
162 238 -9
162 238 -8
162 238 -7
162 238 -6
162 238 -5
162 238 -4
162 238 -3
162 238 -2
162 238 -1
162 239 -16
162 239 -15
162 239 -13
162 239 -12
162 239 -11
162 239 -10
162 239 -9
162 239 -8
162 239 -7
162 239 -6
162 239 -5
162 239 -4
162 239 -3
162 239 -2
162 239 -1
162 240 -16
162 240 -15
162 240 -14
162 240 -13
162 240 -12
162 240 -11
162 240 -10
162 240 -9
162 240 -8
162 240 -7
162 240 -6
162 240 -5
162 240 -4
162 240 -3
162 240 -2
162 240 -1
162 241 -16
162 241 -15
162 241 -14
162 241 -13
162 241 -12
162 241 -11
162 241 -10
162 241 -9
162 241 -8
162 241 -7
162 241 -6
162 241 -5
162 241 -4
162 241 -3
162 241 -2
162 241 -1
162 242 -16
162 242 -15
162 242 -14
162 242 -13
162 242 -12
162 242 -11
162 242 -10
162 242 -9
162 242 -8
162 242 -7
162 242 -6
162 242 -5
162 242 -4
162 242 -3
162 242 -2
162 242 -1
162 243 -16
162 243 -15
162 243 -14
162 243 -13
162 243 -12
162 243 -11
162 243 -10
162 243 -9
162 243 -8
162 243 -7
162 243 -6
162 243 -4
162 243 -3
162 243 -2
162 243 -1
162 244 -16
162 244 -15
162 244 -14
162 244 -13
162 244 -12
162 244 -11
162 244 -10
162 244 -9
162 244 -8
162 244 -7
162 244 -3
162 244 -2
162 244 -1
162 245 -13
162 245 -10
162 245 -9
162 245 -8
162 245 -7
162 245 -3
162 245 -2
162 246 -11
162 246 -10
162 246 -9
162 246 -3
162 247 -10
163 233 -10
163 234 -10
163 235 -10
163 235 -7
163 235 -6
163 236 -13
163 236 -12
163 236 -11
163 236 -10
163 236 -9
163 236 -8
163 236 -7
163 236 -6
163 236 -3
163 236 -1
163 237 -14
163 237 -13
163 237 -12
163 237 -11
163 237 -10
163 237 -9
163 237 -8
163 237 -7
163 237 -6
163 237 -5
163 237 -4
163 237 -3
163 237 -2
163 237 -1
163 238 -16
163 238 -14
163 238 -13
163 238 -12
163 238 -11
163 238 -10
163 238 -9
163 238 -8
163 238 -7
163 238 -6
163 238 -5
163 238 -4
163 238 -3
163 238 -2
163 238 -1
163 239 -16
163 239 -15
163 239 -14
163 239 -13
163 239 -12
163 239 -11
163 239 -10
163 239 -9
163 239 -8
163 239 -7
163 239 -6
163 239 -5
163 239 -4
163 239 -3
163 239 -2
163 239 -1
163 240 -16
163 240 -15
163 240 -14
163 240 -13
163 240 -12
163 240 -11
163 240 -10
163 240 -9
163 240 -8
163 240 -7
163 240 -6
163 240 -5
163 240 -4
163 240 -3
163 240 -2
163 240 -1
163 241 -16
163 241 -15
163 241 -14
163 241 -13
163 241 -12
163 241 -11
163 241 -10
163 241 -9
163 241 -8
163 241 -7
163 241 -6
163 241 -5
163 241 -4
163 241 -3
163 241 -2
163 241 -1
163 242 -16
163 242 -15
163 242 -14
163 242 -13
163 242 -12
163 242 -11
163 242 -10
163 242 -9
163 242 -8
163 242 -7
163 242 -6
163 242 -5
163 242 -4
163 242 -3
163 242 -2
163 242 -1
163 243 -16
163 243 -15
163 243 -14
163 243 -13
163 243 -12
163 243 -11
163 243 -10
163 243 -9
163 243 -8
163 243 -7
163 243 -6
163 243 -5
163 243 -4
163 243 -3
163 243 -2
163 243 -1
163 244 -15
163 244 -14
163 244 -13
163 244 -12
163 244 -11
163 244 -10
163 244 -9
163 244 -8
163 244 -5
163 244 -4
163 244 -3
163 244 -2
163 244 -1
163 245 -14
163 245 -12
163 245 -11
163 245 -10
163 245 -9
163 245 -8
163 245 -4
163 245 -3
163 245 -2
163 245 -1
163 246 -11
163 246 -10
163 246 -9
163 246 -2
163 246 -1
163 247 -9
163 247 -1
164 235 -14
164 235 -11
164 235 -10
164 235 -9
164 235 -6
164 235 -1
164 236 -14
164 236 -13
164 236 -12
164 236 -11
164 236 -10
164 236 -9
164 236 -8
164 236 -7
164 236 -6
164 237 -15
164 237 -14
164 237 -12
164 237 -11
164 237 -10
164 237 -9
164 237 -8
164 237 -7
164 237 -6
164 237 -5
164 237 -3
164 237 -1
164 238 -16
164 238 -15
164 238 -14
164 238 -13
164 238 -12
164 238 -11
164 238 -10
164 238 -9
164 238 -8
164 238 -7
164 238 -6
164 238 -5
164 238 -2
164 238 -1
164 239 -16
164 239 -15
164 239 -14
164 239 -13
164 239 -12
164 239 -11
164 239 -10
164 239 -9
164 239 -8
164 239 -7
164 239 -6
164 239 -5
164 239 -4
164 239 -3
164 239 -2
164 239 -1
164 240 -16
164 240 -15
164 240 -14
164 240 -13
164 240 -12
164 240 -11
164 240 -10
164 240 -9
164 240 -8
164 240 -7
164 240 -6
164 240 -5
164 240 -4
164 240 -3
164 240 -2
164 240 -1
164 241 -16
164 241 -15
164 241 -14
164 241 -13
164 241 -12
164 241 -11
164 241 -10
164 241 -9
164 241 -8
164 241 -7
164 241 -6
164 241 -5
164 241 -4
164 241 -3
164 241 -2
164 241 -1
164 242 -16
164 242 -15
164 242 -14
164 242 -13
164 242 -12
164 242 -11
164 242 -10
164 242 -9
164 242 -8
164 242 -7
164 242 -6
164 242 -5
164 242 -4
164 242 -3
164 242 -2
164 242 -1
164 243 -16
164 243 -15
164 243 -14
164 243 -13
164 243 -12
164 243 -11
164 243 -10
164 243 -9
164 243 -8
164 243 -7
164 243 -6
164 243 -5
164 243 -4
164 243 -3
164 243 -2
164 243 -1
164 244 -15
164 244 -14
164 244 -12
164 244 -11
164 244 -10
164 244 -9
164 244 -8
164 244 -7
164 244 -5
164 244 -4
164 244 -3
164 244 -2
164 244 -1
164 245 -11
164 245 -10
164 245 -9
164 245 -8
164 245 -4
164 245 -3
164 245 -2
164 245 -1
164 246 -11
164 246 -10
164 246 -9
164 246 -4
164 246 -3
164 246 -2
164 246 -1
164 247 -11
164 247 -1
164 248 -1
165 235 -10
165 235 -9
165 235 -1
165 236 -14
165 236 -12
165 236 -11
165 236 -10
165 236 -9
165 236 -7
165 236 -6
165 236 -1
165 237 -16
165 237 -14
165 237 -13
165 237 -12
165 237 -11
165 237 -10
165 237 -9
165 237 -8
165 237 -7
165 237 -6
165 237 -2
165 237 -1
165 238 -16
165 238 -15
165 238 -14
165 238 -13
165 238 -12
165 238 -11
165 238 -10
165 238 -9
165 238 -8
165 238 -7
165 238 -6
165 238 -5
165 238 -2
165 238 -1
165 239 -16
165 239 -15
165 239 -14
165 239 -13
165 239 -12
165 239 -11
165 239 -10
165 239 -9
165 239 -8
165 239 -7
165 239 -6
165 239 -4
165 239 -3
165 239 -2
165 239 -1
165 240 -16
165 240 -15
165 240 -14
165 240 -13
165 240 -12
165 240 -11
165 240 -10
165 240 -9
165 240 -8
165 240 -7
165 240 -5
165 240 -4
165 240 -3
165 240 -2
165 240 -1
165 241 -16
165 241 -15
165 241 -14
165 241 -13
165 241 -12
165 241 -11
165 241 -10
165 241 -9
165 241 -8
165 241 -7
165 241 -6
165 241 -5
165 241 -4
165 241 -3
165 241 -2
165 241 -1
165 242 -16
165 242 -15
165 242 -13
165 242 -12
165 242 -11
165 242 -10
165 242 -9
165 242 -8
165 242 -7
165 242 -6
165 242 -5
165 242 -4
165 242 -3
165 242 -2
165 242 -1
165 243 -16
165 243 -15
165 243 -14
165 243 -13
165 243 -12
165 243 -11
165 243 -10
165 243 -9
165 243 -8
165 243 -7
165 243 -6
165 243 -5
165 243 -4
165 243 -3
165 243 -2
165 243 -1
165 244 -16
165 244 -15
165 244 -14
165 244 -13
165 244 -12
165 244 -11
165 244 -10
165 244 -9
165 244 -8
165 244 -7
165 244 -6
165 244 -5
165 244 -4
165 244 -3
165 244 -2
165 244 -1
165 245 -14
165 245 -13
165 245 -12
165 245 -11
165 245 -10
165 245 -9
165 245 -8
165 245 -5
165 245 -4
165 245 -2
165 245 -1
165 246 -13
165 246 -11
165 246 -10
165 246 -9
165 246 -5
165 246 -3
165 246 -2
165 246 -1
165 247 -11
165 247 -1
166 235 -10
166 235 -9
166 236 -16
166 236 -11
166 236 -10
166 236 -9
166 236 -8
166 236 -7
166 236 -3
166 236 -1
166 237 -16
166 237 -13
166 237 -12
166 237 -11
166 237 -10
166 237 -9
166 237 -8
166 237 -7
166 237 -5
166 237 -4
166 237 -3
166 238 -16
166 238 -15
166 238 -14
166 238 -13
166 238 -12
166 238 -11
166 238 -10
166 238 -9
166 238 -8
166 238 -7
166 238 -6
166 238 -5
166 238 -4
166 238 -3
166 238 -2
166 238 -1
166 239 -16
166 239 -15
166 239 -14
166 239 -13
166 239 -12
166 239 -11
166 239 -10
166 239 -9
166 239 -8
166 239 -7
166 239 -6
166 239 -5
166 239 -3
166 239 -2
166 239 -1
166 240 -16
166 240 -15
166 240 -14
166 240 -13
166 240 -12
166 240 -11
166 240 -10
166 240 -9
166 240 -8
166 240 -7
166 240 -6
166 240 -5
166 240 -4
166 240 -3
166 240 -2
166 240 -1
166 241 -16
166 241 -15
166 241 -14
166 241 -13
166 241 -12
166 241 -11
166 241 -10
166 241 -9
166 241 -8
166 241 -7
166 241 -6
166 241 -5
166 241 -4
166 241 -3
166 241 -2
166 241 -1
166 242 -16
166 242 -15
166 242 -14
166 242 -13
166 242 -12
166 242 -11
166 242 -10
166 242 -9
166 242 -8
166 242 -7
166 242 -6
166 242 -5
166 242 -4
166 242 -3
166 242 -2
166 242 -1
166 243 -16
166 243 -15
166 243 -14
166 243 -13
166 243 -12
166 243 -11
166 243 -10
166 243 -9
166 243 -8
166 243 -5
166 243 -4
166 243 -3
166 243 -2
166 243 -1
166 244 -15
166 244 -14
166 244 -13
166 244 -12
166 244 -11
166 244 -10
166 244 -9
166 244 -6
166 244 -4
166 244 -3
166 244 -2
166 244 -1
166 245 -16
166 245 -13
166 245 -12
166 245 -11
166 245 -10
166 245 -9
166 245 -6
166 245 -5
166 245 -4
166 245 -3
166 245 -2
166 245 -1
166 246 -13
166 246 -11
166 246 -10
166 246 -9
166 246 -5
166 246 -4
166 246 -3
166 246 -2
166 246 -1
166 247 -11
166 247 -10
166 247 -5
166 247 -4
166 247 -3
166 247 -2
166 247 -1
166 248 -12
166 248 -11
166 248 -2
166 248 -1
167 235 -10
167 235 -3
167 236 -12
167 236 -10
167 236 -9
167 236 -3
167 236 -2
167 237 -15
167 237 -12
167 237 -11
167 237 -10
167 237 -3
167 237 -2
167 237 -1
167 238 -16
167 238 -15
167 238 -14
167 238 -13
167 238 -12
167 238 -11
167 238 -10
167 238 -9
167 238 -7
167 238 -6
167 238 -3
167 238 -2
167 238 -1
167 239 -16
167 239 -15
167 239 -14
167 239 -13
167 239 -12
167 239 -11
167 239 -10
167 239 -9
167 239 -8
167 239 -7
167 239 -6
167 239 -5
167 239 -4
167 239 -3
167 239 -2
167 239 -1
167 240 -16
167 240 -15
167 240 -14
167 240 -13
167 240 -12
167 240 -11
167 240 -10
167 240 -9
167 240 -8
167 240 -7
167 240 -6
167 240 -5
167 240 -4
167 240 -3
167 240 -2
167 240 -1
167 241 -16
167 241 -15
167 241 -14
167 241 -13
167 241 -12
167 241 -11
167 241 -10
167 241 -9
167 241 -8
167 241 -7
167 241 -6
167 241 -5
167 241 -4
167 241 -3
167 241 -2
167 241 -1
167 242 -16
167 242 -15
167 242 -14
167 242 -13
167 242 -12
167 242 -11
167 242 -10
167 242 -9
167 242 -8
167 242 -7
167 242 -6
167 242 -5
167 242 -4
167 242 -3
167 242 -2
167 242 -1
167 243 -16
167 243 -15
167 243 -14
167 243 -13
167 243 -12
167 243 -11
167 243 -10
167 243 -9
167 243 -8
167 243 -7
167 243 -6
167 243 -5
167 243 -4
167 243 -3
167 243 -2
167 243 -1
167 244 -16
167 244 -15
167 244 -14
167 244 -12
167 244 -11
167 244 -10
167 244 -9
167 244 -8
167 244 -7
167 244 -6
167 244 -5
167 244 -4
167 244 -3
167 244 -1
167 245 -15
167 245 -14
167 245 -12
167 245 -11
167 245 -10
167 245 -9
167 245 -8
167 245 -7
167 245 -6
167 245 -5
167 245 -4
167 245 -3
167 245 -2
167 245 -1
167 246 -16
167 246 -12
167 246 -11
167 246 -9
167 246 -8
167 246 -7
167 246 -6
167 246 -2
167 246 -1
167 247 -11
167 247 -10
167 247 -8
167 247 -3
167 247 -2
167 247 -1
167 248 -2
167 248 -1
167 249 -2
168 236 -16
168 236 -10
168 236 -2
168 237 -15
168 237 -11
168 237 -3
168 237 -2
168 237 -1
168 238 -16
168 238 -15
168 238 -14
168 238 -13
168 238 -12
168 238 -11
168 238 -9
168 238 -8
168 238 -7
168 238 -4
168 238 -3
168 238 -2
168 238 -1
168 239 -16
168 239 -15
168 239 -14
168 239 -13
168 239 -12
168 239 -11
168 239 -10
168 239 -9
168 239 -8
168 239 -7
168 239 -5
168 239 -4
168 239 -3
168 239 -2
168 239 -1
168 240 -16
168 240 -15
168 240 -14
168 240 -13
168 240 -12
168 240 -11
168 240 -10
168 240 -9
168 240 -8
168 240 -7
168 240 -6
168 240 -5
168 240 -4
168 240 -3
168 240 -2
168 240 -1
168 241 -16
168 241 -15
168 241 -14
168 241 -12
168 241 -11
168 241 -10
168 241 -9
168 241 -8
168 241 -7
168 241 -6
168 241 -5
168 241 -4
168 241 -3
168 241 -2
168 241 -1
168 242 -16
168 242 -15
168 242 -14
168 242 -13
168 242 -12
168 242 -11
168 242 -10
168 242 -9
168 242 -8
168 242 -7
168 242 -6
168 242 -5
168 242 -4
168 242 -3
168 242 -2
168 242 -1
168 243 -16
168 243 -15
168 243 -14
168 243 -13
168 243 -12
168 243 -11
168 243 -10
168 243 -9
168 243 -8
168 243 -7
168 243 -6
168 243 -5
168 243 -4
168 243 -3
168 243 -2
168 243 -1
168 244 -16
168 244 -15
168 244 -14
168 244 -13
168 244 -12
168 244 -11
168 244 -10
168 244 -9
168 244 -8
168 244 -6
168 244 -5
168 244 -4
168 244 -3
168 244 -2
168 244 -1
168 245 -16
168 245 -13
168 245 -12
168 245 -11
168 245 -10
168 245 -9
168 245 -8
168 245 -7
168 245 -6
168 245 -5
168 245 -4
168 245 -3
168 245 -2
168 245 -1
168 246 -16
168 246 -15
168 246 -11
168 246 -10
168 246 -9
168 246 -8
168 246 -6
168 246 -4
168 246 -3
168 246 -2
168 246 -1
168 247 -16
168 247 -3
168 247 -2
168 247 -1
168 248 -2
169 236 -16
169 237 -16
169 237 -14
169 237 -12
169 237 -11
169 237 -3
169 237 -2
169 238 -16
169 238 -15
169 238 -14
169 238 -13
169 238 -12
169 238 -11
169 238 -6
169 238 -3
169 238 -1
169 239 -16
169 239 -15
169 239 -14
169 239 -13
169 239 -12
169 239 -11
169 239 -10
169 239 -8
169 239 -4
169 239 -3
169 239 -2
169 239 -1
169 240 -16
169 240 -15
169 240 -14
169 240 -13
169 240 -12
169 240 -11
169 240 -10
169 240 -9
169 240 -8
169 240 -5
169 240 -4
169 240 -3
169 240 -2
169 240 -1
169 241 -16
169 241 -15
169 241 -14
169 241 -13
169 241 -12
169 241 -11
169 241 -10
169 241 -9
169 241 -7
169 241 -5
169 241 -4
169 241 -3
169 241 -2
169 241 -1
169 242 -16
169 242 -15
169 242 -14
169 242 -13
169 242 -12
169 242 -11
169 242 -10
169 242 -9
169 242 -8
169 242 -7
169 242 -6
169 242 -5
169 242 -4
169 242 -3
169 242 -2
169 242 -1
169 243 -16
169 243 -15
169 243 -14
169 243 -13
169 243 -12
169 243 -11
169 243 -10
169 243 -9
169 243 -8
169 243 -7
169 243 -6
169 243 -5
169 243 -4
169 243 -3
169 243 -2
169 243 -1
169 244 -16
169 244 -15
169 244 -14
169 244 -13
169 244 -12
169 244 -11
169 244 -10
169 244 -9
169 244 -8
169 244 -7
169 244 -6
169 244 -5
169 244 -4
169 244 -3
169 244 -2
169 244 -1
169 245 -16
169 245 -15
169 245 -14
169 245 -13
169 245 -12
169 245 -11
169 245 -10
169 245 -9
169 245 -8
169 245 -7
169 245 -6
169 245 -5
169 245 -4
169 245 -3
169 245 -2
169 245 -1
169 246 -16
169 246 -15
169 246 -14
169 246 -13
169 246 -12
169 246 -10
169 246 -8
169 246 -7
169 246 -6
169 246 -5
169 246 -3
169 246 -2
169 246 -1
169 247 -16
169 247 -15
169 247 -14
169 247 -10
169 247 -9
169 247 -8
169 247 -7
169 247 -6
169 247 -1
169 248 -9
169 248 -8
170 235 -2
170 236 -15
170 236 -5
170 236 -3
170 236 -2
170 237 -16
170 237 -15
170 237 -14
170 237 -4
170 237 -3
170 237 -2
170 237 -1
170 238 -16
170 238 -15
170 238 -14
170 238 -12
170 238 -6
170 238 -5
170 238 -4
170 238 -3
170 238 -2
170 238 -1
170 239 -16
170 239 -15
170 239 -13
170 239 -12
170 239 -6
170 239 -5
170 239 -4
170 239 -3
170 239 -1
170 240 -16
170 240 -15
170 240 -14
170 240 -13
170 240 -12
170 240 -11
170 240 -6
170 240 -5
170 240 -4
170 240 -3
170 240 -2
170 240 -1
170 241 -16
170 241 -15
170 241 -14
170 241 -13
170 241 -12
170 241 -11
170 241 -10
170 241 -7
170 241 -5
170 241 -4
170 241 -3
170 241 -2
170 241 -1
170 242 -16
170 242 -15
170 242 -14
170 242 -13
170 242 -12
170 242 -11
170 242 -10
170 242 -9
170 242 -8
170 242 -7
170 242 -6
170 242 -5
170 242 -4
170 242 -3
170 242 -2
170 242 -1
170 243 -16
170 243 -15
170 243 -14
170 243 -13
170 243 -12
170 243 -11
170 243 -10
170 243 -9
170 243 -8
170 243 -7
170 243 -6
170 243 -5
170 243 -4
170 243 -3
170 243 -2
170 243 -1
170 244 -16
170 244 -15
170 244 -14
170 244 -13
170 244 -12
170 244 -11
170 244 -10
170 244 -9
170 244 -8
170 244 -7
170 244 -6
170 244 -5
170 244 -4
170 244 -3
170 244 -2
170 244 -1
170 245 -16
170 245 -15
170 245 -14
170 245 -13
170 245 -12
170 245 -11
170 245 -10
170 245 -9
170 245 -8
170 245 -7
170 245 -6
170 245 -4
170 245 -3
170 245 -2
170 245 -1
170 246 -16
170 246 -15
170 246 -14
170 246 -9
170 246 -8
170 246 -7
170 246 -6
170 246 -4
170 246 -3
170 246 -2
170 246 -1
170 247 -16
170 247 -15
170 247 -14
170 247 -13
170 247 -12
170 247 -10
170 247 -9
170 247 -8
170 247 -7
170 247 -6
170 248 -16
170 248 -15
170 248 -14
170 248 -9
170 248 -8
171 235 -3
171 235 -2
171 236 -5
171 236 -2
171 237 -7
171 237 -6
171 237 -5
171 237 -4
171 237 -3
171 237 -2
171 238 -15
171 238 -14
171 238 -6
171 238 -5
171 238 -4
171 238 -3
171 238 -2
171 238 -1
171 239 -16
171 239 -15
171 239 -12
171 239 -11
171 239 -8
171 239 -7
171 239 -6
171 239 -5
171 239 -4
171 239 -3
171 239 -2
171 239 -1
171 240 -16
171 240 -15
171 240 -14
171 240 -13
171 240 -12
171 240 -11
171 240 -10
171 240 -8
171 240 -7
171 240 -6
171 240 -5
171 240 -4
171 240 -3
171 240 -2
171 240 -1
171 241 -16
171 241 -15
171 241 -14
171 241 -13
171 241 -12
171 241 -11
171 241 -10
171 241 -9
171 241 -8
171 241 -7
171 241 -6
171 241 -5
171 241 -4
171 241 -3
171 241 -2
171 241 -1
171 242 -16
171 242 -15
171 242 -14
171 242 -13
171 242 -12
171 242 -11
171 242 -10
171 242 -9
171 242 -8
171 242 -7
171 242 -6
171 242 -5
171 242 -4
171 242 -3
171 242 -2
171 242 -1
171 243 -16
171 243 -15
171 243 -14
171 243 -13
171 243 -12
171 243 -11
171 243 -10
171 243 -9
171 243 -8
171 243 -7
171 243 -6
171 243 -5
171 243 -4
171 243 -3
171 243 -2
171 243 -1
171 244 -16
171 244 -15
171 244 -14
171 244 -12
171 244 -11
171 244 -10
171 244 -9
171 244 -8
171 244 -7
171 244 -6
171 244 -5
171 244 -4
171 244 -3
171 244 -2
171 244 -1
171 245 -16
171 245 -15
171 245 -14
171 245 -13
171 245 -12
171 245 -11
171 245 -10
171 245 -9
171 245 -8
171 245 -7
171 245 -6
171 245 -5
171 245 -4
171 245 -3
171 245 -2
171 245 -1
171 246 -16
171 246 -15
171 246 -14
171 246 -13
171 246 -12
171 246 -11
171 246 -10
171 246 -9
171 246 -8
171 246 -7
171 246 -6
171 246 -5
171 246 -2
171 246 -1
171 247 -16
171 247 -15
171 247 -14
171 247 -12
171 247 -10
171 247 -9
171 247 -8
171 247 -7
171 247 -6
171 247 -5
171 248 -13
171 248 -12
171 248 -9
171 248 -8
171 248 -6
171 249 -15
171 249 -8
171 249 -7
171 249 -6
171 250 -8
172 234 -2
172 234 -1
172 235 -2
172 235 -1
172 236 -4
172 236 -2
172 236 -1
172 237 -6
172 237 -4
172 237 -3
172 237 -2
172 237 -1
172 238 -16
172 238 -14
172 238 -7
172 238 -5
172 238 -4
172 238 -3
172 238 -2
172 238 -1
172 239 -16
172 239 -14
172 239 -7
172 239 -6
172 239 -5
172 239 -4
172 239 -3
172 239 -2
172 239 -1
172 240 -16
172 240 -15
172 240 -14
172 240 -13
172 240 -12
172 240 -9
172 240 -8
172 240 -6
172 240 -5
172 240 -4
172 240 -3
172 240 -2
172 240 -1
172 241 -16
172 241 -15
172 241 -14
172 241 -13
172 241 -12
172 241 -11
172 241 -10
172 241 -9
172 241 -8
172 241 -7
172 241 -6
172 241 -5
172 241 -4
172 241 -3
172 241 -2
172 241 -1
172 242 -16
172 242 -15
172 242 -14
172 242 -13
172 242 -12
172 242 -11
172 242 -10
172 242 -9
172 242 -8
172 242 -7
172 242 -6
172 242 -5
172 242 -4
172 242 -3
172 242 -2
172 242 -1
172 243 -16
172 243 -15
172 243 -14
172 243 -13
172 243 -12
172 243 -11
172 243 -10
172 243 -9
172 243 -8
172 243 -7
172 243 -6
172 243 -5
172 243 -4
172 243 -3
172 243 -2
172 243 -1
172 244 -16
172 244 -15
172 244 -14
172 244 -13
172 244 -12
172 244 -11
172 244 -10
172 244 -8
172 244 -7
172 244 -6
172 244 -5
172 244 -4
172 244 -3
172 244 -2
172 244 -1
172 245 -16
172 245 -15
172 245 -13
172 245 -12
172 245 -11
172 245 -10
172 245 -9
172 245 -8
172 245 -7
172 245 -6
172 245 -5
172 245 -3
172 245 -2
172 246 -16
172 246 -15
172 246 -14
172 246 -13
172 246 -12
172 246 -11
172 246 -10
172 246 -9
172 246 -8
172 246 -7
172 246 -6
172 246 -5
172 246 -2
172 246 -1
172 247 -16
172 247 -15
172 247 -14
172 247 -12
172 247 -11
172 247 -10
172 247 -9
172 247 -8
172 247 -7
172 247 -6
172 247 -5
172 248 -16
172 248 -15
172 248 -13
172 248 -12
172 248 -10
172 248 -9
172 248 -6
172 249 -16
172 249 -15
172 249 -12
172 249 -8
173 234 -2
173 235 -1
173 236 -6
173 236 -3
173 236 -2
173 237 -6
173 237 -5
173 237 -4
173 237 -3
173 237 -2
173 237 -1
173 238 -6
173 238 -5
173 238 -4
173 238 -3
173 238 -2
173 238 -1
173 239 -8
173 239 -7
173 239 -6
173 239 -5
173 239 -4
173 239 -3
173 239 -2
173 239 -1
173 240 -16
173 240 -15
173 240 -14
173 240 -13
173 240 -12
173 240 -8
173 240 -7
173 240 -6
173 240 -5
173 240 -4
173 240 -3
173 240 -2
173 240 -1
173 241 -16
173 241 -15
173 241 -14
173 241 -13
173 241 -12
173 241 -10
173 241 -8
173 241 -7
173 241 -6
173 241 -5
173 241 -4
173 241 -3
173 241 -2
173 241 -1
173 242 -16
173 242 -15
173 242 -14
173 242 -13
173 242 -12
173 242 -11
173 242 -10
173 242 -9
173 242 -8
173 242 -7
173 242 -6
173 242 -5
173 242 -4
173 242 -3
173 242 -2
173 242 -1
173 243 -16
173 243 -15
173 243 -14
173 243 -13
173 243 -12
173 243 -11
173 243 -10
173 243 -9
173 243 -8
173 243 -7
173 243 -6
173 243 -5
173 243 -4
173 243 -3
173 243 -2
173 243 -1
173 244 -16
173 244 -15
173 244 -14
173 244 -13
173 244 -12
173 244 -11
173 244 -10
173 244 -9
173 244 -8
173 244 -7
173 244 -6
173 244 -5
173 244 -4
173 244 -3
173 244 -2
173 244 -1
173 245 -16
173 245 -15
173 245 -14
173 245 -13
173 245 -12
173 245 -11
173 245 -10
173 245 -9
173 245 -8
173 245 -7
173 245 -6
173 245 -5
173 245 -4
173 245 -3
173 245 -2
173 245 -1
173 246 -16
173 246 -15
173 246 -14
173 246 -13
173 246 -12
173 246 -11
173 246 -10
173 246 -9
173 246 -8
173 246 -7
173 246 -6
173 246 -5
173 246 -2
173 247 -16
173 247 -15
173 247 -14
173 247 -13
173 247 -12
173 247 -11
173 247 -9
173 247 -8
173 247 -7
173 247 -6
173 247 -5
173 247 -4
173 248 -16
173 248 -15
173 248 -14
173 248 -13
173 248 -12
173 248 -11
173 248 -10
173 248 -9
173 248 -8
173 248 -7
173 248 -6
173 248 -5
173 249 -16
173 249 -15
173 249 -14
173 249 -13
173 249 -12
173 249 -11
173 249 -7
173 249 -5
173 250 -14
173 250 -13
174 235 -2
174 236 -5
174 236 -4
174 236 -3
174 236 -2
174 237 -4
174 237 -2
174 238 -6
174 238 -5
174 238 -4
174 238 -3
174 238 -1
174 239 -16
174 239 -15
174 239 -8
174 239 -7
174 239 -6
174 239 -5
174 239 -4
174 239 -3
174 239 -2
174 239 -1
174 240 -16
174 240 -15
174 240 -14
174 240 -9
174 240 -8
174 240 -7
174 240 -6
174 240 -5
174 240 -4
174 240 -3
174 240 -2
174 240 -1
174 241 -16
174 241 -15
174 241 -14
174 241 -13
174 241 -11
174 241 -10
174 241 -9
174 241 -8
174 241 -6
174 241 -5
174 241 -4
174 241 -3
174 241 -2
174 241 -1
174 242 -16
174 242 -15
174 242 -14
174 242 -13
174 242 -12
174 242 -11
174 242 -10
174 242 -9
174 242 -8
174 242 -7
174 242 -6
174 242 -5
174 242 -4
174 242 -3
174 242 -2
174 242 -1
174 243 -16
174 243 -15
174 243 -14
174 243 -13
174 243 -12
174 243 -11
174 243 -10
174 243 -9
174 243 -8
174 243 -7
174 243 -6
174 243 -5
174 243 -4
174 243 -3
174 243 -2
174 243 -1
174 244 -16
174 244 -15
174 244 -14
174 244 -13
174 244 -12
174 244 -11
174 244 -10
174 244 -9
174 244 -8
174 244 -7
174 244 -6
174 244 -5
174 244 -4
174 244 -3
174 244 -2
174 244 -1
174 245 -16
174 245 -15
174 245 -14
174 245 -13
174 245 -12
174 245 -11
174 245 -10
174 245 -9
174 245 -8
174 245 -7
174 245 -6
174 245 -5
174 245 -4
174 246 -16
174 246 -15
174 246 -14
174 246 -13
174 246 -12
174 246 -11
174 246 -10
174 246 -9
174 246 -8
174 246 -7
174 246 -6
174 246 -5
174 246 -4
174 246 -3
174 247 -16
174 247 -15
174 247 -14
174 247 -13
174 247 -12
174 247 -11
174 247 -10
174 247 -9
174 247 -8
174 247 -7
174 247 -6
174 247 -5
174 247 -4
174 248 -16
174 248 -15
174 248 -14
174 248 -13
174 248 -12
174 248 -11
174 248 -10
174 248 -9
174 248 -8
174 248 -7
174 248 -6
174 249 -15
174 249 -14
174 249 -13
174 249 -12
174 249 -11
174 249 -8
174 250 -16
174 250 -15
174 250 -14
174 250 -13
174 250 -8
174 250 -7
174 251 -16
174 251 -14
174 251 -7
175 236 -4
175 236 -2
175 237 -5
175 237 -4
175 237 -3
175 238 -5
175 238 -4
175 238 -3
175 238 -1
175 239 -16
175 239 -9
175 239 -8
175 239 -7
175 239 -6
175 239 -5
175 239 -4
175 239 -3
175 239 -1
175 240 -16
175 240 -10
175 240 -9
175 240 -8
175 240 -7
175 240 -6
175 240 -5
175 240 -4
175 240 -3
175 240 -2
175 240 -1
175 241 -16
175 241 -15
175 241 -14
175 241 -12
175 241 -11
175 241 -10
175 241 -9
175 241 -8
175 241 -7
175 241 -6
175 241 -5
175 241 -4
175 241 -3
175 241 -2
175 241 -1
175 242 -16
175 242 -15
175 242 -14
175 242 -13
175 242 -12
175 242 -11
175 242 -10
175 242 -9
175 242 -7
175 242 -6
175 242 -5
175 242 -4
175 242 -3
175 242 -2
175 242 -1
175 243 -16
175 243 -15
175 243 -14
175 243 -13
175 243 -12
175 243 -11
175 243 -10
175 243 -9
175 243 -8
175 243 -6
175 243 -5
175 243 -4
175 243 -3
175 243 -2
175 243 -1
175 244 -16
175 244 -15
175 244 -14
175 244 -13
175 244 -12
175 244 -11
175 244 -10
175 244 -9
175 244 -8
175 244 -7
175 244 -6
175 244 -5
175 244 -4
175 244 -3
175 244 -2
175 244 -1
175 245 -16
175 245 -15
175 245 -14
175 245 -13
175 245 -12
175 245 -11
175 245 -10
175 245 -9
175 245 -8
175 245 -7
175 245 -6
175 245 -5
175 245 -4
175 245 -3
175 245 -1
175 246 -16
175 246 -15
175 246 -14
175 246 -13
175 246 -12
175 246 -11
175 246 -10
175 246 -9
175 246 -8
175 246 -7
175 246 -6
175 246 -5
175 247 -16
175 247 -15
175 247 -14
175 247 -13
175 247 -12
175 247 -11
175 247 -10
175 247 -9
175 247 -8
175 247 -7
175 247 -6
175 247 -5
175 247 -4
175 248 -16
175 248 -15
175 248 -14
175 248 -13
175 248 -12
175 248 -11
175 248 -10
175 248 -9
175 248 -8
175 248 -7
175 248 -6
175 249 -16
175 249 -15
175 249 -14
175 249 -13
175 249 -12
175 249 -9
175 249 -8
175 249 -7
175 249 -6
175 250 -16
175 250 -15
175 250 -14
175 250 -13
175 250 -12
175 250 -9
175 250 -7
175 251 -16
175 251 -15
175 251 -14
175 251 -13
175 251 -7
175 251 -6
175 252 -16
175 252 -14

