alfheim:altWood1
12
-133 224 -155
-133 224 -154
-133 224 -153
-132 224 -155
-132 224 -154
-132 224 -153
-131 223 -154
-131 224 -155
-131 224 -154
-131 224 -153
-130 223 -154
-130 223 -153
-130 224 -155
-130 224 -154
-130 224 -153
-130 224 -152
-129 223 -154
-129 223 -153
-129 223 -152
-129 224 -155
-129 224 -154
-129 224 -153
-129 224 -152
-129 224 -151
-129 224 -150
-144 225 -146
-144 225 -145
-144 226 -146
-144 226 -145
-144 227 -146
-144 227 -145
-143 225 -146
-143 225 -145
-143 226 -146
-143 226 -145
-143 227 -156
-143 227 -145
-142 227 -156
-140 226 -155
-139 227 -156
-139 227 -155
-138 226 -154
-138 227 -154
-137 226 -155
-137 226 -154
-137 227 -156
-137 227 -155
-137 227 -154
-136 226 -153
-136 227 -154
-136 227 -153
-136 228 -156
-136 228 -154
-135 225 -154
-135 226 -155
-135 226 -154
-135 226 -153
-135 227 -153
-135 228 -154
-134 225 -154
-134 225 -153
-134 226 -156
-134 226 -155
-134 226 -154
-134 226 -153
-134 227 -155
-134 227 -154
-134 227 -153
-134 228 -155
-134 228 -154
-133 225 -156
-133 225 -155
-133 225 -154
-133 225 -153
-133 226 -156
-133 226 -155
-133 226 -154
-133 226 -153
-133 227 -156
-133 227 -155
-133 227 -154
-133 227 -153
-133 228 -156
-133 228 -155
-133 228 -154
-132 225 -156
-132 225 -155
-132 225 -154
-132 225 -153
-132 225 -152
-132 226 -156
-132 226 -155
-132 226 -154
-132 226 -153
-132 227 -155
-132 227 -154
-132 227 -153
-131 225 -156
-131 225 -155
-131 225 -154
-131 225 -153
-131 225 -152
-131 226 -155
-131 226 -154
-131 226 -153
-131 226 -152
-131 227 -154
-131 227 -153
-130 225 -155
-130 225 -154
-130 225 -153
-130 225 -152
-130 225 -151
-130 226 -155
-130 226 -154
-130 226 -153
-130 226 -152
-130 226 -151
-130 227 -154
-130 227 -153
-130 227 -152
-129 225 -155
-129 225 -154
-129 225 -153
-129 225 -152
-129 225 -151
-129 225 -150
-129 226 -155
-129 226 -154
-129 226 -153
-129 226 -152
-129 226 -151
-129 226 -150
-129 227 -154
-129 227 -153
-129 227 -152
-129 227 -151
alfheim:altLeaves
6
-144 214 -160
-144 215 -160
-144 216 -160
-144 216 -159
-144 217 -160
-144 217 -159
-144 217 -158
-144 218 -160
-144 218 -159
-144 218 -158
-144 219 -160
-144 219 -159
-144 219 -158
-144 219 -157
-144 219 -156
-144 220 -160
-144 220 -159
-144 220 -158
-144 220 -157
-144 220 -156
-144 221 -160
-144 221 -159
-144 221 -158
-144 221 -157
-144 222 -160
-144 222 -159
-144 222 -158
-144 222 -157
-144 222 -156
-144 222 -155
-144 223 -160
-144 223 -159
-144 223 -158
-144 223 -157
-144 223 -156
-144 223 -155
-144 224 -160
-144 224 -159
-144 224 -158
-144 224 -157
-144 224 -156
-144 224 -155
-143 214 -160
-143 217 -160
-143 217 -159
-143 218 -160
-143 218 -159
-143 218 -158
-143 219 -160
-143 219 -159
-143 219 -158
-143 219 -157
-143 219 -156
-143 220 -160
-143 220 -159
-143 220 -158
-143 221 -160
-143 221 -159
-143 221 -158
-143 221 -157
-143 222 -160
-143 222 -159
-143 222 -158
-143 222 -157
-143 222 -156
-143 222 -155
-143 223 -160
-143 223 -159
-143 223 -158
-143 223 -157
-143 223 -156
-143 223 -155
-143 223 -154
-143 224 -160
-143 224 -159
-143 224 -158
-143 224 -157
-143 224 -156
-143 224 -155
-143 224 -154
-143 224 -153
-142 217 -160
-142 217 -159
-142 218 -158
-142 219 -160
-142 219 -159
-142 219 -158
-142 219 -157
-142 220 -160
-142 220 -158
-142 220 -157
-142 221 -160
-142 221 -159
-142 221 -158
-142 221 -157
-142 221 -156
-142 222 -160
-142 222 -159
-142 222 -158
-142 222 -157
-142 223 -160
-142 223 -159
-142 223 -158
-142 223 -157
-142 223 -156
-142 224 -160
-142 224 -159
-142 224 -158
-142 224 -157
-142 224 -156
-142 224 -155
-142 224 -154
-141 217 -160
-141 219 -160
-141 219 -159
-141 219 -158
-141 220 -160
-141 220 -159
-141 220 -158
-141 220 -157
-141 221 -160
-141 221 -159
-141 221 -158
-141 221 -157
-141 221 -156
-141 222 -160
-141 222 -159
-141 222 -158
-141 222 -157
-141 222 -156
-141 222 -155
-141 223 -160
-141 223 -159
-141 223 -158
-141 223 -157
-141 223 -156
-141 223 -155
-141 224 -160
-141 224 -159
-141 224 -158
-141 224 -157
-141 224 -153
-141 224 -147
-140 219 -160
-140 220 -160
-140 220 -159
-140 221 -160
-140 221 -159
-140 221 -158
-140 222 -160
-140 222 -159
-140 222 -158
-140 222 -157
-140 222 -156
-140 222 -147
-140 223 -160
-140 223 -159
-140 223 -158
-140 223 -157
-140 223 -156
-140 223 -150
-140 223 -149
-140 223 -147
-140 224 -160
-140 224 -159
-140 224 -158
-140 224 -157
-140 224 -150
-140 224 -149
-140 224 -148
-140 224 -147
-140 224 -146
-140 224 -145
-139 218 -160
-139 219 -160
-139 219 -159
-139 220 -160
-139 220 -159
-139 221 -160
-139 221 -159
-139 221 -158
-139 222 -160
-139 222 -159
-139 222 -158
-139 222 -157
-139 222 -156
-139 223 -160
-139 223 -159
-139 223 -158
-139 223 -157
-139 223 -156
-139 223 -149
-139 223 -147
-139 223 -146
-139 224 -160
-139 224 -159
-139 224 -158
-139 224 -157
-139 224 -156
-139 224 -150
-139 224 -149
-139 224 -148
-139 224 -146
-139 224 -145
-138 219 -160
-138 219 -159
-138 219 -158
-138 220 -160
-138 220 -159
-138 221 -160
-138 221 -159
-138 221 -158
-138 221 -157
-138 221 -149
-138 221 -148
-138 222 -160
-138 222 -159
-138 222 -158
-138 222 -157
-138 222 -156
-138 222 -155
-138 222 -149
-138 222 -148
-138 222 -145
-138 223 -160
-138 223 -159
-138 223 -158
-138 223 -157
-138 223 -156
-138 223 -155
-138 223 -150
-138 223 -149
-138 223 -148
-138 223 -146
-138 223 -145
-138 224 -160
-138 224 -159
-138 224 -158
-138 224 -157
-138 224 -156
-138 224 -155
-138 224 -151
-138 224 -149
-138 224 -148
-138 224 -147
-138 224 -146
-138 224 -145
-137 219 -158
-137 219 -157
-137 220 -160
-137 220 -159
-137 220 -158
-137 220 -157
-137 220 -156
-137 220 -149
-137 221 -160
-137 221 -158
-137 221 -157
-137 221 -156
-137 221 -149
-137 221 -147
-137 222 -160
-137 222 -159
-137 222 -158
-137 222 -155
-137 222 -154
-137 222 -151
-137 222 -149
-137 222 -148
-137 222 -146
-137 222 -145
-137 223 -160
-137 223 -159
-137 223 -158
-137 223 -157
-137 223 -156
-137 223 -155
-137 223 -154
-137 223 -151
-137 223 -150
-137 223 -149
-137 223 -148
-137 223 -147
-137 223 -146
-137 223 -145
-137 224 -160
-137 224 -159
-137 224 -158
-137 224 -157
-137 224 -156
-137 224 -155
-137 224 -151
-137 224 -150
-137 224 -149
-137 224 -148
-137 224 -147
-137 224 -146
-137 224 -145
-136 220 -159
-136 220 -158
-136 220 -148
-136 220 -147
-136 220 -145
-136 221 -160
-136 221 -159
-136 221 -156
-136 221 -149
-136 221 -148
-136 221 -147
-136 221 -145
-136 222 -160
-136 222 -159
-136 222 -158
-136 222 -157
-136 222 -156
-136 222 -155
-136 222 -152
-136 222 -151
-136 222 -150
-136 222 -149
-136 222 -148
-136 222 -147
-136 222 -146
-136 222 -145
-136 223 -160
-136 223 -159
-136 223 -158
-136 223 -157
-136 223 -156
-136 223 -155
-136 223 -154
-136 223 -153
-136 223 -152
-136 223 -151
-136 223 -150
-136 223 -149
-136 223 -148
-136 223 -147
-136 223 -146
-136 223 -145
-136 224 -160
-136 224 -159
-136 224 -158
-136 224 -157
-136 224 -156
-136 224 -155
-136 224 -151
-136 224 -150
-136 224 -149
-136 224 -148
-136 224 -147
-136 224 -146
-136 224 -145
-135 220 -160
-135 220 -159
-135 220 -158
-135 220 -148
-135 221 -160
-135 221 -159
-135 221 -149
-135 221 -148
-135 221 -147
-135 222 -160
-135 222 -159
-135 222 -158
-135 222 -157
-135 222 -156
-135 222 -155
-135 222 -150
-135 222 -149
-135 222 -148
-135 222 -145
-135 223 -160
-135 223 -159
-135 223 -158
-135 223 -157
-135 223 -156
-135 223 -155
-135 223 -150
-135 223 -148
-135 223 -147
-135 223 -146
-135 223 -145
-135 224 -160
-135 224 -159
-135 224 -158
-135 224 -157
-135 224 -156
-135 224 -155
-135 224 -154
-135 224 -153
-135 224 -152
-135 224 -151
-135 224 -150
-135 224 -149
-135 224 -148
-135 224 -147
-135 224 -146
-135 224 -145
-134 221 -160
-134 221 -159
-134 221 -158
-134 221 -145
-134 222 -160
-134 222 -159
-134 222 -149
-134 223 -160
-134 223 -159
-134 223 -158
-134 223 -157
-134 223 -156
-134 223 -150
-134 223 -149
-134 223 -148
-134 223 -147
-134 223 -146
-134 223 -145
-134 224 -160
-134 224 -159
-134 224 -158
-134 224 -157
-134 224 -156
-134 224 -155
-134 224 -151
-134 224 -149
-134 224 -148
-134 224 -147
-134 224 -146
-134 224 -145
-133 221 -159
-133 221 -146
-133 221 -145
-133 222 -160
-133 222 -148
-133 222 -147
-133 222 -146
-133 222 -145
-133 223 -160
-133 223 -159
-133 223 -156
-133 223 -149
-133 223 -148
-133 223 -147
-133 223 -146
-133 223 -145
-133 224 -160
-133 224 -158
-133 224 -156
-133 224 -149
-133 224 -148
-133 224 -147
-133 224 -146
-133 224 -145
-132 221 -145
-132 222 -148
-132 222 -147
-132 222 -145
-132 223 -160
-132 223 -148
-132 223 -147
-132 223 -146
-132 223 -145
-132 224 -160
-132 224 -159
-132 224 -158
-132 224 -156
-132 224 -148
-132 224 -147
-132 224 -146
-132 224 -145
-131 220 -146
-131 221 -146
-131 221 -145
-131 222 -160
-131 222 -146
-131 222 -145
-131 223 -147
-131 223 -146
-131 223 -145
-131 224 -160
-131 224 -147
-131 224 -146
-131 224 -145
-130 221 -160
-130 222 -160
-130 222 -159
-130 222 -146
-130 222 -145
-130 223 -146
-130 224 -160
-130 224 -158
-130 224 -148
-130 224 -147
-130 224 -146
-130 224 -145
-129 221 -159
-129 222 -160
-129 222 -159
-129 222 -145
-129 223 -160
-129 223 -159
-129 223 -158
-129 223 -146
-129 223 -145
-129 224 -160
-129 224 -158
-129 224 -148
-129 224 -147
-129 224 -146
-129 224 -145
-144 225 -160
-144 225 -159
-144 225 -158
-144 225 -157
-144 225 -156
-144 225 -155
-144 225 -154
-144 225 -149
-144 226 -160
-144 226 -159
-144 226 -158
-144 226 -157
-144 226 -156
-144 226 -155
-144 226 -154
-144 226 -153
-144 226 -152
-144 226 -151
-144 226 -150
-144 226 -149
-144 226 -148
-144 227 -160
-144 227 -159
-144 227 -158
-144 227 -157
-144 227 -156
-144 227 -155
-144 227 -153
-144 227 -152
-144 227 -151
-144 227 -150
-144 227 -149
-144 228 -160
-144 228 -159
-144 228 -157
-144 228 -156
-144 228 -155
-144 228 -154
-144 228 -153
-144 228 -152
-144 228 -151
-144 228 -149
-144 229 -160
-144 229 -159
-144 229 -158
-144 229 -157
-144 229 -156
-144 229 -155
-144 229 -154
-144 229 -153
-144 229 -152
-144 229 -151
-144 229 -150
-144 229 -149
-144 229 -148
-144 229 -147
-144 229 -145
-144 230 -160
-144 230 -159
-144 230 -158
-144 230 -157
-144 230 -156
-144 230 -155
-144 230 -154
-144 230 -153
-144 230 -152
-144 230 -151
-144 230 -150
-144 230 -149
-144 231 -160
-144 231 -159
-144 231 -158
-144 231 -157
-144 231 -156
-144 231 -155
-144 231 -154
-144 231 -153
-144 231 -152
-144 231 -151
-144 231 -150
-144 231 -149
-144 231 -148
-144 231 -147
-144 231 -146
-144 232 -160
-144 232 -159
-144 232 -158
-144 232 -157
-144 232 -156
-144 232 -155
-144 232 -154
-144 232 -153
-144 232 -152
-144 232 -151
-144 232 -150
-144 232 -149
-144 232 -148
-144 232 -147
-144 232 -146
-144 233 -160
-144 233 -159
-144 233 -158
-144 233 -157
-144 233 -156
-144 233 -155
-144 233 -154
-144 233 -153
-144 233 -152
-144 233 -151
-144 233 -150
-144 233 -149
-144 233 -148
-144 233 -147
-144 233 -146
-144 233 -145
-144 234 -160
-144 234 -159
-144 234 -158
-144 234 -157
-144 234 -156
-144 234 -155
-144 234 -154
-144 234 -153
-144 234 -152
-144 234 -151
-144 234 -150
-144 234 -149
-144 234 -148
-144 234 -147
-144 234 -146
-144 234 -145
-144 235 -160
-144 235 -159
-144 235 -158
-144 235 -157
-144 235 -156
-144 235 -155
-144 235 -154
-144 235 -153
-144 235 -152
-144 235 -151
-144 235 -150
-144 235 -149
-144 235 -148
-144 235 -147
-144 235 -146
-144 235 -145
-144 236 -160
-144 236 -159
-144 236 -158
-144 236 -157
-144 236 -156
-144 236 -155
-144 236 -154
-144 236 -153
-144 236 -152
-144 236 -151
-144 236 -150
-144 236 -149
-144 236 -148
-144 236 -147
-144 236 -146
-144 236 -145
-144 237 -160
-144 237 -159
-144 237 -158
-144 237 -157
-144 237 -156
-144 237 -155
-144 237 -154
-144 237 -153
-144 237 -152
-144 237 -151
-144 237 -150
-144 237 -149
-144 237 -148
-144 237 -147
-144 237 -146
-144 238 -160
-144 238 -159
-144 238 -158
-144 238 -157
-144 238 -156
-144 238 -155
-144 238 -154
-144 238 -153
-144 238 -152
-144 238 -151
-144 238 -150
-144 238 -149
-144 238 -148
-144 238 -147
-144 238 -146
-144 238 -145
-144 239 -160
-144 239 -159
-144 239 -158
-144 239 -157
-144 239 -156
-144 239 -155
-144 239 -154
-144 239 -153
-144 239 -152
-144 239 -151
-144 239 -150
-144 239 -149
-144 239 -148
-144 239 -147
-144 239 -146
-144 239 -145
-144 240 -160
-144 240 -159
-144 240 -158
-144 240 -156
-144 240 -155
-144 240 -154
-144 240 -153
-144 240 -152
-144 240 -151
-144 240 -150
-144 240 -148
-144 240 -147
-144 240 -146
-144 240 -145
-144 241 -160
-144 241 -158
-144 241 -155
-144 241 -154
-144 241 -153
-144 241 -149
-144 241 -148
-144 241 -147
-144 241 -146
-144 241 -145
-144 242 -148
-144 242 -147
-144 242 -146
-144 242 -145
-144 243 -148
-144 243 -147
-144 243 -146
-144 243 -145
-144 244 -147
-143 225 -160
-143 225 -159
-143 225 -158
-143 225 -157
-143 225 -156
-143 225 -155
-143 225 -152
-143 226 -160
-143 226 -159
-143 226 -157
-143 226 -156
-143 226 -155
-143 226 -154
-143 226 -153
-143 226 -152
-143 226 -149
-143 226 -148
-143 226 -147
-143 227 -159
-143 227 -158
-143 227 -155
-143 227 -154
-143 227 -153
-143 227 -152
-143 227 -151
-143 227 -150
-143 227 -149
-143 227 -148
-143 227 -147
-143 228 -160
-143 228 -159
-143 228 -158
-143 228 -157
-143 228 -156
-143 228 -155
-143 228 -154
-143 228 -153
-143 228 -152
-143 228 -151
-143 228 -150
-143 228 -149
-143 228 -147
-143 228 -146
-143 229 -160
-143 229 -159
-143 229 -158
-143 229 -157
-143 229 -156
-143 229 -155
-143 229 -154
-143 229 -153
-143 229 -152
-143 229 -151
-143 229 -150
-143 229 -149
-143 229 -148
-143 229 -147
-143 229 -146
-143 230 -160
-143 230 -159
-143 230 -158
-143 230 -157
-143 230 -156
-143 230 -155
-143 230 -154
-143 230 -153
-143 230 -152
-143 230 -151
-143 230 -150
-143 230 -149
-143 230 -148
-143 230 -147
-143 230 -146
-143 230 -145
-143 231 -160
-143 231 -159
-143 231 -158
-143 231 -157
-143 231 -156
-143 231 -155
-143 231 -154
-143 231 -153
-143 231 -152
-143 231 -151
-143 231 -150
-143 231 -149
-143 231 -148
-143 231 -147
-143 231 -146
-143 231 -145
-143 232 -160
-143 232 -159
-143 232 -158
-143 232 -157
-143 232 -156
-143 232 -155
-143 232 -154
-143 232 -153
-143 232 -152
-143 232 -151
-143 232 -150
-143 232 -149
-143 232 -148
-143 232 -147
-143 232 -146
-143 233 -160
-143 233 -159
-143 233 -158
-143 233 -157
-143 233 -156
-143 233 -155
-143 233 -154
-143 233 -153
-143 233 -152
-143 233 -151
-143 233 -150
-143 233 -149
-143 233 -148
-143 233 -147
-143 233 -146
-143 233 -145
-143 234 -160
-143 234 -159
-143 234 -158
-143 234 -157
-143 234 -156
-143 234 -155
-143 234 -154
-143 234 -153
-143 234 -152
-143 234 -151
-143 234 -150
-143 234 -148
-143 234 -147
-143 234 -146
-143 234 -145
-143 235 -160
-143 235 -159
-143 235 -158
-143 235 -157
-143 235 -156
-143 235 -155
-143 235 -154
-143 235 -153
-143 235 -152
-143 235 -151
-143 235 -150
-143 235 -149
-143 235 -148
-143 235 -147
-143 235 -146
-143 235 -145
-143 236 -160
-143 236 -159
-143 236 -158
-143 236 -157
-143 236 -156
-143 236 -155
-143 236 -154
-143 236 -153
-143 236 -152
-143 236 -151
-143 236 -150
-143 236 -149
-143 236 -148
-143 236 -147
-143 236 -146
-143 236 -145
-143 237 -160
-143 237 -159
-143 237 -158
-143 237 -157
-143 237 -156
-143 237 -155
-143 237 -154
-143 237 -153
-143 237 -152
-143 237 -151
-143 237 -150
-143 237 -149
-143 237 -148
-143 237 -147
-143 237 -146
-143 237 -145
-143 238 -160
-143 238 -159
-143 238 -158
-143 238 -157
-143 238 -156
-143 238 -155
-143 238 -154
-143 238 -153
-143 238 -152
-143 238 -151
-143 238 -150
-143 238 -149
-143 238 -148
-143 238 -147
-143 238 -146
-143 238 -145
-143 239 -160
-143 239 -159
-143 239 -158
-143 239 -157
-143 239 -156
-143 239 -155
-143 239 -154
-143 239 -153
-143 239 -152
-143 239 -150
-143 239 -149
-143 239 -148
-143 239 -147
-143 239 -146
-143 239 -145
-143 240 -160
-143 240 -159
-143 240 -158
-143 240 -155
-143 240 -154
-143 240 -153
-143 240 -151
-143 240 -150
-143 240 -149
-143 240 -148
-143 240 -147
-143 240 -146
-143 240 -145
-143 241 -160
-143 241 -159
-143 241 -158
-143 241 -153
-143 241 -152
-143 241 -149
-143 241 -148
-143 241 -147
-143 241 -146
-143 241 -145
-143 242 -160
-143 242 -153
-143 242 -149
-143 242 -147
-143 242 -146
-143 242 -145
-143 243 -148
-143 243 -147
-142 225 -160
-142 225 -159
-142 225 -158
-142 225 -157
-142 225 -155
-142 225 -154
-142 225 -151
-142 225 -149
-142 226 -160
-142 226 -159
-142 226 -158
-142 226 -157
-142 226 -156
-142 226 -155
-142 226 -154
-142 226 -153
-142 226 -152
-142 226 -151
-142 226 -150
-142 226 -149
-142 226 -148
-142 226 -147
-142 226 -146
-142 227 -160
-142 227 -159
-142 227 -155
-142 227 -154
-142 227 -153
-142 227 -152
-142 227 -151
-142 227 -150
-142 227 -149
-142 227 -148
-142 227 -147
-142 227 -146
-142 227 -145
-142 228 -160
-142 228 -159
-142 228 -158
-142 228 -157
-142 228 -156
-142 228 -155
-142 228 -154
-142 228 -153
-142 228 -152
-142 228 -151
-142 228 -150
-142 228 -149
-142 228 -148
-142 228 -147
-142 228 -146
-142 228 -145
-142 229 -160
-142 229 -158
-142 229 -157
-142 229 -156
-142 229 -155
-142 229 -154
-142 229 -153
-142 229 -152
-142 229 -151
-142 229 -150
-142 229 -149
-142 229 -148
-142 229 -147
-142 229 -146
-142 229 -145
-142 230 -160
-142 230 -159
-142 230 -158
-142 230 -157
-142 230 -156
-142 230 -155
-142 230 -154
-142 230 -153
-142 230 -152
-142 230 -151
-142 230 -150
-142 230 -149
-142 230 -148
-142 230 -147
-142 230 -146
-142 230 -145
-142 231 -160
-142 231 -159
-142 231 -158
-142 231 -157
-142 231 -156
-142 231 -155
-142 231 -154
-142 231 -153
-142 231 -152
-142 231 -151
-142 231 -150
-142 231 -149
-142 231 -148
-142 231 -147
-142 231 -146
-142 232 -160
-142 232 -159
-142 232 -158
-142 232 -157
-142 232 -156
-142 232 -155
-142 232 -154
-142 232 -153
-142 232 -152
-142 232 -151
-142 232 -150
-142 232 -149
-142 232 -148
-142 232 -147
-142 232 -146
-142 232 -145
-142 233 -160
-142 233 -159
-142 233 -158
-142 233 -157
-142 233 -156
-142 233 -155
-142 233 -154
-142 233 -153
-142 233 -152
-142 233 -151
-142 233 -150
-142 233 -149
-142 233 -148
-142 233 -147
-142 233 -146
-142 233 -145
-142 234 -160
-142 234 -159
-142 234 -158
-142 234 -157
-142 234 -156
-142 234 -155
-142 234 -154
-142 234 -153
-142 234 -152
-142 234 -151
-142 234 -150
-142 234 -149
-142 234 -148
-142 234 -147
-142 234 -146
-142 234 -145
-142 235 -160
-142 235 -159
-142 235 -158
-142 235 -157
-142 235 -156
-142 235 -155
-142 235 -154
-142 235 -153
-142 235 -152
-142 235 -151
-142 235 -150
-142 235 -149
-142 235 -148
-142 235 -147
-142 235 -146
-142 235 -145
-142 236 -160
-142 236 -159
-142 236 -158
-142 236 -157
-142 236 -156
-142 236 -155
-142 236 -154
-142 236 -153
-142 236 -152
-142 236 -151
-142 236 -150
-142 236 -149
-142 236 -148
-142 236 -147
-142 236 -146
-142 236 -145
-142 237 -160
-142 237 -159
-142 237 -158
-142 237 -157
-142 237 -156
-142 237 -155
-142 237 -154
-142 237 -153
-142 237 -152
-142 237 -151
-142 237 -150
-142 237 -149
-142 237 -148
-142 237 -147
-142 237 -146
-142 237 -145
-142 238 -160
-142 238 -159
-142 238 -158
-142 238 -157
-142 238 -156
-142 238 -155
-142 238 -154
-142 238 -153
-142 238 -152
-142 238 -151
-142 238 -150
-142 238 -149
-142 238 -148
-142 238 -147
-142 238 -146
-142 238 -145
-142 239 -160
-142 239 -159
-142 239 -158
-142 239 -157
-142 239 -156
-142 239 -155
-142 239 -154
-142 239 -153
-142 239 -152
-142 239 -151
-142 239 -150
-142 239 -149
-142 239 -148
-142 239 -147
-142 239 -146
-142 239 -145
-142 240 -160
-142 240 -159
-142 240 -158
-142 240 -156
-142 240 -155
-142 240 -154
-142 240 -153
-142 240 -152
-142 240 -151
-142 240 -150
-142 240 -149
-142 240 -148
-142 240 -147
-142 240 -146
-142 240 -145
-142 241 -156
-142 241 -155
-142 241 -153
-142 241 -151
-142 241 -150
-142 241 -149
-142 241 -148
-142 241 -147
-142 241 -146
-142 241 -145
-142 242 -153
-142 242 -150
-142 242 -149
-142 242 -148
-142 242 -147
-142 242 -146
-142 243 -148
-142 243 -147
-141 225 -160
-141 225 -159
-141 225 -158
-141 225 -157
-141 225 -156
-141 225 -155
-141 225 -154
-141 225 -153
-141 225 -152
-141 225 -150
-141 225 -149
-141 225 -148
-141 226 -160
-141 226 -159
-141 226 -158
-141 226 -157
-141 226 -156
-141 226 -155
-141 226 -154
-141 226 -153
-141 226 -152
-141 226 -151
-141 226 -149
-141 226 -148
-141 226 -147
-141 226 -146
-141 226 -145
-141 227 -160
-141 227 -159
-141 227 -156
-141 227 -155
-141 227 -154
-141 227 -153
-141 227 -152
-141 227 -151
-141 227 -150
-141 227 -149
-141 227 -148
-141 227 -147
-141 227 -146
-141 227 -145
-141 228 -160
-141 228 -159
-141 228 -158
-141 228 -156
-141 228 -155
-141 228 -154
-141 228 -153
-141 228 -152
-141 228 -151
-141 228 -150
-141 228 -149
-141 228 -148
-141 228 -147
-141 228 -146
-141 228 -145
-141 229 -160
-141 229 -159
-141 229 -158
-141 229 -157
-141 229 -156
-141 229 -155
-141 229 -154
-141 229 -153
-141 229 -152
-141 229 -151
-141 229 -150
-141 229 -149
-141 229 -148
-141 229 -147
-141 229 -146
-141 230 -160
-141 230 -159
-141 230 -158
-141 230 -157
-141 230 -156
-141 230 -155
-141 230 -154
-141 230 -153
-141 230 -152
-141 230 -151
-141 230 -150
-141 230 -149
-141 230 -148
-141 230 -147
-141 230 -146
-141 230 -145
-141 231 -160
-141 231 -157
-141 231 -155
-141 231 -154
-141 231 -153
-141 231 -152
-141 231 -151
-141 231 -150
-141 231 -149
-141 231 -148
-141 231 -147
-141 231 -146
-141 231 -145
-141 232 -160
-141 232 -159
-141 232 -158
-141 232 -157
-141 232 -156
-141 232 -155
-141 232 -154
-141 232 -153
-141 232 -152
-141 232 -151
-141 232 -150
-141 232 -149
-141 232 -148
-141 232 -147
-141 232 -146
-141 232 -145
-141 233 -160
-141 233 -159
-141 233 -158
-141 233 -157
-141 233 -156
-141 233 -155
-141 233 -154
-141 233 -153
-141 233 -152
-141 233 -151
-141 233 -150
-141 233 -149
-141 233 -148
-141 233 -147
-141 233 -146
-141 233 -145
-141 234 -160
-141 234 -159
-141 234 -158
-141 234 -157
-141 234 -156
-141 234 -155
-141 234 -154
-141 234 -153
-141 234 -152
-141 234 -151
-141 234 -150
-141 234 -149
-141 234 -148
-141 234 -147
-141 234 -146
-141 234 -145
-141 235 -160
-141 235 -159
-141 235 -158
-141 235 -157
-141 235 -156
-141 235 -155
-141 235 -154
-141 235 -153
-141 235 -152
-141 235 -151
-141 235 -150
-141 235 -149
-141 235 -148
-141 235 -147
-141 235 -146
-141 235 -145
-141 236 -160
-141 236 -159
-141 236 -158
-141 236 -157
-141 236 -156
-141 236 -155
-141 236 -154
-141 236 -153
-141 236 -152
-141 236 -151
-141 236 -150
-141 236 -149
-141 236 -148
-141 236 -147
-141 236 -146
-141 236 -145
-141 237 -160
-141 237 -159
-141 237 -158
-141 237 -157
-141 237 -156
-141 237 -155
-141 237 -154
-141 237 -153
-141 237 -152
-141 237 -151
-141 237 -150
-141 237 -149
-141 237 -148
-141 237 -147
-141 237 -146
-141 237 -145
-141 238 -160
-141 238 -159
-141 238 -158
-141 238 -157
-141 238 -156
-141 238 -155
-141 238 -154
-141 238 -153
-141 238 -152
-141 238 -151
-141 238 -150
-141 238 -149
-141 238 -148
-141 238 -147
-141 238 -146
-141 238 -145
-141 239 -160
-141 239 -159
-141 239 -158
-141 239 -157
-141 239 -155
-141 239 -154
-141 239 -153
-141 239 -152
-141 239 -151
-141 239 -150
-141 239 -149
-141 239 -148
-141 239 -147
-141 239 -146
-141 239 -145
-141 240 -159
-141 240 -158
-141 240 -157
-141 240 -156
-141 240 -155
-141 240 -154
-141 240 -153
-141 240 -152
-141 240 -151
-141 240 -150
-141 240 -149
-141 240 -148
-141 240 -147
-141 240 -145
-141 241 -159
-141 241 -158
-141 241 -155
-141 241 -153
-141 241 -152
-141 241 -151
-141 241 -150
-141 241 -149
-141 241 -148
-141 241 -147
-141 241 -146
-141 241 -145
-141 242 -150
-141 242 -149
-141 242 -147
-141 242 -146
-141 242 -145
-141 243 -150
-140 225 -160
-140 225 -159
-140 225 -158
-140 225 -157
-140 225 -153
-140 225 -150
-140 225 -149
-140 225 -148
-140 225 -147
-140 225 -145
-140 226 -160
-140 226 -159
-140 226 -158
-140 226 -157
-140 226 -156
-140 226 -154
-140 226 -153
-140 226 -152
-140 226 -151
-140 226 -150
-140 226 -149
-140 226 -148
-140 226 -147
-140 226 -146
-140 226 -145
-140 227 -160
-140 227 -159
-140 227 -157
-140 227 -156
-140 227 -155
-140 227 -154
-140 227 -153
-140 227 -152
-140 227 -151
-140 227 -150
-140 227 -149
-140 227 -148
-140 227 -147
-140 227 -146
-140 227 -145
-140 228 -160
-140 228 -159
-140 228 -158
-140 228 -157
-140 228 -156
-140 228 -155
-140 228 -154
-140 228 -153
-140 228 -152
-140 228 -151
-140 228 -150
-140 228 -149
-140 228 -148
-140 228 -147
-140 228 -146
-140 228 -145
-140 229 -160
-140 229 -159
-140 229 -158
-140 229 -157
-140 229 -156
-140 229 -155
-140 229 -154
-140 229 -153
-140 229 -152
-140 229 -151
-140 229 -150
-140 229 -149
-140 229 -148
-140 229 -147
-140 229 -146
-140 229 -145
-140 230 -160
-140 230 -157
-140 230 -155
-140 230 -154
-140 230 -153
-140 230 -152
-140 230 -151
-140 230 -150
-140 230 -149
-140 230 -148
-140 230 -147
-140 230 -146
-140 230 -145
-140 231 -160
-140 231 -158
-140 231 -157
-140 231 -156
-140 231 -155
-140 231 -154
-140 231 -153
-140 231 -152
-140 231 -151
-140 231 -150
-140 231 -149
-140 231 -148
-140 231 -147
-140 231 -146
-140 231 -145
-140 232 -160
-140 232 -159
-140 232 -158
-140 232 -157
-140 232 -156
-140 232 -155
-140 232 -154
-140 232 -153
-140 232 -152
-140 232 -151
-140 232 -150
-140 232 -149
-140 232 -148
-140 232 -147
-140 232 -146
-140 232 -145
-140 233 -159
-140 233 -158
-140 233 -157
-140 233 -156
-140 233 -155
-140 233 -154
-140 233 -153
-140 233 -152
-140 233 -151
-140 233 -150
-140 233 -149
-140 233 -148
-140 233 -147
-140 233 -146
-140 233 -145
-140 234 -160
-140 234 -159
-140 234 -158
-140 234 -157
-140 234 -156
-140 234 -155
-140 234 -154
-140 234 -153
-140 234 -152
-140 234 -151
-140 234 -150
-140 234 -149
-140 234 -148
-140 234 -147
-140 234 -146
-140 234 -145
-140 235 -160
-140 235 -159
-140 235 -158
-140 235 -157
-140 235 -156
-140 235 -155
-140 235 -154
-140 235 -153
-140 235 -152
-140 235 -151
-140 235 -150
-140 235 -149
-140 235 -148
-140 235 -147
-140 235 -146
-140 235 -145
-140 236 -160
-140 236 -159
-140 236 -158
-140 236 -157
-140 236 -156
-140 236 -155
-140 236 -154
-140 236 -153
-140 236 -152
-140 236 -151
-140 236 -150
-140 236 -149
-140 236 -148
-140 236 -147
-140 236 -146
-140 236 -145
-140 237 -160
-140 237 -159
-140 237 -158
-140 237 -157
-140 237 -156
-140 237 -155
-140 237 -154
-140 237 -153
-140 237 -152
-140 237 -151
-140 237 -150
-140 237 -149
-140 237 -148
-140 237 -147
-140 237 -146
-140 237 -145
-140 238 -160
-140 238 -159
-140 238 -158
-140 238 -157
-140 238 -156
-140 238 -155
-140 238 -154
-140 238 -153
-140 238 -152
-140 238 -151
-140 238 -150
-140 238 -149
-140 238 -148
-140 238 -147
-140 238 -146
-140 238 -145
-140 239 -160
-140 239 -159
-140 239 -158
-140 239 -157
-140 239 -156
-140 239 -155
-140 239 -154
-140 239 -153
-140 239 -152
-140 239 -151
-140 239 -150
-140 239 -149
-140 239 -148
-140 239 -147
-140 239 -146
-140 239 -145
-140 240 -160
-140 240 -159
-140 240 -158
-140 240 -154
-140 240 -153
-140 240 -152
-140 240 -151
-140 240 -150
-140 240 -149
-140 240 -148
-140 240 -147
-140 240 -146
-140 240 -145
-140 241 -160
-140 241 -159
-140 241 -153
-140 241 -152
-140 241 -151
-140 241 -150
-140 241 -149
-140 241 -148
-140 241 -147
-140 241 -146
-140 241 -145
-140 242 -152
-140 242 -151
-140 242 -150
-140 242 -149
-140 242 -148
-140 242 -145
-140 243 -150
-140 243 -149
-140 244 -150
-139 225 -160
-139 225 -159
-139 225 -158
-139 225 -157
-139 225 -151
-139 225 -150
-139 225 -149
-139 225 -148
-139 225 -147
-139 225 -146
-139 225 -145
-139 226 -160
-139 226 -159
-139 226 -158
-139 226 -157
-139 226 -156
-139 226 -155
-139 226 -154
-139 226 -153
-139 226 -152
-139 226 -151
-139 226 -150
-139 226 -149
-139 226 -148
-139 226 -147
-139 226 -146
-139 226 -145
-139 227 -160
-139 227 -159
-139 227 -158
-139 227 -157
-139 227 -154
-139 227 -153
-139 227 -152
-139 227 -151
-139 227 -150
-139 227 -148
-139 227 -147
-139 227 -146
-139 227 -145
-139 228 -160
-139 228 -159
-139 228 -158
-139 228 -157
-139 228 -156
-139 228 -155
-139 228 -154
-139 228 -153
-139 228 -152
-139 228 -151
-139 228 -150
-139 228 -149
-139 228 -148
-139 228 -147
-139 228 -146
-139 228 -145
-139 229 -160
-139 229 -159
-139 229 -158
-139 229 -157
-139 229 -156
-139 229 -155
-139 229 -154
-139 229 -153
-139 229 -152
-139 229 -151
-139 229 -150
-139 229 -149
-139 229 -148
-139 229 -147
-139 229 -146
-139 229 -145
-139 230 -160
-139 230 -159
-139 230 -158
-139 230 -157
-139 230 -156
-139 230 -155
-139 230 -154
-139 230 -153
-139 230 -152
-139 230 -151
-139 230 -150
-139 230 -149
-139 230 -148
-139 230 -147
-139 230 -146
-139 230 -145
-139 231 -160
-139 231 -159
-139 231 -158
-139 231 -157
-139 231 -156
-139 231 -155
-139 231 -154
-139 231 -153
-139 231 -152
-139 231 -151
-139 231 -150
-139 231 -149
-139 231 -148
-139 231 -147
-139 231 -146
-139 231 -145
-139 232 -160
-139 232 -159
-139 232 -158
-139 232 -157
-139 232 -156
-139 232 -155
-139 232 -154
-139 232 -153
-139 232 -152
-139 232 -151
-139 232 -150
-139 232 -149
-139 232 -148
-139 232 -147
-139 232 -146
-139 232 -145
-139 233 -160
-139 233 -159
-139 233 -158
-139 233 -157
-139 233 -156
-139 233 -155
-139 233 -154
-139 233 -153
-139 233 -152
-139 233 -151
-139 233 -150
-139 233 -149
-139 233 -148
-139 233 -147
-139 233 -146
-139 233 -145
-139 234 -160
-139 234 -159
-139 234 -158
-139 234 -157
-139 234 -156
-139 234 -155
-139 234 -154
-139 234 -153
-139 234 -152
-139 234 -151
-139 234 -150
-139 234 -149
-139 234 -148
-139 234 -147
-139 234 -146
-139 234 -145
-139 235 -160
-139 235 -159
-139 235 -158
-139 235 -157
-139 235 -156
-139 235 -155
-139 235 -154
-139 235 -153
-139 235 -152
-139 235 -151
-139 235 -150
-139 235 -149
-139 235 -148
-139 235 -147
-139 235 -146
-139 235 -145
-139 236 -160
-139 236 -159
-139 236 -158
-139 236 -157
-139 236 -156
-139 236 -155
-139 236 -154
-139 236 -153
-139 236 -152
-139 236 -151
-139 236 -150
-139 236 -149
-139 236 -148
-139 236 -147
-139 236 -146
-139 236 -145
-139 237 -160
-139 237 -159
-139 237 -158
-139 237 -157
-139 237 -156
-139 237 -155
-139 237 -154
-139 237 -153
-139 237 -152
-139 237 -151
-139 237 -150
-139 237 -149
-139 237 -148
-139 237 -147
-139 237 -146
-139 237 -145
-139 238 -160
-139 238 -159
-139 238 -158
-139 238 -157
-139 238 -156
-139 238 -155
-139 238 -154
-139 238 -153
-139 238 -152
-139 238 -151
-139 238 -150
-139 238 -149
-139 238 -148
-139 238 -147
-139 238 -146
-139 238 -145
-139 239 -160
-139 239 -159
-139 239 -158
-139 239 -157
-139 239 -156
-139 239 -155
-139 239 -154
-139 239 -153
-139 239 -152
-139 239 -151
-139 239 -150
-139 239 -149
-139 239 -148
-139 239 -147
-139 239 -146
-139 239 -145
-139 240 -160
-139 240 -158
-139 240 -157
-139 240 -156
-139 240 -155
-139 240 -154
-139 240 -153
-139 240 -152
-139 240 -151
-139 240 -150
-139 240 -149
-139 240 -148
-139 240 -147
-139 240 -146
-139 240 -145
-139 241 -160
-139 241 -158
-139 241 -155
-139 241 -153
-139 241 -152
-139 241 -151
-139 241 -150
-139 241 -149
-139 241 -148
-139 241 -147
-139 241 -146
-139 241 -145
-139 242 -160
-139 242 -152
-139 242 -151
-139 242 -150
-139 242 -149
-139 242 -148
-139 242 -146
-139 242 -145
-139 243 -152
-139 243 -151
-139 243 -150
-139 243 -149
-139 243 -148
-138 225 -160
-138 225 -159
-138 225 -158
-138 225 -157
-138 225 -150
-138 225 -149
-138 225 -148
-138 225 -147
-138 225 -146
-138 225 -145
-138 226 -160
-138 226 -159
-138 226 -158
-138 226 -157
-138 226 -156
-138 226 -155
-138 226 -152
-138 226 -151
-138 226 -150
-138 226 -149
-138 226 -148
-138 226 -147
-138 226 -146
-138 226 -145
-138 227 -160
-138 227 -159
-138 227 -158
-138 227 -157
-138 227 -156
-138 227 -155
-138 227 -153
-138 227 -152
-138 227 -151
-138 227 -150
-138 227 -149
-138 227 -148
-138 227 -147
-138 227 -146
-138 227 -145
-138 228 -160
-138 228 -159
-138 228 -158
-138 228 -157
-138 228 -156
-138 228 -155
-138 228 -154
-138 228 -153
-138 228 -152
-138 228 -151
-138 228 -150
-138 228 -149
-138 228 -148
-138 228 -147
-138 228 -146
-138 228 -145
-138 229 -160
-138 229 -159
-138 229 -158
-138 229 -157
-138 229 -156
-138 229 -155
-138 229 -154
-138 229 -153
-138 229 -152
-138 229 -151
-138 229 -150
-138 229 -149
-138 229 -148
-138 229 -147
-138 229 -146
-138 229 -145
-138 230 -160
-138 230 -159
-138 230 -158
-138 230 -157
-138 230 -155
-138 230 -154
-138 230 -153
-138 230 -152
-138 230 -151
-138 230 -150
-138 230 -149
-138 230 -148
-138 230 -147
-138 230 -146
-138 230 -145
-138 231 -160
-138 231 -159
-138 231 -158
-138 231 -157
-138 231 -156
-138 231 -155
-138 231 -154
-138 231 -153
-138 231 -152
-138 231 -151
-138 231 -150
-138 231 -149
-138 231 -148
-138 231 -147
-138 231 -146
-138 231 -145
-138 232 -160
-138 232 -159
-138 232 -158
-138 232 -157
-138 232 -156
-138 232 -155
-138 232 -154
-138 232 -153
-138 232 -152
-138 232 -151
-138 232 -150
-138 232 -149
-138 232 -148
-138 232 -147
-138 232 -146
-138 232 -145
-138 233 -160
-138 233 -159
-138 233 -158
-138 233 -156
-138 233 -155
-138 233 -154
-138 233 -153
-138 233 -152
-138 233 -151
-138 233 -150
-138 233 -149
-138 233 -148
-138 233 -147
-138 233 -146
-138 233 -145
-138 234 -160
-138 234 -159
-138 234 -158
-138 234 -157
-138 234 -156
-138 234 -154
-138 234 -153
-138 234 -152
-138 234 -151
-138 234 -150
-138 234 -149
-138 234 -148
-138 234 -147
-138 234 -146
-138 234 -145
-138 235 -160
-138 235 -159
-138 235 -158
-138 235 -157
-138 235 -156
-138 235 -155
-138 235 -154
-138 235 -153
-138 235 -152
-138 235 -151
-138 235 -150
-138 235 -149
-138 235 -148
-138 235 -147
-138 235 -146
-138 235 -145
-138 236 -160
-138 236 -159
-138 236 -158
-138 236 -157
-138 236 -156
-138 236 -155
-138 236 -153
-138 236 -152
-138 236 -151
-138 236 -150
-138 236 -149
-138 236 -148
-138 236 -147
-138 236 -146
-138 236 -145
-138 237 -160
-138 237 -159
-138 237 -158
-138 237 -157
-138 237 -156
-138 237 -155
-138 237 -154
-138 237 -153
-138 237 -152
-138 237 -151
-138 237 -150
-138 237 -149
-138 237 -148
-138 237 -147
-138 237 -146
-138 237 -145
-138 238 -160
-138 238 -159
-138 238 -158
-138 238 -157
-138 238 -156
-138 238 -155
-138 238 -154
-138 238 -153
-138 238 -152
-138 238 -151
-138 238 -150
-138 238 -149
-138 238 -148
-138 238 -147
-138 238 -146
-138 238 -145
-138 239 -160
-138 239 -159
-138 239 -157
-138 239 -156
-138 239 -154
-138 239 -153
-138 239 -152
-138 239 -151
-138 239 -150
-138 239 -149
-138 239 -148
-138 239 -147
-138 239 -146
-138 239 -145
-138 240 -160
-138 240 -159
-138 240 -158
-138 240 -155
-138 240 -154
-138 240 -153
-138 240 -152
-138 240 -151
-138 240 -150
-138 240 -149
-138 240 -148
-138 240 -147
-138 240 -146
-138 240 -145
-138 241 -160
-138 241 -158
-138 241 -154
-138 241 -153
-138 241 -152
-138 241 -151
-138 241 -150
-138 241 -149
-138 241 -145
-138 242 -160
-138 242 -159
-138 242 -155
-138 242 -152
-138 242 -151
-138 242 -150
-138 242 -149
-138 242 -148
-138 242 -145
-138 243 -151
-138 243 -150
-138 243 -149
-138 243 -148
-138 243 -147
-138 243 -145
-138 244 -152
-138 244 -151
-138 244 -149
-138 244 -148
-137 225 -160
-137 225 -159
-137 225 -158
-137 225 -157
-137 225 -156
-137 225 -155
-137 225 -151
-137 225 -150
-137 225 -149
-137 225 -148
-137 225 -147
-137 225 -146
-137 225 -145
-137 226 -160
-137 226 -159
-137 226 -158
-137 226 -157
-137 226 -156
-137 226 -153
-137 226 -152
-137 226 -151
-137 226 -150
-137 226 -149
-137 226 -148
-137 226 -147
-137 226 -146
-137 226 -145
-137 227 -160
-137 227 -159
-137 227 -158
-137 227 -157
-137 227 -152
-137 227 -151
-137 227 -150
-137 227 -149
-137 227 -148
-137 227 -147
-137 227 -146
-137 227 -145
-137 228 -160
-137 228 -159
-137 228 -158
-137 228 -157
-137 228 -156
-137 228 -155
-137 228 -154
-137 228 -153
-137 228 -152
-137 228 -151
-137 228 -150
-137 228 -149
-137 228 -148
-137 228 -147
-137 228 -146
-137 228 -145
-137 229 -160
-137 229 -159
-137 229 -158
-137 229 -157
-137 229 -156
-137 229 -155
-137 229 -153
-137 229 -152
-137 229 -151
-137 229 -150
-137 229 -149
-137 229 -148
-137 229 -147
-137 229 -146
-137 229 -145
-137 230 -160
-137 230 -159
-137 230 -158
-137 230 -157
-137 230 -156
-137 230 -155
-137 230 -154
-137 230 -153
-137 230 -152
-137 230 -151
-137 230 -149
-137 230 -148
-137 230 -147
-137 230 -146
-137 230 -145
-137 231 -160
-137 231 -159
-137 231 -158
-137 231 -157
-137 231 -156
-137 231 -155
-137 231 -154
-137 231 -153
-137 231 -152
-137 231 -151
-137 231 -150
-137 231 -149
-137 231 -148
-137 231 -147
-137 231 -146
-137 231 -145
-137 232 -160
-137 232 -159
-137 232 -158
-137 232 -157
-137 232 -154
-137 232 -153
-137 232 -152
-137 232 -151
-137 232 -150
-137 232 -149
-137 232 -148
-137 232 -147
-137 232 -146
-137 232 -145
-137 233 -160
-137 233 -159
-137 233 -158
-137 233 -154
-137 233 -153
-137 233 -152
-137 233 -151
-137 233 -150
-137 233 -148
-137 233 -147
-137 233 -146
-137 233 -145
-137 234 -160
-137 234 -159
-137 234 -158
-137 234 -157
-137 234 -154
-137 234 -153
-137 234 -152
-137 234 -151
-137 234 -150
-137 234 -149
-137 234 -148
-137 234 -147
-137 234 -146
-137 234 -145
-137 235 -160
-137 235 -159
-137 235 -158
-137 235 -157
-137 235 -156
-137 235 -155
-137 235 -154
-137 235 -153
-137 235 -152
-137 235 -151
-137 235 -150
-137 235 -149
-137 235 -148
-137 235 -147
-137 235 -146
-137 235 -145
-137 236 -160
-137 236 -159
-137 236 -158
-137 236 -157
-137 236 -156
-137 236 -155
-137 236 -154
-137 236 -153
-137 236 -152
-137 236 -151
-137 236 -150
-137 236 -149
-137 236 -148
-137 236 -147
-137 236 -146
-137 236 -145
-137 237 -160
-137 237 -159
-137 237 -158
-137 237 -157
-137 237 -156
-137 237 -155
-137 237 -154
-137 237 -153
-137 237 -152
-137 237 -151
-137 237 -150
-137 237 -149
-137 237 -148
-137 237 -147
-137 237 -146
-137 237 -145
-137 238 -160
-137 238 -159
-137 238 -158
-137 238 -157
-137 238 -156
-137 238 -155
-137 238 -154
-137 238 -153
-137 238 -152
-137 238 -151
-137 238 -150
-137 238 -149
-137 238 -148
-137 238 -147
-137 238 -146
-137 238 -145
-137 239 -160
-137 239 -159
-137 239 -158
-137 239 -157
-137 239 -156
-137 239 -155
-137 239 -154
-137 239 -153
-137 239 -152
-137 239 -151
-137 239 -150
-137 239 -149
-137 239 -148
-137 239 -147
-137 239 -146
-137 239 -145
-137 240 -160
-137 240 -159
-137 240 -158
-137 240 -155
-137 240 -153
-137 240 -152
-137 240 -151
-137 240 -150
-137 240 -149
-137 240 -148
-137 240 -147
-137 240 -146
-137 240 -145
-137 241 -160
-137 241 -159
-137 241 -155
-137 241 -154
-137 241 -153
-137 241 -152
-137 241 -151
-137 241 -150
-137 241 -149
-137 241 -148
-137 241 -147
-137 241 -146
-137 241 -145
-137 242 -160
-137 242 -156
-137 242 -155
-137 242 -154
-137 242 -153
-137 242 -152
-137 242 -151
-137 242 -150
-137 242 -149
-137 242 -148
-137 242 -147
-137 242 -146
-137 242 -145
-137 243 -160
-137 243 -155
-137 243 -154
-137 243 -153
-137 243 -152
-137 243 -151
-137 243 -150
-137 243 -149
-137 243 -148
-137 243 -147
-137 243 -146
-137 243 -145
-137 244 -152
-137 244 -150
-137 244 -149
-137 244 -148
-137 244 -145
-137 245 -152
-137 245 -150
-137 245 -149
-137 246 -150
-136 225 -160
-136 225 -159
-136 225 -158
-136 225 -157
-136 225 -156
-136 225 -155
-136 225 -154
-136 225 -153
-136 225 -152
-136 225 -151
-136 225 -149
-136 225 -148
-136 225 -147
-136 225 -146
-136 225 -145
-136 226 -160
-136 226 -159
-136 226 -158
-136 226 -157
-136 226 -156
-136 226 -155
-136 226 -154
-136 226 -152
-136 226 -151
-136 226 -150
-136 226 -149
-136 226 -148
-136 226 -147
-136 226 -146
-136 226 -145
-136 227 -160
-136 227 -159
-136 227 -158
-136 227 -157
-136 227 -156
-136 227 -155
-136 227 -152
-136 227 -151
-136 227 -150
-136 227 -149
-136 227 -148
-136 227 -147
-136 227 -146
-136 227 -145
-136 228 -160
-136 228 -157
-136 228 -155
-136 228 -151
-136 228 -150
-136 228 -149
-136 228 -148
-136 228 -147
-136 228 -146
-136 228 -145
-136 229 -160
-136 229 -159
-136 229 -158
-136 229 -157
-136 229 -153
-136 229 -152
-136 229 -151
-136 229 -150
-136 229 -149
-136 229 -148
-136 229 -147
-136 229 -146
-136 229 -145
-136 230 -160
-136 230 -159
-136 230 -158
-136 230 -155
-136 230 -154
-136 230 -153
-136 230 -152
-136 230 -151
-136 230 -149
-136 230 -148
-136 230 -147
-136 230 -146
-136 230 -145
-136 231 -160
-136 231 -159
-136 231 -158
-136 231 -154
-136 231 -152
-136 231 -151
-136 231 -150
-136 231 -149
-136 231 -148
-136 231 -147
-136 231 -146
-136 231 -145
-136 232 -160
-136 232 -159
-136 232 -158
-136 232 -157
-136 232 -155
-136 232 -154
-136 232 -153
-136 232 -152
-136 232 -151
-136 232 -150
-136 232 -149
-136 232 -148
-136 232 -147
-136 232 -146
-136 232 -145
-136 233 -160
-136 233 -159
-136 233 -158
-136 233 -157
-136 233 -153
-136 233 -152
-136 233 -151
-136 233 -150
-136 233 -149
-136 233 -148
-136 233 -147
-136 233 -146
-136 233 -145
-136 234 -160
-136 234 -159
-136 234 -158
-136 234 -157
-136 234 -153
-136 234 -152
-136 234 -151
-136 234 -150
-136 234 -149
-136 234 -147
-136 234 -146
-136 234 -145
-136 235 -160
-136 235 -159
-136 235 -158
-136 235 -157
-136 235 -156
-136 235 -154
-136 235 -153
-136 235 -152
-136 235 -151
-136 235 -150
-136 235 -149
-136 235 -148
-136 235 -146
-136 235 -145
-136 236 -160
-136 236 -159
-136 236 -158
-136 236 -157
-136 236 -156
-136 236 -155
-136 236 -154
-136 236 -153
-136 236 -152
-136 236 -151
-136 236 -150
-136 236 -149
-136 236 -148
-136 236 -147
-136 236 -146
-136 236 -145
-136 237 -160
-136 237 -159
-136 237 -158
-136 237 -157
-136 237 -156
-136 237 -155
-136 237 -154
-136 237 -153
-136 237 -152
-136 237 -151
-136 237 -150
-136 237 -149
-136 237 -148
-136 237 -147
-136 237 -146
-136 237 -145
-136 238 -160
-136 238 -159
-136 238 -157
-136 238 -156
-136 238 -155
-136 238 -154
-136 238 -153
-136 238 -152
-136 238 -151
-136 238 -150
-136 238 -149
-136 238 -148
-136 238 -147
-136 238 -146
-136 238 -145
-136 239 -160
-136 239 -159
-136 239 -158
-136 239 -157
-136 239 -156
-136 239 -154
-136 239 -153
-136 239 -152
-136 239 -151
-136 239 -150
-136 239 -149
-136 239 -148
-136 239 -147
-136 239 -146
-136 239 -145
-136 240 -160
-136 240 -159
-136 240 -158
-136 240 -156
-136 240 -155
-136 240 -154
-136 240 -153
-136 240 -152
-136 240 -151
-136 240 -150
-136 240 -149
-136 240 -148
-136 240 -147
-136 240 -146
-136 240 -145
-136 241 -160
-136 241 -154
-136 241 -153
-136 241 -152
-136 241 -151
-136 241 -150
-136 241 -149
-136 241 -148
-136 241 -147
-136 241 -146
-136 241 -145
-136 242 -160
-136 242 -154
-136 242 -153
-136 242 -151
-136 242 -150
-136 242 -149
-136 242 -148
-136 242 -147
-136 242 -146
-136 242 -145
-136 243 -154
-136 243 -153
-136 243 -152
-136 243 -151
-136 243 -150
-136 243 -149
-136 243 -147
-136 243 -145
-136 244 -153
-136 244 -152
-136 244 -151
-136 244 -150
-136 244 -149
-136 244 -146
-136 244 -145
-136 245 -150
-136 245 -149
-136 245 -145
-135 225 -160
-135 225 -159
-135 225 -158
-135 225 -157
-135 225 -156
-135 225 -155
-135 225 -152
-135 225 -151
-135 225 -150
-135 225 -149
-135 225 -148
-135 225 -147
-135 225 -146
-135 225 -145
-135 226 -160
-135 226 -159
-135 226 -158
-135 226 -157
-135 226 -156
-135 226 -150
-135 226 -149
-135 226 -148
-135 226 -147
-135 226 -146
-135 226 -145
-135 227 -160
-135 227 -159
-135 227 -158
-135 227 -157
-135 227 -156
-135 227 -155
-135 227 -154
-135 227 -151
-135 227 -150
-135 227 -149
-135 227 -148
-135 227 -147
-135 227 -146
-135 227 -145
-135 228 -160
-135 228 -159
-135 228 -158
-135 228 -157
-135 228 -156
-135 228 -155
-135 228 -151
-135 228 -150
-135 228 -149
-135 228 -148
-135 228 -147
-135 228 -146
-135 228 -145
-135 229 -160
-135 229 -159
-135 229 -158
-135 229 -157
-135 229 -156
-135 229 -155
-135 229 -152
-135 229 -151
-135 229 -150
-135 229 -149
-135 229 -148
-135 229 -147
-135 229 -146
-135 229 -145
-135 230 -160
-135 230 -159
-135 230 -158
-135 230 -156
-135 230 -152
-135 230 -151
-135 230 -150
-135 230 -149
-135 230 -148
-135 230 -147
-135 230 -146
-135 230 -145
-135 231 -160
-135 231 -159
-135 231 -158
-135 231 -157
-135 231 -152
-135 231 -151
-135 231 -150
-135 231 -149
-135 231 -148
-135 231 -147
-135 231 -146
-135 231 -145
-135 232 -160
-135 232 -159
-135 232 -158
-135 232 -154
-135 232 -152
-135 232 -151
-135 232 -150
-135 232 -149
-135 232 -148
-135 232 -147
-135 232 -146
-135 232 -145
-135 233 -160
-135 233 -159
-135 233 -158
-135 233 -157
-135 233 -156
-135 233 -153
-135 233 -152
-135 233 -151
-135 233 -150
-135 233 -149
-135 233 -148
-135 233 -147
-135 233 -146
-135 233 -145
-135 234 -158
-135 234 -152
-135 234 -150
-135 234 -149
-135 234 -148
-135 234 -147
-135 234 -145
-135 235 -160
-135 235 -159
-135 235 -158
-135 235 -157
-135 235 -156
-135 235 -153
-135 235 -152
-135 235 -151
-135 235 -150
-135 235 -149
-135 235 -148
-135 235 -147
-135 235 -146
-135 236 -160
-135 236 -159
-135 236 -158
-135 236 -157
-135 236 -156
-135 236 -153
-135 236 -152
-135 236 -151
-135 236 -150
-135 236 -149
-135 236 -148
-135 236 -147
-135 236 -146
-135 236 -145
-135 237 -160
-135 237 -159
-135 237 -158
-135 237 -157
-135 237 -156
-135 237 -155
-135 237 -154
-135 237 -153
-135 237 -152
-135 237 -151
-135 237 -150
-135 237 -149
-135 237 -148
-135 237 -147
-135 237 -146
-135 237 -145
-135 238 -160
-135 238 -159
-135 238 -158
-135 238 -157
-135 238 -156
-135 238 -155
-135 238 -154
-135 238 -153
-135 238 -152
-135 238 -151
-135 238 -150
-135 238 -149
-135 238 -148
-135 238 -147
-135 238 -146
-135 238 -145
-135 239 -160
-135 239 -159
-135 239 -158
-135 239 -157
-135 239 -156
-135 239 -155
-135 239 -154
-135 239 -153
-135 239 -152
-135 239 -151
-135 239 -150
-135 239 -149
-135 239 -148
-135 239 -147
-135 239 -146
-135 239 -145
-135 240 -160
-135 240 -159
-135 240 -158
-135 240 -157
-135 240 -155
-135 240 -154
-135 240 -153
-135 240 -152
-135 240 -151
-135 240 -150
-135 240 -149
-135 240 -148
-135 240 -147
-135 240 -146
-135 240 -145
-135 241 -160
-135 241 -159
-135 241 -155
-135 241 -153
-135 241 -152
-135 241 -151
-135 241 -150
-135 241 -149
-135 241 -148
-135 241 -147
-135 241 -146
-135 241 -145
-135 242 -160
-135 242 -159
-135 242 -157
-135 242 -154
-135 242 -153
-135 242 -152
-135 242 -151
-135 242 -150
-135 242 -149
-135 242 -148
-135 242 -147
-135 242 -146
-135 242 -145
-135 243 -155
-135 243 -154
-135 243 -153
-135 243 -152
-135 243 -151
-135 243 -150
-135 243 -149
-135 243 -148
-135 243 -147
-135 243 -146
-135 243 -145
-135 244 -151
-135 244 -150
-135 244 -148
-135 244 -145
-135 245 -150
-134 225 -160
-134 225 -159
-134 225 -158
-134 225 -157
-134 225 -156
-134 225 -155
-134 225 -152
-134 225 -151
-134 225 -150
-134 225 -149
-134 225 -148
-134 225 -147
-134 225 -146
-134 225 -145
-134 226 -160
-134 226 -159
-134 226 -158
-134 226 -157
-134 226 -151
-134 226 -150
-134 226 -149
-134 226 -148
-134 226 -147
-134 226 -146
-134 226 -145
-134 227 -160
-134 227 -159
-134 227 -158
-134 227 -157
-134 227 -156
-134 227 -150
-134 227 -149
-134 227 -148
-134 227 -147
-134 227 -146
-134 227 -145
-134 228 -160
-134 228 -159
-134 228 -158
-134 228 -157
-134 228 -156
-134 228 -149
-134 228 -148
-134 228 -147
-134 228 -146
-134 228 -145
-134 229 -160
-134 229 -159
-134 229 -158
-134 229 -156
-134 229 -152
-134 229 -151
-134 229 -150
-134 229 -149
-134 229 -148
-134 229 -147
-134 229 -146
-134 229 -145
-134 230 -160
-134 230 -159
-134 230 -158
-134 230 -151
-134 230 -150
-134 230 -149
-134 230 -148
-134 230 -147
-134 230 -146
-134 230 -145
-134 231 -160
-134 231 -158
-134 231 -152
-134 231 -151
-134 231 -150
-134 231 -149
-134 231 -148
-134 231 -147
-134 231 -146
-134 231 -145
-134 232 -160
-134 232 -159
-134 232 -158
-134 232 -157
-134 232 -151
-134 232 -150
-134 232 -149
-134 232 -148
-134 232 -147
-134 232 -146
-134 233 -160
-134 233 -159
-134 233 -158
-134 233 -157
-134 233 -152
-134 233 -151
-134 233 -150
-134 233 -149
-134 233 -148
-134 233 -147
-134 233 -146
-134 233 -145
-134 234 -160
-134 234 -159
-134 234 -158
-134 234 -157
-134 234 -156
-134 234 -155
-134 234 -154
-134 234 -152
-134 234 -151
-134 234 -150
-134 234 -149
-134 234 -148
-134 234 -147
-134 234 -146
-134 234 -145
-134 235 -160
-134 235 -159
-134 235 -158
-134 235 -157
-134 235 -156
-134 235 -155
-134 235 -154
-134 235 -151
-134 235 -150
-134 235 -149
-134 235 -148
-134 235 -146
-134 235 -145
-134 236 -160
-134 236 -159
-134 236 -158
-134 236 -157
-134 236 -156
-134 236 -155
-134 236 -154
-134 236 -152
-134 236 -150
-134 236 -149
-134 236 -148
-134 236 -147
-134 236 -146
-134 236 -145
-134 237 -160
-134 237 -159
-134 237 -158
-134 237 -157
-134 237 -156
-134 237 -155
-134 237 -154
-134 237 -153
-134 237 -152
-134 237 -151
-134 237 -150
-134 237 -149
-134 237 -148
-134 237 -147
-134 237 -146
-134 237 -145
-134 238 -160
-134 238 -159
-134 238 -158
-134 238 -157
-134 238 -156
-134 238 -155
-134 238 -154
-134 238 -153
-134 238 -152
-134 238 -151
-134 238 -150
-134 238 -149
-134 238 -148
-134 238 -147
-134 238 -146
-134 238 -145
-134 239 -160
-134 239 -159
-134 239 -158
-134 239 -157
-134 239 -156
-134 239 -155
-134 239 -154
-134 239 -153
-134 239 -152
-134 239 -151
-134 239 -150
-134 239 -149
-134 239 -148
-134 239 -147
-134 239 -146
-134 239 -145
-134 240 -160
-134 240 -159
-134 240 -158
-134 240 -157
-134 240 -155
-134 240 -154
-134 240 -153
-134 240 -152
-134 240 -151
-134 240 -150
-134 240 -149
-134 240 -148
-134 240 -147
-134 240 -146
-134 240 -145
-134 241 -160
-134 241 -159
-134 241 -157
-134 241 -156
-134 241 -155
-134 241 -154
-134 241 -153
-134 241 -152
-134 241 -151
-134 241 -150
-134 241 -149
-134 241 -148
-134 241 -147
-134 241 -146
-134 241 -145
-134 242 -160
-134 242 -158
-134 242 -157
-134 242 -156
-134 242 -155
-134 242 -154
-134 242 -153
-134 242 -152
-134 242 -151
-134 242 -150
-134 242 -149
-134 242 -148
-134 242 -147
-134 242 -146
-134 242 -145
-134 243 -157
-134 243 -156
-134 243 -155
-134 243 -154
-134 243 -153
-134 243 -152
-134 243 -151
-134 243 -150
-134 243 -149
-134 243 -148
-134 243 -147
-134 243 -146
-134 243 -145
-134 244 -153
-134 244 -151
-134 244 -150
-134 244 -148
-134 244 -146
-134 245 -145
-134 246 -145
-133 225 -160
-133 225 -159
-133 225 -158
-133 225 -150
-133 225 -149
-133 225 -148
-133 225 -147
-133 225 -146
-133 225 -145
-133 226 -160
-133 226 -159
-133 226 -158
-133 226 -157
-133 226 -150
-133 226 -149
-133 226 -148
-133 226 -147
-133 226 -146
-133 226 -145
-133 227 -160
-133 227 -159
-133 227 -158
-133 227 -157
-133 227 -151
-133 227 -150
-133 227 -149
-133 227 -148
-133 227 -147
-133 227 -146
-133 227 -145
-133 228 -160
-133 228 -159
-133 228 -158
-133 228 -157
-133 228 -150
-133 228 -149
-133 228 -148
-133 228 -147
-133 228 -146
-133 228 -145
-133 229 -160
-133 229 -159
-133 229 -158
-133 229 -151
-133 229 -149
-133 229 -148
-133 229 -147
-133 229 -146
-133 229 -145
-133 230 -160
-133 230 -159
-133 230 -149
-133 230 -148
-133 230 -147
-133 230 -146
-133 230 -145
-133 231 -160
-133 231 -150
-133 231 -149
-133 231 -148
-133 231 -147
-133 231 -146
-133 231 -145
-133 232 -159
-133 232 -158
-133 232 -157
-133 232 -151
-133 232 -150
-133 232 -149
-133 232 -148
-133 232 -147
-133 232 -146
-133 232 -145
-133 233 -160
-133 233 -159
-133 233 -158
-133 233 -157
-133 233 -154
-133 233 -152
-133 233 -151
-133 233 -150
-133 233 -149
-133 233 -148
-133 233 -147
-133 233 -146
-133 233 -145
-133 234 -160
-133 234 -159
-133 234 -158
-133 234 -157
-133 234 -156
-133 234 -154
-133 234 -153
-133 234 -152
-133 234 -151
-133 234 -149
-133 234 -148
-133 234 -147
-133 234 -146
-133 234 -145
-133 235 -160
-133 235 -159
-133 235 -158
-133 235 -157
-133 235 -156
-133 235 -155
-133 235 -154
-133 235 -152
-133 235 -149
-133 235 -147
-133 235 -146
-133 236 -160
-133 236 -159
-133 236 -158
-133 236 -157
-133 236 -156
-133 236 -155
-133 236 -154
-133 236 -153
-133 236 -152
-133 236 -151
-133 236 -149
-133 236 -148
-133 236 -147
-133 236 -146
-133 236 -145
-133 237 -160
-133 237 -159
-133 237 -158
-133 237 -157
-133 237 -156
-133 237 -155
-133 237 -154
-133 237 -153
-133 237 -152
-133 237 -151
-133 237 -150
-133 237 -149
-133 237 -148
-133 237 -147
-133 237 -146
-133 237 -145
-133 238 -160
-133 238 -159
-133 238 -158
-133 238 -157
-133 238 -156
-133 238 -155
-133 238 -154
-133 238 -153
-133 238 -152
-133 238 -151
-133 238 -150
-133 238 -149
-133 238 -148
-133 238 -147
-133 238 -146
-133 238 -145
-133 239 -160
-133 239 -159
-133 239 -158
-133 239 -157
-133 239 -156
-133 239 -155
-133 239 -154
-133 239 -153
-133 239 -152
-133 239 -151
-133 239 -150
-133 239 -148
-133 239 -147
-133 239 -146
-133 239 -145
-133 240 -160
-133 240 -159
-133 240 -158
-133 240 -157
-133 240 -156
-133 240 -155
-133 240 -154
-133 240 -153
-133 240 -152
-133 240 -151
-133 240 -150
-133 240 -149
-133 240 -148
-133 240 -147
-133 240 -146
-133 240 -145
-133 241 -160
-133 241 -159
-133 241 -158
-133 241 -157
-133 241 -156
-133 241 -155
-133 241 -154
-133 241 -153
-133 241 -152
-133 241 -151
-133 241 -150
-133 241 -149
-133 241 -148
-133 241 -147
-133 241 -146
-133 241 -145
-133 242 -160
-133 242 -159
-133 242 -158
-133 242 -157
-133 242 -156
-133 242 -155
-133 242 -154
-133 242 -153
-133 242 -152
-133 242 -151
-133 242 -150
-133 242 -149
-133 242 -148
-133 242 -147
-133 242 -146
-133 242 -145
-133 243 -158
-133 243 -157
-133 243 -154
-133 243 -153
-133 243 -152
-133 243 -151
-133 243 -150
-133 243 -149
-133 243 -148
-133 243 -147
-133 243 -146
-133 243 -145
-133 244 -156
-133 244 -154
-133 244 -153
-133 244 -151
-133 244 -148
-133 244 -147
-133 244 -146
-133 244 -145
-133 245 -153
-133 245 -147
-133 245 -146
-133 245 -145
-133 246 -146
-133 246 -145
-133 247 -145
-132 225 -160
-132 225 -159
-132 225 -150
-132 225 -149
-132 225 -148
-132 225 -147
-132 225 -146
-132 225 -145
-132 226 -160
-132 226 -159
-132 226 -158
-132 226 -149
-132 226 -148
-132 226 -147
-132 226 -146
-132 226 -145
-132 227 -160
-132 227 -159
-132 227 -157
-132 227 -150
-132 227 -149
-132 227 -148
-132 227 -147
-132 227 -146
-132 227 -145
-132 228 -160
-132 228 -159
-132 228 -158
-132 228 -150
-132 228 -148
-132 228 -146
-132 228 -145
-132 229 -160
-132 229 -159
-132 229 -149
-132 229 -148
-132 229 -147
-132 229 -146
-132 229 -145
-132 230 -160
-132 230 -159
-132 230 -158
-132 230 -157
-132 230 -149
-132 230 -148
-132 230 -147
-132 230 -146
-132 230 -145
-132 231 -160
-132 231 -159
-132 231 -150
-132 231 -149
-132 231 -148
-132 231 -147
-132 231 -146
-132 231 -145
-132 232 -160
-132 232 -159
-132 232 -158
-132 232 -150
-132 232 -149
-132 232 -148
-132 232 -147
-132 232 -146
-132 232 -145
-132 233 -160
-132 233 -159
-132 233 -158
-132 233 -157
-132 233 -156
-132 233 -155
-132 233 -154
-132 233 -153
-132 233 -150
-132 233 -149
-132 233 -148
-132 233 -147
-132 233 -146
-132 233 -145
-132 234 -160
-132 234 -159
-132 234 -158
-132 234 -157
-132 234 -156
-132 234 -155
-132 234 -154
-132 234 -153
-132 234 -152
-132 234 -151
-132 234 -150
-132 234 -149
-132 234 -147
-132 234 -146
-132 234 -145
-132 235 -160
-132 235 -159
-132 235 -158
-132 235 -157
-132 235 -156
-132 235 -155
-132 235 -154
-132 235 -153
-132 235 -152
-132 235 -150
-132 235 -149
-132 235 -148
-132 235 -147
-132 235 -146
-132 235 -145
-132 236 -160
-132 236 -159
-132 236 -158
-132 236 -157
-132 236 -156
-132 236 -155
-132 236 -154
-132 236 -153
-132 236 -152
-132 236 -151
-132 236 -149
-132 236 -148
-132 236 -147
-132 236 -146
-132 236 -145
-132 237 -160
-132 237 -159
-132 237 -158
-132 237 -157
-132 237 -156
-132 237 -155
-132 237 -154
-132 237 -153
-132 237 -152
-132 237 -151
-132 237 -150
-132 237 -149
-132 237 -148
-132 237 -147
-132 237 -146
-132 237 -145
-132 238 -160
-132 238 -159
-132 238 -158
-132 238 -157
-132 238 -156
-132 238 -155
-132 238 -154
-132 238 -153
-132 238 -152
-132 238 -151
-132 238 -150
-132 238 -149
-132 238 -148
-132 238 -147
-132 238 -146
-132 238 -145
-132 239 -160
-132 239 -159
-132 239 -158
-132 239 -157
-132 239 -156
-132 239 -155
-132 239 -154
-132 239 -153
-132 239 -152
-132 239 -151
-132 239 -150
-132 239 -149
-132 239 -148
-132 239 -147
-132 239 -146
-132 239 -145
-132 240 -159
-132 240 -158
-132 240 -157
-132 240 -156
-132 240 -155
-132 240 -154
-132 240 -153
-132 240 -152
-132 240 -151
-132 240 -150
-132 240 -149
-132 240 -148
-132 240 -147
-132 240 -146
-132 240 -145
-132 241 -160
-132 241 -159
-132 241 -158
-132 241 -157
-132 241 -156
-132 241 -155
-132 241 -154
-132 241 -153
-132 241 -152
-132 241 -151
-132 241 -150
-132 241 -149
-132 241 -148
-132 241 -147
-132 241 -146
-132 241 -145
-132 242 -159
-132 242 -157
-132 242 -156
-132 242 -154
-132 242 -153
-132 242 -152
-132 242 -151
-132 242 -150
-132 242 -149
-132 242 -148
-132 242 -147
-132 242 -146
-132 242 -145
-132 243 -158
-132 243 -157
-132 243 -156
-132 243 -154
-132 243 -153
-132 243 -152
-132 243 -150
-132 243 -149
-132 243 -148
-132 243 -147
-132 243 -146
-132 243 -145
-132 244 -157
-132 244 -156
-132 244 -153
-132 244 -151
-132 244 -147
-132 244 -146
-132 244 -145
-132 245 -147
-132 245 -146
-132 245 -145
-132 246 -147
-132 246 -146
-132 246 -145
-131 225 -160
-131 225 -159
-131 225 -150
-131 225 -149
-131 225 -148
-131 225 -147
-131 225 -146
-131 225 -145
-131 226 -160
-131 226 -159
-131 226 -150
-131 226 -149
-131 226 -148
-131 226 -147
-131 226 -146
-131 226 -145
-131 227 -158
-131 227 -149
-131 227 -148
-131 227 -147
-131 227 -146
-131 227 -145
-131 228 -160
-131 228 -159
-131 228 -158
-131 228 -157
-131 228 -156
-131 228 -148
-131 228 -147
-131 228 -146
-131 228 -145
-131 229 -160
-131 229 -159
-131 229 -158
-131 229 -157
-131 229 -156
-131 229 -148
-131 229 -147
-131 229 -146
-131 229 -145
-131 230 -160
-131 230 -159
-131 230 -157
-131 230 -156
-131 230 -149
-131 230 -148
-131 230 -147
-131 230 -146
-131 230 -145
-131 231 -160
-131 231 -159
-131 231 -149
-131 231 -148
-131 231 -147
-131 231 -146
-131 231 -145
-131 232 -159
-131 232 -156
-131 232 -150
-131 232 -149
-131 232 -148
-131 232 -147
-131 232 -146
-131 232 -145
-131 233 -160
-131 233 -157
-131 233 -156
-131 233 -153
-131 233 -152
-131 233 -151
-131 233 -150
-131 233 -148
-131 233 -147
-131 233 -146
-131 233 -145
-131 234 -160
-131 234 -159
-131 234 -158
-131 234 -157
-131 234 -156
-131 234 -154
-131 234 -153
-131 234 -151
-131 234 -148
-131 234 -147
-131 234 -146
-131 234 -145
-131 235 -160
-131 235 -159
-131 235 -158
-131 235 -157
-131 235 -156
-131 235 -154
-131 235 -153
-131 235 -151
-131 235 -150
-131 235 -149
-131 235 -148
-131 235 -147
-131 235 -146
-131 235 -145
-131 236 -160
-131 236 -159
-131 236 -158
-131 236 -157
-131 236 -156
-131 236 -155
-131 236 -154
-131 236 -153
-131 236 -152
-131 236 -151
-131 236 -149
-131 236 -148
-131 236 -147
-131 236 -146
-131 236 -145
-131 237 -160
-131 237 -159
-131 237 -158
-131 237 -157
-131 237 -156
-131 237 -155
-131 237 -154
-131 237 -153
-131 237 -152
-131 237 -151
-131 237 -150
-131 237 -149
-131 237 -148
-131 237 -147
-131 237 -146
-131 237 -145
-131 238 -160
-131 238 -159
-131 238 -158
-131 238 -157
-131 238 -156
-131 238 -155
-131 238 -154
-131 238 -153
-131 238 -152
-131 238 -151
-131 238 -150
-131 238 -149
-131 238 -148
-131 238 -147
-131 238 -146
-131 238 -145
-131 239 -160
-131 239 -159
-131 239 -158
-131 239 -157
-131 239 -156
-131 239 -155
-131 239 -154
-131 239 -153
-131 239 -152
-131 239 -151
-131 239 -150
-131 239 -149
-131 239 -148
-131 239 -147
-131 239 -146
-131 239 -145
-131 240 -160
-131 240 -159
-131 240 -158
-131 240 -157
-131 240 -156
-131 240 -155
-131 240 -154
-131 240 -153
-131 240 -152
-131 240 -151
-131 240 -150
-131 240 -149
-131 240 -148
-131 240 -147
-131 240 -146
-131 240 -145
-131 241 -160
-131 241 -159
-131 241 -158
-131 241 -157
-131 241 -156
-131 241 -155
-131 241 -154
-131 241 -153
-131 241 -152
-131 241 -151
-131 241 -150
-131 241 -149
-131 241 -148
-131 241 -147
-131 241 -146
-131 241 -145
-131 242 -160
-131 242 -159
-131 242 -158
-131 242 -156
-131 242 -155
-131 242 -154
-131 242 -153
-131 242 -152
-131 242 -151
-131 242 -149
-131 242 -148
-131 242 -147
-131 242 -146
-131 242 -145
-131 243 -155
-131 243 -154
-131 243 -153
-131 243 -151
-131 243 -149
-131 243 -148
-131 243 -147
-131 243 -146
-131 243 -145
-131 244 -156
-131 244 -155
-131 244 -148
-131 244 -146
-131 244 -145
-131 245 -155
-131 245 -146
-131 245 -145
-131 246 -147
-131 246 -146
-131 246 -145
-131 247 -146
-131 247 -145
-130 225 -160
-130 225 -149
-130 225 -148
-130 225 -147
-130 225 -146
-130 225 -145
-130 226 -157
-130 226 -148
-130 226 -147
-130 226 -146
-130 226 -145
-130 227 -160
-130 227 -159
-130 227 -157
-130 227 -156
-130 227 -149
-130 227 -148
-130 227 -147
-130 227 -146
-130 227 -145
-130 228 -160
-130 228 -159
-130 228 -158
-130 228 -157
-130 228 -156
-130 228 -155
-130 228 -148
-130 228 -147
-130 228 -146
-130 228 -145
-130 229 -160
-130 229 -159
-130 229 -158
-130 229 -157
-130 229 -156
-130 229 -155
-130 229 -154
-130 229 -147
-130 229 -146
-130 229 -145
-130 230 -160
-130 230 -159
-130 230 -158
-130 230 -157
-130 230 -156
-130 230 -155
-130 230 -154
-130 230 -148
-130 230 -147
-130 230 -146
-130 230 -145
-130 231 -160
-130 231 -159
-130 231 -158
-130 231 -157
-130 231 -156
-130 231 -155
-130 231 -148
-130 231 -147
-130 231 -146
-130 231 -145
-130 232 -159
-130 232 -158
-130 232 -157
-130 232 -150
-130 232 -149
-130 232 -148
-130 232 -147
-130 232 -146
-130 232 -145
-130 233 -158
-130 233 -157
-130 233 -156
-130 233 -155
-130 233 -154
-130 233 -153
-130 233 -149
-130 233 -148
-130 233 -146
-130 233 -145
-130 234 -159
-130 234 -158
-130 234 -157
-130 234 -156
-130 234 -155
-130 234 -154
-130 234 -153
-130 234 -152
-130 234 -151
-130 234 -149
-130 234 -147
-130 234 -146
-130 234 -145
-130 235 -160
-130 235 -159
-130 235 -158
-130 235 -157
-130 235 -156
-130 235 -155
-130 235 -154
-130 235 -153
-130 235 -152
-130 235 -151
-130 235 -148
-130 235 -147
-130 235 -146
-130 235 -145
-130 236 -160
-130 236 -159
-130 236 -158
-130 236 -157
-130 236 -156
-130 236 -155
-130 236 -154
-130 236 -153
-130 236 -152
-130 236 -151
-130 236 -150
-130 236 -147
-130 236 -146
-130 236 -145
-130 237 -160
-130 237 -159
-130 237 -158
-130 237 -157
-130 237 -156
-130 237 -155
-130 237 -154
-130 237 -153
-130 237 -152
-130 237 -151
-130 237 -150
-130 237 -149
-130 237 -148
-130 237 -147
-130 237 -146
-130 237 -145
-130 238 -160
-130 238 -159
-130 238 -158
-130 238 -157
-130 238 -156
-130 238 -155
-130 238 -154
-130 238 -153
-130 238 -152
-130 238 -151
-130 238 -150
-130 238 -149
-130 238 -148
-130 238 -147
-130 238 -146
-130 238 -145
-130 239 -160
-130 239 -159
-130 239 -158
-130 239 -157
-130 239 -156
-130 239 -155
-130 239 -154
-130 239 -153
-130 239 -152
-130 239 -151
-130 239 -150
-130 239 -149
-130 239 -148
-130 239 -147
-130 239 -146
-130 239 -145
-130 240 -160
-130 240 -159
-130 240 -158
-130 240 -157
-130 240 -156
-130 240 -155
-130 240 -154
-130 240 -153
-130 240 -152
-130 240 -151
-130 240 -150
-130 240 -149
-130 240 -148
-130 240 -147
-130 240 -146
-130 240 -145
-130 241 -160
-130 241 -159
-130 241 -158
-130 241 -157
-130 241 -156
-130 241 -155
-130 241 -154
-130 241 -153
-130 241 -152
-130 241 -151
-130 241 -150
-130 241 -149
-130 241 -148
-130 241 -147
-130 241 -146
-130 241 -145
-130 242 -158
-130 242 -157
-130 242 -156
-130 242 -155
-130 242 -154
-130 242 -153
-130 242 -151
-130 242 -148
-130 242 -147
-130 242 -146
-130 242 -145
-130 243 -158
-130 243 -157
-130 243 -156
-130 243 -155
-130 243 -154
-130 243 -151
-130 243 -148
-130 243 -147
-130 243 -146
-130 243 -145
-130 244 -156
-130 244 -154
-130 244 -145
-130 245 -156
-130 245 -146
-130 245 -145
-129 225 -160
-129 225 -159
-129 225 -158
-129 225 -148
-129 225 -147
-129 225 -145
-129 226 -160
-129 226 -159
-129 226 -158
-129 226 -156
-129 226 -148
-129 226 -147
-129 226 -146
-129 226 -145
-129 227 -160
-129 227 -159
-129 227 -158
-129 227 -157
-129 227 -156
-129 227 -148
-129 227 -146
-129 227 -145
-129 228 -160
-129 228 -159
-129 228 -158
-129 228 -157
-129 228 -156
-129 228 -155
-129 228 -154
-129 228 -147
-129 228 -146
-129 228 -145
-129 229 -160
-129 229 -159
-129 229 -158
-129 229 -157
-129 229 -156
-129 229 -155
-129 229 -154
-129 229 -153
-129 229 -146
-129 229 -145
-129 230 -160
-129 230 -159
-129 230 -158
-129 230 -157
-129 230 -156
-129 230 -155
-129 230 -154
-129 230 -148
-129 230 -147
-129 230 -146
-129 230 -145
-129 231 -160
-129 231 -159
-129 231 -156
-129 231 -155
-129 231 -154
-129 231 -149
-129 231 -148
-129 231 -147
-129 231 -146
-129 231 -145
-129 232 -160
-129 232 -159
-129 232 -158
-129 232 -157
-129 232 -156
-129 232 -155
-129 232 -154
-129 232 -149
-129 232 -147
-129 232 -146
-129 232 -145
-129 233 -160
-129 233 -159
-129 233 -158
-129 233 -157
-129 233 -154
-129 233 -153
-129 233 -149
-129 233 -147
-129 233 -146
-129 233 -145
-129 234 -160
-129 234 -159
-129 234 -158
-129 234 -157
-129 234 -156
-129 234 -155
-129 234 -154
-129 234 -153
-129 234 -152
-129 234 -150
-129 234 -147
-129 234 -146
-129 234 -145
-129 235 -160
-129 235 -159
-129 235 -158
-129 235 -157
-129 235 -155
-129 235 -154
-129 235 -153
-129 235 -152
-129 235 -151
-129 235 -150
-129 235 -149
-129 235 -147
-129 235 -146
-129 235 -145
-129 236 -160
-129 236 -159
-129 236 -158
-129 236 -157
-129 236 -156
-129 236 -155
-129 236 -154
-129 236 -153
-129 236 -152
-129 236 -151
-129 236 -150
-129 236 -149
-129 236 -148
-129 236 -147
-129 236 -146
-129 236 -145
-129 237 -160
-129 237 -159
-129 237 -158
-129 237 -157
-129 237 -156
-129 237 -155
-129 237 -154
-129 237 -153
-129 237 -152
-129 237 -151
-129 237 -150
-129 237 -149
-129 237 -148
-129 237 -147
-129 237 -146
-129 237 -145
-129 238 -160
-129 238 -159
-129 238 -158
-129 238 -157
-129 238 -156
-129 238 -155
-129 238 -154
-129 238 -153
-129 238 -152
-129 238 -151
-129 238 -150
-129 238 -149
-129 238 -148
-129 238 -147
-129 238 -146
-129 238 -145
-129 239 -160
-129 239 -159
-129 239 -158
-129 239 -157
-129 239 -156
-129 239 -155
-129 239 -154
-129 239 -153
-129 239 -152
-129 239 -151
-129 239 -150
-129 239 -149
-129 239 -148
-129 239 -147
-129 239 -146
-129 239 -145
-129 240 -160
-129 240 -159
-129 240 -158
-129 240 -157
-129 240 -156
-129 240 -155
-129 240 -154
-129 240 -153
-129 240 -152
-129 240 -151
-129 240 -150
-129 240 -149
-129 240 -148
-129 240 -147
-129 240 -146
-129 240 -145
-129 241 -160
-129 241 -159
-129 241 -158
-129 241 -157
-129 241 -156
-129 241 -155
-129 241 -154
-129 241 -153
-129 241 -152
-129 241 -151
-129 241 -150
-129 241 -149
-129 241 -148
-129 241 -147
-129 241 -146
-129 241 -145
-129 242 -159
-129 242 -157
-129 242 -155
-129 242 -154
-129 242 -153
-129 242 -152
-129 242 -151
-129 242 -150
-129 242 -149
-129 242 -147
-129 242 -146
-129 242 -145
-129 243 -156
-129 243 -155
-129 243 -154
-129 243 -153
-129 243 -152
-129 243 -151
-129 243 -150
-129 243 -147
-129 243 -146
-129 243 -145
-129 244 -156
-129 244 -154
-129 244 -153
-129 244 -152
-129 244 -151
-129 244 -147
-129 244 -145
-129 245 -154
-129 245 -145
-129 246 -145

